jQuery112402823351815161831_1626521459839({"rc":0,"rt":17,"svr":182482250,"lt":1,"full":0,"data":{"code":"600172
market":1,"name":"黄河旋风
decimal":2,"dktotal":5362,"preKPrice":7.94,"klines":["2021-07-08,7.99,7.96,8.30,7.85,1052065,848071680.00,5.67,0.25,0.02,8.59
2021-07-09,7.90,7.98,8.14,7.78,749165,597704208.00,4.52,0.25,0.02,6.12
2021-07-12,7.88,7.39,7.95,7.18,1339125,1003041312.00,9.65,-7.39,-0.59,10.94
2021-07-13,7.49,7.17,7.50,7.06,868243,624143056.00,5.95,-2.98,-0.22,7.09
2021-07-14,7.12,7.23,7.60,7.11,1014526,743414304.00,6.83,0.84,0.06,8.29
2021-07-15,7.25,7.42,7.65,7.25,879032,652637936.00,5.53,2.63,0.19,7.18
2021-07-16,7.14,7.46,7.84,7.00,936948,697729728.00,11.32,0.54,0.04,7.65
2021-07-19,7.59,7.48,7.63,7.25,711334,531844832.00,5.09,0.27,0.02,5.81
2021-07-20,7.43,7.35,7.48,7.12,518905,377833408.00,4.81,-1.74,-0.13,4.24
2021-07-21,7.38,7.45,7.70,7.30,738209,554244176.00,5.44,1.36,0.10,6.03"]}});
