jQuery112402823351815161831_1626521459839({"rc":0,"rt":17,"svr":181669475,"lt":1,"full":0,"data":{"code":"600658
market":1,"name":"电子城
decimal":2,"dktotal":6746,"preKPrice":4.05,"klines":["2021-07-08,4.05,3.98,4.06,3.97,52135,20842765.00,2.22,-1.73,-0.07,0.47
2021-07-09,4.00,4.01,4.02,3.97,31262,12478060.00,1.26,0.75,0.03,0.28
2021-07-12,4.01,4.03,4.08,4.01,30884,12468797.00,1.75,0.50,0.02,0.28
2021-07-13,4.03,4.04,4.05,4.00,24407,9834596.00,1.24,0.25,0.01,0.22
2021-07-14,4.03,3.99,4.04,3.99,30378,12169744.00,1.24,-1.24,-0.05,0.27
2021-07-15,4.00,3.97,4.00,3.94,29939,11860038.00,1.50,-0.50,-0.02,0.27
2021-07-16,3.97,3.98,4.03,3.95,32569,12980236.00,2.02,0.25,0.01,0.29
2021-07-19,3.98,3.94,4.02,3.92,36272,14329293.00,2.51,-1.01,-0.04,0.32
2021-07-20,3.95,4.02,4.04,3.92,47822,19042170.00,3.05,2.03,0.08,0.43
2021-07-21,4.00,3.98,4.02,3.97,35126,14016401.00,1.24,-1.00,-0.04,0.31"]}});
