jQuery112402823351815161831_1626521459839({"rc":0,"rt":17,"svr":181669633,"lt":1,"full":0,"data":{"code":"600448
market":1,"name":"华纺股份
decimal":2,"dktotal":4687,"preKPrice":3.23,"klines":["2021-07-08,3.24,3.19,3.25,3.19,60708,19493317.00,1.86,-1.24,-0.04,0.96
2021-07-09,3.21,3.23,3.23,3.18,52346,16778232.00,1.57,1.25,0.04,0.83
2021-07-12,3.24,3.23,3.27,3.22,63573,20619089.00,1.55,0.00,0.00,1.01
2021-07-13,3.23,3.23,3.24,3.20,53062,17081949.00,1.24,0.00,0.00,0.84
2021-07-14,3.23,3.19,3.23,3.19,68486,21933792.00,1.24,-1.24,-0.04,1.09
2021-07-15,3.18,3.16,3.19,3.13,64463,20371697.00,1.88,-0.94,-0.03,1.02
2021-07-16,3.16,3.18,3.19,3.15,56800,18026034.00,1.27,0.63,0.02,0.90
2021-07-19,3.17,3.18,3.19,3.13,49808,15736565.00,1.89,0.00,0.00,0.79
2021-07-20,3.15,3.17,3.18,3.14,30534,9645143.00,1.26,-0.31,-0.01,0.48
2021-07-21,3.19,3.19,3.20,3.17,40243,12817253.00,0.95,0.63,0.02,0.64"]}});
