jQuery112402823351815161831_1626521459839({"rc":0,"rt":17,"svr":181734975,"lt":1,"full":0,"data":{"code":"600466
market":1,"name":"蓝光发展
decimal":2,"dktotal":4579,"preKPrice":2.82,"klines":["2021-07-08,2.82,2.79,2.85,2.77,314399,87983038.00,2.84,-1.06,-0.03,1.04
2021-07-09,2.73,2.79,2.82,2.70,324685,89853500.00,4.30,0.00,0.00,1.07
2021-07-12,2.81,2.75,2.85,2.75,362788,101082842.00,3.58,-1.43,-0.04,1.20
2021-07-13,2.72,2.75,2.78,2.70,251177,68846023.00,2.91,0.00,0.00,0.83
2021-07-14,2.75,2.68,2.75,2.68,358556,97242732.00,2.55,-2.55,-0.07,1.18
2021-07-15,2.69,2.61,2.70,2.57,499533,130743862.00,4.85,-2.61,-0.07,1.65
2021-07-16,2.59,2.65,2.71,2.58,375467,99748358.00,4.98,1.53,0.04,1.24
2021-07-19,2.66,2.60,2.66,2.58,265496,69165341.00,3.02,-1.89,-0.05,0.87
2021-07-20,2.59,2.62,2.64,2.56,266223,69068619.00,3.08,0.77,0.02,0.88
2021-07-21,2.62,2.62,2.65,2.60,195789,51373148.00,1.91,0.00,0.00,0.65"]}});
