jQuery112402823351815161831_1626521459839({"rc":0,"rt":17,"svr":181669633,"lt":1,"full":0,"data":{"code":"600616
market":1,"name":"金枫酒业
decimal":2,"dktotal":6928,"preKPrice":8.39,"klines":["2021-07-08,8.30,8.19,8.45,8.15,203502,167770747.00,3.58,-2.38,-0.20,3.04
2021-07-09,8.15,7.92,8.16,7.73,239187,188598092.00,5.25,-3.30,-0.27,3.58
2021-07-12,7.92,7.96,8.08,7.81,169338,134953569.00,3.41,0.51,0.04,2.53
2021-07-13,8.00,8.14,8.28,7.93,218246,178363759.00,4.40,2.26,0.18,3.26
2021-07-14,8.05,8.17,8.34,7.97,268385,219944501.00,4.55,0.37,0.03,4.01
2021-07-15,8.10,8.40,8.45,7.97,418461,346431232.00,5.88,2.82,0.23,6.25
2021-07-16,8.30,8.26,8.38,8.18,242965,200464036.00,2.38,-1.67,-0.14,3.63
2021-07-19,8.25,8.75,8.79,8.15,506682,433708096.00,7.75,5.93,0.49,7.57
2021-07-20,8.78,9.63,9.63,8.70,602931,566023248.00,10.63,10.06,0.88,9.01
2021-07-21,9.72,9.64,9.95,9.38,935907,901902320.00,5.92,0.10,0.01,13.99"]}});
