jQuery112402823351815161831_1626521459839({"rc":0,"rt":17,"svr":182481597,"lt":1,"full":0,"data":{"code":"600538
market":1,"name":"国发股份
decimal":2,"dktotal":4261,"preKPrice":7.12,"klines":["2021-07-08,7.07,7.17,7.29,7.01,93128,66296789.00,3.93,0.70,0.05,2.01
2021-07-09,7.16,7.08,7.21,7.04,70194,49956867.00,2.37,-1.26,-0.09,1.51
2021-07-12,7.17,7.10,7.22,7.08,54649,38957017.00,1.98,0.28,0.02,1.18
2021-07-13,7.10,7.03,7.10,7.01,37177,26166714.00,1.27,-0.99,-0.07,0.80
2021-07-14,7.09,7.04,7.09,7.02,18697,13162837.00,1.00,0.14,0.01,0.40
2021-07-15,7.05,7.03,7.06,6.98,32640,22892825.00,1.14,-0.14,-0.01,0.70
2021-07-16,7.02,7.06,7.11,6.99,46255,32662484.00,1.71,0.43,0.03,1.00
2021-07-19,7.09,7.10,7.20,7.04,25579,18172313.00,2.27,0.57,0.04,0.55
2021-07-20,7.13,7.30,7.30,7.10,111333,80314300.00,2.82,2.82,0.20,2.40
2021-07-21,7.30,7.57,7.75,7.26,144208,108003669.00,6.71,3.70,0.27,3.11"]}});
