jQuery112402823351815161831_1626521459839({"rc":0,"rt":17,"svr":182482249,"lt":1,"full":0,"data":{"code":"600321
market":1,"name":"正源股份
decimal":2,"dktotal":4724,"preKPrice":2.11,"klines":["2021-07-08,2.12,2.08,2.13,2.07,147617,30996630.00,2.84,-1.42,-0.03,0.98
2021-07-09,2.07,2.11,2.11,2.06,119634,24970016.00,2.40,1.44,0.03,0.79
2021-07-12,2.12,2.13,2.13,2.10,139690,29571292.00,1.42,0.95,0.02,0.92
2021-07-13,2.13,2.16,2.16,2.10,150091,32057120.00,2.82,1.41,0.03,0.99
2021-07-14,2.15,2.14,2.18,2.14,144530,31136965.00,1.85,-0.93,-0.02,0.96
2021-07-15,2.15,2.10,2.16,2.09,116554,24597597.00,3.27,-1.87,-0.04,0.77
2021-07-16,2.10,2.10,2.12,2.09,89040,18722505.00,1.43,0.00,0.00,0.59
2021-07-19,2.10,2.10,2.11,2.08,71102,14905468.00,1.43,0.00,0.00,0.47
2021-07-20,2.09,2.09,2.10,2.07,74828,15576173.00,1.43,-0.48,-0.01,0.50
2021-07-21,2.09,2.10,2.12,2.09,91828,19329712.00,1.44,0.48,0.01,0.61"]}});
