jQuery112402823351815161831_1626521459839({"rc":0,"rt":17,"svr":181669633,"lt":1,"full":0,"data":{"code":"600897
market":1,"name":"厦门空港
decimal":2,"dktotal":6052,"preKPrice":16.55,"klines":["2021-07-08,16.55,16.44,16.59,16.43,3572,5890640.00,0.97,-0.66,-0.11,0.12
2021-07-09,16.42,16.46,16.49,16.38,2876,4724701.00,0.67,0.12,0.02,0.10
2021-07-12,16.50,16.51,16.56,16.47,3203,5291979.00,0.55,0.30,0.05,0.11
2021-07-13,16.51,16.57,16.57,16.51,3060,5063759.00,0.36,0.36,0.06,0.10
2021-07-14,16.57,16.76,16.77,16.53,4710,7841400.00,1.45,1.15,0.19,0.16
2021-07-15,16.68,16.61,16.78,16.51,4979,8267523.00,1.61,-0.89,-0.15,0.17
2021-07-16,16.54,16.63,16.69,16.47,4917,8174098.00,1.32,0.12,0.02,0.17
2021-07-19,16.67,16.52,16.69,16.40,5238,8647872.00,1.74,-0.66,-0.11,0.18
2021-07-20,16.54,16.47,16.56,16.40,2305,3788091.00,0.97,-0.30,-0.05,0.08
2021-07-21,16.47,16.31,16.54,16.29,6087,9959362.00,1.52,-0.97,-0.16,0.20"]}});
