jQuery112402823351815161831_1626521459839({"rc":0,"rt":17,"svr":181669633,"lt":1,"full":0,"data":{"code":"002577
market":0,"name":"雷柏科技
decimal":2,"dktotal":2337,"preKPrice":11.36,"klines":["2021-07-08,11.34,11.55,11.65,11.30,27130,31168336.00,3.08,1.67,0.19,0.96
2021-07-09,11.49,11.61,11.82,11.44,28258,32884048.00,3.29,0.52,0.06,1.00
2021-07-12,11.60,11.85,11.87,11.53,37194,43607154.00,2.93,2.07,0.24,1.31
2021-07-13,11.80,11.86,11.90,11.70,26554,31320014.00,1.69,0.08,0.01,0.94
2021-07-14,11.86,11.60,11.95,11.60,25525,29901661.00,2.95,-2.19,-0.26,0.90
2021-07-15,11.66,11.49,11.88,11.36,26667,30873563.00,4.48,-0.95,-0.11,0.94
2021-07-16,11.43,11.26,11.57,11.26,25778,29361686.00,2.70,-2.00,-0.23,0.91
2021-07-19,11.17,11.07,11.30,11.01,25179,27921014.00,2.58,-1.69,-0.19,0.89
2021-07-20,11.02,11.12,11.17,10.94,14615,16200147.00,2.08,0.45,0.05,0.52
2021-07-21,11.13,11.27,11.32,11.12,19909,22329469.00,1.80,1.35,0.15,0.70"]}});
