jQuery112402823351815161831_1626521459839({"rc":0,"rt":17,"svr":181734974,"lt":1,"full":0,"data":{"code":"002656
market":0,"name":"ST摩登
decimal":2,"dktotal":1999,"preKPrice":2.73,"klines":["2021-07-08,2.87,2.87,2.87,2.87,29423,8444401.00,0.00,5.13,0.14,0.51
2021-07-09,3.01,3.01,3.01,2.75,918552,274541248.00,9.06,4.88,0.14,15.88
2021-07-12,2.88,2.86,2.96,2.86,395224,113571490.00,3.32,-4.98,-0.15,6.83
2021-07-13,2.92,2.72,3.00,2.72,959331,275974304.00,9.79,-4.90,-0.14,16.58
2021-07-14,2.58,2.86,2.86,2.58,1029270,284432272.00,10.29,5.15,0.14,17.79
2021-07-15,2.94,3.00,3.00,2.88,289676,85990237.00,4.20,4.90,0.14,5.01
2021-07-16,3.15,3.15,3.15,3.15,9719,3061560.00,0.00,5.00,0.15,0.17
2021-07-19,3.31,3.31,3.31,3.31,18879,6248968.00,0.00,5.08,0.16,0.33
2021-07-20,3.48,3.48,3.48,3.48,15019,5226438.00,0.00,5.14,0.17,0.26
2021-07-21,3.65,3.65,3.65,3.52,562266,205097791.00,3.74,4.89,0.17,9.72"]}});
