jQuery112402823351815161831_1626521459839({"rc":0,"rt":17,"svr":182481427,"lt":1,"full":0,"data":{"code":"002346
market":0,"name":"柘中股份
decimal":2,"dktotal":2596,"preKPrice":19.9,"klines":["2021-07-08,19.95,20.01,21.04,19.30,268814,537241840.00,8.74,0.55,0.11,6.81
2021-07-09,19.60,22.01,22.01,19.45,291042,624683040.00,12.79,10.00,2.00,7.37
2021-07-12,22.44,21.70,23.58,21.38,376939,846750032.00,10.00,-1.41,-0.31,9.55
2021-07-13,21.51,20.60,21.60,20.00,250622,517041280.00,7.37,-5.07,-1.10,6.35
2021-07-14,20.54,20.01,20.95,20.00,173999,355103248.00,4.61,-2.86,-0.59,4.41
2021-07-15,20.11,19.71,20.22,19.00,170052,331734208.00,6.10,-1.50,-0.30,4.31
2021-07-16,19.80,20.50,20.99,19.33,209504,424141856.00,8.42,4.01,0.79,5.31
2021-07-19,20.30,19.18,20.30,19.10,153039,298286816.00,5.85,-6.44,-1.32,3.88
2021-07-20,18.76,19.49,19.58,18.57,102587,196761572.00,5.27,1.62,0.31,2.60
2021-07-21,19.48,20.15,20.41,19.44,140293,281204080.00,4.98,3.39,0.66,3.56"]}});
