jQuery112402823351815161831_1626521459839({"rc":0,"rt":17,"svr":181669633,"lt":1,"full":0,"data":{"code":"002675
market":0,"name":"东诚药业
decimal":2,"dktotal":1846,"preKPrice":22.4,"klines":["2021-07-08,22.64,22.07,22.64,21.83,39921,88213046.00,3.62,-1.47,-0.33,0.54
2021-07-09,21.99,22.32,22.35,21.60,52432,114986616.00,3.40,1.13,0.25,0.71
2021-07-12,22.03,21.91,22.47,21.78,78124,172099115.00,3.09,-1.84,-0.41,1.06
2021-07-13,21.92,21.64,22.05,21.34,60666,131090719.00,3.24,-1.23,-0.27,0.82
2021-07-14,21.50,20.43,21.57,20.31,117415,243054471.00,5.82,-5.59,-1.21,1.59
2021-07-15,20.45,20.27,20.64,20.14,43954,89439521.00,2.45,-0.78,-0.16,0.60
2021-07-16,20.30,20.29,20.50,20.14,39509,80009985.00,1.78,0.10,0.02,0.54
2021-07-19,20.20,20.02,20.29,19.75,46391,92568827.00,2.66,-1.33,-0.27,0.63
2021-07-20,19.93,19.96,20.18,19.58,44584,88567671.00,3.00,-0.30,-0.06,0.60
2021-07-21,20.01,19.61,20.10,19.55,50689,99943999.00,2.76,-1.75,-0.35,0.69"]}});
