jQuery112402823351815161831_1626521459839({"rc":0,"rt":17,"svr":181669475,"lt":1,"full":0,"data":{"code":"600641
market":1,"name":"万业企业
decimal":2,"dktotal":6575,"preKPrice":18.38,"klines":["2021-07-08,18.31,19.19,19.31,18.12,276841,523653440.00,6.47,4.41,0.81,2.89
2021-07-09,19.00,18.91,19.27,18.55,199377,374940768.00,3.75,-1.46,-0.28,2.08
2021-07-12,18.80,19.79,20.06,18.58,287364,556421168.00,7.83,4.65,0.88,3.00
2021-07-13,19.69,19.20,20.10,19.10,188654,366331952.00,5.05,-2.98,-0.59,1.97
2021-07-14,19.01,18.70,19.36,18.50,161452,303950080.00,4.48,-2.60,-0.50,1.69
2021-07-15,18.60,18.15,18.79,17.89,170201,308605824.00,4.81,-2.94,-0.55,1.78
2021-07-16,18.86,18.52,19.22,18.50,227039,428628880.00,3.97,2.04,0.37,2.37
2021-07-19,18.10,19.58,20.10,17.90,263828,498865344.00,11.88,5.72,1.06,2.75
2021-07-20,19.30,20.60,20.62,19.29,387272,777675392.00,6.79,5.21,1.02,4.04
2021-07-21,20.50,20.90,21.77,20.27,370748,774756096.00,7.28,1.46,0.30,3.87"]}});
