jQuery112402823351815161831_1626521459839({"rc":0,"rt":17,"svr":182481599,"lt":1,"full":0,"data":{"code":"600919
market":1,"name":"江苏银行
decimal":2,"dktotal":1203,"preKPrice":7.14,"klines":["2021-07-08,7.19,6.92,7.22,6.69,2467073,1702157072.00,7.42,-3.08,-0.22,1.68
2021-07-09,6.87,6.84,6.99,6.79,905886,623774368.00,2.89,-1.16,-0.08,0.62
2021-07-12,6.90,6.64,6.93,6.53,2006438,1333539920.00,5.85,-2.92,-0.20,1.37
2021-07-13,6.65,7.01,7.04,6.56,1751055,1207468400.00,7.23,5.57,0.37,1.19
2021-07-14,6.97,6.72,6.98,6.69,1130303,768562768.00,4.14,-4.14,-0.29,0.77
2021-07-15,6.77,6.96,7.01,6.71,1093634,756162400.00,4.46,3.57,0.24,0.75
2021-07-16,6.93,6.83,6.96,6.82,590198,405998720.00,2.01,-1.87,-0.13,0.40
2021-07-19,6.96,6.96,7.03,6.79,1160349,805205440.00,3.51,1.90,0.13,0.79
2021-07-20,6.94,6.96,7.03,6.87,706778,491578880.00,2.30,0.00,0.00,0.48
2021-07-21,6.97,6.86,7.03,6.81,663416,455885984.00,3.16,-1.44,-0.10,0.45"]}});
