jQuery112402823351815161831_1626521459839({"rc":0,"rt":17,"svr":182481159,"lt":1,"full":0,"data":{"code":"002779
market":0,"name":"中坚科技
decimal":2,"dktotal":1324,"preKPrice":11.63,"klines":["2021-07-08,11.60,11.16,11.63,11.07,13988,15767174.00,4.82,-4.04,-0.47,1.18
2021-07-09,11.07,11.14,11.25,11.03,10431,11611660.00,1.97,-0.18,-0.02,0.88
2021-07-12,11.20,11.09,11.34,11.03,11496,12809917.00,2.78,-0.45,-0.05,0.97
2021-07-13,11.09,11.15,11.19,11.01,7638,8491190.00,1.62,0.54,0.06,0.64
2021-07-14,11.10,11.27,11.65,11.10,14177,16197822.00,4.93,1.08,0.12,1.20
2021-07-15,11.26,10.97,11.63,10.91,14826,16570453.00,6.39,-2.66,-0.30,1.25
2021-07-16,10.98,11.24,11.31,10.95,11470,12783105.00,3.28,2.46,0.27,0.97
2021-07-19,11.26,11.44,11.45,11.04,8430,9498099.00,3.65,1.78,0.20,0.71
2021-07-20,11.30,11.46,11.60,11.25,8145,9320402.00,3.06,0.17,0.02,0.69
2021-07-21,11.46,11.35,11.58,11.28,7357,8404018.00,2.62,-0.96,-0.11,0.62"]}});
