jQuery112402823351815161831_1626521459839({"rc":0,"rt":17,"svr":181669633,"lt":1,"full":0,"data":{"code":"002605
market":0,"name":"姚记科技
decimal":2,"dktotal":2259,"preKPrice":21.12,"klines":["2021-07-08,21.12,20.70,21.19,20.69,22652,47113691.00,2.37,-1.99,-0.42,0.70
2021-07-09,20.70,20.73,20.87,20.30,24163,49636083.00,2.75,0.14,0.03,0.75
2021-07-12,20.74,21.03,21.09,20.74,21482,44969747.00,1.69,1.45,0.30,0.66
2021-07-13,21.00,21.57,21.66,20.87,42381,90751540.00,3.76,2.57,0.54,1.31
2021-07-14,21.63,20.85,21.69,20.83,37309,78507078.00,3.99,-3.34,-0.72,1.15
2021-07-15,20.85,20.31,20.88,20.14,33760,68673784.00,3.55,-2.59,-0.54,1.04
2021-07-16,20.29,20.34,20.47,20.16,16297,33077622.00,1.53,0.15,0.03,0.50
2021-07-19,20.31,20.06,20.34,20.01,17990,36129467.00,1.62,-1.38,-0.28,0.56
2021-07-20,20.14,19.93,20.24,19.60,18654,37131622.00,3.19,-0.65,-0.13,0.58
2021-07-21,19.93,19.96,20.26,19.84,19155,38299079.00,2.11,0.15,0.03,0.59"]}});
