jQuery112402823351815161831_1626521459839({"rc":0,"rt":17,"svr":182482248,"lt":1,"full":0,"data":{"code":"002473
market":0,"name":"*ST圣莱
decimal":2,"dktotal":2185,"preKPrice":6.77,"klines":["2021-07-08,6.63,6.66,6.66,6.43,15629,10181347.00,3.40,-1.62,-0.11,0.98
2021-07-09,6.64,6.65,6.65,6.43,7069,4635466.00,3.30,-0.15,-0.01,0.44
2021-07-12,6.55,6.82,6.82,6.55,13468,9060061.00,4.06,2.56,0.17,0.84
2021-07-13,6.83,6.89,7.14,6.72,10865,7530037.00,6.16,1.03,0.07,0.68
2021-07-14,6.78,6.93,7.01,6.78,9443,6521564.00,3.34,0.58,0.04,0.59
2021-07-15,6.94,6.97,7.05,6.80,9878,6838115.00,3.61,0.58,0.04,0.62
2021-07-16,7.03,6.97,7.04,6.83,4026,2791409.00,3.01,0.00,0.00,0.25
2021-07-19,6.96,6.89,6.96,6.78,3482,2382124.00,2.58,-1.15,-0.08,0.22
2021-07-20,6.73,6.69,6.87,6.68,4032,2724369.00,2.76,-2.90,-0.20,0.25
2021-07-21,6.77,6.47,6.77,6.47,7057,4637417.00,4.48,-3.29,-0.22,0.44"]}});
