jQuery112402823351815161831_1626521459839({"rc":0,"rt":17,"svr":181734976,"lt":1,"full":0,"data":{"code":"003005
market":0,"name":"竞业达
decimal":2,"dktotal":200,"preKPrice":37.32,"klines":["2021-07-08,37.03,36.75,37.31,36.68,5724,21140294.00,1.69,-1.53,-0.57,2.16
2021-07-09,36.65,36.80,36.81,36.16,5075,18497715.00,1.77,0.14,0.05,1.92
2021-07-12,36.81,37.61,37.72,36.63,8248,30768879.00,2.96,2.20,0.81,3.11
2021-07-13,37.97,38.03,38.99,37.95,12232,46811731.00,2.77,1.12,0.42,4.62
2021-07-14,37.46,36.72,37.46,36.69,11563,42645855.00,2.02,-3.44,-1.31,4.36
2021-07-15,36.55,36.11,36.68,35.96,7167,25939595.00,1.96,-1.66,-0.61,2.70
2021-07-16,36.26,36.28,36.43,36.10,2972,10774151.00,0.91,0.47,0.17,1.12
2021-07-19,36.02,36.52,36.63,35.58,8045,29028464.00,2.89,0.66,0.24,3.04
2021-07-20,36.44,36.58,36.63,35.80,5317,19272648.00,2.27,0.16,0.06,2.01
2021-07-21,36.55,36.58,36.77,36.36,4372,15994888.00,1.12,0.00,0.00,1.65"]}});
