jQuery112402823351815161831_1626521459839({"rc":0,"rt":17,"svr":182481598,"lt":1,"full":0,"data":{"code":"600318
market":1,"name":"新力金融
decimal":2,"dktotal":4395,"preKPrice":7.39,"klines":["2021-07-08,7.41,7.31,7.49,7.26,56664,41673392.00,3.11,-1.08,-0.08,1.12
2021-07-09,7.24,7.32,7.37,7.24,49254,35992055.00,1.78,0.14,0.01,0.98
2021-07-12,7.43,7.44,7.63,7.37,103069,77164746.00,3.55,1.64,0.12,2.04
2021-07-13,7.37,7.31,7.41,7.23,74849,54676199.00,2.42,-1.75,-0.13,1.48
2021-07-14,7.31,7.20,7.35,7.12,84127,60725059.00,3.15,-1.50,-0.11,1.67
2021-07-15,7.17,7.30,7.40,7.11,88560,64490562.00,4.03,1.39,0.10,1.76
2021-07-16,7.29,7.26,7.39,7.19,87162,63271795.00,2.74,-0.55,-0.04,1.73
2021-07-19,7.20,7.21,7.30,7.12,59547,42815972.00,2.48,-0.69,-0.05,1.18
2021-07-20,7.16,7.20,7.25,7.15,37327,26832231.00,1.39,-0.14,-0.01,0.74
2021-07-21,7.18,7.29,7.44,7.18,97641,71566824.00,3.61,1.25,0.09,1.94"]}});
