jQuery112402823351815161831_1626521459839({"rc":0,"rt":17,"svr":182482250,"lt":1,"full":0,"data":{"code":"600693
market":1,"name":"东百集团
decimal":2,"dktotal":6631,"preKPrice":4.15,"klines":["2021-07-08,4.15,4.16,4.18,4.13,33411,13884430.00,1.20,0.24,0.01,0.37
2021-07-09,4.16,4.17,4.19,4.14,27780,11562376.00,1.20,0.24,0.01,0.31
2021-07-12,4.18,4.18,4.20,4.16,30119,12572053.00,0.96,0.24,0.01,0.34
2021-07-13,4.18,4.18,4.19,4.14,40944,17014960.00,1.20,0.00,0.00,0.46
2021-07-14,4.17,4.17,4.18,4.14,27900,11605682.00,0.96,-0.24,-0.01,0.31
2021-07-15,4.17,4.16,4.18,4.14,32055,13313332.00,0.96,-0.24,-0.01,0.36
2021-07-16,4.16,4.15,4.16,4.14,16650,6897657.00,0.48,-0.24,-0.01,0.19
2021-07-19,4.15,4.14,4.16,4.13,14567,6033951.00,0.72,-0.24,-0.01,0.16
2021-07-20,4.14,4.14,4.14,4.12,27136,11199686.00,0.48,0.00,0.00,0.30
2021-07-21,4.14,4.13,4.15,4.12,13471,5572766.00,0.72,-0.24,-0.01,0.15"]}});
