jQuery112402823351815161831_1626521459839({"rc":0,"rt":17,"svr":182481599,"lt":1,"full":0,"data":{"code":"002357
market":0,"name":"富临运业
decimal":2,"dktotal":2573,"preKPrice":5.34,"klines":["2021-07-08,5.30,5.26,5.39,5.24,78638,41677597.00,2.81,-1.50,-0.08,2.51
2021-07-09,5.26,5.45,5.55,5.22,99320,53814651.00,6.27,3.61,0.19,3.17
2021-07-12,5.46,5.36,5.50,5.31,63684,34271206.00,3.49,-1.65,-0.09,2.03
2021-07-13,5.39,5.36,5.45,5.30,36431,19552215.00,2.80,0.00,0.00,1.16
2021-07-14,5.38,5.37,5.49,5.34,53241,28743072.00,2.80,0.19,0.01,1.70
2021-07-15,5.36,5.37,5.38,5.21,34862,18468350.00,3.17,0.00,0.00,1.11
2021-07-16,5.37,5.26,5.40,5.24,31964,16904471.00,2.98,-2.05,-0.11,1.02
2021-07-19,5.23,5.31,5.31,5.16,29679,15527274.00,2.85,0.95,0.05,0.95
2021-07-20,5.26,5.31,5.31,5.24,15913,8401986.00,1.32,0.00,0.00,0.51
2021-07-21,5.28,5.35,5.37,5.25,24005,12821397.00,2.26,0.75,0.04,0.77"]}});
