jQuery112402823351815161831_1626521459839({"rc":0,"rt":17,"svr":181734975,"lt":1,"full":0,"data":{"code":"002755
market":0,"name":"奥赛康
decimal":2,"dktotal":1473,"preKPrice":13.21,"klines":["2021-07-08,13.21,13.04,13.25,12.97,17562,22909216.00,2.12,-1.29,-0.17,0.50
2021-07-09,12.96,12.91,13.08,12.80,15496,19983092.00,2.15,-1.00,-0.13,0.44
2021-07-12,12.95,12.93,13.01,12.86,16411,21228810.00,1.16,0.15,0.02,0.46
2021-07-13,12.94,13.08,13.19,12.84,19420,25188759.00,2.71,1.16,0.15,0.55
2021-07-14,13.56,13.42,13.83,13.35,43966,59484190.00,3.67,2.60,0.34,1.24
2021-07-15,13.33,13.30,13.37,13.06,18924,24939088.00,2.31,-0.89,-0.12,0.54
2021-07-16,13.20,13.17,13.27,13.10,14592,19237586.00,1.28,-0.98,-0.13,0.41
2021-07-19,13.17,13.03,13.17,12.98,13660,17823615.00,1.44,-1.06,-0.14,0.39
2021-07-20,12.95,13.02,13.08,12.86,14260,18483324.00,1.69,-0.08,-0.01,0.40
2021-07-21,13.01,13.05,13.10,12.93,11036,14352840.00,1.31,0.23,0.03,0.31"]}});
