jQuery112402823351815161831_1626521459839({"rc":0,"rt":17,"svr":181669475,"lt":1,"full":0,"data":{"code":"600635
market":1,"name":"大众公用
decimal":2,"dktotal":6805,"preKPrice":3.53,"klines":["2021-07-08,3.53,3.51,3.56,3.51,49018,17286271.00,1.42,-0.57,-0.02,0.20
2021-07-09,3.50,3.53,3.53,3.49,61221,21498420.00,1.14,0.57,0.02,0.25
2021-07-12,3.53,3.53,3.55,3.51,68198,24088244.00,1.13,0.00,0.00,0.28
2021-07-13,3.53,3.54,3.55,3.51,73081,25820100.00,1.13,0.28,0.01,0.30
2021-07-14,3.53,3.50,3.54,3.49,72102,25330564.00,1.41,-1.13,-0.04,0.30
2021-07-15,3.49,3.50,3.51,3.48,61225,21383486.00,0.86,0.00,0.00,0.25
2021-07-16,3.55,3.54,3.63,3.54,159411,57079805.00,2.57,1.14,0.04,0.66
2021-07-19,3.51,3.50,3.53,3.49,84951,29782841.00,1.13,-1.13,-0.04,0.35
2021-07-20,3.50,3.51,3.52,3.49,45476,15911556.00,0.86,0.29,0.01,0.19
2021-07-21,3.51,3.53,3.55,3.50,79093,27789849.00,1.42,0.57,0.02,0.33"]}});
