jQuery112402823351815161831_1626521459839({"rc":0,"rt":17,"svr":182481598,"lt":1,"full":0,"data":{"code":"600490
market":1,"name":"鹏欣资源
decimal":2,"dktotal":3838,"preKPrice":4.0,"klines":["2021-07-08,4.01,3.94,4.06,3.94,315727,125976825.00,3.00,-1.50,-0.06,1.58
2021-07-09,3.96,4.19,4.26,3.96,797843,328848416.00,7.61,6.35,0.25,4.00
2021-07-12,4.21,4.21,4.32,4.13,731872,310047200.00,4.53,0.48,0.02,3.67
2021-07-13,4.21,4.20,4.30,4.17,452748,190911517.00,3.09,-0.24,-0.01,2.27
2021-07-14,4.20,4.09,4.20,4.07,436944,180284668.00,3.10,-2.62,-0.11,2.19
2021-07-15,4.08,4.21,4.21,4.04,454169,187973449.00,4.16,2.93,0.12,2.28
2021-07-16,4.22,4.30,4.50,4.14,914043,393914368.00,8.55,2.14,0.09,4.59
2021-07-19,4.28,4.25,4.40,4.22,646847,278158848.00,4.19,-1.16,-0.05,3.25
2021-07-20,4.21,4.30,4.30,4.18,423116,179707640.00,2.82,1.18,0.05,2.12
2021-07-21,4.30,4.39,4.46,4.26,707630,310863024.00,4.65,2.09,0.09,3.55"]}});
