jQuery112402823351815161831_1626521459839({"rc":0,"rt":17,"svr":182481599,"lt":1,"full":0,"data":{"code":"600323
market":1,"name":"瀚蓝环境
decimal":2,"dktotal":4858,"preKPrice":21.12,"klines":["2021-07-08,21.10,20.52,21.30,20.50,70149,145769639.00,3.79,-2.84,-0.60,0.86
2021-07-09,20.47,21.10,21.26,20.41,64783,135121399.00,4.14,2.83,0.58,0.79
2021-07-12,21.10,21.07,21.30,20.88,52088,109545727.00,1.99,-0.14,-0.03,0.64
2021-07-13,21.10,21.21,21.26,20.75,53376,112384946.00,2.42,0.66,0.14,0.65
2021-07-14,21.49,20.96,21.57,20.92,92549,197131171.00,3.06,-1.18,-0.25,1.14
2021-07-15,21.00,20.66,21.11,20.46,64253,132525078.00,3.10,-1.43,-0.30,0.79
2021-07-16,20.66,20.53,20.96,20.50,50538,104526360.00,2.23,-0.63,-0.13,0.62
2021-07-19,20.53,20.15,20.58,19.86,79048,158943611.00,3.51,-1.85,-0.38,0.97
2021-07-20,20.00,19.93,20.13,19.85,57727,115138093.00,1.39,-1.09,-0.22,0.71
2021-07-21,20.26,21.02,21.12,20.26,102251,212166118.00,4.32,5.47,1.09,1.25"]}});
