jQuery112402823351815161831_1626521459839({"rc":0,"rt":17,"svr":182481222,"lt":1,"full":0,"data":{"code":"600692
market":1,"name":"亚通股份
decimal":2,"dktotal":6652,"preKPrice":5.98,"klines":["2021-07-08,6.04,5.93,6.04,5.91,17831,10590584.00,2.17,-0.84,-0.05,0.70
2021-07-09,5.94,5.93,5.95,5.90,18785,11129720.00,0.84,0.00,0.00,0.74
2021-07-12,5.95,5.97,5.99,5.93,18947,11287963.00,1.01,0.67,0.04,0.74
2021-07-13,5.98,5.99,6.03,5.92,19979,11958770.00,1.84,0.34,0.02,0.78
2021-07-14,5.98,5.93,6.00,5.93,13253,7900509.00,1.17,-1.00,-0.06,0.52
2021-07-15,5.95,5.83,5.95,5.77,25885,15096320.00,3.04,-1.69,-0.10,1.02
2021-07-16,5.85,5.81,5.92,5.81,18605,10875864.00,1.89,-0.34,-0.02,0.73
2021-07-19,5.81,5.86,5.87,5.75,17125,9925095.00,2.07,0.86,0.05,0.67
2021-07-20,5.86,5.82,5.86,5.76,14368,8323995.00,1.71,-0.68,-0.04,0.56
2021-07-21,5.81,5.91,5.94,5.80,19126,11219588.00,2.41,1.55,0.09,0.75"]}});
