jQuery112402823351815161831_1626521459839({"rc":0,"rt":17,"svr":181669633,"lt":1,"full":0,"data":{"code":"002559
market":0,"name":"亚威股份
decimal":2,"dktotal":2460,"preKPrice":6.89,"klines":["2021-07-08,6.90,6.87,6.99,6.84,75704,52292605.00,2.18,-0.29,-0.02,1.60
2021-07-09,6.85,6.98,7.00,6.79,77017,53440561.00,3.06,1.60,0.11,1.63
2021-07-12,6.99,6.98,7.05,6.91,70033,48833644.00,2.01,0.00,0.00,1.48
2021-07-13,7.00,7.01,7.07,6.83,78302,54527410.00,3.44,0.43,0.03,1.65
2021-07-14,6.94,7.01,7.07,6.93,64389,45095421.00,2.00,0.00,0.00,1.36
2021-07-15,6.96,6.94,7.02,6.80,76686,52892119.00,3.14,-1.00,-0.07,1.62
2021-07-16,7.03,7.12,7.19,6.92,104487,73968744.00,3.89,2.59,0.18,2.20
2021-07-19,7.08,6.86,7.14,6.85,100946,69995924.00,4.07,-3.65,-0.26,2.13
2021-07-20,6.87,6.95,7.06,6.80,69144,47934711.00,3.79,1.31,0.09,1.46
2021-07-21,6.94,6.91,7.02,6.86,80889,55976616.00,2.30,-0.58,-0.04,1.71"]}});
