jQuery112402823351815161831_1626521459839({"rc":0,"rt":17,"svr":182481222,"lt":1,"full":0,"data":{"code":"002474
market":0,"name":"榕基软件
decimal":2,"dktotal":2566,"preKPrice":6.27,"klines":["2021-07-08,6.26,6.20,6.27,6.12,88701,54907018.00,2.39,-1.12,-0.07,1.86
2021-07-09,6.18,6.30,6.32,6.14,72512,45199128.00,2.90,1.61,0.10,1.52
2021-07-12,6.34,6.56,6.60,6.34,147442,95630315.00,4.13,4.13,0.26,3.08
2021-07-13,6.66,6.63,6.79,6.58,184496,123275185.00,3.20,1.07,0.07,3.86
2021-07-14,6.57,6.48,6.62,6.45,110692,71935615.00,2.56,-2.26,-0.15,2.32
2021-07-15,6.43,6.32,6.47,6.25,98029,61983390.00,3.40,-2.47,-0.16,2.05
2021-07-16,6.36,6.25,6.43,6.23,78555,49545299.00,3.16,-1.11,-0.07,1.64
2021-07-19,6.26,6.34,6.35,6.16,74087,46546328.00,3.04,1.44,0.09,1.55
2021-07-20,6.26,6.32,6.34,6.19,48797,30524132.00,2.37,-0.32,-0.02,1.02
2021-07-21,6.28,6.39,6.50,6.28,95846,61507615.00,3.48,1.11,0.07,2.00"]}});
