jQuery112402823351815161831_1626521459839({"rc":0,"rt":17,"svr":182482650,"lt":1,"full":0,"data":{"code":"600729
market":1,"name":"重庆百货
decimal":2,"dktotal":5747,"preKPrice":27.15,"klines":["2021-07-08,27.20,27.16,27.40,26.90,16584,44904304.00,1.84,0.04,0.01,0.41
2021-07-09,27.18,27.10,27.27,26.90,12109,32837437.00,1.36,-0.22,-0.06,0.30
2021-07-12,27.10,27.72,27.91,27.10,28013,77554501.00,2.99,2.29,0.62,0.69
2021-07-13,27.87,28.01,28.50,27.74,24028,67565889.00,2.74,1.05,0.29,0.59
2021-07-14,28.27,28.00,28.27,27.54,20062,56032367.00,2.61,-0.04,-0.01,0.49
2021-07-15,28.00,28.06,28.39,27.65,25233,70624140.00,2.64,0.21,0.06,0.62
2021-07-16,28.26,28.40,28.69,28.09,30992,88212065.00,2.14,1.21,0.34,0.76
2021-07-19,28.32,27.93,28.57,27.80,23108,64955096.00,2.71,-1.65,-0.47,0.57
2021-07-20,27.65,27.96,28.29,27.65,16649,46649651.00,2.29,0.11,0.03,0.41
2021-07-21,27.90,27.70,28.26,27.24,24114,66572402.00,3.65,-0.93,-0.26,0.59"]}});
