jQuery112402823351815161831_1626521459839({"rc":0,"rt":17,"svr":182480525,"lt":1,"full":0,"data":{"code":"600679
market":1,"name":"上海凤凰
decimal":2,"dktotal":6611,"preKPrice":11.78,"klines":["2021-07-08,11.78,11.81,11.94,11.70,6656,7879587.00,2.04,0.25,0.03,0.29
2021-07-09,11.77,11.90,11.93,11.73,7717,9138886.00,1.69,0.76,0.09,0.33
2021-07-12,11.90,12.04,12.30,11.86,14250,17218268.00,3.70,1.18,0.14,0.62
2021-07-13,12.00,11.91,12.04,11.70,9348,11137007.00,2.82,-1.08,-0.13,0.41
2021-07-14,11.91,11.84,11.94,11.81,6818,8092174.00,1.09,-0.59,-0.07,0.30
2021-07-15,11.84,11.71,11.88,11.61,8545,10010470.00,2.28,-1.10,-0.13,0.37
2021-07-16,11.83,11.96,11.99,11.71,12057,14282181.00,2.39,2.13,0.25,0.52
2021-07-19,11.81,11.82,11.87,11.72,7946,9372128.00,1.25,-1.17,-0.14,0.34
2021-07-20,11.82,11.91,11.95,11.71,9250,10945095.00,2.03,0.76,0.09,0.40
2021-07-21,11.81,11.88,11.95,11.81,7187,8540090.00,1.18,-0.25,-0.03,0.31"]}});
