jQuery112402823351815161831_1626521459839({"rc":0,"rt":17,"svr":181734974,"lt":1,"full":0,"data":{"code":"002583
market":0,"name":"海能达
decimal":2,"dktotal":2416,"preKPrice":4.98,"klines":["2021-07-08,5.01,4.97,5.01,4.95,59856,29702257.00,1.20,-0.20,-0.01,0.55
2021-07-09,4.95,4.83,4.97,4.83,187345,91412501.00,2.82,-2.82,-0.14,1.73
2021-07-12,4.82,4.94,4.98,4.77,152390,74631752.00,4.35,2.28,0.11,1.41
2021-07-13,4.94,4.92,4.98,4.90,81926,40393026.00,1.62,-0.40,-0.02,0.76
2021-07-14,4.92,4.83,4.95,4.81,116445,56443074.00,2.85,-1.83,-0.09,1.07
2021-07-15,4.86,4.79,4.86,4.78,100917,48465165.00,1.66,-0.83,-0.04,0.93
2021-07-16,4.80,4.69,4.80,4.68,154103,72627715.00,2.51,-2.09,-0.10,1.42
2021-07-19,4.67,4.72,4.74,4.61,115640,53903573.00,2.77,0.64,0.03,1.07
2021-07-20,4.70,4.72,4.73,4.68,59288,27890360.00,1.06,0.00,0.00,0.55
2021-07-21,4.73,4.76,4.81,4.73,90136,43001249.00,1.69,0.85,0.04,0.83"]}});
