jQuery112402823351815161831_1626521459839({"rc":0,"rt":17,"svr":181734975,"lt":1,"full":0,"data":{"code":"002558
market":0,"name":"巨人网络
decimal":2,"dktotal":2157,"preKPrice":13.21,"klines":["2021-07-08,13.22,13.26,13.33,12.98,102051,134130393.00,2.65,0.38,0.05,0.50
2021-07-09,13.20,13.19,13.32,13.00,84073,110679409.00,2.41,-0.53,-0.07,0.42
2021-07-12,13.20,13.25,13.43,13.17,73289,97284690.00,1.97,0.45,0.06,0.36
2021-07-13,13.10,13.18,13.40,13.03,93822,123863057.00,2.79,-0.53,-0.07,0.46
2021-07-14,13.12,13.00,13.22,13.00,77902,101814658.00,1.67,-1.37,-0.18,0.38
2021-07-15,12.99,12.60,12.99,12.36,154695,194610575.00,4.85,-3.08,-0.40,0.76
2021-07-16,12.47,12.47,12.61,12.40,67695,84538425.00,1.67,-1.03,-0.13,0.33
2021-07-19,12.49,12.52,12.55,12.32,48280,60067869.00,1.84,0.40,0.05,0.24
2021-07-20,12.47,11.95,12.47,11.94,196879,237619075.00,4.23,-4.55,-0.57,0.97
2021-07-21,11.87,11.70,12.04,11.63,203365,239680186.00,3.43,-2.09,-0.25,1.00"]}});
