jQuery112402823351815161831_1626521459839({"rc":0,"rt":17,"svr":182482249,"lt":1,"full":0,"data":{"code":"600019
market":1,"name":"宝钢股份
decimal":2,"dktotal":4841,"preKPrice":7.59,"klines":["2021-07-08,7.65,7.58,7.68,7.50,753270,572267296.00,2.37,-0.13,-0.01,0.34
2021-07-09,7.54,7.70,7.77,7.51,1082332,832367696.00,3.43,1.58,0.12,0.49
2021-07-12,7.75,7.65,7.93,7.58,1367784,1060946640.00,4.55,-0.65,-0.05,0.62
2021-07-13,7.65,7.64,7.70,7.56,889392,678198240.00,1.83,-0.13,-0.01,0.40
2021-07-14,7.64,7.51,7.74,7.51,703547,534375136.00,3.01,-1.70,-0.13,0.32
2021-07-15,7.57,8.05,8.12,7.51,1763499,1387300528.00,8.12,7.19,0.54,0.79
2021-07-16,8.06,7.98,8.22,7.93,1693459,1368458272.00,3.60,-0.87,-0.07,0.76
2021-07-19,8.07,7.86,8.18,7.81,1161608,925124752.00,4.64,-1.50,-0.12,0.52
2021-07-20,7.73,7.62,7.74,7.50,1254017,951470368.00,3.05,-3.05,-0.24,0.56
2021-07-21,7.69,7.66,7.73,7.54,946324,724443312.00,2.49,0.52,0.04,0.43"]}});
