jQuery112402823351815161831_1626521459839({"rc":0,"rt":17,"svr":182481597,"lt":1,"full":0,"data":{"code":"600018
market":1,"name":"上港集团
decimal":2,"dktotal":3511,"preKPrice":5.33,"klines":["2021-07-08,5.33,5.32,5.39,5.25,559159,296654480.00,2.63,-0.19,-0.01,0.24
2021-07-09,5.30,5.27,5.31,5.17,572970,299648928.00,2.63,-0.94,-0.05,0.25
2021-07-12,5.30,5.19,5.31,5.13,512850,266532217.00,3.42,-1.52,-0.08,0.22
2021-07-13,5.17,5.24,5.32,5.15,425130,222763191.00,3.28,0.96,0.05,0.18
2021-07-14,5.22,5.18,5.26,5.15,296223,153719025.00,2.10,-1.15,-0.06,0.13
2021-07-15,5.18,5.21,5.25,5.06,430704,222149871.00,3.67,0.58,0.03,0.19
2021-07-16,5.32,5.13,5.42,5.11,750991,391550032.00,5.95,-1.54,-0.08,0.32
2021-07-19,5.10,5.19,5.24,5.07,440450,227139461.00,3.31,1.17,0.06,0.19
2021-07-20,5.18,5.17,5.22,5.12,345397,178242180.00,1.93,-0.39,-0.02,0.15
2021-07-21,5.21,5.22,5.25,5.17,318614,166065417.00,1.55,0.97,0.05,0.14"]}});
