jQuery112402823351815161831_1626521459839({"rc":0,"rt":17,"svr":181669633,"lt":1,"full":0,"data":{"code":"600145
market":1,"name":"*ST新亿
decimal":2,"dktotal":3885,"preKPrice":1.56,"klines":["2021-07-08,1.52,1.54,1.55,1.48,385284,58361304.00,4.49,-1.28,-0.02,2.58
2021-07-09,1.52,1.49,1.54,1.46,316184,47460448.00,5.19,-3.25,-0.05,2.12
2021-07-12,1.48,1.48,1.52,1.47,230448,34364917.00,3.36,-0.67,-0.01,1.55
2021-07-13,1.47,1.55,1.55,1.47,355366,54522024.00,5.41,4.73,0.07,2.38
2021-07-14,1.60,1.50,1.62,1.48,410630,63225241.00,9.03,-3.23,-0.05,2.75
2021-07-15,1.48,1.45,1.48,1.43,347596,50157381.00,3.33,-3.33,-0.05,2.33
2021-07-16,1.44,1.45,1.47,1.43,210887,30667891.00,2.76,0.00,0.00,1.41
2021-07-19,1.44,1.38,1.45,1.38,303078,42356010.00,4.83,-4.83,-0.07,2.03
2021-07-20,1.35,1.38,1.40,1.31,271729,36510365.00,6.52,0.00,0.00,1.82
2021-07-21,1.37,1.45,1.45,1.36,251423,35957042.00,6.52,5.07,0.07,1.69"]}});
