jQuery112402823351815161831_1626521459839({"rc":0,"rt":17,"svr":181734975,"lt":1,"full":0,"data":{"code":"002991
market":0,"name":"甘源食品
decimal":2,"dktotal":237,"preKPrice":61.8,"klines":["2021-07-08,61.50,60.30,61.90,60.20,6187,37569901.00,2.75,-2.43,-1.50,2.65
2021-07-09,60.01,59.23,60.18,58.47,8251,48591631.00,2.84,-1.77,-1.07,3.54
2021-07-12,59.53,60.08,60.67,58.73,7460,44654595.00,3.28,1.44,0.85,3.20
2021-07-13,60.17,59.75,60.69,59.40,4789,28688612.00,2.15,-0.55,-0.33,2.05
2021-07-14,59.83,59.90,60.44,59.45,4548,27243565.00,1.66,0.25,0.15,1.95
2021-07-15,58.88,59.00,60.06,58.40,5671,33528570.00,2.77,-1.50,-0.90,2.43
2021-07-16,59.20,57.60,59.93,57.03,7682,44531714.00,4.92,-2.37,-1.40,3.30
2021-07-19,57.30,56.00,57.50,55.05,9476,52841398.00,4.25,-2.78,-1.60,4.07
2021-07-20,55.96,56.12,56.33,55.50,3942,22006440.00,1.48,0.21,0.12,1.69
2021-07-21,55.90,56.13,57.10,55.81,3905,22046781.00,2.30,0.02,0.01,1.68"]}});
