jQuery112402823351815161831_1626521459839({"rc":0,"rt":17,"svr":181669633,"lt":1,"full":0,"data":{"code":"002875
market":0,"name":"安奈儿
decimal":2,"dktotal":1010,"preKPrice":11.58,"klines":["2021-07-08,11.71,11.79,11.85,11.43,50404,58628044.00,3.63,1.81,0.21,6.35
2021-07-09,11.70,11.61,11.85,11.41,42383,49163339.00,3.73,-1.53,-0.18,5.34
2021-07-12,11.61,11.54,11.73,11.45,32581,37676409.00,2.41,-0.60,-0.07,4.11
2021-07-13,11.55,11.85,11.94,11.54,42552,50058055.00,3.47,2.69,0.31,5.36
2021-07-14,11.60,10.67,11.60,10.67,85611,92366198.00,7.85,-9.96,-1.18,10.79
2021-07-15,10.41,9.99,10.46,9.85,81185,81577415.00,5.72,-6.37,-0.68,10.23
2021-07-16,9.90,9.96,10.12,9.86,36592,36333485.00,2.60,-0.30,-0.03,4.61
2021-07-19,9.96,9.70,9.96,9.60,32231,31432528.00,3.61,-2.61,-0.26,4.06
2021-07-20,9.57,9.79,9.83,9.57,23231,22539622.00,2.68,0.93,0.09,2.93
2021-07-21,10.18,10.19,10.44,10.06,63755,65199584.00,3.88,4.09,0.40,8.04"]}});
