jQuery112402823351815161831_1626521459839({"rc":0,"rt":17,"svr":182482650,"lt":1,"full":0,"data":{"code":"002469
market":0,"name":"三维化学
decimal":2,"dktotal":2544,"preKPrice":5.78,"klines":["2021-07-08,5.72,5.59,5.84,5.51,337212,191106670.00,5.71,-3.29,-0.19,6.51
2021-07-09,5.60,5.65,5.73,5.52,215905,121228509.00,3.76,1.07,0.06,4.17
2021-07-12,5.71,5.66,5.76,5.59,185955,105342826.00,3.01,0.18,0.01,3.59
2021-07-13,5.62,5.63,5.66,5.56,112857,63265009.00,1.77,-0.53,-0.03,2.18
2021-07-14,5.62,5.69,5.83,5.55,177908,101380968.00,4.97,1.07,0.06,3.43
2021-07-15,5.69,5.86,5.93,5.58,244383,140838113.00,6.15,2.99,0.17,4.71
2021-07-16,5.83,5.91,5.99,5.80,190903,112852734.00,3.24,0.85,0.05,3.68
2021-07-19,5.91,5.87,6.12,5.87,190918,114487070.00,4.23,-0.68,-0.04,3.68
2021-07-20,5.80,5.87,5.94,5.73,114310,66495622.00,3.58,0.00,0.00,2.21
2021-07-21,5.87,5.81,5.87,5.77,112380,65212283.00,1.70,-1.02,-0.06,2.17"]}});
