jQuery112402823351815161831_1626521459839({"rc":0,"rt":17,"svr":182481159,"lt":1,"full":0,"data":{"code":"002272
market":0,"name":"川润股份
decimal":2,"dktotal":2905,"preKPrice":5.3,"klines":["2021-07-08,5.30,5.23,5.33,5.21,82590,43472273.00,2.26,-1.32,-0.07,2.50
2021-07-09,5.20,5.39,5.40,5.13,131957,70072021.00,5.16,3.06,0.16,3.99
2021-07-12,5.45,5.46,5.47,5.35,133295,72116974.00,2.23,1.30,0.07,4.04
2021-07-13,5.50,5.57,5.58,5.40,156017,86016024.00,3.30,2.01,0.11,4.72
2021-07-14,5.58,5.54,5.65,5.52,137054,76356359.00,2.33,-0.54,-0.03,4.15
2021-07-15,5.54,5.52,5.58,5.41,97969,53701020.00,3.07,-0.36,-0.02,2.97
2021-07-16,5.49,5.46,5.61,5.44,105752,58495679.00,3.08,-1.09,-0.06,3.20
2021-07-19,5.48,5.70,5.76,5.46,242528,137309054.00,5.49,4.40,0.24,7.34
2021-07-20,5.60,5.68,5.71,5.47,196332,109720775.00,4.21,-0.35,-0.02,5.94
2021-07-21,5.68,5.64,5.76,5.60,135596,76542202.00,2.82,-0.70,-0.04,4.10"]}});
