jQuery112402823351815161831_1626521459839({"rc":0,"rt":17,"svr":181216787,"lt":1,"full":0,"data":{"code":"002674
market":0,"name":"兴业科技
decimal":2,"dktotal":2221,"preKPrice":14.26,"klines":["2021-07-08,14.80,14.00,15.59,13.99,135585,201355804.00,11.22,-1.82,-0.26,4.69
2021-07-09,13.71,14.15,14.84,13.71,85111,121587590.00,8.07,1.07,0.15,2.95
2021-07-12,14.29,14.10,14.39,13.56,90476,125726149.00,5.87,-0.35,-0.05,3.13
2021-07-13,13.90,13.64,13.98,13.62,44920,61863938.00,2.55,-3.26,-0.46,1.56
2021-07-14,13.63,13.54,13.85,13.46,35579,48565693.00,2.86,-0.73,-0.10,1.23
2021-07-15,13.54,13.25,13.65,13.18,36785,49077569.00,3.47,-2.14,-0.29,1.27
2021-07-16,13.40,13.82,13.88,13.02,51953,70915124.00,6.49,4.30,0.57,1.80
2021-07-19,13.84,14.42,14.95,13.82,79138,113864148.00,8.18,4.34,0.60,2.74
2021-07-20,14.22,14.33,14.57,14.05,33648,48052132.00,3.61,-0.62,-0.09,1.16
2021-07-21,14.27,14.40,14.59,14.16,31910,45702804.00,3.00,0.49,0.07,1.10"]}});
