jQuery112402823351815161831_1626521459839({"rc":0,"rt":17,"svr":181216787,"lt":1,"full":0,"data":{"code":"002884
market":0,"name":"凌霄泵业
decimal":2,"dktotal":976,"preKPrice":21.36,"klines":["2021-07-08,21.26,20.70,21.41,20.56,19523,40789247.00,3.98,-3.09,-0.66,0.72
2021-07-09,20.75,20.82,21.17,20.62,14899,31158245.00,2.66,0.58,0.12,0.55
2021-07-12,20.83,21.15,21.55,20.83,21410,45453811.00,3.46,1.59,0.33,0.79
2021-07-13,21.18,20.98,21.28,20.88,11583,24372585.00,1.89,-0.80,-0.17,0.43
2021-07-14,20.89,20.89,21.19,20.83,10158,21321145.00,1.72,-0.43,-0.09,0.37
2021-07-15,20.94,20.24,20.94,19.90,22494,45519782.00,4.98,-3.11,-0.65,0.83
2021-07-16,20.24,20.25,20.58,19.73,16935,34238301.00,4.20,0.05,0.01,0.62
2021-07-19,19.90,20.21,20.43,19.90,9860,19922030.00,2.62,-0.20,-0.04,0.36
2021-07-20,20.11,21.17,21.17,20.00,18742,38755783.00,5.79,4.75,0.96,0.69
2021-07-21,22.90,21.59,22.96,21.49,42900,94731002.00,6.94,1.98,0.42,1.58"]}});
