jQuery112402823351815161831_1626521459839({"rc":0,"rt":17,"svr":182481427,"lt":1,"full":0,"data":{"code":"600030
market":1,"name":"中信证券
decimal":2,"dktotal":4412,"preKPrice":23.64,"klines":["2021-07-08,23.79,23.60,23.86,23.49,661946,1567128512.00,1.57,-0.17,-0.04,0.67
2021-07-09,23.50,23.51,23.68,23.35,629464,1478749904.00,1.40,-0.38,-0.09,0.64
2021-07-12,23.82,23.89,24.08,23.62,1047903,2502105936.00,1.96,1.62,0.38,1.07
2021-07-13,23.80,23.72,23.96,23.58,616321,1464278736.00,1.59,-0.71,-0.17,0.63
2021-07-14,23.68,23.32,23.68,23.28,802892,1878814832.00,1.69,-1.69,-0.40,0.82
2021-07-15,23.31,23.67,23.73,23.21,727887,1711742528.00,2.23,1.50,0.35,0.74
2021-07-16,23.84,23.83,24.08,23.66,910803,2172917760.00,1.77,0.68,0.16,0.93
2021-07-19,23.68,23.80,23.83,23.40,651806,1536306768.00,1.80,-0.13,-0.03,0.66
2021-07-20,23.57,23.61,23.84,23.52,459677,1085840752.00,1.34,-0.80,-0.19,0.47
2021-07-21,23.68,23.82,24.03,23.65,844507,2013428704.00,1.61,0.89,0.21,0.86"]}});
