jQuery112402823351815161831_1626521459839({"rc":0,"rt":17,"svr":181669633,"lt":1,"full":0,"data":{"code":"002621
market":0,"name":"美吉姆
decimal":2,"dktotal":2150,"preKPrice":5.18,"klines":["2021-07-08,5.17,5.10,5.18,5.08,21858,11188046.00,1.93,-1.54,-0.08,0.28
2021-07-09,5.06,5.08,5.09,5.00,21895,11044907.00,1.76,-0.39,-0.02,0.28
2021-07-12,5.07,5.10,5.15,5.06,18474,9432978.00,1.77,0.39,0.02,0.23
2021-07-13,5.10,5.10,5.12,5.07,16062,8170419.00,0.98,0.00,0.00,0.20
2021-07-14,5.09,5.00,5.10,5.00,21550,10872028.00,1.96,-1.96,-0.10,0.27
2021-07-15,5.04,4.90,5.04,4.85,31761,15589959.00,3.80,-2.00,-0.10,0.40
2021-07-16,4.91,4.93,4.99,4.90,17681,8716754.00,1.84,0.61,0.03,0.22
2021-07-19,4.87,4.86,4.92,4.81,17194,8343590.00,2.23,-1.42,-0.07,0.22
2021-07-20,4.83,5.01,5.03,4.82,34396,17041562.00,4.32,3.09,0.15,0.43
2021-07-21,5.21,5.15,5.40,5.11,76721,40141891.00,5.79,2.79,0.14,0.97"]}});
