jQuery112402823351815161831_1626521459839({"rc":0,"rt":17,"svr":182482648,"lt":1,"full":0,"data":{"code":"600048
market":1,"name":"保利地产
decimal":2,"dktotal":3618,"preKPrice":12.17,"klines":["2021-07-08,12.18,12.12,12.23,11.91,528802,636119056.00,2.63,-0.41,-0.05,0.44
2021-07-09,12.07,12.18,12.26,12.03,353687,429528832.00,1.90,0.50,0.06,0.30
2021-07-12,12.28,12.02,12.28,12.01,479592,581087664.00,2.22,-1.31,-0.16,0.40
2021-07-13,12.04,12.04,12.25,11.97,374680,452255472.00,2.33,0.17,0.02,0.31
2021-07-14,12.05,11.79,12.05,11.76,488949,578637680.00,2.41,-2.08,-0.25,0.41
2021-07-15,11.76,11.80,11.89,11.65,483783,570489712.00,2.04,0.08,0.01,0.40
2021-07-16,11.74,11.79,11.93,11.74,364202,430142368.00,1.61,-0.08,-0.01,0.30
2021-07-19,11.78,11.44,11.82,11.37,755384,866498464.00,3.82,-2.97,-0.35,0.63
2021-07-20,11.36,11.41,11.47,11.20,647104,733361488.00,2.36,-0.26,-0.03,0.54
2021-07-21,11.40,11.21,11.47,11.18,645778,726554704.00,2.54,-1.75,-0.20,0.54"]}});
