jQuery112402823351815161831_1626521459839({"rc":0,"rt":17,"svr":182482648,"lt":1,"full":0,"data":{"code":"002428
market":0,"name":"云南锗业
decimal":2,"dktotal":2687,"preKPrice":13.33,"klines":["2021-07-08,13.26,13.30,13.59,13.13,388297,517264336.00,3.45,-0.23,-0.03,6.03
2021-07-09,13.21,14.04,14.36,13.17,552540,766051760.00,8.95,5.56,0.74,8.58
2021-07-12,14.00,13.64,14.15,13.60,534930,739903120.00,3.92,-2.85,-0.40,8.30
2021-07-13,13.59,13.80,13.91,13.11,372820,505481920.00,5.87,1.17,0.16,5.79
2021-07-14,13.70,13.27,13.70,13.16,293788,391992224.00,3.91,-3.84,-0.53,4.56
2021-07-15,13.01,13.04,13.31,12.48,378030,486820272.00,6.25,-1.73,-0.23,5.87
2021-07-16,12.98,13.99,14.34,12.83,676701,950055088.00,11.58,7.29,0.95,10.50
2021-07-19,14.02,14.37,14.69,13.59,766299,1087514928.00,7.86,2.72,0.38,11.89
2021-07-20,14.06,14.00,14.15,13.72,394975,550665088.00,2.99,-2.57,-0.37,6.13
2021-07-21,14.12,14.11,14.49,13.84,462604,656201184.00,4.64,0.79,0.11,7.18"]}});
