jQuery112402823351815161831_1626521459839({"rc":0,"rt":17,"svr":182481427,"lt":1,"full":0,"data":{"code":"600036
market":1,"name":"招商银行
decimal":2,"dktotal":4612,"preKPrice":53.43,"klines":["2021-07-08,53.76,50.35,53.76,50.00,1554189,7890344960.00,7.04,-5.76,-3.08,0.75
2021-07-09,50.35,49.90,50.91,49.51,827019,4141886768.00,2.78,-0.89,-0.45,0.40
2021-07-12,50.60,50.40,51.14,49.80,839564,4227182160.00,2.69,1.00,0.50,0.41
2021-07-13,49.50,49.97,50.80,48.71,594450,2969602400.00,4.15,-0.85,-0.43,0.29
2021-07-14,49.80,48.95,49.88,47.92,885514,4295785472.00,3.92,-2.04,-1.02,0.43
2021-07-15,49.00,51.05,51.46,48.97,877273,4426680832.00,5.09,4.29,2.10,0.43
2021-07-16,50.76,51.00,51.60,50.42,462104,2357681008.00,2.31,-0.10,-0.05,0.22
2021-07-19,51.00,50.83,51.20,49.41,469631,2357941872.00,3.51,-0.33,-0.17,0.23
2021-07-20,50.45,49.91,51.49,49.61,446889,2245908480.00,3.70,-1.81,-0.92,0.22
2021-07-21,50.02,49.70,50.57,49.25,506319,2512788208.00,2.64,-0.42,-0.21,0.25"]}});
