jQuery112402823351815161831_1626521459839({"rc":0,"rt":17,"svr":182481599,"lt":1,"full":0,"data":{"code":"600730
market":1,"name":"中国高科
decimal":2,"dktotal":5859,"preKPrice":4.31,"klines":["2021-07-08,4.33,4.45,4.51,4.31,129680,57808547.00,4.64,3.25,0.14,2.21
2021-07-09,4.41,4.45,4.55,4.40,86300,38594274.00,3.37,0.00,0.00,1.47
2021-07-12,4.44,4.40,4.45,4.30,68202,30110951.00,3.37,-1.12,-0.05,1.16
2021-07-13,4.42,4.35,4.42,4.33,57169,24899483.00,2.05,-1.14,-0.05,0.97
2021-07-14,4.35,4.35,4.38,4.32,29846,12992810.00,1.38,0.00,0.00,0.51
2021-07-15,4.36,4.31,4.36,4.27,37586,16183885.00,2.07,-0.92,-0.04,0.64
2021-07-16,4.28,4.34,4.39,4.26,36132,15557092.00,3.02,0.70,0.03,0.62
2021-07-19,4.32,4.41,4.43,4.31,45788,20094898.00,2.76,1.61,0.07,0.78
2021-07-20,4.38,4.45,4.47,4.36,57562,25526329.00,2.49,0.91,0.04,0.98
2021-07-21,4.45,4.44,4.48,4.40,41102,18224701.00,1.80,-0.22,-0.01,0.70"]}});
