jQuery112402823351815161831_1626521459839({"rc":0,"rt":17,"svr":182482648,"lt":1,"full":0,"data":{"code":"002698
market":0,"name":"博实股份
decimal":2,"dktotal":2133,"preKPrice":12.29,"klines":["2021-07-08,12.34,12.11,12.39,12.08,27116,33087681.00,2.52,-1.46,-0.18,0.34
2021-07-09,12.11,11.97,12.17,11.96,40301,48430825.00,1.73,-1.16,-0.14,0.51
2021-07-12,12.05,12.25,12.35,12.05,38521,47098637.00,2.51,2.34,0.28,0.49
2021-07-13,12.33,12.32,12.38,12.20,28694,35220720.00,1.47,0.57,0.07,0.36
2021-07-14,12.36,12.26,12.38,12.13,42235,51897572.00,2.03,-0.49,-0.06,0.53
2021-07-15,12.28,12.24,12.36,12.11,21680,26499920.00,2.04,-0.16,-0.02,0.27
2021-07-16,12.24,12.22,12.33,12.18,20219,24772195.00,1.23,-0.16,-0.02,0.26
2021-07-19,12.22,12.39,12.39,12.08,26991,33143682.00,2.54,1.39,0.17,0.34
2021-07-20,12.30,12.38,12.48,12.22,19008,23452862.00,2.10,-0.08,-0.01,0.24
2021-07-21,12.40,12.41,12.58,12.29,27554,34240770.00,2.34,0.24,0.03,0.35"]}});
