jQuery112402823351815161831_1626521459839({"rc":0,"rt":17,"svr":181734976,"lt":1,"full":0,"data":{"code":"600851
market":1,"name":"海欣股份
decimal":2,"dktotal":6549,"preKPrice":9.49,"klines":["2021-07-08,9.77,9.64,9.87,9.40,100391,96486375.00,4.95,1.58,0.15,1.36
2021-07-09,9.57,9.52,9.84,9.43,79481,76190697.00,4.25,-1.24,-0.12,1.08
2021-07-12,9.61,10.03,10.09,9.58,123928,122732426.00,5.36,5.36,0.51,1.68
2021-07-13,9.93,9.64,9.96,9.53,81064,78600235.00,4.29,-3.89,-0.39,1.10
2021-07-14,9.63,9.74,9.86,9.47,55774,54075567.00,4.05,1.04,0.10,0.76
2021-07-15,9.70,9.60,9.74,9.46,36749,35069539.00,2.87,-1.44,-0.14,0.50
2021-07-16,9.64,9.41,9.64,9.24,38097,35688896.00,4.17,-1.98,-0.19,0.52
2021-07-19,9.41,9.47,9.62,9.28,34446,32616122.00,3.61,0.64,0.06,0.47
2021-07-20,9.36,9.19,9.57,9.10,41737,38685534.00,4.96,-2.96,-0.28,0.57
2021-07-21,9.19,9.26,9.35,9.12,31057,28684970.00,2.50,0.76,0.07,0.42"]}});
