jQuery112402823351815161831_1626521459839({"rc":0,"rt":17,"svr":181669633,"lt":1,"full":0,"data":{"code":"600111
market":1,"name":"北方稀土
decimal":2,"dktotal":5719,"preKPrice":25.13,"klines":["2021-07-08,25.98,27.00,27.64,25.94,4159094,11376414720.00,6.76,7.44,1.87,11.45
2021-07-09,27.20,29.70,29.70,26.85,2992143,8491630848.00,10.56,10.00,2.70,8.24
2021-07-12,31.80,32.67,32.67,30.97,3552030,11482762240.00,5.72,10.00,2.97,9.78
2021-07-13,32.80,33.07,33.66,31.80,3047478,9993808384.00,5.69,1.22,0.40,8.39
2021-07-14,32.50,32.30,34.50,31.88,2515901,8283497472.00,7.92,-2.33,-0.77,6.93
2021-07-15,32.38,35.53,35.53,30.51,3246488,10683203584.00,15.54,10.00,3.23,8.94
2021-07-16,34.50,33.90,36.20,33.65,3260307,11305416960.00,7.18,-4.59,-1.63,8.97
2021-07-19,33.50,34.70,36.60,33.30,2734617,9631130112.00,9.73,2.36,0.80,7.53
2021-07-20,34.00,35.99,36.66,33.93,1938029,6893387776.00,7.87,3.72,1.29,5.33
2021-07-21,36.04,39.59,39.59,35.33,2542071,9634508032.00,11.84,10.00,3.60,7.00"]}});
