jQuery112402823351815161831_1626521459839({"rc":0,"rt":17,"svr":181669733,"lt":1,"full":0,"data":{"code":"600222
market":1,"name":"太龙药业
decimal":2,"dktotal":5114,"preKPrice":5.94,"klines":["2021-07-08,5.98,5.87,5.98,5.78,99835,58582186.00,3.37,-1.18,-0.07,1.74
2021-07-09,5.88,6.12,6.15,5.82,121690,73187123.00,5.62,4.26,0.25,2.12
2021-07-12,6.10,6.35,6.44,6.05,150139,95124140.00,6.37,3.76,0.23,2.62
2021-07-13,6.38,6.24,6.41,6.18,88763,55444669.00,3.62,-1.73,-0.11,1.55
2021-07-14,6.22,6.20,6.29,6.16,68237,42468575.00,2.08,-0.64,-0.04,1.19
2021-07-15,6.12,6.06,6.20,6.01,73143,44486018.00,3.06,-2.26,-0.14,1.27
2021-07-16,6.06,6.16,6.21,6.06,50480,31048352.00,2.48,1.65,0.10,0.88
2021-07-19,6.16,6.36,6.39,6.14,141222,88847190.00,4.06,3.25,0.20,2.46
2021-07-20,6.42,6.30,6.42,6.20,77368,48574968.00,3.46,-0.94,-0.06,1.35
2021-07-21,6.32,6.17,6.38,6.10,111664,69422480.00,4.44,-2.06,-0.13,1.95"]}});
