jQuery112402823351815161831_1626521459839({"rc":0,"rt":17,"svr":182481222,"lt":1,"full":0,"data":{"code":"002988
market":0,"name":"豪美新材
decimal":2,"dktotal":289,"preKPrice":13.77,"klines":["2021-07-08,13.75,13.55,13.82,13.47,18950,25766520.00,2.54,-1.60,-0.22,2.25
2021-07-09,13.49,13.85,13.93,13.43,26269,36164446.00,3.69,2.21,0.30,3.12
2021-07-12,14.00,14.55,14.85,13.88,66980,95855520.00,7.00,5.05,0.70,7.95
2021-07-13,14.47,14.64,14.89,14.34,44482,65167619.00,3.78,0.62,0.09,5.28
2021-07-14,14.63,14.24,14.63,14.22,27908,40030271.00,2.80,-2.73,-0.40,3.31
2021-07-15,14.17,14.32,14.36,13.95,22951,32481935.00,2.88,0.56,0.08,2.73
2021-07-16,14.34,14.43,14.57,14.20,27289,39259779.00,2.58,0.77,0.11,3.24
2021-07-19,14.32,14.63,14.71,14.16,28310,41068447.00,3.81,1.39,0.20,3.36
2021-07-20,14.38,14.41,14.53,14.32,16455,23710731.00,1.44,-1.50,-0.22,1.95
2021-07-21,14.43,14.69,14.69,14.35,25873,37633857.00,2.36,1.94,0.28,3.07"]}});
