jQuery112402823351815161831_1626521459839({"rc":0,"rt":17,"svr":182482650,"lt":1,"full":0,"data":{"code":"002447
market":0,"name":"*ST晨鑫
decimal":2,"dktotal":2366,"preKPrice":1.95,"klines":["2021-07-08,1.94,1.93,1.95,1.92,110716,21364182.00,1.54,-1.03,-0.02,0.78
2021-07-09,1.94,1.95,1.95,1.92,101287,19571332.00,1.55,1.04,0.02,0.71
2021-07-12,1.94,1.94,1.95,1.91,125921,24296452.00,2.05,-0.51,-0.01,0.88
2021-07-13,1.94,1.93,1.94,1.91,128803,24773932.00,1.55,-0.52,-0.01,0.90
2021-07-14,1.92,1.88,1.94,1.88,142795,27259272.00,3.11,-2.59,-0.05,1.00
2021-07-15,1.84,1.90,1.90,1.81,202132,37418463.00,4.79,1.06,0.02,1.42
2021-07-16,1.89,1.88,1.92,1.87,98658,18637001.00,2.63,-1.05,-0.02,0.69
2021-07-19,1.87,1.88,1.90,1.87,58583,11022514.00,1.60,0.00,0.00,0.41
2021-07-20,1.88,1.89,1.92,1.87,81131,15373176.00,2.66,0.53,0.01,0.57
2021-07-21,1.91,1.87,1.91,1.87,99412,18712549.00,2.12,-1.06,-0.02,0.70"]}});
