jQuery112402823351815161831_1626521459839({"rc":0,"rt":17,"svr":181734974,"lt":1,"full":0,"data":{"code":"600594
market":1,"name":"益佰制药
decimal":2,"dktotal":4156,"preKPrice":5.73,"klines":["2021-07-08,5.74,5.61,5.74,5.61,88740,50104547.00,2.27,-2.09,-0.12,1.12
2021-07-09,5.63,5.60,5.63,5.53,77671,43224444.00,1.78,-0.18,-0.01,0.98
2021-07-12,5.62,5.61,5.68,5.59,78814,44439473.00,1.61,0.18,0.01,1.00
2021-07-13,5.61,5.63,5.64,5.54,81350,45452095.00,1.78,0.36,0.02,1.03
2021-07-14,5.62,5.84,5.85,5.57,209173,120375980.00,4.97,3.73,0.21,2.64
2021-07-15,5.80,5.78,5.89,5.69,139765,80628812.00,3.42,-1.03,-0.06,1.76
2021-07-16,5.75,5.79,5.85,5.73,100470,58196747.00,2.08,0.17,0.01,1.27
2021-07-19,5.77,6.01,6.01,5.70,212643,125776607.00,5.35,3.80,0.22,2.69
2021-07-20,5.96,5.95,6.04,5.91,131419,78199292.00,2.16,-1.00,-0.06,1.66
2021-07-21,5.95,6.00,6.03,5.90,150364,89611215.00,2.18,0.84,0.05,1.90"]}});
