jQuery112402823351815161831_1626521459839({"rc":0,"rt":17,"svr":181216787,"lt":1,"full":0,"data":{"code":"600099
market":1,"name":"林海股份
decimal":2,"dktotal":5599,"preKPrice":6.49,"klines":["2021-07-08,6.48,6.46,6.53,6.43,16256,10533817.00,1.54,-0.46,-0.03,0.74
2021-07-09,6.41,6.49,6.50,6.39,13317,8592447.00,1.70,0.46,0.03,0.61
2021-07-12,6.51,6.54,6.58,6.45,18163,11848039.00,2.00,0.77,0.05,0.83
2021-07-13,6.54,6.62,6.64,6.49,16659,10951562.00,2.29,1.22,0.08,0.76
2021-07-14,6.60,6.79,6.97,6.55,54539,37014682.00,6.34,2.57,0.17,2.49
2021-07-15,6.80,6.70,6.83,6.58,31757,21166310.00,3.68,-1.33,-0.09,1.45
2021-07-16,6.66,6.60,6.70,6.55,25464,16829343.00,2.24,-1.49,-0.10,1.16
2021-07-19,6.60,6.69,6.70,6.50,20748,13762541.00,3.03,1.36,0.09,0.95
2021-07-20,6.61,6.72,6.75,6.61,20201,13543640.00,2.09,0.45,0.03,0.92
2021-07-21,6.72,6.84,6.91,6.66,29517,20165678.00,3.72,1.79,0.12,1.35"]}});
