jQuery112402823351815161831_1626521459839({"rc":0,"rt":17,"svr":181669633,"lt":1,"full":0,"data":{"code":"002650
market":0,"name":"ST加加
decimal":2,"dktotal":1989,"preKPrice":8.21,"klines":["2021-07-08,8.09,8.15,8.36,8.04,270562,221458608.00,3.90,-0.73,-0.06,2.35
2021-07-09,8.10,7.73,8.19,7.73,399689,315677088.00,5.64,-5.15,-0.42,3.47
2021-07-12,7.77,7.63,7.90,7.55,278253,213783365.00,4.53,-1.29,-0.10,2.42
2021-07-13,7.63,8.01,8.01,7.51,313276,244282410.00,6.55,4.98,0.38,2.72
2021-07-14,7.61,7.61,7.73,7.61,322913,245983527.00,1.50,-4.99,-0.40,2.80
2021-07-15,7.60,7.43,7.65,7.26,312093,231262980.00,5.12,-2.37,-0.18,2.71
2021-07-16,7.50,7.53,7.65,7.46,174177,131590135.00,2.56,1.35,0.10,1.51
2021-07-19,7.44,7.15,7.47,7.15,245020,176545801.00,4.25,-5.05,-0.38,2.13
2021-07-20,7.01,7.03,7.11,6.79,350237,241343313.00,4.48,-1.68,-0.12,3.04
2021-07-21,7.00,7.10,7.16,6.86,208175,145935488.00,4.27,1.00,0.07,1.81"]}});
