jQuery112402823351815161831_1626521459839({"rc":0,"rt":17,"svr":181216957,"lt":1,"full":0,"data":{"code":"600459
market":1,"name":"贵研铂业
decimal":2,"dktotal":4355,"preKPrice":25.19,"klines":["2021-07-08,24.98,24.79,26.03,24.76,168755,425209824.00,5.04,-1.59,-0.40,2.97
2021-07-09,24.80,26.22,26.43,24.72,202913,522231536.00,6.90,5.77,1.43,3.57
2021-07-12,26.23,26.32,27.30,26.23,194109,516644480.00,4.08,0.38,0.10,3.41
2021-07-13,26.41,26.61,26.62,25.69,124285,324978016.00,3.53,1.10,0.29,2.18
2021-07-14,26.51,25.37,26.52,25.33,127848,329047856.00,4.47,-4.66,-1.24,2.25
2021-07-15,25.47,25.45,26.11,25.03,102951,263349333.00,4.26,0.32,0.08,1.81
2021-07-16,25.61,25.67,26.42,25.31,128170,333326224.00,4.36,0.86,0.22,2.25
2021-07-19,25.67,27.23,27.75,25.56,194898,525093808.00,8.53,6.08,1.56,3.43
2021-07-20,26.78,27.47,27.47,26.32,156757,423318384.00,4.22,0.88,0.24,2.75
2021-07-21,27.47,29.96,30.10,27.28,242465,704941696.00,10.27,9.06,2.49,4.26"]}});
