jQuery112402823351815161831_1626521459839({"rc":0,"rt":17,"svr":181734975,"lt":1,"full":0,"data":{"code":"600137
market":1,"name":"浪莎股份
decimal":2,"dktotal":5451,"preKPrice":14.53,"klines":["2021-07-08,14.53,14.19,14.59,14.04,21951,31221975.00,3.79,-2.34,-0.34,2.26
2021-07-09,14.20,14.26,14.36,14.10,12396,17670686.00,1.83,0.49,0.07,1.28
2021-07-12,14.26,14.40,14.54,14.20,15004,21623792.00,2.38,0.98,0.14,1.54
2021-07-13,14.40,14.48,14.50,14.20,11774,16945866.00,2.08,0.56,0.08,1.21
2021-07-14,14.48,14.31,14.48,14.30,9594,13777566.00,1.24,-1.17,-0.17,0.99
2021-07-15,14.38,14.52,14.64,14.00,19684,28245254.00,4.47,1.47,0.21,2.02
2021-07-16,14.42,14.36,14.50,14.25,16058,23046906.00,1.72,-1.10,-0.16,1.65
2021-07-19,14.38,14.52,14.74,14.10,15784,22765584.00,4.46,1.11,0.16,1.62
2021-07-20,14.50,14.79,14.86,14.33,19129,28036711.00,3.65,1.86,0.27,1.97
2021-07-21,14.92,14.74,14.92,14.61,15029,22171837.00,2.10,-0.34,-0.05,1.55"]}});
