jQuery112402823351815161831_1626521459839({"rc":0,"rt":17,"svr":181734975,"lt":1,"full":0,"data":{"code":"600619
market":1,"name":"海立股份
decimal":2,"dktotal":6845,"preKPrice":12.36,"klines":["2021-07-08,12.11,12.13,12.78,12.05,116299,143978174.00,5.91,-1.86,-0.23,2.00
2021-07-09,12.16,11.63,12.28,11.45,159349,186856392.00,6.84,-4.12,-0.50,2.74
2021-07-12,11.70,11.55,12.10,11.40,177867,208136201.00,6.02,-0.69,-0.08,3.06
2021-07-13,11.58,11.89,11.98,11.23,155944,183298666.00,6.49,2.94,0.34,2.68
2021-07-14,12.00,11.60,12.20,11.00,180991,207468573.00,10.09,-2.44,-0.29,3.11
2021-07-15,11.31,10.44,11.31,10.44,191421,203986316.00,7.50,-10.00,-1.16,3.29
2021-07-16,10.51,9.98,10.66,9.98,152770,156257437.00,6.51,-4.41,-0.46,2.62
2021-07-19,9.92,9.83,10.00,9.73,101566,99934516.00,2.71,-1.50,-0.15,1.74
2021-07-20,9.82,9.63,9.86,9.46,107850,104126014.00,4.07,-2.03,-0.20,1.85
2021-07-21,9.65,10.15,10.59,9.63,233563,238716128.00,9.97,5.40,0.52,4.01"]}});
