jQuery112402823351815161831_1626521459839({"rc":0,"rt":17,"svr":182482249,"lt":1,"full":0,"data":{"code":"002969
market":0,"name":"嘉美包装
decimal":2,"dktotal":398,"preKPrice":4.81,"klines":["2021-07-08,4.81,4.76,4.83,4.75,13917,6654677.00,1.66,-1.04,-0.05,0.31
2021-07-09,4.76,4.81,4.81,4.71,20171,9582927.00,2.10,1.05,0.05,0.45
2021-07-12,4.98,5.06,5.28,4.98,103410,52689711.00,6.24,5.20,0.25,2.33
2021-07-13,5.00,4.96,5.01,4.92,64692,32032713.00,1.78,-1.98,-0.10,1.46
2021-07-14,4.92,4.88,4.96,4.87,36013,17621539.00,1.81,-1.61,-0.08,0.81
2021-07-15,4.89,4.85,4.89,4.82,24675,11963505.00,1.43,-0.61,-0.03,0.56
2021-07-16,4.84,4.87,4.89,4.83,18892,9176945.00,1.24,0.41,0.02,0.43
2021-07-19,4.86,4.83,4.87,4.80,20596,9945689.00,1.44,-0.82,-0.04,0.46
2021-07-20,4.80,4.78,4.80,4.74,18892,9000198.00,1.24,-1.04,-0.05,0.43
2021-07-21,4.80,4.84,4.90,4.79,20738,10060596.00,2.30,1.26,0.06,0.47"]}});
