jQuery112402823351815161831_1626521459839({"rc":0,"rt":17,"svr":181734975,"lt":1,"full":0,"data":{"code":"002897
market":0,"name":"意华股份
decimal":2,"dktotal":940,"preKPrice":20.48,"klines":["2021-07-08,20.48,20.49,20.77,20.26,16446,33690809.00,2.49,0.05,0.01,1.05
2021-07-09,20.33,20.35,20.44,20.06,15430,31220846.00,1.85,-0.68,-0.14,0.98
2021-07-12,20.34,21.08,21.48,20.34,35441,74534074.00,5.60,3.59,0.73,2.26
2021-07-13,21.07,21.00,21.29,20.83,18680,39248425.00,2.18,-0.38,-0.08,1.19
2021-07-14,20.90,20.97,21.26,20.82,17888,37627942.00,2.10,-0.14,-0.03,1.14
2021-07-15,20.02,18.88,20.02,18.87,67955,129690683.00,5.48,-9.97,-2.09,4.33
2021-07-16,18.79,18.61,18.98,18.58,22016,41154355.00,2.12,-1.43,-0.27,1.40
2021-07-19,18.50,18.25,18.54,17.86,23005,41639269.00,3.65,-1.93,-0.36,1.47
2021-07-20,18.13,18.38,18.42,18.00,12912,23471190.00,2.30,0.71,0.13,0.82
2021-07-21,18.38,20.22,20.22,18.37,50999,100098392.00,10.07,10.01,1.84,3.25"]}});
