jQuery112402823351815161831_1626521459839({"rc":0,"rt":17,"svr":182482248,"lt":1,"full":0,"data":{"code":"002936
market":0,"name":"郑州银行
decimal":2,"dktotal":687,"preKPrice":3.62,"klines":["2021-07-08,3.62,3.60,3.63,3.59,83796,30194689.00,1.10,-0.55,-0.02,0.38
2021-07-09,3.60,3.61,3.61,3.59,72628,26143088.00,0.56,0.28,0.01,0.33
2021-07-12,3.62,3.60,3.63,3.60,99789,36052440.00,0.83,-0.28,-0.01,0.45
2021-07-13,3.60,3.61,3.61,3.59,49417,17792245.00,0.56,0.28,0.01,0.22
2021-07-14,3.60,3.60,3.61,3.59,63722,22911345.00,0.55,-0.28,-0.01,0.29
2021-07-15,3.59,3.62,3.63,3.59,138505,50037673.00,1.11,0.56,0.02,0.63
2021-07-16,3.62,3.61,3.62,3.59,84355,30394548.00,0.83,-0.28,-0.01,0.38
2021-07-19,3.60,3.59,3.61,3.57,78771,28265038.00,1.11,-0.55,-0.02,0.36
2021-07-20,3.58,3.58,3.59,3.57,66416,23756908.00,0.56,-0.28,-0.01,0.30
2021-07-21,3.57,3.58,3.59,3.57,71561,25604240.00,0.56,0.00,0.00,0.33"]}});
