jQuery112402823351815161831_1626521459839({"rc":0,"rt":17,"svr":181216787,"lt":1,"full":0,"data":{"code":"002562
market":0,"name":"兄弟科技
decimal":2,"dktotal":2479,"preKPrice":4.21,"klines":["2021-07-08,4.13,3.95,4.20,3.93,286724,114756422.00,6.41,-6.18,-0.26,4.10
2021-07-09,3.95,3.95,3.98,3.90,147740,58248777.00,2.03,0.00,0.00,2.11
2021-07-12,3.95,3.97,3.98,3.92,124971,49342243.00,1.52,0.51,0.02,1.79
2021-07-13,3.97,4.04,4.08,3.95,123167,49549154.00,3.27,1.76,0.07,1.76
2021-07-14,4.04,4.01,4.06,3.99,93084,37556514.00,1.73,-0.74,-0.03,1.33
2021-07-15,3.95,3.89,3.95,3.77,189079,72837113.00,4.49,-2.99,-0.12,2.70
2021-07-16,3.89,3.83,3.92,3.83,91717,35344730.00,2.31,-1.54,-0.06,1.31
2021-07-19,3.84,3.81,3.85,3.76,69931,26586046.00,2.35,-0.52,-0.02,1.00
2021-07-20,3.79,3.84,3.84,3.76,55551,21171457.00,2.10,0.79,0.03,0.79
2021-07-21,3.84,3.82,3.89,3.81,68852,26463466.00,2.08,-0.52,-0.02,0.98"]}});
