jQuery112402823351815161831_1626521459839({"rc":0,"rt":17,"svr":181216957,"lt":1,"full":0,"data":{"code":"600888
market":1,"name":"新疆众和
decimal":2,"dktotal":6024,"preKPrice":5.86,"klines":["2021-07-08,5.85,5.84,5.93,5.75,284990,166669787.00,3.07,-0.34,-0.02,2.32
2021-07-09,5.81,6.01,6.05,5.76,424017,253319541.00,4.97,2.91,0.17,3.45
2021-07-12,6.04,6.02,6.11,5.95,364913,219191211.00,2.66,0.17,0.01,2.97
2021-07-13,6.12,6.22,6.23,5.99,540791,331133952.00,3.99,3.32,0.20,4.40
2021-07-14,6.17,6.03,6.21,6.03,338490,206578188.00,2.89,-3.05,-0.19,2.75
2021-07-15,6.01,6.16,6.18,5.96,365434,222392557.00,3.65,2.16,0.13,2.94
2021-07-16,6.17,6.19,6.32,6.14,400795,250374336.00,2.92,0.49,0.03,3.23
2021-07-19,6.17,6.19,6.36,6.12,366374,229003173.00,3.88,0.00,0.00,2.95
2021-07-20,6.09,6.23,6.24,6.03,312324,191621101.00,3.39,0.65,0.04,2.52
2021-07-21,6.26,6.34,6.41,6.23,443982,280579408.00,2.89,1.77,0.11,3.58"]}});
