jQuery112402823351815161831_1626521459839({"rc":0,"rt":17,"svr":181734976,"lt":1,"full":0,"data":{"code":"600228
market":1,"name":"返利科技
decimal":2,"dktotal":5052,"preKPrice":8.55,"klines":["2021-07-08,8.42,8.30,8.50,8.25,16346,13631592.00,2.92,-2.92,-0.25,0.68
2021-07-09,8.30,8.19,8.36,8.10,18369,15001280.00,3.13,-1.33,-0.11,0.76
2021-07-12,8.25,8.28,8.30,8.13,17762,14565877.00,2.08,1.10,0.09,0.74
2021-07-13,8.19,8.19,8.27,8.12,15512,12672289.00,1.81,-1.09,-0.09,0.64
2021-07-14,8.13,8.15,8.18,8.08,14897,12112156.00,1.22,-0.49,-0.04,0.62
2021-07-15,8.12,7.93,8.19,7.90,22100,17668308.00,3.56,-2.70,-0.22,0.92
2021-07-16,7.93,7.66,7.98,7.62,29690,23019675.00,4.54,-3.40,-0.27,1.23
2021-07-19,7.60,7.77,7.89,7.60,17571,13662414.00,3.79,1.44,0.11,0.73
2021-07-20,7.78,7.80,7.80,7.70,8974,6964059.00,1.29,0.39,0.03,0.37
2021-07-21,7.80,7.99,8.32,7.78,29193,23460102.00,6.92,2.44,0.19,1.21"]}});
