jQuery112402823351815161831_1626521459839({"rc":0,"rt":17,"svr":181669733,"lt":1,"full":0,"data":{"code":"600461
market":1,"name":"洪城环境
decimal":2,"dktotal":3983,"preKPrice":7.47,"klines":["2021-07-08,7.45,7.28,7.47,7.27,86650,63623726.00,2.68,-2.54,-0.19,0.95
2021-07-09,6.92,7.14,7.15,6.87,95048,66792935.00,3.85,-1.92,-0.14,1.04
2021-07-12,7.17,7.07,7.28,7.05,99333,71165012.00,3.22,-0.98,-0.07,1.09
2021-07-13,7.03,7.16,7.23,7.03,62022,44383271.00,2.83,1.27,0.09,0.68
2021-07-14,7.23,7.14,7.25,7.10,59007,42298157.00,2.09,-0.28,-0.02,0.65
2021-07-15,7.11,7.24,7.29,7.03,100870,72757946.00,3.64,1.40,0.10,1.11
2021-07-16,7.28,7.23,7.35,7.20,66147,48128175.00,2.07,-0.14,-0.01,0.73
2021-07-19,7.22,7.55,7.58,7.21,128144,95083390.00,5.12,4.43,0.32,1.41
2021-07-20,7.34,7.24,7.45,7.18,158191,114902342.00,3.58,-4.11,-0.31,1.74
2021-07-21,7.21,7.32,7.39,7.18,75261,54717469.00,2.90,1.10,0.08,0.83"]}});
