jQuery112402823351815161831_1626521459839({"rc":0,"rt":17,"svr":182482650,"lt":1,"full":0,"data":{"code":"002365
market":0,"name":"永安药业
decimal":2,"dktotal":2762,"preKPrice":9.73,"klines":["2021-07-08,9.73,9.52,9.77,9.46,48461,46345569.00,3.19,-2.16,-0.21,1.99
2021-07-09,9.43,9.44,9.46,9.25,33699,31539239.00,2.21,-0.84,-0.08,1.39
2021-07-12,9.49,9.58,9.60,9.46,33721,32220070.00,1.48,1.48,0.14,1.39
2021-07-13,9.58,9.68,9.70,9.50,28045,26934685.00,2.09,1.04,0.10,1.15
2021-07-14,9.62,9.72,9.93,9.61,47314,46301871.00,3.31,0.41,0.04,1.95
2021-07-15,9.43,9.21,9.43,9.12,78919,72848366.00,3.19,-5.25,-0.51,3.24
2021-07-16,9.17,9.11,9.18,9.07,29976,27322739.00,1.19,-1.09,-0.10,1.23
2021-07-19,9.13,9.03,9.13,9.01,27824,25162786.00,1.32,-0.88,-0.08,1.14
2021-07-20,8.99,9.08,9.11,8.95,20264,18328273.00,1.77,0.55,0.05,0.83
2021-07-21,9.09,9.13,9.20,9.06,24704,22591793.00,1.54,0.55,0.05,1.02"]}});
