jQuery112402823351815161831_1626521459839({"rc":0,"rt":17,"svr":182482649,"lt":1,"full":0,"data":{"code":"600962
market":1,"name":"国投中鲁
decimal":2,"dktotal":3985,"preKPrice":7.7,"klines":["2021-07-08,7.66,7.58,7.69,7.52,20451,15492500.00,2.21,-1.56,-0.12,0.81
2021-07-09,7.55,7.58,7.61,7.50,11709,8840242.00,1.45,0.00,0.00,0.46
2021-07-12,7.60,7.59,7.68,7.58,19947,15208841.00,1.32,0.13,0.01,0.79
2021-07-13,7.59,7.59,7.68,7.55,17316,13159879.00,1.71,0.00,0.00,0.68
2021-07-14,7.58,7.44,7.59,7.42,21239,15944771.00,2.24,-1.98,-0.15,0.84
2021-07-15,7.43,7.24,7.43,7.21,22545,16383064.00,2.96,-2.69,-0.20,0.89
2021-07-16,7.27,7.21,7.27,7.15,15198,10925132.00,1.66,-0.41,-0.03,0.60
2021-07-19,7.21,7.22,7.40,7.10,18620,13411169.00,4.16,0.14,0.01,0.73
2021-07-20,7.19,7.26,7.31,7.17,11707,8465058.00,1.94,0.55,0.04,0.46
2021-07-21,7.26,7.49,7.53,7.25,30826,22937274.00,3.86,3.17,0.23,1.21"]}});
