jQuery112402823351815161831_1626521459839({"rc":0,"rt":17,"svr":181734976,"lt":1,"full":0,"data":{"code":"600093
market":1,"name":"*ST易见
decimal":2,"dktotal":5664,"preKPrice":5.63,"klines":["2021-07-08,5.35,5.35,5.35,5.35,791,423185.00,0.00,-4.97,-0.28,0.01
2021-07-09,5.08,5.08,5.08,5.08,1284,652272.00,0.00,-5.05,-0.27,0.01
2021-07-12,4.83,4.83,4.83,4.83,1538,742854.00,0.00,-4.92,-0.25,0.01
2021-07-13,4.59,4.59,4.59,4.59,748,343332.00,0.00,-4.97,-0.24,0.01
2021-07-14,4.36,4.36,4.36,4.36,1320,575520.00,0.00,-5.01,-0.23,0.01
2021-07-15,4.14,4.14,4.14,4.14,766,317124.00,0.00,-5.05,-0.22,0.01
2021-07-16,3.93,3.93,3.93,3.93,2141,841413.00,0.00,-5.07,-0.21,0.02
2021-07-19,3.73,3.73,3.73,3.73,1317,491241.00,0.00,-5.09,-0.20,0.01
2021-07-20,3.54,3.54,3.54,3.54,1515,536310.00,0.00,-5.09,-0.19,0.01
2021-07-21,3.36,3.36,3.36,3.36,2015,677040.00,0.00,-5.08,-0.18,0.02"]}});
