jQuery112402823351815161831_1626521459839({"rc":0,"rt":17,"svr":181669475,"lt":1,"full":0,"data":{"code":"002295
market":0,"name":"精艺股份
decimal":2,"dktotal":2772,"preKPrice":6.95,"klines":["2021-07-08,6.98,6.84,7.01,6.83,17941,12375274.00,2.59,-1.58,-0.11,0.72
2021-07-09,6.84,6.99,7.03,6.78,34286,23794566.00,3.65,2.19,0.15,1.37
2021-07-12,7.00,7.05,7.10,6.93,36229,25453034.00,2.43,0.86,0.06,1.45
2021-07-13,7.01,6.98,7.04,6.94,29170,20355593.00,1.42,-0.99,-0.07,1.17
2021-07-14,7.02,6.89,7.03,6.82,29411,20240890.00,3.01,-1.29,-0.09,1.18
2021-07-15,6.88,6.76,6.88,6.65,26574,17921793.00,3.34,-1.89,-0.13,1.06
2021-07-16,6.74,6.73,6.88,6.70,21241,14395604.00,2.66,-0.44,-0.03,0.85
2021-07-19,6.73,6.68,6.80,6.64,22089,14764883.00,2.38,-0.74,-0.05,0.88
2021-07-20,6.62,6.66,6.68,6.53,21435,14149367.00,2.25,-0.30,-0.02,0.86
2021-07-21,6.67,6.79,6.81,6.67,23195,15676862.00,2.10,1.95,0.13,0.93"]}});
