jQuery112402823351815161831_1626521459839({"rc":0,"rt":17,"svr":182482650,"lt":1,"full":0,"data":{"code":"600278
market":1,"name":"东方创业
decimal":2,"dktotal":4993,"preKPrice":7.79,"klines":["2021-07-08,7.80,7.75,7.85,7.71,22195,17259020.00,1.80,-0.51,-0.04,0.33
2021-07-09,7.72,7.85,7.85,7.68,25933,20169805.00,2.19,1.29,0.10,0.38
2021-07-12,7.88,7.82,7.90,7.81,15427,12107784.00,1.15,-0.38,-0.03,0.23
2021-07-13,7.81,7.87,7.92,7.79,19899,15644665.00,1.66,0.64,0.05,0.29
2021-07-14,7.86,7.83,7.86,7.79,17227,13486011.00,0.89,-0.51,-0.04,0.25
2021-07-15,7.80,7.82,7.85,7.77,16969,13265316.00,1.02,-0.13,-0.01,0.25
2021-07-16,7.98,7.87,8.14,7.86,43393,34572297.00,3.58,0.64,0.05,0.64
2021-07-19,7.83,7.83,7.90,7.73,27760,21666880.00,2.16,-0.51,-0.04,0.41
2021-07-20,7.81,7.80,7.84,7.75,13283,10378348.00,1.15,-0.38,-0.03,0.20
2021-07-21,7.78,7.80,7.85,7.78,19405,15147046.00,0.90,0.00,0.00,0.29"]}});
