jQuery112402823351815161831_1626521459839({"rc":0,"rt":17,"svr":181669633,"lt":1,"full":0,"data":{"code":"600630
market":1,"name":"龙头股份
decimal":2,"dktotal":6838,"preKPrice":5.71,"klines":["2021-07-08,5.68,5.55,5.73,5.53,72595,40723997.00,3.50,-2.80,-0.16,1.71
2021-07-09,5.54,5.66,5.66,5.53,57865,32383249.00,2.34,1.98,0.11,1.36
2021-07-12,5.66,5.78,5.88,5.62,92347,53280762.00,4.59,2.12,0.12,2.17
2021-07-13,5.75,6.05,6.06,5.71,169008,101169542.00,6.06,4.67,0.27,3.98
2021-07-14,6.00,5.94,6.06,5.91,90136,53736175.00,2.48,-1.82,-0.11,2.12
2021-07-15,6.00,6.07,6.15,5.89,140941,85149747.00,4.38,2.19,0.13,3.32
2021-07-16,6.14,5.85,6.26,5.85,192380,115788097.00,6.75,-3.62,-0.22,4.53
2021-07-19,5.70,5.53,5.72,5.52,115277,64260760.00,3.42,-5.47,-0.32,2.71
2021-07-20,5.53,5.43,5.53,5.41,75623,41223490.00,2.17,-1.81,-0.10,1.78
2021-07-21,5.45,5.44,5.50,5.44,55228,30179360.00,1.10,0.18,0.01,1.30"]}});
