jQuery112402823351815161831_1626521459839({"rc":0,"rt":17,"svr":182482649,"lt":1,"full":0,"data":{"code":"002400
market":0,"name":"省广集团
decimal":2,"dktotal":2494,"preKPrice":5.16,"klines":["2021-07-08,5.12,5.09,5.15,5.08,373137,190375921.00,1.36,-1.36,-0.07,2.21
2021-07-09,5.07,5.09,5.12,5.05,225030,114424232.00,1.38,0.00,0.00,1.33
2021-07-12,5.11,5.11,5.14,5.09,304159,155635448.00,0.98,0.39,0.02,1.80
2021-07-13,5.10,5.14,5.17,5.08,333096,170877433.00,1.76,0.59,0.03,1.97
2021-07-14,5.12,5.04,5.12,5.03,396403,201019045.00,1.75,-1.95,-0.10,2.35
2021-07-15,5.02,5.04,5.06,4.94,360176,180187878.00,2.38,0.00,0.00,2.13
2021-07-16,5.01,5.03,5.09,5.00,220459,111225699.00,1.79,-0.20,-0.01,1.31
2021-07-19,5.03,4.95,5.03,4.93,278022,137770787.00,1.99,-1.59,-0.08,1.65
2021-07-20,4.90,4.91,4.94,4.86,249866,122281942.00,1.62,-0.81,-0.04,1.48
2021-07-21,4.92,4.93,4.96,4.91,202244,99735347.00,1.02,0.41,0.02,1.20"]}});
