jQuery112402823351815161831_1626521459839({"rc":0,"rt":17,"svr":181734974,"lt":1,"full":0,"data":{"code":"600835
market":1,"name":"上海机电
decimal":2,"dktotal":6588,"preKPrice":15.68,"klines":["2021-07-08,15.75,15.81,16.07,15.69,51987,82449753.00,2.42,0.83,0.13,0.64
2021-07-09,15.79,15.66,15.88,15.58,39911,62592337.00,1.90,-0.95,-0.15,0.49
2021-07-12,15.69,15.90,15.95,15.53,45334,71858842.00,2.68,1.53,0.24,0.56
2021-07-13,15.81,15.84,15.91,15.60,46666,73295706.00,1.95,-0.38,-0.06,0.58
2021-07-14,15.52,15.25,15.53,15.17,40528,61833704.00,2.27,-3.72,-0.59,0.50
2021-07-15,15.38,15.19,15.75,15.11,66199,101577960.00,4.20,-0.39,-0.06,0.82
2021-07-16,15.28,15.48,15.58,15.09,63974,98374836.00,3.23,1.91,0.29,0.79
2021-07-19,15.31,15.05,15.35,14.83,50746,76155845.00,3.36,-2.78,-0.43,0.63
2021-07-20,14.98,15.16,15.22,14.83,41233,62123549.00,2.59,0.73,0.11,0.51
2021-07-21,15.10,15.07,15.38,15.06,36877,55877669.00,2.11,-0.59,-0.09,0.46"]}});
