jQuery112402823351815161831_1626521459839({"rc":0,"rt":17,"svr":181216787,"lt":1,"full":0,"data":{"code":"600080
market":1,"name":"金花股份
decimal":2,"dktotal":5743,"preKPrice":7.14,"klines":["2021-07-08,7.14,6.91,7.17,6.90,58226,40731237.00,3.78,-3.22,-0.23,1.56
2021-07-09,6.92,7.24,7.36,6.88,62265,44700216.00,6.95,4.78,0.33,1.67
2021-07-12,7.19,7.19,7.29,7.13,42584,30555149.00,2.21,-0.69,-0.05,1.14
2021-07-13,7.14,7.35,7.45,7.10,60464,44132975.00,4.87,2.23,0.16,1.62
2021-07-14,7.30,7.54,7.69,7.27,107561,80903812.00,5.71,2.59,0.19,2.88
2021-07-15,7.50,7.35,7.60,7.22,75011,55389321.00,5.04,-2.52,-0.19,2.01
2021-07-16,7.38,7.21,7.44,7.20,51404,37523603.00,3.27,-1.90,-0.14,1.38
2021-07-19,7.08,7.48,7.48,7.00,79143,57325139.00,6.66,3.74,0.27,2.12
2021-07-20,7.50,7.44,7.64,7.38,83921,62985198.00,3.48,-0.53,-0.04,2.25
2021-07-21,7.38,7.39,7.53,7.28,66821,49305763.00,3.36,-0.67,-0.05,1.79"]}});
