jQuery112402823351815161831_1626521459839({"rc":0,"rt":17,"svr":182480525,"lt":1,"full":0,"data":{"code":"002678
market":0,"name":"珠江钢琴
decimal":2,"dktotal":2189,"preKPrice":6.58,"klines":["2021-07-08,6.60,6.56,6.68,6.46,30070,19764712.00,3.34,-0.30,-0.02,0.22
2021-07-09,6.54,6.54,6.62,6.49,20331,13330215.00,1.98,-0.30,-0.02,0.15
2021-07-12,6.56,6.61,6.80,6.55,33129,22098060.00,3.82,1.07,0.07,0.24
2021-07-13,6.65,6.71,6.82,6.62,40506,27262186.00,3.03,1.51,0.10,0.30
2021-07-14,6.72,6.71,6.78,6.64,20365,13646778.00,2.09,0.00,0.00,0.15
2021-07-15,6.71,6.61,6.79,6.55,26515,17690815.00,3.58,-1.49,-0.10,0.20
2021-07-16,6.60,6.47,6.63,6.37,23514,15339681.00,3.93,-2.12,-0.14,0.17
2021-07-19,6.45,6.39,6.47,6.37,15938,10199557.00,1.55,-1.24,-0.08,0.12
2021-07-20,6.37,6.39,6.41,6.31,7747,4931016.00,1.56,0.00,0.00,0.06
2021-07-21,6.42,6.43,6.53,6.40,9877,6362646.00,2.03,0.63,0.04,0.07"]}});
