jQuery112402823351815161831_1626521459839({"rc":0,"rt":17,"svr":181734975,"lt":1,"full":0,"data":{"code":"003033
market":0,"name":"征和工业
decimal":2,"dktotal":128,"preKPrice":30.55,"klines":["2021-07-08,30.53,29.97,30.53,29.93,8811,26513917.00,1.96,-1.90,-0.58,4.31
2021-07-09,29.90,30.16,30.30,29.62,5791,17419256.00,2.27,0.63,0.19,2.83
2021-07-12,30.23,30.42,30.79,30.23,8239,25122247.00,1.86,0.86,0.26,4.03
2021-07-13,30.40,30.51,30.60,29.81,9649,29090114.00,2.60,0.30,0.09,4.72
2021-07-14,30.50,30.16,30.78,30.08,8350,25393585.00,2.29,-1.15,-0.35,4.08
2021-07-15,30.02,29.22,30.35,29.17,11298,33348962.00,3.91,-3.12,-0.94,5.52
2021-07-16,29.20,28.84,29.35,28.80,8584,24900980.00,1.88,-1.30,-0.38,4.20
2021-07-19,28.75,28.25,28.92,28.15,7703,21861807.00,2.67,-2.05,-0.59,3.77
2021-07-20,28.20,28.58,28.59,28.05,4863,13827105.00,1.91,1.17,0.33,2.38
2021-07-21,28.43,28.95,29.18,28.43,7118,20575773.00,2.62,1.29,0.37,3.48"]}});
