jQuery112402823351815161831_1626521459839({"rc":0,"rt":17,"svr":182481427,"lt":1,"full":0,"data":{"code":"002262
market":0,"name":"恩华药业
decimal":2,"dktotal":3154,"preKPrice":15.21,"klines":["2021-07-08,15.08,14.93,15.18,14.75,52799,78790558.00,2.83,-1.84,-0.28,0.60
2021-07-09,14.90,14.90,14.99,14.73,32376,48170755.00,1.74,-0.20,-0.03,0.37
2021-07-12,14.90,14.97,15.15,14.87,45844,68832529.00,1.88,0.47,0.07,0.52
2021-07-13,14.97,15.02,15.08,14.87,40873,61114276.00,1.40,0.33,0.05,0.46
2021-07-14,15.00,15.03,15.18,14.89,34342,51682438.00,1.93,0.07,0.01,0.39
2021-07-15,15.04,14.94,15.04,14.84,35770,53407632.00,1.33,-0.60,-0.09,0.41
2021-07-16,14.93,14.84,14.99,14.82,27108,40317507.00,1.14,-0.67,-0.10,0.31
2021-07-19,14.80,15.01,15.08,14.65,37470,55909017.00,2.90,1.15,0.17,0.42
2021-07-20,14.99,14.95,15.18,14.90,29699,44665738.00,1.87,-0.40,-0.06,0.34
2021-07-21,14.90,14.73,15.01,14.64,49947,73896871.00,2.47,-1.47,-0.22,0.57"]}});
