jQuery112402823351815161831_1626521459839({"rc":0,"rt":17,"svr":181669633,"lt":1,"full":0,"data":{"code":"002604
market":0,"name":"龙力退
decimal":2,"dktotal":1716,"preKPrice":0.3,"klines":["2020-07-01,0.30,0.30,0.31,0.29,205847,6164298.00,6.67,0.00,0.00,4.02
2020-07-02,0.30,0.29,0.30,0.28,102982,3000888.00,6.67,-3.33,-0.01,2.01
2020-07-03,0.29,0.28,0.29,0.27,139582,3922194.00,6.90,-3.45,-0.01,2.72
2020-07-06,0.27,0.28,0.29,0.27,159411,4410173.00,7.14,0.00,0.00,3.11
2020-07-07,0.29,0.28,0.29,0.27,103671,2900380.00,7.14,0.00,0.00,2.02
2020-07-08,0.28,0.27,0.28,0.26,253545,6802034.00,7.14,-3.57,-0.01,4.95
2020-07-09,0.27,0.28,0.28,0.26,123140,3327554.00,7.41,3.70,0.01,2.40
2020-07-10,0.28,0.28,0.29,0.27,195944,5535043.00,7.14,0.00,0.00,3.82
2020-07-13,0.28,0.27,0.29,0.26,241785,6670690.00,10.71,-3.57,-0.01,4.72
2020-07-14,0.27,0.25,0.27,0.24,320602,8192761.00,11.11,-7.41,-0.02,6.26"]}});
