jQuery112402823351815161831_1626521459839({"rc":0,"rt":17,"svr":181669475,"lt":1,"full":0,"data":{"code":"600002
market":1,"name":"齐鲁石化
decimal":2,"dktotal":1912,"preKPrice":10.1,"klines":["2006-03-24,10.10,10.12,10.12,10.10,23725,23985627.00,0.20,0.20,0.02,0.00
2006-03-27,10.12,10.11,10.12,10.10,37334,37745463.00,0.20,-0.10,-0.01,0.00
2006-03-28,10.11,10.10,10.12,10.10,29351,29673140.00,0.20,-0.10,-0.01,0.00
2006-03-29,10.10,10.09,10.11,10.09,39215,39604658.00,0.20,-0.10,-0.01,0.00
2006-03-30,10.09,10.10,10.11,10.08,32196,32489567.00,0.30,0.10,0.01,0.00
2006-03-31,10.10,10.11,10.12,10.10,16364,16533529.00,0.20,0.10,0.01,0.00
2006-04-03,10.11,10.11,10.13,10.11,19799,20030568.00,0.20,0.00,0.00,0.00
2006-04-04,10.11,10.11,10.12,10.10,46174,46681641.00,0.20,0.00,0.00,0.00
2006-04-05,10.11,10.13,10.14,10.09,78539,79367810.00,0.49,0.20,0.02,0.00
2006-04-06,10.07,10.09,10.11,10.01,6478,6524667.00,0.99,-0.39,-0.04,0.00"]}});
