jQuery112402823351815161831_1626521459839({"rc":0,"rt":17,"svr":181669475,"lt":1,"full":0,"data":{"code":"002487
market":0,"name":"大金重工
decimal":2,"dktotal":2596,"preKPrice":7.24,"klines":["2021-07-08,7.25,7.29,7.40,7.22,56473,41252120.00,2.49,0.69,0.05,1.04
2021-07-09,7.24,7.35,7.37,7.22,47560,34641291.00,2.06,0.82,0.06,0.88
2021-07-12,7.36,7.42,7.46,7.34,63382,46958320.00,1.63,0.95,0.07,1.17
2021-07-13,7.42,7.60,7.61,7.34,92000,69119552.00,3.64,2.43,0.18,1.70
2021-07-14,7.65,7.52,7.69,7.49,67825,51304481.00,2.63,-1.05,-0.08,1.25
2021-07-15,7.50,7.50,7.59,7.44,52811,39716106.00,1.99,-0.27,-0.02,0.97
2021-07-16,7.51,7.63,7.78,7.46,105613,80941063.00,4.27,1.73,0.13,1.95
2021-07-19,7.59,7.78,7.79,7.57,96093,74166395.00,2.88,1.97,0.15,1.77
2021-07-20,7.71,7.65,7.72,7.59,58934,45005024.00,1.67,-1.67,-0.13,1.09
2021-07-21,7.64,7.60,7.69,7.53,59910,45383130.00,2.09,-0.65,-0.05,1.10"]}});
