jQuery112402823351815161831_1626521459839({"rc":0,"rt":17,"svr":182480524,"lt":1,"full":0,"data":{"code":"600319
market":1,"name":"*ST亚星
decimal":2,"dktotal":4522,"preKPrice":5.65,"klines":["2021-07-08,5.66,5.69,5.89,5.60,17924,10299702.00,5.13,0.71,0.04,0.57
2021-07-09,5.76,5.80,5.88,5.64,15290,8866223.00,4.22,1.93,0.11,0.48
2021-07-12,5.85,5.76,5.98,5.65,19798,11391937.00,5.69,-0.69,-0.04,0.63
2021-07-13,5.66,5.81,5.85,5.66,11757,6781711.00,3.30,0.87,0.05,0.37
2021-07-14,5.82,5.73,5.85,5.69,8648,4989017.00,2.75,-1.38,-0.08,0.27
2021-07-15,5.70,5.77,5.79,5.69,9086,5224372.00,1.75,0.70,0.04,0.29
2021-07-16,5.74,5.77,5.92,5.70,11498,6674379.00,3.81,0.00,0.00,0.36
2021-07-19,5.73,5.70,5.76,5.63,11434,6499566.00,2.25,-1.21,-0.07,0.36
2021-07-20,5.68,5.64,5.69,5.55,10508,5892178.00,2.46,-1.05,-0.06,0.33
2021-07-21,5.60,5.54,5.70,5.50,11936,6684707.00,3.55,-1.77,-0.10,0.38"]}});
