jQuery112402823351815161831_1626521459839({"rc":0,"rt":17,"svr":181734974,"lt":1,"full":0,"data":{"code":"600891
market":1,"name":"退市秋林
decimal":2,"dktotal":5513,"preKPrice":0.33,"klines":["2021-04-19,0.34,0.34,0.35,0.33,70874,2439927.00,6.06,3.03,0.01,1.84
2021-04-20,0.35,0.37,0.37,0.35,106433,3818825.00,5.88,8.82,0.03,2.77
2021-04-21,0.39,0.35,0.39,0.35,96727,3555553.00,10.81,-5.41,-0.02,2.52
2021-04-22,0.36,0.39,0.39,0.35,136979,5154104.00,11.43,11.43,0.04,3.56
2021-04-23,0.39,0.40,0.40,0.38,79602,3139919.00,5.13,2.56,0.01,2.07
2021-04-26,0.40,0.40,0.42,0.40,125486,5071208.00,5.00,0.00,0.00,3.27
2021-04-27,0.41,0.41,0.42,0.40,64258,2652387.00,5.00,2.50,0.01,1.67
2021-04-28,0.42,0.44,0.45,0.41,113998,4902834.00,9.76,7.32,0.03,2.97
2021-04-29,0.44,0.42,0.45,0.41,135952,5818979.00,9.09,-4.55,-0.02,3.54
2021-04-30,0.42,0.38,0.42,0.38,146736,5700045.00,9.52,-9.52,-0.04,3.82"]}});
