jQuery112402823351815161831_1626521459839({"rc":0,"rt":17,"svr":181734976,"lt":1,"full":0,"data":{"code":"002612
market":0,"name":"朗姿股份
decimal":2,"dktotal":2202,"preKPrice":50.51,"klines":["2021-07-08,50.60,48.04,50.88,47.68,178396,871060880.00,6.34,-4.89,-2.47,6.83
2021-07-09,47.60,48.80,48.95,47.10,139246,669541616.00,3.85,1.58,0.76,5.33
2021-07-12,48.46,48.72,49.83,47.46,157428,768056288.00,4.86,-0.16,-0.08,6.02
2021-07-13,48.30,47.86,49.43,47.05,136966,655079312.00,4.89,-1.77,-0.86,5.24
2021-07-14,47.52,50.65,51.94,47.11,264407,1315925696.00,10.09,5.83,2.79,10.12
2021-07-15,49.49,47.89,49.64,47.06,207704,996568688.00,5.09,-5.45,-2.76,7.95
2021-07-16,47.07,45.46,47.07,45.20,144540,662125200.00,3.90,-5.07,-2.43,5.53
2021-07-19,45.02,46.00,46.42,44.50,97671,447837792.00,4.22,1.19,0.54,3.74
2021-07-20,46.12,46.91,47.65,45.90,121787,572084576.00,3.80,1.98,0.91,4.66
2021-07-21,47.55,47.26,48.80,47.00,140296,668989072.00,3.84,0.75,0.35,5.37"]}});
