jQuery112402823351815161831_1626521459839({"rc":0,"rt":17,"svr":182480525,"lt":1,"full":0,"data":{"code":"600365
market":1,"name":"ST通葡
decimal":2,"dktotal":4650,"preKPrice":5.39,"klines":["2021-07-08,5.31,5.66,5.66,5.31,334623,183178181.00,6.49,5.01,0.27,8.37
2021-07-09,5.52,5.38,5.64,5.38,335088,181365616.00,4.59,-4.95,-0.28,8.38
2021-07-12,5.14,5.11,5.22,5.11,109132,56035813.00,2.04,-5.02,-0.27,2.73
2021-07-13,4.86,4.85,5.33,4.85,482107,237693160.00,9.39,-5.09,-0.26,12.05
2021-07-14,4.85,4.80,5.00,4.63,342648,164064765.00,7.63,-1.03,-0.05,8.57
2021-07-15,4.72,4.58,4.77,4.56,316042,145743974.00,4.38,-4.58,-0.22,7.90
2021-07-16,4.53,4.65,4.80,4.53,256011,119740714.00,5.90,1.53,0.07,6.40
2021-07-19,4.57,4.42,4.62,4.42,197136,87726350.00,4.30,-4.95,-0.23,4.93
2021-07-20,4.23,4.64,4.64,4.23,352268,157084741.00,9.28,4.98,0.22,8.81
2021-07-21,4.63,4.51,4.74,4.47,238791,109380011.00,5.82,-2.80,-0.13,5.97"]}});
