jQuery112402823351815161831_1626521459839({"rc":0,"rt":17,"svr":181669733,"lt":1,"full":0,"data":{"code":"600883
market":1,"name":"博闻科技
decimal":2,"dktotal":6158,"preKPrice":8.2,"klines":["2021-07-08,8.19,8.09,8.24,7.90,14311,11609860.00,4.15,-1.34,-0.11,0.61
2021-07-09,8.03,8.01,8.14,7.64,12027,9669841.00,6.18,-0.99,-0.08,0.51
2021-07-12,8.13,7.97,8.13,7.93,11707,9362845.00,2.50,-0.50,-0.04,0.50
2021-07-13,8.00,7.87,8.03,7.85,13305,10500912.00,2.26,-1.25,-0.10,0.56
2021-07-14,7.89,7.74,7.95,7.70,12039,9387395.00,3.18,-1.65,-0.13,0.51
2021-07-15,7.79,7.65,7.79,7.50,11184,8545771.00,3.75,-1.16,-0.09,0.47
2021-07-16,7.64,7.73,7.85,7.60,12324,9508766.00,3.27,1.05,0.08,0.52
2021-07-19,7.76,7.62,7.76,7.57,8977,6841556.00,2.46,-1.42,-0.11,0.38
2021-07-20,7.54,7.42,7.61,7.36,16263,12104824.00,3.28,-2.62,-0.20,0.69
2021-07-21,7.43,7.80,8.05,7.43,27259,21291876.00,8.36,5.12,0.38,1.15"]}});
