jQuery112402823351815161831_1626521459839({"rc":0,"rt":17,"svr":182481597,"lt":1,"full":0,"data":{"code":"002394
market":0,"name":"联发股份
decimal":2,"dktotal":2724,"preKPrice":8.09,"klines":["2021-07-08,8.08,8.06,8.12,8.06,7867,6354562.00,0.74,-0.37,-0.03,0.24
2021-07-09,8.04,8.05,8.08,8.03,10307,8295719.00,0.62,-0.12,-0.01,0.32
2021-07-12,8.07,8.08,8.11,8.06,8948,7230418.00,0.62,0.37,0.03,0.28
2021-07-13,8.06,8.09,8.10,8.04,10791,8696853.00,0.74,0.12,0.01,0.33
2021-07-14,8.10,8.03,8.12,8.03,12103,9753024.00,1.11,-0.74,-0.06,0.37
2021-07-15,8.00,7.97,8.02,7.94,21615,17243817.00,1.00,-0.75,-0.06,0.67
2021-07-16,7.97,7.96,7.99,7.94,9504,7569523.00,0.63,-0.13,-0.01,0.29
2021-07-19,7.95,7.85,7.95,7.80,22486,17631067.00,1.88,-1.38,-0.11,0.70
2021-07-20,7.81,7.81,7.85,7.78,13295,10376552.00,0.89,-0.51,-0.04,0.41
2021-07-21,7.84,7.82,7.84,7.79,11585,9048685.00,0.64,0.13,0.01,0.36"]}});
