jQuery112402823351815161831_1626521459839({"rc":0,"rt":17,"svr":182482648,"lt":1,"full":0,"data":{"code":"002274
market":0,"name":"华昌化工
decimal":2,"dktotal":3070,"preKPrice":11.14,"klines":["2021-07-08,11.31,11.20,11.56,11.05,663384,749157840.00,4.58,0.54,0.06,7.07
2021-07-09,11.16,11.78,12.05,11.11,746600,861531120.00,8.39,5.18,0.58,7.96
2021-07-12,11.90,11.67,12.08,11.50,691594,809177616.00,4.92,-0.93,-0.11,7.37
2021-07-13,11.61,12.01,12.12,11.45,596496,702866976.00,5.74,2.91,0.34,6.36
2021-07-14,11.80,11.80,12.23,11.63,542493,646185072.00,5.00,-1.75,-0.21,5.78
2021-07-15,11.65,12.05,12.35,11.60,606179,733736112.00,6.36,2.12,0.25,6.46
2021-07-16,11.90,12.68,12.96,11.89,671643,841628288.00,8.88,5.23,0.63,7.16
2021-07-19,12.90,12.35,13.03,12.28,695794,881654384.00,5.91,-2.60,-0.33,7.42
2021-07-20,12.22,12.38,12.38,11.73,550047,665653712.00,5.26,0.24,0.03,5.86
2021-07-21,12.50,12.20,12.56,12.18,568818,702998672.00,3.07,-1.45,-0.18,6.06"]}});
