jQuery112402823351815161831_1626521459839({"rc":0,"rt":17,"svr":182482250,"lt":1,"full":0,"data":{"code":"002975
market":0,"name":"博杰股份
decimal":2,"dktotal":358,"preKPrice":83.36,"klines":["2021-07-08,84.26,83.46,84.97,81.40,13260,110198159.00,4.28,0.12,0.10,3.41
2021-07-09,83.18,83.55,84.36,81.64,8731,72658797.00,3.26,0.11,0.09,2.24
2021-07-12,83.58,85.10,86.38,82.27,11592,97979942.00,4.92,1.86,1.55,2.98
2021-07-13,84.94,83.40,87.45,82.60,10535,88705234.00,5.70,-2.00,-1.70,2.71
2021-07-14,83.44,80.80,83.58,80.56,11417,93172094.00,3.62,-3.12,-2.60,2.93
2021-07-15,77.00,73.98,79.23,73.67,28145,212425012.00,6.88,-8.44,-6.82,7.23
2021-07-16,73.97,70.86,74.37,70.23,22893,163357732.00,5.60,-4.22,-3.12,5.88
2021-07-19,70.00,68.33,70.85,67.50,18950,129896272.00,4.73,-3.57,-2.53,4.87
2021-07-20,68.35,68.89,69.85,67.80,11760,80763951.00,3.00,0.82,0.56,3.02
2021-07-21,68.88,71.80,71.88,68.69,16242,114730675.00,4.63,4.22,2.91,4.17"]}});
