jQuery112402823351815161831_1626521459839({"rc":0,"rt":17,"svr":181734975,"lt":1,"full":0,"data":{"code":"003023
market":0,"name":"彩虹集团
decimal":2,"dktotal":148,"preKPrice":29.82,"klines":["2021-07-08,29.82,29.08,29.82,28.90,7845,22905486.00,3.09,-2.48,-0.74,3.86
2021-07-09,29.00,29.17,29.35,28.80,3843,11179615.00,1.89,0.31,0.09,1.89
2021-07-12,29.17,29.33,29.44,29.10,4214,12343256.00,1.17,0.55,0.16,2.08
2021-07-13,29.36,29.38,29.54,29.06,3264,9560384.00,1.64,0.17,0.05,1.61
2021-07-14,29.26,29.05,29.47,29.04,3465,10093486.00,1.46,-1.12,-0.33,1.71
2021-07-15,29.01,28.64,29.10,28.52,5129,14745727.00,2.00,-1.41,-0.41,2.53
2021-07-16,28.64,28.37,28.66,28.32,4378,12444332.00,1.19,-0.94,-0.27,2.16
2021-07-19,28.01,27.78,28.45,27.24,5110,14153710.00,4.27,-2.08,-0.59,2.52
2021-07-20,28.02,28.62,29.00,27.45,5384,15180140.00,5.58,3.02,0.84,2.65
2021-07-21,28.52,28.42,28.74,28.38,3278,9357851.00,1.26,-0.70,-0.20,1.61"]}});
