jQuery112402823351815161831_1626521459839({"rc":0,"rt":17,"svr":181669733,"lt":1,"full":0,"data":{"code":"600593
market":1,"name":"大连圣亚
decimal":2,"dktotal":4501,"preKPrice":21.26,"klines":["2021-06-30,21.25,21.18,21.26,20.71,29691,62249215.00,2.59,-0.38,-0.08,2.31
2021-07-01,21.16,20.58,21.24,20.17,23774,49999306.00,5.05,-2.83,-0.60,1.85
2021-07-02,20.58,20.54,21.01,20.00,32073,65948528.00,4.91,-0.19,-0.04,2.49
2021-07-05,20.53,20.99,21.45,20.34,61288,128280957.00,5.40,2.19,0.45,4.76
2021-07-06,20.90,20.82,21.32,20.60,42841,89842897.00,3.43,-0.81,-0.17,3.33
2021-07-07,20.76,19.80,20.79,19.80,42501,86025301.00,4.76,-4.90,-1.02,3.30
2021-07-08,19.10,17.82,19.50,17.82,102730,184281876.00,8.48,-10.00,-1.98,7.98
2021-07-09,16.88,18.30,19.24,16.82,112436,207857507.00,13.58,2.69,0.48,8.73
2021-07-12,18.30,18.66,19.11,18.01,61671,115067963.00,6.01,1.97,0.36,4.79
2021-07-13,18.71,18.38,19.30,18.28,71908,134352033.00,5.47,-1.50,-0.28,5.58"]}});
