jQuery112402823351815161831_1626521459839({"rc":0,"rt":17,"svr":182482248,"lt":1,"full":0,"data":{"code":"600409
market":1,"name":"三友化工
decimal":2,"dktotal":4302,"preKPrice":10.55,"klines":["2021-07-08,10.56,10.41,10.69,10.32,781388,818186928.00,3.51,-1.33,-0.14,3.79
2021-07-09,10.52,10.68,10.80,10.42,782034,831878896.00,3.65,2.59,0.27,3.79
2021-07-12,10.86,11.05,11.29,10.85,1049801,1160558992.00,4.12,3.46,0.37,5.09
2021-07-13,11.05,11.83,11.96,10.92,1106470,1284119552.00,9.41,7.06,0.78,5.36
2021-07-14,11.80,12.25,12.58,11.66,1124093,1377395120.00,7.78,3.55,0.42,5.45
2021-07-15,12.03,12.39,12.68,12.00,786404,974681312.00,5.55,1.14,0.14,3.81
2021-07-16,12.36,12.96,13.29,12.24,886666,1148603488.00,8.47,4.60,0.57,4.30
2021-07-19,13.15,12.73,13.68,12.59,852074,1107948016.00,8.41,-1.77,-0.23,4.13
2021-07-20,12.35,12.73,12.87,11.80,770465,957464256.00,8.41,0.00,0.00,3.73
2021-07-21,13.00,13.49,13.64,12.73,831562,1100903344.00,7.15,5.97,0.76,4.03"]}});
