jQuery112402823351815161831_1626521459839({"rc":0,"rt":17,"svr":182481598,"lt":1,"full":0,"data":{"code":"002339
market":0,"name":"积成电子
decimal":2,"dktotal":2733,"preKPrice":6.13,"klines":["2021-07-08,6.13,6.07,6.19,6.03,32365,19706970.00,2.61,-0.98,-0.06,0.67
2021-07-09,6.03,6.19,6.23,6.02,60649,37329849.00,3.46,1.98,0.12,1.26
2021-07-12,6.23,6.16,6.27,6.14,47603,29486207.00,2.10,-0.48,-0.03,0.99
2021-07-13,6.18,6.26,6.28,6.11,71117,44153772.00,2.76,1.62,0.10,1.48
2021-07-14,6.21,6.24,6.28,6.18,47207,29407450.00,1.60,-0.32,-0.02,0.98
2021-07-15,6.22,6.10,6.22,6.02,60327,36743379.00,3.21,-2.24,-0.14,1.25
2021-07-16,6.11,6.07,6.16,6.06,39448,24099402.00,1.64,-0.49,-0.03,0.82
2021-07-19,6.05,6.12,6.12,5.93,48985,29471123.00,3.13,0.82,0.05,1.02
2021-07-20,6.07,6.08,6.13,6.04,28632,17394207.00,1.47,-0.65,-0.04,0.59
2021-07-21,6.04,6.15,6.15,6.04,40202,24560174.00,1.81,1.15,0.07,0.83"]}});
