jQuery112402823351815161831_1626521459839({"rc":0,"rt":17,"svr":181669733,"lt":1,"full":0,"data":{"code":"600110
market":1,"name":"诺德股份
decimal":2,"dktotal":5394,"preKPrice":13.65,"klines":["2021-07-08,13.80,14.96,15.00,13.76,946170,1366702464.00,9.08,9.60,1.31,7.15
2021-07-09,14.70,14.62,14.85,14.12,696602,1010017568.00,4.88,-2.27,-0.34,5.26
2021-07-12,15.68,16.08,16.08,15.50,1032510,1652009904.00,3.97,9.99,1.46,7.80
2021-07-13,16.40,16.15,16.95,15.20,1570304,2526326784.00,10.88,0.44,0.07,11.87
2021-07-14,15.64,14.54,15.64,14.54,1350969,2005120144.00,6.81,-9.97,-1.61,10.21
2021-07-15,15.00,15.73,15.90,15.00,1521193,2360626432.00,6.19,8.18,1.19,11.50
2021-07-16,15.49,14.76,16.05,14.56,1245632,1892250768.00,9.47,-6.17,-0.97,9.41
2021-07-19,14.62,13.69,14.64,13.46,1226675,1714297008.00,7.99,-7.25,-1.07,9.27
2021-07-20,13.42,14.42,14.64,13.42,784349,1114216368.00,8.91,5.33,0.73,5.93
2021-07-21,14.53,15.83,15.86,14.53,1104504,1713800528.00,9.22,9.78,1.41,8.35"]}});
