jQuery112402823351815161831_1626521459839({"rc":0,"rt":17,"svr":181669733,"lt":1,"full":0,"data":{"code":"600452
market":1,"name":"涪陵电力
decimal":2,"dktotal":4109,"preKPrice":14.16,"klines":["2021-07-08,14.24,14.00,14.56,13.95,68379,96910860.00,4.31,-1.13,-0.16,1.11
2021-07-09,14.01,14.24,14.31,13.77,55010,77094716.00,3.86,1.71,0.24,0.89
2021-07-12,14.23,14.24,14.37,14.09,53175,75787962.00,1.97,0.00,0.00,0.87
2021-07-13,14.19,14.67,14.75,14.14,94678,137737306.00,4.28,3.02,0.43,1.54
2021-07-14,14.68,15.63,16.12,14.61,242909,378093008.00,10.29,6.54,0.96,3.95
2021-07-15,15.60,15.33,15.60,15.10,119351,182801185.00,3.20,-1.92,-0.30,1.94
2021-07-16,15.33,15.25,15.58,15.22,86396,132830126.00,2.35,-0.52,-0.08,1.41
2021-07-19,15.25,15.37,15.57,15.09,74228,113344245.00,3.15,0.79,0.12,1.21
2021-07-20,15.21,15.01,15.26,14.57,111201,165143464.00,4.49,-2.34,-0.36,1.81
2021-07-21,15.08,14.95,15.16,14.73,88776,132074082.00,2.86,-0.40,-0.06,1.44"]}});
