jQuery112402823351815161831_1626521459839({"rc":0,"rt":17,"svr":181669733,"lt":1,"full":0,"data":{"code":"600221
market":1,"name":"*ST海航
decimal":2,"dktotal":4983,"preKPrice":2.12,"klines":["2021-07-08,2.13,2.11,2.13,2.10,878312,185108320.00,1.42,-0.47,-0.01,0.53
2021-07-09,2.12,2.07,2.12,2.06,1256360,262034793.00,2.84,-1.90,-0.04,0.76
2021-07-12,2.06,1.99,2.06,1.98,2140888,429938064.00,3.86,-3.86,-0.08,1.30
2021-07-13,1.99,2.09,2.09,1.98,1677443,345753824.00,5.53,5.03,0.10,1.02
2021-07-14,2.11,2.16,2.19,2.05,2045676,435890496.00,6.70,3.35,0.07,1.24
2021-07-15,2.14,2.17,2.24,2.13,1644128,360423264.00,5.09,0.46,0.01,1.00
2021-07-16,2.16,2.14,2.18,2.12,1145985,244723102.00,2.76,-1.38,-0.03,0.70
2021-07-19,2.13,2.11,2.14,2.09,911856,192691217.00,2.34,-1.40,-0.03,0.55
2021-07-20,2.10,2.22,2.22,2.09,1973067,432633232.00,6.16,5.21,0.11,1.20
2021-07-21,2.25,2.21,2.26,2.19,1392843,309105296.00,3.15,-0.45,-0.01,0.85"]}});
