jQuery112402823351815161831_1626521459839({"rc":0,"rt":17,"svr":181734974,"lt":1,"full":0,"data":{"code":"002565
market":0,"name":"顺灏股份
decimal":2,"dktotal":2441,"preKPrice":3.9,"klines":["2021-07-08,3.89,3.89,3.94,3.85,84848,32997460.00,2.31,-0.26,-0.01,0.80
2021-07-09,3.89,3.88,3.91,3.86,76192,29635459.00,1.29,-0.26,-0.01,0.72
2021-07-12,3.89,3.90,3.91,3.88,44733,17422896.00,0.77,0.52,0.02,0.42
2021-07-13,3.90,3.88,3.90,3.86,46896,18182993.00,1.03,-0.51,-0.02,0.44
2021-07-14,3.88,3.87,3.89,3.86,44841,17353070.00,0.77,-0.26,-0.01,0.42
2021-07-15,3.86,3.82,3.86,3.80,77473,29653044.00,1.55,-1.29,-0.05,0.73
2021-07-16,3.80,3.81,3.84,3.80,47060,17984037.00,1.05,-0.26,-0.01,0.45
2021-07-19,3.81,3.80,3.83,3.71,87658,33058976.00,3.15,-0.26,-0.01,0.83
2021-07-20,3.81,3.75,3.81,3.74,46195,17341302.00,1.84,-1.32,-0.05,0.44
2021-07-21,3.76,3.77,3.82,3.71,71674,27094302.00,2.93,0.53,0.02,0.68"]}});
