jQuery112402823351815161831_1626521459839({"rc":0,"rt":17,"svr":181216787,"lt":1,"full":0,"data":{"code":"600426
market":1,"name":"华鲁恒升
decimal":2,"dktotal":4582,"preKPrice":34.65,"klines":["2021-07-08,35.35,35.62,36.48,35.34,653792,2345449456.00,3.29,2.80,0.97,3.10
2021-07-09,35.14,36.61,36.98,35.14,429381,1554047376.00,5.17,2.78,0.99,2.04
2021-07-12,36.91,37.20,38.38,36.20,483876,1807293136.00,5.95,1.61,0.59,2.29
2021-07-13,37.25,36.38,38.20,35.68,394759,1434813920.00,6.77,-2.20,-0.82,1.87
2021-07-14,36.36,36.14,37.15,35.71,417280,1517437536.00,3.96,-0.66,-0.24,1.98
2021-07-15,36.30,36.81,37.55,36.16,371689,1364631648.00,3.85,1.85,0.67,1.76
2021-07-16,36.81,36.61,37.38,36.11,342927,1258681648.00,3.45,-0.54,-0.20,1.63
2021-07-19,36.66,35.18,36.89,34.90,351712,1252465328.00,5.44,-3.91,-1.43,1.67
2021-07-20,34.97,33.80,34.97,33.01,466587,1562839952.00,5.57,-3.92,-1.38,2.21
2021-07-21,33.94,34.09,34.53,33.08,426506,1443570192.00,4.29,0.86,0.29,2.02"]}});
