jQuery112402823351815161831_1626521459839({"rc":0,"rt":17,"svr":182482649,"lt":1,"full":0,"data":{"code":"600363
market":1,"name":"联创光电
decimal":2,"dktotal":4741,"preKPrice":27.14,"klines":["2021-07-08,27.16,27.92,28.34,27.10,126626,352852736.00,4.57,2.87,0.78,2.86
2021-07-09,27.92,28.34,29.09,27.85,130807,372568944.00,4.44,1.50,0.42,2.95
2021-07-12,28.49,28.18,28.82,27.54,129266,362103712.00,4.52,-0.56,-0.16,2.91
2021-07-13,28.00,29.61,29.96,27.50,193327,561922624.00,8.73,5.07,1.43,4.36
2021-07-14,29.73,28.75,29.93,28.60,151403,438733136.00,4.49,-2.90,-0.86,3.41
2021-07-15,28.56,28.08,28.93,27.52,141569,396790320.00,4.90,-2.33,-0.67,3.19
2021-07-16,27.96,28.88,29.60,27.60,125595,361969312.00,7.12,2.85,0.80,2.83
2021-07-19,28.81,28.53,29.87,28.41,118807,344423280.00,5.06,-1.21,-0.35,2.68
2021-07-20,28.29,31.38,31.38,28.19,337796,1034635408.00,11.18,9.99,2.85,7.62
2021-07-21,32.32,32.85,33.29,31.81,395135,1288673120.00,4.72,4.68,1.47,8.91"]}});
