jQuery112402823351815161831_1626521459839({"rc":0,"rt":17,"svr":181216787,"lt":1,"full":0,"data":{"code":"600829
market":1,"name":"人民同泰
decimal":2,"dktotal":6399,"preKPrice":5.85,"klines":["2021-07-08,5.85,5.69,5.85,5.68,16414,9433796.00,2.91,-2.74,-0.16,0.28
2021-07-09,5.74,5.71,5.74,5.64,8682,4927902.00,1.76,0.35,0.02,0.15
2021-07-12,5.72,5.74,5.76,5.71,8794,5049359.00,0.88,0.53,0.03,0.15
2021-07-13,5.76,5.74,5.76,5.70,7273,4165104.00,1.05,0.00,0.00,0.13
2021-07-14,5.76,5.68,5.78,5.67,9881,5638276.00,1.92,-1.05,-0.06,0.17
2021-07-15,5.68,5.61,5.70,5.55,10319,5788160.00,2.64,-1.23,-0.07,0.18
2021-07-16,5.63,5.59,5.65,5.57,5909,3308480.00,1.43,-0.36,-0.02,0.10
2021-07-19,5.59,5.69,5.77,5.59,11768,6705008.00,3.22,1.79,0.10,0.20
2021-07-20,5.69,5.75,5.78,5.67,10518,6024734.00,1.93,1.05,0.06,0.18
2021-07-21,5.72,5.69,5.75,5.65,12148,6918900.00,1.74,-1.04,-0.06,0.21"]}});
