jQuery112402823351815161831_1626521459839({"rc":0,"rt":17,"svr":181216787,"lt":1,"full":0,"data":{"code":"600066
market":1,"name":"宇通客车
decimal":2,"dktotal":5779,"preKPrice":13.07,"klines":["2021-07-08,13.18,12.80,13.19,12.75,173987,224379982.00,3.37,-2.07,-0.27,0.79
2021-07-09,12.81,12.81,12.87,12.62,177798,227169481.00,1.95,0.08,0.01,0.80
2021-07-12,12.92,12.57,12.98,12.50,286244,362099376.00,3.75,-1.87,-0.24,1.29
2021-07-13,12.55,12.55,12.65,12.48,143831,180400503.00,1.35,-0.16,-0.02,0.65
2021-07-14,12.55,12.38,12.55,12.30,154453,191146243.00,1.99,-1.35,-0.17,0.70
2021-07-15,12.39,12.21,12.42,12.09,120239,146770990.00,2.67,-1.37,-0.17,0.54
2021-07-16,12.21,12.16,12.29,12.05,111949,135804661.00,1.97,-0.41,-0.05,0.51
2021-07-19,12.17,12.08,12.26,12.01,131122,158850566.00,2.06,-0.66,-0.08,0.59
2021-07-20,11.95,12.08,12.08,11.94,88861,106694887.00,1.16,0.00,0.00,0.40
2021-07-21,11.98,12.09,12.19,11.97,111768,135231252.00,1.82,0.08,0.01,0.50"]}});
