jQuery112402823351815161831_1626521459839({"rc":0,"rt":17,"svr":181734975,"lt":1,"full":0,"data":{"code":"600830
market":1,"name":"香溢融通
decimal":2,"dktotal":6592,"preKPrice":5.08,"klines":["2021-07-08,5.09,4.98,5.10,4.97,37074,18595397.00,2.56,-1.97,-0.10,0.82
2021-07-09,4.97,5.00,5.03,4.97,26159,13052345.00,1.20,0.40,0.02,0.58
2021-07-12,5.00,5.10,5.11,5.00,50400,25589270.00,2.20,2.00,0.10,1.11
2021-07-13,5.09,5.11,5.13,5.07,37264,19012442.00,1.18,0.20,0.01,0.82
2021-07-14,5.09,5.07,5.10,5.04,30120,15258767.00,1.17,-0.78,-0.04,0.66
2021-07-15,5.05,4.97,5.07,4.94,43226,21519727.00,2.56,-1.97,-0.10,0.95
2021-07-16,4.96,4.91,4.97,4.91,37728,18621142.00,1.21,-1.21,-0.06,0.83
2021-07-19,4.92,4.93,4.95,4.89,28984,14257082.00,1.22,0.41,0.02,0.64
2021-07-20,4.90,4.93,4.94,4.88,18977,9304470.00,1.22,0.00,0.00,0.42
2021-07-21,4.92,4.94,4.97,4.92,20463,10114759.00,1.01,0.20,0.01,0.45"]}});
