jQuery112402823351815161831_1626521459839({"rc":0,"rt":17,"svr":181734975,"lt":1,"full":0,"data":{"code":"002731
market":0,"name":"萃华珠宝
decimal":2,"dktotal":1625,"preKPrice":6.23,"klines":["2021-07-08,6.23,6.14,6.24,6.12,17424,10748936.00,1.93,-1.44,-0.09,0.79
2021-07-09,6.14,6.23,6.24,6.12,16023,9934485.00,1.95,1.47,0.09,0.73
2021-07-12,6.24,6.27,6.35,6.14,23531,14771681.00,3.37,0.64,0.04,1.06
2021-07-13,6.27,6.29,6.30,6.23,14832,9301452.00,1.12,0.32,0.02,0.67
2021-07-14,6.28,6.18,6.30,6.17,16487,10245277.00,2.07,-1.75,-0.11,0.75
2021-07-15,6.20,6.18,6.23,6.09,22103,13562581.00,2.27,0.00,0.00,1.00
2021-07-16,6.15,6.17,6.20,6.13,12639,7790962.00,1.13,-0.16,-0.01,0.57
2021-07-19,6.15,6.08,6.17,5.97,22835,13808742.00,3.24,-1.46,-0.09,1.03
2021-07-20,6.09,6.14,6.15,6.03,12230,7453269.00,1.97,0.99,0.06,0.55
2021-07-21,6.09,6.19,6.19,6.07,16862,10383727.00,1.95,0.81,0.05,0.76"]}});
