jQuery112402823351815161831_1626521459839({"rc":0,"rt":17,"svr":182482249,"lt":1,"full":0,"data":{"code":"600488
market":1,"name":"天药股份
decimal":2,"dktotal":4726,"preKPrice":4.53,"klines":["2021-07-08,4.53,4.46,4.54,4.45,28194,12621848.00,1.99,-1.55,-0.07,0.26
2021-07-09,4.44,4.45,4.47,4.40,22565,9983656.00,1.57,-0.22,-0.01,0.21
2021-07-12,4.47,4.45,4.49,4.43,26918,11985614.00,1.35,0.00,0.00,0.25
2021-07-13,4.45,4.44,4.45,4.41,23332,10316420.00,0.90,-0.22,-0.01,0.21
2021-07-14,4.44,4.41,4.44,4.40,24535,10823048.00,0.90,-0.68,-0.03,0.22
2021-07-15,4.41,4.33,4.41,4.32,32040,13920852.00,2.04,-1.81,-0.08,0.29
2021-07-16,4.34,4.30,4.34,4.28,31042,13356137.00,1.39,-0.69,-0.03,0.28
2021-07-19,4.31,4.25,4.31,4.22,30376,12885992.00,2.09,-1.16,-0.05,0.28
2021-07-20,4.25,4.36,4.41,4.22,47491,20662590.00,4.47,2.59,0.11,0.43
2021-07-21,4.35,4.31,4.38,4.30,29677,12845613.00,1.83,-1.15,-0.05,0.27"]}});
