jQuery112402823351815161831_1626521459839({"rc":0,"rt":17,"svr":181216957,"lt":1,"full":0,"data":{"code":"600226
market":1,"name":"ST瀚叶
decimal":2,"dktotal":4738,"preKPrice":2.8,"klines":["2021-07-08,2.94,2.94,2.94,2.90,435554,127949810.00,1.43,5.00,0.14,1.39
2021-07-09,2.97,2.84,2.98,2.80,439169,127713971.00,6.12,-3.40,-0.10,1.40
2021-07-12,2.87,2.83,2.89,2.81,176613,50314526.00,2.82,-0.35,-0.01,0.56
2021-07-13,2.86,2.90,2.97,2.76,400745,114800131.00,7.42,2.47,0.07,1.28
2021-07-14,2.92,2.93,2.98,2.89,192344,56171435.00,3.10,1.03,0.03,0.61
2021-07-15,2.94,2.88,2.94,2.84,183912,52905497.00,3.41,-1.71,-0.05,0.59
2021-07-16,2.89,2.80,2.89,2.80,167615,47334622.00,3.13,-2.78,-0.08,0.54
2021-07-19,2.79,2.79,2.84,2.74,229946,63738422.00,3.57,-0.36,-0.01,0.73
2021-07-20,2.78,2.77,2.80,2.74,109452,30266071.00,2.15,-0.72,-0.02,0.35
2021-07-21,2.76,2.80,2.82,2.75,106268,29700623.00,2.53,1.08,0.03,0.34"]}});
