jQuery112402823351815161831_1626521459839({"rc":0,"rt":17,"svr":182482650,"lt":1,"full":0,"data":{"code":"600029
market":1,"name":"南方航空
decimal":2,"dktotal":4271,"preKPrice":5.89,"klines":["2021-07-08,5.89,5.77,5.89,5.74,410098,237432342.00,2.55,-2.04,-0.12,0.42
2021-07-09,5.77,5.89,5.95,5.75,408424,237422364.00,3.47,2.08,0.12,0.42
2021-07-12,5.90,5.79,5.91,5.78,368354,214191906.00,2.21,-1.70,-0.10,0.38
2021-07-13,5.76,5.90,5.96,5.74,362910,212902594.00,3.80,1.90,0.11,0.37
2021-07-14,5.90,5.78,5.90,5.77,253815,147316747.00,2.20,-2.03,-0.12,0.26
2021-07-15,5.82,5.82,5.83,5.75,183824,106542820.00,1.38,0.69,0.04,0.19
2021-07-16,5.81,5.96,5.99,5.79,475075,281070432.00,3.44,2.41,0.14,0.49
2021-07-19,5.93,6.10,6.11,5.88,500124,301455824.00,3.86,2.35,0.14,0.51
2021-07-20,6.05,6.08,6.13,6.03,254420,154495388.00,1.64,-0.33,-0.02,0.26
2021-07-21,6.03,5.99,6.05,5.93,360138,215468869.00,1.97,-1.48,-0.09,0.37"]}});
