jQuery112402823351815161831_1626521459839({"rc":0,"rt":17,"svr":182482248,"lt":1,"full":0,"data":{"code":"600977
market":1,"name":"中国电影
decimal":2,"dktotal":1204,"preKPrice":13.12,"klines":["2021-07-08,13.13,12.97,13.19,12.91,123292,160494068.00,2.13,-1.14,-0.15,0.66
2021-07-09,12.95,12.99,13.09,12.90,128769,167195262.00,1.46,0.15,0.02,0.69
2021-07-12,12.99,13.18,13.20,12.96,178486,233835855.00,1.85,1.46,0.19,0.96
2021-07-13,13.20,13.24,13.32,13.09,128529,170053500.00,1.75,0.46,0.06,0.69
2021-07-14,13.20,12.95,13.29,12.93,135367,176543824.00,2.72,-2.19,-0.29,0.73
2021-07-15,12.92,12.96,13.01,12.70,104066,133851224.00,2.39,0.08,0.01,0.56
2021-07-16,12.88,13.17,13.17,12.83,127167,166134529.00,2.62,1.62,0.21,0.68
2021-07-19,12.99,12.63,13.00,12.62,173507,221487080.00,2.89,-4.10,-0.54,0.93
2021-07-20,12.51,12.39,12.57,12.26,127071,157517564.00,2.45,-1.90,-0.24,0.68
2021-07-21,12.32,12.23,12.52,12.20,135077,166499455.00,2.58,-1.29,-0.16,0.72"]}});
