jQuery112402823351815161831_1626521459839({"rc":0,"rt":17,"svr":181734974,"lt":1,"full":0,"data":{"code":"600663
market":1,"name":"陆家嘴
decimal":2,"dktotal":6655,"preKPrice":13.76,"klines":["2021-07-08,13.65,13.77,14.08,13.60,106115,146416281.00,3.49,0.07,0.01,0.36
2021-07-09,13.67,13.98,14.00,13.62,108677,150558323.00,2.76,1.53,0.21,0.37
2021-07-12,13.94,13.95,14.46,13.58,267774,375594096.00,6.29,-0.21,-0.03,0.91
2021-07-13,14.08,15.33,15.35,13.99,471241,712271456.00,9.75,9.89,1.38,1.61
2021-07-14,15.17,14.80,15.32,14.47,400672,595818928.00,5.54,-3.46,-0.53,1.37
2021-07-15,15.30,15.72,16.28,15.30,558132,890253872.00,6.62,6.22,0.92,1.90
2021-07-16,15.95,14.50,16.93,14.50,973872,1502446976.00,15.46,-7.76,-1.22,3.32
2021-07-19,13.51,13.10,13.80,13.05,509981,674280816.00,5.17,-9.66,-1.40,1.74
2021-07-20,12.99,12.91,13.21,12.81,212194,275511072.00,3.05,-1.45,-0.19,0.72
2021-07-21,13.00,12.76,13.01,12.64,221801,283509584.00,2.87,-1.16,-0.15,0.76"]}});
