jQuery112402823351815161831_1626521459839({"rc":0,"rt":17,"svr":181734974,"lt":1,"full":0,"data":{"code":"002581
market":0,"name":"未名医药
decimal":2,"dktotal":2364,"preKPrice":16.97,"klines":["2021-07-08,17.16,16.53,17.18,16.48,184985,310082016.00,4.12,-2.59,-0.44,4.62
2021-07-09,16.52,16.65,16.77,16.19,160167,264095482.00,3.51,0.73,0.12,4.00
2021-07-12,16.65,16.55,16.78,16.40,141293,234425734.00,2.28,-0.60,-0.10,3.53
2021-07-13,16.68,16.87,17.30,16.23,279302,470860240.00,6.47,1.93,0.32,6.97
2021-07-14,16.90,18.56,18.56,16.41,509636,907498144.00,12.74,10.02,1.69,12.72
2021-07-15,16.72,17.05,17.97,16.72,441564,762955328.00,6.73,-8.14,-1.51,11.02
2021-07-16,17.45,17.39,17.93,17.10,301229,526638192.00,4.87,1.99,0.34,7.52
2021-07-19,17.45,17.40,17.75,16.82,228326,396899568.00,5.35,0.06,0.01,5.70
2021-07-20,17.85,19.14,19.14,17.85,593268,1121223584.00,7.41,10.00,1.74,14.80
2021-07-21,18.99,19.80,20.25,18.80,702617,1375077952.00,7.58,3.45,0.66,17.53"]}});
