jQuery112402823351815161831_1626521459839({"rc":0,"rt":17,"svr":181734976,"lt":1,"full":0,"data":{"code":"600218
market":1,"name":"全柴动力
decimal":2,"dktotal":5392,"preKPrice":8.5,"klines":["2021-07-08,8.52,8.45,8.56,8.42,36647,31046980.00,1.65,-0.59,-0.05,0.99
2021-07-09,8.40,8.49,8.54,8.32,40835,34325233.00,2.60,0.47,0.04,1.11
2021-07-12,8.52,8.57,8.60,8.49,39005,33364375.00,1.30,0.94,0.08,1.06
2021-07-13,8.58,8.61,8.62,8.54,40138,34457797.00,0.93,0.47,0.04,1.09
2021-07-14,8.56,8.46,8.61,8.44,38611,32845127.00,1.97,-1.74,-0.15,1.05
2021-07-15,8.44,8.42,8.48,8.37,36860,31012317.00,1.30,-0.47,-0.04,1.00
2021-07-16,8.40,8.42,8.50,8.40,29566,24985139.00,1.19,0.00,0.00,0.80
2021-07-19,8.48,8.81,8.81,8.47,160300,139920683.00,4.04,4.63,0.39,4.35
2021-07-20,8.68,8.99,9.19,8.66,187476,168359736.00,6.02,2.04,0.18,5.08
2021-07-21,8.96,8.95,9.06,8.85,133709,119583546.00,2.34,-0.44,-0.04,3.63"]}});
