jQuery112402823351815161831_1626521459839({"rc":0,"rt":17,"svr":182480525,"lt":1,"full":0,"data":{"code":"600207
market":1,"name":"安彩高科
decimal":2,"dktotal":5165,"preKPrice":7.68,"klines":["2021-07-08,7.69,7.57,7.69,7.51,130335,98899622.00,2.34,-1.43,-0.11,1.51
2021-07-09,7.50,7.75,7.77,7.47,148610,113491973.00,3.96,2.38,0.18,1.72
2021-07-12,7.78,8.04,8.04,7.70,209577,165598508.00,4.39,3.74,0.29,2.43
2021-07-13,8.04,8.27,8.44,7.86,262608,215223831.00,7.21,2.86,0.23,3.04
2021-07-14,8.19,7.76,8.20,7.71,291955,229893566.00,5.93,-6.17,-0.51,3.38
2021-07-15,7.78,7.86,7.92,7.64,154723,120768053.00,3.61,1.29,0.10,1.79
2021-07-16,7.75,7.89,8.07,7.75,166066,131216292.00,4.07,0.38,0.03,1.92
2021-07-19,7.84,8.68,8.68,7.82,346060,294765472.00,10.90,10.01,0.79,4.01
2021-07-20,8.55,8.57,8.63,8.27,325513,275931088.00,4.15,-1.27,-0.11,3.77
2021-07-21,8.62,8.63,8.88,8.43,289273,249748792.00,5.25,0.70,0.06,3.35"]}});
