jQuery112402823351815161831_1626521459839({"rc":0,"rt":17,"svr":182481222,"lt":1,"full":0,"data":{"code":"002434
market":0,"name":"万里扬
decimal":2,"dktotal":2551,"preKPrice":8.83,"klines":["2021-07-08,8.84,8.93,9.08,8.75,222123,197912123.00,3.74,1.13,0.10,1.66
2021-07-09,8.90,8.99,9.05,8.80,155302,138860740.00,2.80,0.67,0.06,1.16
2021-07-12,9.05,8.70,9.17,8.69,239996,212293262.00,5.34,-3.23,-0.29,1.79
2021-07-13,8.88,9.08,9.17,8.70,197835,177255838.00,5.40,4.37,0.38,1.48
2021-07-14,9.01,8.82,9.13,8.80,141041,125610394.00,3.63,-2.86,-0.26,1.05
2021-07-15,8.80,9.58,9.59,8.73,300837,276038560.00,9.75,8.62,0.76,2.25
2021-07-16,9.37,9.40,9.60,9.29,214494,202012777.00,3.24,-1.88,-0.18,1.60
2021-07-19,9.37,9.41,9.66,9.25,146897,138887652.00,4.36,0.11,0.01,1.10
2021-07-20,9.50,9.80,9.87,9.00,221979,213872998.00,9.25,4.14,0.39,1.66
2021-07-21,9.98,9.66,9.99,9.59,183685,178001950.00,4.08,-1.43,-0.14,1.37"]}});
