jQuery112402823351815161831_1626521459839({"rc":0,"rt":17,"svr":181669633,"lt":1,"full":0,"data":{"code":"002840
market":0,"name":"华统股份
decimal":2,"dktotal":1102,"preKPrice":8.9,"klines":["2021-07-08,8.85,8.75,8.90,8.72,26578,23311982.00,2.02,-1.69,-0.15,0.61
2021-07-09,8.70,8.72,8.75,8.62,23464,20325012.00,1.49,-0.34,-0.03,0.54
2021-07-12,8.79,8.79,8.91,8.73,32479,28678775.00,2.06,0.80,0.07,0.74
2021-07-13,8.85,8.91,8.94,8.72,21069,18656133.00,2.50,1.37,0.12,0.48
2021-07-14,8.88,9.04,9.14,8.85,54614,49229816.00,3.25,1.46,0.13,1.25
2021-07-15,9.04,9.02,9.08,8.92,39758,35749870.00,1.77,-0.22,-0.02,0.91
2021-07-16,8.95,8.82,8.95,8.78,26664,23556350.00,1.88,-2.22,-0.20,0.61
2021-07-19,8.75,8.84,8.84,8.70,18610,16308558.00,1.59,0.23,0.02,0.43
2021-07-20,8.77,9.09,9.11,8.77,41067,36907351.00,3.85,2.83,0.25,0.94
2021-07-21,9.09,9.14,9.24,9.06,36809,33641644.00,1.98,0.55,0.05,0.84"]}});
