jQuery112402823351815161831_1626521459839({"rc":0,"rt":17,"svr":181734974,"lt":1,"full":0,"data":{"code":"600062
market":1,"name":"华润双鹤
decimal":2,"dktotal":5743,"preKPrice":11.76,"klines":["2021-07-08,11.78,11.70,11.79,11.67,29925,35053718.00,1.02,-0.51,-0.06,0.29
2021-07-09,11.68,11.69,11.72,11.65,29699,34656455.00,0.60,-0.09,-0.01,0.28
2021-07-12,11.69,11.74,11.75,11.65,38323,44880836.00,0.86,0.43,0.05,0.37
2021-07-13,11.47,11.46,11.47,11.41,26308,30106832.00,0.51,-2.39,-0.28,0.25
2021-07-14,11.47,11.48,11.52,11.38,28946,33167367.00,1.22,0.17,0.02,0.28
2021-07-15,11.47,11.40,11.48,11.35,24195,27592948.00,1.13,-0.70,-0.08,0.23
2021-07-16,11.40,11.40,11.44,11.34,23682,26967372.00,0.88,0.00,0.00,0.23
2021-07-19,11.41,11.40,11.41,11.31,28856,32798308.00,0.88,0.00,0.00,0.28
2021-07-20,11.38,11.39,11.50,11.33,23288,26562473.00,1.49,-0.09,-0.01,0.22
2021-07-21,11.47,11.55,11.69,11.47,54714,63425923.00,1.93,1.40,0.16,0.52"]}});
