jQuery112402823351815161831_1626521459839({"rc":0,"rt":17,"svr":182482651,"lt":1,"full":0,"data":{"code":"600545
market":1,"name":"卓郎智能
decimal":2,"dktotal":4113,"preKPrice":3.08,"klines":["2021-07-08,3.07,3.04,3.09,3.03,77692,23716706.00,1.95,-1.30,-0.04,0.41
2021-07-09,3.04,3.05,3.06,3.01,80613,24549715.00,1.64,0.33,0.01,0.43
2021-07-12,3.07,3.08,3.09,3.06,80839,24826683.00,0.98,0.98,0.03,0.43
2021-07-13,3.08,3.07,3.08,3.05,65370,20017356.00,0.97,-0.32,-0.01,0.34
2021-07-14,3.06,3.02,3.07,3.01,97815,29682909.00,1.95,-1.63,-0.05,0.52
2021-07-15,3.00,2.96,3.01,2.93,120438,35667424.00,2.65,-1.99,-0.06,0.64
2021-07-16,2.96,2.97,2.99,2.95,73731,21891498.00,1.35,0.34,0.01,0.39
2021-07-19,2.96,2.97,2.98,2.94,58114,17171399.00,1.35,0.00,0.00,0.31
2021-07-20,2.94,2.98,2.98,2.93,71002,20951473.00,1.68,0.34,0.01,0.37
2021-07-21,2.97,2.98,3.01,2.96,60393,18028202.00,1.68,0.00,0.00,0.32"]}});
