jQuery112402823351815161831_1626521459839({"rc":0,"rt":17,"svr":181734975,"lt":1,"full":0,"data":{"code":"600472
market":1,"name":"包头铝业
decimal":2,"dktotal":598,"preKPrice":49.8,"klines":["2007-12-06,50.00,49.29,50.13,48.50,26636,131085524.00,3.27,-1.02,-0.51,0.00
2007-12-10,51.77,54.22,54.22,50.72,73234,390957910.00,7.10,10.00,4.93,0.00
2007-12-11,56.36,54.86,56.60,53.31,87468,479910359.00,6.07,1.18,0.64,0.00
2007-12-12,53.81,53.31,54.78,53.15,39727,213348900.00,2.97,-2.83,-1.55,0.00
2007-12-13,53.25,49.92,53.25,49.80,40671,209053882.00,6.47,-6.36,-3.39,0.00
2007-12-14,49.40,51.66,51.88,48.80,32583,164396189.00,6.17,3.49,1.74,0.00
2007-12-17,51.66,49.05,51.70,48.96,29658,147476926.00,5.30,-5.05,-2.61,0.00
2007-12-18,48.50,49.04,49.78,48.50,14263,70044189.00,2.61,-0.02,-0.01,0.00
2007-12-19,52.00,52.12,52.98,50.41,52838,274181063.00,5.24,6.28,3.08,0.00
2007-12-20,51.90,51.82,52.52,50.68,70894,367689694.00,3.53,-0.58,-0.30,0.00"]}});
