jQuery112402823351815161831_1626521459839({"rc":0,"rt":17,"svr":182481222,"lt":1,"full":0,"data":{"code":"600976
market":1,"name":"健民集团
decimal":2,"dktotal":4120,"preKPrice":52.36,"klines":["2021-07-08,52.37,51.22,52.94,50.40,35578,182413047.00,4.85,-2.18,-1.14,2.34
2021-07-09,51.22,51.40,53.95,50.82,40597,211776258.00,6.11,0.35,0.18,2.67
2021-07-12,52.00,52.66,53.94,51.52,35616,188032017.00,4.71,2.45,1.26,2.34
2021-07-13,52.77,55.33,57.17,52.01,45714,252718882.00,9.80,5.07,2.67,3.00
2021-07-14,55.08,60.86,60.86,53.96,50543,296413680.00,12.47,9.99,5.53,3.32
2021-07-15,60.49,62.65,64.11,59.92,61556,381520560.00,6.88,2.94,1.79,4.04
2021-07-16,62.36,62.50,63.19,60.51,36212,224777749.00,4.28,-0.24,-0.15,2.38
2021-07-19,62.36,63.99,64.99,61.05,42559,268452320.00,6.30,2.38,1.49,2.80
2021-07-20,63.80,57.59,63.80,57.59,90505,531254224.00,9.70,-10.00,-6.40,5.95
2021-07-21,57.60,57.80,58.90,52.52,120152,656643968.00,11.08,0.36,0.21,7.89"]}});
