jQuery112402823351815161831_1626521459839({"rc":0,"rt":17,"svr":181734976,"lt":1,"full":0,"data":{"code":"002626
market":0,"name":"金达威
decimal":2,"dktotal":2273,"preKPrice":40.76,"klines":["2021-07-08,40.79,40.02,40.79,39.30,66987,267018726.00,3.66,-1.82,-0.74,1.09
2021-07-09,39.94,40.55,40.77,39.40,50132,201455157.00,3.42,1.32,0.53,0.81
2021-07-12,40.28,41.04,41.12,39.81,59166,239844997.00,3.23,1.21,0.49,0.96
2021-07-13,40.83,40.85,41.36,40.38,38551,157308494.00,2.39,-0.46,-0.19,0.63
2021-07-14,40.79,40.84,41.60,40.28,49340,202270548.00,3.23,-0.02,-0.01,0.80
2021-07-15,40.82,40.20,40.95,39.80,40556,162634131.00,2.82,-1.57,-0.64,0.66
2021-07-16,39.99,39.57,40.23,39.53,44124,175579034.00,1.74,-1.57,-0.63,0.72
2021-07-19,39.50,38.80,40.10,38.73,51553,202521375.00,3.46,-1.95,-0.77,0.84
2021-07-20,38.36,39.03,39.18,38.32,40377,157055343.00,2.22,0.59,0.23,0.66
2021-07-21,39.21,38.46,39.89,38.40,68089,265258296.00,3.82,-1.46,-0.57,1.10"]}});
