jQuery112402823351815161831_1626521459839({"rc":0,"rt":17,"svr":181216787,"lt":1,"full":0,"data":{"code":"600138
market":1,"name":"中青旅
decimal":2,"dktotal":5650,"preKPrice":10.44,"klines":["2021-07-08,10.44,10.15,10.46,10.14,123242,126547876.00,3.07,-2.78,-0.29,1.70
2021-07-09,10.13,10.29,10.29,10.12,60529,61700444.00,1.67,1.38,0.14,0.84
2021-07-12,10.29,10.46,10.47,10.24,103234,107158468.00,2.24,1.65,0.17,1.43
2021-07-13,10.47,10.53,10.56,10.38,79929,83871428.00,1.72,0.67,0.07,1.10
2021-07-14,10.48,10.36,10.49,10.35,68323,71060394.00,1.33,-1.61,-0.17,0.94
2021-07-15,10.34,10.22,10.35,10.15,96779,98895498.00,1.93,-1.35,-0.14,1.34
2021-07-16,10.17,10.13,10.23,10.03,123516,124975452.00,1.96,-0.88,-0.09,1.71
2021-07-19,10.31,10.69,10.72,10.28,244149,256850781.00,4.34,5.53,0.56,3.37
2021-07-20,10.62,10.69,10.85,10.56,167059,178808827.00,2.71,0.00,0.00,2.31
2021-07-21,10.64,10.61,10.74,10.52,126740,134125021.00,2.06,-0.75,-0.08,1.75"]}});
