jQuery112402823351815161831_1626521459839({"rc":0,"rt":17,"svr":182480525,"lt":1,"full":0,"data":{"code":"600978
market":1,"name":"*ST宜生
decimal":2,"dktotal":3708,"preKPrice":0.86,"klines":["2021-02-02,0.82,0.82,0.82,0.82,29902,2451964.00,0.00,-4.65,-0.04,0.20
2021-02-03,0.78,0.78,0.78,0.78,30685,2393430.00,0.00,-4.88,-0.04,0.21
2021-02-04,0.74,0.74,0.74,0.74,31685,2344690.00,0.00,-5.13,-0.04,0.21
2021-02-05,0.70,0.70,0.70,0.70,52263,3658410.00,0.00,-5.41,-0.04,0.35
2021-02-08,0.67,0.67,0.67,0.67,7383,494661.00,0.00,-4.29,-0.03,0.05
2021-02-09,0.64,0.64,0.64,0.64,12957,829248.00,0.00,-4.48,-0.03,0.09
2021-02-10,0.61,0.61,0.61,0.61,15115,922015.00,0.00,-4.69,-0.03,0.10
2021-02-18,0.58,0.58,0.58,0.58,12468,723144.00,0.00,-4.92,-0.03,0.08
2021-02-19,0.55,0.55,0.55,0.55,83430,4588650.00,0.00,-5.17,-0.03,0.56
2021-02-22,0.52,0.52,0.52,0.52,564010,29328520.00,0.00,-5.45,-0.03,3.80"]}});
