jQuery112402823351815161831_1626521459839({"rc":0,"rt":17,"svr":181734974,"lt":1,"full":0,"data":{"code":"600624
market":1,"name":"复旦复华
decimal":2,"dktotal":6895,"preKPrice":7.38,"klines":["2021-07-08,7.41,7.24,7.44,7.24,40073,29322015.00,2.71,-1.90,-0.14,0.59
2021-07-09,7.24,7.23,7.30,7.20,28883,20868669.00,1.38,-0.14,-0.01,0.42
2021-07-12,7.30,7.27,7.36,7.26,40539,29615682.00,1.38,0.55,0.04,0.59
2021-07-13,7.26,7.34,7.36,7.23,36422,26581854.00,1.79,0.96,0.07,0.53
2021-07-14,7.35,7.36,7.47,7.25,71933,52968621.00,3.00,0.27,0.02,1.05
2021-07-15,7.40,7.27,7.41,7.23,43818,31888860.00,2.45,-1.22,-0.09,0.64
2021-07-16,7.38,7.25,7.45,7.23,43178,31631835.00,3.03,-0.28,-0.02,0.63
2021-07-19,7.20,7.14,7.26,7.11,43587,31190723.00,2.07,-1.52,-0.11,0.64
2021-07-20,7.07,7.10,7.12,7.07,21683,15370159.00,0.70,-0.56,-0.04,0.32
2021-07-21,7.11,7.11,7.20,7.09,32949,23504387.00,1.55,0.14,0.01,0.48"]}});
