jQuery112402823351815161831_1626521459839({"rc":0,"rt":17,"svr":181734976,"lt":1,"full":0,"data":{"code":"002550
market":0,"name":"千红制药
decimal":2,"dktotal":2531,"preKPrice":4.07,"klines":["2021-07-08,4.08,4.03,4.09,4.03,34524,13985058.00,1.47,-0.98,-0.04,0.37
2021-07-09,4.04,4.06,4.07,4.00,35365,14258144.00,1.74,0.74,0.03,0.38
2021-07-12,4.07,4.08,4.09,4.06,27094,11048517.00,0.74,0.49,0.02,0.29
2021-07-13,4.08,4.09,4.13,4.04,48454,19763154.00,2.21,0.25,0.01,0.52
2021-07-14,4.08,4.09,4.11,4.06,30621,12522175.00,1.22,0.00,0.00,0.33
2021-07-15,4.09,4.08,4.09,4.04,26781,10887395.00,1.22,-0.24,-0.01,0.29
2021-07-16,4.08,4.10,4.13,4.06,34846,14242300.00,1.72,0.49,0.02,0.38
2021-07-19,4.10,4.17,4.18,4.07,64187,26633076.00,2.68,1.71,0.07,0.69
2021-07-20,4.20,4.20,4.23,4.17,60092,25206832.00,1.44,0.72,0.03,0.65
2021-07-21,4.19,4.21,4.23,4.18,44104,18534061.00,1.19,0.24,0.01,0.48"]}});
