jQuery112402823351815161831_1626521459839({"rc":0,"rt":17,"svr":181216957,"lt":1,"full":0,"data":{"code":"600648
market":1,"name":"外高桥
decimal":2,"dktotal":6674,"preKPrice":14.95,"klines":["2021-07-08,14.95,14.90,15.10,14.79,45864,68556235.00,2.07,-0.33,-0.05,0.49
2021-07-09,14.69,14.79,14.79,14.59,36748,53959160.00,1.34,-0.74,-0.11,0.39
2021-07-12,14.86,14.77,14.93,14.61,50336,74367653.00,2.16,-0.14,-0.02,0.54
2021-07-13,14.75,15.63,15.71,14.71,178481,275377312.00,6.77,5.82,0.86,1.91
2021-07-14,15.55,15.25,15.60,15.11,78532,120286858.00,3.13,-2.43,-0.38,0.84
2021-07-15,15.32,15.53,15.71,15.26,114210,176807016.00,2.95,1.84,0.28,1.22
2021-07-16,16.00,15.26,16.20,15.01,227167,353107232.00,7.66,-1.74,-0.27,2.43
2021-07-19,14.93,14.48,14.95,14.31,96193,138983310.00,4.19,-5.11,-0.78,1.03
2021-07-20,14.46,14.27,14.46,14.15,68231,97363971.00,2.14,-1.45,-0.21,0.73
2021-07-21,14.28,14.25,14.34,14.14,40518,57545934.00,1.40,-0.14,-0.02,0.43"]}});
