jQuery112402823351815161831_1626521459839({"rc":0,"rt":17,"svr":182480525,"lt":1,"full":0,"data":{"code":"600351
market":1,"name":"亚宝药业
decimal":2,"dktotal":4481,"preKPrice":5.65,"klines":["2021-07-08,5.64,5.57,5.70,5.56,114606,64274508.00,2.48,-1.42,-0.08,1.49
2021-07-09,5.58,5.55,5.62,5.46,120024,66374207.00,2.87,-0.36,-0.02,1.56
2021-07-12,5.59,5.82,5.86,5.56,212033,121670958.00,5.41,4.86,0.27,2.75
2021-07-13,5.82,5.90,5.93,5.78,154712,90750308.00,2.58,1.37,0.08,2.01
2021-07-14,5.88,5.84,5.94,5.81,154843,90981497.00,2.20,-1.02,-0.06,2.01
2021-07-15,5.85,5.90,5.96,5.76,164809,96901272.00,3.42,1.03,0.06,2.14
2021-07-16,5.87,6.00,6.08,5.85,179773,108082156.00,3.90,1.69,0.10,2.33
2021-07-19,5.97,6.33,6.45,5.93,353125,220886387.00,8.67,5.50,0.33,4.59
2021-07-20,6.27,6.26,6.38,6.18,215213,135073600.00,3.16,-1.11,-0.07,2.79
2021-07-21,6.33,6.39,6.50,6.23,244281,155304978.00,4.31,2.08,0.13,3.17"]}});
