jQuery112402823351815161831_1626521459839({"rc":0,"rt":17,"svr":182481427,"lt":1,"full":0,"data":{"code":"002695
market":0,"name":"煌上煌
decimal":2,"dktotal":2142,"preKPrice":15.88,"klines":["2021-07-08,15.87,15.44,15.87,15.41,47935,74883510.00,2.90,-2.77,-0.44,1.03
2021-07-09,15.35,15.43,15.54,15.20,33719,51910814.00,2.20,-0.06,-0.01,0.73
2021-07-12,15.48,15.65,15.85,15.48,38145,59807827.00,2.40,1.43,0.22,0.82
2021-07-13,15.70,15.75,15.85,15.61,38170,59989337.00,1.53,0.64,0.10,0.82
2021-07-14,15.77,15.68,15.78,15.61,24083,37785452.00,1.08,-0.44,-0.07,0.52
2021-07-15,15.62,15.14,15.67,14.99,52971,80610749.00,4.34,-3.44,-0.54,1.14
2021-07-16,15.00,15.18,15.33,14.99,27186,41309597.00,2.25,0.26,0.04,0.58
2021-07-19,15.10,14.76,15.29,14.65,45967,68199725.00,4.22,-2.77,-0.42,0.99
2021-07-20,14.74,14.77,14.91,14.62,26478,39129717.00,1.96,0.07,0.01,0.57
2021-07-21,14.80,15.07,15.25,14.80,33184,49968833.00,3.05,2.03,0.30,0.71"]}});
