jQuery112402823351815161831_1626521459839({"rc":0,"rt":17,"svr":181734976,"lt":1,"full":0,"data":{"code":"002618
market":0,"name":"*ST丹邦
decimal":2,"dktotal":2380,"preKPrice":3.07,"klines":["2021-07-08,3.22,3.22,3.22,3.22,25716,8280391.00,0.00,4.89,0.15,0.47
2021-07-09,3.38,3.38,3.38,3.06,956078,311133488.00,9.94,4.97,0.16,17.45
2021-07-12,3.38,3.24,3.52,3.21,839760,277164448.00,9.17,-4.14,-0.14,15.33
2021-07-13,3.18,3.13,3.35,3.09,567282,180454163.00,8.02,-3.40,-0.11,10.35
2021-07-14,3.08,2.97,3.10,2.97,539942,162593904.00,4.15,-5.11,-0.16,9.85
2021-07-15,2.91,3.12,3.12,2.90,476089,142813891.00,7.41,5.05,0.15,8.69
2021-07-16,3.15,3.18,3.28,3.10,748521,240623756.00,5.77,1.92,0.06,13.66
2021-07-19,3.08,3.02,3.13,3.02,512726,155868851.00,3.46,-5.03,-0.16,9.36
2021-07-20,2.96,3.17,3.17,2.96,395249,122081616.00,6.95,4.97,0.15,7.21
2021-07-21,3.20,3.10,3.33,3.09,623189,201866989.00,7.57,-2.21,-0.07,11.37"]}});
