jQuery112402823351815161831_1626521459839({"rc":0,"rt":17,"svr":182482250,"lt":1,"full":0,"data":{"code":"600500
market":1,"name":"中化国际
decimal":2,"dktotal":5103,"preKPrice":7.64,"klines":["2021-07-08,7.66,7.46,7.68,7.45,266255,200702959.00,3.01,-2.36,-0.18,0.98
2021-07-09,7.41,7.22,7.45,7.10,587651,423774912.00,4.69,-3.22,-0.24,2.17
2021-07-12,7.23,7.43,7.77,7.23,447936,337212000.00,7.48,2.91,0.21,1.65
2021-07-13,7.36,7.53,7.54,7.35,221926,165781371.00,2.56,1.35,0.10,0.82
2021-07-14,7.67,7.63,7.81,7.56,383406,294932592.00,3.32,1.33,0.10,1.42
2021-07-15,7.60,7.72,7.76,7.49,302109,230398860.00,3.54,1.18,0.09,1.12
2021-07-16,7.71,7.95,8.06,7.66,430531,340185632.00,5.18,2.98,0.23,1.59
2021-07-19,7.99,7.87,7.99,7.78,350327,275560544.00,2.64,-1.01,-0.08,1.29
2021-07-20,7.77,8.00,8.04,7.69,303740,238659666.00,4.45,1.65,0.13,1.12
2021-07-21,8.02,8.36,8.40,7.95,540351,442811280.00,5.63,4.50,0.36,2.00"]}});
