jQuery112402823351815161831_1626521459839({"rc":0,"rt":17,"svr":182481221,"lt":1,"full":0,"data":{"code":"600959
market":1,"name":"江苏有线
decimal":2,"dktotal":1418,"preKPrice":3.02,"klines":["2021-07-08,3.02,2.98,3.02,2.97,227036,67861599.00,1.66,-1.32,-0.04,0.50
2021-07-09,2.98,3.00,3.00,2.97,189993,56714648.00,1.01,0.67,0.02,0.42
2021-07-12,3.00,3.00,3.03,2.99,189694,57081603.00,1.33,0.00,0.00,0.42
2021-07-13,3.00,3.01,3.02,2.98,148597,44634802.00,1.33,0.33,0.01,0.33
2021-07-14,3.01,2.99,3.01,2.99,113170,33942662.00,0.66,-0.66,-0.02,0.25
2021-07-15,2.99,2.98,3.00,2.95,156616,46579241.00,1.67,-0.33,-0.01,0.35
2021-07-16,2.98,2.98,2.99,2.97,90366,26927210.00,0.67,0.00,0.00,0.20
2021-07-19,2.98,2.99,2.99,2.96,96652,28753564.00,1.01,0.34,0.01,0.21
2021-07-20,2.97,2.97,2.98,2.96,116402,34586651.00,0.67,-0.67,-0.02,0.26
2021-07-21,2.97,2.97,3.00,2.96,147213,43877186.00,1.35,0.00,0.00,0.33"]}});
