jQuery112402823351815161831_1626521459839({"rc":0,"rt":17,"svr":182481599,"lt":1,"full":0,"data":{"code":"600716
market":1,"name":"凤凰股份
decimal":2,"dktotal":5804,"preKPrice":4.11,"klines":["2021-07-08,4.14,4.04,4.14,4.04,30246,12330572.00,2.43,-1.70,-0.07,0.32
2021-07-09,4.01,4.03,4.06,4.00,30812,12394136.00,1.49,-0.25,-0.01,0.33
2021-07-12,4.07,4.00,4.07,4.00,39387,15856728.00,1.74,-0.74,-0.03,0.42
2021-07-13,4.01,4.02,4.03,3.99,25028,10043266.00,1.00,0.50,0.02,0.27
2021-07-14,4.03,3.98,4.03,3.98,32377,12938161.00,1.24,-1.00,-0.04,0.35
2021-07-15,3.97,3.97,4.01,3.95,25246,10034443.00,1.51,-0.25,-0.01,0.27
2021-07-16,3.96,4.07,4.12,3.93,111414,45081109.00,4.79,2.52,0.10,1.19
2021-07-19,4.07,4.13,4.14,4.04,61433,25144704.00,2.46,1.47,0.06,0.66
2021-07-20,4.10,4.05,4.14,4.04,46315,18896519.00,2.42,-1.94,-0.08,0.49
2021-07-21,4.05,4.11,4.12,4.03,46500,18993559.00,2.22,1.48,0.06,0.50"]}});
