jQuery112402823351815161831_1626521459839({"rc":0,"rt":17,"svr":182482249,"lt":1,"full":0,"data":{"code":"002378
market":0,"name":"章源钨业
decimal":2,"dktotal":2715,"preKPrice":10.45,"klines":["2021-07-08,10.30,10.10,10.69,10.04,632288,655707824.00,6.22,-3.35,-0.35,6.91
2021-07-09,10.07,10.88,11.10,10.01,761303,809697424.00,10.79,7.72,0.78,8.32
2021-07-12,10.87,10.74,11.43,10.64,733892,806157776.00,7.26,-1.29,-0.14,8.02
2021-07-13,10.48,10.24,10.64,10.10,534162,549320112.00,5.03,-4.66,-0.50,5.84
2021-07-14,10.34,10.61,11.24,10.08,645028,681481008.00,11.33,3.61,0.37,7.05
2021-07-15,10.40,10.82,10.98,9.83,690452,723865888.00,10.84,1.98,0.21,7.55
2021-07-16,10.69,10.96,11.20,10.42,714054,780124176.00,7.21,1.29,0.14,7.80
2021-07-19,11.06,11.50,11.51,10.85,771741,871585056.00,6.02,4.93,0.54,8.43
2021-07-20,11.25,11.23,12.17,11.10,688974,790577616.00,9.30,-2.35,-0.27,7.53
2021-07-21,11.20,11.24,11.51,11.10,585402,663035056.00,3.65,0.09,0.01,6.40"]}});
