jQuery112402823351815161831_1626521459839({"rc":0,"rt":17,"svr":182481599,"lt":1,"full":0,"data":{"code":"002452
market":0,"name":"长高集团
decimal":2,"dktotal":2518,"preKPrice":5.35,"klines":["2021-07-08,5.36,5.29,5.39,5.28,22611,11998317.00,2.06,-1.12,-0.06,0.54
2021-07-09,5.29,5.37,5.38,5.24,20261,10753999.00,2.65,1.51,0.08,0.48
2021-07-12,5.37,5.36,5.43,5.35,23870,12819132.00,1.49,-0.19,-0.01,0.57
2021-07-13,5.37,5.41,5.45,5.34,29146,15745642.00,2.05,0.93,0.05,0.69
2021-07-14,5.41,5.40,5.43,5.38,18908,10218190.00,0.92,-0.18,-0.01,0.45
2021-07-15,5.40,5.35,5.40,5.29,20379,10876116.00,2.04,-0.93,-0.05,0.49
2021-07-16,5.35,5.32,5.38,5.29,20579,10969431.00,1.68,-0.56,-0.03,0.49
2021-07-19,5.31,5.26,5.31,5.25,21856,11520649.00,1.13,-1.13,-0.06,0.52
2021-07-20,5.27,5.28,5.30,5.18,21308,11141835.00,2.28,0.38,0.02,0.51
2021-07-21,5.29,5.30,5.36,5.28,20799,11065539.00,1.52,0.38,0.02,0.50"]}});
