jQuery112402823351815161831_1626521459839({"rc":0,"rt":17,"svr":181216787,"lt":1,"full":0,"data":{"code":"600789
market":1,"name":"鲁抗医药
decimal":2,"dktotal":5851,"preKPrice":7.29,"klines":["2021-07-08,7.28,7.21,7.31,7.21,63942,46234809.00,1.37,-1.10,-0.08,0.73
2021-07-09,7.21,7.26,7.27,7.20,57107,41292410.00,0.97,0.69,0.05,0.65
2021-07-12,7.24,7.21,7.24,7.19,62204,44902416.00,0.69,-0.69,-0.05,0.71
2021-07-13,7.21,7.19,7.22,7.15,90567,64981535.00,0.97,-0.28,-0.02,1.03
2021-07-14,7.19,7.25,7.29,7.15,107519,77740558.00,1.95,0.83,0.06,1.22
2021-07-15,7.26,7.19,7.26,7.15,76596,54994778.00,1.52,-0.83,-0.06,0.87
2021-07-16,7.17,7.15,7.19,7.15,69496,49772796.00,0.56,-0.56,-0.04,0.79
2021-07-19,7.16,7.16,7.17,7.09,73825,52670824.00,1.12,0.14,0.01,0.84
2021-07-20,7.16,7.23,7.26,7.15,92716,66964088.00,1.54,0.98,0.07,1.05
2021-07-21,7.33,7.32,7.36,7.27,160092,117026848.00,1.24,1.24,0.09,1.82"]}});
