jQuery112402823351815161831_1626521459839({"rc":0,"rt":17,"svr":181734976,"lt":1,"full":0,"data":{"code":"003015
market":0,"name":"日久光电
decimal":2,"dktotal":185,"preKPrice":12.46,"klines":["2021-07-08,12.46,12.38,12.50,12.35,15511,19293613.00,1.20,-0.64,-0.08,2.21
2021-07-09,12.50,12.69,12.98,12.50,30227,38392412.00,3.88,2.50,0.31,4.30
2021-07-12,12.60,12.72,12.79,12.50,25297,32014022.00,2.29,0.24,0.03,3.60
2021-07-13,12.66,12.73,12.77,12.56,19068,24144829.00,1.65,0.08,0.01,2.71
2021-07-14,12.75,12.44,12.77,12.42,22359,28137868.00,2.75,-2.28,-0.29,3.18
2021-07-15,12.37,12.47,12.54,12.18,22224,27425167.00,2.89,0.24,0.03,3.16
2021-07-16,12.48,12.30,12.48,12.30,12453,15404183.00,1.44,-1.36,-0.17,1.77
2021-07-19,12.26,12.22,12.28,12.15,12965,15817287.00,1.06,-0.65,-0.08,1.85
2021-07-20,12.23,12.44,12.52,12.18,17166,21244657.00,2.78,1.80,0.22,2.44
2021-07-21,12.44,12.49,12.54,12.43,16563,20691913.00,0.88,0.40,0.05,2.36"]}});
