jQuery112402823351815161831_1626521459839({"rc":0,"rt":17,"svr":182481597,"lt":1,"full":0,"data":{"code":"600483
market":1,"name":"福能股份
decimal":2,"dktotal":4028,"preKPrice":10.43,"klines":["2021-07-08,10.46,10.51,10.67,10.33,122555,128306387.00,3.26,0.77,0.08,0.74
2021-07-09,10.48,10.67,10.67,10.11,144752,151011806.00,5.33,1.52,0.16,0.87
2021-07-12,10.75,10.69,10.80,10.49,124158,132095496.00,2.91,0.19,0.02,0.75
2021-07-13,10.60,11.21,11.24,10.49,215646,236892226.00,7.02,4.86,0.52,1.30
2021-07-14,11.28,11.17,11.47,11.06,168776,189634885.00,3.66,-0.36,-0.04,1.02
2021-07-15,11.17,11.05,11.22,10.88,110729,122126038.00,3.04,-1.07,-0.12,0.67
2021-07-16,11.05,11.38,11.60,11.02,205978,234047168.00,5.25,2.99,0.33,1.24
2021-07-19,11.48,12.52,12.52,11.46,346101,421038944.00,9.31,10.02,1.14,2.08
2021-07-20,12.77,12.14,12.77,11.73,450796,547396112.00,8.31,-3.04,-0.38,2.72
2021-07-21,12.18,12.19,12.43,11.91,301993,367974512.00,4.28,0.41,0.05,1.82"]}});
