jQuery112402823351815161831_1626521459839({"rc":0,"rt":17,"svr":181216787,"lt":1,"full":0,"data":{"code":"002873
market":0,"name":"新天药业
decimal":2,"dktotal":1017,"preKPrice":17.79,"klines":["2021-07-08,17.80,17.34,17.96,17.32,22873,40060611.00,3.60,-2.53,-0.45,2.06
2021-07-09,17.40,17.51,17.66,17.22,14530,25315273.00,2.54,0.98,0.17,1.31
2021-07-12,17.62,17.62,17.93,17.51,16536,29317496.00,2.40,0.63,0.11,1.49
2021-07-13,17.58,17.67,17.80,17.38,13009,22900284.00,2.38,0.28,0.05,1.17
2021-07-14,17.64,17.68,18.07,17.38,25426,45003581.00,3.90,0.06,0.01,2.29
2021-07-15,17.52,17.25,17.59,17.10,15674,27129509.00,2.77,-2.43,-0.43,1.41
2021-07-16,17.26,17.01,17.41,17.00,13408,23015785.00,2.38,-1.39,-0.24,1.21
2021-07-19,17.11,17.41,17.67,17.09,15759,27351254.00,3.41,2.35,0.40,1.42
2021-07-20,17.47,17.72,17.91,17.41,22353,39593363.00,2.87,1.78,0.31,2.01
2021-07-21,17.72,17.47,17.86,17.43,18113,31808582.00,2.43,-1.41,-0.25,1.63"]}});
