jQuery112402823351815161831_1626521459839({"rc":0,"rt":17,"svr":182482649,"lt":1,"full":0,"data":{"code":"600272
market":1,"name":"开开实业
decimal":2,"dktotal":4855,"preKPrice":7.4,"klines":["2021-07-08,7.38,7.20,7.40,7.15,45026,32617388.00,3.38,-2.70,-0.20,2.81
2021-07-09,7.18,7.26,7.28,7.12,25492,18403086.00,2.22,0.83,0.06,1.59
2021-07-12,7.24,7.23,7.31,7.22,26059,18912466.00,1.24,-0.41,-0.03,1.63
2021-07-13,7.21,7.27,7.33,7.18,20191,14684670.00,2.07,0.55,0.04,1.26
2021-07-14,7.29,7.19,7.30,7.16,20679,14940346.00,1.93,-1.10,-0.08,1.29
2021-07-15,7.19,7.09,7.20,7.00,21844,15461538.00,2.78,-1.39,-0.10,1.37
2021-07-16,7.15,7.17,7.17,7.11,10549,7532448.00,0.85,1.13,0.08,0.66
2021-07-19,7.18,7.29,7.33,7.07,20899,15136790.00,3.63,1.67,0.12,1.31
2021-07-20,7.27,7.27,7.29,7.20,10547,7638297.00,1.23,-0.27,-0.02,0.66
2021-07-21,7.28,7.22,7.32,7.21,14491,10502168.00,1.51,-0.69,-0.05,0.91"]}});
