jQuery112402823351815161831_1626521459839({"rc":0,"rt":17,"svr":181734974,"lt":1,"full":0,"data":{"code":"002502
market":0,"name":"鼎龙文化
decimal":2,"dktotal":2234,"preKPrice":4.08,"klines":["2021-07-08,4.06,4.08,4.18,4.06,99713,41108755.00,2.94,0.00,0.00,1.20
2021-07-09,4.04,4.25,4.29,4.00,156114,64734928.00,7.11,4.17,0.17,1.87
2021-07-12,4.26,4.21,4.38,4.19,157892,67697224.00,4.47,-0.94,-0.04,1.90
2021-07-13,4.25,4.28,4.31,4.16,130824,55543919.00,3.56,1.66,0.07,1.57
2021-07-14,4.27,4.26,4.35,4.17,154130,65609495.00,4.21,-0.47,-0.02,1.85
2021-07-15,4.19,4.17,4.21,4.09,93959,39135034.00,2.82,-2.11,-0.09,1.13
2021-07-16,4.21,4.23,4.31,4.16,93760,39805133.00,3.60,1.44,0.06,1.13
2021-07-19,4.25,4.14,4.26,4.10,87125,36279426.00,3.78,-2.13,-0.09,1.05
2021-07-20,4.09,4.11,4.13,4.07,47616,19521457.00,1.45,-0.72,-0.03,0.57
2021-07-21,4.13,4.13,4.18,4.11,50308,20795040.00,1.70,0.49,0.02,0.60"]}});
