jQuery112402823351815161831_1626521459839({"rc":0,"rt":17,"svr":182482250,"lt":1,"full":0,"data":{"code":"600197
market":1,"name":"伊力特
decimal":2,"dktotal":5242,"preKPrice":29.63,"klines":["2021-07-08,29.25,28.52,29.84,28.51,194298,564568416.00,4.49,-3.75,-1.11,4.12
2021-07-09,28.30,27.10,28.50,26.76,257597,703144848.00,6.10,-4.98,-1.42,5.46
2021-07-12,27.22,27.15,27.55,26.68,165401,449682736.00,3.21,0.18,0.05,3.50
2021-07-13,27.56,28.18,28.90,27.56,199340,562718544.00,4.94,3.79,1.03,4.22
2021-07-14,27.63,28.38,29.09,27.08,192117,544187264.00,7.13,0.71,0.20,4.07
2021-07-15,27.98,29.13,29.70,27.55,262200,757892832.00,7.58,2.64,0.75,5.56
2021-07-16,28.92,28.50,29.12,28.20,178087,508573920.00,3.16,-2.16,-0.63,3.77
2021-07-19,28.29,28.60,28.80,27.90,144651,410780448.00,3.16,0.35,0.10,3.07
2021-07-20,28.30,29.41,29.99,28.28,236658,692294384.00,5.98,2.83,0.81,5.01
2021-07-21,29.03,29.47,29.86,28.90,206547,606320224.00,3.26,0.20,0.06,4.38"]}});
