jQuery112402823351815161831_1626521459839({"rc":0,"rt":17,"svr":182482249,"lt":1,"full":0,"data":{"code":"002976
market":0,"name":"瑞玛工业
decimal":2,"dktotal":336,"preKPrice":21.13,"klines":["2021-07-08,21.00,20.50,21.11,20.34,17214,35395902.00,3.64,-2.98,-0.63,4.88
2021-07-09,20.38,20.14,20.58,19.85,11099,22281401.00,3.56,-1.76,-0.36,3.15
2021-07-12,20.36,20.52,20.52,20.04,11857,24147150.00,2.38,1.89,0.38,3.36
2021-07-13,20.50,20.56,20.56,20.20,8130,16533966.00,1.75,0.19,0.04,2.31
2021-07-14,20.56,20.26,20.57,20.20,6730,13675926.00,1.80,-1.46,-0.30,1.91
2021-07-15,20.36,20.48,20.56,20.10,8861,18047013.00,2.27,1.09,0.22,2.51
2021-07-16,20.60,20.24,20.65,20.20,5774,11786038.00,2.20,-1.17,-0.24,1.64
2021-07-19,20.00,20.15,20.17,19.88,5205,10419746.00,1.43,-0.44,-0.09,1.48
2021-07-20,20.35,20.32,20.43,19.99,4221,8532829.00,2.18,0.84,0.17,1.20
2021-07-21,20.37,20.47,20.56,20.18,5931,12076856.00,1.87,0.74,0.15,1.68"]}});
