jQuery112402823351815161831_1626521459839({"rc":0,"rt":17,"svr":181216787,"lt":1,"full":0,"data":{"code":"003031
market":0,"name":"中瓷电子
decimal":2,"dktotal":133,"preKPrice":53.7,"klines":["2021-07-08,53.70,54.27,54.97,53.30,19264,104495985.00,3.11,1.06,0.57,5.16
2021-07-09,53.98,55.08,55.50,53.18,23486,128247333.00,4.27,1.49,0.81,6.29
2021-07-12,55.12,55.72,56.26,53.56,21630,119442604.00,4.90,1.16,0.64,5.79
2021-07-13,55.49,53.88,55.49,53.03,22051,119091412.00,4.41,-3.30,-1.84,5.91
2021-07-14,53.57,54.02,54.61,52.50,17436,93331450.00,3.92,0.26,0.14,4.67
2021-07-15,53.90,52.50,53.90,51.52,20122,105337926.00,4.41,-2.81,-1.52,5.39
2021-07-16,52.35,52.62,53.74,52.26,12687,67156787.00,2.82,0.23,0.12,3.40
2021-07-19,52.60,52.17,52.99,51.55,10222,53292406.00,2.74,-0.86,-0.45,2.74
2021-07-20,51.96,52.09,52.66,51.68,8747,45579752.00,1.88,-0.15,-0.08,2.34
2021-07-21,52.09,53.00,53.48,51.75,15971,84254542.00,3.32,1.75,0.91,4.28"]}});
