jQuery112402823351815161831_1626521459839({"rc":0,"rt":17,"svr":181669733,"lt":1,"full":0,"data":{"code":"002877
market":0,"name":"智能自控
decimal":2,"dktotal":1008,"preKPrice":6.68,"klines":["2021-07-08,6.77,6.62,6.77,6.60,14204,9454294.00,2.54,-0.90,-0.06,0.69
2021-07-09,6.64,6.63,6.66,6.45,16182,10635564.00,3.17,0.15,0.01,0.79
2021-07-12,6.69,6.74,6.74,6.58,19587,13077729.00,2.41,1.66,0.11,0.95
2021-07-13,6.75,6.72,6.75,6.64,14122,9443468.00,1.63,-0.30,-0.02,0.69
2021-07-14,6.75,6.66,6.75,6.65,16910,11296989.00,1.49,-0.89,-0.06,0.82
2021-07-15,6.66,6.50,6.68,6.46,25326,16521702.00,3.30,-2.40,-0.16,1.23
2021-07-16,6.47,6.44,6.51,6.40,15329,9897075.00,1.69,-0.92,-0.06,0.74
2021-07-19,6.43,6.40,6.45,6.33,13751,8763895.00,1.86,-0.62,-0.04,0.67
2021-07-20,6.37,6.47,6.48,6.36,10111,6496861.00,1.88,1.09,0.07,0.49
2021-07-21,6.47,6.48,6.53,6.45,9639,6246619.00,1.24,0.15,0.01,0.47"]}});
