jQuery112402823351815161831_1626521459839({"rc":0,"rt":17,"svr":181669633,"lt":1,"full":0,"data":{"code":"600068
market":1,"name":"葛洲坝
decimal":2,"dktotal":5735,"preKPrice":7.97,"klines":["2021-07-08,7.97,7.93,8.01,7.86,384740,304911376.00,1.88,-0.50,-0.04,0.84
2021-07-09,7.90,7.90,7.93,7.86,273095,215415521.00,0.88,-0.38,-0.03,0.59
2021-07-12,7.95,7.90,8.02,7.86,400709,317080640.00,2.03,0.00,0.00,0.87
2021-07-13,7.92,8.00,8.06,7.90,427143,341582512.00,2.03,1.27,0.10,0.93
2021-07-14,8.01,8.00,8.06,7.96,319812,255807654.00,1.25,0.00,0.00,0.69
2021-07-15,7.99,7.91,8.00,7.91,352961,280534032.00,1.13,-1.13,-0.09,0.77
2021-07-16,7.93,8.15,8.20,7.90,562648,455029648.00,3.79,3.03,0.24,1.22
2021-07-19,8.03,8.07,8.12,8.00,309962,249832072.00,1.47,-0.98,-0.08,0.67
2021-07-20,8.03,8.05,8.10,7.98,335599,269293376.00,1.49,-0.25,-0.02,0.73
2021-07-21,8.09,8.06,8.13,8.03,285078,229963434.00,1.24,0.12,0.01,0.62"]}});
