jQuery112402823351815161831_1626521459839({"rc":0,"rt":17,"svr":181216787,"lt":1,"full":0,"data":{"code":"600090
market":1,"name":"*ST济堂
decimal":2,"dktotal":5464,"preKPrice":1.64,"klines":["2021-07-08,1.63,1.63,1.65,1.61,164980,26856799.00,2.44,-0.61,-0.01,1.15
2021-07-09,1.63,1.71,1.71,1.62,442370,75074726.00,5.52,4.91,0.08,3.07
2021-07-12,1.70,1.68,1.72,1.67,318501,53864606.00,2.92,-1.75,-0.03,2.21
2021-07-13,1.66,1.74,1.76,1.66,413570,72110305.00,5.95,3.57,0.06,2.87
2021-07-14,1.72,1.66,1.76,1.65,410305,69240287.00,6.32,-4.60,-0.08,2.85
2021-07-15,1.64,1.62,1.65,1.58,300494,48414072.00,4.22,-2.41,-0.04,2.09
2021-07-16,1.62,1.62,1.64,1.60,175332,28453156.00,2.47,0.00,0.00,1.22
2021-07-19,1.61,1.56,1.62,1.54,260211,40783799.00,4.94,-3.70,-0.06,1.81
2021-07-20,1.54,1.56,1.57,1.52,158175,24535357.00,3.21,0.00,0.00,1.10
2021-07-21,1.56,1.58,1.59,1.55,137755,21680128.00,2.56,1.28,0.02,0.96"]}});
