jQuery112402823351815161831_1626521459839({"rc":0,"rt":17,"svr":181216787,"lt":1,"full":0,"data":{"code":"600881
market":1,"name":"亚泰集团
decimal":2,"dktotal":6118,"preKPrice":2.86,"klines":["2021-07-08,2.86,2.86,2.87,2.83,93596,26655726.00,1.40,0.00,0.00,0.29
2021-07-09,2.85,2.91,2.92,2.85,135962,39341712.00,2.45,1.75,0.05,0.42
2021-07-12,2.92,2.91,2.92,2.88,107553,31160370.00,1.37,0.00,0.00,0.33
2021-07-13,2.90,2.91,2.91,2.89,84615,24544596.00,0.69,0.00,0.00,0.26
2021-07-14,2.91,2.92,2.92,2.89,89928,26129252.00,1.03,0.34,0.01,0.28
2021-07-15,2.92,2.91,2.93,2.89,94284,27405495.00,1.37,-0.34,-0.01,0.29
2021-07-16,2.92,2.96,3.02,2.90,165527,49021187.00,4.12,1.72,0.05,0.51
2021-07-19,2.95,2.95,2.96,2.92,95280,28002414.00,1.35,-0.34,-0.01,0.29
2021-07-20,2.95,2.97,2.97,2.93,83274,24535685.00,1.36,0.68,0.02,0.26
2021-07-21,2.97,3.00,3.01,2.95,162537,48388323.00,2.02,1.01,0.03,0.50"]}});
