jQuery112402823351815161831_1626521459839({"rc":0,"rt":17,"svr":182481221,"lt":1,"full":0,"data":{"code":"600681
market":1,"name":"百川能源
decimal":2,"dktotal":5589,"preKPrice":4.61,"klines":["2021-07-08,4.61,4.56,4.63,4.55,32509,14888562.00,1.74,-1.08,-0.05,0.24
2021-07-09,4.56,4.54,4.56,4.50,31578,14265450.00,1.32,-0.44,-0.02,0.23
2021-07-12,4.56,4.53,4.57,4.52,28989,13176900.00,1.10,-0.22,-0.01,0.21
2021-07-13,4.57,4.64,4.66,4.56,37332,17219799.00,2.21,2.43,0.11,0.27
2021-07-14,4.63,4.62,4.67,4.61,20511,9510110.00,1.29,-0.43,-0.02,0.15
2021-07-15,4.61,4.64,4.65,4.56,20185,9325684.00,1.95,0.43,0.02,0.15
2021-07-16,4.64,4.67,4.71,4.64,26055,12186112.00,1.51,0.65,0.03,0.19
2021-07-19,4.67,4.74,4.77,4.63,56609,26613557.00,3.00,1.50,0.07,0.42
2021-07-20,4.71,4.75,4.75,4.70,18058,8536280.00,1.05,0.21,0.01,0.13
2021-07-21,4.74,4.73,4.75,4.71,16218,7672587.00,0.84,-0.42,-0.02,0.12"]}});
