jQuery112402823351815161831_1626521459839({"rc":0,"rt":17,"svr":181669733,"lt":1,"full":0,"data":{"code":"002758
market":0,"name":"浙农股份
decimal":2,"dktotal":1479,"preKPrice":9.48,"klines":["2021-07-08,9.50,9.42,9.50,9.39,12398,11675521.00,1.16,-0.63,-0.06,0.64
2021-07-09,9.38,9.44,9.46,9.35,10373,9756566.00,1.17,0.21,0.02,0.53
2021-07-12,9.43,9.45,9.48,9.39,13290,12535724.00,0.95,0.11,0.01,0.68
2021-07-13,9.56,9.60,9.75,9.54,34580,33284530.00,2.22,1.59,0.15,1.77
2021-07-14,9.52,9.63,9.63,9.45,22851,21842238.00,1.88,0.31,0.03,1.17
2021-07-15,9.62,9.52,9.67,9.51,16666,15925234.00,1.66,-1.14,-0.11,0.85
2021-07-16,9.53,9.44,9.59,9.42,16746,15850921.00,1.79,-0.84,-0.08,0.86
2021-07-19,9.47,9.39,9.48,9.37,13263,12452855.00,1.17,-0.53,-0.05,0.68
2021-07-20,9.38,9.38,9.42,9.34,9890,9273373.00,0.85,-0.11,-0.01,0.51
2021-07-21,9.36,9.39,9.45,9.36,10604,9958234.00,0.96,0.11,0.01,0.54"]}});
