jQuery112402823351815161831_1626521459839({"rc":0,"rt":17,"svr":182481427,"lt":1,"full":0,"data":{"code":"002278
market":0,"name":"神开股份
decimal":2,"dktotal":2684,"preKPrice":5.82,"klines":["2021-07-08,5.82,5.79,5.85,5.77,18914,10995761.00,1.37,-0.52,-0.03,0.56
2021-07-09,5.79,5.82,5.87,5.77,17848,10396985.00,1.73,0.52,0.03,0.53
2021-07-12,5.83,5.99,6.00,5.83,26982,16013288.00,2.92,2.92,0.17,0.80
2021-07-13,6.00,6.08,6.13,5.95,58896,35803179.00,3.01,1.50,0.09,1.75
2021-07-14,6.18,6.10,6.18,6.04,38732,23663522.00,2.30,0.33,0.02,1.15
2021-07-15,6.10,6.08,6.10,5.99,21152,12767962.00,1.80,-0.33,-0.02,0.63
2021-07-16,6.08,6.15,6.19,6.03,46080,28261142.00,2.63,1.15,0.07,1.37
2021-07-19,6.16,6.19,6.27,6.03,39839,24515142.00,3.90,0.65,0.04,1.18
2021-07-20,6.15,6.25,6.27,6.10,39833,24800009.00,2.75,0.97,0.06,1.18
2021-07-21,6.26,6.18,6.29,6.15,34779,21546188.00,2.24,-1.12,-0.07,1.03"]}});
