jQuery112402823351815161831_1626521459839({"rc":0,"rt":17,"svr":182481222,"lt":1,"full":0,"data":{"code":"600505
market":1,"name":"西昌电力
decimal":2,"dktotal":4547,"preKPrice":7.44,"klines":["2021-07-08,7.47,7.28,7.66,7.28,75624,56166517.00,5.11,-2.15,-0.16,2.07
2021-07-09,7.21,7.41,7.42,7.15,69897,51352149.00,3.71,1.79,0.13,1.92
2021-07-12,7.42,7.30,7.55,7.29,80907,59612352.00,3.51,-1.48,-0.11,2.22
2021-07-13,7.31,7.64,7.66,7.16,186522,140226910.00,6.85,4.66,0.34,5.12
2021-07-14,7.64,7.46,7.80,7.44,132510,100375372.00,4.71,-2.36,-0.18,3.63
2021-07-15,7.52,7.29,7.53,7.19,79547,57965752.00,4.56,-2.28,-0.17,2.18
2021-07-16,7.27,7.22,7.37,7.20,62350,45309115.00,2.33,-0.96,-0.07,1.71
2021-07-19,7.22,7.27,7.28,7.12,38717,27913323.00,2.22,0.69,0.05,1.06
2021-07-20,7.21,7.20,7.29,7.15,41084,29579420.00,1.93,-0.96,-0.07,1.13
2021-07-21,7.18,7.20,7.23,7.15,40225,28892367.00,1.11,0.00,0.00,1.10"]}});
