jQuery112402823351815161831_1626521459839({"rc":0,"rt":17,"svr":181734975,"lt":1,"full":0,"data":{"code":"002623
market":0,"name":"亚玛顿
decimal":2,"dktotal":2367,"preKPrice":42.2,"klines":["2021-07-08,42.79,42.11,42.80,41.60,56318,237264102.00,2.84,-0.21,-0.09,3.53
2021-07-09,41.65,41.51,42.06,40.30,44971,185251829.00,4.18,-1.42,-0.60,2.82
2021-07-12,41.55,41.99,42.85,40.88,61033,256670437.00,4.75,1.16,0.48,3.82
2021-07-13,42.37,44.20,44.56,41.51,90037,391302880.00,7.26,5.26,2.21,5.64
2021-07-14,43.42,43.15,45.51,42.90,98921,436404064.00,5.90,-2.38,-1.05,6.20
2021-07-15,42.70,42.88,44.00,41.64,71876,307189120.00,5.47,-0.63,-0.27,4.50
2021-07-16,42.34,45.89,47.17,41.01,134064,602677376.00,14.37,7.02,3.01,8.40
2021-07-19,47.00,46.50,49.99,45.90,128058,611586048.00,8.91,1.33,0.61,8.02
2021-07-20,46.23,45.27,46.77,44.88,63762,290876672.00,4.06,-2.65,-1.23,4.00
2021-07-21,46.44,47.56,48.54,45.27,88008,412694400.00,7.22,5.06,2.29,5.52"]}});
