jQuery112402823351815161831_1626521459839({"rc":0,"rt":17,"svr":182481599,"lt":1,"full":0,"data":{"code":"002435
market":0,"name":"长江健康
decimal":2,"dktotal":2536,"preKPrice":5.28,"klines":["2021-07-08,5.27,5.14,5.29,5.10,185426,95978345.00,3.60,-2.65,-0.14,1.55
2021-07-09,5.13,5.25,5.28,5.08,156781,81332941.00,3.89,2.14,0.11,1.31
2021-07-12,5.25,5.28,5.32,5.23,131764,69493168.00,1.71,0.57,0.03,1.10
2021-07-13,5.30,5.24,5.30,5.20,117075,61241272.00,1.89,-0.76,-0.04,0.98
2021-07-14,5.24,5.29,5.49,5.19,357358,190943914.00,5.73,0.95,0.05,2.98
2021-07-15,5.25,5.06,5.28,5.02,257817,131244550.00,4.91,-4.35,-0.23,2.15
2021-07-16,5.07,5.06,5.13,5.02,138384,70175363.00,2.17,0.00,0.00,1.15
2021-07-19,5.01,5.09,5.19,4.93,160712,81451827.00,5.14,0.59,0.03,1.34
2021-07-20,5.11,5.19,5.27,5.08,205164,106439974.00,3.73,1.96,0.10,1.71
2021-07-21,5.34,5.71,5.71,5.33,234922,131246952.00,7.32,10.02,0.52,1.96"]}});
