jQuery112402823351815161831_1626521459839({"rc":0,"rt":17,"svr":181216787,"lt":1,"full":0,"data":{"code":"600054
market":1,"name":"黄山旅游
decimal":2,"dktotal":5801,"preKPrice":9.44,"klines":["2021-07-08,9.48,9.34,9.51,9.33,21493,20163145.00,1.91,-1.06,-0.10,0.42
2021-07-09,9.32,9.43,9.45,9.32,14746,13859995.00,1.39,0.96,0.09,0.29
2021-07-12,9.45,9.51,9.60,9.44,22742,21672359.00,1.70,0.85,0.08,0.44
2021-07-13,9.55,9.49,9.58,9.46,18753,17859973.00,1.26,-0.21,-0.02,0.37
2021-07-14,9.54,9.34,9.54,9.33,23496,22047443.00,2.21,-1.58,-0.15,0.46
2021-07-15,9.35,9.35,9.38,9.27,16587,15465548.00,1.18,0.11,0.01,0.32
2021-07-16,9.35,9.27,9.36,9.25,17902,16642580.00,1.18,-0.86,-0.08,0.35
2021-07-19,9.26,9.45,9.45,9.12,45905,42580125.00,3.56,1.94,0.18,0.89
2021-07-20,9.35,9.35,9.39,9.25,17119,15947294.00,1.48,-1.06,-0.10,0.33
2021-07-21,9.38,9.26,9.38,9.22,19595,18198564.00,1.71,-0.96,-0.09,0.38"]}});
