jQuery112402823351815161831_1626521459839({"rc":0,"rt":17,"svr":181734976,"lt":1,"full":0,"data":{"code":"600842
market":1,"name":"中西药业
decimal":2,"dktotal":3563,"preKPrice":14.04,"klines":["2010-01-21,13.90,14.34,14.55,13.89,27399,39066256.00,4.70,2.14,0.30,0.00
2010-01-22,14.10,14.50,14.70,13.85,28727,41054947.00,5.93,1.12,0.16,0.00
2010-01-25,14.40,14.67,14.93,14.30,38338,56510137.00,4.34,1.17,0.17,0.00
2010-01-26,14.65,14.01,14.80,13.83,26207,37081608.00,6.61,-4.50,-0.66,0.00
2010-01-27,13.99,13.68,14.10,13.50,13684,18780606.00,4.28,-2.36,-0.33,0.00
2010-01-28,13.60,13.82,13.84,13.52,9441,12944283.00,2.34,1.02,0.14,0.00
2010-01-29,13.78,14.20,14.31,13.63,32216,45641279.00,4.92,2.75,0.38,0.00
2010-02-01,14.17,14.74,14.86,14.13,37450,54555001.00,5.14,3.80,0.54,0.00
2010-02-02,14.77,13.94,14.77,13.90,48876,69395978.00,5.90,-5.43,-0.80,0.00
2010-02-03,13.86,13.96,14.40,13.00,54715,76482607.00,10.04,0.14,0.02,0.00"]}});
