jQuery112402823351815161831_1626521459839({"rc":0,"rt":17,"svr":181734976,"lt":1,"full":0,"data":{"code":"600463
market":1,"name":"空港股份
decimal":2,"dktotal":4150,"preKPrice":5.93,"klines":["2021-07-08,5.93,5.95,5.99,5.90,9345,5551094.00,1.52,0.34,0.02,0.31
2021-07-09,5.92,5.99,6.02,5.91,7889,4700492.00,1.85,0.67,0.04,0.26
2021-07-12,6.01,5.98,6.03,5.95,5362,3210543.00,1.34,-0.17,-0.01,0.18
2021-07-13,5.98,5.99,6.00,5.93,9132,5441393.00,1.17,0.17,0.01,0.30
2021-07-14,5.96,5.93,5.98,5.88,11804,6980196.00,1.67,-1.00,-0.06,0.39
2021-07-15,5.90,5.99,6.02,5.86,14617,8680023.00,2.70,1.01,0.06,0.49
2021-07-16,5.97,6.16,6.19,5.95,14447,8791059.00,4.01,2.84,0.17,0.48
2021-07-19,6.13,6.35,6.49,6.04,29027,18059838.00,7.31,3.08,0.19,0.97
2021-07-20,6.73,6.16,6.73,6.16,52076,33722649.00,8.98,-2.99,-0.19,1.74
2021-07-21,6.05,6.04,6.18,5.93,26243,15809552.00,4.06,-1.95,-0.12,0.87"]}});
