jQuery112402823351815161831_1626521459839({"rc":0,"rt":17,"svr":182481222,"lt":1,"full":0,"data":{"code":"002351
market":0,"name":"漫步者
decimal":2,"dktotal":2752,"preKPrice":13.47,"klines":["2021-07-08,14.33,14.22,14.82,14.18,221121,320073104.00,4.75,5.57,0.75,4.49
2021-07-09,13.95,14.20,14.50,13.74,131645,186843956.00,5.34,-0.14,-0.02,2.68
2021-07-12,14.29,14.17,14.30,14.06,91707,129579570.00,1.69,-0.21,-0.03,1.86
2021-07-13,14.11,14.00,14.20,13.84,72020,100611347.00,2.54,-1.20,-0.17,1.46
2021-07-14,14.00,14.01,14.16,13.91,67498,94907990.00,1.79,0.07,0.01,1.37
2021-07-15,14.12,13.94,14.30,13.83,73469,102925492.00,3.35,-0.50,-0.07,1.49
2021-07-16,13.91,13.77,13.97,13.60,78411,107955549.00,2.65,-1.22,-0.17,1.59
2021-07-19,13.78,14.08,14.17,13.52,102428,142101430.00,4.72,2.25,0.31,2.08
2021-07-20,13.92,13.98,14.10,13.81,57515,80218510.00,2.06,-0.71,-0.10,1.17
2021-07-21,13.98,13.93,14.10,13.88,52603,73481924.00,1.57,-0.36,-0.05,1.07"]}});
