jQuery112402823351815161831_1626521459839({"rc":0,"rt":17,"svr":181216787,"lt":1,"full":0,"data":{"code":"600399
market":1,"name":"抚顺特钢
decimal":2,"dktotal":4675,"preKPrice":19.36,"klines":["2021-07-08,19.83,20.04,20.24,19.50,529054,1054950608.00,3.82,3.51,0.68,2.68
2021-07-09,20.04,20.01,20.36,19.70,268157,537196944.00,3.29,-0.15,-0.03,1.36
2021-07-12,20.18,19.45,20.25,19.15,372392,732222704.00,5.50,-2.80,-0.56,1.89
2021-07-13,19.28,19.44,19.76,19.09,222008,430645376.00,3.44,-0.05,-0.01,1.13
2021-07-14,19.25,18.75,19.40,18.62,176249,333157392.00,4.01,-3.55,-0.69,0.89
2021-07-15,18.42,18.98,19.07,18.20,187074,350583296.00,4.64,1.23,0.23,0.95
2021-07-16,18.48,19.68,20.18,18.48,349672,684370944.00,8.96,3.69,0.70,1.77
2021-07-19,20.14,19.26,20.76,19.25,437740,881804656.00,7.67,-2.13,-0.42,2.22
2021-07-20,19.34,20.00,20.35,19.03,301742,597645216.00,6.85,3.84,0.74,1.53
2021-07-21,19.85,21.35,21.50,19.83,328070,688085072.00,8.35,6.75,1.35,1.66"]}});
