jQuery112402823351815161831_1626521459839({"rc":0,"rt":17,"svr":181669633,"lt":1,"full":0,"data":{"code":"002935
market":0,"name":"天奥电子
decimal":2,"dktotal":699,"preKPrice":20.72,"klines":["2021-07-08,20.62,20.85,21.08,20.62,27256,56817339.00,2.22,0.63,0.13,2.50
2021-07-09,20.85,20.00,20.85,19.99,68851,138609638.00,4.12,-4.08,-0.85,6.31
2021-07-12,20.08,20.40,20.73,19.95,62357,126181014.00,3.90,2.00,0.40,5.71
2021-07-13,20.29,20.68,20.84,20.24,41236,84684081.00,2.94,1.37,0.28,3.78
2021-07-14,20.63,20.22,20.79,20.10,42900,87006642.00,3.34,-2.22,-0.46,3.93
2021-07-15,20.21,20.07,20.32,19.68,29947,59793977.00,3.17,-0.74,-0.15,2.74
2021-07-16,20.07,20.25,20.47,19.95,26631,53938424.00,2.59,0.90,0.18,2.44
2021-07-19,20.27,20.64,20.76,20.11,44452,91223117.00,3.21,1.93,0.39,4.07
2021-07-20,20.36,20.87,21.18,20.32,39733,82518365.00,4.17,1.11,0.23,3.64
2021-07-21,20.82,20.71,21.00,20.58,39537,82047741.00,2.01,-0.77,-0.16,3.62"]}});
