jQuery112402823351815161831_1626521459839({"rc":0,"rt":17,"svr":181734976,"lt":1,"full":0,"data":{"code":"002316
market":0,"name":"亚联发展
decimal":2,"dktotal":2375,"preKPrice":5.22,"klines":["2021-07-08,5.22,5.37,5.59,5.22,250962,136018990.00,7.09,2.87,0.15,8.55
2021-07-09,5.23,5.28,5.44,5.20,165326,87436111.00,4.47,-1.68,-0.09,5.63
2021-07-12,5.41,5.60,5.71,5.31,369282,205443764.00,7.58,6.06,0.32,12.59
2021-07-13,5.62,5.67,5.81,5.47,295592,166923393.00,6.07,1.25,0.07,10.07
2021-07-14,5.77,5.36,5.80,5.36,238491,131060015.00,7.76,-5.47,-0.31,8.13
2021-07-15,5.20,5.06,5.26,4.88,290697,146310577.00,7.09,-5.60,-0.30,9.91
2021-07-16,4.95,4.94,5.08,4.93,114411,56853349.00,2.96,-2.37,-0.12,3.90
2021-07-19,4.89,4.96,4.99,4.71,113646,55221239.00,5.67,0.40,0.02,3.87
2021-07-20,4.92,4.89,4.93,4.82,66697,32410947.00,2.22,-1.41,-0.07,2.27
2021-07-21,4.88,4.90,4.94,4.85,80476,39371497.00,1.84,0.20,0.01,2.74"]}});
