jQuery112402823351815161831_1626521459839({"rc":0,"rt":17,"svr":181669475,"lt":1,"full":0,"data":{"code":"600148
market":1,"name":"长春一东
decimal":2,"dktotal":5398,"preKPrice":12.86,"klines":["2021-07-08,12.86,12.90,13.05,12.86,8381,10864315.00,1.48,0.31,0.04,0.59
2021-07-09,12.86,12.93,12.98,12.61,9162,11721563.00,2.87,0.23,0.03,0.65
2021-07-12,12.99,12.96,13.04,12.90,10618,13755995.00,1.08,0.23,0.03,0.75
2021-07-13,12.88,12.63,12.88,12.55,10641,13502096.00,2.55,-2.55,-0.33,0.75
2021-07-14,12.59,12.58,12.67,12.52,5559,6994314.00,1.19,-0.40,-0.05,0.39
2021-07-15,12.58,12.56,12.62,12.53,5003,6283905.00,0.72,-0.16,-0.02,0.35
2021-07-16,12.54,12.61,12.79,12.54,8207,10381301.00,1.99,0.40,0.05,0.58
2021-07-19,12.62,12.58,12.71,12.55,6696,8446653.00,1.27,-0.24,-0.03,0.47
2021-07-20,12.58,12.50,12.58,12.35,7047,8770048.00,1.83,-0.64,-0.08,0.50
2021-07-21,12.53,12.43,12.55,12.41,7354,9164063.00,1.12,-0.56,-0.07,0.52"]}});
