jQuery112402823351815161831_1626521459839({"rc":0,"rt":17,"svr":182482250,"lt":1,"full":0,"data":{"code":"002819
market":0,"name":"东方中科
decimal":2,"dktotal":1041,"preKPrice":29.98,"klines":["2021-07-08,29.55,30.08,30.38,29.55,6054,18188763.00,2.77,0.33,0.10,0.43
2021-07-09,30.10,30.23,30.23,29.70,7613,22798968.00,1.76,0.50,0.15,0.55
2021-07-12,30.31,31.47,31.80,30.26,17231,53770078.00,5.09,4.10,1.24,1.23
2021-07-13,31.48,31.16,31.89,30.91,10061,31481377.00,3.11,-0.99,-0.31,0.72
2021-07-14,31.00,30.71,31.50,30.58,8560,26405590.00,2.95,-1.44,-0.45,0.61
2021-07-15,30.69,31.58,31.88,30.22,12163,37930345.00,5.41,2.83,0.87,0.87
2021-07-16,31.78,32.65,32.69,31.35,14335,46132416.00,4.24,3.39,1.07,1.03
2021-07-19,32.78,32.00,32.78,31.91,7144,22981412.00,2.66,-1.99,-0.65,0.51
2021-07-20,31.93,31.42,32.01,31.30,5707,17992026.00,2.22,-1.81,-0.58,0.41
2021-07-21,31.42,31.47,31.79,31.27,5066,15942488.00,1.65,0.16,0.05,0.36"]}});
