jQuery112402823351815161831_1626521459839({"rc":0,"rt":17,"svr":181734976,"lt":1,"full":0,"data":{"code":"002771
market":0,"name":"真视通
decimal":2,"dktotal":1430,"preKPrice":11.31,"klines":["2021-07-08,11.24,11.21,11.35,11.20,6357,7163460.00,1.33,-0.88,-0.10,0.43
2021-07-09,11.22,11.59,11.64,11.04,20827,23675936.00,5.35,3.39,0.38,1.40
2021-07-12,11.59,11.79,11.85,11.42,35682,41568702.00,3.71,1.73,0.20,2.40
2021-07-13,11.83,11.76,11.87,11.62,33878,39854883.00,2.12,-0.25,-0.03,2.28
2021-07-14,11.70,11.42,11.76,11.42,23768,27484230.00,2.89,-2.89,-0.34,1.60
2021-07-15,11.21,11.00,11.50,10.88,22772,25151810.00,5.43,-3.68,-0.42,1.53
2021-07-16,10.94,10.93,11.10,10.86,9767,10715774.00,2.18,-0.64,-0.07,0.66
2021-07-19,10.91,10.59,10.93,10.41,17821,18893935.00,4.76,-3.11,-0.34,1.20
2021-07-20,10.62,10.74,10.84,10.21,15797,16847427.00,5.95,1.42,0.15,1.06
2021-07-21,10.80,10.62,10.90,10.59,12727,13683514.00,2.89,-1.12,-0.12,0.85"]}});
