jQuery112402823351815161831_1626521459839({"rc":0,"rt":17,"svr":181734974,"lt":1,"full":0,"data":{"code":"002896
market":0,"name":"中大力德
decimal":2,"dktotal":945,"preKPrice":19.7,"klines":["2021-07-08,19.78,19.97,20.10,19.42,20293,40306359.00,3.45,1.37,0.27,1.95
2021-07-09,19.80,19.96,20.10,19.60,13138,26063701.00,2.50,-0.05,-0.01,1.26
2021-07-12,20.00,20.35,20.66,19.76,20823,41996248.00,4.51,1.95,0.39,2.00
2021-07-13,20.33,20.22,20.47,20.06,11537,23309365.00,2.01,-0.64,-0.13,1.11
2021-07-14,20.34,19.95,20.34,19.80,13623,27221088.00,2.67,-1.34,-0.27,1.31
2021-07-15,19.79,19.90,20.09,19.43,14358,28392347.00,3.31,-0.25,-0.05,1.38
2021-07-16,19.97,19.94,20.09,19.75,11554,23023860.00,1.71,0.20,0.04,1.11
2021-07-19,19.93,19.75,19.93,19.40,10672,20903825.00,2.66,-0.95,-0.19,1.03
2021-07-20,19.62,19.54,19.62,19.36,7453,14514013.00,1.32,-1.06,-0.21,0.72
2021-07-21,19.50,19.81,20.06,19.50,10140,20115042.00,2.87,1.38,0.27,0.97"]}});
