jQuery112402823351815161831_1626521459839({"rc":0,"rt":17,"svr":182481599,"lt":1,"full":0,"data":{"code":"600392
market":1,"name":"盛和资源
decimal":2,"dktotal":4064,"preKPrice":20.77,"klines":["2021-07-08,21.40,21.09,22.74,21.08,3195648,6972687616.00,7.99,1.54,0.32,18.21
2021-07-09,21.37,23.20,23.20,21.11,2505093,5556938752.00,9.91,10.00,2.11,14.27
2021-07-12,23.37,23.44,24.96,22.08,2782392,6615983104.00,12.41,1.03,0.24,15.85
2021-07-13,22.89,22.52,23.37,22.12,1798035,4052655424.00,5.33,-3.92,-0.92,10.24
2021-07-14,22.40,21.28,22.43,21.25,1756050,3820026496.00,5.24,-5.51,-1.24,10.01
2021-07-15,21.32,23.41,23.41,20.75,1800135,3979701248.00,12.50,10.01,2.13,10.26
2021-07-16,24.50,24.82,25.75,24.19,2901615,7276310272.00,6.66,6.02,1.41,16.53
2021-07-19,24.57,24.10,25.55,23.93,2534252,6286439424.00,6.53,-2.90,-0.72,14.44
2021-07-20,22.90,23.52,24.49,22.80,1817456,4286591104.00,7.01,-2.41,-0.58,10.35
2021-07-21,23.63,24.93,25.38,23.21,2027500,4986667008.00,9.23,5.99,1.41,11.55"]}});
