jQuery112402823351815161831_1626521459839({"rc":0,"rt":17,"svr":182481427,"lt":1,"full":0,"data":{"code":"002396
market":0,"name":"星网锐捷
decimal":2,"dktotal":2487,"preKPrice":21.79,"klines":["2021-07-08,21.69,22.85,22.95,21.45,196628,440956112.00,6.88,4.86,1.06,3.37
2021-07-09,22.71,22.57,22.76,22.23,144292,324052224.00,2.32,-1.23,-0.28,2.47
2021-07-12,22.67,23.70,23.92,22.66,230858,543042832.00,5.58,5.01,1.13,3.96
2021-07-13,24.80,24.13,25.11,24.00,311225,760980944.00,4.68,1.81,0.43,5.34
2021-07-14,24.02,23.77,24.52,23.70,182832,440522272.00,3.40,-1.49,-0.36,3.13
2021-07-15,23.98,24.62,24.73,23.85,186813,457210208.00,3.70,3.58,0.85,3.20
2021-07-16,24.62,24.68,25.02,24.12,182562,448092176.00,3.66,0.24,0.06,3.13
2021-07-19,24.40,27.15,27.15,24.01,358237,931361728.00,12.72,10.01,2.47,6.14
2021-07-20,27.30,26.35,27.30,26.21,309323,823850352.00,4.01,-2.95,-0.80,5.30
2021-07-21,26.58,27.50,27.68,25.95,288233,768955088.00,6.57,4.36,1.15,4.94"]}});
