jQuery112402823351815161831_1626521459839({"rc":0,"rt":17,"svr":182482250,"lt":1,"full":0,"data":{"code":"002685
market":0,"name":"华东重机
decimal":2,"dktotal":2001,"preKPrice":4.96,"klines":["2021-07-08,4.96,5.28,5.34,4.96,243269,125502364.00,7.66,6.45,0.32,3.12
2021-07-09,5.28,5.39,5.45,5.22,196871,105101917.00,4.36,2.08,0.11,2.52
2021-07-12,5.39,5.34,5.48,5.31,156387,84073691.00,3.15,-0.93,-0.05,2.00
2021-07-13,5.33,5.47,5.55,5.32,135712,73839377.00,4.31,2.43,0.13,1.74
2021-07-14,5.51,5.39,5.54,5.36,139805,76049567.00,3.29,-1.46,-0.08,1.79
2021-07-15,5.43,5.24,5.50,5.12,236937,124853326.00,7.05,-2.78,-0.15,3.03
2021-07-16,5.27,5.07,5.30,5.00,288387,147838981.00,5.73,-3.24,-0.17,3.69
2021-07-19,5.05,5.07,5.19,4.90,218758,110800129.00,5.72,0.00,0.00,2.80
2021-07-20,5.07,5.00,5.09,4.97,105907,53089095.00,2.37,-1.38,-0.07,1.36
2021-07-21,5.00,5.16,5.24,4.98,179620,92693727.00,5.20,3.20,0.16,2.30"]}});
