jQuery112402823351815161831_1626521459839({"rc":0,"rt":17,"svr":181734974,"lt":1,"full":0,"data":{"code":"600803
market":1,"name":"新奥股份
decimal":2,"dktotal":6418,"preKPrice":17.28,"klines":["2021-07-08,17.29,16.67,17.35,16.33,134205,224599671.00,5.90,-3.53,-0.61,1.11
2021-07-09,16.89,17.37,17.44,16.64,108572,186910131.00,4.80,4.20,0.70,0.90
2021-07-12,17.85,17.26,17.85,17.09,79475,137835179.00,4.38,-0.63,-0.11,0.66
2021-07-13,17.27,17.87,18.02,17.10,78641,139438187.00,5.33,3.53,0.61,0.65
2021-07-14,17.86,17.46,17.86,17.38,55007,96344516.00,2.69,-2.29,-0.41,0.45
2021-07-15,17.47,17.97,18.15,17.21,73383,129960031.00,5.38,2.92,0.51,0.61
2021-07-16,17.80,17.86,18.28,17.72,48740,87436845.00,3.12,-0.61,-0.11,0.40
2021-07-19,17.90,17.91,17.98,17.38,50753,89727073.00,3.36,0.28,0.05,0.42
2021-07-20,17.85,17.99,18.11,17.46,71406,127840691.00,3.63,0.45,0.08,0.59
2021-07-21,17.96,17.84,18.12,17.30,103900,183380769.00,4.56,-0.83,-0.15,0.86"]}});
