jQuery112402823351815161831_1626521459839({"rc":0,"rt":17,"svr":182482651,"lt":1,"full":0,"data":{"code":"002717
market":0,"name":"岭南股份
decimal":2,"dktotal":1649,"preKPrice":2.95,"klines":["2021-07-08,2.95,2.93,2.96,2.91,120851,35433898.00,1.69,-0.68,-0.02,1.07
2021-07-09,2.92,2.99,3.03,2.91,172519,51630375.00,4.10,2.05,0.06,1.53
2021-07-12,2.99,3.00,3.03,2.97,149412,44811349.00,2.01,0.33,0.01,1.33
2021-07-13,3.01,3.02,3.02,2.98,127478,38219542.00,1.33,0.67,0.02,1.13
2021-07-14,3.02,2.98,3.03,2.97,129331,38748851.00,1.99,-1.32,-0.04,1.15
2021-07-15,2.99,2.96,3.00,2.93,136236,40219991.00,2.35,-0.67,-0.02,1.21
2021-07-16,2.96,2.95,2.98,2.94,87858,25997158.00,1.35,-0.34,-0.01,0.78
2021-07-19,2.95,2.91,2.96,2.90,123639,36047926.00,2.03,-1.36,-0.04,1.10
2021-07-20,2.88,2.91,2.92,2.87,86497,24993739.00,1.72,0.00,0.00,0.77
2021-07-21,2.95,2.94,2.98,2.93,117750,34718727.00,1.72,1.03,0.03,1.05"]}});
