jQuery112402823351815161831_1626521459839({"rc":0,"rt":17,"svr":181216787,"lt":1,"full":0,"data":{"code":"002902
market":0,"name":"铭普光磁
decimal":2,"dktotal":914,"preKPrice":12.94,"klines":["2021-07-08,13.08,12.64,13.13,12.63,50270,64144160.00,3.86,-2.32,-0.30,3.76
2021-07-09,12.50,12.31,12.77,12.26,44254,55077048.00,4.03,-2.61,-0.33,3.31
2021-07-12,12.37,13.54,13.54,12.37,93960,123996169.00,9.50,9.99,1.23,7.02
2021-07-13,13.54,13.95,14.26,13.21,187539,256047853.00,7.75,3.03,0.41,14.02
2021-07-14,13.71,13.45,13.98,13.40,96707,131950968.00,4.16,-3.58,-0.50,7.23
2021-07-15,13.66,14.18,14.45,13.20,167043,231624609.00,9.29,5.43,0.73,12.48
2021-07-16,14.04,13.81,14.68,13.81,117894,166124590.00,6.14,-2.61,-0.37,8.81
2021-07-19,13.62,13.88,14.22,13.28,90231,123604226.00,6.81,0.51,0.07,6.74
2021-07-20,13.87,13.64,13.99,13.53,59225,81091878.00,3.31,-1.73,-0.24,4.43
2021-07-21,13.71,13.92,14.03,13.61,78334,108601652.00,3.08,2.05,0.28,5.85"]}});
