jQuery112402823351815161831_1626521459839({"rc":0,"rt":17,"svr":182480524,"lt":1,"full":0,"data":{"code":"600306
market":1,"name":"*ST商城
decimal":2,"dktotal":4647,"preKPrice":11.58,"klines":["2021-07-08,12.05,12.16,12.16,11.89,9493,11509992.00,2.33,5.01,0.58,0.53
2021-07-09,12.77,12.21,12.77,11.86,36928,45591490.00,7.48,0.41,0.05,2.08
2021-07-12,12.60,12.04,12.60,11.70,19660,23683267.00,7.37,-1.39,-0.17,1.11
2021-07-13,11.81,12.16,12.55,11.80,9582,11638147.00,6.23,1.00,0.12,0.54
2021-07-14,12.04,11.63,12.18,11.55,14361,16966122.00,5.18,-4.36,-0.53,0.81
2021-07-15,11.63,12.05,12.20,11.42,11287,13448427.00,6.71,3.61,0.42,0.64
2021-07-16,12.36,12.65,12.65,12.24,17841,22499790.00,3.40,4.98,0.60,1.01
2021-07-19,12.65,13.28,13.28,12.40,25121,32775318.00,6.96,4.98,0.63,1.42
2021-07-20,13.20,13.04,13.49,12.70,15150,19962158.00,5.95,-1.81,-0.24,0.85
2021-07-21,13.18,12.97,13.31,12.82,8022,10429775.00,3.76,-0.54,-0.07,0.45"]}});
