jQuery112402823351815161831_1626521459839({"rc":0,"rt":17,"svr":181669733,"lt":1,"full":0,"data":{"code":"600098
market":1,"name":"广州发展
decimal":2,"dktotal":5741,"preKPrice":6.18,"klines":["2021-07-08,6.20,6.10,6.25,6.09,53787,33058736.00,2.59,-1.29,-0.08,0.20
2021-07-09,6.09,6.13,6.14,6.06,31331,19137009.00,1.31,0.49,0.03,0.11
2021-07-12,6.13,6.16,6.19,6.12,32626,20059671.00,1.14,0.49,0.03,0.12
2021-07-13,6.18,6.24,6.25,6.15,46436,28869794.00,1.62,1.30,0.08,0.17
2021-07-14,6.24,6.25,6.29,6.20,49221,30750709.00,1.44,0.16,0.01,0.18
2021-07-15,6.27,6.16,6.27,6.14,40703,25148716.00,2.08,-1.44,-0.09,0.15
2021-07-16,6.16,6.19,6.26,6.13,42441,26377818.00,2.11,0.49,0.03,0.16
2021-07-19,6.17,6.10,6.21,6.07,45238,27684258.00,2.26,-1.45,-0.09,0.17
2021-07-20,6.07,6.00,6.09,5.99,63090,38021119.00,1.64,-1.64,-0.10,0.23
2021-07-21,6.02,6.04,6.04,6.00,28719,17293301.00,0.67,0.67,0.04,0.11"]}});
