jQuery112402823351815161831_1626521459839({"rc":0,"rt":17,"svr":181669475,"lt":1,"full":0,"data":{"code":"003001
market":0,"name":"中岩大地
decimal":2,"dktotal":191,"preKPrice":24.38,"klines":["2021-07-08,24.48,23.79,24.50,23.73,15348,36870623.00,3.16,-2.42,-0.59,4.87
2021-07-09,23.90,24.16,24.28,23.60,10337,24866436.00,2.86,1.56,0.37,3.28
2021-07-12,24.26,24.28,24.51,24.22,11565,28139394.00,1.20,0.50,0.12,3.67
2021-07-13,24.26,24.59,24.76,24.17,16293,39966749.00,2.43,1.28,0.31,5.17
2021-07-14,24.59,24.02,24.60,24.01,13331,32296169.00,2.40,-2.32,-0.57,4.23
2021-07-15,24.14,23.67,24.18,23.63,12371,29357239.00,2.29,-1.46,-0.35,3.93
2021-07-16,23.78,23.62,23.85,23.58,8303,19681230.00,1.14,-0.21,-0.05,2.64
2021-07-19,23.51,22.88,23.55,22.81,16025,36833360.00,3.13,-3.13,-0.74,5.09
2021-07-20,22.80,23.27,23.80,22.69,15267,35308308.00,4.85,1.70,0.39,4.85
2021-07-21,23.28,23.26,23.49,23.18,10817,25189014.00,1.33,-0.04,-0.01,3.43"]}});
