jQuery112402823351815161831_1626521459839({"rc":0,"rt":17,"svr":181734974,"lt":1,"full":0,"data":{"code":"002314
market":0,"name":"南山控股
decimal":2,"dktotal":2630,"preKPrice":3.21,"klines":["2021-07-08,3.22,3.19,3.24,3.19,39388,12632431.00,1.56,-0.62,-0.02,0.29
2021-07-09,3.19,3.18,3.20,3.16,43091,13661115.00,1.25,-0.31,-0.01,0.32
2021-07-12,3.18,3.19,3.23,3.15,67624,21597119.00,2.52,0.31,0.01,0.51
2021-07-13,3.19,3.21,3.22,3.18,37592,12037621.00,1.25,0.63,0.02,0.28
2021-07-14,3.20,3.18,3.23,3.17,52048,16610201.00,1.87,-0.93,-0.03,0.39
2021-07-15,3.25,3.21,3.35,3.20,106137,34525873.00,4.72,0.94,0.03,0.79
2021-07-16,3.21,3.22,3.23,3.19,49545,15885450.00,1.25,0.31,0.01,0.37
2021-07-19,3.18,3.17,3.22,3.16,56194,17839877.00,1.86,-1.55,-0.05,0.42
2021-07-20,3.17,3.17,3.20,3.15,45182,14334385.00,1.58,0.00,0.00,0.34
2021-07-21,3.18,3.20,3.25,3.17,54402,17465050.00,2.52,0.95,0.03,0.41"]}});
