jQuery112402823351815161831_1626521459839({"rc":0,"rt":17,"svr":181669733,"lt":1,"full":0,"data":{"code":"600748
market":1,"name":"上实发展
decimal":2,"dktotal":5834,"preKPrice":4.53,"klines":["2021-07-08,4.55,4.50,4.55,4.49,33373,15032017.00,1.32,-0.66,-0.03,0.18
2021-07-09,4.50,4.52,4.55,4.48,27567,12449811.00,1.56,0.44,0.02,0.15
2021-07-12,4.55,4.57,4.59,4.54,44461,20284868.00,1.11,1.11,0.05,0.24
2021-07-13,4.55,4.56,4.60,4.54,43422,19876792.00,1.31,-0.22,-0.01,0.24
2021-07-14,4.55,4.52,4.56,4.51,28099,12727446.00,1.10,-0.88,-0.04,0.15
2021-07-15,4.52,4.52,4.57,4.45,44031,19848548.00,2.65,0.00,0.00,0.24
2021-07-16,4.56,4.53,4.64,4.53,61944,28397030.00,2.43,0.22,0.01,0.34
2021-07-19,4.50,4.47,4.53,4.46,41961,18786026.00,1.55,-1.32,-0.06,0.23
2021-07-20,4.45,4.48,4.50,4.44,29540,13192752.00,1.34,0.22,0.01,0.16
2021-07-21,4.48,4.45,4.50,4.43,34500,15380482.00,1.56,-0.67,-0.03,0.19"]}});
