jQuery112402823351815161831_1626521459839({"rc":0,"rt":17,"svr":182480525,"lt":1,"full":0,"data":{"code":"002687
market":0,"name":"乔治白
decimal":2,"dktotal":2190,"preKPrice":6.06,"klines":["2021-07-08,6.08,6.16,6.18,5.96,64615,39509227.00,3.63,1.65,0.10,2.26
2021-07-09,6.14,6.32,6.34,6.13,78537,49181616.00,3.41,2.60,0.16,2.75
2021-07-12,6.35,6.37,6.39,6.21,62650,39654804.00,2.85,0.79,0.05,2.19
2021-07-13,6.36,6.36,6.37,6.28,33533,21190814.00,1.41,-0.16,-0.01,1.17
2021-07-14,6.36,6.37,6.42,6.31,35585,22712331.00,1.73,0.16,0.01,1.25
2021-07-15,6.39,6.41,6.46,6.25,44029,28113681.00,3.30,0.63,0.04,1.54
2021-07-16,6.41,6.42,6.48,6.38,31810,20433834.00,1.56,0.16,0.01,1.11
2021-07-19,6.42,6.60,6.75,6.30,82872,53941132.00,7.01,2.80,0.18,2.90
2021-07-20,6.57,6.58,6.70,6.45,35917,23581878.00,3.79,-0.30,-0.02,1.26
2021-07-21,6.60,6.75,6.81,6.50,50893,34026604.00,4.71,2.58,0.17,1.78"]}});
