jQuery112402823351815161831_1626521459839({"rc":0,"rt":17,"svr":181669475,"lt":1,"full":0,"data":{"code":"600854
market":1,"name":"春兰股份
decimal":2,"dktotal":6180,"preKPrice":3.51,"klines":["2021-07-08,3.51,3.46,3.51,3.45,24592,8558318.00,1.71,-1.42,-0.05,0.47
2021-07-09,3.46,3.47,3.48,3.43,17629,6098793.00,1.45,0.29,0.01,0.34
2021-07-12,3.47,3.51,3.52,3.47,29049,10150710.00,1.44,1.15,0.04,0.56
2021-07-13,3.51,3.55,3.55,3.47,27519,9693851.00,2.28,1.14,0.04,0.53
2021-07-14,3.54,3.50,3.57,3.49,23935,8416191.00,2.25,-1.41,-0.05,0.46
2021-07-15,3.49,3.46,3.49,3.42,28927,9982179.00,2.00,-1.14,-0.04,0.56
2021-07-16,3.44,3.45,3.47,3.44,14177,4894248.00,0.87,-0.29,-0.01,0.27
2021-07-19,3.44,3.41,3.45,3.37,29897,10166236.00,2.32,-1.16,-0.04,0.58
2021-07-20,3.39,3.43,3.44,3.38,22187,7556226.00,1.76,0.59,0.02,0.43
2021-07-21,3.42,3.44,3.46,3.40,18933,6506620.00,1.75,0.29,0.01,0.36"]}});
