jQuery112402823351815161831_1626521459839({"rc":0,"rt":17,"svr":181216787,"lt":1,"full":0,"data":{"code":"600892
market":1,"name":"大晟文化
decimal":2,"dktotal":5717,"preKPrice":3.92,"klines":["2021-07-08,3.92,3.82,3.94,3.78,31824,12185991.00,4.08,-2.55,-0.10,0.59
2021-07-09,3.82,3.82,3.84,3.76,19003,7232852.00,2.09,0.00,0.00,0.35
2021-07-12,3.82,3.74,3.85,3.71,27494,10428040.00,3.66,-2.09,-0.08,0.51
2021-07-13,3.73,3.88,3.89,3.72,42206,16203341.00,4.55,3.74,0.14,0.78
2021-07-14,3.86,3.88,3.90,3.82,18235,7043294.00,2.06,0.00,0.00,0.34
2021-07-15,3.85,4.04,4.06,3.85,57016,22770960.00,5.41,4.12,0.16,1.06
2021-07-16,4.05,4.09,4.20,3.99,40999,16797288.00,5.20,1.24,0.05,0.76
2021-07-19,4.14,3.94,4.15,3.92,39194,15617630.00,5.62,-3.67,-0.15,0.73
2021-07-20,3.98,3.91,3.98,3.84,18356,7113184.00,3.55,-0.76,-0.03,0.34
2021-07-21,3.87,3.92,3.99,3.87,17750,6981290.00,3.07,0.26,0.01,0.33"]}});
