jQuery112402823351815161831_1626521459839({"rc":0,"rt":17,"svr":181734974,"lt":1,"full":0,"data":{"code":"002521
market":0,"name":"齐峰新材
decimal":2,"dktotal":2570,"preKPrice":6.68,"klines":["2021-07-08,6.67,6.64,6.70,6.60,40595,26969186.00,1.50,-0.60,-0.04,0.96
2021-07-09,6.63,6.71,6.74,6.57,49910,33362122.00,2.56,1.05,0.07,1.18
2021-07-12,6.74,6.78,6.85,6.69,82267,55739120.00,2.38,1.04,0.07,1.94
2021-07-13,6.74,6.86,6.91,6.69,92596,63137520.00,3.24,1.18,0.08,2.18
2021-07-14,6.86,6.88,6.94,6.83,69724,47986011.00,1.60,0.29,0.02,1.64
2021-07-15,6.87,6.78,6.87,6.68,59474,40198281.00,2.76,-1.45,-0.10,1.40
2021-07-16,6.76,6.73,6.86,6.70,51052,34590022.00,2.36,-0.74,-0.05,1.20
2021-07-19,6.73,6.69,6.77,6.64,56533,37840726.00,1.93,-0.59,-0.04,1.33
2021-07-20,6.67,6.69,6.72,6.48,76375,50347909.00,3.59,0.00,0.00,1.80
2021-07-21,6.69,6.61,6.77,6.58,65922,43773397.00,2.84,-1.20,-0.08,1.55"]}});
