jQuery112402823351815161831_1626521459839({"rc":0,"rt":17,"svr":181216787,"lt":1,"full":0,"data":{"code":"600838
market":1,"name":"上海九百
decimal":2,"dktotal":6620,"preKPrice":6.06,"klines":["2021-07-08,6.08,6.03,6.10,5.98,26243,15789781.00,1.98,-0.50,-0.03,0.65
2021-07-09,6.05,6.06,6.07,5.92,15523,9341190.00,2.49,0.50,0.03,0.39
2021-07-12,6.09,6.09,6.13,6.05,18373,11187469.00,1.32,0.50,0.03,0.46
2021-07-13,6.10,6.10,6.10,5.95,16872,10219170.00,2.46,0.16,0.01,0.42
2021-07-14,6.10,6.06,6.12,6.05,10276,6250533.00,1.15,-0.66,-0.04,0.26
2021-07-15,6.03,6.01,6.08,5.97,20936,12575106.00,1.82,-0.83,-0.05,0.52
2021-07-16,6.03,6.02,6.06,6.00,12612,7602033.00,1.00,0.17,0.01,0.31
2021-07-19,6.00,5.99,6.01,5.95,11488,6866061.00,1.00,-0.50,-0.03,0.29
2021-07-20,5.94,6.01,6.03,5.94,15366,9205972.00,1.50,0.33,0.02,0.38
2021-07-21,6.01,6.01,6.04,5.97,13589,8170412.00,1.16,0.00,0.00,0.34"]}});
