jQuery112402823351815161831_1626521459839({"rc":0,"rt":17,"svr":181734976,"lt":1,"full":0,"data":{"code":"002600
market":0,"name":"领益智造
decimal":2,"dktotal":2180,"preKPrice":9.01,"klines":["2021-07-08,8.96,9.15,9.26,8.92,1482797,1352036208.00,3.77,1.55,0.14,6.41
2021-07-09,9.13,9.14,9.25,9.01,1130881,1032769088.00,2.62,-0.11,-0.01,4.89
2021-07-12,8.23,8.23,8.47,8.23,885506,731382832.00,2.63,-9.96,-0.91,3.83
2021-07-13,7.44,7.70,7.87,7.44,2705135,2061566368.00,5.22,-6.44,-0.53,11.69
2021-07-14,7.56,7.73,7.85,7.56,1394800,1074930224.00,3.77,0.39,0.03,6.03
2021-07-15,7.71,7.57,7.71,7.53,836331,634998032.00,2.33,-2.07,-0.16,3.61
2021-07-16,7.57,7.46,7.63,7.45,882515,662367808.00,2.38,-1.45,-0.11,3.81
2021-07-19,7.46,7.21,7.54,7.16,1086608,791576032.00,5.09,-3.35,-0.25,4.70
2021-07-20,7.22,7.28,7.32,7.19,494744,359203408.00,1.80,0.97,0.07,2.14
2021-07-21,7.32,7.20,7.33,7.19,725116,524182224.00,1.92,-1.10,-0.08,3.13"]}});
