jQuery112402823351815161831_1626521459839({"rc":0,"rt":17,"svr":182482650,"lt":1,"full":0,"data":{"code":"600271
market":1,"name":"航天信息
decimal":2,"dktotal":4194,"preKPrice":12.72,"klines":["2021-07-08,12.73,12.61,12.78,12.54,100838,127467515.00,1.89,-0.86,-0.11,0.54
2021-07-09,12.57,12.48,12.60,12.35,106063,132071258.00,1.98,-1.03,-0.13,0.57
2021-07-12,12.56,12.88,12.92,12.56,164418,210014312.00,2.88,3.21,0.40,0.89
2021-07-13,12.89,13.30,13.67,12.85,286768,382114448.00,6.37,3.26,0.42,1.55
2021-07-14,13.29,13.11,13.33,13.00,166696,218738130.00,2.48,-1.43,-0.19,0.90
2021-07-15,13.03,13.16,13.21,13.02,123742,162477078.00,1.45,0.38,0.05,0.67
2021-07-16,13.12,13.42,13.46,13.04,193181,256985977.00,3.19,1.98,0.26,1.04
2021-07-19,13.21,12.97,13.21,12.76,170377,220095489.00,3.35,-3.35,-0.45,0.92
2021-07-20,12.85,12.91,12.97,12.81,85413,110038416.00,1.23,-0.46,-0.06,0.46
2021-07-21,12.91,12.99,13.00,12.86,101846,131640847.00,1.08,0.62,0.08,0.55"]}});
