jQuery112402823351815161831_1626521459839({"rc":0,"rt":17,"svr":182480525,"lt":1,"full":0,"data":{"code":"600533
market":1,"name":"栖霞建设
decimal":2,"dktotal":4516,"preKPrice":3.09,"klines":["2021-07-08,3.11,3.07,3.11,3.04,70574,21671400.00,2.27,-0.65,-0.02,0.67
2021-07-09,3.04,3.06,3.08,3.03,57299,17512392.00,1.63,-0.33,-0.01,0.55
2021-07-12,3.06,3.06,3.11,3.06,82082,25272625.00,1.63,0.00,0.00,0.78
2021-07-13,3.06,3.08,3.08,3.05,61708,18931023.00,0.98,0.65,0.02,0.59
2021-07-14,3.06,3.06,3.09,3.06,53112,16339105.00,0.97,-0.65,-0.02,0.51
2021-07-15,3.06,3.07,3.07,3.04,44628,13641724.00,0.98,0.33,0.01,0.43
2021-07-16,3.07,3.04,3.07,3.04,67032,20475758.00,0.98,-0.98,-0.03,0.64
2021-07-19,3.06,3.06,3.06,3.04,49689,15172179.00,0.66,0.66,0.02,0.47
2021-07-20,3.05,3.05,3.06,3.02,53651,16294433.00,1.31,-0.33,-0.01,0.51
2021-07-21,3.05,3.03,3.06,3.02,47374,14397218.00,1.31,-0.66,-0.02,0.45"]}});
