jQuery112402823351815161831_1626521459839({"rc":0,"rt":17,"svr":182482250,"lt":1,"full":0,"data":{"code":"002709
market":0,"name":"天赐材料
decimal":2,"dktotal":1798,"preKPrice":106.28,"klines":["2021-07-08,107.14,103.50,110.79,103.50,310936,3301808992.00,6.86,-2.62,-2.78,3.36
2021-07-09,102.00,113.85,113.85,99.16,480791,5168255488.00,14.19,10.00,10.35,5.19
2021-07-12,113.00,112.61,116.34,108.33,459222,5177242368.00,7.04,-1.09,-1.24,4.96
2021-07-13,112.65,117.38,118.22,112.01,317028,3655758160.00,5.51,4.24,4.77,3.43
2021-07-14,115.00,106.90,115.22,106.56,375091,4116537856.00,7.38,-8.93,-10.48,4.05
2021-07-15,105.00,106.10,108.00,103.45,255790,2694585120.00,4.26,-0.75,-0.80,2.76
2021-07-16,104.80,98.99,105.88,98.80,343182,3501904272.00,6.67,-6.70,-7.11,3.71
2021-07-19,97.00,93.35,97.00,91.60,430753,4046835200.00,5.46,-5.70,-5.64,4.65
2021-07-20,93.30,96.85,97.79,92.40,280486,2685653728.00,5.77,3.75,3.50,3.03
2021-07-21,98.31,102.09,103.51,98.10,303223,3083743680.00,5.59,5.41,5.24,3.28"]}});
