jQuery112402823351815161831_1626521459839({"rc":0,"rt":17,"svr":182481427,"lt":1,"full":0,"data":{"code":"002806
market":0,"name":"华锋股份
decimal":2,"dktotal":1058,"preKPrice":10.93,"klines":["2021-07-08,11.05,10.98,11.25,10.81,60902,67098838.00,4.03,0.46,0.05,5.26
2021-07-09,10.94,11.13,11.13,10.71,58635,64142356.00,3.83,1.37,0.15,5.07
2021-07-12,11.13,10.91,11.22,10.85,51037,56138804.00,3.32,-1.98,-0.22,4.41
2021-07-13,11.06,11.16,11.35,11.03,68888,77264328.00,2.93,2.29,0.25,5.95
2021-07-14,11.11,10.90,11.19,10.90,41828,46062587.00,2.60,-2.33,-0.26,3.61
2021-07-15,10.81,11.01,11.03,10.65,35589,38663425.00,3.49,1.01,0.11,3.07
2021-07-16,11.06,11.35,11.50,10.96,64492,72971599.00,4.90,3.09,0.34,5.57
2021-07-19,11.48,12.49,12.49,11.27,110703,132826058.00,10.75,10.04,1.14,9.56
2021-07-20,12.30,12.97,13.68,11.85,174045,218507903.00,14.65,3.84,0.48,15.04
2021-07-21,12.70,13.00,13.14,12.47,163533,209702355.00,5.17,0.23,0.03,14.02"]}});
