jQuery112402823351815161831_1626521459839({"rc":0,"rt":17,"svr":181734975,"lt":1,"full":0,"data":{"code":"002299
market":0,"name":"圣农发展
decimal":2,"dktotal":2732,"preKPrice":22.18,"klines":["2021-07-08,22.11,22.24,22.97,22.09,90501,202675568.00,3.97,0.27,0.06,0.74
2021-07-09,22.20,22.22,22.43,22.12,50974,113459103.00,1.39,-0.09,-0.02,0.42
2021-07-12,22.22,22.20,22.43,22.12,49562,110266486.00,1.40,-0.09,-0.02,0.40
2021-07-13,22.20,22.09,22.36,21.80,47587,105125694.00,2.52,-0.50,-0.11,0.39
2021-07-14,21.99,22.34,22.64,21.90,85010,189561297.00,3.35,1.13,0.25,0.69
2021-07-15,22.32,21.74,22.32,21.60,85571,186448932.00,3.22,-2.69,-0.60,0.70
2021-07-16,21.73,21.88,21.91,21.35,64104,138823137.00,2.58,0.64,0.14,0.52
2021-07-19,21.85,21.06,21.87,20.99,85968,182410998.00,4.02,-3.75,-0.82,0.70
2021-07-20,21.21,20.82,21.21,20.48,98110,203169621.00,3.47,-1.14,-0.24,0.80
2021-07-21,20.87,20.35,21.14,20.31,116681,239630776.00,3.99,-2.26,-0.47,0.95"]}});
