jQuery112402823351815161831_1626521459839({"rc":0,"rt":17,"svr":181669633,"lt":1,"full":0,"data":{"code":"002732
market":0,"name":"燕塘乳业
decimal":2,"dktotal":1602,"preKPrice":23.61,"klines":["2021-07-08,23.56,22.74,23.60,22.69,19073,43842862.00,3.85,-3.68,-0.87,1.22
2021-07-09,22.69,22.89,23.14,22.53,10712,24513303.00,2.68,0.66,0.15,0.69
2021-07-12,25.18,25.18,25.18,25.18,11936,30054848.00,0.00,10.00,2.29,0.77
2021-07-13,25.31,25.28,26.50,24.81,59268,150775436.00,6.71,0.40,0.10,3.81
2021-07-14,25.10,27.81,27.81,25.10,64657,174184126.00,10.72,10.01,2.53,4.15
2021-07-15,27.67,28.00,29.37,26.05,82606,227640884.00,11.94,0.68,0.19,5.30
2021-07-16,28.28,28.30,28.85,27.73,55007,155599623.00,4.00,1.07,0.30,3.53
2021-07-19,28.22,28.31,28.88,27.52,46360,130532506.00,4.81,0.04,0.01,2.98
2021-07-20,27.88,27.58,28.13,27.32,31311,86684413.00,2.86,-2.58,-0.73,2.01
2021-07-21,27.90,27.81,28.20,27.38,27128,75331697.00,2.97,0.83,0.23,1.74"]}});
