jQuery112402823351815161831_1626521459839({"rc":0,"rt":17,"svr":181216957,"lt":1,"full":0,"data":{"code":"003040
market":0,"name":"楚天龙
decimal":2,"dktotal":83,"preKPrice":27.56,"klines":["2021-07-08,27.92,29.11,29.90,27.22,162831,465828944.00,9.72,5.62,1.55,20.77
2021-07-09,28.33,28.10,28.80,28.00,93859,264813064.00,2.75,-3.47,-1.01,11.97
2021-07-12,27.97,28.39,29.19,27.78,84961,242266625.00,5.02,1.03,0.29,10.84
2021-07-13,28.37,28.12,28.37,27.89,65548,184148714.00,1.69,-0.95,-0.27,8.36
2021-07-14,28.30,28.59,29.35,28.20,113403,326916384.00,4.09,1.67,0.47,14.47
2021-07-15,28.00,27.59,28.23,27.50,81408,225602557.00,2.55,-3.50,-1.00,10.38
2021-07-16,28.00,27.67,28.75,27.66,65980,186004394.00,3.95,0.29,0.08,8.42
2021-07-19,28.00,27.77,28.30,27.20,59581,165407610.00,3.98,0.36,0.10,7.60
2021-07-20,27.17,27.43,27.97,27.03,56970,155649007.00,3.38,-1.22,-0.34,7.27
2021-07-21,27.27,27.41,27.65,27.27,48143,132053051.00,1.39,-0.07,-0.02,6.14"]}});
