jQuery112402823351815161831_1626521459839({"rc":0,"rt":17,"svr":182482648,"lt":1,"full":0,"data":{"code":"002801
market":0,"name":"微光股份
decimal":2,"dktotal":1238,"preKPrice":26.9,"klines":["2021-07-08,26.92,26.45,27.00,26.32,26178,69487533.00,2.53,-1.67,-0.45,2.31
2021-07-09,26.35,26.45,26.63,25.87,36415,95431163.00,2.87,0.00,0.00,3.21
2021-07-12,26.63,27.55,27.65,26.45,43116,116785235.00,4.54,4.16,1.10,3.80
2021-07-13,27.77,27.58,27.77,27.24,27915,76601424.00,1.92,0.11,0.03,2.46
2021-07-14,27.58,27.27,27.70,27.17,20009,54862058.00,1.92,-1.12,-0.31,1.76
2021-07-15,27.27,26.58,27.30,26.35,33901,90247526.00,3.48,-2.53,-0.69,2.99
2021-07-16,26.58,26.60,26.85,26.26,26279,69690000.00,2.22,0.08,0.02,2.32
2021-07-19,26.68,26.69,27.08,26.50,22716,60650724.00,2.18,0.34,0.09,2.00
2021-07-20,26.59,26.57,26.74,26.33,21311,56525904.00,1.54,-0.45,-0.12,1.88
2021-07-21,26.52,26.84,27.05,26.52,29484,78986374.00,1.99,1.02,0.27,2.60"]}});
