jQuery112402823351815161831_1626521459839({"rc":0,"rt":17,"svr":182481597,"lt":1,"full":0,"data":{"code":"002429
market":0,"name":"兆驰股份
decimal":2,"dktotal":2607,"preKPrice":5.82,"klines":["2021-07-08,5.82,5.85,5.92,5.77,339436,198723926.00,2.58,0.52,0.03,0.75
2021-07-09,5.81,5.75,5.83,5.70,387053,222239495.00,2.22,-1.71,-0.10,0.86
2021-07-12,5.77,5.81,5.85,5.73,361288,208992882.00,2.09,1.04,0.06,0.80
2021-07-13,5.80,5.73,5.80,5.70,302959,173586499.00,1.72,-1.38,-0.08,0.67
2021-07-14,5.74,5.67,5.75,5.65,334582,190135347.00,1.75,-1.05,-0.06,0.74
2021-07-15,5.67,5.60,5.67,5.50,372617,207292256.00,3.00,-1.23,-0.07,0.83
2021-07-16,5.60,5.62,5.73,5.57,255550,144402179.00,2.86,0.36,0.02,0.57
2021-07-19,5.61,5.63,5.64,5.51,240616,133783892.00,2.31,0.18,0.01,0.54
2021-07-20,5.60,5.74,5.77,5.56,366713,208300686.00,3.73,1.95,0.11,0.82
2021-07-21,5.76,5.95,6.04,5.74,846275,503022416.00,5.23,3.66,0.21,1.88"]}});
