jQuery112402823351815161831_1626521459839({"rc":0,"rt":17,"svr":182482650,"lt":1,"full":0,"data":{"code":"600386
market":1,"name":"北巴传媒
decimal":2,"dktotal":4856,"preKPrice":3.47,"klines":["2021-07-08,3.48,3.47,3.51,3.47,27069,9446261.00,1.15,0.00,0.00,0.34
2021-07-09,3.49,3.50,3.50,3.46,15657,5446203.00,1.15,0.86,0.03,0.19
2021-07-12,3.49,3.52,3.56,3.49,43314,15298736.00,2.00,0.57,0.02,0.54
2021-07-13,3.52,3.52,3.54,3.47,33364,11686842.00,1.99,0.00,0.00,0.41
2021-07-14,3.51,3.49,3.53,3.47,30620,10683387.00,1.70,-0.85,-0.03,0.38
2021-07-15,3.48,3.43,3.50,3.40,40204,13842587.00,2.87,-1.72,-0.06,0.50
2021-07-16,3.44,3.41,3.46,3.41,36273,12445346.00,1.46,-0.58,-0.02,0.45
2021-07-19,3.41,3.42,3.43,3.36,29816,10118731.00,2.05,0.29,0.01,0.37
2021-07-20,3.42,3.42,3.45,3.39,21996,7521908.00,1.75,0.00,0.00,0.27
2021-07-21,3.42,3.44,3.46,3.41,28817,9904619.00,1.46,0.58,0.02,0.36"]}});
