jQuery112402823351815161831_1626521459839({"rc":0,"rt":17,"svr":182482651,"lt":1,"full":0,"data":{"code":"600367
market":1,"name":"红星发展
decimal":2,"dktotal":4898,"preKPrice":9.81,"klines":["2021-07-08,9.76,9.73,9.93,9.61,155025,151588098.00,3.26,-0.82,-0.08,5.32
2021-07-09,9.68,10.23,10.28,9.61,181344,182674066.00,6.89,5.14,0.50,6.23
2021-07-12,10.23,10.42,10.75,10.06,224689,232062894.00,6.74,1.86,0.19,7.72
2021-07-13,10.21,10.00,10.35,9.87,171751,172577353.00,4.61,-4.03,-0.42,5.90
2021-07-14,10.13,10.07,10.46,9.80,166511,168533926.00,6.60,0.70,0.07,5.72
2021-07-15,10.07,10.27,10.49,9.96,135482,138172165.00,5.26,1.99,0.20,4.65
2021-07-16,10.18,10.37,10.77,10.10,178917,187257633.00,6.52,0.97,0.10,6.14
2021-07-19,10.74,10.44,11.11,10.36,203877,218207154.00,7.23,0.68,0.07,7.00
2021-07-20,10.35,10.60,10.76,10.18,147479,155127183.00,5.56,1.53,0.16,5.06
2021-07-21,10.61,10.88,11.07,10.49,162374,175556292.00,5.47,2.64,0.28,5.58"]}});
