jQuery112402823351815161831_1626521459839({"rc":0,"rt":17,"svr":181734974,"lt":1,"full":0,"data":{"code":"002479
market":0,"name":"富春环保
decimal":2,"dktotal":2584,"preKPrice":6.2,"klines":["2021-07-08,6.25,6.18,6.29,6.18,93150,58035096.00,1.77,-0.32,-0.02,1.09
2021-07-09,6.15,6.20,6.26,6.15,89867,55719654.00,1.78,0.32,0.02,1.05
2021-07-12,6.21,6.19,6.25,6.16,99500,61802276.00,1.45,-0.16,-0.01,1.16
2021-07-13,6.23,6.38,6.42,6.14,156216,98364982.00,4.52,3.07,0.19,1.82
2021-07-14,6.38,6.28,6.54,6.27,148970,94810813.00,4.23,-1.57,-0.10,1.74
2021-07-15,6.26,6.28,6.33,6.16,90028,56145257.00,2.71,0.00,0.00,1.05
2021-07-16,6.29,6.18,6.34,6.18,115333,71815595.00,2.55,-1.59,-0.10,1.35
2021-07-19,6.15,5.72,6.17,5.71,265917,155872770.00,7.44,-7.44,-0.46,3.10
2021-07-20,5.61,5.69,5.77,5.61,100326,57113817.00,2.80,-0.52,-0.03,1.17
2021-07-21,5.69,5.76,5.84,5.69,85054,49170959.00,2.64,1.23,0.07,0.99"]}});
