jQuery112402823351815161831_1626521459839({"rc":0,"rt":17,"svr":182481222,"lt":1,"full":0,"data":{"code":"600686
market":1,"name":"金龙汽车
decimal":2,"dktotal":6576,"preKPrice":6.86,"klines":["2021-07-08,6.92,6.71,6.93,6.70,85528,57929231.00,3.35,-2.19,-0.15,1.27
2021-07-09,6.70,7.03,7.03,6.67,176788,122419259.00,5.37,4.77,0.32,2.62
2021-07-12,7.06,7.20,7.27,7.01,181202,129975266.00,3.70,2.42,0.17,2.69
2021-07-13,7.29,7.20,7.31,7.15,134872,97309240.00,2.22,0.00,0.00,2.00
2021-07-14,7.22,7.03,7.28,7.01,134295,95143750.00,3.75,-2.36,-0.17,1.99
2021-07-15,7.05,6.94,7.08,6.85,95632,66115962.00,3.27,-1.28,-0.09,1.42
2021-07-16,6.92,6.96,7.10,6.87,78950,55364871.00,3.31,0.29,0.02,1.17
2021-07-19,6.98,6.83,6.98,6.78,74320,50840057.00,2.87,-1.87,-0.13,1.10
2021-07-20,6.77,6.81,6.85,6.72,52728,35735828.00,1.90,-0.29,-0.02,0.78
2021-07-21,6.84,7.20,7.32,6.84,196549,140535202.00,7.05,5.73,0.39,2.91"]}});
