jQuery112402823351815161831_1626521459839({"rc":0,"rt":17,"svr":181669733,"lt":1,"full":0,"data":{"code":"600810
market":1,"name":"神马股份
decimal":2,"dktotal":6554,"preKPrice":11.51,"klines":["2021-07-08,11.48,11.51,11.63,11.40,100268,115501082.00,2.00,0.00,0.00,1.74
2021-07-09,11.41,11.84,11.87,11.41,138158,161797080.00,4.00,2.87,0.33,2.40
2021-07-12,12.02,12.41,12.44,11.88,262973,320600576.00,4.73,4.81,0.57,4.57
2021-07-13,12.34,13.32,13.32,12.23,317264,405763264.00,8.78,7.33,0.91,5.52
2021-07-14,13.35,12.87,13.35,12.83,239298,312556048.00,3.90,-3.38,-0.45,4.16
2021-07-15,12.77,12.93,13.46,12.77,213208,277764832.00,5.36,0.47,0.06,3.71
2021-07-16,13.05,13.16,13.45,12.81,210131,277756208.00,4.95,1.78,0.23,3.65
2021-07-19,13.24,12.96,13.56,12.90,175696,230635448.00,5.02,-1.52,-0.20,3.06
2021-07-20,12.90,12.68,12.90,12.35,176798,222382566.00,4.24,-2.16,-0.28,3.07
2021-07-21,12.88,12.66,12.88,12.43,156939,197970372.00,3.55,-0.16,-0.02,2.73"]}});
