jQuery112402823351815161831_1626521459839({"rc":0,"rt":17,"svr":181216787,"lt":1,"full":0,"data":{"code":"003006
market":0,"name":"百亚股份
decimal":2,"dktotal":201,"preKPrice":23.04,"klines":["2021-07-08,23.10,21.67,23.27,21.60,35201,77871425.00,7.25,-5.95,-1.37,8.23
2021-07-09,21.71,21.65,21.90,21.21,13706,29502106.00,3.18,-0.09,-0.02,3.20
2021-07-12,21.91,22.32,22.36,21.60,15566,34375553.00,3.51,3.09,0.67,3.64
2021-07-13,22.76,23.21,23.23,22.36,20654,47291336.00,3.90,3.99,0.89,4.83
2021-07-14,23.20,22.54,23.20,22.54,17718,40395628.00,2.84,-2.89,-0.67,4.14
2021-07-15,22.58,22.20,22.85,22.07,11329,25317541.00,3.46,-1.51,-0.34,2.65
2021-07-16,22.19,22.32,22.57,21.81,11173,24797432.00,3.42,0.54,0.12,2.61
2021-07-19,22.23,22.44,22.50,21.76,10893,24119920.00,3.32,0.54,0.12,2.55
2021-07-20,22.15,22.86,22.95,21.99,11838,26735612.00,4.28,1.87,0.42,2.77
2021-07-21,23.26,23.15,23.93,23.13,19803,46407038.00,3.50,1.27,0.29,4.63"]}});
