jQuery112402823351815161831_1626521459839({"rc":0,"rt":17,"svr":182481427,"lt":1,"full":0,"data":{"code":"600340
market":1,"name":"华夏幸福
decimal":2,"dktotal":4066,"preKPrice":5.4,"klines":["2021-07-08,5.39,5.74,5.85,5.37,1461137,829386400.00,8.89,6.30,0.34,3.75
2021-07-09,5.65,5.68,6.00,5.61,1192491,690093552.00,6.79,-1.05,-0.06,3.06
2021-07-12,5.77,5.46,5.78,5.45,898534,500836704.00,5.81,-3.87,-0.22,2.31
2021-07-13,5.50,5.46,5.57,5.38,537321,294659744.00,3.48,0.00,0.00,1.38
2021-07-14,5.45,5.27,5.46,5.26,593772,315944464.00,3.66,-3.48,-0.19,1.53
2021-07-15,5.25,5.21,5.27,5.15,433002,224803672.00,2.28,-1.14,-0.06,1.11
2021-07-16,5.21,5.18,5.28,5.15,359494,187309070.00,2.50,-0.58,-0.03,0.92
2021-07-19,5.16,5.18,5.23,5.07,388068,199454830.00,3.09,0.00,0.00,1.00
2021-07-20,5.02,5.08,5.11,5.01,407554,206434107.00,1.93,-1.93,-0.10,1.05
2021-07-21,5.08,5.04,5.13,5.03,317763,160922319.00,1.97,-0.79,-0.04,0.82"]}});
