jQuery112402823351815161831_1626521459839({"rc":0,"rt":17,"svr":181734976,"lt":1,"full":0,"data":{"code":"002628
market":0,"name":"成都路桥
decimal":2,"dktotal":2332,"preKPrice":3.42,"klines":["2021-07-08,3.42,3.40,3.43,3.39,38894,13237939.00,1.17,-0.58,-0.02,0.52
2021-07-09,3.40,3.41,3.41,3.38,44736,15175668.00,0.88,0.29,0.01,0.60
2021-07-12,3.42,3.42,3.44,3.41,67749,23181676.00,0.88,0.29,0.01,0.91
2021-07-13,3.42,3.47,3.47,3.40,116618,40161109.00,2.05,1.46,0.05,1.56
2021-07-14,3.46,3.43,3.46,3.43,64435,22170008.00,0.86,-1.15,-0.04,0.87
2021-07-15,3.43,3.41,3.44,3.39,64104,21873550.00,1.46,-0.58,-0.02,0.86
2021-07-16,3.41,3.41,3.44,3.40,61766,21083949.00,1.17,0.00,0.00,0.83
2021-07-19,3.40,3.41,3.41,3.38,55356,18777013.00,0.88,0.00,0.00,0.74
2021-07-20,3.40,3.40,3.41,3.36,75402,25496320.00,1.47,-0.29,-0.01,1.01
2021-07-21,3.40,3.41,3.41,3.39,53448,18177512.00,0.59,0.29,0.01,0.72"]}});
