jQuery112402823351815161831_1626521459839({"rc":0,"rt":17,"svr":182482249,"lt":1,"full":0,"data":{"code":"600284
market":1,"name":"浦东建设
decimal":2,"dktotal":4108,"preKPrice":6.9,"klines":["2021-07-08,6.90,6.82,7.00,6.79,134479,92572532.00,3.04,-1.16,-0.08,1.39
2021-07-09,6.78,6.83,6.89,6.73,116194,79019917.00,2.35,0.15,0.01,1.20
2021-07-12,6.83,6.88,7.04,6.77,163946,113139039.00,3.95,0.73,0.05,1.69
2021-07-13,6.88,7.18,7.26,6.86,393929,281048416.00,5.81,4.36,0.30,4.06
2021-07-14,7.18,7.09,7.21,7.03,247891,175757937.00,2.51,-1.25,-0.09,2.55
2021-07-15,7.15,7.17,7.28,7.02,274759,196978601.00,3.67,1.13,0.08,2.83
2021-07-16,7.66,7.42,7.89,7.38,1266389,972998928.00,7.11,3.49,0.25,13.05
2021-07-19,6.88,6.72,7.06,6.70,740093,504211600.00,4.85,-9.43,-0.70,7.63
2021-07-20,6.63,6.62,6.70,6.54,293622,194340842.00,2.38,-1.49,-0.10,3.03
2021-07-21,6.66,6.57,6.68,6.56,232286,153154092.00,1.81,-0.76,-0.05,2.39"]}});
