jQuery112402823351815161831_1626521459839({"rc":0,"rt":17,"svr":181734975,"lt":1,"full":0,"data":{"code":"003022
market":0,"name":"联泓新科
decimal":2,"dktotal":151,"preKPrice":32.22,"klines":["2021-07-08,33.05,35.44,35.44,32.50,219562,753965584.00,9.12,9.99,3.22,11.46
2021-07-09,35.47,36.00,36.92,35.05,196442,706668448.00,5.28,1.58,0.56,10.25
2021-07-12,35.96,39.07,39.58,35.73,193256,733121840.00,10.69,8.53,3.07,10.09
2021-07-13,38.85,35.26,39.33,35.16,237778,864996576.00,10.67,-9.75,-3.81,12.41
2021-07-14,34.18,33.97,35.09,33.00,177438,603491280.00,5.93,-3.66,-1.29,9.26
2021-07-15,33.84,35.08,35.43,33.30,167771,578399216.00,6.27,3.27,1.11,8.76
2021-07-16,34.92,33.54,35.17,33.46,154644,531738688.00,4.87,-4.39,-1.54,8.07
2021-07-19,33.55,33.92,34.87,33.30,114763,393261072.00,4.68,1.13,0.38,5.99
2021-07-20,33.37,35.67,36.20,33.02,142285,496582640.00,9.38,5.16,1.75,7.43
2021-07-21,35.50,36.84,37.79,35.50,138969,511730640.00,6.42,3.28,1.17,7.25"]}});
