jQuery112402823351815161831_1626521459839({"rc":0,"rt":17,"svr":182481598,"lt":1,"full":0,"data":{"code":"600566
market":1,"name":"济川药业
decimal":2,"dktotal":4659,"preKPrice":17.11,"klines":["2021-07-08,17.07,17.04,17.26,16.99,41565,71007106.00,1.58,-0.41,-0.07,0.47
2021-07-09,17.04,16.86,17.08,16.82,40073,67696899.00,1.53,-1.06,-0.18,0.45
2021-07-12,16.85,16.97,16.99,16.69,39050,65709709.00,1.78,0.65,0.11,0.44
2021-07-13,16.92,16.89,16.96,16.75,33949,57165451.00,1.24,-0.47,-0.08,0.38
2021-07-14,16.88,16.70,16.88,16.64,31872,53319177.00,1.42,-1.12,-0.19,0.36
2021-07-15,16.70,16.36,16.75,16.33,48979,80481516.00,2.51,-2.04,-0.34,0.55
2021-07-16,16.32,16.32,16.44,16.18,38440,62610438.00,1.59,-0.24,-0.04,0.43
2021-07-19,16.32,16.68,16.69,16.13,48587,79975009.00,3.43,2.21,0.36,0.55
2021-07-20,16.59,16.49,16.75,16.42,27751,45912892.00,1.98,-1.14,-0.19,0.31
2021-07-21,16.53,16.51,16.69,16.45,22955,37948884.00,1.46,0.12,0.02,0.26"]}});
