jQuery112402823351815161831_1626521459839({"rc":0,"rt":17,"svr":181669733,"lt":1,"full":0,"data":{"code":"002668
market":0,"name":"奥马电器
decimal":2,"dktotal":2034,"preKPrice":5.46,"klines":["2021-07-08,5.47,5.35,5.47,5.35,95826,51642347.00,2.20,-2.01,-0.11,0.99
2021-07-09,5.31,5.35,5.38,5.25,87273,46400395.00,2.43,0.00,0.00,0.90
2021-07-12,5.38,5.42,5.48,5.35,85704,46551065.00,2.43,1.31,0.07,0.89
2021-07-13,5.42,5.39,5.42,5.37,58389,31487310.00,0.92,-0.55,-0.03,0.61
2021-07-14,5.37,5.30,5.41,5.30,85632,45679788.00,2.04,-1.67,-0.09,0.89
2021-07-15,5.35,5.38,5.46,5.31,126384,68077904.00,2.83,1.51,0.08,1.31
2021-07-16,5.38,5.39,5.42,5.32,85887,46209937.00,1.86,0.19,0.01,0.89
2021-07-19,5.37,5.33,5.38,5.31,65772,35095491.00,1.30,-1.11,-0.06,0.68
2021-07-20,5.30,5.28,5.32,5.25,76781,40482197.00,1.31,-0.94,-0.05,0.80
2021-07-21,5.26,5.30,5.32,5.26,58419,30941548.00,1.14,0.38,0.02,0.61"]}});
