jQuery112402823351815161831_1626521459839({"rc":0,"rt":17,"svr":182481222,"lt":1,"full":0,"data":{"code":"600491
market":1,"name":"龙元建设
decimal":2,"dktotal":4115,"preKPrice":5.12,"klines":["2021-07-08,5.06,5.05,5.14,5.04,88682,45036773.00,1.95,-1.37,-0.07,0.58
2021-07-09,5.04,4.99,5.04,4.97,104449,52235336.00,1.39,-1.19,-0.06,0.68
2021-07-12,5.00,4.97,5.05,4.96,126035,62866822.00,1.80,-0.40,-0.02,0.82
2021-07-13,4.98,4.97,5.00,4.95,123975,61657109.00,1.01,0.00,0.00,0.81
2021-07-14,4.98,4.95,5.00,4.94,84796,42090811.00,1.21,-0.40,-0.02,0.55
2021-07-15,4.95,4.94,4.95,4.90,73034,35939339.00,1.01,-0.20,-0.01,0.48
2021-07-16,4.93,4.94,4.96,4.91,56018,27651040.00,1.01,0.00,0.00,0.37
2021-07-19,4.94,4.89,4.94,4.87,75084,36713816.00,1.42,-1.01,-0.05,0.49
2021-07-20,4.85,4.82,4.88,4.78,102987,49702909.00,2.04,-1.43,-0.07,0.67
2021-07-21,4.81,4.85,4.86,4.78,84280,40585194.00,1.66,0.62,0.03,0.55"]}});
