jQuery112402823351815161831_1626521459839({"rc":0,"rt":17,"svr":182481597,"lt":1,"full":0,"data":{"code":"600908
market":1,"name":"无锡银行
decimal":2,"dktotal":1168,"preKPrice":5.57,"klines":["2021-07-08,5.61,5.50,5.62,5.50,96609,53475307.00,2.15,-1.26,-0.07,0.56
2021-07-09,5.50,5.44,5.54,5.42,116766,63743941.00,2.18,-1.09,-0.06,0.67
2021-07-12,5.48,5.48,5.53,5.46,128458,70528718.00,1.29,0.74,0.04,0.74
2021-07-13,5.48,5.48,5.50,5.41,105994,57853860.00,1.64,0.00,0.00,0.61
2021-07-14,5.46,5.41,5.47,5.40,114561,62105030.00,1.28,-1.28,-0.07,0.66
2021-07-15,5.41,5.50,5.52,5.41,165463,90614792.00,2.03,1.66,0.09,0.95
2021-07-16,5.48,5.49,5.51,5.44,102294,55984308.00,1.27,-0.18,-0.01,0.59
2021-07-19,5.64,5.62,5.65,5.54,242994,136108838.00,2.00,2.37,0.13,1.40
2021-07-20,5.64,5.80,5.80,5.61,354463,203049086.00,3.38,3.20,0.18,2.04
2021-07-21,5.81,5.84,5.86,5.77,270723,157705290.00,1.55,0.69,0.04,1.56"]}});
