jQuery112402823351815161831_1626521459839({"rc":0,"rt":17,"svr":182481221,"lt":1,"full":0,"data":{"code":"002705
market":0,"name":"新宝股份
decimal":2,"dktotal":1827,"preKPrice":24.84,"klines":["2021-07-08,24.76,25.09,25.29,24.50,67421,168556583.00,3.18,1.01,0.25,0.85
2021-07-09,25.09,23.89,25.24,23.69,140091,337317888.00,6.18,-4.78,-1.20,1.76
2021-07-12,23.85,23.90,24.45,23.66,153699,369699008.00,3.31,0.04,0.01,1.87
2021-07-13,24.12,24.64,24.85,23.65,141178,343237728.00,5.02,3.10,0.74,1.72
2021-07-14,24.83,24.60,25.17,23.93,103492,254373781.00,5.03,-0.16,-0.04,1.26
2021-07-15,24.38,23.92,24.50,23.64,84044,201283339.00,3.50,-2.76,-0.68,1.02
2021-07-16,23.89,23.12,23.98,23.11,80811,189294567.00,3.64,-3.34,-0.80,0.98
2021-07-19,23.00,22.96,23.15,22.50,79630,181298832.00,2.81,-0.69,-0.16,0.97
2021-07-20,22.95,23.00,23.45,22.82,58639,135400290.00,2.74,0.17,0.04,0.71
2021-07-21,22.99,22.85,23.25,22.77,43422,99631830.00,2.09,-0.65,-0.15,0.53"]}});
