jQuery112402823351815161831_1626521459839({"rc":0,"rt":17,"svr":182480525,"lt":1,"full":0,"data":{"code":"600499
market":1,"name":"科达制造
decimal":2,"dktotal":4288,"preKPrice":16.69,"klines":["2021-07-08,16.70,16.78,17.41,16.40,907703,1533265104.00,6.05,0.54,0.09,5.76
2021-07-09,16.48,17.59,17.99,16.19,959910,1641316768.00,10.73,4.83,0.81,6.09
2021-07-12,18.00,18.38,18.83,17.76,978994,1793988176.00,6.08,4.49,0.79,6.21
2021-07-13,18.00,17.92,18.55,17.15,780258,1377458752.00,7.62,-2.50,-0.46,4.95
2021-07-14,17.70,17.00,17.72,16.58,701962,1202999552.00,6.36,-5.13,-0.92,4.45
2021-07-15,16.80,17.48,17.95,15.78,868027,1451587792.00,12.76,2.82,0.48,5.50
2021-07-16,17.02,17.30,18.25,16.75,748343,1321005280.00,8.58,-1.03,-0.18,4.74
2021-07-19,17.02,16.67,17.88,16.42,735914,1254782496.00,8.44,-3.64,-0.63,4.67
2021-07-20,16.40,16.79,16.97,16.16,538776,896984768.00,4.86,0.72,0.12,3.42
2021-07-21,16.99,18.18,18.47,16.99,1284028,2324606704.00,8.81,8.28,1.39,8.14"]}});
