jQuery112402823351815161831_1626521459839({"rc":0,"rt":17,"svr":181734975,"lt":1,"full":0,"data":{"code":"002571
market":0,"name":"德力股份
decimal":2,"dktotal":2098,"preKPrice":6.65,"klines":["2021-07-08,6.66,6.52,6.68,6.51,59433,39057859.00,2.56,-1.95,-0.13,2.00
2021-07-09,6.50,6.53,6.58,6.42,52673,34237839.00,2.45,0.15,0.01,1.77
2021-07-12,6.63,7.18,7.18,6.63,216743,151093240.00,8.42,9.95,0.65,7.30
2021-07-13,7.21,7.36,7.45,7.00,336780,244278241.00,6.27,2.51,0.18,11.34
2021-07-14,7.37,7.24,7.58,7.23,220074,162504609.00,4.76,-1.63,-0.12,7.41
2021-07-15,7.18,7.04,7.22,7.02,136231,96583210.00,2.76,-2.76,-0.20,4.59
2021-07-16,7.09,7.05,7.14,6.91,103794,72909281.00,3.27,0.14,0.01,3.50
2021-07-19,7.10,7.15,7.26,6.96,116239,82578201.00,4.26,1.42,0.10,3.92
2021-07-20,7.07,7.09,7.14,6.96,75711,53342222.00,2.52,-0.84,-0.06,2.55
2021-07-21,7.14,7.07,7.29,7.03,97623,69529628.00,3.67,-0.28,-0.02,3.29"]}});
