jQuery112402823351815161831_1626521459839({"rc":0,"rt":17,"svr":181669633,"lt":1,"full":0,"data":{"code":"002495
market":0,"name":"佳隆股份
decimal":2,"dktotal":2594,"preKPrice":2.28,"klines":["2021-07-08,2.28,2.24,2.28,2.24,42882,9683908.00,1.75,-1.75,-0.04,0.60
2021-07-09,2.23,2.28,2.28,2.22,57157,12915752.00,2.68,1.79,0.04,0.80
2021-07-12,2.28,2.27,2.30,2.26,55216,12554310.00,1.75,-0.44,-0.01,0.77
2021-07-13,2.27,2.28,2.29,2.24,55875,12675735.00,2.20,0.44,0.01,0.78
2021-07-14,2.28,2.25,2.28,2.25,34563,7810134.00,1.32,-1.32,-0.03,0.48
2021-07-15,2.28,2.30,2.34,2.27,117233,26961522.00,3.11,2.22,0.05,1.64
2021-07-16,2.30,2.28,2.30,2.26,63653,14518874.00,1.74,-0.87,-0.02,0.89
2021-07-19,2.28,2.28,2.29,2.26,40824,9274146.00,1.32,0.00,0.00,0.57
2021-07-20,2.27,2.30,2.31,2.25,44936,10219905.00,2.63,0.88,0.02,0.63
2021-07-21,2.29,2.31,2.33,2.29,49697,11488667.00,1.74,0.43,0.01,0.70"]}});
