jQuery112402823351815161831_1626521459839({"rc":0,"rt":17,"svr":181669733,"lt":1,"full":0,"data":{"code":"600128
market":1,"name":"弘业股份
decimal":2,"dktotal":5709,"preKPrice":6.7,"klines":["2021-07-08,6.72,6.80,6.84,6.68,46394,31387341.00,2.39,1.49,0.10,1.88
2021-07-09,6.75,6.84,6.87,6.75,33808,23070504.00,1.76,0.59,0.04,1.37
2021-07-12,6.86,6.84,6.94,6.78,42890,29432875.00,2.34,0.00,0.00,1.74
2021-07-13,6.84,6.86,6.88,6.77,33784,23097908.00,1.61,0.29,0.02,1.37
2021-07-14,6.87,6.96,7.03,6.81,59482,41234616.00,3.21,1.46,0.10,2.41
2021-07-15,6.92,6.89,6.94,6.76,37732,25842789.00,2.59,-1.01,-0.07,1.53
2021-07-16,6.86,6.97,7.02,6.81,49486,34431084.00,3.05,1.16,0.08,2.01
2021-07-19,6.96,6.99,7.01,6.90,31461,21912208.00,1.58,0.29,0.02,1.27
2021-07-20,6.94,6.87,6.94,6.81,30448,20883269.00,1.86,-1.72,-0.12,1.23
2021-07-21,6.87,6.95,6.97,6.87,25310,17558415.00,1.46,1.16,0.08,1.03"]}});
