jQuery112402823351815161831_1626521459839({"rc":0,"rt":17,"svr":181734975,"lt":1,"full":0,"data":{"code":"002737
market":0,"name":"葵花药业
decimal":2,"dktotal":1597,"preKPrice":16.1,"klines":["2021-07-08,16.06,16.10,16.33,15.91,81953,132159448.00,2.61,0.00,0.00,1.52
2021-07-09,16.01,15.90,16.08,15.60,75627,119811094.00,2.98,-1.24,-0.20,1.40
2021-07-12,15.78,15.50,15.80,15.36,81019,126008674.00,2.77,-2.52,-0.40,1.50
2021-07-13,15.53,15.98,16.13,15.45,92474,146280602.00,4.39,3.10,0.48,1.71
2021-07-14,15.92,16.48,16.48,15.77,131729,213968381.00,4.44,3.13,0.50,2.44
2021-07-15,16.40,16.44,16.62,16.07,91253,148500130.00,3.34,-0.24,-0.04,1.69
2021-07-16,16.28,16.17,16.44,16.11,71815,116465570.00,2.01,-1.64,-0.27,1.33
2021-07-19,16.18,16.85,16.89,15.85,136745,225923010.00,6.43,4.21,0.68,2.54
2021-07-20,16.70,16.74,17.02,16.52,96641,161844184.00,2.97,-0.65,-0.11,1.79
2021-07-21,16.98,16.64,17.24,16.49,96273,161387508.00,4.48,-0.60,-0.10,1.79"]}});
