jQuery112402823351815161831_1626521459839({"rc":0,"rt":17,"svr":181216787,"lt":1,"full":0,"data":{"code":"600162
market":1,"name":"香江控股
decimal":2,"dktotal":5407,"preKPrice":1.83,"klines":["2021-07-08,1.81,1.79,1.82,1.79,51198,9242615.00,1.64,-2.19,-0.04,0.15
2021-07-09,1.80,1.81,1.81,1.78,41231,7423019.00,1.68,1.12,0.02,0.12
2021-07-12,1.81,1.82,1.83,1.81,76017,13845766.00,1.10,0.55,0.01,0.22
2021-07-13,1.81,1.84,1.84,1.80,70149,12803389.00,2.20,1.10,0.02,0.21
2021-07-14,1.83,1.82,1.84,1.82,49983,9139032.00,1.09,-1.09,-0.02,0.15
2021-07-15,1.82,1.83,1.83,1.81,55725,10134626.00,1.10,0.55,0.01,0.16
2021-07-16,1.83,1.82,1.83,1.81,41758,7598277.00,1.09,-0.55,-0.01,0.12
2021-07-19,1.82,1.79,1.82,1.79,46231,8321648.00,1.65,-1.65,-0.03,0.14
2021-07-20,1.79,1.83,1.83,1.78,81361,14762486.00,2.79,2.23,0.04,0.24
2021-07-21,1.82,1.82,1.84,1.82,42163,7691829.00,1.09,-0.55,-0.01,0.12"]}});
