jQuery112402823351815161831_1626521459839({"rc":0,"rt":17,"svr":181216957,"lt":1,"full":0,"data":{"code":"600088
market":1,"name":"中视传媒
decimal":2,"dktotal":5684,"preKPrice":10.32,"klines":["2021-07-08,10.31,10.13,10.31,10.10,40782,41469779.00,2.03,-1.84,-0.19,1.03
2021-07-09,10.08,10.25,10.29,9.99,37785,38307866.00,2.96,1.18,0.12,0.95
2021-07-12,10.25,10.31,10.33,10.22,38334,39471170.00,1.07,0.59,0.06,0.96
2021-07-13,10.32,10.23,10.40,10.17,40630,41564134.00,2.23,-0.78,-0.08,1.02
2021-07-14,10.23,10.10,10.23,10.00,42466,42924498.00,2.25,-1.27,-0.13,1.07
2021-07-15,10.10,10.04,10.10,9.81,48300,48158855.00,2.87,-0.59,-0.06,1.21
2021-07-16,9.98,10.00,10.15,9.98,27830,27956737.00,1.69,-0.40,-0.04,0.70
2021-07-19,10.00,10.01,10.13,9.88,25427,25334370.00,2.50,0.10,0.01,0.64
2021-07-20,10.03,9.95,10.03,9.90,24044,23915266.00,1.30,-0.60,-0.06,0.60
2021-07-21,9.91,10.00,10.04,9.91,27836,27830826.00,1.31,0.50,0.05,0.70"]}});
