jQuery112402823351815161831_1626521459839({"rc":0,"rt":17,"svr":181734975,"lt":1,"full":0,"data":{"code":"600901
market":1,"name":"江苏租赁
decimal":2,"dktotal":826,"preKPrice":5.3,"klines":["2021-07-08,5.30,5.23,5.34,5.22,54046,28388149.00,2.26,-1.32,-0.07,0.18
2021-07-09,5.28,5.21,5.28,5.18,53982,28094051.00,1.91,-0.38,-0.02,0.18
2021-07-12,5.22,5.18,5.24,5.17,64424,33561454.00,1.34,-0.58,-0.03,0.22
2021-07-13,5.20,5.20,5.21,5.16,42638,22134557.00,0.97,0.39,0.02,0.14
2021-07-14,5.20,5.18,5.21,5.14,62832,32516446.00,1.35,-0.38,-0.02,0.21
2021-07-15,5.16,5.18,5.23,5.15,75049,38983652.00,1.54,0.00,0.00,0.25
2021-07-16,5.18,5.14,5.20,5.13,63107,32525782.00,1.35,-0.77,-0.04,0.21
2021-07-19,5.16,5.11,5.17,5.08,67605,34498824.00,1.75,-0.58,-0.03,0.23
2021-07-20,5.11,5.09,5.11,5.06,60308,30666320.00,0.98,-0.39,-0.02,0.20
2021-07-21,5.10,5.07,5.11,5.04,69906,35458046.00,1.38,-0.39,-0.02,0.24"]}});
