jQuery112402823351815161831_1626521459839({"rc":0,"rt":17,"svr":182482248,"lt":1,"full":0,"data":{"code":"600498
market":1,"name":"烽火通信
decimal":2,"dktotal":4734,"preKPrice":17.69,"klines":["2021-07-08,17.71,17.45,17.73,17.39,82248,144065637.00,1.92,-1.36,-0.24,0.73
2021-07-09,17.41,17.54,17.62,17.38,55686,97423261.00,1.38,0.52,0.09,0.49
2021-07-12,17.78,18.97,19.25,17.77,375960,706412640.00,8.44,8.15,1.43,3.32
2021-07-13,18.94,18.84,19.14,18.60,238032,449100368.00,2.85,-0.69,-0.13,2.10
2021-07-14,18.89,18.78,19.28,18.77,164007,311218224.00,2.71,-0.32,-0.06,1.45
2021-07-15,18.83,18.57,18.96,18.41,125462,233080986.00,2.93,-1.12,-0.21,1.11
2021-07-16,18.52,18.40,18.63,18.34,88648,163354488.00,1.56,-0.92,-0.17,0.78
2021-07-19,18.30,19.65,19.65,17.92,398666,759412560.00,9.40,6.79,1.25,3.52
2021-07-20,19.50,19.39,19.59,19.13,214559,414949392.00,2.34,-1.32,-0.26,1.90
2021-07-21,19.39,19.33,19.56,19.19,214317,414485456.00,1.91,-0.31,-0.06,1.89"]}});
