jQuery112402823351815161831_1626521459839({"rc":0,"rt":17,"svr":182481159,"lt":1,"full":0,"data":{"code":"600331
market":1,"name":"宏达股份
decimal":2,"dktotal":4434,"preKPrice":2.15,"klines":["2021-07-08,2.13,2.12,2.17,2.11,411860,88067686.00,2.79,-1.40,-0.03,2.03
2021-07-09,2.12,2.33,2.33,2.11,738959,167426988.00,10.38,9.91,0.21,3.64
2021-07-12,2.56,2.39,2.56,2.36,2311123,568174016.00,8.58,2.58,0.06,11.37
2021-07-13,2.36,2.31,2.41,2.28,1291511,299623744.00,5.44,-3.35,-0.08,6.36
2021-07-14,2.30,2.24,2.33,2.24,855764,195540222.00,3.90,-3.03,-0.07,4.21
2021-07-15,2.26,2.29,2.31,2.21,692527,156154315.00,4.46,2.23,0.05,3.41
2021-07-16,2.26,2.36,2.42,2.25,886923,208654651.00,7.42,3.06,0.07,4.36
2021-07-19,2.34,2.34,2.40,2.31,581215,136321268.00,3.81,-0.85,-0.02,2.86
2021-07-20,2.30,2.57,2.57,2.28,1406330,350371728.00,12.39,9.83,0.23,6.92
2021-07-21,2.70,2.83,2.83,2.60,2753575,748355120.00,8.95,10.12,0.26,13.55"]}});
