jQuery112402823351815161831_1626521459839({"rc":0,"rt":17,"svr":181216957,"lt":1,"full":0,"data":{"code":"002288
market":0,"name":"超华科技
decimal":2,"dktotal":2712,"preKPrice":8.5,"klines":["2021-07-08,8.62,8.64,8.90,8.48,920440,799706752.00,4.94,1.65,0.14,9.90
2021-07-09,8.50,8.88,9.02,8.42,892184,784421728.00,6.94,2.78,0.24,9.60
2021-07-12,9.00,9.18,9.36,8.71,1040350,939256960.00,7.32,3.38,0.30,11.20
2021-07-13,9.18,8.81,9.18,8.80,753493,670782400.00,4.14,-4.03,-0.37,8.11
2021-07-14,8.83,8.40,8.86,8.37,649081,556934384.00,5.56,-4.65,-0.41,6.98
2021-07-15,8.37,8.51,8.60,8.30,471148,399164768.00,3.57,1.31,0.11,5.07
2021-07-16,8.41,8.30,8.59,8.23,537174,452125568.00,4.23,-2.47,-0.21,5.78
2021-07-19,8.28,8.26,8.42,8.15,344983,286040240.00,3.25,-0.48,-0.04,3.71
2021-07-20,8.16,8.52,8.53,8.11,466952,391148560.00,5.08,3.15,0.26,5.02
2021-07-21,8.50,8.60,8.77,8.44,603780,520745936.00,3.87,0.94,0.08,6.50"]}});
