jQuery112402823351815161831_1626521459839({"rc":0,"rt":17,"svr":181216787,"lt":1,"full":0,"data":{"code":"600236
market":1,"name":"桂冠电力
decimal":2,"dktotal":4978,"preKPrice":5.39,"klines":["2021-07-08,5.43,5.41,5.44,5.36,66399,35826170.00,1.48,0.37,0.02,0.08
2021-07-09,5.38,5.38,5.42,5.32,52084,27943690.00,1.85,-0.55,-0.03,0.07
2021-07-12,5.37,5.38,5.45,5.34,57209,30772460.00,2.04,0.00,0.00,0.07
2021-07-13,5.39,5.35,5.39,5.27,194182,103348998.00,2.23,-0.56,-0.03,0.25
2021-07-14,5.38,5.31,5.43,5.30,83838,44979344.00,2.43,-0.75,-0.04,0.11
2021-07-15,5.38,5.31,5.39,5.30,81114,43223531.00,1.69,0.00,0.00,0.10
2021-07-16,5.32,5.31,5.36,5.30,61596,32814334.00,1.13,0.00,0.00,0.08
2021-07-19,5.30,5.23,5.30,5.22,57439,30087212.00,1.51,-1.51,-0.08,0.07
2021-07-20,5.21,5.27,5.29,5.17,35773,18764810.00,2.29,0.76,0.04,0.05
2021-07-21,5.27,5.28,5.28,5.22,48032,25190748.00,1.14,0.19,0.01,0.06"]}});
