jQuery112402823351815161831_1626521459839({"rc":0,"rt":17,"svr":182482649,"lt":1,"full":0,"data":{"code":"600496
market":1,"name":"精工钢构
decimal":2,"dktotal":4551,"preKPrice":3.96,"klines":["2021-07-08,3.95,3.92,3.96,3.92,176887,69546308.00,1.01,-1.01,-0.04,0.88
2021-07-09,3.90,3.95,3.97,3.86,242586,94698023.00,2.81,0.77,0.03,1.21
2021-07-12,3.97,4.06,4.07,3.96,441323,177234188.00,2.78,2.78,0.11,2.19
2021-07-13,4.06,4.07,4.08,4.00,240262,97344444.00,1.97,0.25,0.01,1.19
2021-07-14,4.06,3.96,4.06,3.95,278015,111028333.00,2.70,-2.70,-0.11,1.38
2021-07-15,3.96,4.08,4.08,3.91,375238,150057948.00,4.29,3.03,0.12,1.86
2021-07-16,4.08,4.02,4.08,3.99,304455,122556133.00,2.21,-1.47,-0.06,1.51
2021-07-19,3.99,3.98,4.03,3.94,236361,93915210.00,2.24,-1.00,-0.04,1.17
2021-07-20,3.95,4.08,4.10,3.93,405012,163144377.00,4.27,2.51,0.10,2.01
2021-07-21,4.08,4.05,4.11,4.04,328577,133688075.00,1.72,-0.74,-0.03,1.63"]}});
