jQuery112402823351815161831_1626521459839({"rc":0,"rt":17,"svr":181669475,"lt":1,"full":0,"data":{"code":"002769
market":0,"name":"普路通
decimal":2,"dktotal":1451,"preKPrice":6.34,"klines":["2021-07-08,6.31,6.42,6.50,6.23,82821,52668828.00,4.26,1.26,0.08,3.16
2021-07-09,6.35,6.27,6.44,6.26,56936,35999499.00,2.80,-2.34,-0.15,2.18
2021-07-12,6.28,6.32,6.34,6.20,47789,29994911.00,2.23,0.80,0.05,1.83
2021-07-13,6.32,6.39,6.41,6.25,45818,29020533.00,2.53,1.11,0.07,1.75
2021-07-14,6.36,6.32,6.39,6.29,26051,16500820.00,1.56,-1.10,-0.07,1.00
2021-07-15,6.32,6.20,6.32,6.18,30577,19031281.00,2.22,-1.90,-0.12,1.17
2021-07-16,6.27,6.21,6.28,6.16,18809,11706712.00,1.94,0.16,0.01,0.72
2021-07-19,6.18,6.26,6.30,6.10,26066,16138403.00,3.22,0.81,0.05,1.00
2021-07-20,6.22,6.23,6.25,6.18,17002,10567098.00,1.12,-0.48,-0.03,0.65
2021-07-21,6.21,6.30,6.30,6.21,25911,16226011.00,1.44,1.12,0.07,0.99"]}});
