jQuery112402823351815161831_1626521459839({"rc":0,"rt":17,"svr":181734974,"lt":1,"full":0,"data":{"code":"600092
market":1,"name":"S*ST精密
decimal":2,"dktotal":2159,"preKPrice":1.17,"klines":["2006-08-18,1.15,1.17,1.19,1.14,27060,3139186.00,4.27,0.00,0.00,0.00
2006-08-21,1.13,1.14,1.14,1.11,67815,7563464.00,2.56,-2.56,-0.03,0.00
2006-08-22,1.12,1.08,1.15,1.08,61517,6771605.00,6.14,-5.26,-0.06,0.00
2006-08-23,1.03,1.12,1.13,1.03,114894,12231005.00,9.26,3.70,0.04,0.00
2006-08-24,1.08,1.08,1.12,1.06,66344,7166588.00,5.36,-3.57,-0.04,0.00
2006-08-25,1.06,1.04,1.07,1.04,67379,7055533.00,2.78,-3.70,-0.04,0.00
2006-08-28,1.00,1.00,1.02,0.99,98666,9882769.00,2.88,-3.85,-0.04,0.00
2006-08-29,0.99,0.95,0.99,0.95,116887,11187468.00,4.00,-5.00,-0.05,0.00
2006-08-30,0.91,0.98,1.00,0.91,126464,12128877.00,9.47,3.16,0.03,0.00
2006-08-31,0.94,0.96,0.99,0.93,107535,10241563.00,6.12,-2.04,-0.02,0.00"]}});
