jQuery112402823351815161831_1626521459839({"rc":0,"rt":17,"svr":182482249,"lt":1,"full":0,"data":{"code":"600997
market":1,"name":"开滦股份
decimal":2,"dktotal":4055,"preKPrice":7.28,"klines":["2021-07-08,7.18,6.87,7.20,6.83,332662,232302661.00,5.08,-5.63,-0.41,2.10
2021-07-09,6.96,7.08,7.18,6.89,316551,222957587.00,4.22,3.06,0.21,1.99
2021-07-12,7.13,7.08,7.22,6.97,283936,201217809.00,3.53,0.00,0.00,1.79
2021-07-13,7.09,7.32,7.33,7.06,328435,237138863.00,3.81,3.39,0.24,2.07
2021-07-14,7.35,7.27,7.51,7.24,309435,227769569.00,3.69,-0.68,-0.05,1.95
2021-07-15,7.24,7.31,7.34,7.13,231355,167421140.00,2.89,0.55,0.04,1.46
2021-07-16,7.30,7.50,7.64,7.28,426775,320972560.00,4.92,2.60,0.19,2.69
2021-07-19,7.59,7.48,7.66,7.43,309866,233267445.00,3.07,-0.27,-0.02,1.95
2021-07-20,7.30,7.56,7.58,7.15,255611,188658347.00,5.75,1.07,0.08,1.61
2021-07-21,7.56,7.44,7.64,7.37,254429,189222700.00,3.57,-1.59,-0.12,1.60"]}});
