jQuery112402823351815161831_1626521459839({"rc":0,"rt":17,"svr":182482649,"lt":1,"full":0,"data":{"code":"002690
market":0,"name":"美亚光电
decimal":2,"dktotal":2177,"preKPrice":51.89,"klines":["2021-07-08,51.92,51.31,53.24,50.56,18787,96716466.00,5.16,-1.12,-0.58,0.57
2021-07-09,51.31,51.55,52.06,50.70,13028,67020932.00,2.65,0.47,0.24,0.39
2021-07-12,48.99,52.30,52.65,48.50,34062,174388747.00,8.05,1.45,0.75,1.03
2021-07-13,52.30,50.87,53.88,50.68,29149,150771412.00,6.12,-2.73,-1.43,0.88
2021-07-14,50.76,53.32,54.06,50.18,35987,190415495.00,7.63,4.82,2.45,1.09
2021-07-15,52.70,52.68,53.08,51.03,23484,122591890.00,3.84,-1.20,-0.64,0.71
2021-07-16,52.68,51.34,53.20,51.12,20762,107599735.00,3.95,-2.54,-1.34,0.63
2021-07-19,51.30,49.92,51.85,49.82,26838,135276150.00,3.95,-2.77,-1.42,0.81
2021-07-20,49.93,51.58,51.68,49.80,21890,111413980.00,3.77,3.33,1.66,0.66
2021-07-21,51.98,53.03,53.70,51.67,25567,135428943.00,3.94,2.81,1.45,0.77"]}});
