jQuery112402823351815161831_1626521459839({"rc":0,"rt":17,"svr":181734976,"lt":1,"full":0,"data":{"code":"600778
market":1,"name":"友好集团
decimal":2,"dktotal":5790,"preKPrice":4.5,"klines":["2021-07-08,4.49,4.49,4.59,4.37,132093,59004580.00,4.89,-0.22,-0.01,4.24
2021-07-09,4.41,4.46,4.57,4.38,95498,42630443.00,4.23,-0.67,-0.03,3.07
2021-07-12,4.47,4.40,4.51,4.36,97640,43234158.00,3.36,-1.35,-0.06,3.14
2021-07-13,4.40,4.51,4.53,4.31,76584,33937305.00,5.00,2.50,0.11,2.46
2021-07-14,4.51,4.40,4.56,4.38,78941,35143231.00,3.99,-2.44,-0.11,2.54
2021-07-15,4.41,4.36,4.43,4.34,55373,24226051.00,2.05,-0.91,-0.04,1.78
2021-07-16,4.40,4.35,4.40,4.31,48679,21162635.00,2.06,-0.23,-0.01,1.56
2021-07-19,4.34,4.34,4.36,4.23,50888,21839707.00,2.99,-0.23,-0.01,1.64
2021-07-20,4.32,4.37,4.38,4.28,36324,15774402.00,2.30,0.69,0.03,1.17
2021-07-21,4.38,4.40,4.47,4.37,42613,18810473.00,2.29,0.69,0.03,1.37"]}});
