jQuery112402823351815161831_1626521459839({"rc":0,"rt":17,"svr":181669633,"lt":1,"full":0,"data":{"code":"600782
market":1,"name":"新钢股份
decimal":2,"dktotal":5771,"preKPrice":5.76,"klines":["2021-07-08,5.77,5.83,5.93,5.73,596799,348700160.00,3.47,1.22,0.07,1.87
2021-07-09,5.75,6.08,6.15,5.65,834534,496390048.00,8.58,4.29,0.25,2.62
2021-07-12,6.09,6.52,6.69,6.09,1481075,966197632.00,9.87,7.24,0.44,4.64
2021-07-13,6.45,6.52,6.62,6.32,687903,446380400.00,4.60,0.00,0.00,2.16
2021-07-14,6.50,6.57,6.80,6.46,715706,473751088.00,5.21,0.77,0.05,2.24
2021-07-15,6.54,7.15,7.20,6.54,1090640,756883184.00,10.05,8.83,0.58,3.42
2021-07-16,7.10,7.26,7.55,7.03,1082457,796994592.00,7.27,1.54,0.11,3.39
2021-07-19,7.33,7.00,7.39,6.99,629819,448828848.00,5.51,-3.58,-0.26,1.98
2021-07-20,7.00,6.85,7.00,6.70,612477,418308080.00,4.29,-2.14,-0.15,1.92
2021-07-21,6.98,6.92,7.04,6.79,488541,337958864.00,3.65,1.02,0.07,1.53"]}});
