jQuery112402823351815161831_1626521459839({"rc":0,"rt":17,"svr":181669733,"lt":1,"full":0,"data":{"code":"600747
market":1,"name":"退市大控
decimal":2,"dktotal":5289,"preKPrice":0.28,"klines":["2019-11-25,0.28,0.28,0.30,0.28,139856,4001500.00,7.14,0.00,0.00,1.31
2019-11-26,0.29,0.29,0.30,0.28,183013,5306996.00,7.14,3.57,0.01,1.72
2019-11-27,0.30,0.29,0.30,0.28,127682,3714692.00,6.90,0.00,0.00,1.20
2019-11-28,0.29,0.29,0.30,0.28,217445,6301836.00,6.90,0.00,0.00,2.04
2019-11-29,0.29,0.29,0.29,0.27,228188,6419473.00,6.90,0.00,0.00,2.14
2019-12-02,0.28,0.27,0.29,0.27,161364,4476213.00,6.90,-6.90,-0.02,1.52
2019-12-03,0.27,0.28,0.28,0.26,213625,5752446.00,7.41,3.70,0.01,2.01
2019-12-04,0.27,0.27,0.28,0.26,165906,4454739.00,7.14,-3.57,-0.01,1.56
2019-12-05,0.26,0.26,0.27,0.25,355529,9206326.00,7.41,-3.70,-0.01,3.34
2019-12-06,0.25,0.26,0.26,0.24,667358,17089363.00,7.69,0.00,0.00,6.27"]}});
