jQuery112402823351815161831_1626521459839({"rc":0,"rt":17,"svr":182481159,"lt":1,"full":0,"data":{"code":"600383
market":1,"name":"金地集团
decimal":2,"dktotal":4782,"preKPrice":10.74,"klines":["2021-07-08,10.76,10.64,10.78,10.52,264429,280851904.00,2.42,-0.93,-0.10,0.59
2021-07-09,9.97,10.07,10.23,9.93,261965,264000688.00,2.82,-5.36,-0.57,0.58
2021-07-12,10.16,10.12,10.24,10.00,284930,289066672.00,2.38,0.50,0.05,0.63
2021-07-13,10.11,10.06,10.24,10.03,141545,142903819.00,2.08,-0.59,-0.06,0.31
2021-07-14,10.06,9.81,10.07,9.81,146478,144664964.00,2.58,-2.49,-0.25,0.32
2021-07-15,9.82,9.86,9.96,9.70,123785,121897698.00,2.65,0.51,0.05,0.27
2021-07-16,9.86,9.88,9.96,9.50,115367,113897411.00,4.67,0.20,0.02,0.26
2021-07-19,9.87,9.75,9.88,9.69,97393,94949628.00,1.92,-1.32,-0.13,0.22
2021-07-20,9.70,9.72,9.76,9.63,103241,100093322.00,1.33,-0.31,-0.03,0.23
2021-07-21,9.71,9.49,9.74,9.31,282140,267036246.00,4.42,-2.37,-0.23,0.62"]}});
