jQuery112402823351815161831_1626521459839({"rc":0,"rt":17,"svr":181216787,"lt":1,"full":0,"data":{"code":"002308
market":0,"name":"威创股份
decimal":2,"dktotal":2721,"preKPrice":4.23,"klines":["2021-07-08,4.25,4.15,4.25,4.15,59391,24806733.00,2.36,-1.89,-0.08,0.66
2021-07-09,4.15,4.17,4.19,4.11,48205,20001003.00,1.93,0.48,0.02,0.53
2021-07-12,4.20,4.21,4.23,4.17,57433,24140668.00,1.44,0.96,0.04,0.63
2021-07-13,4.20,4.21,4.24,4.16,49487,20826973.00,1.90,0.00,0.00,0.55
2021-07-14,4.20,4.18,4.22,4.17,66595,27921814.00,1.19,-0.71,-0.03,0.74
2021-07-15,4.17,4.13,4.17,4.11,64308,26585066.00,1.44,-1.20,-0.05,0.71
2021-07-16,4.11,4.11,4.15,4.10,51238,21111051.00,1.21,-0.48,-0.02,0.57
2021-07-19,4.10,4.00,4.11,3.98,83737,33622738.00,3.16,-2.68,-0.11,0.92
2021-07-20,4.00,4.03,4.04,3.99,51838,20809863.00,1.25,0.75,0.03,0.57
2021-07-21,4.15,4.12,4.28,4.08,154327,64402862.00,4.96,2.23,0.09,1.70"]}});
