jQuery112402823351815161831_1626521459839({"rc":0,"rt":17,"svr":182482248,"lt":1,"full":0,"data":{"code":"600715
market":1,"name":"文投控股
decimal":2,"dktotal":5748,"preKPrice":3.43,"klines":["2021-07-08,3.42,3.69,3.77,3.35,754350,272058064.00,12.24,7.58,0.26,4.07
2021-07-09,3.65,3.59,3.72,3.56,447808,161966111.00,4.34,-2.71,-0.10,2.41
2021-07-12,3.56,3.69,3.69,3.53,376575,136079479.00,4.46,2.79,0.10,2.03
2021-07-13,3.69,3.64,3.84,3.60,409125,152591809.00,6.50,-1.36,-0.05,2.21
2021-07-14,3.61,3.50,3.66,3.49,384893,137247403.00,4.67,-3.85,-0.14,2.08
2021-07-15,3.50,3.50,3.61,3.43,317387,112061712.00,5.14,0.00,0.00,1.71
2021-07-16,3.50,3.73,3.84,3.43,567678,208859397.00,11.71,6.57,0.23,3.06
2021-07-19,3.64,3.77,3.88,3.63,492329,184908142.00,6.70,1.07,0.04,2.65
2021-07-20,3.69,3.72,3.85,3.66,348343,130310236.00,5.04,-1.33,-0.05,1.88
2021-07-21,3.72,3.61,3.78,3.57,392832,143260450.00,5.65,-2.96,-0.11,2.12"]}});
