jQuery112402823351815161831_1626521459839({"rc":0,"rt":17,"svr":182482651,"lt":1,"full":0,"data":{"code":"002718
market":0,"name":"友邦吊顶
decimal":2,"dktotal":1797,"preKPrice":14.06,"klines":["2021-07-08,14.06,14.18,14.27,14.01,9477,13392419.00,1.85,0.85,0.12,1.43
2021-07-09,14.17,14.14,14.21,14.01,6352,8962487.00,1.41,-0.28,-0.04,0.96
2021-07-12,14.14,14.26,14.38,14.12,10165,14526414.00,1.84,0.85,0.12,1.53
2021-07-13,14.30,14.20,14.37,14.11,8507,12088295.00,1.82,-0.42,-0.06,1.28
2021-07-14,14.16,14.07,14.31,14.02,9490,13417065.00,2.04,-0.92,-0.13,1.43
2021-07-15,14.01,13.94,14.15,13.85,8214,11474274.00,2.13,-0.92,-0.13,1.24
2021-07-16,13.94,13.86,13.99,13.86,5249,7297322.00,0.93,-0.57,-0.08,0.79
2021-07-19,13.90,13.64,13.90,13.55,8271,11337872.00,2.53,-1.59,-0.22,1.25
2021-07-20,13.63,13.80,14.49,13.55,10987,15150983.00,6.89,1.17,0.16,1.66
2021-07-21,13.81,13.65,13.97,13.56,12761,17442763.00,2.97,-1.09,-0.15,1.92"]}});
