jQuery112402823351815161831_1626521459839({"rc":0,"rt":17,"svr":181734974,"lt":1,"full":0,"data":{"code":"600259
market":1,"name":"广晟有色
decimal":2,"dktotal":4515,"preKPrice":38.04,"klines":["2021-07-08,37.75,38.27,40.50,37.75,323128,1263000624.00,7.23,0.60,0.23,10.71
2021-07-09,38.00,42.10,42.10,38.00,264578,1080241040.00,10.71,10.01,3.83,8.77
2021-07-12,45.50,43.78,46.31,43.50,510584,2302837328.00,6.67,3.99,1.68,16.92
2021-07-13,42.50,41.74,42.80,40.85,319995,1330053792.00,4.45,-4.66,-2.04,10.60
2021-07-14,41.00,40.47,41.67,39.82,223269,909546368.00,4.43,-3.04,-1.27,7.40
2021-07-15,40.25,44.52,44.52,38.80,365670,1541316368.00,14.13,10.01,4.05,12.12
2021-07-16,43.00,43.45,46.38,42.70,341993,1518626192.00,8.27,-2.40,-1.07,11.33
2021-07-19,43.35,46.26,47.80,43.35,493521,2317531168.00,10.24,6.47,2.81,16.35
2021-07-20,45.76,45.99,47.77,45.12,299260,1385142576.00,5.73,-0.58,-0.27,9.92
2021-07-21,46.30,47.54,48.55,44.68,399161,1869585376.00,8.41,3.37,1.55,13.23"]}});
