jQuery112402823351815161831_1626521459839({"rc":0,"rt":17,"svr":181216957,"lt":1,"full":0,"data":{"code":"600813
market":1,"name":"ST鞍一工
decimal":2,"dktotal":2008,"preKPrice":3.84,"klines":["2002-04-15,3.71,3.86,3.93,3.68,28972,11175162.00,6.51,0.52,0.02,0.00
2002-04-16,3.86,3.92,3.94,3.85,31399,12235153.00,2.33,1.55,0.06,0.00
2002-04-17,3.93,4.04,4.07,3.90,63538,25492420.00,4.34,3.06,0.12,0.00
2002-04-18,4.05,4.24,4.24,4.03,93405,38978038.00,5.20,4.95,0.20,0.00
2002-04-19,4.29,4.45,4.45,4.29,128561,56558813.00,3.77,4.95,0.21,0.00
2002-04-22,4.45,4.27,4.61,4.23,124934,54886456.00,8.54,-4.04,-0.18,0.00
2002-04-23,4.25,4.17,4.34,4.08,77875,32598771.00,6.09,-2.34,-0.10,0.00
2002-04-24,4.10,3.96,4.20,3.96,111312,44653787.00,5.76,-5.04,-0.21,0.00
2002-04-25,3.86,3.80,3.94,3.76,116776,44550819.00,4.55,-4.04,-0.16,0.00
2002-04-26,3.70,3.83,3.96,3.69,141475,54508476.00,7.11,0.79,0.03,0.00"]}});
