jQuery112402823351815161831_1626521459839({"rc":0,"rt":17,"svr":181734976,"lt":1,"full":0,"data":{"code":"600595
market":1,"name":"*ST中孚
decimal":2,"dktotal":4477,"preKPrice":3.61,"klines":["2021-07-08,3.61,3.61,3.65,3.58,77078,27882837.00,1.94,0.00,0.00,0.39
2021-07-09,3.64,3.56,3.64,3.55,98366,35308254.00,2.49,-1.39,-0.05,0.50
2021-07-12,3.49,3.45,3.54,3.39,139674,48254383.00,4.21,-3.09,-0.11,0.71
2021-07-13,3.46,3.43,3.47,3.40,77595,26645963.00,2.03,-0.58,-0.02,0.40
2021-07-14,3.54,3.60,3.60,3.45,133182,47139648.00,4.37,4.96,0.17,0.68
2021-07-15,3.67,3.61,3.71,3.60,142977,52088059.00,3.06,0.28,0.01,0.73
2021-07-16,3.60,3.61,3.65,3.56,79431,28734632.00,2.49,0.00,0.00,0.41
2021-07-19,3.62,3.53,3.63,3.53,97138,34638198.00,2.77,-2.22,-0.08,0.50
2021-07-20,3.51,3.48,3.51,3.45,53284,18497147.00,1.70,-1.42,-0.05,0.27
2021-07-21,3.46,3.62,3.65,3.46,106611,38097981.00,5.46,4.02,0.14,0.54"]}});
