jQuery112402823351815161831_1626521459839({"rc":0,"rt":17,"svr":181216787,"lt":1,"full":0,"data":{"code":"600642
market":1,"name":"申能股份
decimal":2,"dktotal":6813,"preKPrice":6.11,"klines":["2021-07-08,6.15,6.19,6.31,6.15,129956,80746931.00,2.62,1.31,0.08,0.29
2021-07-09,6.18,6.20,6.25,6.10,110537,68415551.00,2.42,0.16,0.01,0.24
2021-07-12,6.25,6.11,6.32,6.09,208867,129366337.00,3.71,-1.45,-0.09,0.46
2021-07-13,6.09,6.17,6.17,6.08,127200,78011423.00,1.47,0.98,0.06,0.28
2021-07-14,5.90,5.87,6.02,5.84,172985,102459694.00,2.92,-4.86,-0.30,0.38
2021-07-15,5.82,5.86,5.96,5.78,123201,72346054.00,3.07,-0.17,-0.01,0.27
2021-07-16,5.87,6.00,6.04,5.84,148354,88372697.00,3.41,2.39,0.14,0.33
2021-07-19,5.93,5.83,5.96,5.81,137014,80554350.00,2.50,-2.83,-0.17,0.30
2021-07-20,5.84,5.80,5.85,5.71,118827,68780049.00,2.40,-0.51,-0.03,0.26
2021-07-21,5.83,5.70,5.84,5.70,114854,66031408.00,2.41,-1.72,-0.10,0.25"]}});
