jQuery112402823351815161831_1626521459839({"rc":0,"rt":17,"svr":182482651,"lt":1,"full":0,"data":{"code":"600391
market":1,"name":"航发科技
decimal":2,"dktotal":4674,"preKPrice":19.39,"klines":["2021-07-08,19.11,20.37,21.09,19.11,158791,320317632.00,10.21,5.05,0.98,4.81
2021-07-09,20.20,19.86,20.23,19.71,91996,183293765.00,2.55,-2.50,-0.51,2.79
2021-07-12,19.86,20.22,20.34,19.70,77753,155652032.00,3.22,1.81,0.36,2.36
2021-07-13,20.30,20.07,20.52,19.78,69758,139786828.00,3.66,-0.74,-0.15,2.11
2021-07-14,20.03,19.29,20.03,19.21,71528,139412213.00,4.09,-3.89,-0.78,2.17
2021-07-15,19.16,19.28,19.65,18.98,50711,97626867.00,3.47,-0.05,-0.01,1.54
2021-07-16,19.24,21.21,21.21,19.07,194498,402568368.00,11.10,10.01,1.93,5.89
2021-07-19,22.05,22.42,22.80,21.61,322279,714340000.00,5.61,5.70,1.21,9.76
2021-07-20,22.18,22.24,22.67,21.80,207627,461215120.00,3.88,-0.80,-0.18,6.29
2021-07-21,22.23,21.94,22.23,21.71,183442,402319856.00,2.34,-1.35,-0.30,5.56"]}});
