jQuery112402823351815161831_1626521459839({"rc":0,"rt":17,"svr":181734974,"lt":1,"full":0,"data":{"code":"600627
market":1,"name":"上电股份
decimal":2,"dktotal":3774,"preKPrice":25.22,"klines":["2008-10-28,25.10,25.42,25.60,24.91,7075,17823582.00,2.74,0.79,0.20,0.00
2008-10-29,25.59,26.52,26.58,25.53,23394,61582411.00,4.13,4.33,1.10,0.00
2008-10-30,26.32,26.15,26.50,25.80,9089,23791482.00,2.64,-1.40,-0.37,0.00
2008-10-31,26.08,26.52,26.70,26.08,5571,14727780.00,2.37,1.41,0.37,0.00
2008-11-03,26.59,26.48,26.60,26.35,3258,8627120.00,0.94,-0.15,-0.04,0.00
2008-11-04,26.38,26.54,26.63,26.38,6022,15965669.00,0.94,0.23,0.06,0.00
2008-11-05,26.65,26.62,26.79,26.50,8919,23759037.00,1.09,0.30,0.08,0.00
2008-11-06,26.53,27.14,27.40,26.46,19387,52104239.00,3.53,1.95,0.52,0.00
2008-11-11,28.05,28.06,28.26,27.90,93846,263180612.00,1.33,3.39,0.92,0.00
2008-11-12,28.05,28.73,29.40,28.01,97788,278672863.00,4.95,2.39,0.67,0.00"]}});
