jQuery112402823351815161831_1626521459839({"rc":0,"rt":17,"svr":182482248,"lt":1,"full":0,"data":{"code":"002725
market":0,"name":"跃岭股份
decimal":2,"dktotal":1690,"preKPrice":7.43,"klines":["2021-07-08,7.45,7.34,7.45,7.31,25999,19122326.00,1.88,-1.21,-0.09,1.33
2021-07-09,7.34,7.44,7.44,7.31,25885,19103037.00,1.77,1.36,0.10,1.33
2021-07-12,7.48,7.52,7.54,7.46,34492,25890005.00,1.08,1.08,0.08,1.77
2021-07-13,7.50,7.55,7.57,7.36,32506,24354824.00,2.79,0.40,0.03,1.66
2021-07-14,7.53,7.40,7.53,7.38,25286,18825981.00,1.99,-1.99,-0.15,1.29
2021-07-15,7.35,6.99,7.36,6.92,60542,42879984.00,5.95,-5.54,-0.41,3.10
2021-07-16,6.97,6.95,7.06,6.92,23645,16492054.00,2.00,-0.57,-0.04,1.21
2021-07-19,6.95,6.92,6.95,6.82,24054,16564857.00,1.87,-0.43,-0.03,1.23
2021-07-20,6.90,7.00,7.01,6.87,15414,10701648.00,2.02,1.16,0.08,0.79
2021-07-21,7.02,7.06,7.09,7.00,16869,11896405.00,1.29,0.86,0.06,0.86"]}});
