jQuery112402823351815161831_1626521459839({"rc":0,"rt":17,"svr":182482650,"lt":1,"full":0,"data":{"code":"600704
market":1,"name":"物产中大
decimal":2,"dktotal":5833,"preKPrice":7.14,"klines":["2021-07-08,7.14,6.89,7.29,6.88,2446802,1727417392.00,5.74,-3.50,-0.25,4.83
2021-07-09,6.90,7.11,7.30,6.88,2829996,2016250528.00,6.10,3.19,0.22,5.59
2021-07-12,7.08,7.08,7.22,7.00,1865250,1324991792.00,3.09,-0.42,-0.03,3.68
2021-07-13,7.09,6.82,7.10,6.81,2314458,1598508912.00,4.10,-3.67,-0.26,4.57
2021-07-14,6.89,6.83,7.07,6.82,2150963,1489783440.00,3.67,0.15,0.01,4.25
2021-07-15,6.76,6.91,6.95,6.68,1430342,977745776.00,3.95,1.17,0.08,2.83
2021-07-16,6.89,6.71,6.97,6.71,1733115,1182055792.00,3.76,-2.89,-0.20,3.42
2021-07-19,6.69,6.53,6.77,6.49,1940592,1284141104.00,4.17,-2.68,-0.18,3.83
2021-07-20,6.54,6.63,6.66,6.44,1587786,1040042112.00,3.37,1.53,0.10,3.14
2021-07-21,6.58,6.55,6.63,6.47,1504566,984036192.00,2.41,-1.21,-0.08,2.97"]}});
