jQuery112402823351815161831_1626521459839({"rc":0,"rt":17,"svr":181216957,"lt":1,"full":0,"data":{"code":"002734
market":0,"name":"利民股份
decimal":2,"dktotal":1569,"preKPrice":11.62,"klines":["2021-07-08,11.63,11.48,11.63,11.46,16876,19436242.00,1.46,-1.20,-0.14,0.52
2021-07-09,11.48,11.59,11.61,11.38,18864,21715940.00,2.00,0.96,0.11,0.58
2021-07-12,11.59,11.68,11.76,11.59,18450,21582584.00,1.47,0.78,0.09,0.57
2021-07-13,11.62,11.79,11.80,11.59,14990,17561535.00,1.80,0.94,0.11,0.46
2021-07-14,11.83,11.72,11.83,11.72,12829,15109276.00,0.93,-0.59,-0.07,0.40
2021-07-15,11.60,11.58,11.70,11.54,14732,17082232.00,1.37,-1.19,-0.14,0.45
2021-07-16,11.58,11.78,11.80,11.52,17459,20438494.00,2.42,1.73,0.20,0.54
2021-07-19,11.74,11.81,11.95,11.72,25295,30033041.00,1.95,0.25,0.03,0.78
2021-07-20,11.79,11.58,11.79,11.54,24989,29012781.00,2.12,-1.95,-0.23,0.77
2021-07-21,11.63,11.62,11.67,11.54,18196,21091762.00,1.12,0.35,0.04,0.56"]}});
