jQuery112402823351815161831_1626521459839({"rc":0,"rt":17,"svr":181669475,"lt":1,"full":0,"data":{"code":"600126
market":1,"name":"杭钢股份
decimal":2,"dktotal":5530,"preKPrice":5.18,"klines":["2021-07-08,5.16,5.11,5.19,5.09,114241,58522578.00,1.93,-1.35,-0.07,0.34
2021-07-09,5.13,5.25,5.27,5.12,221676,115630909.00,2.94,2.74,0.14,0.66
2021-07-12,5.27,5.22,5.38,5.18,259489,136735625.00,3.81,-0.57,-0.03,0.77
2021-07-13,5.19,5.25,5.29,5.17,148307,77506977.00,2.30,0.57,0.03,0.44
2021-07-14,5.28,5.21,5.29,5.19,134647,70486173.00,1.90,-0.76,-0.04,0.40
2021-07-15,5.21,5.33,5.34,5.18,249343,131633512.00,3.07,2.30,0.12,0.74
2021-07-16,5.30,5.34,5.40,5.26,236366,126404644.00,2.63,0.19,0.01,0.70
2021-07-19,5.33,5.27,5.37,5.25,178203,94566213.00,2.25,-1.31,-0.07,0.53
2021-07-20,5.24,5.19,5.24,5.16,150776,78264663.00,1.52,-1.52,-0.08,0.45
2021-07-21,5.19,5.18,5.22,5.15,186382,96689624.00,1.35,-0.19,-0.01,0.55"]}});
