jQuery112402823351815161831_1626521459839({"rc":0,"rt":17,"svr":181216957,"lt":1,"full":0,"data":{"code":"600602
market":1,"name":"云赛智联
decimal":2,"dktotal":7117,"preKPrice":5.74,"klines":["2021-07-08,5.78,5.67,5.78,5.65,48774,27733140.00,2.26,-1.22,-0.07,0.45
2021-07-09,5.69,5.68,5.69,5.60,37608,21225750.00,1.59,0.18,0.01,0.35
2021-07-12,5.71,5.83,5.83,5.70,63489,36577160.00,2.29,2.64,0.15,0.59
2021-07-13,5.83,5.83,5.92,5.75,63276,36839239.00,2.92,0.00,0.00,0.59
2021-07-14,5.82,5.71,5.84,5.71,48892,28202277.00,2.23,-2.06,-0.12,0.46
2021-07-15,5.71,5.64,5.73,5.59,46269,26088928.00,2.45,-1.23,-0.07,0.43
2021-07-16,5.75,5.72,5.85,5.69,66643,38382515.00,2.84,1.42,0.08,0.62
2021-07-19,5.67,5.58,5.67,5.52,52625,29312270.00,2.62,-2.45,-0.14,0.49
2021-07-20,5.56,5.62,5.63,5.53,31418,17519079.00,1.79,0.72,0.04,0.29
2021-07-21,5.60,5.59,5.66,5.56,44128,24722093.00,1.78,-0.53,-0.03,0.41"]}});
