jQuery112402823351815161831_1626521459839({"rc":0,"rt":17,"svr":181216957,"lt":1,"full":0,"data":{"code":"002905
market":0,"name":"金逸影视
decimal":2,"dktotal":918,"preKPrice":8.54,"klines":["2021-07-08,8.53,8.65,8.65,8.46,33024,28296338.00,2.22,1.29,0.11,0.95
2021-07-09,8.66,8.80,8.94,8.55,52299,45871976.00,4.51,1.73,0.15,1.50
2021-07-12,8.79,8.72,8.84,8.65,34150,29747307.00,2.16,-0.91,-0.08,0.98
2021-07-13,8.72,8.82,8.93,8.67,37131,32679796.00,2.98,1.15,0.10,1.06
2021-07-14,8.82,8.65,8.84,8.58,28459,24610910.00,2.95,-1.93,-0.17,0.81
2021-07-15,8.40,8.50,8.56,8.23,47068,39343649.00,3.82,-1.73,-0.15,1.35
2021-07-16,8.50,8.61,8.71,8.36,28104,23951139.00,4.12,1.29,0.11,0.80
2021-07-19,8.45,8.51,8.54,8.25,34765,29004966.00,3.37,-1.16,-0.10,0.99
2021-07-20,8.46,8.46,8.50,8.33,20410,17159242.00,2.00,-0.59,-0.05,0.58
2021-07-21,8.45,8.40,8.55,8.35,15384,12975417.00,2.36,-0.71,-0.06,0.44"]}});
