jQuery112402823351815161831_1626521459839({"rc":0,"rt":17,"svr":181734975,"lt":1,"full":0,"data":{"code":"600805
market":1,"name":"悦达投资
decimal":2,"dktotal":6585,"preKPrice":3.8,"klines":["2021-07-08,3.80,3.79,3.85,3.77,43734,16620900.00,2.11,-0.26,-0.01,0.51
2021-07-09,3.81,3.82,3.85,3.77,50350,19196021.00,2.11,0.79,0.03,0.59
2021-07-12,3.82,3.85,3.88,3.81,67618,26031353.00,1.83,0.79,0.03,0.80
2021-07-13,3.86,3.85,3.88,3.83,51297,19759265.00,1.30,0.00,0.00,0.60
2021-07-14,3.83,3.77,3.84,3.77,49730,18885665.00,1.82,-2.08,-0.08,0.58
2021-07-15,3.75,3.68,3.76,3.61,74734,27523767.00,3.98,-2.39,-0.09,0.88
2021-07-16,3.67,3.68,3.72,3.66,34658,12796740.00,1.63,0.00,0.00,0.41
2021-07-19,3.69,3.69,3.71,3.65,29150,10733830.00,1.63,0.27,0.01,0.34
2021-07-20,3.68,3.69,3.70,3.65,26136,9588811.00,1.36,0.00,0.00,0.31
2021-07-21,3.69,3.70,3.73,3.68,32448,12024294.00,1.36,0.27,0.01,0.38"]}});
