jQuery112402823351815161831_1626521459839({"rc":0,"rt":17,"svr":182480524,"lt":1,"full":0,"data":{"code":"600032
market":1,"name":"浙江新能
decimal":2,"dktotal":41,"preKPrice":11.32,"klines":["2021-07-08,11.50,11.69,12.00,11.45,446967,525693168.00,4.86,3.27,0.37,21.49
2021-07-09,11.41,11.58,11.90,11.27,352106,408010000.00,5.39,-0.94,-0.11,16.93
2021-07-12,11.43,11.22,11.44,11.16,292041,329283984.00,2.42,-3.11,-0.36,14.04
2021-07-13,11.19,11.83,12.22,10.94,494404,573099552.00,11.41,5.44,0.61,23.77
2021-07-14,11.81,11.50,12.07,11.46,355797,415868560.00,5.16,-2.79,-0.33,17.11
2021-07-15,11.16,11.12,11.20,10.78,271126,298983408.00,3.65,-3.30,-0.38,13.03
2021-07-16,11.15,10.92,11.34,10.90,210619,233931861.00,3.96,-1.80,-0.20,10.13
2021-07-19,10.60,10.48,10.80,10.46,195448,206248069.00,3.11,-4.03,-0.44,9.40
2021-07-20,10.30,10.46,10.52,10.09,145409,149694164.00,4.10,-0.19,-0.02,6.99
2021-07-21,10.41,10.40,10.54,10.27,144543,150093685.00,2.58,-0.57,-0.06,6.95"]}});
