jQuery112402823351815161831_1626521459839({"rc":0,"rt":17,"svr":182481221,"lt":1,"full":0,"data":{"code":"002268
market":0,"name":"卫 士 通
decimal":2,"dktotal":3019,"preKPrice":19.25,"klines":["2021-07-08,19.25,19.34,19.56,19.06,72553,139951905.00,2.60,0.47,0.09,0.87
2021-07-09,19.29,19.06,19.46,18.91,74520,142280073.00,2.84,-1.45,-0.28,0.89
2021-07-12,19.38,20.97,20.97,19.19,279954,574705264.00,9.34,10.02,1.91,3.35
2021-07-13,23.07,22.03,23.07,21.80,693649,1564425232.00,6.06,5.05,1.06,8.29
2021-07-14,22.00,24.23,24.23,21.76,638694,1495718448.00,11.21,9.99,2.20,7.63
2021-07-15,25.08,25.98,26.53,24.43,818274,2098483232.00,8.67,7.22,1.75,9.78
2021-07-16,25.80,25.79,27.27,25.45,460312,1205853152.00,7.01,-0.73,-0.19,5.50
2021-07-19,25.79,25.87,26.99,25.50,403541,1060394768.00,5.78,0.31,0.08,4.82
2021-07-20,25.26,24.75,25.62,24.39,312271,773324288.00,4.75,-4.33,-1.12,3.73
2021-07-21,25.02,27.23,27.23,24.48,389723,1017155152.00,11.11,10.02,2.48,4.66"]}});
