jQuery112402823351815161831_1626521459839({"rc":0,"rt":17,"svr":181216957,"lt":1,"full":0,"data":{"code":"002501
market":0,"name":"*ST利源
decimal":2,"dktotal":2574,"preKPrice":2.66,"klines":["2021-07-08,2.67,2.59,2.68,2.59,93386,24381599.00,3.38,-2.63,-0.07,0.27
2021-07-09,2.61,2.61,2.64,2.55,58040,15063109.00,3.47,0.77,0.02,0.17
2021-07-12,2.64,2.55,2.64,2.55,77987,20214694.00,3.45,-2.30,-0.06,0.22
2021-07-13,2.58,2.51,2.60,2.51,73421,18609593.00,3.53,-1.57,-0.04,0.21
2021-07-14,2.51,2.53,2.59,2.50,68410,17328164.00,3.59,0.80,0.02,0.20
2021-07-15,2.60,2.66,2.66,2.60,70778,18807229.00,2.37,5.14,0.13,0.20
2021-07-16,2.67,2.60,2.71,2.57,128073,33635697.00,5.26,-2.26,-0.06,0.37
2021-07-19,2.60,2.54,2.60,2.52,56344,14338054.00,3.08,-2.31,-0.06,0.16
2021-07-20,2.52,2.55,2.59,2.52,31893,8118929.00,2.76,0.39,0.01,0.09
2021-07-21,2.42,2.42,2.42,2.42,44958,10879836.00,0.00,-5.10,-0.13,0.13"]}});
