jQuery112402823351815161831_1626521459839({"rc":0,"rt":17,"svr":182481597,"lt":1,"full":0,"data":{"code":"600165
market":1,"name":"新日恒力
decimal":2,"dktotal":5290,"preKPrice":7.16,"klines":["2021-07-08,7.19,7.20,7.61,7.09,184967,134710688.00,7.26,0.56,0.04,2.70
2021-07-09,7.21,7.21,7.40,7.09,97268,70583292.00,4.31,0.14,0.01,1.42
2021-07-12,7.21,7.31,7.48,7.20,84891,62360873.00,3.88,1.39,0.10,1.24
2021-07-13,7.31,7.33,7.42,7.28,56179,41209320.00,1.92,0.27,0.02,0.82
2021-07-14,7.33,7.70,7.83,7.33,185610,141467610.00,6.82,5.05,0.37,2.71
2021-07-15,7.72,7.53,7.94,7.50,112688,86308280.00,5.71,-2.21,-0.17,1.65
2021-07-16,7.60,8.03,8.08,7.54,248906,197497629.00,7.17,6.64,0.50,3.63
2021-07-19,8.15,8.05,8.19,7.90,144051,115765919.00,3.61,0.25,0.02,2.10
2021-07-20,8.01,7.82,8.03,7.77,127704,100653809.00,3.23,-2.86,-0.23,1.86
2021-07-21,7.86,7.71,7.89,7.55,143505,110292426.00,4.35,-1.41,-0.11,2.10"]}});
