jQuery112402823351815161831_1626521459839({"rc":0,"rt":17,"svr":182482249,"lt":1,"full":0,"data":{"code":"600370
market":1,"name":"三房巷
decimal":2,"dktotal":4332,"preKPrice":3.11,"klines":["2021-07-08,3.10,3.07,3.12,3.04,49431,15176325.00,2.57,-1.29,-0.04,0.62
2021-07-09,3.07,3.14,3.19,3.03,52142,16052879.00,5.21,2.28,0.07,0.65
2021-07-12,3.15,3.10,3.15,3.06,44443,13811710.00,2.87,-1.27,-0.04,0.56
2021-07-13,3.09,3.13,3.15,3.07,37994,11838649.00,2.58,0.97,0.03,0.48
2021-07-14,3.13,3.17,3.25,3.08,85909,27215932.00,5.43,1.28,0.04,1.08
2021-07-15,3.15,3.15,3.19,3.09,72708,22724521.00,3.15,-0.63,-0.02,0.91
2021-07-16,3.15,3.09,3.15,3.08,43234,13418788.00,2.22,-1.90,-0.06,0.54
2021-07-19,3.09,3.09,3.09,3.05,28540,8763468.00,1.29,0.00,0.00,0.36
2021-07-20,3.08,3.07,3.08,3.05,15854,4859243.00,0.97,-0.65,-0.02,0.20
2021-07-21,3.07,3.11,3.11,3.07,29773,9181390.00,1.30,1.30,0.04,0.37"]}});
