jQuery112402823351815161831_1626521459839({"rc":0,"rt":17,"svr":181216957,"lt":1,"full":0,"data":{"code":"002871
market":0,"name":"伟隆股份
decimal":2,"dktotal":1023,"preKPrice":9.59,"klines":["2021-07-08,9.54,9.49,9.60,9.37,12118,11485903.00,2.40,-1.04,-0.10,1.37
2021-07-09,9.42,9.56,9.67,9.40,9338,8930689.00,2.85,0.74,0.07,1.06
2021-07-12,9.58,9.77,9.81,9.58,11297,10992163.00,2.41,2.20,0.21,1.28
2021-07-13,9.77,9.77,9.78,9.65,7176,6969344.00,1.33,0.00,0.00,0.81
2021-07-14,9.66,9.70,9.77,9.63,6272,6078936.00,1.43,-0.72,-0.07,0.71
2021-07-15,9.65,9.51,9.73,9.50,8166,7821946.00,2.37,-1.96,-0.19,0.93
2021-07-16,9.51,9.47,9.60,9.47,6242,5944632.00,1.37,-0.42,-0.04,0.71
2021-07-19,9.46,9.54,9.59,9.42,5141,4894713.00,1.80,0.74,0.07,0.58
2021-07-20,9.50,9.55,9.58,9.40,6636,6280555.00,1.89,0.10,0.01,0.75
2021-07-21,9.75,9.86,9.96,9.62,29315,28777947.00,3.56,3.25,0.31,3.32"]}});
