jQuery112402823351815161831_1626521459839({"rc":0,"rt":17,"svr":182481597,"lt":1,"full":0,"data":{"code":"600958
market":1,"name":"东方证券
decimal":2,"dktotal":1539,"preKPrice":9.86,"klines":["2021-07-08,9.74,9.45,9.74,9.41,427218,408389792.00,3.35,-4.16,-0.41,0.74
2021-07-09,9.38,9.57,9.63,9.34,409749,389934496.00,3.07,1.27,0.12,0.71
2021-07-12,9.76,10.53,10.53,9.76,2320048,2414384896.00,8.05,10.03,0.96,4.04
2021-07-13,10.49,10.78,11.18,10.41,2399269,2597737264.00,7.31,2.37,0.25,4.18
2021-07-14,10.85,10.28,11.39,10.25,2039809,2199802208.00,10.58,-4.64,-0.50,3.56
2021-07-15,10.34,10.28,10.43,10.03,1256807,1281289792.00,3.89,0.00,0.00,2.19
2021-07-16,10.46,10.65,11.18,10.35,2065430,2224281712.00,8.07,3.60,0.37,3.60
2021-07-19,10.46,11.10,11.30,10.46,1888304,2062990304.00,7.89,4.23,0.45,3.29
2021-07-20,10.95,11.20,11.72,10.89,1581803,1778681648.00,7.48,0.90,0.10,2.76
2021-07-21,11.09,10.96,11.42,10.85,1413321,1562299440.00,5.09,-2.14,-0.24,2.46"]}});
