jQuery112402823351815161831_1626521459839({"rc":0,"rt":17,"svr":182481222,"lt":1,"full":0,"data":{"code":"002430
market":0,"name":"杭氧股份
decimal":2,"dktotal":2677,"preKPrice":35.06,"klines":["2021-07-08,35.00,35.09,35.82,34.58,83735,295404192.00,3.54,0.09,0.03,0.87
2021-07-09,35.21,34.06,35.35,33.30,86440,293932672.00,5.84,-2.94,-1.03,0.90
2021-07-12,34.38,35.16,35.90,34.06,73083,255078573.00,5.40,3.23,1.10,0.76
2021-07-13,35.50,37.97,37.97,35.10,133851,495775968.00,8.16,7.99,2.81,1.39
2021-07-14,38.14,37.71,38.27,36.81,104741,392721824.00,3.85,-0.68,-0.26,1.09
2021-07-15,37.56,39.30,39.49,36.66,105901,401023344.00,7.50,4.22,1.59,1.10
2021-07-16,39.47,36.02,39.80,35.97,150789,571012672.00,9.75,-8.35,-3.28,1.56
2021-07-19,36.02,37.48,37.50,35.25,88815,323422000.00,6.25,4.05,1.46,0.92
2021-07-20,36.98,37.06,37.44,36.57,53731,199332385.00,2.32,-1.12,-0.42,0.56
2021-07-21,37.07,37.05,37.83,36.53,64389,239169136.00,3.51,-0.03,-0.01,0.67"]}});
