jQuery112402823351815161831_1626521459839({"rc":0,"rt":17,"svr":181669633,"lt":1,"full":0,"data":{"code":"002481
market":0,"name":"双塔食品
decimal":2,"dktotal":2496,"preKPrice":11.49,"klines":["2021-07-08,11.43,11.27,11.45,11.26,46211,52315262.00,1.65,-1.91,-0.22,0.42
2021-07-09,11.26,11.27,11.36,11.17,34024,38306384.00,1.69,0.00,0.00,0.31
2021-07-12,11.27,11.34,11.45,11.20,38323,43409787.00,2.22,0.62,0.07,0.35
2021-07-13,11.34,11.47,11.53,11.14,79523,90188085.00,3.44,1.15,0.13,0.72
2021-07-14,11.44,11.56,11.64,11.34,67939,78523964.00,2.62,0.78,0.09,0.62
2021-07-15,11.58,11.40,11.60,11.36,40074,45782861.00,2.08,-1.38,-0.16,0.36
2021-07-16,11.40,11.57,11.74,11.40,58910,68337023.00,2.98,1.49,0.17,0.54
2021-07-19,11.58,12.73,12.73,11.58,186895,229053138.00,9.94,10.03,1.16,1.70
2021-07-20,12.72,12.71,12.82,12.18,168016,210251878.00,5.03,-0.16,-0.02,1.53
2021-07-21,12.65,12.52,12.94,12.50,104707,132655604.00,3.46,-1.49,-0.19,0.95"]}});
