jQuery112402823351815161831_1626521459839({"rc":0,"rt":17,"svr":182482250,"lt":1,"full":0,"data":{"code":"002781
market":0,"name":"奇信股份
decimal":2,"dktotal":1244,"preKPrice":7.65,"klines":["2021-07-08,7.63,7.72,7.83,7.56,60424,46430292.00,3.53,0.92,0.07,2.90
2021-07-09,7.69,7.87,8.00,7.65,77429,60828797.00,4.53,1.94,0.15,3.72
2021-07-12,7.87,7.78,8.05,7.77,68587,54078092.00,3.56,-1.14,-0.09,3.29
2021-07-13,7.78,7.97,8.04,7.71,69014,54682232.00,4.24,2.44,0.19,3.32
2021-07-14,8.05,8.77,8.77,8.05,75593,65188671.00,9.03,10.04,0.80,3.63
2021-07-15,8.60,7.97,8.60,7.89,219548,179121305.00,8.10,-9.12,-0.80,10.55
2021-07-16,7.85,8.01,8.32,7.71,165495,132415499.00,7.65,0.50,0.04,7.95
2021-07-19,7.90,7.80,8.15,7.77,96318,76271257.00,4.74,-2.62,-0.21,4.63
2021-07-20,7.73,7.50,7.73,7.48,95001,71974029.00,3.21,-3.85,-0.30,4.56
2021-07-21,7.53,7.63,7.67,7.53,52975,40246413.00,1.87,1.73,0.13,2.54"]}});
