jQuery112402823351815161831_1626521459839({"rc":0,"rt":17,"svr":182482250,"lt":1,"full":0,"data":{"code":"600178
market":1,"name":"东安动力
decimal":2,"dktotal":5431,"preKPrice":7.43,"klines":["2021-07-08,7.49,7.41,7.53,7.37,52015,38695064.00,2.15,-0.27,-0.02,1.13
2021-07-09,7.39,7.51,7.52,7.28,52824,39239120.00,3.24,1.35,0.10,1.14
2021-07-12,7.53,7.84,7.98,7.53,162141,126516945.00,5.99,4.39,0.33,3.51
2021-07-13,7.97,7.83,8.07,7.80,126234,99570249.00,3.44,-0.13,-0.01,2.73
2021-07-14,7.80,7.70,7.85,7.66,74251,57420764.00,2.43,-1.66,-0.13,1.61
2021-07-15,7.70,7.70,7.75,7.57,62340,47774713.00,2.34,0.00,0.00,1.35
2021-07-16,7.71,7.91,8.07,7.65,126672,99951785.00,5.45,2.73,0.21,2.74
2021-07-19,7.88,7.91,8.04,7.82,99533,79082227.00,2.78,0.00,0.00,2.15
2021-07-20,7.82,7.98,8.00,7.70,102558,80667406.00,3.79,0.88,0.07,2.22
2021-07-21,7.98,7.99,8.06,7.90,114910,91660249.00,2.01,0.13,0.01,2.49"]}});
