jQuery112402823351815161831_1626521459839({"rc":0,"rt":17,"svr":181669475,"lt":1,"full":0,"data":{"code":"600646
market":1,"name":"ST国嘉
decimal":2,"dktotal":2422,"preKPrice":6.65,"klines":["2003-04-16,6.60,6.65,6.76,6.40,13095,8648298.00,5.41,0.00,0.00,0.00
2003-04-17,6.62,6.60,6.67,6.41,9842,6412798.00,3.91,-0.75,-0.05,0.00
2003-04-18,6.60,6.51,6.62,6.46,5884,3841003.00,2.42,-1.36,-0.09,0.00
2003-04-21,6.49,6.35,6.51,6.20,7604,4841505.00,4.76,-2.46,-0.16,0.00
2003-04-22,6.33,6.06,6.33,6.03,11187,6904568.00,4.72,-4.57,-0.29,0.00
2003-04-23,5.99,5.92,6.15,5.80,8077,4837505.00,5.78,-2.31,-0.14,0.00
2003-04-24,5.81,5.62,5.99,5.62,8927,5173252.00,6.25,-5.07,-0.30,0.00
2003-04-25,5.62,5.34,5.70,5.34,10842,5872949.00,6.41,-4.98,-0.28,0.00
2003-04-28,5.10,5.54,5.60,5.08,12958,6862796.00,9.74,3.75,0.20,0.00
2003-04-29,5.49,5.82,5.82,5.35,21302,12063304.00,8.48,5.05,0.28,0.00"]}});
