jQuery112402823351815161831_1626521459839({"rc":0,"rt":17,"svr":181734976,"lt":1,"full":0,"data":{"code":"600603
market":1,"name":"广汇物流
decimal":2,"dktotal":6689,"preKPrice":4.06,"klines":["2021-07-08,4.06,4.01,4.09,4.01,28045,11315107.00,1.97,-1.23,-0.05,0.22
2021-07-09,4.02,4.05,4.05,4.01,17538,7067223.00,1.00,1.00,0.04,0.14
2021-07-12,4.05,4.04,4.07,4.03,28581,11559373.00,0.99,-0.25,-0.01,0.23
2021-07-13,4.06,4.05,4.06,4.03,16837,6803114.00,0.74,0.25,0.01,0.13
2021-07-14,4.06,4.02,4.06,4.01,27761,11188406.00,1.23,-0.74,-0.03,0.22
2021-07-15,4.02,4.02,4.03,4.00,27193,10915649.00,0.75,0.00,0.00,0.22
2021-07-16,4.00,3.99,4.03,3.99,29160,11687115.00,1.00,-0.75,-0.03,0.23
2021-07-19,3.99,3.91,4.00,3.89,50661,19896934.00,2.76,-2.01,-0.08,0.41
2021-07-20,3.88,3.89,3.91,3.87,29256,11378783.00,1.02,-0.51,-0.02,0.23
2021-07-21,3.91,3.91,3.95,3.89,24515,9595790.00,1.54,0.51,0.02,0.20"]}});
