jQuery112402823351815161831_1626521459839({"rc":0,"rt":17,"svr":181734976,"lt":1,"full":0,"data":{"code":"600647
market":1,"name":"同达创业
decimal":2,"dktotal":6692,"preKPrice":12.0,"klines":["2021-07-08,11.99,11.88,12.09,11.78,6270,7437829.00,2.58,-1.00,-0.12,0.45
2021-07-09,11.82,12.00,12.03,11.82,7605,9066416.00,1.77,1.01,0.12,0.55
2021-07-12,12.03,12.09,12.13,11.90,7453,8969479.00,1.92,0.75,0.09,0.54
2021-07-13,12.09,12.05,12.17,11.98,3730,4491144.00,1.57,-0.33,-0.04,0.27
2021-07-14,12.06,12.15,12.25,11.99,7106,8638488.00,2.16,0.83,0.10,0.51
2021-07-15,12.15,11.92,12.15,11.86,5752,6875722.00,2.39,-1.89,-0.23,0.41
2021-07-16,11.99,11.81,12.01,11.78,6350,7530296.00,1.93,-0.92,-0.11,0.46
2021-07-19,11.75,11.41,11.76,11.38,6931,7979654.00,3.22,-3.39,-0.40,0.50
2021-07-20,11.25,11.47,11.51,11.12,3244,3698917.00,3.42,0.53,0.06,0.23
2021-07-21,11.53,11.60,11.72,11.38,3061,3550844.00,2.96,1.13,0.13,0.22"]}});
