jQuery112402823351815161831_1626521459839({"rc":0,"rt":17,"svr":182480525,"lt":1,"full":0,"data":{"code":"002799
market":0,"name":"环球印务
decimal":2,"dktotal":1187,"preKPrice":13.18,"klines":["2021-07-08,13.22,13.18,13.28,13.02,14683,19259369.00,1.97,0.00,0.00,0.58
2021-07-09,13.17,13.25,13.27,13.00,18348,24114114.00,2.05,0.53,0.07,0.73
2021-07-12,13.29,13.37,13.51,13.28,21255,28513215.00,1.74,0.91,0.12,0.84
2021-07-13,13.40,13.76,13.76,13.40,35287,48181304.00,2.69,2.92,0.39,1.40
2021-07-14,13.77,13.88,14.07,13.69,36416,50600321.00,2.76,0.87,0.12,1.45
2021-07-15,14.18,13.88,14.32,13.85,48961,69118553.00,3.39,0.00,0.00,1.94
2021-07-16,13.89,14.09,14.18,13.88,22517,31717064.00,2.16,1.51,0.21,0.89
2021-07-19,14.09,14.11,14.23,13.68,20474,28749452.00,3.90,0.14,0.02,0.81
2021-07-20,14.00,13.96,14.25,13.83,20998,29420618.00,2.98,-1.06,-0.15,0.83
2021-07-21,13.96,13.94,14.16,13.90,21837,30617194.00,1.86,-0.14,-0.02,0.87"]}});
