jQuery112402823351815161831_1626521459839({"rc":0,"rt":17,"svr":182481159,"lt":1,"full":0,"data":{"code":"600035
market":1,"name":"楚天高速
decimal":2,"dktotal":4001,"preKPrice":2.94,"klines":["2021-07-08,2.95,2.89,2.96,2.88,86750,25229873.00,2.72,-1.70,-0.05,0.54
2021-07-09,2.89,2.90,2.91,2.88,45225,13100175.00,1.04,0.35,0.01,0.28
2021-07-12,2.92,2.91,2.93,2.90,76834,22404934.00,1.03,0.34,0.01,0.48
2021-07-13,2.92,2.94,2.95,2.92,82812,24317856.00,1.03,1.03,0.03,0.51
2021-07-14,2.94,2.92,2.95,2.90,87733,25679393.00,1.70,-0.68,-0.02,0.54
2021-07-15,2.92,2.93,2.93,2.89,61845,17992624.00,1.37,0.34,0.01,0.38
2021-07-16,2.92,2.90,2.92,2.89,54448,15814904.00,1.02,-1.02,-0.03,0.34
2021-07-19,2.89,2.88,2.90,2.86,69278,19916481.00,1.38,-0.69,-0.02,0.43
2021-07-20,2.87,2.87,2.88,2.85,49598,14217860.00,1.04,-0.35,-0.01,0.31
2021-07-21,2.88,2.87,2.90,2.86,66267,19023983.00,1.39,0.00,0.00,0.41"]}});
