jQuery112402823351815161831_1626521459839({"rc":0,"rt":17,"svr":182481599,"lt":1,"full":0,"data":{"code":"600167
market":1,"name":"联美控股
decimal":2,"dktotal":5179,"preKPrice":8.81,"klines":["2021-07-08,8.84,8.71,8.84,8.70,46669,40780357.00,1.59,-1.14,-0.10,0.20
2021-07-09,8.70,8.78,8.79,8.66,34578,30211972.00,1.49,0.80,0.07,0.15
2021-07-12,8.80,8.84,8.88,8.74,47973,42292918.00,1.59,0.68,0.06,0.21
2021-07-13,8.84,9.06,9.07,8.79,82311,74012780.00,3.17,2.49,0.22,0.36
2021-07-14,9.19,9.05,9.22,9.01,56991,51723694.00,2.32,-0.11,-0.01,0.25
2021-07-15,9.01,9.08,9.14,9.00,49373,44806527.00,1.55,0.33,0.03,0.22
2021-07-16,9.08,9.47,9.55,9.06,181051,169974131.00,5.40,4.30,0.39,0.79
2021-07-19,9.49,9.55,9.58,9.34,125954,119339688.00,2.53,0.84,0.08,0.55
2021-07-20,9.14,8.91,9.14,8.84,98972,88319838.00,3.14,-6.70,-0.64,0.43
2021-07-21,8.90,8.79,8.90,8.71,91876,80779016.00,2.13,-1.35,-0.12,0.40"]}});
