jQuery112402823351815161831_1626521459839({"rc":0,"rt":17,"svr":182482649,"lt":1,"full":0,"data":{"code":"002419
market":0,"name":"天虹股份
decimal":2,"dktotal":2701,"preKPrice":6.54,"klines":["2021-07-08,6.57,6.48,6.57,6.46,44160,28696794.00,1.68,-0.92,-0.06,0.37
2021-07-09,6.48,6.45,6.51,6.43,45332,29250304.00,1.23,-0.46,-0.03,0.38
2021-07-12,6.49,6.42,6.51,6.41,63272,40715845.00,1.55,-0.47,-0.03,0.53
2021-07-13,6.43,6.45,6.45,6.36,52072,33394197.00,1.40,0.47,0.03,0.43
2021-07-14,6.47,6.39,6.47,6.37,48143,30862705.00,1.55,-0.93,-0.06,0.40
2021-07-15,6.48,6.49,6.62,6.41,161785,105452940.00,3.29,1.56,0.10,1.35
2021-07-16,6.45,6.51,6.53,6.42,69955,45314446.00,1.69,0.31,0.02,0.58
2021-07-19,6.52,6.56,6.58,6.46,78738,51530534.00,1.84,0.77,0.05,0.66
2021-07-20,6.56,6.55,6.57,6.50,54578,35651163.00,1.07,-0.15,-0.01,0.45
2021-07-21,6.52,6.54,6.57,6.51,52298,34157906.00,0.92,-0.15,-0.01,0.44"]}});
