jQuery112402823351815161831_1626521459839({"rc":0,"rt":17,"svr":181669733,"lt":1,"full":0,"data":{"code":"600123
market":1,"name":"兰花科创
decimal":2,"dktotal":5416,"preKPrice":7.86,"klines":["2021-07-08,7.79,7.22,7.91,7.15,567478,418227920.00,9.67,-8.14,-0.64,4.97
2021-07-09,7.25,7.94,7.94,7.25,568552,436535216.00,9.56,9.97,0.72,4.98
2021-07-12,8.18,8.14,8.27,7.90,571722,461673456.00,4.66,2.52,0.20,5.00
2021-07-13,8.28,8.60,8.67,8.00,585904,493860000.00,8.23,5.65,0.46,5.13
2021-07-14,8.60,8.51,8.83,8.47,506179,437768256.00,4.19,-1.05,-0.09,4.43
2021-07-15,8.46,8.44,8.74,8.32,463398,395628832.00,4.94,-0.82,-0.07,4.06
2021-07-16,8.69,8.67,9.04,8.61,563481,495720080.00,5.09,2.73,0.23,4.93
2021-07-19,8.95,8.75,9.09,8.69,407853,360618288.00,4.61,0.92,0.08,3.57
2021-07-20,8.78,8.85,8.87,8.30,347825,300181024.00,6.51,1.14,0.10,3.04
2021-07-21,8.89,8.74,8.89,8.50,334658,289571856.00,4.41,-1.24,-0.11,2.93"]}});
