jQuery112402823351815161831_1626521459839({"rc":0,"rt":17,"svr":181734975,"lt":1,"full":0,"data":{"code":"600640
market":1,"name":"号百控股
decimal":2,"dktotal":6690,"preKPrice":12.32,"klines":["2021-07-08,12.31,11.52,12.35,11.50,96264,113556458.00,6.90,-6.49,-0.80,1.21
2021-07-09,11.54,11.50,11.65,11.38,45359,52236329.00,2.34,-0.17,-0.02,0.57
2021-07-12,11.58,11.55,11.65,11.47,35501,41098571.00,1.57,0.43,0.05,0.45
2021-07-13,11.53,11.98,12.26,11.51,71331,85150623.00,6.49,3.72,0.43,0.90
2021-07-14,12.00,11.86,12.05,11.70,50264,59697161.00,2.92,-1.00,-0.12,0.63
2021-07-15,11.86,12.32,12.52,11.72,63890,77245441.00,6.75,3.88,0.46,0.80
2021-07-16,12.30,11.96,12.32,11.92,60473,73158104.00,3.25,-2.92,-0.36,0.76
2021-07-19,12.42,12.62,12.75,12.15,107456,134140126.00,5.02,5.52,0.66,1.35
2021-07-20,12.39,12.81,13.13,12.33,76731,97498838.00,6.34,1.51,0.19,0.96
2021-07-21,12.76,12.80,13.03,12.61,66525,85149536.00,3.28,-0.08,-0.01,0.84"]}});
