jQuery112402823351815161831_1626521459839({"rc":0,"rt":17,"svr":181734976,"lt":1,"full":0,"data":{"code":"002607
market":0,"name":"中公教育
decimal":2,"dktotal":2242,"preKPrice":19.74,"klines":["2021-07-08,19.59,18.69,19.60,18.60,226957,429250176.00,5.07,-5.32,-1.05,1.42
2021-07-09,18.50,18.40,18.60,18.01,143931,263519631.00,3.16,-1.55,-0.29,0.90
2021-07-12,18.60,17.42,18.68,17.33,471058,831636640.00,7.34,-5.33,-0.98,2.94
2021-07-13,17.51,17.29,17.64,17.00,308844,534698768.00,3.67,-0.75,-0.13,1.93
2021-07-14,17.19,17.00,17.29,16.90,214443,365192528.00,2.26,-1.68,-0.29,1.34
2021-07-15,15.30,15.30,15.95,15.30,278512,426537664.00,3.82,-10.00,-1.70,1.74
2021-07-16,15.31,14.96,15.53,14.85,557825,841733840.00,4.44,-2.22,-0.34,3.48
2021-07-19,14.87,15.39,15.54,14.59,480853,730334496.00,6.35,2.87,0.43,3.00
2021-07-20,15.22,15.12,15.60,14.85,330092,499998768.00,4.87,-1.75,-0.27,2.06
2021-07-21,15.00,15.30,15.40,14.91,231768,353322240.00,3.24,1.19,0.18,1.45"]}});
