jQuery112402823351815161831_1626521459839({"rc":0,"rt":17,"svr":182482650,"lt":1,"full":0,"data":{"code":"002688
market":0,"name":"金河生物
decimal":2,"dktotal":2114,"preKPrice":6.81,"klines":["2021-07-08,6.81,6.67,6.88,6.67,87343,58938263.00,3.08,-2.06,-0.14,1.40
2021-07-09,6.66,6.86,6.88,6.64,86884,59081958.00,3.60,2.85,0.19,1.39
2021-07-12,6.89,6.80,6.93,6.76,103108,70421449.00,2.48,-0.87,-0.06,1.65
2021-07-13,6.74,7.10,7.26,6.73,167539,118058946.00,7.79,4.41,0.30,2.68
2021-07-14,7.10,7.10,7.20,7.03,103569,73580243.00,2.39,0.00,0.00,1.66
2021-07-15,7.06,7.16,7.20,6.99,127817,90959267.00,2.96,0.85,0.06,2.05
2021-07-16,7.16,7.09,7.25,7.06,142331,101794970.00,2.65,-0.98,-0.07,2.28
2021-07-19,7.12,6.95,7.14,6.91,115403,80776375.00,3.24,-1.97,-0.14,1.85
2021-07-20,6.97,7.03,7.08,6.91,74504,51985005.00,2.45,1.15,0.08,1.19
2021-07-21,7.01,7.22,7.27,6.96,141097,101049383.00,4.41,2.70,0.19,2.26"]}});
