jQuery112402823351815161831_1626521459839({"rc":0,"rt":17,"svr":182482648,"lt":1,"full":0,"data":{"code":"600352
market":1,"name":"浙江龙盛
decimal":2,"dktotal":4285,"preKPrice":13.24,"klines":["2021-07-08,13.22,12.82,13.23,12.80,567183,733539024.00,3.25,-3.17,-0.42,1.74
2021-07-09,12.77,12.86,12.87,12.50,398986,505276848.00,2.89,0.31,0.04,1.23
2021-07-12,12.92,12.95,13.14,12.88,363213,471442688.00,2.02,0.70,0.09,1.12
2021-07-13,12.90,12.79,12.98,12.71,432238,552963216.00,2.08,-1.24,-0.16,1.33
2021-07-14,12.78,12.55,12.78,12.54,351929,443891984.00,1.88,-1.88,-0.24,1.08
2021-07-15,12.53,12.61,12.66,12.40,258238,323281680.00,2.07,0.48,0.06,0.79
2021-07-16,12.54,13.05,13.17,12.51,604737,781902752.00,5.23,3.49,0.44,1.86
2021-07-19,12.95,12.81,12.95,12.70,330548,423353248.00,1.92,-1.84,-0.24,1.02
2021-07-20,12.70,12.71,12.74,12.60,227936,288316064.00,1.09,-0.78,-0.10,0.70
2021-07-21,12.71,12.66,12.81,12.62,267557,339294784.00,1.49,-0.39,-0.05,0.82"]}});
