jQuery112402823351815161831_1626521459839({"rc":0,"rt":17,"svr":182482648,"lt":1,"full":0,"data":{"code":"002348
market":0,"name":"高乐股份
decimal":2,"dktotal":2643,"preKPrice":2.39,"klines":["2021-07-08,2.38,2.37,2.39,2.35,181814,43074418.00,1.67,-0.84,-0.02,2.13
2021-07-09,2.36,2.39,2.40,2.33,166517,39348260.00,2.95,0.84,0.02,1.95
2021-07-12,2.39,2.45,2.46,2.38,280293,68362461.00,3.35,2.51,0.06,3.28
2021-07-13,2.45,2.43,2.46,2.41,173095,42029684.00,2.04,-0.82,-0.02,2.03
2021-07-14,2.41,2.41,2.45,2.36,244148,58746545.00,3.70,-0.82,-0.02,2.86
2021-07-15,2.38,2.29,2.39,2.25,349251,80378774.00,5.81,-4.98,-0.12,4.09
2021-07-16,2.30,2.33,2.37,2.27,271785,63072094.00,4.37,1.75,0.04,3.18
2021-07-19,2.33,2.44,2.45,2.28,375679,89377020.00,7.30,4.72,0.11,4.40
2021-07-20,2.40,2.50,2.58,2.37,590846,147385467.00,8.61,2.46,0.06,6.92
2021-07-21,2.65,2.52,2.65,2.50,705395,180364493.00,6.00,0.80,0.02,8.26"]}});
