jQuery112402823351815161831_1626521459839({"rc":0,"rt":17,"svr":181216787,"lt":1,"full":0,"data":{"code":"002891
market":0,"name":"中宠股份
decimal":2,"dktotal":941,"preKPrice":41.45,"klines":["2021-07-08,41.46,40.60,42.15,40.44,33092,136343766.00,4.13,-2.05,-0.85,1.13
2021-07-09,40.27,39.28,40.27,38.74,39993,157726292.00,3.77,-3.25,-1.32,1.36
2021-07-12,39.28,40.00,40.67,38.60,32351,128621477.00,5.27,1.83,0.72,1.10
2021-07-13,39.79,39.45,40.28,38.90,29342,115962783.00,3.45,-1.38,-0.55,1.00
2021-07-14,39.20,38.65,39.70,38.50,28704,111955523.00,3.04,-2.03,-0.80,0.98
2021-07-15,38.36,37.24,38.36,35.89,75718,280059248.00,6.39,-3.65,-1.41,2.57
2021-07-16,37.02,35.52,37.23,35.51,51074,183832276.00,4.62,-4.62,-1.72,1.74
2021-07-19,35.87,36.08,36.50,35.60,31629,113871867.00,2.53,1.58,0.56,1.08
2021-07-20,35.90,36.38,36.81,35.75,30164,109643654.00,2.94,0.83,0.30,1.03
2021-07-21,36.39,36.22,36.65,35.75,34934,126352028.00,2.47,-0.44,-0.16,1.19"]}});
