jQuery112402823351815161831_1626521459839({"rc":0,"rt":17,"svr":182482248,"lt":1,"full":0,"data":{"code":"600343
market":1,"name":"航天动力
decimal":2,"dktotal":4374,"preKPrice":9.57,"klines":["2021-07-08,9.55,9.65,9.76,9.51,70313,67829185.00,2.61,0.84,0.08,1.10
2021-07-09,9.60,9.46,9.60,9.38,64383,61016137.00,2.28,-1.97,-0.19,1.01
2021-07-12,9.47,9.49,9.58,9.45,63463,60295053.00,1.37,0.32,0.03,0.99
2021-07-13,9.51,9.40,9.52,9.32,65318,61345708.00,2.11,-0.95,-0.09,1.02
2021-07-14,9.37,9.30,9.38,9.25,49819,46291887.00,1.38,-1.06,-0.10,0.78
2021-07-15,9.30,9.16,9.37,9.07,65109,59752489.00,3.23,-1.51,-0.14,1.02
2021-07-16,9.18,9.48,9.60,9.15,120825,113896674.00,4.91,3.49,0.32,1.89
2021-07-19,9.56,9.49,9.64,9.38,78858,74820942.00,2.74,0.11,0.01,1.24
2021-07-20,9.35,9.51,9.55,9.33,60905,57619930.00,2.32,0.21,0.02,0.95
2021-07-21,9.51,9.60,9.65,9.50,78028,74894427.00,1.58,0.95,0.09,1.22"]}});
