jQuery112402823351815161831_1626521459839({"rc":0,"rt":17,"svr":181216787,"lt":1,"full":0,"data":{"code":"600067
market":1,"name":"冠城大通
decimal":2,"dktotal":5801,"preKPrice":3.34,"klines":["2021-07-08,3.35,3.35,3.37,3.32,55553,18527014.00,1.50,0.30,0.01,0.37
2021-07-09,3.35,3.39,3.40,3.32,62946,21196124.00,2.39,1.19,0.04,0.42
2021-07-12,3.39,3.40,3.43,3.38,83928,28573758.00,1.47,0.29,0.01,0.56
2021-07-13,3.40,3.42,3.42,3.37,73424,24923149.00,1.47,0.59,0.02,0.49
2021-07-14,3.43,3.36,3.44,3.35,66010,22370780.00,2.63,-1.75,-0.06,0.44
2021-07-15,3.35,3.41,3.41,3.32,79141,26678124.00,2.68,1.49,0.05,0.53
2021-07-16,3.41,3.42,3.44,3.39,76154,25992732.00,1.47,0.29,0.01,0.51
2021-07-19,3.42,3.44,3.50,3.37,122220,42048652.00,3.80,0.58,0.02,0.82
2021-07-20,3.42,3.53,3.65,3.39,294203,104384433.00,7.56,2.62,0.09,1.97
2021-07-21,3.52,3.67,3.70,3.50,266379,96814646.00,5.67,3.97,0.14,1.79"]}});
