jQuery112402823351815161831_1626521459839({"rc":0,"rt":17,"svr":181669633,"lt":1,"full":0,"data":{"code":"002740
market":0,"name":"爱迪尔
decimal":2,"dktotal":1411,"preKPrice":4.18,"klines":["2021-07-08,4.20,4.13,4.20,4.11,42938,17774647.00,2.15,-1.20,-0.05,1.78
2021-07-09,4.16,4.26,4.49,4.15,137790,59317267.00,8.23,3.15,0.13,5.70
2021-07-12,4.26,4.35,4.47,4.26,123294,53521335.00,4.93,2.11,0.09,5.10
2021-07-13,4.37,4.29,4.39,4.26,61511,26535016.00,2.99,-1.38,-0.06,2.55
2021-07-14,4.28,4.39,4.49,4.26,101566,44511417.00,5.36,2.33,0.10,4.20
2021-07-15,4.40,4.46,4.65,4.34,119621,53226566.00,7.06,1.59,0.07,4.95
2021-07-16,4.42,4.31,4.46,4.30,106960,46536776.00,3.59,-3.36,-0.15,4.43
2021-07-19,4.25,4.32,4.34,4.19,61513,26191419.00,3.48,0.23,0.01,2.55
2021-07-20,4.27,4.36,4.42,4.24,58943,25577677.00,4.17,0.93,0.04,2.44
2021-07-21,4.36,4.32,4.42,4.30,58838,25561967.00,2.75,-0.92,-0.04,2.43"]}});
