jQuery112402823351815161831_1626521459839({"rc":0,"rt":17,"svr":181734974,"lt":1,"full":0,"data":{"code":"600589
market":1,"name":"ST榕泰
decimal":2,"dktotal":4679,"preKPrice":2.39,"klines":["2021-07-08,2.40,2.34,2.42,2.32,208420,49335796.00,4.18,-2.09,-0.05,2.96
2021-07-09,2.32,2.37,2.40,2.31,140727,33182500.00,3.85,1.28,0.03,2.00
2021-07-12,2.36,2.28,2.39,2.26,173217,39969840.00,5.49,-3.80,-0.09,2.46
2021-07-13,2.26,2.30,2.32,2.26,94899,21759408.00,2.63,0.88,0.02,1.35
2021-07-14,2.29,2.24,2.30,2.21,100791,22734188.00,3.91,-2.61,-0.06,1.43
2021-07-15,2.21,2.28,2.28,2.21,106200,23834641.00,3.13,1.79,0.04,1.51
2021-07-16,2.28,2.27,2.31,2.26,70464,16077112.00,2.19,-0.44,-0.01,1.00
2021-07-19,2.26,2.28,2.29,2.23,63360,14277818.00,2.64,0.44,0.01,0.90
2021-07-20,2.27,2.25,2.28,2.23,52444,11828106.00,2.19,-1.32,-0.03,0.74
2021-07-21,2.25,2.29,2.30,2.25,52344,11925897.00,2.22,1.78,0.04,0.74"]}});
