jQuery112402823351815161831_1626521459839({"rc":0,"rt":17,"svr":181669733,"lt":1,"full":0,"data":{"code":"600779
market":1,"name":"水井坊
decimal":2,"dktotal":5889,"preKPrice":148.34,"klines":["2021-07-08,145.30,144.27,149.53,143.09,90960,1330223424.00,4.34,-2.74,-4.07,1.86
2021-07-09,147.20,134.26,148.20,130.64,115386,1573862576.00,12.17,-6.94,-10.01,2.36
2021-07-12,132.23,128.90,134.00,126.84,150118,1932748240.00,5.33,-3.99,-5.36,3.07
2021-07-13,132.21,135.20,136.22,130.67,136626,1819547056.00,4.31,4.89,6.30,2.80
2021-07-14,132.30,133.21,135.86,129.31,112938,1501839328.00,4.84,-1.47,-1.99,2.31
2021-07-15,130.47,146.53,146.53,130.01,117439,1646555248.00,12.40,10.00,13.32,2.41
2021-07-16,148.98,145.88,149.51,141.16,155147,2263322800.00,5.70,-0.44,-0.65,3.18
2021-07-19,143.87,150.10,153.00,143.01,113661,1697145120.00,6.85,2.89,4.22,2.33
2021-07-20,147.95,149.39,153.50,147.30,90052,1350412016.00,4.13,-0.47,-0.71,1.84
2021-07-21,149.39,153.11,155.28,147.98,109391,1660727136.00,4.89,2.49,3.72,2.24"]}});
