jQuery112402823351815161831_1626521459839({"rc":0,"rt":17,"svr":181669633,"lt":1,"full":0,"data":{"code":"003032
market":0,"name":"传智教育
decimal":2,"dktotal":127,"preKPrice":29.84,"klines":["2021-07-08,30.00,30.22,30.97,29.18,102586,308298688.00,6.00,1.27,0.38,25.49
2021-07-09,30.80,31.95,33.10,30.00,142443,450618368.00,10.26,5.72,1.73,35.39
2021-07-12,30.50,32.38,33.68,29.20,142615,449904544.00,14.02,1.35,0.43,35.44
2021-07-13,31.90,31.44,32.46,31.15,92876,293680720.00,4.05,-2.90,-0.94,23.08
2021-07-14,31.10,30.78,31.95,30.38,85252,264417416.00,4.99,-2.10,-0.66,21.18
2021-07-15,30.82,29.05,31.00,28.30,90011,264826095.00,8.77,-5.62,-1.73,22.37
2021-07-16,29.16,28.57,29.88,28.50,66152,192480595.00,4.75,-1.65,-0.48,16.44
2021-07-19,27.90,27.84,28.42,27.51,62786,175196517.00,3.19,-2.56,-0.73,15.60
2021-07-20,27.58,28.02,28.05,27.05,60717,167857321.00,3.59,0.65,0.18,15.09
2021-07-21,28.60,28.34,29.03,28.11,63175,180327695.00,3.28,1.14,0.32,15.70"]}});
