jQuery112402823351815161831_1626521459839({"rc":0,"rt":17,"svr":182482650,"lt":1,"full":0,"data":{"code":"002461
market":0,"name":"珠江啤酒
decimal":2,"dktotal":2603,"preKPrice":10.71,"klines":["2021-07-08,10.66,10.45,10.69,10.42,63958,67226068.00,2.52,-2.43,-0.26,0.29
2021-07-09,10.47,10.27,10.48,10.14,63391,65023090.00,3.25,-1.72,-0.18,0.29
2021-07-12,10.28,10.26,10.43,10.25,77708,80007886.00,1.75,-0.10,-0.01,0.35
2021-07-13,10.26,10.43,10.48,10.23,82010,85253709.00,2.44,1.66,0.17,0.37
2021-07-14,10.40,10.34,10.44,10.29,57212,59244366.00,1.44,-0.86,-0.09,0.26
2021-07-15,10.43,10.98,11.08,10.34,228476,246883528.00,7.16,6.19,0.64,1.03
2021-07-16,10.75,10.84,10.94,10.73,104957,113499054.00,1.91,-1.28,-0.14,0.47
2021-07-19,10.80,10.89,10.97,10.72,79575,86321896.00,2.31,0.46,0.05,0.36
2021-07-20,10.87,11.19,11.21,10.75,151856,168296211.00,4.22,2.75,0.30,0.69
2021-07-21,11.19,11.13,11.27,11.00,114215,126883348.00,2.41,-0.54,-0.06,0.52"]}});
