jQuery112402823351815161831_1626521459839({"rc":0,"rt":17,"svr":182482250,"lt":1,"full":0,"data":{"code":"002460
market":0,"name":"赣锋锂业
decimal":2,"dktotal":2572,"preKPrice":142.32,"klines":["2021-07-08,142.37,143.61,150.31,142.35,520069,7598671616.00,5.59,0.91,1.29,6.05
2021-07-09,143.61,151.71,155.80,142.08,516151,7737101056.00,9.55,5.64,8.10,6.01
2021-07-12,155.80,166.88,166.88,155.00,503572,8138196224.00,7.83,10.00,15.17,5.86
2021-07-13,166.88,169.70,170.71,162.00,388430,6458873600.00,5.22,1.69,2.82,4.52
2021-07-14,165.16,159.72,166.63,157.80,416878,6749159680.00,5.20,-5.88,-9.98,4.85
2021-07-15,163.00,167.79,169.50,160.66,466657,7724994304.00,5.53,5.05,8.07,5.43
2021-07-16,165.11,165.00,177.37,162.18,382883,6474092032.00,9.05,-1.66,-2.79,4.45
2021-07-19,168.00,166.61,177.30,160.50,519008,8800094720.00,10.18,0.98,1.61,6.04
2021-07-20,162.80,169.00,172.19,161.66,308421,5162110720.00,6.32,1.43,2.39,3.59
2021-07-21,174.30,185.90,185.90,172.22,362369,6534119936.00,8.09,10.00,16.90,4.22"]}});
