jQuery112402823351815161831_1626521459839({"rc":0,"rt":17,"svr":181669733,"lt":1,"full":0,"data":{"code":"002831
market":0,"name":"裕同科技
decimal":2,"dktotal":1118,"preKPrice":29.45,"klines":["2021-07-08,29.07,28.79,30.49,28.54,44954,132074084.00,6.62,-2.24,-0.66,0.86
2021-07-09,28.84,29.46,29.65,28.61,24718,72421204.00,3.61,2.33,0.67,0.48
2021-07-12,29.46,30.90,30.96,29.32,39077,118977228.00,5.57,4.89,1.44,0.75
2021-07-13,31.07,30.92,31.07,30.41,25603,78706998.00,2.14,0.06,0.02,0.49
2021-07-14,30.83,30.79,31.20,30.29,17705,54527662.00,2.94,-0.42,-0.13,0.34
2021-07-15,30.67,30.65,31.20,30.21,23086,70362734.00,3.22,-0.45,-0.14,0.44
2021-07-16,30.66,29.99,30.71,29.33,25497,76290915.00,4.50,-2.15,-0.66,0.49
2021-07-19,29.97,29.96,30.18,29.44,14670,43872717.00,2.47,-0.10,-0.03,0.28
2021-07-20,29.55,29.29,30.18,28.97,27344,80070340.00,4.04,-2.24,-0.67,0.53
2021-07-21,29.29,29.25,29.33,28.50,23913,69198219.00,2.83,-0.14,-0.04,0.46"]}});
