jQuery112402823351815161831_1626521459839({"rc":0,"rt":17,"svr":182481427,"lt":1,"full":0,"data":{"code":"600322
market":1,"name":"天房发展
decimal":2,"dktotal":4763,"preKPrice":1.89,"klines":["2021-07-08,1.89,1.87,1.90,1.86,56612,10611468.00,2.12,-1.06,-0.02,0.51
2021-07-09,1.87,1.89,1.90,1.86,33200,6234629.00,2.14,1.07,0.02,0.30
2021-07-12,1.90,1.89,1.91,1.88,63162,12001052.00,1.59,0.00,0.00,0.57
2021-07-13,1.89,1.90,1.91,1.88,41749,7901583.00,1.59,0.53,0.01,0.38
2021-07-14,1.90,1.87,1.91,1.87,77544,14582640.00,2.11,-1.58,-0.03,0.70
2021-07-15,1.87,1.85,1.88,1.83,56547,10466282.00,2.67,-1.07,-0.02,0.51
2021-07-16,1.85,1.85,1.87,1.84,37422,6948599.00,1.62,0.00,0.00,0.34
2021-07-19,1.86,1.84,1.86,1.83,42022,7726366.00,1.62,-0.54,-0.01,0.38
2021-07-20,1.84,1.81,1.84,1.79,71276,12897720.00,2.72,-1.63,-0.03,0.64
2021-07-21,1.81,1.82,1.83,1.80,64339,11694148.00,1.66,0.55,0.01,0.58"]}});
