jQuery112402823351815161831_1626521459839({"rc":0,"rt":17,"svr":181216787,"lt":1,"full":0,"data":{"code":"002290
market":0,"name":"禾盛新材
decimal":2,"dktotal":2739,"preKPrice":8.1,"klines":["2021-07-08,8.20,7.94,8.20,7.92,23076,18403204.00,3.46,-1.98,-0.16,1.07
2021-07-09,7.92,7.95,8.00,7.76,24829,19539945.00,3.02,0.13,0.01,1.15
2021-07-12,8.00,8.03,8.17,7.90,32004,25761064.00,3.40,1.01,0.08,1.48
2021-07-13,8.11,8.07,8.11,7.97,20030,16101267.00,1.74,0.50,0.04,0.93
2021-07-14,8.10,7.96,8.11,7.94,18708,15003780.00,2.11,-1.36,-0.11,0.86
2021-07-15,8.02,8.19,8.20,7.91,41809,33946639.00,3.64,2.89,0.23,1.93
2021-07-16,8.20,8.01,8.20,8.00,28172,22742331.00,2.44,-2.20,-0.18,1.30
2021-07-19,8.02,7.80,8.07,7.80,26760,21105004.00,3.37,-2.62,-0.21,1.24
2021-07-20,7.65,7.78,7.85,7.59,15133,11735918.00,3.33,-0.26,-0.02,0.70
2021-07-21,7.78,7.74,7.91,7.74,13048,10175759.00,2.19,-0.51,-0.04,0.60"]}});
