jQuery112402823351815161831_1626521459839({"rc":0,"rt":17,"svr":182481427,"lt":1,"full":0,"data":{"code":"002459
market":0,"name":"晶澳科技
decimal":2,"dktotal":2570,"preKPrice":48.88,"klines":["2021-07-08,50.58,49.06,52.50,48.61,281118,1408620688.00,7.96,0.37,0.18,4.41
2021-07-09,49.10,47.74,49.22,46.00,191153,905325648.00,6.56,-2.69,-1.32,3.00
2021-07-12,48.30,48.80,51.00,48.00,193831,952851808.00,6.28,2.22,1.06,3.04
2021-07-13,48.90,47.84,50.40,47.54,175595,854446576.00,5.86,-1.97,-0.96,2.75
2021-07-14,46.50,48.15,49.38,45.93,214663,1018081872.00,7.21,0.65,0.31,3.36
2021-07-15,47.99,52.97,52.97,46.82,293063,1477865008.00,12.77,10.01,4.82,4.59
2021-07-16,53.06,53.91,55.46,52.07,262295,1422312320.00,6.40,1.77,0.94,4.11
2021-07-19,53.75,51.70,54.37,50.60,194323,1012448768.00,6.99,-4.10,-2.21,3.04
2021-07-20,50.56,50.56,51.40,49.51,148487,747320736.00,3.66,-2.21,-1.14,2.33
2021-07-21,51.00,53.62,54.39,50.90,207703,1101185616.00,6.90,6.05,3.06,3.25"]}});
