jQuery112402823351815161831_1626521459839({"rc":0,"rt":17,"svr":181216787,"lt":1,"full":0,"data":{"code":"600843
market":1,"name":"上工申贝
decimal":2,"dktotal":6441,"preKPrice":6.43,"klines":["2021-07-08,6.43,6.53,6.55,6.38,37823,24444943.00,2.64,1.56,0.10,1.24
2021-07-09,6.46,6.44,6.54,6.40,35658,22985285.00,2.14,-1.38,-0.09,1.17
2021-07-12,6.49,6.43,6.55,6.40,30974,20028744.00,2.33,-0.16,-0.01,1.02
2021-07-13,6.45,6.48,6.53,6.41,31353,20282206.00,1.87,0.78,0.05,1.03
2021-07-14,6.50,6.63,6.63,6.45,38260,25160610.00,2.78,2.31,0.15,1.26
2021-07-15,6.69,6.50,6.75,6.40,31765,20636632.00,5.28,-1.96,-0.13,1.04
2021-07-16,6.60,6.62,6.69,6.51,37011,24433470.00,2.77,1.85,0.12,1.21
2021-07-19,6.60,6.44,6.60,6.42,34274,22144349.00,2.72,-2.72,-0.18,1.13
2021-07-20,6.37,6.46,6.48,6.28,26162,16608472.00,3.11,0.31,0.02,0.86
2021-07-21,6.46,6.44,6.54,6.38,18166,11730984.00,2.48,-0.31,-0.02,0.60"]}});
