jQuery112402823351815161831_1626521459839({"rc":0,"rt":17,"svr":181734975,"lt":1,"full":0,"data":{"code":"600869
market":1,"name":"远东股份
decimal":2,"dktotal":6233,"preKPrice":4.98,"klines":["2021-07-08,4.93,5.05,5.11,4.91,355484,178453264.00,4.02,1.41,0.07,1.60
2021-07-09,5.04,5.27,5.34,5.01,530219,276872912.00,6.53,4.36,0.22,2.39
2021-07-12,5.30,5.80,5.80,5.18,852776,473945760.00,11.76,10.06,0.53,3.84
2021-07-13,5.90,5.82,6.16,5.60,1029140,599676160.00,9.66,0.34,0.02,4.64
2021-07-14,5.73,5.38,5.78,5.36,701629,387901008.00,7.22,-7.56,-0.44,3.16
2021-07-15,5.40,5.38,5.47,5.28,373604,200943241.00,3.53,0.00,0.00,1.68
2021-07-16,5.37,5.50,5.65,5.25,454603,249608045.00,7.43,2.23,0.12,2.05
2021-07-19,5.45,5.23,5.56,5.20,479701,255864713.00,6.55,-4.91,-0.27,2.16
2021-07-20,5.18,5.42,5.50,5.17,328492,176976843.00,6.31,3.63,0.19,1.48
2021-07-21,5.46,5.67,5.69,5.43,439288,245591593.00,4.80,4.61,0.25,1.98"]}});
