jQuery112402823351815161831_1626521459839({"rc":0,"rt":17,"svr":181216787,"lt":1,"full":0,"data":{"code":"002335
market":0,"name":"科华数据
decimal":2,"dktotal":2677,"preKPrice":25.6,"klines":["2021-07-08,25.50,25.62,26.57,25.06,286252,738232960.00,5.90,0.08,0.02,7.24
2021-07-09,25.43,24.70,25.43,23.88,232080,569545344.00,6.05,-3.59,-0.92,5.87
2021-07-12,25.03,25.64,25.97,24.03,321069,802515872.00,7.85,3.81,0.94,8.13
2021-07-13,25.38,25.39,25.89,24.80,192272,486526400.00,4.25,-0.98,-0.25,4.87
2021-07-14,24.93,22.85,24.93,22.85,345154,799332944.00,8.19,-10.00,-2.54,8.74
2021-07-15,22.41,22.49,22.79,21.46,262773,580398576.00,5.82,-1.58,-0.36,6.65
2021-07-16,22.59,21.67,22.67,21.30,209605,463336368.00,6.09,-3.65,-0.82,5.30
2021-07-19,21.99,22.36,22.89,21.99,184244,415312688.00,4.15,3.18,0.69,4.66
2021-07-20,21.90,22.39,22.80,21.73,113363,253893125.00,4.79,0.13,0.03,2.87
2021-07-21,22.65,23.20,23.97,22.65,191926,449021600.00,5.90,3.62,0.81,4.86"]}});
