jQuery112402823351815161831_1626521459839({"rc":0,"rt":17,"svr":182482648,"lt":1,"full":0,"data":{"code":"600217
market":1,"name":"中再资环
decimal":2,"dktotal":4734,"preKPrice":5.12,"klines":["2021-07-08,5.15,5.09,5.26,5.09,233117,120471427.00,3.32,-0.59,-0.03,1.68
2021-07-09,5.03,5.26,5.35,4.96,284062,148068276.00,7.66,3.34,0.17,2.05
2021-07-12,5.27,5.23,5.27,5.18,183440,95830546.00,1.71,-0.57,-0.03,1.32
2021-07-13,5.23,5.38,5.43,5.18,303881,161811681.00,4.78,2.87,0.15,2.19
2021-07-14,5.38,5.29,5.38,5.28,128219,68195996.00,1.86,-1.67,-0.09,0.92
2021-07-15,5.32,5.30,5.36,5.21,153611,81167167.00,2.84,0.19,0.01,1.11
2021-07-16,5.27,5.28,5.33,5.26,105415,55775774.00,1.32,-0.38,-0.02,0.76
2021-07-19,5.28,5.22,5.28,5.16,85557,44500637.00,2.27,-1.14,-0.06,0.62
2021-07-20,5.17,5.21,5.23,5.17,47905,24881566.00,1.15,-0.19,-0.01,0.34
2021-07-21,5.21,5.26,5.28,5.16,114876,59956901.00,2.30,0.96,0.05,0.83"]}});
