jQuery112402823351815161831_1626521459839({"rc":0,"rt":17,"svr":181734976,"lt":1,"full":0,"data":{"code":"002631
market":0,"name":"德尔未来
decimal":2,"dktotal":2196,"preKPrice":6.23,"klines":["2021-07-08,6.26,6.20,6.26,6.13,34912,21582113.00,2.09,-0.48,-0.03,0.53
2021-07-09,6.20,6.15,6.20,6.09,29891,18347478.00,1.77,-0.81,-0.05,0.46
2021-07-12,6.20,6.25,6.27,6.14,47525,29451684.00,2.11,1.63,0.10,0.73
2021-07-13,6.24,6.23,6.34,6.13,41053,25705583.00,3.36,-0.32,-0.02,0.63
2021-07-14,6.24,6.36,6.42,6.15,74338,47045690.00,4.33,2.09,0.13,1.14
2021-07-15,6.41,6.30,6.46,6.18,66964,42077685.00,4.40,-0.94,-0.06,1.02
2021-07-16,6.35,6.34,6.45,6.24,55989,35514049.00,3.33,0.63,0.04,0.86
2021-07-19,6.34,6.40,6.41,6.26,45738,29022189.00,2.37,0.95,0.06,0.70
2021-07-20,6.35,6.44,6.50,6.29,70719,45265042.00,3.28,0.63,0.04,1.08
2021-07-21,6.43,6.41,6.45,6.34,56202,35901308.00,1.71,-0.47,-0.03,0.86"]}});
