jQuery112402823351815161831_1626521459839({"rc":0,"rt":17,"svr":182482648,"lt":1,"full":0,"data":{"code":"002416
market":0,"name":"爱施德
decimal":2,"dktotal":2633,"preKPrice":11.59,"klines":["2021-07-08,11.47,11.26,11.83,11.12,268609,306170592.00,6.13,-2.85,-0.33,2.20
2021-07-09,11.26,11.15,11.38,11.03,173363,192878908.00,3.11,-0.98,-0.11,1.42
2021-07-12,11.13,11.29,11.49,11.06,214146,241606684.00,3.86,1.26,0.14,1.75
2021-07-13,11.41,11.48,11.69,11.23,207790,237804393.00,4.07,1.68,0.19,1.70
2021-07-14,11.40,11.81,12.10,11.32,352167,413780720.00,6.79,2.87,0.33,2.88
2021-07-15,11.82,11.68,12.17,11.50,299138,352302064.00,5.67,-1.10,-0.13,2.45
2021-07-16,11.63,11.01,11.65,10.83,369533,410465472.00,7.02,-5.74,-0.67,3.02
2021-07-19,10.84,11.04,11.23,10.59,214491,236010504.00,5.81,0.27,0.03,1.75
2021-07-20,10.90,11.04,11.10,10.74,139783,152412028.00,3.26,0.00,0.00,1.14
2021-07-21,11.08,11.14,11.35,11.07,137390,153571218.00,2.54,0.91,0.10,1.12"]}});
