jQuery112402823351815161831_1626521459839({"rc":0,"rt":17,"svr":182481597,"lt":1,"full":0,"data":{"code":"600741
market":1,"name":"华域汽车
decimal":2,"dktotal":5874,"preKPrice":24.23,"klines":["2021-07-08,24.26,24.26,24.54,24.10,164691,399906768.00,1.82,0.12,0.03,0.52
2021-07-09,24.20,23.70,24.20,23.51,260621,618704464.00,2.84,-2.31,-0.56,0.83
2021-07-12,23.90,24.19,24.46,23.67,198190,478432848.00,3.33,2.07,0.49,0.63
2021-07-13,24.20,24.26,24.55,23.98,152012,368400880.00,2.36,0.29,0.07,0.48
2021-07-14,24.20,23.81,24.20,23.60,156681,372555600.00,2.47,-1.85,-0.45,0.50
2021-07-15,23.70,22.59,23.73,22.00,507144,1139833008.00,7.27,-5.12,-1.22,1.61
2021-07-16,22.30,22.65,22.88,22.26,160413,364169936.00,2.74,0.27,0.06,0.51
2021-07-19,22.50,22.79,22.80,22.04,180675,404890576.00,3.36,0.62,0.14,0.57
2021-07-20,22.80,22.31,22.80,22.12,127672,285449920.00,2.98,-2.11,-0.48,0.40
2021-07-21,22.26,22.31,22.59,22.25,125444,280826224.00,1.52,0.00,0.00,0.40"]}});
