jQuery112402823351815161831_1626521459839({"rc":0,"rt":17,"svr":182480525,"lt":1,"full":0,"data":{"code":"600037
market":1,"name":"歌华有线
decimal":2,"dktotal":4889,"preKPrice":8.83,"klines":["2021-07-08,8.84,8.58,8.84,8.55,154400,133077258.00,3.28,-2.83,-0.25,1.11
2021-07-09,8.56,8.58,8.64,8.46,106049,90522377.00,2.10,0.00,0.00,0.76
2021-07-12,8.61,8.62,8.73,8.58,108833,94101340.00,1.75,0.47,0.04,0.78
2021-07-13,8.59,8.68,8.70,8.50,100122,86197615.00,2.32,0.70,0.06,0.72
2021-07-14,8.64,8.54,8.69,8.53,75600,64966580.00,1.84,-1.61,-0.14,0.54
2021-07-15,8.50,8.46,8.53,8.38,74437,62796219.00,1.76,-0.94,-0.08,0.53
2021-07-16,8.46,8.39,8.51,8.36,60836,51135233.00,1.77,-0.83,-0.07,0.44
2021-07-19,8.40,8.49,8.53,8.27,73944,62118335.00,3.10,1.19,0.10,0.53
2021-07-20,8.45,8.44,8.46,8.38,46759,39377311.00,0.94,-0.59,-0.05,0.34
2021-07-21,8.40,8.39,8.49,8.38,68412,57752040.00,1.30,-0.59,-0.05,0.49"]}});
