jQuery112402823351815161831_1626521459839({"rc":0,"rt":17,"svr":182481427,"lt":1,"full":0,"data":{"code":"600033
market":1,"name":"福建高速
decimal":2,"dktotal":4919,"preKPrice":2.65,"klines":["2021-07-08,2.65,2.64,2.66,2.63,30632,8108015.00,1.13,-0.38,-0.01,0.11
2021-07-09,2.63,2.65,2.65,2.63,23518,6210377.00,0.76,0.38,0.01,0.09
2021-07-12,2.65,2.63,2.66,2.60,103372,27187251.00,2.26,-0.75,-0.02,0.38
2021-07-13,2.62,2.62,2.63,2.61,36456,9537258.00,0.76,-0.38,-0.01,0.13
2021-07-14,2.61,2.60,2.62,2.60,36417,9495305.00,0.76,-0.76,-0.02,0.13
2021-07-15,2.61,2.60,2.61,2.59,32999,8557214.00,0.77,0.00,0.00,0.12
2021-07-16,2.59,2.59,2.60,2.58,25920,6718189.00,0.77,-0.38,-0.01,0.09
2021-07-19,2.58,2.59,2.59,2.57,38991,10038857.00,0.77,0.00,0.00,0.14
2021-07-20,2.58,2.57,2.58,2.56,32204,8272805.00,0.77,-0.77,-0.02,0.12
2021-07-21,2.57,2.58,2.60,2.57,48323,12490338.00,1.17,0.39,0.01,0.18"]}});
