jQuery112402823351815161831_1626521459839({"rc":0,"rt":17,"svr":181669733,"lt":1,"full":0,"data":{"code":"002885
market":0,"name":"京泉华
decimal":2,"dktotal":989,"preKPrice":16.38,"klines":["2021-07-08,16.26,15.68,16.26,15.42,93771,147033155.00,5.13,-4.27,-0.70,7.86
2021-07-09,15.56,15.33,15.72,15.15,63024,96550663.00,3.64,-2.23,-0.35,5.29
2021-07-12,15.30,15.53,15.76,15.13,56505,87409311.00,4.11,1.30,0.20,4.74
2021-07-13,15.50,15.19,15.50,15.01,49932,75732153.00,3.16,-2.19,-0.34,4.19
2021-07-14,15.10,15.32,15.52,14.86,45913,69939067.00,4.34,0.86,0.13,3.85
2021-07-15,15.40,14.76,15.40,14.53,57310,84634829.00,5.68,-3.66,-0.56,4.81
2021-07-16,14.60,14.56,14.92,14.54,36365,53345635.00,2.57,-1.36,-0.20,3.05
2021-07-19,14.41,14.00,14.50,13.10,44825,62588247.00,9.62,-3.85,-0.56,3.76
2021-07-20,13.94,13.86,14.07,13.72,27257,37746893.00,2.50,-1.00,-0.14,2.29
2021-07-21,13.90,14.19,14.48,13.90,38903,55420134.00,4.18,2.38,0.33,3.26"]}});
