jQuery112402823351815161831_1626521459839({"rc":0,"rt":17,"svr":182480525,"lt":1,"full":0,"data":{"code":"002377
market":0,"name":"国创高新
decimal":2,"dktotal":2540,"preKPrice":3.3,"klines":["2021-07-08,3.30,3.26,3.30,3.24,38024,12389608.00,1.82,-1.21,-0.04,0.42
2021-07-09,3.29,3.28,3.34,3.26,34782,11468148.00,2.45,0.61,0.02,0.38
2021-07-12,3.30,3.29,3.38,3.27,62573,20696853.00,3.35,0.30,0.01,0.68
2021-07-13,3.28,3.28,3.30,3.26,44450,14556822.00,1.22,-0.30,-0.01,0.49
2021-07-14,3.29,3.25,3.30,3.23,32716,10635620.00,2.13,-0.91,-0.03,0.36
2021-07-15,3.26,3.22,3.26,3.19,36303,11678433.00,2.15,-0.92,-0.03,0.40
2021-07-16,3.22,3.19,3.25,3.18,26977,8649891.00,2.17,-0.93,-0.03,0.29
2021-07-19,3.24,3.17,3.24,3.14,32694,10395534.00,3.13,-0.63,-0.02,0.36
2021-07-20,3.17,3.25,3.30,3.14,51526,16532674.00,5.05,2.52,0.08,0.56
2021-07-21,3.24,3.19,3.25,3.17,30270,9682335.00,2.46,-1.85,-0.06,0.33"]}});
