jQuery112402823351815161831_1626521459839({"rc":0,"rt":17,"svr":181216787,"lt":1,"full":0,"data":{"code":"003036
market":0,"name":"泰坦股份
decimal":2,"dktotal":115,"preKPrice":14.34,"klines":["2021-07-08,14.41,14.11,14.41,14.03,31798,45020085.00,2.65,-1.60,-0.23,5.89
2021-07-09,14.09,14.19,14.30,13.91,25732,36366172.00,2.76,0.57,0.08,4.77
2021-07-12,14.19,14.31,14.50,14.19,26881,38583948.00,2.18,0.85,0.12,4.98
2021-07-13,14.22,14.49,14.75,14.05,48578,69919109.00,4.89,1.26,0.18,9.00
2021-07-14,14.40,14.97,15.24,14.30,75073,111959300.00,6.49,3.31,0.48,13.90
2021-07-15,14.97,14.39,14.97,14.32,44042,63705384.00,4.34,-3.87,-0.58,8.16
2021-07-16,14.32,14.12,14.32,14.10,29479,41719645.00,1.53,-1.88,-0.27,5.46
2021-07-19,14.12,13.82,14.18,13.80,23714,32949495.00,2.69,-2.12,-0.30,4.39
2021-07-20,13.89,13.55,13.89,13.33,28414,38341018.00,4.05,-1.95,-0.27,5.26
2021-07-21,13.55,13.72,13.98,13.55,24933,34347137.00,3.17,1.25,0.17,4.62"]}});
