jQuery112402823351815161831_1626521459839({"rc":0,"rt":17,"svr":182481599,"lt":1,"full":0,"data":{"code":"600981
market":1,"name":"汇鸿集团
decimal":2,"dktotal":3930,"preKPrice":3.03,"klines":["2021-07-08,3.03,3.03,3.05,3.01,35647,10782376.00,1.32,0.00,0.00,0.16
2021-07-09,3.00,3.01,3.02,2.97,50236,15068157.00,1.65,-0.66,-0.02,0.22
2021-07-12,3.02,3.04,3.07,3.01,74904,22802324.00,1.99,1.00,0.03,0.33
2021-07-13,3.04,3.03,3.05,3.01,51406,15541553.00,1.32,-0.33,-0.01,0.23
2021-07-14,3.03,2.99,3.03,2.99,46887,14099374.00,1.32,-1.32,-0.04,0.21
2021-07-15,2.98,2.97,2.99,2.96,41025,12204004.00,1.00,-0.67,-0.02,0.18
2021-07-16,2.97,2.98,2.99,2.96,35911,10689913.00,1.01,0.34,0.01,0.16
2021-07-19,2.97,2.96,2.98,2.93,51066,15081867.00,1.68,-0.67,-0.02,0.23
2021-07-20,2.96,2.98,3.00,2.94,30305,9022279.00,2.03,0.68,0.02,0.14
2021-07-21,3.00,2.99,3.01,2.97,46391,13839869.00,1.34,0.34,0.01,0.21"]}});
