jQuery112402823351815161831_1626521459839({"rc":0,"rt":17,"svr":182482648,"lt":1,"full":0,"data":{"code":"600038
market":1,"name":"中直股份
decimal":2,"dktotal":4838,"preKPrice":49.99,"klines":["2021-07-08,49.94,51.41,51.85,49.70,76916,393711152.00,4.30,2.84,1.42,1.30
2021-07-09,51.30,50.95,51.55,50.50,48167,245379221.00,2.04,-0.89,-0.46,0.82
2021-07-12,50.94,51.29,51.69,50.25,45099,230393044.00,2.83,0.67,0.34,0.77
2021-07-13,51.50,50.55,52.00,50.02,50800,257910686.00,3.86,-1.44,-0.74,0.86
2021-07-14,50.24,50.18,50.89,49.11,56682,283102640.00,3.52,-0.73,-0.37,0.96
2021-07-15,50.36,49.68,50.70,49.20,38984,193730899.00,2.99,-1.00,-0.50,0.66
2021-07-16,49.79,51.55,52.45,49.66,100939,519338976.00,5.62,3.76,1.87,1.71
2021-07-19,51.60,51.40,52.38,50.82,74174,382230288.00,3.03,-0.29,-0.15,1.26
2021-07-20,51.04,51.98,52.50,50.90,70400,364678656.00,3.11,1.13,0.58,1.19
2021-07-21,51.72,52.30,52.57,51.60,60681,316465952.00,1.87,0.62,0.32,1.03"]}});
