jQuery112402823351815161831_1626521459839({"rc":0,"rt":17,"svr":181734974,"lt":1,"full":0,"data":{"code":"600821
market":1,"name":"金开新能
decimal":2,"dktotal":6546,"preKPrice":5.7,"klines":["2021-07-08,5.66,5.55,5.72,5.51,131240,73551493.00,3.68,-2.63,-0.15,2.43
2021-07-09,5.56,5.67,5.76,5.40,151107,83843931.00,6.49,2.16,0.12,2.79
2021-07-12,5.66,5.61,5.84,5.55,158587,89778353.00,5.11,-1.06,-0.06,2.93
2021-07-13,5.59,5.72,5.75,5.47,142025,80045712.00,4.99,1.96,0.11,2.62
2021-07-14,5.73,5.60,5.84,5.59,128266,73224375.00,4.37,-2.10,-0.12,2.37
2021-07-15,5.55,5.60,5.63,5.47,87929,48624627.00,2.86,0.00,0.00,1.62
2021-07-16,5.60,5.59,5.71,5.53,80319,45187365.00,3.21,-0.18,-0.01,1.48
2021-07-19,5.56,5.31,5.57,5.29,156303,84413912.00,5.01,-5.01,-0.28,2.89
2021-07-20,5.23,5.35,5.40,5.18,102900,54310721.00,4.14,0.75,0.04,1.90
2021-07-21,5.40,5.36,5.45,5.31,81121,43521306.00,2.62,0.19,0.01,1.50"]}});
