jQuery112402823351815161831_1626521459839({"rc":0,"rt":17,"svr":181216957,"lt":1,"full":0,"data":{"code":"002842
market":0,"name":"翔鹭钨业
decimal":2,"dktotal":1091,"preKPrice":9.46,"klines":["2021-07-08,9.46,9.41,9.65,9.35,53690,50910635.00,3.17,-0.53,-0.05,2.53
2021-07-09,9.36,9.88,9.98,9.34,118956,115941794.00,6.80,4.99,0.47,5.61
2021-07-12,9.97,10.19,10.83,9.91,163439,169104332.00,9.31,3.14,0.31,7.70
2021-07-13,10.03,10.00,10.38,9.90,76966,77168136.00,4.71,-1.86,-0.19,3.63
2021-07-14,9.89,9.95,10.42,9.76,103627,104238601.00,6.60,-0.50,-0.05,4.88
2021-07-15,9.85,10.25,10.30,9.66,114079,114604715.00,6.43,3.02,0.30,4.87
2021-07-16,10.18,10.14,10.44,10.01,90977,93075935.00,4.20,-1.07,-0.11,3.89
2021-07-19,10.10,10.38,10.63,10.02,101663,105712166.00,6.02,2.37,0.24,4.34
2021-07-20,10.30,10.59,10.86,10.21,103742,110043832.00,6.26,2.02,0.21,4.43
2021-07-21,10.51,10.60,10.78,10.44,100899,107278064.00,3.21,0.09,0.01,4.31"]}});
