jQuery112402823351815161831_1626521459839({"rc":0,"rt":17,"svr":181216787,"lt":1,"full":0,"data":{"code":"002910
market":0,"name":"庄园牧场
decimal":2,"dktotal":905,"preKPrice":11.49,"klines":["2021-07-08,11.40,11.21,11.40,11.05,71402,79909543.00,3.05,-2.44,-0.28,4.17
2021-07-09,11.20,11.14,11.22,10.89,58777,64750772.00,2.94,-0.62,-0.07,3.44
2021-07-12,11.27,11.32,11.55,11.17,68390,77335637.00,3.41,1.62,0.18,4.00
2021-07-13,11.24,11.19,11.31,11.08,41845,46761525.00,2.03,-1.15,-0.13,2.45
2021-07-14,11.18,11.07,11.18,10.95,43469,47946076.00,2.06,-1.07,-0.12,2.54
2021-07-15,10.93,10.39,10.93,10.34,74020,77915440.00,5.33,-6.14,-0.68,4.33
2021-07-16,10.31,10.43,10.49,10.23,32422,33705312.00,2.50,0.38,0.04,1.90
2021-07-19,10.45,10.10,10.48,10.05,46152,47018406.00,4.12,-3.16,-0.33,2.70
2021-07-20,10.10,10.26,10.26,9.98,32911,33187178.00,2.77,1.58,0.16,1.92
2021-07-21,10.34,10.32,10.44,10.23,30763,31744150.00,2.05,0.58,0.06,1.80"]}});
