jQuery112402823351815161831_1626521459839({"rc":0,"rt":17,"svr":181216787,"lt":1,"full":0,"data":{"code":"600817
market":1,"name":"宏盛科技
decimal":2,"dktotal":5428,"preKPrice":14.05,"klines":["2021-07-08,13.92,14.16,14.29,13.92,15928,22495985.00,2.63,0.78,0.11,0.86
2021-07-09,14.11,13.95,14.23,13.93,13389,18812960.00,2.12,-1.48,-0.21,0.73
2021-07-12,14.20,14.33,14.35,14.05,16305,23158226.00,2.15,2.72,0.38,0.89
2021-07-13,14.33,14.55,14.75,14.30,15823,23026089.00,3.14,1.54,0.22,0.86
2021-07-14,14.59,15.09,15.32,14.46,22309,33315758.00,5.91,3.71,0.54,1.21
2021-07-15,15.06,14.59,15.06,14.40,16406,24121113.00,4.37,-3.31,-0.50,0.89
2021-07-16,14.58,14.81,15.19,14.58,12242,18249441.00,4.18,1.51,0.22,0.66
2021-07-19,14.81,14.40,14.97,14.00,13981,20245148.00,6.55,-2.77,-0.41,0.76
2021-07-20,14.36,14.48,14.63,14.25,7725,11169442.00,2.64,0.56,0.08,0.42
2021-07-21,14.42,14.45,14.77,14.30,11230,16306153.00,3.25,-0.21,-0.03,0.61"]}});
