jQuery112402823351815161831_1626521459839({"rc":0,"rt":17,"svr":182480525,"lt":1,"full":0,"data":{"code":"002391
market":0,"name":"长青股份
decimal":2,"dktotal":2730,"preKPrice":6.89,"klines":["2021-07-08,6.87,6.86,6.88,6.80,33402,22817113.00,1.16,-0.44,-0.03,0.72
2021-07-09,6.85,6.86,6.88,6.80,18693,12789361.00,1.17,0.00,0.00,0.40
2021-07-12,6.89,6.89,6.97,6.87,35669,24626335.00,1.46,0.44,0.03,0.77
2021-07-13,6.85,6.89,6.90,6.82,37914,25967390.00,1.16,0.00,0.00,0.82
2021-07-14,6.88,7.11,7.17,6.86,138274,97522773.00,4.50,3.19,0.22,2.99
2021-07-15,7.11,6.98,7.13,6.97,81408,57280423.00,2.25,-1.83,-0.13,1.76
2021-07-16,6.98,6.93,7.00,6.93,51182,35610661.00,1.00,-0.72,-0.05,1.11
2021-07-19,6.93,6.88,6.96,6.82,35512,24398410.00,2.02,-0.72,-0.05,0.77
2021-07-20,6.86,6.89,6.90,6.82,20270,13906960.00,1.16,0.15,0.01,0.44
2021-07-21,6.89,6.92,6.93,6.88,24428,16875312.00,0.73,0.44,0.03,0.53"]}});
