jQuery112402823351815161831_1626521459839({"rc":0,"rt":17,"svr":182482651,"lt":1,"full":0,"data":{"code":"600995
market":1,"name":"文山电力
decimal":2,"dktotal":4049,"preKPrice":6.98,"klines":["2021-07-08,6.99,6.92,7.07,6.90,26512,18454979.00,2.44,-0.86,-0.06,0.55
2021-07-09,6.91,6.94,6.94,6.87,32519,22428616.00,1.01,0.29,0.02,0.68
2021-07-12,6.94,6.89,7.00,6.88,48502,33580165.00,1.73,-0.72,-0.05,1.01
2021-07-13,6.90,6.99,6.99,6.80,49177,33934448.00,2.76,1.45,0.10,1.03
2021-07-14,6.98,7.02,7.17,6.97,66685,47111060.00,2.86,0.43,0.03,1.39
2021-07-15,6.98,6.91,6.99,6.84,34664,23883435.00,2.14,-1.57,-0.11,0.72
2021-07-16,6.91,6.89,6.94,6.87,30309,20891762.00,1.01,-0.29,-0.02,0.63
2021-07-19,6.88,6.86,6.92,6.83,19854,13622506.00,1.31,-0.44,-0.03,0.41
2021-07-20,6.84,6.86,6.86,6.80,20151,13743554.00,0.87,0.00,0.00,0.42
2021-07-21,6.87,6.86,6.91,6.85,19517,13414288.00,0.87,0.00,0.00,0.41"]}});
