jQuery112402823351815161831_1626521459839({"rc":0,"rt":17,"svr":181216787,"lt":1,"full":0,"data":{"code":"002536
market":0,"name":"飞龙股份
decimal":2,"dktotal":2543,"preKPrice":7.89,"klines":["2021-07-08,8.13,8.02,8.54,8.01,378958,312486272.00,6.72,1.65,0.13,8.04
2021-07-09,7.90,8.15,8.20,7.76,250675,201529194.00,5.49,1.62,0.13,5.32
2021-07-12,8.10,8.14,8.24,8.09,225543,183848926.00,1.84,-0.12,-0.01,4.79
2021-07-13,8.10,8.11,8.15,7.94,182562,146631651.00,2.58,-0.37,-0.03,3.88
2021-07-14,8.05,8.26,8.34,7.98,269513,221214657.00,4.44,1.85,0.15,5.72
2021-07-15,8.28,8.19,8.65,8.16,288355,240223187.00,5.93,-0.85,-0.07,6.12
2021-07-16,8.13,8.11,8.25,7.98,188652,152979126.00,3.30,-0.98,-0.08,4.00
2021-07-19,8.13,7.83,8.22,7.81,192304,152739838.00,5.06,-3.45,-0.28,4.08
2021-07-20,7.70,8.61,8.61,7.68,403913,333212368.00,11.88,9.96,0.78,8.57
2021-07-21,8.73,8.61,8.79,8.46,501098,432754240.00,3.83,0.00,0.00,10.64"]}});
