jQuery112402823351815161831_1626521459839({"rc":0,"rt":17,"svr":182481159,"lt":1,"full":0,"data":{"code":"600189
market":1,"name":"泉阳泉
decimal":2,"dktotal":5156,"preKPrice":11.89,"klines":["2021-07-08,11.82,11.68,12.08,11.63,136084,161105784.00,3.78,-1.77,-0.21,1.98
2021-07-09,11.56,11.46,11.67,11.32,116876,133766394.00,3.00,-1.88,-0.22,1.70
2021-07-12,11.26,11.35,11.60,11.26,102103,116440863.00,2.97,-0.96,-0.11,1.48
2021-07-13,11.36,11.55,11.64,11.29,120276,138215400.00,3.08,1.76,0.20,1.75
2021-07-14,11.50,11.76,11.89,11.36,167200,195703159.00,4.59,1.82,0.21,2.43
2021-07-15,11.60,11.45,11.71,11.34,122162,140221233.00,3.15,-2.64,-0.31,1.77
2021-07-16,11.35,11.18,11.46,11.17,127502,143742628.00,2.53,-2.36,-0.27,1.85
2021-07-19,11.04,11.07,11.17,11.00,72358,80158425.00,1.52,-0.98,-0.11,1.05
2021-07-20,11.03,11.42,11.70,11.00,142844,162978594.00,6.32,3.16,0.35,2.08
2021-07-21,11.38,11.24,11.48,11.18,105793,119580624.00,2.63,-1.58,-0.18,1.54"]}});
