jQuery112402823351815161831_1626521459839({"rc":0,"rt":17,"svr":181669475,"lt":1,"full":0,"data":{"code":"002663
market":0,"name":"普邦股份
decimal":2,"dktotal":2044,"preKPrice":1.78,"klines":["2021-07-08,1.78,1.77,1.79,1.76,47298,8387232.00,1.69,-0.56,-0.01,0.36
2021-07-09,1.77,1.79,1.79,1.75,87252,15492780.00,2.26,1.13,0.02,0.67
2021-07-12,1.79,1.78,1.81,1.78,98810,17716563.00,1.68,-0.56,-0.01,0.75
2021-07-13,1.78,1.81,1.81,1.77,114119,20524088.00,2.25,1.69,0.03,0.87
2021-07-14,1.80,1.82,1.85,1.79,148088,27054781.00,3.31,0.55,0.01,1.13
2021-07-15,1.83,1.82,1.84,1.80,105935,19282829.00,2.20,0.00,0.00,0.81
2021-07-16,1.83,1.83,1.85,1.82,91287,16720464.00,1.65,0.55,0.01,0.70
2021-07-19,1.82,1.86,1.87,1.80,196084,36145476.00,3.83,1.64,0.03,1.50
2021-07-20,1.84,1.84,1.85,1.82,90319,16563485.00,1.61,-1.08,-0.02,0.69
2021-07-21,1.83,1.85,1.86,1.83,106009,19572344.00,1.63,0.54,0.01,0.81"]}});
