jQuery112402823351815161831_1626521459839({"rc":0,"rt":17,"svr":181216787,"lt":1,"full":0,"data":{"code":"002916
market":0,"name":"深南电路
decimal":2,"dktotal":874,"preKPrice":107.57,"klines":["2021-07-08,108.30,107.99,108.60,106.69,39210,421686848.00,1.78,0.39,0.42,0.81
2021-07-09,106.98,108.90,109.33,103.00,60669,646137312.00,5.86,0.84,0.91,1.26
2021-07-12,108.87,106.89,109.76,106.70,41934,451218448.00,2.81,-1.85,-2.01,0.87
2021-07-13,106.36,113.22,114.60,105.51,82987,919700480.00,8.50,5.92,6.33,1.72
2021-07-14,112.10,110.10,116.71,109.98,64223,729835824.00,5.94,-2.76,-3.12,1.33
2021-07-15,110.50,109.10,112.87,107.70,39921,438269424.00,4.70,-0.91,-1.00,0.83
2021-07-16,109.21,109.26,110.53,106.68,39829,432597840.00,3.53,0.15,0.16,0.82
2021-07-19,109.27,114.12,115.99,107.60,58010,655047856.00,7.68,4.45,4.86,1.20
2021-07-20,114.00,113.10,114.00,111.10,38487,432098288.00,2.54,-0.89,-1.02,0.80
2021-07-21,113.78,114.05,115.83,112.01,42998,490900880.00,3.38,0.84,0.95,0.89"]}});
