jQuery112402823351815161831_1626521459839({"rc":0,"rt":17,"svr":182482249,"lt":1,"full":0,"data":{"code":"002402
market":0,"name":"和而泰
decimal":2,"dktotal":2694,"preKPrice":25.8,"klines":["2021-07-08,26.00,25.68,26.25,25.50,233736,603986464.00,2.91,-0.47,-0.12,2.92
2021-07-09,25.65,25.22,25.89,24.82,225842,568736704.00,4.17,-1.79,-0.46,2.82
2021-07-12,25.55,25.91,26.18,25.12,231298,596429888.00,4.20,2.74,0.69,2.88
2021-07-13,25.86,26.20,26.46,25.50,226860,592178640.00,3.71,1.12,0.29,2.83
2021-07-14,26.15,25.66,26.15,25.33,188924,485594944.00,3.13,-2.06,-0.54,2.36
2021-07-15,25.51,25.74,26.08,25.23,148005,379040672.00,3.31,0.31,0.08,1.85
2021-07-16,25.87,25.46,26.36,25.32,201302,520801552.00,4.04,-1.09,-0.28,2.51
2021-07-19,25.14,26.32,26.44,25.08,216224,560824688.00,5.34,3.38,0.86,2.70
2021-07-20,26.00,27.00,27.08,25.82,221852,586687104.00,4.79,2.58,0.68,2.77
2021-07-21,27.09,26.81,27.50,26.76,196804,531336816.00,2.74,-0.70,-0.19,2.45"]}});
