jQuery112402823351815161831_1626521459839({"rc":0,"rt":17,"svr":181734975,"lt":1,"full":0,"data":{"code":"002667
market":0,"name":"鞍重股份
decimal":2,"dktotal":2085,"preKPrice":15.75,"klines":["2021-07-08,15.86,16.84,17.16,15.85,84513,140217750.00,8.32,6.92,1.09,3.66
2021-07-09,17.00,17.08,17.20,16.40,65505,110703885.00,4.75,1.43,0.24,2.84
2021-07-12,17.10,18.65,18.79,17.10,97553,178142907.00,9.89,9.19,1.57,4.22
2021-07-13,18.57,18.89,19.34,18.30,86562,162733529.00,5.58,1.29,0.24,3.75
2021-07-14,19.00,18.39,19.42,18.30,65733,123278333.00,5.93,-2.65,-0.50,2.85
2021-07-15,18.68,18.68,18.90,18.00,54894,100743174.00,4.89,1.58,0.29,2.38
2021-07-16,18.87,18.43,19.09,18.33,48984,91806939.00,4.07,-1.34,-0.25,2.12
2021-07-19,18.42,18.12,18.60,17.88,44586,81088112.00,3.91,-1.68,-0.31,1.93
2021-07-20,18.67,17.65,18.79,17.47,27708,49364594.00,7.28,-2.59,-0.47,1.20
2021-07-21,17.46,18.91,18.97,17.34,52695,96472904.00,9.24,7.14,1.26,2.28"]}});
