jQuery112402823351815161831_1626521459839({"rc":0,"rt":17,"svr":182482248,"lt":1,"full":0,"data":{"code":"600722
market":1,"name":"金牛化工
decimal":2,"dktotal":5667,"preKPrice":6.25,"klines":["2021-07-08,6.21,6.07,6.29,6.06,186251,114455354.00,3.68,-2.88,-0.18,2.74
2021-07-09,6.04,6.32,6.38,5.99,261061,163252094.00,6.43,4.12,0.25,3.84
2021-07-12,6.45,6.57,6.66,6.35,379405,248127273.00,4.91,3.96,0.25,5.58
2021-07-13,6.51,6.60,6.64,6.41,282353,184809027.00,3.50,0.46,0.03,4.15
2021-07-14,6.68,6.57,6.72,6.48,263938,174213053.00,3.64,-0.45,-0.03,3.88
2021-07-15,6.45,6.71,6.72,6.40,334963,222623989.00,4.87,2.13,0.14,4.92
2021-07-16,6.75,6.76,6.95,6.60,437997,298170016.00,5.22,0.75,0.05,6.44
2021-07-19,6.76,6.55,6.85,6.53,278289,184518612.00,4.73,-3.11,-0.21,4.09
2021-07-20,6.40,6.51,6.53,6.26,188296,120730914.00,4.12,-0.61,-0.04,2.77
2021-07-21,6.50,6.47,6.66,6.41,199267,129708073.00,3.84,-0.61,-0.04,2.93"]}});
