jQuery112402823351815161831_1626521459839({"rc":0,"rt":17,"svr":181216787,"lt":1,"full":0,"data":{"code":"002736
market":0,"name":"国信证券
decimal":2,"dktotal":1591,"preKPrice":10.58,"klines":["2021-07-08,10.68,10.49,10.69,10.47,181569,191561913.00,2.08,-0.85,-0.09,0.21
2021-07-09,10.44,10.54,10.61,10.41,157469,165749909.00,1.91,0.48,0.05,0.18
2021-07-12,10.69,10.68,10.82,10.61,252373,270249248.00,1.99,1.33,0.14,0.29
2021-07-13,10.66,10.92,10.94,10.62,300940,326452864.00,3.00,2.25,0.24,0.34
2021-07-14,10.88,10.88,10.96,10.73,224186,243230452.00,2.11,-0.37,-0.04,0.25
2021-07-15,10.85,10.94,10.96,10.72,227335,247512874.00,2.21,0.55,0.06,0.26
2021-07-16,10.99,10.95,11.09,10.86,201678,221102991.00,2.10,0.09,0.01,0.23
2021-07-19,10.89,11.01,11.05,10.76,212649,232323914.00,2.65,0.55,0.06,0.24
2021-07-20,10.95,11.08,11.09,10.88,191251,210672049.00,1.91,0.64,0.07,0.22
2021-07-21,11.09,11.10,11.23,10.98,214283,237941860.00,2.26,0.18,0.02,0.24"]}});
