jQuery112402823351815161831_1626521459839({"rc":0,"rt":17,"svr":181669475,"lt":1,"full":0,"data":{"code":"002568
market":0,"name":"百润股份
decimal":2,"dktotal":2438,"preKPrice":83.53,"klines":["2021-07-08,83.04,80.68,83.79,79.60,45475,370093504.00,5.02,-3.41,-2.85,0.89
2021-07-09,80.12,77.61,80.12,75.06,61686,475280432.00,6.27,-3.81,-3.07,1.20
2021-07-12,77.00,78.73,79.90,72.23,67761,518992128.00,9.88,1.44,1.12,1.32
2021-07-13,79.68,82.40,83.66,79.22,58732,482685856.00,5.64,4.66,3.67,1.15
2021-07-14,81.67,83.03,84.00,79.98,51543,424926928.00,4.88,0.76,0.63,1.01
2021-07-15,82.50,87.97,88.20,82.50,63393,549207232.00,6.86,5.95,4.94,1.24
2021-07-16,88.15,84.46,88.50,84.17,47306,404075728.00,4.92,-3.99,-3.51,0.92
2021-07-19,83.50,85.33,86.84,82.64,34667,296503920.00,4.97,1.03,0.87,0.68
2021-07-20,84.83,85.42,86.18,83.43,30109,255574702.00,3.22,0.11,0.09,0.59
2021-07-21,85.41,85.18,86.42,84.49,43808,374028752.00,2.26,-0.28,-0.24,0.86"]}});
