jQuery112402823351815161831_1626521459839({"rc":0,"rt":17,"svr":182482651,"lt":1,"full":0,"data":{"code":"600576
market":1,"name":"祥源文化
decimal":2,"dktotal":3974,"preKPrice":5.12,"klines":["2021-07-08,5.09,4.98,5.16,4.98,58036,29161438.00,3.52,-2.73,-0.14,0.94
2021-07-09,5.01,4.93,5.01,4.91,40925,20236766.00,2.01,-1.00,-0.05,0.66
2021-07-12,4.93,5.03,5.15,4.92,46228,23349852.00,4.67,2.03,0.10,0.75
2021-07-13,5.04,4.97,5.04,4.95,40128,19969076.00,1.79,-1.19,-0.06,0.65
2021-07-14,4.97,4.91,5.00,4.91,32538,16079226.00,1.81,-1.21,-0.06,0.53
2021-07-15,4.92,4.89,4.95,4.74,48984,23603019.00,4.28,-0.41,-0.02,0.79
2021-07-16,4.86,4.84,4.96,4.82,30182,14715179.00,2.86,-1.02,-0.05,0.49
2021-07-19,4.84,4.85,4.91,4.78,29114,14059895.00,2.69,0.21,0.01,0.47
2021-07-20,4.82,4.85,4.87,4.77,18701,9006604.00,2.06,0.00,0.00,0.30
2021-07-21,4.87,5.10,5.22,4.83,87450,44382423.00,8.04,5.15,0.25,1.41"]}});
