jQuery112402823351815161831_1626521459839({"rc":0,"rt":17,"svr":182482249,"lt":1,"full":0,"data":{"code":"600423
market":1,"name":"柳化股份
decimal":2,"dktotal":4041,"preKPrice":3.69,"klines":["2021-07-08,3.68,3.61,3.72,3.54,61069,21984119.00,4.88,-2.17,-0.08,0.76
2021-07-09,3.61,3.82,3.92,3.58,108521,40804900.00,9.42,5.82,0.21,1.36
2021-07-12,3.83,3.87,3.89,3.75,94136,35968247.00,3.66,1.31,0.05,1.18
2021-07-13,3.88,3.82,3.89,3.77,48359,18429088.00,3.10,-1.29,-0.05,0.61
2021-07-14,3.81,3.77,3.83,3.72,54685,20649482.00,2.88,-1.31,-0.05,0.68
2021-07-15,3.76,3.84,3.84,3.71,57201,21659754.00,3.45,1.86,0.07,0.72
2021-07-16,3.85,3.80,3.88,3.78,56021,21404970.00,2.60,-1.04,-0.04,0.70
2021-07-19,3.74,3.87,3.97,3.73,76904,29830815.00,6.32,1.84,0.07,0.96
2021-07-20,3.81,3.78,3.87,3.74,52965,19998170.00,3.36,-2.33,-0.09,0.66
2021-07-21,3.77,3.77,3.80,3.73,37561,14145466.00,1.85,-0.26,-0.01,0.47"]}});
