jQuery112402823351815161831_1626521459839({"rc":0,"rt":17,"svr":181216957,"lt":1,"full":0,"data":{"code":"002516
market":0,"name":"旷达科技
decimal":2,"dktotal":2545,"preKPrice":5.3,"klines":["2021-07-08,5.28,5.18,5.33,5.09,272687,141652591.00,4.53,-2.26,-0.12,2.86
2021-07-09,5.15,5.29,5.30,5.13,212118,110854356.00,3.28,2.12,0.11,2.23
2021-07-12,5.33,5.58,5.63,5.31,489354,267287600.00,6.05,5.48,0.29,5.14
2021-07-13,5.64,5.74,5.92,5.56,387283,223313273.00,6.45,2.87,0.16,4.06
2021-07-14,5.67,5.37,5.70,5.36,306031,167644936.00,5.92,-6.45,-0.37,3.21
2021-07-15,5.32,5.25,5.37,5.16,212720,111548518.00,3.91,-2.23,-0.12,2.23
2021-07-16,5.22,5.14,5.24,5.13,167438,86736833.00,2.10,-2.10,-0.11,1.76
2021-07-19,5.10,5.18,5.22,5.05,113678,58654171.00,3.31,0.78,0.04,1.19
2021-07-20,5.15,5.21,5.21,5.08,93095,47832001.00,2.51,0.58,0.03,0.98
2021-07-21,5.24,5.12,5.25,5.10,145460,74634122.00,2.88,-1.73,-0.09,1.53"]}});
