jQuery112402823351815161831_1626521459839({"rc":0,"rt":17,"svr":181669475,"lt":1,"full":0,"data":{"code":"600833
market":1,"name":"第一医药
decimal":2,"dktotal":6192,"preKPrice":9.09,"klines":["2021-07-08,9.06,8.96,9.07,8.92,7458,6704391.00,1.65,-1.43,-0.13,0.33
2021-07-09,8.95,9.01,9.04,8.88,7981,7159413.00,1.79,0.56,0.05,0.36
2021-07-12,9.01,8.99,9.08,8.98,6455,5821328.00,1.11,-0.22,-0.02,0.29
2021-07-13,9.01,9.03,9.05,8.93,7128,6402768.00,1.33,0.44,0.04,0.32
2021-07-14,9.03,8.97,9.03,8.96,5542,4979493.00,0.78,-0.66,-0.06,0.25
2021-07-15,8.96,8.86,8.96,8.84,11191,9939006.00,1.34,-1.23,-0.11,0.50
2021-07-16,8.86,8.87,8.91,8.85,3568,3163627.00,0.68,0.11,0.01,0.16
2021-07-19,8.86,8.89,8.98,8.81,6261,5538921.00,1.92,0.23,0.02,0.28
2021-07-20,8.89,8.91,8.92,8.83,3288,2918817.00,1.01,0.22,0.02,0.15
2021-07-21,8.91,8.90,8.95,8.90,5145,4593088.00,0.56,-0.11,-0.01,0.23"]}});
