jQuery112402823351815161831_1626521459839({"rc":0,"rt":17,"svr":181216957,"lt":1,"full":0,"data":{"code":"003002
market":0,"name":"壶化股份
decimal":2,"dktotal":200,"preKPrice":12.43,"klines":["2021-07-08,12.43,12.23,12.51,12.15,10245,12592153.00,2.90,-1.61,-0.20,2.05
2021-07-09,12.15,12.25,12.31,12.10,7992,9737939.00,1.72,0.16,0.02,1.60
2021-07-12,12.25,12.34,12.50,12.24,10493,12961582.00,2.12,0.73,0.09,2.10
2021-07-13,12.30,12.27,12.34,12.17,9809,12006331.00,1.38,-0.57,-0.07,1.96
2021-07-14,12.30,12.23,12.30,12.16,6122,7470319.00,1.14,-0.33,-0.04,1.22
2021-07-15,12.17,11.92,12.26,11.78,15357,18309220.00,3.92,-2.53,-0.31,3.07
2021-07-16,11.91,11.94,12.02,11.83,8930,10651700.00,1.59,0.17,0.02,1.79
2021-07-19,11.80,11.83,11.96,11.71,12242,14471232.00,2.09,-0.92,-0.11,2.45
2021-07-20,11.82,11.71,11.83,11.60,9815,11465467.00,1.94,-1.01,-0.12,1.96
2021-07-21,11.71,11.70,11.85,11.68,11065,12986923.00,1.45,-0.09,-0.01,2.21"]}});
