jQuery112402823351815161831_1626521459839({"rc":0,"rt":17,"svr":181734974,"lt":1,"full":0,"data":{"code":"002572
market":0,"name":"索菲亚
decimal":2,"dktotal":2468,"preKPrice":23.51,"klines":["2021-07-08,23.53,22.34,23.76,22.28,146752,334256000.00,6.30,-4.98,-1.17,2.30
2021-07-09,22.31,22.06,22.52,21.88,122054,270167648.00,2.86,-1.25,-0.28,1.91
2021-07-12,22.22,22.10,22.35,21.80,126660,279170544.00,2.49,0.18,0.04,1.99
2021-07-13,22.10,22.37,22.37,22.03,89250,198306649.00,1.54,1.22,0.27,1.40
2021-07-14,22.38,22.02,22.38,21.90,88638,195818830.00,2.15,-1.56,-0.35,1.39
2021-07-15,21.80,21.80,22.03,21.59,73590,160289956.00,2.00,-1.00,-0.22,1.15
2021-07-16,21.88,21.86,22.27,21.70,79738,175343784.00,2.61,0.28,0.06,1.25
2021-07-19,21.86,22.00,22.05,21.03,106629,229457182.00,4.67,0.64,0.14,1.67
2021-07-20,21.75,21.53,21.95,21.27,95515,205536080.00,3.09,-2.14,-0.47,1.50
2021-07-21,22.05,21.55,22.30,21.42,113290,246371886.00,4.09,0.09,0.02,1.78"]}});
