jQuery112402823351815161831_1626521459839({"rc":0,"rt":17,"svr":181669633,"lt":1,"full":0,"data":{"code":"600629
market":1,"name":"华建集团
decimal":2,"dktotal":6151,"preKPrice":7.24,"klines":["2021-07-08,7.24,7.27,7.28,7.20,7608,5501422.00,1.10,0.41,0.03,0.15
2021-07-09,7.25,7.28,7.32,7.22,8222,5976785.00,1.38,0.14,0.01,0.16
2021-07-12,7.30,7.30,7.34,7.28,12563,9181276.00,0.82,0.27,0.02,0.24
2021-07-13,6.04,6.00,6.10,6.00,9397,5673303.00,1.37,-17.81,-1.30,0.15
2021-07-14,6.01,5.98,6.02,5.96,10507,6280142.00,1.00,-0.33,-0.02,0.17
2021-07-15,5.96,5.91,5.99,5.90,13233,7840473.00,1.51,-1.17,-0.07,0.21
2021-07-16,5.95,5.90,5.95,5.89,6181,3656863.00,1.02,-0.17,-0.01,0.10
2021-07-19,5.89,5.82,5.89,5.79,10359,6031925.00,1.69,-1.36,-0.08,0.16
2021-07-20,5.82,5.81,5.85,5.77,6710,3891431.00,1.37,-0.17,-0.01,0.11
2021-07-21,5.84,5.83,5.95,5.83,8107,4756017.00,2.07,0.34,0.02,0.13"]}});
