jQuery112402823351815161831_1626521459839({"rc":0,"rt":17,"svr":182481599,"lt":1,"full":0,"data":{"code":"600708
market":1,"name":"光明地产
decimal":2,"dktotal":5976,"preKPrice":2.4,"klines":["2021-07-08,2.40,2.39,2.41,2.38,62078,14873867.00,1.25,-0.42,-0.01,0.28
2021-07-09,2.39,2.40,2.42,2.38,63273,15179199.00,1.67,0.42,0.01,0.28
2021-07-12,2.41,2.40,2.42,2.39,47435,11405600.00,1.25,0.00,0.00,0.21
2021-07-13,2.40,2.43,2.43,2.39,105909,25605497.00,1.67,1.25,0.03,0.48
2021-07-14,2.42,2.40,2.44,2.40,55064,13274486.00,1.65,-1.23,-0.03,0.25
2021-07-15,2.40,2.42,2.46,2.39,85626,20769389.00,2.92,0.83,0.02,0.38
2021-07-16,2.46,2.41,2.49,2.40,121821,29825833.00,3.72,-0.41,-0.01,0.55
2021-07-19,2.40,2.36,2.41,2.35,108197,25645278.00,2.49,-2.07,-0.05,0.49
2021-07-20,2.35,2.39,2.40,2.35,50115,11935737.00,2.12,1.27,0.03,0.23
2021-07-21,2.39,2.38,2.41,2.36,59066,14070350.00,2.09,-0.42,-0.01,0.27"]}});
