jQuery112402823351815161831_1626521459839({"rc":0,"rt":17,"svr":182482249,"lt":1,"full":0,"data":{"code":"600408
market":1,"name":"ST安泰
decimal":2,"dktotal":4181,"preKPrice":3.69,"klines":["2021-07-08,3.65,3.61,3.71,3.60,161831,58873081.00,2.98,-2.17,-0.08,1.61
2021-07-09,3.61,3.71,3.73,3.55,226157,82094235.00,4.99,2.77,0.10,2.25
2021-07-12,3.68,3.65,3.71,3.63,144627,53118738.00,2.16,-1.62,-0.06,1.44
2021-07-13,3.65,3.69,3.72,3.61,173547,63602582.00,3.01,1.10,0.04,1.72
2021-07-14,3.67,3.66,3.78,3.66,169984,63030924.00,3.25,-0.81,-0.03,1.69
2021-07-15,3.63,3.64,3.66,3.56,190187,68651961.00,2.73,-0.55,-0.02,1.89
2021-07-16,3.62,3.68,3.74,3.61,177877,65658734.00,3.57,1.10,0.04,1.77
2021-07-19,3.66,3.62,3.72,3.58,155556,56567148.00,3.80,-1.63,-0.06,1.55
2021-07-20,3.57,3.58,3.61,3.52,119261,42391908.00,2.49,-1.10,-0.04,1.18
2021-07-21,3.57,3.56,3.63,3.54,101965,36459458.00,2.51,-0.56,-0.02,1.01"]}});
