jQuery112402823351815161831_1626521459839({"rc":0,"rt":17,"svr":181734975,"lt":1,"full":0,"data":{"code":"600114
market":1,"name":"东睦股份
decimal":2,"dktotal":4125,"preKPrice":7.9,"klines":["2021-07-08,7.92,8.26,8.26,7.91,197025,160633256.00,4.43,4.56,0.36,3.20
2021-07-09,8.17,8.45,8.55,8.17,181575,152387886.00,4.60,2.30,0.19,2.95
2021-07-12,8.58,8.48,8.65,8.44,143055,121774625.00,2.49,0.36,0.03,2.32
2021-07-13,8.50,8.40,8.56,8.37,96824,81761599.00,2.24,-0.94,-0.08,1.57
2021-07-14,8.40,8.28,8.45,8.25,97276,80962844.00,2.38,-1.43,-0.12,1.58
2021-07-15,8.30,8.37,8.51,8.18,113993,95106441.00,3.99,1.09,0.09,1.85
2021-07-16,8.37,8.49,8.63,8.31,151702,129438840.00,3.82,1.43,0.12,2.46
2021-07-19,8.45,8.52,8.67,8.42,105637,90127272.00,2.94,0.35,0.03,1.71
2021-07-20,8.42,8.91,8.92,8.32,261073,227259582.00,7.04,4.58,0.39,4.24
2021-07-21,8.88,9.80,9.80,8.73,603276,574690848.00,12.01,9.99,0.89,9.79"]}});
