jQuery112402823351815161831_1626521459839({"rc":0,"rt":17,"svr":182481159,"lt":1,"full":0,"data":{"code":"600675
market":1,"name":"中华企业
decimal":2,"dktotal":6435,"preKPrice":3.1,"klines":["2021-07-08,3.10,3.06,3.10,3.04,58244,17884030.00,1.94,-1.29,-0.04,0.26
2021-07-09,3.06,3.07,3.08,3.04,27749,8499085.00,1.31,0.33,0.01,0.12
2021-07-12,3.09,3.04,3.09,3.04,66235,20263075.00,1.63,-0.98,-0.03,0.30
2021-07-13,3.05,3.05,3.07,3.04,29691,9072921.00,0.99,0.33,0.01,0.13
2021-07-14,3.06,3.06,3.07,3.04,27383,8368789.00,0.98,0.33,0.01,0.12
2021-07-15,3.06,3.04,3.07,2.99,46676,14107399.00,2.61,-0.65,-0.02,0.21
2021-07-16,3.05,3.04,3.07,3.04,26594,8119984.00,0.99,0.00,0.00,0.12
2021-07-19,3.04,3.02,3.05,3.00,23877,7206482.00,1.64,-0.66,-0.02,0.11
2021-07-20,3.01,3.01,3.02,3.00,19943,6001285.00,0.66,-0.33,-0.01,0.09
2021-07-21,3.02,3.01,3.03,3.00,24592,7402470.00,1.00,0.00,0.00,0.11"]}});
