jQuery112402823351815161831_1626521459839({"rc":0,"rt":17,"svr":181216957,"lt":1,"full":0,"data":{"code":"600644
market":1,"name":"乐山电力
decimal":2,"dktotal":6757,"preKPrice":5.64,"klines":["2021-07-08,5.64,5.58,5.71,5.57,33320,18773430.00,2.48,-1.06,-0.06,0.62
2021-07-09,5.59,5.70,5.74,5.53,48716,27502635.00,3.76,2.15,0.12,0.90
2021-07-12,5.70,5.69,5.75,5.65,46417,26422963.00,1.75,-0.18,-0.01,0.86
2021-07-13,5.69,5.79,5.84,5.67,94355,54575427.00,2.99,1.76,0.10,1.75
2021-07-14,5.81,5.77,5.90,5.74,70930,41207876.00,2.76,-0.35,-0.02,1.32
2021-07-15,5.75,5.70,5.75,5.58,66002,37451590.00,2.95,-1.21,-0.07,1.23
2021-07-16,5.66,5.66,5.74,5.65,38737,22013484.00,1.58,-0.70,-0.04,0.72
2021-07-19,5.59,5.57,5.62,5.55,35285,19652565.00,1.24,-1.59,-0.09,0.66
2021-07-20,5.55,5.61,5.63,5.54,24910,13906430.00,1.62,0.72,0.04,0.46
2021-07-21,5.62,5.58,5.65,5.57,34146,19094856.00,1.43,-0.53,-0.03,0.63"]}});
