jQuery112402823351815161831_1626521459839({"rc":0,"rt":17,"svr":181669733,"lt":1,"full":0,"data":{"code":"002539
market":0,"name":"云图控股
decimal":2,"dktotal":2517,"preKPrice":9.45,"klines":["2021-07-08,9.60,10.40,10.40,9.51,655430,672864848.00,9.42,10.05,0.95,9.98
2021-07-09,10.29,11.44,11.44,10.09,649892,720000176.00,12.98,10.00,1.04,9.90
2021-07-12,11.44,11.87,12.10,11.34,701778,827850928.00,6.64,3.76,0.43,10.69
2021-07-13,11.63,11.63,11.86,11.44,312342,363427328.00,3.54,-2.02,-0.24,4.76
2021-07-14,11.89,11.59,12.19,11.54,342839,404608224.00,5.59,-0.34,-0.04,5.22
2021-07-15,11.80,11.49,11.90,11.28,333468,383112272.00,5.35,-0.86,-0.10,5.08
2021-07-16,11.59,11.54,12.03,11.25,405586,472109760.00,6.79,0.44,0.05,6.18
2021-07-19,11.82,11.41,12.20,11.36,373548,440547440.00,7.28,-1.13,-0.13,5.69
2021-07-20,11.36,11.09,11.46,10.80,346235,383627904.00,5.78,-2.80,-0.32,5.27
2021-07-21,11.34,11.30,11.53,11.02,267947,303005456.00,4.60,1.89,0.21,4.08"]}});
