jQuery112402823351815161831_1626521459839({"rc":0,"rt":17,"svr":182480525,"lt":1,"full":0,"data":{"code":"600909
market":1,"name":"华安证券
decimal":2,"dktotal":1120,"preKPrice":5.35,"klines":["2021-07-08,5.36,5.33,5.38,5.32,165257,88299227.00,1.12,-0.37,-0.02,0.35
2021-07-09,5.32,5.34,5.36,5.30,141259,75341340.00,1.13,0.19,0.01,0.30
2021-07-12,5.39,5.38,5.44,5.36,247843,133739096.00,1.50,0.75,0.04,0.53
2021-07-13,5.37,5.35,5.38,5.32,169082,90317482.00,1.12,-0.56,-0.03,0.36
2021-07-14,5.35,5.35,5.37,5.31,174381,93012917.00,1.12,0.00,0.00,0.37
2021-07-15,5.34,5.35,5.39,5.28,220585,117745236.00,2.06,0.00,0.00,0.47
2021-07-16,5.36,5.35,5.38,5.33,198602,106318770.00,0.93,0.00,0.00,0.42
2021-07-19,5.33,5.32,5.36,5.29,185543,98763439.00,1.31,-0.56,-0.03,0.39
2021-07-20,5.31,5.32,5.36,5.30,133179,70870814.00,1.13,0.00,0.00,0.28
2021-07-21,5.32,5.34,5.38,5.31,262412,140112913.00,1.32,0.38,0.02,0.56"]}});
