jQuery112402823351815161831_1626521459839({"rc":0,"rt":17,"svr":181669633,"lt":1,"full":0,"data":{"code":"002616
market":0,"name":"长青集团
decimal":2,"dktotal":2280,"preKPrice":6.88,"klines":["2021-07-08,7.00,7.25,7.44,6.95,244562,176811555.00,7.12,5.38,0.37,5.20
2021-07-09,7.15,7.23,7.27,7.10,126780,91107746.00,2.34,-0.28,-0.02,2.70
2021-07-12,7.27,7.10,7.27,7.10,119603,85505548.00,2.35,-1.80,-0.13,2.54
2021-07-13,7.12,7.35,7.45,7.07,192293,140504415.00,5.35,3.52,0.25,4.09
2021-07-14,7.49,7.45,7.73,7.29,226346,169287559.00,5.99,1.36,0.10,4.81
2021-07-15,7.32,7.19,7.44,7.10,131599,95085705.00,4.56,-3.49,-0.26,2.80
2021-07-16,7.30,7.06,7.33,7.05,104105,74477505.00,3.89,-1.81,-0.13,2.21
2021-07-19,7.02,6.89,7.05,6.88,91333,63266121.00,2.41,-2.41,-0.17,1.94
2021-07-20,6.82,6.94,6.95,6.82,50667,34969068.00,1.89,0.73,0.05,1.08
2021-07-21,6.96,6.93,7.01,6.85,60120,41564866.00,2.31,-0.14,-0.01,1.28"]}});
