jQuery112402823351815161831_1626521459839({"rc":0,"rt":17,"svr":182482651,"lt":1,"full":0,"data":{"code":"600338
market":1,"name":"西藏珠峰
decimal":2,"dktotal":4541,"preKPrice":16.06,"klines":["2021-07-08,15.92,15.93,16.69,15.78,693504,1130787136.00,5.67,-0.81,-0.13,7.59
2021-07-09,16.05,16.75,17.00,15.88,640290,1056610432.00,7.03,5.15,0.82,7.00
2021-07-12,17.05,18.43,18.43,16.73,893340,1585134848.00,10.15,10.03,1.68,9.77
2021-07-13,19.53,20.27,20.27,19.53,661773,1328310000.00,4.02,9.98,1.84,7.24
2021-07-14,20.50,20.68,22.14,19.88,1265005,2638404496.00,11.15,2.02,0.41,13.84
2021-07-15,21.22,21.92,22.60,19.89,1155264,2425226496.00,13.10,6.00,1.24,12.64
2021-07-16,21.92,23.35,24.11,21.81,889723,2084212688.00,10.49,6.52,1.43,9.73
2021-07-19,23.75,23.22,25.05,22.87,1060784,2521930096.00,9.34,-0.56,-0.13,11.60
2021-07-20,23.10,22.98,23.44,22.22,655803,1496093024.00,5.25,-1.03,-0.24,7.17
2021-07-21,23.64,25.28,25.28,23.26,517456,1269722096.00,8.79,10.01,2.30,5.66"]}});
