jQuery112402823351815161831_1626521459839({"rc":0,"rt":17,"svr":182480524,"lt":1,"full":0,"data":{"code":"002726
market":0,"name":"龙大肉食
decimal":2,"dktotal":1650,"preKPrice":10.35,"klines":["2021-07-08,10.41,10.00,10.41,9.99,76401,77199672.00,4.06,-3.38,-0.35,0.77
2021-07-09,9.96,9.89,10.07,9.83,72089,71442879.00,2.40,-1.10,-0.11,0.73
2021-07-12,9.97,9.90,10.02,9.88,69813,69374829.00,1.42,0.10,0.01,0.70
2021-07-13,9.89,10.00,10.02,9.68,59873,59094578.00,3.43,1.01,0.10,0.60
2021-07-14,9.99,9.84,10.00,9.81,49809,49309359.00,1.90,-1.60,-0.16,0.50
2021-07-15,9.80,9.75,9.82,9.69,39274,38258791.00,1.32,-0.91,-0.09,0.40
2021-07-16,9.74,9.65,9.80,9.60,65457,63285303.00,2.05,-1.03,-0.10,0.66
2021-07-19,9.65,9.38,9.66,9.35,63497,59745085.00,3.21,-2.80,-0.27,0.64
2021-07-20,9.37,9.39,9.50,9.26,53164,49885865.00,2.56,0.11,0.01,0.54
2021-07-21,9.41,9.46,9.53,9.41,70555,66778977.00,1.28,0.75,0.07,0.71"]}});
