jQuery112402823351815161831_1626521459839({"rc":0,"rt":17,"svr":182482250,"lt":1,"full":0,"data":{"code":"600401
market":1,"name":"退市海润
decimal":2,"dktotal":2578,"preKPrice":0.14,"klines":["2019-06-25,0.15,0.15,0.15,0.14,750461,11245760.00,7.14,7.14,0.01,1.59
2019-06-26,0.16,0.17,0.17,0.16,2215684,37259585.00,6.67,13.33,0.02,4.69
2019-06-27,0.18,0.16,0.18,0.16,1079717,18148653.00,11.76,-5.88,-0.01,2.29
2019-06-28,0.17,0.16,0.17,0.15,919437,14637513.00,12.50,0.00,0.00,1.95
2019-07-01,0.16,0.15,0.17,0.15,1007400,15686928.00,12.50,-6.25,-0.01,2.13
2019-07-02,0.15,0.15,0.16,0.14,978968,14701866.00,13.33,0.00,0.00,2.07
2019-07-03,0.15,0.14,0.15,0.14,670587,9680271.00,6.67,-6.67,-0.01,1.42
2019-07-04,0.14,0.15,0.15,0.14,815197,11736581.00,7.14,7.14,0.01,1.73
2019-07-05,0.15,0.16,0.17,0.14,1815813,28247147.00,20.00,6.67,0.01,3.84
2019-07-08,0.16,0.15,0.17,0.15,1556053,24419364.00,12.50,-6.25,-0.01,3.29"]}});
