jQuery112402823351815161831_1626521459839({"rc":0,"rt":17,"svr":182481597,"lt":1,"full":0,"data":{"code":"002392
market":0,"name":"北京利尔
decimal":2,"dktotal":2590,"preKPrice":4.2,"klines":["2021-07-08,4.20,4.09,4.20,4.07,95207,39252156.00,3.10,-2.62,-0.11,1.07
2021-07-09,4.08,4.12,4.12,4.06,58591,23971299.00,1.47,0.73,0.03,0.66
2021-07-12,4.12,4.13,4.18,4.12,56725,23475896.00,1.46,0.24,0.01,0.64
2021-07-13,4.13,4.13,4.14,4.09,43905,18065563.00,1.21,0.00,0.00,0.49
2021-07-14,4.12,4.16,4.19,4.12,67087,27876173.00,1.69,0.73,0.03,0.75
2021-07-15,4.18,4.33,4.43,4.11,127413,54342552.00,7.69,4.09,0.17,1.43
2021-07-16,4.29,4.27,4.31,4.22,81027,34552617.00,2.08,-1.39,-0.06,0.91
2021-07-19,4.22,4.27,4.31,4.22,59678,25455226.00,2.11,0.00,0.00,0.67
2021-07-20,4.24,4.22,4.27,4.22,41308,17499033.00,1.17,-1.17,-0.05,0.46
2021-07-21,4.21,4.21,4.25,4.20,37011,15628912.00,1.18,-0.24,-0.01,0.42"]}});
