jQuery112402823351815161831_1626521459839({"rc":0,"rt":17,"svr":181669475,"lt":1,"full":0,"data":{"code":"002517
market":0,"name":"恺英网络
decimal":2,"dktotal":2306,"preKPrice":4.34,"klines":["2021-07-08,4.35,4.22,4.36,4.20,135654,57808495.00,3.69,-2.76,-0.12,0.87
2021-07-09,4.20,4.22,4.27,4.12,154388,64647768.00,3.55,0.00,0.00,0.99
2021-07-12,4.22,4.26,4.28,4.20,138168,58584164.00,1.90,0.95,0.04,0.89
2021-07-13,4.39,4.54,4.69,4.34,586465,265683705.00,8.22,6.57,0.28,3.77
2021-07-14,4.48,4.38,4.52,4.38,300398,133095477.00,3.08,-3.52,-0.16,1.93
2021-07-15,4.50,4.58,4.64,4.44,458567,209453220.00,4.57,4.57,0.20,2.95
2021-07-16,4.59,4.58,4.73,4.53,308160,142379518.00,4.37,0.00,0.00,1.98
2021-07-19,4.51,4.64,4.66,4.47,333162,152666202.00,4.15,1.31,0.06,2.14
2021-07-20,4.58,4.62,4.66,4.56,208542,95927671.00,2.16,-0.43,-0.02,1.34
2021-07-21,4.58,4.54,4.65,4.50,224987,102644504.00,3.25,-1.73,-0.08,1.45"]}});
