jQuery112402823351815161831_1626521459839({"rc":0,"rt":17,"svr":181216957,"lt":1,"full":0,"data":{"code":"600894
market":1,"name":"广日股份
decimal":2,"dktotal":6010,"preKPrice":6.72,"klines":["2021-07-08,6.72,6.68,6.74,6.66,17512,11718394.00,1.19,-0.60,-0.04,0.20
2021-07-09,6.66,6.66,6.69,6.61,26648,17706241.00,1.20,-0.30,-0.02,0.31
2021-07-12,6.66,6.70,6.71,6.66,21141,14138685.00,0.75,0.60,0.04,0.25
2021-07-13,6.70,6.72,6.72,6.66,17688,11836761.00,0.90,0.30,0.02,0.21
2021-07-14,6.70,6.66,6.72,6.66,17538,11727068.00,0.89,-0.89,-0.06,0.20
2021-07-15,6.68,6.70,6.71,6.65,22556,15071822.00,0.90,0.60,0.04,0.26
2021-07-16,6.70,6.72,6.72,6.67,18710,12528054.00,0.75,0.30,0.02,0.22
2021-07-19,6.74,6.66,6.76,6.65,21599,14416740.00,1.64,-0.89,-0.06,0.25
2021-07-20,6.68,6.63,6.68,6.57,28950,19139216.00,1.65,-0.45,-0.03,0.34
2021-07-21,6.66,6.59,6.67,6.58,18729,12384515.00,1.36,-0.60,-0.04,0.22"]}});
