jQuery112402823351815161831_1626521459839({"rc":0,"rt":17,"svr":181669475,"lt":1,"full":0,"data":{"code":"600612
market":1,"name":"老凤祥
decimal":2,"dktotal":6952,"preKPrice":52.32,"klines":["2021-07-08,52.50,51.13,52.53,51.02,14795,76251105.00,2.89,-2.27,-1.19,0.47
2021-07-09,51.15,51.32,51.75,50.70,12180,62430720.00,2.05,0.37,0.19,0.38
2021-07-12,51.36,50.99,51.75,50.75,9469,48452175.00,1.95,-0.64,-0.33,0.30
2021-07-13,50.72,51.45,51.50,50.65,8255,42176825.00,1.67,0.90,0.46,0.26
2021-07-14,51.45,51.62,51.96,50.56,9886,50645696.00,2.72,0.33,0.17,0.31
2021-07-15,51.80,52.22,52.80,51.19,19803,102855056.00,3.12,1.16,0.60,0.62
2021-07-16,52.21,51.00,52.21,50.87,15697,80613774.00,2.57,-2.34,-1.22,0.49
2021-07-19,50.98,50.24,50.99,50.00,10202,51218602.00,1.94,-1.49,-0.76,0.32
2021-07-20,49.78,50.39,50.46,49.78,7299,36650709.00,1.35,0.30,0.15,0.23
2021-07-21,50.37,49.45,50.67,49.30,18753,93405260.00,2.72,-1.87,-0.94,0.59"]}});
