jQuery112402823351815161831_1626521459839({"rc":0,"rt":17,"svr":181734974,"lt":1,"full":0,"data":{"code":"002864
market":0,"name":"盘龙药业
decimal":2,"dktotal":889,"preKPrice":24.28,"klines":["2021-07-08,24.28,23.83,24.42,23.82,12534,30033690.00,2.47,-1.85,-0.45,2.27
2021-07-09,23.91,23.99,24.05,23.74,8466,20247682.00,1.30,0.67,0.16,1.53
2021-07-12,23.99,24.24,24.31,23.99,10434,25239168.00,1.33,1.04,0.25,1.89
2021-07-13,24.24,24.18,24.30,23.92,8648,20798298.00,1.57,-0.25,-0.06,1.56
2021-07-14,24.15,24.18,24.98,23.99,16788,40932150.00,4.09,0.00,0.00,3.04
2021-07-15,24.13,23.53,24.18,23.22,15725,37061945.00,3.97,-2.69,-0.65,2.84
2021-07-16,23.36,23.44,23.59,23.36,6454,15137700.00,0.98,-0.38,-0.09,1.17
2021-07-19,23.46,23.71,23.88,23.03,10191,23951862.00,3.63,1.15,0.27,1.84
2021-07-20,23.59,24.09,24.24,23.57,12548,30171585.00,2.83,1.60,0.38,2.27
2021-07-21,24.09,24.03,24.25,23.86,8463,20385449.00,1.62,-0.25,-0.06,1.53"]}});
