jQuery112402823351815161831_1626521459839({"rc":0,"rt":17,"svr":181669633,"lt":1,"full":0,"data":{"code":"600825
market":1,"name":"新华传媒
decimal":2,"dktotal":6481,"preKPrice":4.41,"klines":["2021-07-08,4.40,4.34,4.41,4.32,39931,17380162.00,2.04,-1.59,-0.07,0.38
2021-07-09,4.33,4.34,4.39,4.27,45978,19844412.00,2.76,0.00,0.00,0.44
2021-07-12,4.36,4.38,4.43,4.32,66659,29180912.00,2.53,0.92,0.04,0.64
2021-07-13,4.38,4.40,4.46,4.35,54816,24182496.00,2.51,0.46,0.02,0.52
2021-07-14,4.43,4.29,4.43,4.29,67124,29028983.00,3.18,-2.50,-0.11,0.64
2021-07-15,4.29,4.24,4.31,4.19,57885,24522217.00,2.80,-1.17,-0.05,0.55
2021-07-16,4.26,4.24,4.31,4.21,34659,14738248.00,2.36,0.00,0.00,0.33
2021-07-19,4.27,4.20,4.27,4.17,31870,13390548.00,2.36,-0.94,-0.04,0.31
2021-07-20,4.20,4.23,4.26,4.17,36748,15481091.00,2.14,0.71,0.03,0.35
2021-07-21,4.22,4.22,4.27,4.20,31868,13446485.00,1.65,-0.24,-0.01,0.30"]}});
