jQuery112402823351815161831_1626521459839({"rc":0,"rt":17,"svr":181669633,"lt":1,"full":0,"data":{"code":"002526
market":0,"name":"山东矿机
decimal":2,"dktotal":2370,"preKPrice":2.03,"klines":["2021-07-08,2.03,2.02,2.04,2.01,111115,22465113.00,1.48,-0.49,-0.01,0.63
2021-07-09,2.01,2.04,2.04,1.99,141215,28409188.00,2.48,0.99,0.02,0.80
2021-07-12,2.03,2.04,2.05,2.03,108545,22080120.00,0.98,0.00,0.00,0.62
2021-07-13,2.04,2.03,2.04,2.02,109467,22199333.00,0.98,-0.49,-0.01,0.62
2021-07-14,2.03,2.04,2.05,2.01,199632,40594330.00,1.97,0.49,0.01,1.13
2021-07-15,2.04,2.02,2.04,2.01,176659,35660068.00,1.47,-0.98,-0.02,1.00
2021-07-16,2.02,2.02,2.03,2.00,203578,40948685.00,1.49,0.00,0.00,1.16
2021-07-19,2.01,2.00,2.02,1.99,144475,28917553.00,1.49,-0.99,-0.02,0.82
2021-07-20,2.00,1.99,2.00,1.97,141944,28152446.00,1.50,-0.50,-0.01,0.81
2021-07-21,1.99,2.01,2.01,1.99,121377,24263466.00,1.01,1.01,0.02,0.69"]}});
