jQuery112402823351815161831_1626521459839({"rc":0,"rt":17,"svr":182481221,"lt":1,"full":0,"data":{"code":"600371
market":1,"name":"万向德农
decimal":2,"dktotal":4466,"preKPrice":11.3,"klines":["2021-07-08,11.32,11.47,11.55,11.19,104622,119338441.00,3.19,1.50,0.17,3.58
2021-07-09,11.52,11.40,11.64,11.31,87383,99977883.00,2.88,-0.61,-0.07,2.99
2021-07-12,11.80,11.41,11.88,11.27,111933,128489081.00,5.35,0.09,0.01,3.83
2021-07-13,11.30,11.35,11.61,11.19,79818,90803969.00,3.68,-0.53,-0.06,2.73
2021-07-14,11.26,11.13,11.34,11.13,52760,59087805.00,1.85,-1.94,-0.22,1.80
2021-07-15,11.13,11.04,11.22,10.98,43796,48422730.00,2.16,-0.81,-0.09,1.50
2021-07-16,10.97,11.04,11.10,10.91,37169,40826871.00,1.72,0.00,0.00,1.27
2021-07-19,11.03,11.39,11.55,10.83,111953,126301125.00,6.52,3.17,0.35,3.83
2021-07-20,11.21,11.11,11.29,11.06,65380,72746756.00,2.02,-2.46,-0.28,2.23
2021-07-21,11.13,11.09,11.22,11.08,51025,56778255.00,1.26,-0.18,-0.02,1.74"]}});
