jQuery112402823351815161831_1626521459839({"rc":0,"rt":17,"svr":181734976,"lt":1,"full":0,"data":{"code":"600870
market":1,"name":"*ST厦华
decimal":2,"dktotal":5539,"preKPrice":3.72,"klines":["2021-07-08,3.91,3.91,3.91,3.87,78814,30802411.00,1.08,5.11,0.19,1.51
2021-07-09,4.11,4.02,4.11,3.73,331141,132590053.00,9.72,2.81,0.11,6.33
2021-07-12,4.22,4.22,4.22,3.98,222546,92685734.00,5.97,4.98,0.20,4.25
2021-07-13,4.34,4.01,4.34,4.01,192900,79951241.00,7.82,-4.98,-0.21,3.69
2021-07-14,3.89,4.21,4.21,3.89,100315,41656202.00,7.98,4.99,0.20,1.92
2021-07-15,4.42,4.42,4.42,4.21,161444,70331979.00,4.99,4.99,0.21,3.09
2021-07-16,4.41,4.64,4.64,4.26,87695,39747388.00,8.60,4.98,0.22,1.68
2021-07-19,4.83,4.87,4.87,4.70,42837,20702882.00,3.66,4.96,0.23,0.82
2021-07-20,5.11,5.11,5.11,5.01,42214,21561387.00,2.05,4.93,0.24,0.81
2021-07-21,5.37,5.37,5.37,5.37,19930,10702587.00,0.00,5.09,0.26,0.38"]}});
