jQuery112402823351815161831_1626521459839({"rc":0,"rt":17,"svr":181669733,"lt":1,"full":0,"data":{"code":"002847
market":0,"name":"盐津铺子
decimal":2,"dktotal":1086,"preKPrice":98.65,"klines":["2021-07-08,99.14,96.45,99.87,95.68,12422,120503444.00,4.25,-2.23,-2.20,1.10
2021-07-09,95.34,92.05,95.80,91.95,17145,159443999.00,3.99,-4.56,-4.40,1.51
2021-07-12,92.60,99.97,101.00,91.30,27974,271674112.00,10.54,8.60,7.92,2.47
2021-07-13,100.05,97.28,103.46,96.13,18435,181980160.00,7.33,-2.69,-2.69,1.63
2021-07-14,97.14,95.66,98.00,95.00,8536,82014035.00,3.08,-1.67,-1.62,0.75
2021-07-15,86.09,86.09,86.09,86.09,4826,41547034.00,0.00,-10.00,-9.57,0.43
2021-07-16,77.48,77.48,77.48,77.48,2745,21268260.00,0.00,-10.00,-8.61,0.24
2021-07-19,69.73,69.73,69.73,69.73,3312,23094576.00,0.00,-10.00,-7.75,0.29
2021-07-20,65.47,62.80,66.00,62.76,93690,596685984.00,4.65,-9.94,-6.93,8.27
2021-07-21,61.75,61.40,64.20,60.34,81375,503708944.00,6.15,-2.23,-1.40,7.18"]}});
