jQuery112402823351815161831_1626521459839({"rc":0,"rt":17,"svr":182480524,"lt":1,"full":0,"data":{"code":"600385
market":1,"name":"*ST金泰
decimal":2,"dktotal":4201,"preKPrice":6.5,"klines":["2021-07-08,6.49,6.28,6.53,6.21,11634,7343118.00,4.92,-3.38,-0.22,0.81
2021-07-09,6.20,6.15,6.28,6.12,6364,3953386.00,2.55,-2.07,-0.13,0.45
2021-07-12,6.15,6.09,6.27,6.04,5984,3640531.00,3.74,-0.98,-0.06,0.42
2021-07-13,6.09,6.18,6.19,5.95,3808,2332773.00,3.94,1.48,0.09,0.27
2021-07-14,6.15,6.20,6.26,6.09,3089,1913669.00,2.75,0.32,0.02,0.22
2021-07-15,6.20,6.04,6.22,6.00,4177,2530233.00,3.55,-2.58,-0.16,0.29
2021-07-16,6.09,6.09,6.12,6.00,3178,1927231.00,1.99,0.83,0.05,0.22
2021-07-19,6.08,6.15,6.17,6.01,3474,2107447.00,2.63,0.99,0.06,0.24
2021-07-20,6.15,6.18,6.18,6.05,2214,1352145.00,2.11,0.49,0.03,0.16
2021-07-21,6.17,6.20,6.22,6.07,1843,1139533.00,2.43,0.32,0.02,0.13"]}});
