jQuery112402823351815161831_1626521459839({"rc":0,"rt":17,"svr":182481427,"lt":1,"full":0,"data":{"code":"002270
market":0,"name":"华明装备
decimal":2,"dktotal":2922,"preKPrice":4.66,"klines":["2021-07-08,4.66,4.63,4.67,4.61,25238,11679127.00,1.29,-0.64,-0.03,0.33
2021-07-09,4.62,4.86,5.01,4.58,159689,77062267.00,9.29,4.97,0.23,2.10
2021-07-12,4.88,4.86,4.93,4.83,121163,58978083.00,2.06,0.00,0.00,1.60
2021-07-13,4.86,4.85,4.91,4.81,60294,29274369.00,2.06,-0.21,-0.01,0.79
2021-07-14,4.80,4.79,4.89,4.76,84818,40811816.00,2.68,-1.24,-0.06,1.12
2021-07-15,4.79,4.79,4.88,4.76,77209,37201278.00,2.51,0.00,0.00,1.02
2021-07-16,4.76,4.69,4.78,4.68,71383,33665429.00,2.09,-2.09,-0.10,0.94
2021-07-19,4.69,4.89,5.00,4.66,183964,89786331.00,7.25,4.26,0.20,2.42
2021-07-20,4.85,4.86,4.89,4.78,88163,42579655.00,2.25,-0.61,-0.03,1.16
2021-07-21,4.88,4.86,4.90,4.80,75816,36753685.00,2.06,0.00,0.00,1.00"]}});
