jQuery112402823351815161831_1626521459839({"rc":0,"rt":17,"svr":182482648,"lt":1,"full":0,"data":{"code":"002702
market":0,"name":"海欣食品
decimal":2,"dktotal":2076,"preKPrice":5.98,"klines":["2021-07-08,5.95,5.72,5.97,5.71,89116,51365726.00,4.35,-4.35,-0.26,2.85
2021-07-09,5.73,5.69,5.73,5.48,62611,35116855.00,4.37,-0.52,-0.03,2.00
2021-07-12,5.69,5.71,5.76,5.67,41072,23446367.00,1.58,0.35,0.02,1.31
2021-07-13,5.72,5.89,5.98,5.61,83964,48717199.00,6.48,3.15,0.18,2.69
2021-07-14,5.87,5.81,5.90,5.76,54002,31538989.00,2.38,-1.36,-0.08,1.73
2021-07-15,5.69,5.43,5.74,5.40,117126,64266488.00,5.85,-6.54,-0.38,3.75
2021-07-16,5.40,5.40,5.47,5.40,49323,26740557.00,1.29,-0.55,-0.03,1.58
2021-07-19,5.41,5.26,5.43,5.19,66571,35026735.00,4.44,-2.59,-0.14,2.13
2021-07-20,5.29,5.30,5.39,5.23,40863,21700468.00,3.04,0.76,0.04,1.31
2021-07-21,5.33,5.46,5.64,5.32,74260,40719064.00,6.04,3.02,0.16,2.38"]}});
