jQuery112402823351815161831_1626521459839({"rc":0,"rt":17,"svr":181734975,"lt":1,"full":0,"data":{"code":"002838
market":0,"name":"道恩股份
decimal":2,"dktotal":1089,"preKPrice":17.74,"klines":["2021-07-08,17.65,17.40,17.78,17.40,27207,47713600.00,2.14,-1.92,-0.34,0.78
2021-07-09,17.36,17.19,17.44,17.02,35601,61078458.00,2.41,-1.21,-0.21,1.02
2021-07-12,17.22,17.33,17.41,17.22,22404,38813082.00,1.11,0.81,0.14,0.64
2021-07-13,17.22,17.37,17.37,16.92,35209,60150448.00,2.60,0.23,0.04,1.01
2021-07-14,16.88,17.01,17.34,16.68,35725,60711338.00,3.80,-2.07,-0.36,1.03
2021-07-15,16.91,16.16,16.92,16.05,57363,93778851.00,5.11,-5.00,-0.85,1.65
2021-07-16,16.15,15.85,16.19,15.81,39759,63209355.00,2.35,-1.92,-0.31,1.14
2021-07-19,15.83,15.63,15.98,15.56,27377,43052484.00,2.65,-1.39,-0.22,0.79
2021-07-20,15.55,15.71,15.74,15.54,17354,27192255.00,1.28,0.51,0.08,0.50
2021-07-21,15.83,16.10,16.16,15.76,32898,52707137.00,2.55,2.48,0.39,0.95"]}});
