jQuery112402823351815161831_1626521459839({"rc":0,"rt":17,"svr":181734975,"lt":1,"full":0,"data":{"code":"600255
market":1,"name":"鑫科材料
decimal":2,"dktotal":4655,"preKPrice":2.24,"klines":["2021-07-08,2.23,2.20,2.26,2.17,418022,92237019.00,4.02,-1.79,-0.04,2.36
2021-07-09,2.18,2.25,2.31,2.16,580260,131268483.00,6.82,2.27,0.05,3.28
2021-07-12,2.27,2.29,2.36,2.26,499808,114953833.00,4.44,1.78,0.04,2.82
2021-07-13,2.27,2.29,2.34,2.22,552654,126137888.00,5.24,0.00,0.00,3.12
2021-07-14,2.27,2.33,2.48,2.26,783107,182993144.00,9.61,1.75,0.04,4.43
2021-07-15,2.28,2.24,2.33,2.22,457700,103186884.00,4.72,-3.86,-0.09,2.59
2021-07-16,2.25,2.25,2.33,2.24,435512,99407041.00,4.02,0.45,0.01,2.46
2021-07-19,2.20,2.20,2.25,2.17,382895,84374736.00,3.56,-2.22,-0.05,2.16
2021-07-20,2.18,2.29,2.33,2.16,487515,109892057.00,7.73,4.09,0.09,2.75
2021-07-21,2.30,2.36,2.37,2.28,618493,144739355.00,3.93,3.06,0.07,3.50"]}});
