jQuery112402823351815161831_1626521459839({"rc":0,"rt":17,"svr":181669733,"lt":1,"full":0,"data":{"code":"600794
market":1,"name":"保税科技
decimal":2,"dktotal":5647,"preKPrice":3.26,"klines":["2021-07-08,3.26,3.22,3.28,3.22,51544,16700627.00,1.84,-1.23,-0.04,0.43
2021-07-09,3.21,3.24,3.24,3.20,33461,10801349.00,1.24,0.62,0.02,0.28
2021-07-12,3.25,3.24,3.26,3.23,42431,13773389.00,0.93,0.00,0.00,0.35
2021-07-13,3.24,3.24,3.25,3.21,48484,15626145.00,1.23,0.00,0.00,0.40
2021-07-14,3.23,3.22,3.24,3.21,40533,13068422.00,0.93,-0.62,-0.02,0.33
2021-07-15,3.22,3.19,3.22,3.17,63143,20128002.00,1.55,-0.93,-0.03,0.52
2021-07-16,3.19,3.19,3.20,3.18,29764,9498411.00,0.63,0.00,0.00,0.25
2021-07-19,3.19,3.17,3.19,3.15,41815,13219969.00,1.25,-0.63,-0.02,0.34
2021-07-20,3.16,3.18,3.18,3.14,25977,8207112.00,1.26,0.32,0.01,0.21
2021-07-21,3.17,3.19,3.21,3.16,33690,10730318.00,1.57,0.31,0.01,0.28"]}});
