jQuery112402823351815161831_1626521459839({"rc":0,"rt":17,"svr":181216957,"lt":1,"full":0,"data":{"code":"600879
market":1,"name":"航天电子
decimal":2,"dktotal":6067,"preKPrice":7.19,"klines":["2021-07-08,7.17,7.27,7.35,7.15,561523,407819072.00,2.78,1.11,0.08,2.06
2021-07-09,7.23,7.20,7.26,7.15,426903,306787840.00,1.51,-0.96,-0.07,1.57
2021-07-12,7.20,7.27,7.33,7.16,422599,306531120.00,2.36,0.97,0.07,1.55
2021-07-13,7.23,7.23,7.29,7.18,356932,257745241.00,1.51,-0.55,-0.04,1.31
2021-07-14,7.22,7.02,7.22,7.01,505547,357506304.00,2.90,-2.90,-0.21,1.86
2021-07-15,7.01,7.03,7.09,6.95,335603,235272528.00,1.99,0.14,0.01,1.23
2021-07-16,7.02,7.24,7.30,6.99,676863,486338496.00,4.41,2.99,0.21,2.49
2021-07-19,7.25,7.21,7.30,7.16,493755,356244800.00,1.93,-0.41,-0.03,1.82
2021-07-20,7.14,7.22,7.25,7.13,344936,248618905.00,1.66,0.14,0.01,1.27
2021-07-21,7.22,7.25,7.29,7.20,466543,337858768.00,1.25,0.42,0.03,1.72"]}});
