jQuery112402823351815161831_1626521459839({"rc":0,"rt":17,"svr":181734974,"lt":1,"full":0,"data":{"code":"002289
market":0,"name":"宇顺电子
decimal":2,"dktotal":2439,"preKPrice":9.86,"klines":["2021-07-08,9.90,9.71,10.00,9.69,45506,44593871.00,3.14,-1.52,-0.15,1.72
2021-07-09,9.71,9.80,9.88,9.45,45571,43978120.00,4.43,0.93,0.09,1.72
2021-07-12,9.77,9.83,10.18,9.68,59071,58696619.00,5.10,0.31,0.03,2.23
2021-07-13,9.87,10.55,10.81,9.66,143081,147566352.00,11.70,7.32,0.72,5.40
2021-07-14,10.39,10.80,11.39,10.11,146042,155368878.00,12.13,2.37,0.25,5.52
2021-07-15,10.69,10.54,11.19,10.50,109474,118358034.00,6.39,-2.41,-0.26,4.14
2021-07-16,10.53,10.57,11.00,10.43,68871,73299070.00,5.41,0.28,0.03,2.60
2021-07-19,10.52,10.70,10.79,10.22,61799,64497236.00,5.39,1.23,0.13,2.33
2021-07-20,10.59,10.53,10.89,10.51,39786,42292364.00,3.55,-1.59,-0.17,1.50
2021-07-21,10.60,10.57,10.87,10.42,45978,48996560.00,4.27,0.38,0.04,1.74"]}});
