jQuery112402823351815161831_1626521459839({"rc":0,"rt":17,"svr":182481221,"lt":1,"full":0,"data":{"code":"002425
market":0,"name":"凯撒文化
decimal":2,"dktotal":2499,"preKPrice":9.05,"klines":["2021-07-08,9.00,8.87,9.09,8.85,214966,191260972.00,2.65,-1.99,-0.18,2.64
2021-07-09,8.84,8.88,9.02,8.80,129426,115284084.00,2.48,0.11,0.01,1.59
2021-07-12,8.85,8.96,9.08,8.78,298975,266962925.00,3.38,0.90,0.08,3.68
2021-07-13,9.09,9.42,9.86,9.02,746587,711406352.00,9.38,5.13,0.46,9.18
2021-07-14,9.47,9.50,9.65,9.23,501966,476119792.00,4.46,0.85,0.08,6.17
2021-07-15,9.50,9.33,9.72,9.23,343672,323737184.00,5.16,-1.79,-0.17,4.23
2021-07-16,9.33,9.30,9.40,9.18,229620,213472533.00,2.36,-0.32,-0.03,2.82
2021-07-19,9.30,9.37,9.60,9.22,250230,235419999.00,4.09,0.75,0.07,3.08
2021-07-20,9.31,9.47,9.57,9.25,258461,243598281.00,3.42,1.07,0.10,3.18
2021-07-21,9.45,9.27,9.50,9.25,254779,237414213.00,2.64,-2.11,-0.20,3.13"]}});
