jQuery112402823351815161831_1626521459839({"rc":0,"rt":17,"svr":182482249,"lt":1,"full":0,"data":{"code":"600560
market":1,"name":"金自天正
decimal":2,"dktotal":4530,"preKPrice":9.14,"klines":["2021-07-08,9.10,9.16,9.21,9.08,19299,17662808.00,1.42,0.22,0.02,0.86
2021-07-09,9.15,9.12,9.29,9.09,31255,28720366.00,2.18,-0.44,-0.04,1.40
2021-07-12,9.13,9.33,9.38,9.13,35062,32497866.00,2.74,2.30,0.21,1.57
2021-07-13,9.33,9.35,9.36,9.23,20802,19358313.00,1.39,0.21,0.02,0.93
2021-07-14,9.35,9.17,9.35,9.13,25593,23515565.00,2.35,-1.93,-0.18,1.14
2021-07-15,9.16,8.97,9.16,8.88,37940,34039179.00,3.05,-2.18,-0.20,1.70
2021-07-16,8.96,9.00,9.07,8.92,19847,17859998.00,1.67,0.33,0.03,0.89
2021-07-19,8.99,9.00,9.02,8.83,15893,14202585.00,2.11,0.00,0.00,0.71
2021-07-20,8.93,9.07,9.08,8.87,16111,14452489.00,2.33,0.78,0.07,0.72
2021-07-21,9.07,9.16,9.20,9.07,21711,19842000.00,1.43,0.99,0.09,0.97"]}});
