jQuery112402823351815161831_1626521459839({"rc":0,"rt":17,"svr":181216957,"lt":1,"full":0,"data":{"code":"002738
market":0,"name":"中矿资源
decimal":2,"dktotal":1469,"preKPrice":53.32,"klines":["2021-07-08,52.52,54.91,57.85,52.52,154998,857283984.00,10.00,2.98,1.59,5.97
2021-07-09,54.47,60.40,60.40,53.60,201449,1169800704.00,12.38,10.00,5.49,7.76
2021-07-12,61.00,64.52,65.83,60.51,257965,1634950896.00,8.81,6.82,4.12,9.93
2021-07-13,62.65,63.29,64.48,60.69,160856,997637904.00,5.87,-1.91,-1.23,6.19
2021-07-14,62.00,62.48,66.80,60.42,177843,1126613728.00,10.08,-1.28,-0.81,6.85
2021-07-15,60.00,61.50,62.52,56.23,247674,1467672192.00,10.07,-1.57,-0.98,9.54
2021-07-16,59.58,60.20,62.80,58.60,139587,847579648.00,6.83,-2.11,-1.30,5.37
2021-07-19,60.21,61.92,64.40,59.48,177239,1099637168.00,8.17,2.86,1.72,6.82
2021-07-20,60.50,62.25,62.94,59.00,143342,879905952.00,6.36,0.53,0.33,5.52
2021-07-21,63.97,68.48,68.48,63.32,154753,1025954512.00,8.29,10.01,6.23,5.96"]}});
