jQuery112402823351815161831_1626521459839({"rc":0,"rt":17,"svr":181734974,"lt":1,"full":0,"data":{"code":"002741
market":0,"name":"光华科技
decimal":2,"dktotal":1520,"preKPrice":17.71,"klines":["2021-07-08,18.30,18.41,19.21,17.82,261671,482242976.00,7.85,3.95,0.70,8.15
2021-07-09,18.05,19.28,19.80,17.92,233773,442778976.00,10.21,4.73,0.87,7.28
2021-07-12,19.28,19.03,19.49,18.40,197436,376619264.00,5.65,-1.30,-0.25,6.15
2021-07-13,18.98,18.81,19.14,18.34,133717,249451626.00,4.20,-1.16,-0.22,4.16
2021-07-14,18.47,19.52,20.44,18.41,188231,369822944.00,10.79,3.77,0.71,5.86
2021-07-15,19.30,20.13,20.33,18.85,151426,296254576.00,7.58,3.13,0.61,4.71
2021-07-16,19.82,19.48,20.18,19.40,116005,229784197.00,3.87,-3.23,-0.65,3.61
2021-07-19,19.43,19.27,20.06,19.13,110612,216374856.00,4.77,-1.08,-0.21,3.44
2021-07-20,19.00,19.45,19.86,19.00,80660,156487330.00,4.46,0.93,0.18,2.51
2021-07-21,19.77,20.30,20.96,19.59,118452,240391853.00,7.04,4.37,0.85,3.69"]}});
