jQuery112402823351815161831_1626521459839({"rc":0,"rt":17,"svr":182482648,"lt":1,"full":0,"data":{"code":"600723
market":1,"name":"首商股份
decimal":2,"dktotal":5954,"preKPrice":8.02,"klines":["2021-07-08,8.08,7.99,8.12,7.97,36962,29706627.00,1.87,-0.37,-0.03,0.56
2021-07-09,8.00,7.88,8.02,7.83,34571,27260811.00,2.38,-1.38,-0.11,0.53
2021-07-12,7.96,7.96,8.05,7.89,31672,25180958.00,2.03,1.02,0.08,0.48
2021-07-13,7.97,8.02,8.05,7.94,20530,16415448.00,1.38,0.75,0.06,0.31
2021-07-14,8.05,7.96,8.05,7.93,17037,13567402.00,1.50,-0.75,-0.06,0.26
2021-07-15,7.92,7.89,7.98,7.86,26510,20976280.00,1.51,-0.88,-0.07,0.40
2021-07-16,7.90,7.88,7.94,7.81,24479,19252084.00,1.65,-0.13,-0.01,0.37
2021-07-19,7.87,7.91,7.97,7.81,22075,17416080.00,2.03,0.38,0.03,0.34
2021-07-20,7.90,7.92,7.92,7.78,27582,21610207.00,1.77,0.13,0.01,0.42
2021-07-21,7.89,8.10,8.29,7.85,50369,40656990.00,5.56,2.27,0.18,0.77"]}});
