jQuery112402823351815161831_1626521459839({"rc":0,"rt":17,"svr":182480524,"lt":1,"full":0,"data":{"code":"002420
market":0,"name":"毅昌股份
decimal":2,"dktotal":2695,"preKPrice":4.6,"klines":["2021-07-08,4.62,4.60,4.62,4.55,14540,6659971.00,1.52,0.00,0.00,0.37
2021-07-09,4.60,4.59,4.61,4.56,19300,8852786.00,1.09,-0.22,-0.01,0.49
2021-07-12,4.60,4.54,4.62,4.51,32894,15029045.00,2.40,-1.09,-0.05,0.84
2021-07-13,4.54,4.58,4.58,4.49,24761,11225825.00,1.98,0.88,0.04,0.63
2021-07-14,4.56,4.50,4.58,4.49,23185,10467721.00,1.97,-1.75,-0.08,0.59
2021-07-15,4.48,4.43,4.49,4.39,30519,13498668.00,2.22,-1.56,-0.07,0.78
2021-07-16,4.43,4.41,4.46,4.40,15375,6815026.00,1.35,-0.45,-0.02,0.39
2021-07-19,4.43,4.44,4.45,4.37,18161,8010962.00,1.81,0.68,0.03,0.46
2021-07-20,4.43,4.46,4.48,4.40,12655,5627553.00,1.80,0.45,0.02,0.32
2021-07-21,4.46,4.50,4.50,4.43,13376,6002790.00,1.57,0.90,0.04,0.34"]}});
