jQuery112402823351815161831_1626521459839({"rc":0,"rt":17,"svr":181669633,"lt":1,"full":0,"data":{"code":"600219
market":1,"name":"南山铝业
decimal":2,"dktotal":5058,"preKPrice":3.75,"klines":["2021-07-08,3.76,3.72,3.81,3.71,902675,339386912.00,2.67,-0.80,-0.03,0.76
2021-07-09,3.72,3.92,3.93,3.69,1976564,760487968.00,6.45,5.38,0.20,1.65
2021-07-12,4.00,3.97,4.07,3.93,1984218,792171520.00,3.57,1.28,0.05,1.66
2021-07-13,4.13,4.37,4.37,4.13,5119404,2208772800.00,6.05,10.08,0.40,4.28
2021-07-14,4.53,4.47,4.67,4.38,5915525,2666702048.00,6.64,2.29,0.10,4.95
2021-07-15,4.42,4.52,4.56,4.37,2893498,1297737200.00,4.25,1.12,0.05,2.42
2021-07-16,4.51,4.62,4.76,4.49,2620069,1217143232.00,5.97,2.21,0.10,2.19
2021-07-19,4.60,4.55,4.75,4.52,2976948,1379128912.00,4.98,-1.52,-0.07,2.49
2021-07-20,4.46,4.55,4.59,4.40,1945574,879307648.00,4.18,0.00,0.00,1.63
2021-07-21,4.63,4.63,4.69,4.58,1428993,660975824.00,2.42,1.76,0.08,1.20"]}});
