jQuery112402823351815161831_1626521459839({"rc":0,"rt":17,"svr":181216787,"lt":1,"full":0,"data":{"code":"002648
market":0,"name":"卫星石化
decimal":2,"dktotal":2298,"preKPrice":36.58,"klines":["2021-07-08,36.58,36.15,37.13,35.54,135939,492502912.00,4.35,-1.18,-0.43,0.79
2021-07-09,35.97,36.71,36.74,33.80,233002,823157584.00,8.13,1.55,0.56,1.36
2021-07-12,36.91,38.58,38.80,36.71,183701,700057568.00,5.69,5.09,1.87,1.07
2021-07-13,38.41,38.88,39.49,38.15,112450,436719456.00,3.47,0.78,0.30,0.66
2021-07-14,39.00,38.70,39.49,38.50,102423,399195808.00,2.55,-0.46,-0.18,0.60
2021-07-15,38.70,38.95,39.95,38.65,114851,449196752.00,3.36,0.65,0.25,0.67
2021-07-16,39.10,38.45,39.48,38.30,87034,337786576.00,3.03,-1.28,-0.50,0.51
2021-07-19,38.60,38.22,39.23,38.08,103266,397750176.00,2.99,-0.60,-0.23,0.60
2021-07-20,37.80,37.07,38.00,36.36,153277,568238672.00,4.29,-3.01,-1.15,0.89
2021-07-21,37.45,38.24,38.50,37.30,140326,532750128.00,3.24,3.16,1.17,0.82"]}});
