jQuery112402823351815161831_1626521459839({"rc":0,"rt":17,"svr":182482650,"lt":1,"full":0,"data":{"code":"002807
market":0,"name":"江阴银行
decimal":2,"dktotal":1178,"preKPrice":3.95,"klines":["2021-07-08,3.96,3.93,3.96,3.92,81973,32287002.00,1.01,-0.51,-0.02,0.38
2021-07-09,3.92,3.93,3.94,3.91,70860,27799764.00,0.76,0.00,0.00,0.33
2021-07-12,3.95,3.93,3.95,3.92,105089,41368487.00,0.76,0.00,0.00,0.48
2021-07-13,3.93,3.92,3.93,3.91,100398,39326972.00,0.51,-0.25,-0.01,0.46
2021-07-14,3.92,3.86,3.92,3.86,140565,54566537.00,1.53,-1.53,-0.06,0.65
2021-07-15,3.87,3.90,3.92,3.86,152711,59538149.00,1.55,1.04,0.04,0.70
2021-07-16,3.89,3.89,3.90,3.87,88386,34346884.00,0.77,-0.26,-0.01,0.41
2021-07-19,3.89,3.92,3.92,3.87,97542,38022627.00,1.29,0.77,0.03,0.45
2021-07-20,3.90,3.92,3.92,3.89,53311,20822542.00,0.77,0.00,0.00,0.25
2021-07-21,3.92,3.90,3.93,3.89,65681,25656279.00,1.02,-0.51,-0.02,0.30"]}});
