jQuery112402823351815161831_1626521459839({"rc":0,"rt":17,"svr":182482650,"lt":1,"full":0,"data":{"code":"002468
market":0,"name":"申通快递
decimal":2,"dktotal":2504,"preKPrice":7.54,"klines":["2021-07-08,7.51,7.39,7.55,7.38,97350,72517887.00,2.25,-1.99,-0.15,0.65
2021-07-09,7.38,7.53,7.57,7.33,87050,65068571.00,3.25,1.89,0.14,0.58
2021-07-12,7.56,7.59,7.72,7.51,104241,79544694.00,2.79,0.80,0.06,0.70
2021-07-13,7.63,7.59,7.65,7.54,49938,37824015.00,1.45,0.00,0.00,0.33
2021-07-14,7.56,7.69,7.79,7.55,132352,101922017.00,3.16,1.32,0.10,0.89
2021-07-15,7.62,7.41,7.63,7.36,139650,103850683.00,3.51,-3.64,-0.28,0.94
2021-07-16,7.39,7.31,7.44,7.27,95892,70223116.00,2.29,-1.35,-0.10,0.64
2021-07-19,7.29,7.15,7.30,7.10,92902,66462476.00,2.74,-2.19,-0.16,0.62
2021-07-20,7.12,7.16,7.20,7.11,45574,32605911.00,1.26,0.14,0.01,0.31
2021-07-21,7.17,7.12,7.21,7.11,63840,45608654.00,1.40,-0.56,-0.04,0.43"]}});
