jQuery112402823351815161831_1626521459839({"rc":0,"rt":17,"svr":182482650,"lt":1,"full":0,"data":{"code":"002410
market":0,"name":"广联达
decimal":2,"dktotal":2668,"preKPrice":67.07,"klines":["2021-07-08,67.31,67.72,67.97,66.31,81302,549436400.00,2.48,0.97,0.65,0.82
2021-07-09,67.84,68.36,68.65,67.00,55108,374241424.00,2.44,0.95,0.64,0.56
2021-07-12,68.60,71.33,71.77,68.11,92962,658116608.00,5.35,4.34,2.97,0.94
2021-07-13,71.03,72.77,74.43,70.89,119621,874466208.00,4.96,2.02,1.44,1.21
2021-07-14,74.86,76.62,77.66,73.81,132029,1008361040.00,5.29,5.29,3.85,1.33
2021-07-15,76.36,75.13,76.60,73.85,93164,700445312.00,3.59,-1.94,-1.49,0.94
2021-07-16,75.48,71.49,75.48,71.38,73916,543589536.00,5.46,-4.84,-3.64,0.75
2021-07-19,72.10,72.00,73.50,71.20,68418,494678992.00,3.22,0.71,0.51,0.69
2021-07-20,71.23,70.30,72.35,69.69,53162,375444016.00,3.69,-2.36,-1.70,0.54
2021-07-21,70.65,69.93,70.95,69.76,63753,446963904.00,1.69,-0.53,-0.37,0.64"]}});
