jQuery112402823351815161831_1626521459839({"rc":0,"rt":17,"svr":182480525,"lt":1,"full":0,"data":{"code":"002281
market":0,"name":"光迅科技
decimal":2,"dktotal":2830,"preKPrice":23.56,"klines":["2021-07-08,23.60,23.40,23.72,23.25,75582,177350633.00,1.99,-0.68,-0.16,1.14
2021-07-09,23.23,23.47,23.92,23.22,82396,194290698.00,2.99,0.30,0.07,1.24
2021-07-12,23.54,24.83,25.23,23.48,204139,502140592.00,7.46,5.79,1.36,3.08
2021-07-13,24.88,25.06,25.22,24.60,170056,423330032.00,2.50,0.93,0.23,2.56
2021-07-14,25.07,24.76,25.18,24.74,110334,275178144.00,1.76,-1.20,-0.30,1.66
2021-07-15,24.81,25.00,25.14,24.40,107655,266773337.00,2.99,0.97,0.24,1.62
2021-07-16,24.86,24.34,24.87,24.26,103170,252335782.00,2.44,-2.64,-0.66,1.55
2021-07-19,24.29,25.03,25.13,23.70,157749,387614176.00,5.88,2.83,0.69,2.38
2021-07-20,24.80,25.17,25.20,24.62,119115,297175920.00,2.32,0.56,0.14,1.79
2021-07-21,25.18,24.90,25.22,24.68,115041,286340640.00,2.15,-1.07,-0.27,1.73"]}});
