jQuery112402823351815161831_1626521459839({"rc":0,"rt":17,"svr":182481427,"lt":1,"full":0,"data":{"code":"600302
market":1,"name":"标准股份
decimal":2,"dktotal":4921,"preKPrice":4.25,"klines":["2021-07-08,4.22,4.18,4.25,4.16,19067,7991638.00,2.12,-1.65,-0.07,0.55
2021-07-09,4.18,4.20,4.22,4.12,17302,7217091.00,2.39,0.48,0.02,0.50
2021-07-12,4.22,4.22,4.27,4.20,21269,9002354.00,1.67,0.48,0.02,0.61
2021-07-13,4.21,4.25,4.25,4.18,14357,6068537.00,1.66,0.71,0.03,0.41
2021-07-14,4.25,4.22,4.26,4.21,17609,7461999.00,1.18,-0.71,-0.03,0.51
2021-07-15,4.21,4.20,4.23,4.14,20929,8767305.00,2.13,-0.47,-0.02,0.60
2021-07-16,4.19,4.16,4.20,4.15,14180,5922599.00,1.19,-0.95,-0.04,0.41
2021-07-19,4.14,4.12,4.14,4.06,26954,11058932.00,1.92,-0.96,-0.04,0.78
2021-07-20,4.10,4.12,4.13,4.07,9987,4097179.00,1.46,0.00,0.00,0.29
2021-07-21,4.10,4.13,4.15,4.10,13514,5582954.00,1.21,0.24,0.01,0.39"]}});
