jQuery112402823351815161831_1626521459839({"rc":0,"rt":17,"svr":181669475,"lt":1,"full":0,"data":{"code":"002839
market":0,"name":"张家港行
decimal":2,"dktotal":1081,"preKPrice":5.51,"klines":["2021-07-08,5.37,5.29,5.37,5.29,177860,94731946.00,1.45,-3.99,-0.22,1.24
2021-07-09,5.28,5.26,5.31,5.25,134249,70837544.00,1.13,-0.57,-0.03,0.93
2021-07-12,5.31,5.29,5.32,5.28,147089,77891072.00,0.76,0.57,0.03,1.02
2021-07-13,5.29,5.29,5.30,5.25,123157,65001379.00,0.95,0.00,0.00,0.86
2021-07-14,5.30,5.24,5.30,5.23,117982,62009238.00,1.32,-0.95,-0.05,0.82
2021-07-15,5.35,5.52,5.70,5.32,760519,417759968.00,7.25,5.34,0.28,5.28
2021-07-16,5.45,5.56,5.61,5.41,600881,333086496.00,3.62,0.72,0.04,4.17
2021-07-19,5.53,5.63,5.65,5.51,357724,200350411.00,2.52,1.26,0.07,2.48
2021-07-20,5.58,5.57,5.61,5.54,226081,125964241.00,1.24,-1.07,-0.06,1.57
2021-07-21,5.57,5.53,5.61,5.51,196662,108943073.00,1.80,-0.72,-0.04,1.37"]}});
