jQuery112402823351815161831_1626521459839({"rc":0,"rt":17,"svr":182482248,"lt":1,"full":0,"data":{"code":"600735
market":1,"name":"新华锦
decimal":2,"dktotal":5540,"preKPrice":6.09,"klines":["2021-07-08,6.08,5.90,6.08,5.90,108112,64431550.00,2.96,-3.12,-0.19,2.88
2021-07-09,5.85,5.93,5.94,5.78,86569,50740649.00,2.71,0.51,0.03,2.30
2021-07-12,5.95,5.94,6.01,5.90,67854,40342265.00,1.85,0.17,0.01,1.80
2021-07-13,5.91,5.90,5.94,5.84,80515,47306654.00,1.68,-0.67,-0.04,2.14
2021-07-14,5.86,6.08,6.09,5.86,162071,97283126.00,3.90,3.05,0.18,4.31
2021-07-15,6.04,5.85,6.04,5.79,117634,69006005.00,4.11,-3.78,-0.23,3.13
2021-07-16,5.80,5.66,5.84,5.65,105818,60348055.00,3.25,-3.25,-0.19,2.81
2021-07-19,5.63,5.67,5.70,5.45,94528,52745157.00,4.42,0.18,0.01,2.51
2021-07-20,5.61,5.61,5.65,5.55,47778,26769888.00,1.76,-1.06,-0.06,1.27
2021-07-21,5.68,5.71,5.86,5.68,86216,49450095.00,3.21,1.78,0.10,2.29"]}});
