jQuery112402823351815161831_1626521459839({"rc":0,"rt":17,"svr":181216957,"lt":1,"full":0,"data":{"code":"600097
market":1,"name":"开创国际
decimal":2,"dktotal":5585,"preKPrice":9.23,"klines":["2021-07-08,9.23,9.13,9.23,9.09,13986,12771433.00,1.52,-1.08,-0.10,0.58
2021-07-09,9.13,9.17,9.19,9.08,9144,8365830.00,1.20,0.44,0.04,0.38
2021-07-12,9.18,9.17,9.23,9.16,12736,11703824.00,0.76,0.00,0.00,0.53
2021-07-13,9.21,9.18,9.21,9.13,12299,11285166.00,0.87,0.11,0.01,0.51
2021-07-14,9.18,9.12,9.20,9.11,13332,12189677.00,0.98,-0.65,-0.06,0.55
2021-07-15,9.11,9.03,9.11,8.95,17971,16227779.00,1.75,-0.99,-0.09,0.75
2021-07-16,9.03,9.03,9.08,8.98,8180,7382108.00,1.11,0.00,0.00,0.34
2021-07-19,9.00,9.02,9.08,8.92,12567,11286903.00,1.77,-0.11,-0.01,0.52
2021-07-20,8.97,9.04,9.05,8.94,7184,6453246.00,1.22,0.22,0.02,0.30
2021-07-21,9.03,9.04,9.12,9.00,7276,6570076.00,1.33,0.00,0.00,0.30"]}});
