jQuery112402823351815161831_1626521459839({"rc":0,"rt":17,"svr":181216787,"lt":1,"full":0,"data":{"code":"600606
market":1,"name":"绿地控股
decimal":2,"dktotal":6710,"preKPrice":5.41,"klines":["2021-07-08,5.42,5.35,5.43,5.34,214564,115139504.00,1.66,-1.11,-0.06,0.18
2021-07-09,5.33,5.36,5.40,5.31,165242,88543261.00,1.68,0.19,0.01,0.14
2021-07-12,5.42,5.36,5.44,5.34,227977,122669599.00,1.87,0.00,0.00,0.19
2021-07-13,5.40,5.44,5.47,5.37,251405,136452719.00,1.87,1.49,0.08,0.21
2021-07-14,5.46,5.40,5.47,5.40,185984,101008138.00,1.29,-0.74,-0.04,0.15
2021-07-15,5.42,5.43,5.43,5.34,208486,112399210.00,1.67,0.56,0.03,0.17
2021-07-16,5.43,5.45,5.47,5.40,221261,120237363.00,1.29,0.37,0.02,0.18
2021-07-19,5.45,5.43,5.46,5.39,259237,140576378.00,1.28,-0.37,-0.02,0.21
2021-07-20,4.93,4.91,4.97,4.91,276232,136342727.00,1.10,-9.58,-0.52,0.22
2021-07-21,4.91,4.82,4.92,4.82,331211,160591442.00,2.04,-1.83,-0.09,0.26"]}});
