jQuery112402823351815161831_1626521459839({"rc":0,"rt":17,"svr":181734974,"lt":1,"full":0,"data":{"code":"002659
market":0,"name":"凯文教育
decimal":2,"dktotal":2081,"preKPrice":3.73,"klines":["2021-07-08,3.73,3.70,3.73,3.67,54344,20088442.00,1.61,-0.80,-0.03,0.92
2021-07-09,3.68,3.75,3.76,3.68,53082,19727480.00,2.16,1.35,0.05,0.90
2021-07-12,3.75,3.72,3.76,3.72,52112,19472102.00,1.07,-0.80,-0.03,0.89
2021-07-13,3.73,3.75,3.77,3.71,60939,22738902.00,1.61,0.81,0.03,1.04
2021-07-14,3.78,3.70,3.78,3.69,69732,25933158.00,2.40,-1.33,-0.05,1.19
2021-07-15,3.69,3.61,3.70,3.58,101546,36897892.00,3.24,-2.43,-0.09,1.73
2021-07-16,3.59,3.57,3.65,3.55,74849,26910435.00,2.77,-1.11,-0.04,1.27
2021-07-19,3.57,3.53,3.58,3.51,50569,17839747.00,1.96,-1.12,-0.04,0.86
2021-07-20,3.50,3.57,3.60,3.50,63552,22542040.00,2.83,1.13,0.04,1.08
2021-07-21,3.57,3.57,3.63,3.55,75671,27155756.00,2.24,0.00,0.00,1.29"]}});
