jQuery112402823351815161831_1626521459839({"rc":0,"rt":17,"svr":181216957,"lt":1,"full":0,"data":{"code":"002749
market":0,"name":"国光股份
decimal":2,"dktotal":1546,"preKPrice":9.16,"klines":["2021-07-08,9.16,9.01,9.18,8.98,11529,10421305.00,2.18,-1.64,-0.15,0.42
2021-07-09,9.04,9.01,9.05,8.90,7578,6800675.00,1.66,0.00,0.00,0.27
2021-07-12,9.10,9.11,9.18,8.96,14441,13119354.00,2.44,1.11,0.10,0.52
2021-07-13,9.16,9.11,9.16,9.04,7892,7170117.00,1.32,0.00,0.00,0.29
2021-07-14,9.08,9.18,9.25,9.08,14194,13048260.00,1.87,0.77,0.07,0.51
2021-07-15,9.15,9.07,9.18,9.03,9408,8533848.00,1.63,-1.20,-0.11,0.34
2021-07-16,9.05,9.05,9.10,9.01,4307,3897420.00,0.99,-0.22,-0.02,0.16
2021-07-19,9.07,8.97,9.07,8.94,6549,5882792.00,1.44,-0.88,-0.08,0.24
2021-07-20,8.94,9.03,9.08,8.89,7097,6360958.00,2.12,0.67,0.06,0.26
2021-07-21,8.98,9.10,9.13,8.93,9349,8453744.00,2.21,0.78,0.07,0.34"]}});
