jQuery112402823351815161831_1626521459839({"rc":0,"rt":17,"svr":181734976,"lt":1,"full":0,"data":{"code":"600836
market":1,"name":"上海易连
decimal":2,"dktotal":6603,"preKPrice":6.87,"klines":["2021-07-08,6.87,6.91,6.98,6.80,163122,112357176.00,2.62,0.58,0.04,2.46
2021-07-09,6.81,6.92,7.08,6.70,197483,134951575.00,5.50,0.14,0.01,2.98
2021-07-12,6.92,6.88,7.20,6.84,256731,180046322.00,5.20,-0.58,-0.04,3.87
2021-07-13,6.87,7.02,7.05,6.77,126326,87200471.00,4.07,2.03,0.14,1.91
2021-07-14,7.03,7.18,7.31,6.98,171442,122797595.00,4.70,2.28,0.16,2.59
2021-07-15,7.10,7.30,7.35,7.03,169033,121452623.00,4.46,1.67,0.12,2.55
2021-07-16,7.46,7.18,7.52,7.10,171010,123619824.00,5.75,-1.64,-0.12,2.58
2021-07-19,7.06,6.99,7.27,6.95,169762,119650007.00,4.46,-2.65,-0.19,2.56
2021-07-20,6.92,6.99,7.01,6.64,284399,194392229.00,5.29,0.00,0.00,4.29
2021-07-21,6.91,6.81,7.03,6.77,161675,110911871.00,3.72,-2.58,-0.18,2.44"]}});
