jQuery112402823351815161831_1626521459839({"rc":0,"rt":17,"svr":181734975,"lt":1,"full":0,"data":{"code":"002828
market":0,"name":"贝肯能源
decimal":2,"dktotal":1122,"preKPrice":8.56,"klines":["2021-07-08,8.48,8.32,8.50,8.31,39401,32959073.00,2.22,-2.80,-0.24,2.62
2021-07-09,8.31,8.42,8.45,8.26,28845,24142556.00,2.28,1.20,0.10,1.92
2021-07-12,8.48,8.45,8.56,8.33,40153,33816024.00,2.73,0.36,0.03,2.67
2021-07-13,8.40,8.45,8.49,8.33,37375,31475859.00,1.89,0.00,0.00,2.49
2021-07-14,8.48,8.35,8.52,8.33,33348,28009137.00,2.25,-1.18,-0.10,2.22
2021-07-15,8.30,8.30,8.32,8.20,34259,28297122.00,1.44,-0.60,-0.05,2.28
2021-07-16,8.30,8.21,8.31,8.20,26415,21785590.00,1.33,-1.08,-0.09,1.76
2021-07-19,8.23,8.12,8.24,8.08,27993,22757240.00,1.95,-1.10,-0.09,1.86
2021-07-20,8.00,8.03,8.06,7.86,43302,34401016.00,2.46,-1.11,-0.09,2.88
2021-07-21,8.04,8.01,8.09,7.96,26550,21305688.00,1.62,-0.25,-0.02,1.77"]}});
