jQuery112402823351815161831_1626521459839({"rc":0,"rt":17,"svr":182482649,"lt":1,"full":0,"data":{"code":"002362
market":0,"name":"汉王科技
decimal":2,"dktotal":2763,"preKPrice":20.3,"klines":["2021-07-08,20.30,19.98,20.33,19.95,37011,74177989.00,1.87,-1.58,-0.32,2.07
2021-07-09,19.88,19.31,19.89,19.26,50940,98951949.00,3.15,-3.35,-0.67,2.85
2021-07-12,19.32,19.62,19.69,19.32,33326,65164354.00,1.92,1.61,0.31,1.86
2021-07-13,19.58,19.44,19.77,19.20,41840,81142769.00,2.91,-0.92,-0.18,2.34
2021-07-14,19.22,19.36,19.64,19.11,35246,68243987.00,2.73,-0.41,-0.08,1.97
2021-07-15,19.24,18.77,19.26,18.66,41690,78710539.00,3.10,-3.05,-0.59,2.33
2021-07-16,18.72,18.78,18.95,18.59,19363,36396684.00,1.92,0.05,0.01,1.08
2021-07-19,18.76,18.97,19.15,18.66,25830,48988900.00,2.61,1.01,0.19,1.44
2021-07-20,18.97,18.31,18.97,18.25,69879,128433995.00,3.80,-3.48,-0.66,3.39
2021-07-21,18.31,18.71,18.83,18.31,40946,76192988.00,2.84,2.18,0.40,1.99"]}});
