jQuery112402823351815161831_1626521459839({"rc":0,"rt":17,"svr":181216957,"lt":1,"full":0,"data":{"code":"600458
market":1,"name":"时代新材
decimal":2,"dktotal":4334,"preKPrice":8.12,"klines":["2021-07-08,8.12,8.00,8.16,7.96,72859,58568983.00,2.46,-1.48,-0.12,0.91
2021-07-09,7.98,8.18,8.21,7.90,88394,71490046.00,3.88,2.25,0.18,1.10
2021-07-12,8.18,8.19,8.26,8.13,71019,58189337.00,1.59,0.12,0.01,0.88
2021-07-13,8.16,8.22,8.26,8.10,67496,55273550.00,1.95,0.37,0.03,0.84
2021-07-14,8.19,8.12,8.23,8.10,59544,48610348.00,1.58,-1.22,-0.10,0.74
2021-07-15,8.10,8.14,8.14,7.92,77687,62371935.00,2.71,0.25,0.02,0.97
2021-07-16,8.12,8.25,8.35,8.08,98597,81379946.00,3.32,1.35,0.11,1.23
2021-07-19,8.26,8.48,8.50,8.12,158807,132863341.00,4.61,2.79,0.23,1.98
2021-07-20,8.43,8.53,8.54,8.30,122910,103635377.00,2.83,0.59,0.05,1.53
2021-07-21,8.55,8.56,8.72,8.45,133761,114672827.00,3.17,0.35,0.03,1.67"]}});
