jQuery112402823351815161831_1626521459839({"rc":0,"rt":17,"svr":181216957,"lt":1,"full":0,"data":{"code":"002619
market":0,"name":"*ST艾格
decimal":2,"dktotal":1960,"preKPrice":1.35,"klines":["2021-07-08,1.34,1.38,1.40,1.32,662020,90276792.00,5.93,2.22,0.03,4.63
2021-07-09,1.41,1.45,1.45,1.39,479983,68953842.00,4.35,5.07,0.07,3.35
2021-07-12,1.52,1.52,1.52,1.52,61364,9327388.00,0.00,4.83,0.07,0.43
2021-07-13,1.60,1.60,1.60,1.60,48662,7785984.00,0.00,5.26,0.08,0.34
2021-07-14,1.60,1.52,1.62,1.52,1355425,210017154.00,6.25,-5.00,-0.08,9.47
2021-07-15,1.46,1.50,1.53,1.44,858326,125668777.00,5.92,-1.32,-0.02,6.00
2021-07-16,1.48,1.47,1.53,1.45,580882,86253376.00,5.33,-2.00,-0.03,4.06
2021-07-19,1.46,1.40,1.47,1.40,699070,98991786.00,4.76,-4.76,-0.07,4.88
2021-07-20,1.37,1.43,1.46,1.33,1056776,144368339.00,9.29,2.14,0.03,7.38
2021-07-21,1.40,1.39,1.44,1.38,629817,88569604.00,4.20,-2.80,-0.04,4.40"]}});
