jQuery112402823351815161831_1626521459839({"rc":0,"rt":17,"svr":182481221,"lt":1,"full":0,"data":{"code":"600519
market":1,"name":"贵州茅台
decimal":2,"dktotal":4755,"preKPrice":2004.0,"klines":["2021-07-08,2000.10,1985.00,2004.00,1968.00,35517,7027713792.00,1.80,-0.95,-19.00,0.28
2021-07-09,1964.52,1972.11,1985.91,1945.00,30908,6072340992.00,2.06,-0.65,-12.89,0.25
2021-07-12,1975.55,1961.00,1998.78,1940.50,39010,7658786304.00,2.96,-0.56,-11.11,0.31
2021-07-13,1968.00,1982.90,2005.50,1965.00,29925,5946287360.00,2.07,1.12,21.90,0.24
2021-07-14,1974.00,1962.00,1974.50,1945.00,30771,6011814912.00,1.49,-1.05,-20.90,0.24
2021-07-15,1955.02,1997.99,2013.00,1950.60,42190,8391506176.00,3.18,1.83,35.99,0.34
2021-07-16,1980.00,1955.90,1996.60,1950.00,35408,6958296832.00,2.33,-2.11,-42.09,0.28
2021-07-19,1955.89,1975.00,1986.00,1941.00,30052,5900348160.00,2.30,0.98,19.10,0.24
2021-07-20,1975.00,1980.00,1988.93,1961.41,23475,4639300864.00,1.39,0.25,5.00,0.19
2021-07-21,1989.00,1969.00,2006.00,1962.01,29780,5902656256.00,2.22,-0.56,-11.00,0.24"]}});
