jQuery112402823351815161831_1626521459839({"rc":0,"rt":17,"svr":182481598,"lt":1,"full":0,"data":{"code":"600299
market":1,"name":"安迪苏
decimal":2,"dktotal":4880,"preKPrice":11.61,"klines":["2021-07-08,11.60,11.39,11.67,11.36,51060,58510060.00,2.67,-1.89,-0.22,0.19
2021-07-09,11.37,11.60,11.63,11.01,42738,49010129.00,5.44,1.84,0.21,0.16
2021-07-12,11.63,11.68,11.75,11.60,39834,46496443.00,1.29,0.69,0.08,0.15
2021-07-13,11.68,11.68,11.74,11.55,28357,33034601.00,1.63,0.00,0.00,0.11
2021-07-14,11.69,11.65,11.77,11.60,33958,39703488.00,1.46,-0.26,-0.03,0.13
2021-07-15,11.65,11.58,11.71,11.36,36418,41924167.00,3.00,-0.60,-0.07,0.14
2021-07-16,11.57,11.63,11.76,11.48,30704,35815156.00,2.42,0.43,0.05,0.11
2021-07-19,11.60,11.51,11.66,11.48,25044,28894744.00,1.55,-1.03,-0.12,0.09
2021-07-20,11.52,11.86,11.89,11.37,54190,62943609.00,4.52,3.04,0.35,0.20
2021-07-21,11.79,11.70,11.85,11.63,57288,67072277.00,1.85,-1.35,-0.16,0.21"]}});
