jQuery112402823351815161831_1626521459839({"rc":0,"rt":17,"svr":182482249,"lt":1,"full":0,"data":{"code":"600973
market":1,"name":"宝胜股份
decimal":2,"dktotal":3958,"preKPrice":4.04,"klines":["2021-07-08,4.05,4.03,4.09,4.01,85020,34430157.00,1.98,-0.25,-0.01,0.68
2021-07-09,4.02,4.04,4.05,4.00,52292,21042513.00,1.24,0.25,0.01,0.42
2021-07-12,4.05,4.08,4.11,4.03,79625,32534731.00,1.98,0.99,0.04,0.64
2021-07-13,4.08,4.08,4.10,4.04,58815,23925677.00,1.47,0.00,0.00,0.47
2021-07-14,4.07,4.02,4.08,4.00,79067,31895684.00,1.96,-1.47,-0.06,0.63
2021-07-15,4.00,4.04,4.05,4.00,60252,24226217.00,1.24,0.50,0.02,0.48
2021-07-16,4.04,4.04,4.04,3.99,79982,32131113.00,1.24,0.00,0.00,0.64
2021-07-19,4.02,4.01,4.07,4.00,78679,31649547.00,1.73,-0.74,-0.03,0.63
2021-07-20,4.01,4.05,4.08,3.97,80063,32212109.00,2.74,1.00,0.04,0.64
2021-07-21,4.03,4.05,4.06,4.02,55993,22653966.00,0.99,0.00,0.00,0.45"]}});
