jQuery112402823351815161831_1626521459839({"rc":0,"rt":17,"svr":182482650,"lt":1,"full":0,"data":{"code":"600535
market":1,"name":"天士力
decimal":2,"dktotal":4527,"preKPrice":14.07,"klines":["2021-07-08,14.13,13.88,14.13,13.85,145177,202407062.00,1.99,-1.35,-0.19,0.96
2021-07-09,13.89,13.96,14.05,13.83,152136,212305478.00,1.59,0.58,0.08,1.01
2021-07-12,14.04,13.97,14.10,13.91,131436,183892989.00,1.36,0.07,0.01,0.87
2021-07-13,14.05,14.19,14.31,13.94,140097,198297059.00,2.65,1.57,0.22,0.93
2021-07-14,14.19,14.04,14.20,13.95,135638,191110135.00,1.76,-1.06,-0.15,0.90
2021-07-15,14.00,13.73,14.00,13.62,170221,233979540.00,2.71,-2.21,-0.31,1.13
2021-07-16,13.66,13.78,13.92,13.65,109092,150037673.00,1.97,0.36,0.05,0.72
2021-07-19,13.69,14.02,14.06,13.69,128908,179606278.00,2.69,1.74,0.24,0.85
2021-07-20,13.97,13.85,14.09,13.81,100233,139400975.00,2.00,-1.21,-0.17,0.66
2021-07-21,13.93,13.80,14.00,13.73,106086,146547981.00,1.95,-0.36,-0.05,0.70"]}});
