jQuery112402823351815161831_1626521459839({"rc":0,"rt":17,"svr":182482248,"lt":1,"full":0,"data":{"code":"600984
market":1,"name":"建设机械
decimal":2,"dktotal":3937,"preKPrice":10.73,"klines":["2021-07-08,10.72,10.52,10.72,10.48,63533,66958256.00,2.24,-1.96,-0.21,0.74
2021-07-09,10.57,10.60,10.63,10.46,47801,50413367.00,1.62,0.76,0.08,0.56
2021-07-12,10.72,10.67,10.80,10.62,58335,62396252.00,1.70,0.66,0.07,0.68
2021-07-13,10.66,10.55,10.66,10.46,55526,58528805.00,1.87,-1.12,-0.12,0.65
2021-07-14,10.60,10.30,10.60,10.29,77233,80006238.00,2.94,-2.37,-0.25,0.90
2021-07-15,10.30,10.22,10.36,10.16,65604,67014909.00,1.94,-0.78,-0.08,0.76
2021-07-16,10.14,10.17,10.36,10.14,65688,67252671.00,2.15,-0.49,-0.05,0.76
2021-07-19,10.15,9.99,10.15,9.94,78869,78845078.00,2.06,-1.77,-0.18,0.92
2021-07-20,9.93,9.80,9.97,9.75,82054,80486335.00,2.20,-1.90,-0.19,0.96
2021-07-21,9.80,9.87,10.07,9.80,86003,85368210.00,2.76,0.71,0.07,1.00"]}});
