jQuery112402823351815161831_1626521459839({"rc":0,"rt":17,"svr":181734974,"lt":1,"full":0,"data":{"code":"600579
market":1,"name":"克劳斯
decimal":2,"dktotal":4178,"preKPrice":6.66,"klines":["2021-07-08,6.66,6.58,6.80,6.55,66199,43765524.00,3.75,-1.20,-0.08,1.62
2021-07-09,6.53,6.67,6.68,6.39,90058,58875721.00,4.41,1.37,0.09,2.20
2021-07-12,6.81,6.47,6.81,6.37,128146,83491632.00,6.60,-3.00,-0.20,3.13
2021-07-13,6.40,6.26,6.44,6.11,164937,102623041.00,5.10,-3.25,-0.21,4.03
2021-07-14,6.13,6.32,6.46,6.13,112487,71301542.00,5.27,0.96,0.06,2.75
2021-07-15,6.39,6.18,6.39,6.02,100002,61722512.00,5.85,-2.22,-0.14,2.44
2021-07-16,6.22,6.20,6.45,6.15,80649,50634056.00,4.85,0.32,0.02,1.97
2021-07-19,6.22,6.37,6.45,6.06,105785,66352928.00,6.29,2.74,0.17,2.58
2021-07-20,6.33,6.57,6.87,6.23,131965,86433314.00,10.05,3.14,0.20,3.22
2021-07-21,6.58,6.68,6.82,6.47,107736,71373959.00,5.33,1.67,0.11,2.63"]}});
