jQuery112402823351815161831_1626521459839({"rc":0,"rt":17,"svr":181734976,"lt":1,"full":0,"data":{"code":"002551
market":0,"name":"尚荣医疗
decimal":2,"dktotal":2375,"preKPrice":5.33,"klines":["2021-07-08,5.32,5.26,5.32,5.25,50427,26566447.00,1.31,-1.31,-0.07,0.87
2021-07-09,5.24,5.29,5.29,5.20,59010,30950072.00,1.71,0.57,0.03,1.02
2021-07-12,5.29,5.35,5.35,5.28,65660,34985073.00,1.32,1.13,0.06,1.13
2021-07-13,5.35,5.35,5.36,5.30,51139,27206626.00,1.12,0.00,0.00,0.88
2021-07-14,5.34,5.33,5.36,5.31,50140,26721225.00,0.93,-0.37,-0.02,0.86
2021-07-15,5.32,5.25,5.33,5.20,58729,30759558.00,2.44,-1.50,-0.08,1.01
2021-07-16,5.25,5.23,5.25,5.21,36756,19203064.00,0.76,-0.38,-0.02,0.63
2021-07-19,5.21,5.24,5.27,5.18,46001,24010695.00,1.72,0.19,0.01,0.79
2021-07-20,5.22,5.33,5.42,5.21,105107,56236886.00,4.01,1.72,0.09,1.81
2021-07-21,5.29,5.35,5.37,5.29,73101,39011481.00,1.50,0.38,0.02,1.26"]}});
