jQuery112402823351815161831_1626521459839({"rc":0,"rt":17,"svr":182481221,"lt":1,"full":0,"data":{"code":"002576
market":0,"name":"通达动力
decimal":2,"dktotal":2121,"preKPrice":11.27,"klines":["2021-07-08,11.30,11.42,11.44,11.22,29812,33860849.00,1.95,1.33,0.15,1.81
2021-07-09,11.50,11.42,11.50,11.26,30702,35023156.00,2.10,0.00,0.00,1.87
2021-07-12,11.44,11.54,11.62,11.43,33621,38789397.00,1.66,1.05,0.12,2.04
2021-07-13,11.54,11.79,11.94,11.45,46703,54861120.00,4.25,2.17,0.25,2.84
2021-07-14,11.79,11.65,11.89,11.63,26012,30514410.00,2.21,-1.19,-0.14,1.58
2021-07-15,11.65,11.43,11.74,11.26,37320,42620445.00,4.12,-1.89,-0.22,2.27
2021-07-16,11.49,11.48,11.61,11.40,23536,27106497.00,1.84,0.44,0.05,1.43
2021-07-19,11.54,11.47,11.63,11.38,19956,22920611.00,2.18,-0.09,-0.01,1.21
2021-07-20,11.34,11.54,11.60,11.26,21857,25157883.00,2.96,0.61,0.07,1.33
2021-07-21,11.54,11.49,11.66,11.40,30380,34953404.00,2.25,-0.43,-0.05,1.85"]}});
