jQuery112402823351815161831_1626521459839({"rc":0,"rt":17,"svr":181734976,"lt":1,"full":0,"data":{"code":"002652
market":0,"name":"扬子新材
decimal":2,"dktotal":2022,"preKPrice":3.35,"klines":["2021-07-08,3.36,3.30,3.38,3.29,49052,16277093.00,2.69,-1.49,-0.05,1.10
2021-07-09,3.29,3.33,3.34,3.29,32101,10625380.00,1.52,0.91,0.03,0.72
2021-07-12,3.35,3.34,3.35,3.31,36903,12286718.00,1.20,0.30,0.01,0.82
2021-07-13,3.33,3.35,3.35,3.28,39382,13111487.00,2.10,0.30,0.01,0.88
2021-07-14,3.34,3.29,3.37,3.28,57107,18916636.00,2.69,-1.79,-0.06,1.28
2021-07-15,3.29,3.26,3.29,3.22,44274,14394145.00,2.13,-0.91,-0.03,0.99
2021-07-16,3.27,3.25,3.33,3.25,37437,12289700.00,2.45,-0.31,-0.01,0.84
2021-07-19,3.26,3.26,3.28,3.21,28155,9140258.00,2.15,0.31,0.01,0.63
2021-07-20,3.25,3.28,3.29,3.23,30704,10014289.00,1.84,0.61,0.02,0.69
2021-07-21,3.28,3.32,3.33,3.28,36710,12133119.00,1.52,1.22,0.04,0.82"]}});
