jQuery112402823351815161831_1626521459839({"rc":0,"rt":17,"svr":182481427,"lt":1,"full":0,"data":{"code":"600975
market":1,"name":"新五丰
decimal":2,"dktotal":4009,"preKPrice":6.59,"klines":["2021-07-08,6.61,6.42,6.62,6.38,161319,104419041.00,3.64,-2.58,-0.17,2.47
2021-07-09,6.40,6.46,6.54,6.38,103779,66997282.00,2.49,0.62,0.04,1.59
2021-07-12,6.50,6.45,6.50,6.39,123388,79306851.00,1.70,-0.15,-0.01,1.89
2021-07-13,6.43,6.43,6.45,6.33,113002,72185320.00,1.86,-0.31,-0.02,1.73
2021-07-14,6.45,6.59,6.68,6.43,277346,182470591.00,3.89,2.49,0.16,4.25
2021-07-15,6.52,6.44,6.57,6.38,160765,103499993.00,2.88,-2.28,-0.15,2.46
2021-07-16,6.38,6.22,6.42,6.20,157587,98519257.00,3.42,-3.42,-0.22,2.41
2021-07-19,6.24,6.28,6.29,6.10,107889,66693758.00,3.05,0.96,0.06,1.65
2021-07-20,6.26,6.19,6.26,6.16,73009,45315647.00,1.59,-1.43,-0.09,1.12
2021-07-21,6.23,6.22,6.27,6.17,72510,45030791.00,1.62,0.48,0.03,1.11"]}});
