jQuery112402823351815161831_1626521459839({"rc":0,"rt":17,"svr":182481597,"lt":1,"full":0,"data":{"code":"600529
market":1,"name":"山东药玻
decimal":2,"dktotal":4562,"preKPrice":31.43,"klines":["2021-07-08,31.46,31.57,31.76,30.21,157808,489906864.00,4.93,0.45,0.14,2.65
2021-07-09,31.25,31.88,32.19,31.02,96650,305316096.00,3.71,0.98,0.31,1.62
2021-07-12,32.10,32.00,32.27,31.76,79866,255332291.00,1.60,0.38,0.12,1.34
2021-07-13,32.00,33.86,34.22,32.00,188686,632159760.00,6.94,5.81,1.86,3.17
2021-07-14,33.86,34.23,34.50,33.50,134322,458339424.00,2.95,1.09,0.37,2.26
2021-07-15,34.23,34.75,35.04,33.33,139234,477554208.00,5.00,1.52,0.52,2.34
2021-07-16,34.73,34.92,35.10,34.20,103357,359498768.00,2.59,0.49,0.17,1.74
2021-07-19,34.60,34.79,35.24,34.57,76959,268854384.00,1.92,-0.37,-0.13,1.29
2021-07-20,34.99,36.00,36.30,34.99,159701,571754816.00,3.77,3.48,1.21,2.68
2021-07-21,35.80,35.98,36.15,35.35,101084,362021104.00,2.22,-0.06,-0.02,1.70"]}});
