jQuery112402823351815161831_1626521459839({"rc":0,"rt":17,"svr":182481597,"lt":1,"full":0,"data":{"code":"002374
market":0,"name":"中锐股份
decimal":2,"dktotal":2651,"preKPrice":2.7,"klines":["2021-07-08,2.71,2.73,2.80,2.68,194295,53241750.00,4.44,1.11,0.03,1.99
2021-07-09,2.72,2.72,2.75,2.68,157496,42613329.00,2.56,-0.37,-0.01,1.61
2021-07-12,2.74,2.65,2.75,2.65,156334,42068756.00,3.68,-2.57,-0.07,1.60
2021-07-13,2.66,2.69,2.70,2.61,168615,44827676.00,3.40,1.51,0.04,1.72
2021-07-14,2.70,2.61,2.71,2.61,119183,31530599.00,3.72,-2.97,-0.08,1.22
2021-07-15,2.62,2.63,2.69,2.60,131766,34890133.00,3.45,0.77,0.02,1.35
2021-07-16,2.64,2.73,2.75,2.63,182855,49478378.00,4.56,3.80,0.10,1.87
2021-07-19,2.74,2.63,2.77,2.61,166965,44280080.00,5.86,-3.66,-0.10,1.71
2021-07-20,2.61,2.58,2.63,2.56,110432,28511769.00,2.66,-1.90,-0.05,1.13
2021-07-21,2.63,2.84,2.84,2.61,532056,148917458.00,8.91,10.08,0.26,5.44"]}});
