jQuery112402823351815161831_1626521459839({"rc":0,"rt":17,"svr":182481159,"lt":1,"full":0,"data":{"code":"002361
market":0,"name":"神剑股份
decimal":2,"dktotal":2666,"preKPrice":4.77,"klines":["2021-07-08,4.75,4.81,4.85,4.74,74737,35868112.00,2.31,0.84,0.04,1.12
2021-07-09,4.78,4.82,4.83,4.70,87298,41594628.00,2.70,0.21,0.01,1.31
2021-07-12,4.83,4.87,4.92,4.83,92201,45017597.00,1.87,1.04,0.05,1.38
2021-07-13,4.88,4.94,4.94,4.86,90950,44657102.00,1.64,1.44,0.07,1.36
2021-07-14,4.97,4.94,4.99,4.89,105440,52109478.00,2.02,0.00,0.00,1.58
2021-07-15,4.95,5.07,5.15,4.95,235174,118721376.00,4.05,2.63,0.13,3.52
2021-07-16,5.04,5.18,5.25,5.02,232818,119980088.00,4.54,2.17,0.11,3.48
2021-07-19,5.29,5.27,5.35,5.14,262221,137124092.00,4.05,1.74,0.09,3.92
2021-07-20,5.25,5.23,5.28,5.05,253776,130906462.00,4.36,-0.76,-0.04,3.80
2021-07-21,5.30,5.26,5.34,5.20,196610,103158182.00,2.68,0.57,0.03,2.94"]}});
