jQuery112402823351815161831_1626521459839({"rc":0,"rt":17,"svr":181734976,"lt":1,"full":0,"data":{"code":"002862
market":0,"name":"实丰文化
decimal":2,"dktotal":1044,"preKPrice":14.12,"klines":["2021-07-08,14.08,13.67,14.20,13.63,46567,64493415.00,4.04,-3.19,-0.45,7.56
2021-07-09,13.60,14.39,14.52,13.60,60626,86075698.00,6.73,5.27,0.72,9.84
2021-07-12,14.37,14.17,14.55,14.08,42108,60098274.00,3.27,-1.53,-0.22,6.83
2021-07-13,14.18,14.05,14.40,13.80,27496,38447622.00,4.23,-0.85,-0.12,4.46
2021-07-14,14.00,14.20,14.31,13.80,34885,49185798.00,3.63,1.07,0.15,5.66
2021-07-15,14.16,13.62,14.18,13.54,33452,45894331.00,4.51,-4.08,-0.58,5.43
2021-07-16,13.62,12.88,13.80,12.88,52108,68436123.00,6.75,-5.43,-0.74,8.46
2021-07-19,12.85,12.72,12.90,12.39,33872,42814471.00,3.96,-1.24,-0.16,5.50
2021-07-20,12.85,12.91,12.91,12.44,32112,40863368.00,3.69,1.49,0.19,5.21
2021-07-21,13.25,13.16,13.82,13.12,44528,59558024.00,5.42,1.94,0.25,7.23"]}});
