jQuery112402823351815161831_1626521459839({"rc":0,"rt":17,"svr":181734975,"lt":1,"full":0,"data":{"code":"600086
market":1,"name":"退市金钰
decimal":2,"dktotal":5341,"preKPrice":0.2,"klines":["2021-02-25,0.20,0.20,0.20,0.19,142596,2786657.00,5.00,0.00,0.00,1.35
2021-02-26,0.20,0.19,0.20,0.18,636769,12082293.00,10.00,-5.00,-0.01,6.03
2021-03-01,0.19,0.19,0.20,0.18,364820,6932067.00,10.53,0.00,0.00,3.45
2021-03-02,0.19,0.19,0.19,0.18,216873,4026208.00,5.26,0.00,0.00,2.05
2021-03-03,0.19,0.18,0.19,0.18,193976,3551831.00,5.26,-5.26,-0.01,1.84
2021-03-04,0.18,0.18,0.18,0.17,395224,7034627.00,5.56,0.00,0.00,3.74
2021-03-05,0.18,0.17,0.18,0.17,376316,6436029.00,5.56,-5.56,-0.01,3.56
2021-03-08,0.17,0.18,0.18,0.16,504985,8662876.00,11.76,5.88,0.01,4.78
2021-03-09,0.17,0.17,0.18,0.16,536078,9176128.00,11.11,-5.56,-0.01,5.07
2021-03-10,0.17,0.16,0.18,0.16,742146,12399264.00,11.76,-5.88,-0.01,7.02"]}});
