jQuery112402823351815161831_1626521459839({"rc":0,"rt":17,"svr":182482649,"lt":1,"full":0,"data":{"code":"600678
market":1,"name":"四川金顶
decimal":2,"dktotal":6193,"preKPrice":5.69,"klines":["2021-07-08,5.62,5.64,5.80,5.56,117610,66442199.00,4.22,-0.88,-0.05,3.37
2021-07-09,5.60,5.68,5.72,5.55,84071,47256820.00,3.01,0.71,0.04,2.41
2021-07-12,5.66,5.71,5.73,5.63,65265,37182845.00,1.76,0.53,0.03,1.87
2021-07-13,5.67,5.74,5.76,5.63,61072,34801332.00,2.28,0.53,0.03,1.75
2021-07-14,5.72,5.65,5.87,5.64,86710,49829961.00,4.01,-1.57,-0.09,2.48
2021-07-15,5.69,5.62,5.71,5.56,59874,33624829.00,2.65,-0.53,-0.03,1.72
2021-07-16,5.61,5.61,5.68,5.58,49294,27768396.00,1.78,-0.18,-0.01,1.41
2021-07-19,5.61,5.55,5.64,5.50,49562,27441691.00,2.50,-1.07,-0.06,1.42
2021-07-20,5.50,5.54,5.55,5.45,38262,21040067.00,1.80,-0.18,-0.01,1.10
2021-07-21,5.57,5.65,5.75,5.55,71615,40480527.00,3.61,1.99,0.11,2.05"]}});
