jQuery112402823351815161831_1626521459839({"rc":0,"rt":17,"svr":182481599,"lt":1,"full":0,"data":{"code":"600020
market":1,"name":"中原高速
decimal":2,"dktotal":4281,"preKPrice":3.23,"klines":["2021-07-08,3.23,3.21,3.24,3.21,51944,16734409.00,0.93,-0.62,-0.02,0.23
2021-07-09,3.21,3.24,3.24,3.20,35535,11461584.00,1.25,0.93,0.03,0.16
2021-07-12,3.24,3.25,3.26,3.24,38423,12478335.00,0.62,0.31,0.01,0.17
2021-07-13,3.24,3.25,3.26,3.23,37150,12052107.00,0.92,0.00,0.00,0.17
2021-07-14,3.25,3.23,3.26,3.22,34190,11059805.00,1.23,-0.62,-0.02,0.15
2021-07-15,3.21,3.20,3.21,3.18,28600,9136469.00,0.93,-0.93,-0.03,0.13
2021-07-16,3.20,3.20,3.21,3.18,42720,13652881.00,0.94,0.00,0.00,0.19
2021-07-19,3.19,3.18,3.20,3.17,28614,9102187.00,0.94,-0.63,-0.02,0.13
2021-07-20,3.18,3.17,3.19,3.15,36722,11627105.00,1.26,-0.31,-0.01,0.16
2021-07-21,3.17,3.18,3.22,3.16,53936,17209322.00,1.89,0.32,0.01,0.24"]}});
