jQuery112402823351815161831_1626521459839({"rc":0,"rt":17,"svr":181734974,"lt":1,"full":0,"data":{"code":"002739
market":0,"name":"万达电影
decimal":2,"dktotal":1137,"preKPrice":16.24,"klines":["2021-07-08,16.18,16.06,16.52,15.95,269614,437511120.00,3.51,-1.11,-0.18,1.26
2021-07-09,16.04,16.45,16.55,15.92,276513,452719616.00,3.92,2.43,0.39,1.29
2021-07-12,16.44,16.35,16.74,16.29,262817,432367360.00,2.74,-0.61,-0.10,1.22
2021-07-13,16.40,16.75,17.08,16.30,459325,769420208.00,4.77,2.45,0.40,2.14
2021-07-14,16.60,16.01,16.67,15.99,411204,668277936.00,4.06,-4.42,-0.74,1.91
2021-07-15,15.99,16.06,16.14,15.59,255414,406233376.00,3.44,0.31,0.05,1.19
2021-07-16,16.05,16.07,16.31,15.77,241457,389112304.00,3.36,0.06,0.01,1.12
2021-07-19,15.99,15.54,16.00,15.50,349789,547021712.00,3.11,-3.30,-0.53,1.63
2021-07-20,15.32,15.36,15.43,15.20,234769,359278464.00,1.48,-1.16,-0.18,1.09
2021-07-21,15.35,15.27,15.47,15.18,215881,329980816.00,1.89,-0.59,-0.09,1.01"]}});
