jQuery112402823351815161831_1626521459839({"rc":0,"rt":17,"svr":182482649,"lt":1,"full":0,"data":{"code":"002273
market":0,"name":"水晶光电
decimal":2,"dktotal":3043,"preKPrice":13.81,"klines":["2021-07-08,13.88,13.85,14.06,13.78,371922,517670848.00,2.03,0.29,0.04,3.15
2021-07-09,13.73,14.24,14.34,13.56,566038,794355008.00,5.63,2.82,0.39,4.80
2021-07-12,14.29,13.99,14.29,13.80,463491,649100496.00,3.44,-1.76,-0.25,3.93
2021-07-13,13.95,14.65,14.81,13.64,940210,1354501936.00,8.36,4.72,0.66,7.97
2021-07-14,14.99,14.59,15.36,14.59,836114,1247893712.00,5.26,-0.41,-0.06,7.09
2021-07-15,14.67,14.40,14.92,14.11,473202,683145680.00,5.55,-1.30,-0.19,4.01
2021-07-16,14.41,15.57,15.83,14.41,1185020,1823955152.00,9.86,8.13,1.17,10.04
2021-07-19,15.67,15.45,15.93,15.25,621610,963129328.00,4.37,-0.77,-0.12,5.27
2021-07-20,15.10,15.55,15.70,15.06,458380,708395024.00,4.14,0.65,0.10,3.88
2021-07-21,15.46,15.15,15.66,15.15,642188,990990064.00,3.28,-2.57,-0.40,5.44"]}});
