jQuery112402823351815161831_1626521459839({"rc":0,"rt":17,"svr":182482248,"lt":1,"full":0,"data":{"code":"600516
market":1,"name":"方大炭素
decimal":2,"dktotal":4431,"preKPrice":7.8,"klines":["2021-07-08,7.82,7.88,7.94,7.74,951272,746653152.00,2.56,1.03,0.08,2.50
2021-07-09,7.87,8.15,8.24,7.75,1402325,1132371008.00,6.22,3.43,0.27,3.68
2021-07-12,8.20,8.15,8.36,8.10,1239137,1014632384.00,3.19,0.00,0.00,3.26
2021-07-13,8.20,8.29,8.35,8.06,1045318,860344512.00,3.56,1.72,0.14,2.75
2021-07-14,8.28,8.09,8.29,8.07,829163,675493136.00,2.65,-2.41,-0.20,2.18
2021-07-15,8.08,8.26,8.30,8.06,938849,771368672.00,2.97,2.10,0.17,2.47
2021-07-16,8.26,8.37,8.48,8.14,1240828,1037260224.00,4.12,1.33,0.11,3.26
2021-07-19,8.32,8.21,8.56,8.18,1185130,988879200.00,4.54,-1.91,-0.16,3.11
2021-07-20,8.09,8.54,8.71,7.98,1755362,1485820272.00,8.89,4.02,0.33,4.61
2021-07-21,8.49,8.46,8.59,8.38,1195467,1014207664.00,2.46,-0.94,-0.08,3.14"]}});
