jQuery112402823351815161831_1626521459839({"rc":0,"rt":17,"svr":181669633,"lt":1,"full":0,"data":{"code":"600614
market":1,"name":"退市鹏起
decimal":2,"dktotal":6341,"preKPrice":0.22,"klines":["2021-07-01,0.22,0.22,0.23,0.21,479572,10569785.00,9.09,0.00,0.00,3.17
2021-07-02,0.22,0.21,0.22,0.21,298453,6331519.00,4.55,-4.55,-0.01,1.97
2021-07-05,0.21,0.21,0.22,0.20,215321,4565656.00,9.52,0.00,0.00,1.42
2021-07-06,0.21,0.22,0.23,0.21,393693,8582325.00,9.52,4.76,0.01,2.60
2021-07-07,0.22,0.22,0.23,0.22,218209,4868285.00,4.55,0.00,0.00,1.44
2021-07-08,0.22,0.23,0.24,0.22,408892,9460688.00,9.09,4.55,0.01,2.71
2021-07-09,0.23,0.24,0.25,0.23,444943,10658611.00,8.70,4.35,0.01,2.94
2021-07-12,0.25,0.25,0.25,0.23,691579,16823648.00,8.33,4.17,0.01,4.58
2021-07-13,0.25,0.24,0.26,0.24,559568,13942182.00,8.00,-4.00,-0.01,3.70
2021-07-14,0.25,0.26,0.26,0.24,709620,18026196.00,8.33,8.33,0.02,4.69"]}});
