jQuery112402823351815161831_1626521459839({"rc":0,"rt":17,"svr":181669475,"lt":1,"full":0,"data":{"code":"600799
market":1,"name":"*ST龙科
decimal":2,"dktotal":1923,"preKPrice":0.87,"klines":["2005-04-18,0.89,0.83,0.91,0.83,99123,8721679.00,9.20,-4.60,-0.04,0.00
2005-04-19,0.79,0.79,0.79,0.79,14118,1115322.00,0.00,-4.82,-0.04,0.00
2005-04-20,0.75,0.75,0.75,0.75,7002,525150.00,0.00,-5.06,-0.04,0.00
2005-04-21,0.71,0.71,0.71,0.71,3728,264688.00,0.00,-5.33,-0.04,0.00
2005-04-22,0.67,0.67,0.67,0.67,3212,215204.00,0.00,-5.63,-0.04,0.00
2005-04-25,0.64,0.64,0.64,0.64,10027,641728.00,0.00,-4.48,-0.03,0.00
2005-04-26,0.61,0.61,0.61,0.61,4578,279258.00,0.00,-4.69,-0.03,0.00
2005-04-27,0.58,0.58,0.58,0.58,16225,941050.00,0.00,-4.92,-0.03,0.00
2005-04-28,0.55,0.55,0.55,0.55,36381,2000955.00,0.00,-5.17,-0.03,0.00
2005-04-29,0.52,0.54,0.57,0.52,142101,7592683.00,9.09,-1.82,-0.01,0.00"]}});
