jQuery112402823351815161831_1626521459839({"rc":0,"rt":17,"svr":182480525,"lt":1,"full":0,"data":{"code":"002778
market":0,"name":"中晟高科
decimal":2,"dktotal":1288,"preKPrice":18.2,"klines":["2021-07-08,18.20,17.56,18.41,17.46,11376,20096739.00,5.22,-3.52,-0.64,0.91
2021-07-09,17.56,17.73,17.80,17.21,6044,10636364.00,3.36,0.97,0.17,0.48
2021-07-12,17.80,17.61,18.10,17.39,9358,16529336.00,4.00,-0.68,-0.12,0.75
2021-07-13,17.45,17.50,17.75,17.42,7030,12333913.00,1.87,-0.62,-0.11,0.56
2021-07-14,17.45,17.21,17.60,17.20,6553,11341388.00,2.29,-1.66,-0.29,0.53
2021-07-15,17.41,17.07,17.41,16.88,4654,7917562.00,3.08,-0.81,-0.14,0.37
2021-07-16,16.90,17.02,17.27,16.89,3968,6746323.00,2.23,-0.29,-0.05,0.32
2021-07-19,17.02,16.72,17.03,16.61,9350,15687253.00,2.47,-1.76,-0.30,0.75
2021-07-20,16.72,16.56,16.73,16.50,4342,7198063.00,1.38,-0.96,-0.16,0.35
2021-07-21,16.57,16.61,16.70,16.45,5712,9463297.00,1.51,0.30,0.05,0.46"]}});
