jQuery112402823351815161831_1626521459839({"rc":0,"rt":17,"svr":181734975,"lt":1,"full":0,"data":{"code":"600868
market":1,"name":"梅雁吉祥
decimal":2,"dktotal":6375,"preKPrice":2.87,"klines":["2021-07-08,2.88,2.85,2.88,2.85,101736,29091405.00,1.05,-0.70,-0.02,0.54
2021-07-09,2.84,2.86,2.86,2.81,106597,30238385.00,1.75,0.35,0.01,0.56
2021-07-12,2.86,2.87,2.88,2.86,89191,25585190.00,0.70,0.35,0.01,0.47
2021-07-13,2.86,2.88,2.89,2.85,125049,35957698.00,1.39,0.35,0.01,0.66
2021-07-14,2.88,2.88,2.91,2.87,146145,42214008.00,1.39,0.00,0.00,0.77
2021-07-15,2.88,2.85,2.89,2.84,116367,33247787.00,1.74,-1.04,-0.03,0.61
2021-07-16,2.85,2.85,2.86,2.84,86490,24648555.00,0.70,0.00,0.00,0.46
2021-07-19,2.84,2.83,2.85,2.82,104690,29604226.00,1.05,-0.70,-0.02,0.55
2021-07-20,2.82,2.81,2.82,2.80,83314,23402653.00,0.71,-0.71,-0.02,0.44
2021-07-21,2.81,2.82,2.83,2.80,77127,21723532.00,1.07,0.36,0.01,0.41"]}});
