jQuery112402823351815161831_1626521459839({"rc":0,"rt":17,"svr":181216787,"lt":1,"full":0,"data":{"code":"600084
market":1,"name":"*ST中葡
decimal":2,"dktotal":5381,"preKPrice":4.24,"klines":["2021-07-08,4.18,4.34,4.42,4.18,143146,61972561.00,5.66,2.36,0.10,1.27
2021-07-09,4.32,4.17,4.32,4.12,128164,53359010.00,4.61,-3.92,-0.17,1.14
2021-07-12,4.17,3.98,4.19,3.96,159645,63786618.00,5.52,-4.56,-0.19,1.42
2021-07-13,3.95,3.99,4.12,3.85,97088,39178246.00,6.78,0.25,0.01,0.86
2021-07-14,3.95,4.01,4.08,3.93,75849,30339695.00,3.76,0.50,0.02,0.67
2021-07-15,3.97,3.96,4.03,3.90,72396,28688382.00,3.24,-1.25,-0.05,0.64
2021-07-16,3.93,4.05,4.15,3.93,92329,37438224.00,5.56,2.27,0.09,0.82
2021-07-19,4.02,4.03,4.10,3.97,63337,25410427.00,3.21,-0.49,-0.02,0.56
2021-07-20,3.99,4.23,4.23,3.98,113454,47194932.00,6.20,4.96,0.20,1.01
2021-07-21,4.28,4.16,4.34,4.14,119908,50627681.00,4.73,-1.65,-0.07,1.07"]}});
