jQuery112402823351815161831_1626521459839({"rc":0,"rt":17,"svr":182480525,"lt":1,"full":0,"data":{"code":"002448
market":0,"name":"中原内配
decimal":2,"dktotal":2666,"preKPrice":6.44,"klines":["2021-07-08,6.41,6.25,6.51,6.16,398313,251092206.00,5.43,-2.95,-0.19,8.35
2021-07-09,6.22,6.70,6.77,6.18,669943,438898944.00,9.44,7.20,0.45,14.05
2021-07-12,6.65,6.63,6.87,6.57,460925,307839056.00,4.48,-1.04,-0.07,9.66
2021-07-13,6.57,6.62,6.69,6.53,201376,133086516.00,2.41,-0.15,-0.01,4.22
2021-07-14,6.57,6.54,6.76,6.37,438872,287898208.00,5.89,-1.21,-0.08,9.20
2021-07-15,6.51,6.63,6.73,6.45,451390,298241232.00,4.28,1.38,0.09,9.46
2021-07-16,6.55,6.41,6.57,6.39,309303,199899024.00,2.71,-3.32,-0.22,6.48
2021-07-19,6.42,6.49,6.51,6.36,189849,122473375.00,2.34,1.25,0.08,3.98
2021-07-20,6.42,6.52,6.55,6.39,170982,110617536.00,2.47,0.46,0.03,3.58
2021-07-21,6.49,6.50,6.57,6.43,248638,161289751.00,2.15,-0.31,-0.02,5.21"]}});
