jQuery112402823351815161831_1626521459839({"rc":0,"rt":17,"svr":181734976,"lt":1,"full":0,"data":{"code":"002853
market":0,"name":"皮阿诺
decimal":2,"dktotal":1060,"preKPrice":21.95,"klines":["2021-07-08,21.95,21.99,22.40,21.82,7307,16152648.00,2.64,0.18,0.04,0.98
2021-07-09,21.99,21.46,21.99,21.36,9423,20252188.00,2.86,-2.41,-0.53,1.26
2021-07-12,21.46,20.96,21.46,20.60,12002,25124891.00,4.01,-2.33,-0.50,1.61
2021-07-13,20.96,21.01,21.19,20.73,5918,12365940.00,2.19,0.24,0.05,0.79
2021-07-14,20.80,20.84,20.92,20.70,5549,11549851.00,1.05,-0.81,-0.17,0.74
2021-07-15,20.97,21.22,21.74,20.97,13419,28658593.00,3.69,1.82,0.38,1.80
2021-07-16,21.17,20.81,21.18,20.80,7041,14717308.00,1.79,-1.93,-0.41,0.94
2021-07-19,20.77,20.40,20.78,20.20,7109,14488982.00,2.79,-1.97,-0.41,0.95
2021-07-20,20.14,20.20,20.44,20.14,4919,9941939.00,1.47,-0.98,-0.20,0.66
2021-07-21,20.20,19.77,20.46,19.62,12958,25788705.00,4.16,-2.13,-0.43,1.74"]}});
