jQuery112402823351815161831_1626521459839({"rc":0,"rt":17,"svr":181216787,"lt":1,"full":0,"data":{"code":"002670
market":0,"name":"国盛金控
decimal":2,"dktotal":2046,"preKPrice":10.25,"klines":["2021-07-08,10.28,10.40,10.59,10.23,307601,320247024.00,3.51,1.46,0.15,1.89
2021-07-09,10.29,10.55,10.60,10.28,279951,292993264.00,3.08,1.44,0.15,1.72
2021-07-12,10.67,10.58,10.82,10.50,322257,344040336.00,3.03,0.28,0.03,1.99
2021-07-13,10.64,10.74,10.77,10.53,257056,273970192.00,2.27,1.51,0.16,1.58
2021-07-14,10.63,10.52,10.76,10.40,254406,269438528.00,3.35,-2.05,-0.22,1.57
2021-07-15,10.45,10.78,10.90,10.32,391272,417153600.00,5.51,2.47,0.26,2.41
2021-07-16,10.81,10.71,10.91,10.57,306931,329644512.00,3.15,-0.65,-0.07,1.89
2021-07-19,10.51,9.81,10.52,9.64,476319,473259872.00,8.22,-8.40,-0.90,2.93
2021-07-20,9.75,9.90,10.00,9.70,190288,188147932.00,3.06,0.92,0.09,1.17
2021-07-21,9.92,9.96,10.14,9.87,220579,220230646.00,2.73,0.61,0.06,1.36"]}});
