jQuery112402823351815161831_1626521459839({"rc":0,"rt":17,"svr":182482650,"lt":1,"full":0,"data":{"code":"002714
market":0,"name":"牧原股份
decimal":2,"dktotal":1797,"preKPrice":57.9,"klines":["2021-07-08,57.79,57.18,57.90,57.05,196667,1128017056.00,1.47,-1.24,-0.72,0.55
2021-07-09,57.68,56.70,58.24,55.99,248095,1409705120.00,3.93,-0.84,-0.48,0.70
2021-07-12,56.66,57.52,58.28,55.60,290406,1660166336.00,4.73,1.45,0.82,0.82
2021-07-13,57.53,57.89,58.48,56.99,209765,1215831296.00,2.59,0.64,0.37,0.59
2021-07-14,57.64,56.45,58.58,56.38,233170,1334998592.00,3.80,-2.49,-1.44,0.66
2021-07-15,59.00,56.96,59.30,56.52,401358,2322945712.00,4.92,0.90,0.51,1.13
2021-07-16,57.00,54.35,57.12,54.00,451756,2471592048.00,5.48,-4.58,-2.61,1.27
2021-07-19,53.68,51.76,53.75,51.30,533467,2774493296.00,4.51,-4.77,-2.59,1.50
2021-07-20,51.81,52.50,52.57,51.31,283546,1476134640.00,2.43,1.43,0.74,0.80
2021-07-21,52.50,50.66,52.98,50.09,490715,2510029664.00,5.50,-3.50,-1.84,1.38"]}});
