jQuery112402823351815161831_1626521459839({"rc":0,"rt":17,"svr":181216957,"lt":1,"full":0,"data":{"code":"002545
market":0,"name":"东方铁塔
decimal":2,"dktotal":2306,"preKPrice":7.76,"klines":["2021-07-08,7.79,7.63,7.79,7.62,85973,66208618.00,2.19,-1.68,-0.13,0.80
2021-07-09,7.60,7.70,7.75,7.50,103846,79247562.00,3.28,0.92,0.07,0.96
2021-07-12,7.75,7.83,7.85,7.69,110506,86042719.00,2.08,1.69,0.13,1.02
2021-07-13,7.77,7.70,7.81,7.66,82137,63490869.00,1.92,-1.66,-0.13,0.76
2021-07-14,7.65,7.55,7.66,7.51,59266,44998288.00,1.95,-1.95,-0.15,0.55
2021-07-15,7.56,7.72,7.77,7.50,110372,84164222.00,3.58,2.25,0.17,1.02
2021-07-16,7.77,7.88,7.91,7.68,131654,102783292.00,2.98,2.07,0.16,1.22
2021-07-19,7.85,7.93,8.10,7.74,187723,149025470.00,4.57,0.63,0.05,1.74
2021-07-20,7.90,7.86,8.02,7.78,94453,74464078.00,3.03,-0.88,-0.07,0.87
2021-07-21,7.92,8.59,8.65,7.92,435949,367678096.00,9.29,9.29,0.73,4.04"]}});
