jQuery112402823351815161831_1626521459839({"rc":0,"rt":17,"svr":181734974,"lt":1,"full":0,"data":{"code":"600814
market":1,"name":"杭州解百
decimal":2,"dktotal":6505,"preKPrice":6.97,"klines":["2021-07-08,6.95,6.63,6.95,6.61,108215,73111757.00,4.88,-4.88,-0.34,1.51
2021-07-09,6.60,6.55,6.68,6.50,68821,45026938.00,2.71,-1.21,-0.08,0.96
2021-07-12,6.53,6.56,6.62,6.52,50378,33174141.00,1.53,0.15,0.01,0.70
2021-07-13,6.56,6.69,6.70,6.55,52079,34523506.00,2.29,1.98,0.13,0.73
2021-07-14,6.75,6.73,6.78,6.64,58812,39567863.00,2.09,0.60,0.04,0.82
2021-07-15,6.70,6.63,6.74,6.60,47420,31542873.00,2.08,-1.49,-0.10,0.66
2021-07-16,6.63,6.76,6.78,6.58,71237,47660507.00,3.02,1.96,0.13,1.00
2021-07-19,6.71,6.59,6.73,6.59,62106,41103265.00,2.07,-2.51,-0.17,0.87
2021-07-20,6.53,6.54,6.59,6.41,45386,29502278.00,2.73,-0.76,-0.05,0.63
2021-07-21,6.51,6.56,6.65,6.50,45962,30160302.00,2.29,0.31,0.02,0.64"]}});
