jQuery112402823351815161831_1626521459839({"rc":0,"rt":17,"svr":182481221,"lt":1,"full":0,"data":{"code":"600565
market":1,"name":"迪马股份
decimal":2,"dktotal":4339,"preKPrice":2.55,"klines":["2021-07-08,2.54,2.55,2.56,2.53,76904,19601873.00,1.18,0.00,0.00,0.32
2021-07-09,2.55,2.54,2.55,2.53,59201,15047117.00,0.78,-0.39,-0.01,0.24
2021-07-12,2.57,2.54,2.59,2.54,84481,21609814.00,1.97,0.00,0.00,0.35
2021-07-13,2.54,2.55,2.56,2.52,111826,28424920.00,1.57,0.39,0.01,0.46
2021-07-14,2.54,2.53,2.55,2.52,88124,22291117.00,1.18,-0.78,-0.02,0.36
2021-07-15,2.53,2.50,2.54,2.50,97445,24449382.00,1.58,-1.19,-0.03,0.40
2021-07-16,2.51,2.50,2.53,2.50,76379,19169358.00,1.20,0.00,0.00,0.31
2021-07-19,2.51,2.50,2.52,2.48,82528,20637655.00,1.60,0.00,0.00,0.34
2021-07-20,2.50,2.51,2.53,2.49,72706,18276703.00,1.60,0.40,0.01,0.30
2021-07-21,2.51,2.51,2.53,2.50,62044,15617086.00,1.20,0.00,0.00,0.26"]}});
