jQuery112402823351815161831_1626521459839({"rc":0,"rt":17,"svr":181734974,"lt":1,"full":0,"data":{"code":"002609
market":0,"name":"捷顺科技
decimal":2,"dktotal":2389,"preKPrice":9.18,"klines":["2021-07-08,9.20,9.08,9.21,9.03,45303,41239888.00,1.96,-1.09,-0.10,1.02
2021-07-09,9.08,9.42,9.42,9.08,67203,62398366.00,3.74,3.74,0.34,1.51
2021-07-12,9.46,9.38,9.54,9.35,44328,41819771.00,2.02,-0.42,-0.04,0.99
2021-07-13,9.40,9.41,9.54,9.34,36874,34699696.00,2.13,0.32,0.03,0.83
2021-07-14,9.35,9.32,9.41,9.30,21978,20547071.00,1.17,-0.96,-0.09,0.49
2021-07-15,9.29,9.28,9.39,9.16,32304,29838768.00,2.47,-0.43,-0.04,0.72
2021-07-16,9.21,9.24,9.35,9.19,34031,31564921.00,1.72,-0.43,-0.04,0.76
2021-07-19,9.20,9.29,9.29,9.14,31922,29402532.00,1.62,0.54,0.05,0.72
2021-07-20,9.22,9.15,9.22,9.09,28732,26322453.00,1.40,-1.51,-0.14,0.64
2021-07-21,9.20,9.23,9.24,9.14,22404,20571119.00,1.09,0.87,0.08,0.50"]}});
