jQuery112402823351815161831_1626521459839({"rc":0,"rt":17,"svr":182480525,"lt":1,"full":0,"data":{"code":"002405
market":0,"name":"四维图新
decimal":2,"dktotal":2576,"preKPrice":14.04,"klines":["2021-07-08,14.04,14.22,14.50,13.93,491845,702068832.00,4.06,1.28,0.18,2.54
2021-07-09,14.15,14.38,14.43,14.08,424779,606890544.00,2.46,1.13,0.16,2.19
2021-07-12,14.11,14.42,14.62,14.01,553487,792409888.00,4.24,0.28,0.04,2.86
2021-07-13,14.34,14.72,14.90,14.22,673785,988641232.00,4.72,2.08,0.30,3.48
2021-07-14,14.60,14.28,14.65,14.27,471866,678451680.00,2.58,-2.99,-0.44,2.44
2021-07-15,14.28,14.06,14.45,13.81,446930,627668000.00,4.48,-1.54,-0.22,2.31
2021-07-16,14.05,13.96,14.19,13.92,281922,395125104.00,1.92,-0.71,-0.10,1.46
2021-07-19,13.98,13.62,13.98,13.50,356834,486600240.00,3.44,-2.44,-0.34,1.84
2021-07-20,13.51,13.69,13.70,13.35,259042,350589680.00,2.57,0.51,0.07,1.34
2021-07-21,13.61,13.71,13.90,13.58,283019,388583392.00,2.34,0.15,0.02,1.46"]}});
