jQuery112402823351815161831_1626521459839({"rc":0,"rt":17,"svr":181734974,"lt":1,"full":0,"data":{"code":"600587
market":1,"name":"新华医疗
decimal":2,"dktotal":4377,"preKPrice":24.66,"klines":["2021-07-08,25.49,25.96,26.80,25.30,322991,839990384.00,6.08,5.27,1.30,8.01
2021-07-09,26.00,25.70,26.07,24.84,205355,521725024.00,4.74,-1.00,-0.26,5.09
2021-07-12,25.57,26.53,26.87,25.40,183790,479333056.00,5.72,3.23,0.83,4.56
2021-07-13,26.38,26.10,26.68,25.73,92676,241466154.00,3.58,-1.62,-0.43,2.30
2021-07-14,26.00,25.66,26.34,25.60,109529,284510544.00,2.84,-1.69,-0.44,2.71
2021-07-15,25.11,25.89,26.26,24.32,171531,432594704.00,7.56,0.90,0.23,4.25
2021-07-16,25.60,24.20,25.89,23.74,173129,428724560.00,8.30,-6.53,-1.69,4.29
2021-07-19,24.36,24.40,24.91,24.09,94717,231658733.00,3.39,0.83,0.20,2.35
2021-07-20,23.91,23.95,24.23,23.29,95974,228563560.00,3.85,-1.84,-0.45,2.38
2021-07-21,24.07,23.83,24.12,23.00,115894,273448672.00,4.68,-0.50,-0.12,2.87"]}});
