jQuery112402823351815161831_1626521459839({"rc":0,"rt":17,"svr":182482649,"lt":1,"full":0,"data":{"code":"002946
market":0,"name":"新乳业
decimal":2,"dktotal":603,"preKPrice":14.28,"klines":["2021-07-08,14.20,13.75,14.33,13.60,58836,81822695.00,5.11,-3.71,-0.53,4.02
2021-07-09,13.75,13.79,13.91,13.56,25967,35688280.00,2.55,0.29,0.04,1.78
2021-07-12,14.34,14.89,15.15,14.22,82067,121082309.00,6.74,7.98,1.10,5.61
2021-07-13,15.00,14.86,15.23,14.71,49612,74355686.00,3.49,-0.20,-0.03,3.39
2021-07-14,14.84,14.70,14.86,14.63,29561,43464421.00,1.55,-1.08,-0.16,2.02
2021-07-15,14.85,14.98,15.18,14.70,47476,71101251.00,3.27,1.90,0.28,3.25
2021-07-16,14.81,14.86,14.93,14.53,28448,41841645.00,2.67,-0.80,-0.12,1.95
2021-07-19,14.83,15.08,15.20,14.60,39638,59519421.00,4.04,1.48,0.22,2.71
2021-07-20,14.90,15.05,15.23,14.87,26903,40519649.00,2.39,-0.20,-0.03,1.84
2021-07-21,15.08,15.00,15.46,14.90,39799,60460055.00,3.72,-0.33,-0.05,2.72"]}});
