jQuery112402823351815161831_1626521459839({"rc":0,"rt":17,"svr":181669475,"lt":1,"full":0,"data":{"code":"600807
market":1,"name":"济南高新
decimal":2,"dktotal":6145,"preKPrice":3.02,"klines":["2021-07-08,3.03,2.94,3.03,2.92,47522,14136584.00,3.64,-2.65,-0.08,0.60
2021-07-09,2.96,2.97,2.99,2.91,30280,8978119.00,2.72,1.02,0.03,0.38
2021-07-12,2.97,2.97,3.02,2.97,38391,11480570.00,1.68,0.00,0.00,0.49
2021-07-13,2.97,2.96,2.99,2.94,30923,9143290.00,1.68,-0.34,-0.01,0.39
2021-07-14,2.95,2.92,2.96,2.92,33888,9935429.00,1.35,-1.35,-0.04,0.43
2021-07-15,2.93,2.91,2.93,2.89,32344,9393262.00,1.37,-0.34,-0.01,0.41
2021-07-16,2.91,2.93,2.96,2.91,27216,7991033.00,1.72,0.69,0.02,0.35
2021-07-19,2.94,3.22,3.22,2.91,130646,40466231.00,10.58,9.90,0.29,1.66
2021-07-20,3.22,3.14,3.24,3.04,197662,61886176.00,6.21,-2.48,-0.08,2.51
2021-07-21,3.09,3.17,3.30,3.09,156441,49880864.00,6.69,0.96,0.03,1.99"]}});
