jQuery112402823351815161831_1626521459839({"rc":0,"rt":17,"svr":181216957,"lt":1,"full":0,"data":{"code":"600791
market":1,"name":"京能置业
decimal":2,"dktotal":5836,"preKPrice":3.39,"klines":["2021-07-08,3.39,3.36,3.40,3.35,25213,8502856.00,1.47,-0.88,-0.03,0.56
2021-07-09,3.36,3.40,3.42,3.35,22603,7660566.00,2.08,1.19,0.04,0.50
2021-07-12,3.40,3.40,3.44,3.39,25504,8708756.00,1.47,0.00,0.00,0.56
2021-07-13,3.40,3.40,3.40,3.37,34327,11626439.00,0.88,0.00,0.00,0.76
2021-07-14,3.41,3.42,3.42,3.37,28338,9627944.00,1.47,0.59,0.02,0.63
2021-07-15,3.41,3.42,3.44,3.38,33840,11535387.00,1.75,0.00,0.00,0.75
2021-07-16,3.42,3.41,3.42,3.39,19748,6726567.00,0.88,-0.29,-0.01,0.44
2021-07-19,3.40,3.36,3.40,3.34,27738,9318193.00,1.76,-1.47,-0.05,0.61
2021-07-20,3.36,3.31,3.36,3.28,24883,8242121.00,2.38,-1.49,-0.05,0.55
2021-07-21,3.31,3.32,3.35,3.30,34241,11367011.00,1.51,0.30,0.01,0.76"]}});
