jQuery112402823351815161831_1626521459839({"rc":0,"rt":17,"svr":181734975,"lt":1,"full":0,"data":{"code":"002588
market":0,"name":"史丹利
decimal":2,"dktotal":2453,"preKPrice":5.71,"klines":["2021-07-08,5.61,5.62,5.85,5.60,357515,202455679.00,4.38,-1.58,-0.09,4.55
2021-07-09,5.54,5.87,5.98,5.53,438617,254176305.00,8.01,4.45,0.25,5.58
2021-07-12,5.91,5.98,6.14,5.75,498127,295448016.00,6.64,1.87,0.11,6.33
2021-07-13,5.95,5.84,5.96,5.80,238452,139322280.00,2.68,-2.34,-0.14,3.03
2021-07-14,5.78,5.74,5.87,5.70,232661,134733364.00,2.91,-1.71,-0.10,2.96
2021-07-15,5.69,5.80,5.82,5.60,200824,115550289.00,3.83,1.05,0.06,2.55
2021-07-16,5.72,6.19,6.27,5.72,469214,284345456.00,9.48,6.72,0.39,5.97
2021-07-19,6.28,6.11,6.33,6.01,376377,231832399.00,5.17,-1.29,-0.08,4.78
2021-07-20,6.03,5.98,6.09,5.86,240900,143479052.00,3.76,-2.13,-0.13,3.06
2021-07-21,6.01,5.98,6.08,5.90,235309,140558959.00,3.01,0.00,0.00,2.99"]}});
