jQuery112402823351815161831_1626521459839({"rc":0,"rt":17,"svr":182482648,"lt":1,"full":0,"data":{"code":"002965
market":0,"name":"祥鑫科技
decimal":2,"dktotal":424,"preKPrice":27.51,"klines":["2021-07-08,29.74,27.19,29.74,26.92,66267,185320411.00,10.25,-1.16,-0.32,8.84
2021-07-09,26.20,26.26,26.57,25.61,33946,88375620.00,3.53,-3.42,-0.93,4.53
2021-07-12,26.00,26.00,26.26,25.86,22276,57980543.00,1.52,-0.99,-0.26,2.97
2021-07-13,26.10,26.65,27.46,26.06,25899,69126295.00,5.38,2.50,0.65,3.46
2021-07-14,26.23,26.31,26.83,25.80,18580,48937733.00,3.86,-1.28,-0.34,2.48
2021-07-15,26.20,25.75,26.59,25.42,14792,38223961.00,4.45,-2.13,-0.56,1.97
2021-07-16,25.65,25.54,25.78,25.28,12612,32106041.00,1.94,-0.82,-0.21,1.68
2021-07-19,25.29,25.00,25.53,24.75,12535,31293405.00,3.05,-2.11,-0.54,1.67
2021-07-20,24.49,25.26,25.40,24.49,8323,20774188.00,3.64,1.04,0.26,1.11
2021-07-21,25.12,25.28,25.66,25.12,9092,23098751.00,2.14,0.08,0.02,1.21"]}});
