jQuery112402823351815161831_1626521459839({"rc":0,"rt":17,"svr":182481222,"lt":1,"full":0,"data":{"code":"002977
market":0,"name":"天箭科技
decimal":2,"dktotal":329,"preKPrice":81.96,"klines":["2021-07-08,81.81,83.98,84.96,81.50,9605,80485853.00,4.22,2.46,2.02,2.10
2021-07-09,84.78,83.28,84.78,83.09,6779,56716684.00,2.01,-0.83,-0.70,1.48
2021-07-12,83.58,83.01,84.25,82.31,6465,53684898.00,2.33,-0.32,-0.27,1.41
2021-07-13,83.01,82.54,83.28,81.81,5608,46119700.00,1.77,-0.57,-0.47,1.23
2021-07-14,81.91,81.50,82.60,81.00,4874,39743761.00,1.94,-1.26,-1.04,1.07
2021-07-15,81.27,82.07,82.99,80.80,6536,53452461.00,2.69,0.70,0.57,1.43
2021-07-16,82.09,83.73,84.29,81.17,9692,80649928.00,3.80,2.02,1.66,2.12
2021-07-19,84.04,82.23,84.87,81.50,7474,61919320.00,4.02,-1.79,-1.50,1.63
2021-07-20,81.88,85.89,86.68,81.56,14607,123958408.00,6.23,4.45,3.66,3.19
2021-07-21,86.40,85.81,86.56,84.71,10082,86442872.00,2.15,-0.09,-0.08,2.20"]}});
