jQuery112402823351815161831_1626521459839({"rc":0,"rt":17,"svr":181669733,"lt":1,"full":0,"data":{"code":"600095
market":1,"name":"湘财股份
decimal":2,"dktotal":5708,"preKPrice":11.12,"klines":["2021-07-08,11.16,10.93,11.23,10.90,346887,384066976.00,2.97,-1.71,-0.19,3.63
2021-07-09,10.86,11.16,11.23,10.79,376221,417141648.00,4.03,2.10,0.23,3.93
2021-07-12,11.49,11.35,11.69,11.24,593022,681073904.00,4.03,1.70,0.19,6.20
2021-07-13,11.13,11.03,11.20,10.89,352639,388877040.00,2.73,-2.82,-0.32,3.69
2021-07-14,11.01,11.23,11.45,10.91,435844,487717472.00,4.90,1.81,0.20,4.56
2021-07-15,11.20,11.23,11.38,10.91,390509,437529840.00,4.19,0.00,0.00,4.08
2021-07-16,11.25,11.16,11.36,11.03,375997,420646736.00,2.94,-0.62,-0.07,3.93
2021-07-19,11.05,10.66,11.09,10.64,386252,418527760.00,4.03,-4.48,-0.50,4.04
2021-07-20,10.66,11.19,11.30,10.61,535507,593266272.00,6.47,4.97,0.53,5.60
2021-07-21,11.23,11.20,11.36,11.07,438988,491303728.00,2.59,0.09,0.01,4.59"]}});
