jQuery112402823351815161831_1626521459839({"rc":0,"rt":17,"svr":181669633,"lt":1,"full":0,"data":{"code":"600840
market":1,"name":"新湖创业
decimal":2,"dktotal":3536,"preKPrice":24.62,"klines":["2009-07-20,24.38,24.00,24.69,23.80,38978,93454844.00,3.61,-2.52,-0.62,0.00
2009-07-21,23.87,23.72,24.36,23.58,35578,85493356.00,3.25,-1.17,-0.28,0.00
2009-07-22,23.99,23.58,24.00,23.09,33787,78874185.00,3.84,-0.59,-0.14,0.00
2009-07-23,23.43,24.37,24.55,23.43,49116,119158584.00,4.75,3.35,0.79,0.00
2009-07-24,24.40,24.49,25.00,24.00,49838,121682044.00,4.10,0.49,0.12,0.00
2009-07-27,24.48,23.90,24.49,23.44,48363,114800847.00,4.29,-2.41,-0.59,0.00
2009-07-28,23.98,24.31,24.40,22.88,49318,116694039.00,6.36,1.72,0.41,0.00
2009-07-29,24.28,23.62,24.88,22.19,62098,150581407.00,11.07,-2.84,-0.69,0.00
2009-07-30,24.52,22.87,25.00,22.21,68217,158770830.00,11.81,-3.18,-0.75,0.00
2009-07-31,23.05,23.80,24.08,22.63,70068,164852699.00,6.34,4.07,0.93,0.00"]}});
