jQuery112402823351815161831_1626521459839({"rc":0,"rt":17,"svr":182482648,"lt":1,"full":0,"data":{"code":"002358
market":0,"name":"ST森源
decimal":2,"dktotal":2561,"preKPrice":3.17,"klines":["2021-07-08,3.30,3.10,3.30,3.08,455266,144207287.00,6.94,-2.21,-0.07,5.00
2021-07-09,3.06,3.22,3.26,3.05,320849,102267173.00,6.77,3.87,0.12,3.52
2021-07-12,3.22,3.07,3.22,3.06,294876,91798727.00,4.97,-4.66,-0.15,3.24
2021-07-13,3.06,3.05,3.11,3.02,195701,59874317.00,2.93,-0.65,-0.02,2.15
2021-07-14,3.05,2.97,3.08,2.95,192238,57701591.00,4.26,-2.62,-0.08,2.11
2021-07-15,2.85,2.90,2.94,2.82,296305,84384195.00,4.04,-2.36,-0.07,3.25
2021-07-16,2.88,2.90,2.96,2.87,134919,39292350.00,3.10,0.00,0.00,1.48
2021-07-19,2.90,2.84,2.93,2.81,112412,32135317.00,4.14,-2.07,-0.06,1.23
2021-07-20,2.85,2.88,2.89,2.83,91321,26072626.00,2.11,1.41,0.04,1.00
2021-07-21,2.88,2.86,2.91,2.85,107593,31006831.00,2.08,-0.69,-0.02,1.18"]}});
