jQuery112402823351815161831_1626521459839({"rc":0,"rt":17,"svr":181669633,"lt":1,"full":0,"data":{"code":"002294
market":0,"name":"信立泰
decimal":2,"dktotal":2878,"preKPrice":29.55,"klines":["2021-07-08,29.71,29.50,29.84,28.74,44808,130602772.00,3.72,-0.17,-0.05,0.43
2021-07-09,29.28,29.50,29.70,28.90,27482,80806503.00,2.71,0.00,0.00,0.26
2021-07-12,29.65,30.05,30.28,29.00,39690,118398954.00,4.34,1.86,0.55,0.38
2021-07-13,29.86,29.86,30.19,29.60,21932,65472422.00,1.96,-0.63,-0.19,0.21
2021-07-14,29.76,29.53,30.15,29.30,31982,94825236.00,2.85,-1.11,-0.33,0.31
2021-07-15,29.31,29.03,29.72,28.94,34373,100166097.00,2.64,-1.69,-0.50,0.33
2021-07-16,28.78,29.00,29.40,28.60,30525,88480625.00,2.76,-0.10,-0.03,0.29
2021-07-19,28.66,28.96,29.14,27.98,30493,87653814.00,4.00,-0.14,-0.04,0.29
2021-07-20,28.91,28.60,29.26,28.55,27299,78812039.00,2.45,-1.24,-0.36,0.26
2021-07-21,28.46,28.63,28.85,28.25,35376,100958054.00,2.10,0.10,0.03,0.34"]}});
