jQuery112402823351815161831_1626521459839({"rc":0,"rt":17,"svr":182481599,"lt":1,"full":0,"data":{"code":"600689
market":1,"name":"上海三毛
decimal":2,"dktotal":6433,"preKPrice":6.82,"klines":["2021-07-08,6.78,6.71,6.84,6.68,9827,6620337.00,2.35,-1.61,-0.11,0.65
2021-07-09,6.64,6.75,6.78,6.63,8100,5436575.00,2.24,0.60,0.04,0.53
2021-07-12,6.80,6.78,6.84,6.74,11127,7573221.00,1.48,0.44,0.03,0.73
2021-07-13,6.78,6.79,6.83,6.74,8205,5566710.00,1.33,0.15,0.01,0.54
2021-07-14,6.76,6.75,6.80,6.72,8309,5608359.00,1.18,-0.59,-0.04,0.55
2021-07-15,6.75,6.60,6.79,6.57,14119,9385232.00,3.26,-2.22,-0.15,0.93
2021-07-16,6.69,6.60,6.89,6.60,22339,14941903.00,4.39,0.00,0.00,1.47
2021-07-19,6.55,6.44,6.56,6.40,17938,11564783.00,2.42,-2.42,-0.16,1.18
2021-07-20,6.43,6.39,6.44,6.34,11143,7106608.00,1.55,-0.78,-0.05,0.73
2021-07-21,6.39,6.44,6.46,6.38,9454,6089299.00,1.25,0.78,0.05,0.62"]}});
