jQuery112402823351815161831_1626521459839({"rc":0,"rt":17,"svr":181734976,"lt":1,"full":0,"data":{"code":"600467
market":1,"name":"好当家
decimal":2,"dktotal":4153,"preKPrice":2.66,"klines":["2021-07-08,2.66,2.63,2.66,2.62,124772,32907860.00,1.50,-1.13,-0.03,0.85
2021-07-09,2.62,2.65,2.65,2.61,114031,29962361.00,1.52,0.76,0.02,0.78
2021-07-12,2.67,2.65,2.67,2.63,147416,39064985.00,1.51,0.00,0.00,1.01
2021-07-13,2.64,2.66,2.67,2.64,164829,43789063.00,1.13,0.38,0.01,1.13
2021-07-14,2.66,2.64,2.66,2.63,117929,31149419.00,1.13,-0.75,-0.02,0.81
2021-07-15,2.64,2.62,2.64,2.61,141180,36980391.00,1.14,-0.76,-0.02,0.97
2021-07-16,2.62,2.61,2.63,2.60,113812,29704451.00,1.15,-0.38,-0.01,0.78
2021-07-19,2.60,2.59,2.61,2.55,220235,56740968.00,2.30,-0.77,-0.02,1.51
2021-07-20,2.58,2.58,2.59,2.56,104947,26970269.00,1.16,-0.39,-0.01,0.72
2021-07-21,2.57,2.56,2.60,2.56,136254,35123329.00,1.55,-0.78,-0.02,0.93"]}});
