jQuery112402823351815161831_1626521459839({"rc":0,"rt":17,"svr":181669475,"lt":1,"full":0,"data":{"code":"600580
market":1,"name":"卧龙电驱
decimal":2,"dktotal":4504,"preKPrice":12.75,"klines":["2021-07-08,12.66,13.00,13.13,12.57,337474,435370816.00,4.39,1.96,0.25,2.57
2021-07-09,12.85,13.17,13.20,12.71,283672,368162256.00,3.77,1.31,0.17,2.16
2021-07-12,13.40,13.70,14.30,13.13,791741,1085525744.00,8.88,4.02,0.53,6.02
2021-07-13,13.59,13.53,13.82,13.37,310229,420445248.00,3.28,-1.24,-0.17,2.36
2021-07-14,13.69,13.05,13.69,12.99,335374,442890048.00,5.17,-3.55,-0.48,2.55
2021-07-15,12.95,13.19,13.24,12.66,278600,361445616.00,4.44,1.07,0.14,2.12
2021-07-16,13.08,13.35,13.51,13.03,386756,514399744.00,3.64,1.21,0.16,2.94
2021-07-19,13.25,13.30,13.45,13.00,256142,338364816.00,3.37,-0.37,-0.05,1.95
2021-07-20,13.18,13.08,13.25,12.95,231568,302759744.00,2.26,-1.65,-0.22,1.76
2021-07-21,13.21,13.39,13.58,13.20,329381,442208960.00,2.91,2.37,0.31,2.50"]}});
