jQuery112402823351815161831_1626521459839({"rc":0,"rt":17,"svr":181216957,"lt":1,"full":0,"data":{"code":"002660
market":0,"name":"茂硕电源
decimal":2,"dktotal":2099,"preKPrice":7.72,"klines":["2021-07-08,7.77,7.45,7.77,7.41,84654,63763021.00,4.66,-3.50,-0.27,4.01
2021-07-09,7.35,7.56,7.58,7.34,48832,36659921.00,3.22,1.48,0.11,2.31
2021-07-12,7.65,7.60,7.70,7.50,53002,40206733.00,2.65,0.53,0.04,2.51
2021-07-13,7.59,7.79,7.85,7.50,93473,71943849.00,4.61,2.50,0.19,4.42
2021-07-14,7.82,7.82,7.97,7.68,98685,77399622.00,3.72,0.39,0.03,4.67
2021-07-15,7.74,7.68,7.85,7.57,61739,47501225.00,3.58,-1.79,-0.14,2.92
2021-07-16,7.62,7.86,7.96,7.61,90327,70849578.00,4.56,2.34,0.18,4.27
2021-07-19,7.82,7.72,7.86,7.62,60790,46890767.00,3.05,-1.78,-0.14,2.88
2021-07-20,7.62,7.56,7.63,7.42,61055,45913764.00,2.72,-2.07,-0.16,2.89
2021-07-21,7.65,8.12,8.17,7.61,188461,150655971.00,7.41,7.41,0.56,8.92"]}});
