jQuery112402823351815161831_1626521459839({"rc":0,"rt":17,"svr":182481159,"lt":1,"full":0,"data":{"code":"002437
market":0,"name":"誉衡药业
decimal":2,"dktotal":2424,"preKPrice":2.55,"klines":["2021-07-08,2.56,2.53,2.56,2.53,101398,25757560.00,1.18,-0.78,-0.02,0.47
2021-07-09,2.53,2.55,2.56,2.51,97568,24726961.00,1.98,0.79,0.02,0.45
2021-07-12,2.57,2.56,2.57,2.54,103834,26489408.00,1.18,0.39,0.01,0.48
2021-07-13,2.54,2.57,2.57,2.52,123465,31372443.00,1.95,0.39,0.01,0.57
2021-07-14,2.55,2.56,2.58,2.55,131177,33641378.00,1.17,-0.39,-0.01,0.60
2021-07-15,2.57,2.61,2.61,2.53,254427,65711196.00,3.13,1.95,0.05,1.17
2021-07-16,2.60,2.58,2.61,2.57,119813,31031157.00,1.53,-1.15,-0.03,0.55
2021-07-19,2.59,2.64,2.65,2.56,244103,63867061.00,3.49,2.33,0.06,1.12
2021-07-20,2.64,2.65,2.66,2.62,207315,54859575.00,1.52,0.38,0.01,0.95
2021-07-21,2.66,2.65,2.68,2.62,172199,45527890.00,2.26,0.00,0.00,0.79"]}});
