jQuery112402823351815161831_1626521459839({"rc":0,"rt":17,"svr":182481599,"lt":1,"full":0,"data":{"code":"600328
market":1,"name":"中盐化工
decimal":2,"dktotal":4714,"preKPrice":13.58,"klines":["2021-07-08,13.52,14.26,14.39,13.28,535661,746990144.00,8.17,5.01,0.68,9.57
2021-07-09,14.08,15.38,15.50,13.66,627356,912925088.00,12.90,7.85,1.12,11.21
2021-07-12,15.10,16.61,16.91,15.01,696391,1126674192.00,12.35,8.00,1.23,12.44
2021-07-13,16.39,17.30,17.71,16.20,569940,961847152.00,9.09,4.15,0.69,10.18
2021-07-14,16.90,17.32,18.30,16.50,579479,1004342048.00,10.40,0.12,0.02,10.36
2021-07-15,17.10,17.90,17.90,16.70,498732,863908672.00,6.93,3.35,0.58,8.91
2021-07-16,18.00,19.09,19.69,17.69,853385,1645423456.00,11.17,6.65,1.19,15.25
2021-07-19,19.09,17.18,19.50,17.18,973074,1767955504.00,12.15,-10.01,-1.91,17.39
2021-07-20,16.50,17.37,17.53,16.13,589645,999930208.00,8.15,1.11,0.19,10.54
2021-07-21,17.41,18.39,18.66,16.97,679399,1212109184.00,9.73,5.87,1.02,12.14"]}});
