jQuery112402823351815161831_1626521459839({"rc":0,"rt":17,"svr":182481599,"lt":1,"full":0,"data":{"code":"600721
market":1,"name":"*ST百花
decimal":2,"dktotal":5490,"preKPrice":5.08,"klines":["2021-07-08,5.10,5.06,5.10,4.93,26602,13276263.00,3.35,-0.39,-0.02,0.74
2021-07-09,5.00,5.06,5.17,5.00,18062,9166191.00,3.36,0.00,0.00,0.50
2021-07-12,5.04,5.07,5.07,4.96,17829,8936715.00,2.17,0.20,0.01,0.49
2021-07-13,5.01,5.05,5.07,5.00,10653,5348888.00,1.38,-0.39,-0.02,0.30
2021-07-14,5.05,5.09,5.15,5.03,15014,7634562.00,2.38,0.79,0.04,0.42
2021-07-15,5.10,5.05,5.10,4.97,11703,5879082.00,2.55,-0.79,-0.04,0.32
2021-07-16,5.04,5.00,5.09,4.90,11140,5579076.00,3.76,-0.99,-0.05,0.31
2021-07-19,5.01,4.84,5.01,4.75,28387,13686010.00,5.20,-3.20,-0.16,0.79
2021-07-20,4.80,4.75,4.82,4.69,11554,5476834.00,2.69,-1.86,-0.09,0.32
2021-07-21,4.69,4.71,4.80,4.66,14971,7029241.00,2.95,-0.84,-0.04,0.41"]}});
