jQuery112402823351815161831_1626521459839({"rc":0,"rt":17,"svr":181734976,"lt":1,"full":0,"data":{"code":"600127
market":1,"name":"金健米业
decimal":2,"dktotal":5491,"preKPrice":8.84,"klines":["2021-07-08,8.95,8.84,8.95,8.81,72297,64075419.00,1.58,0.00,0.00,1.13
2021-07-09,8.75,8.75,8.83,8.66,98828,86085191.00,1.92,-1.02,-0.09,1.54
2021-07-12,8.90,8.82,8.95,8.82,90807,80431601.00,1.49,0.80,0.07,1.41
2021-07-13,8.76,8.83,8.87,8.71,89719,78838654.00,1.81,0.11,0.01,1.40
2021-07-14,8.81,8.68,8.81,8.67,98927,86276380.00,1.59,-1.70,-0.15,1.54
2021-07-15,8.67,8.61,8.67,8.56,77989,67040949.00,1.27,-0.81,-0.07,1.22
2021-07-16,8.57,8.60,8.64,8.57,58775,50521960.00,0.81,-0.12,-0.01,0.92
2021-07-19,8.66,8.85,8.93,8.59,167954,147479853.00,3.95,2.91,0.25,2.62
2021-07-20,8.79,8.69,8.80,8.65,87311,75909435.00,1.69,-1.81,-0.16,1.36
2021-07-21,8.86,8.90,8.92,8.81,235160,208894425.00,1.27,2.42,0.21,3.66"]}});
