jQuery112402823351815161831_1626521459839({"rc":0,"rt":17,"svr":182481427,"lt":1,"full":0,"data":{"code":"600200
market":1,"name":"江苏吴中
decimal":2,"dktotal":5251,"preKPrice":8.11,"klines":["2021-07-08,8.03,7.91,8.20,7.86,262275,209243488.00,4.19,-2.47,-0.20,3.68
2021-07-09,7.84,7.93,7.95,7.73,169636,133319065.00,2.78,0.25,0.02,2.38
2021-07-12,7.95,8.05,8.08,7.90,196196,157061002.00,2.27,1.51,0.12,2.75
2021-07-13,8.05,8.17,8.22,7.94,229946,186497728.00,3.48,1.49,0.12,3.23
2021-07-14,8.35,8.99,8.99,8.14,439148,381751904.00,10.40,10.04,0.82,6.16
2021-07-15,9.40,8.74,9.40,8.37,822889,721405872.00,11.46,-2.78,-0.25,11.55
2021-07-16,8.74,9.20,9.38,8.51,784403,704037152.00,9.95,5.26,0.46,11.01
2021-07-19,9.18,9.95,10.12,9.07,1154804,1130948640.00,11.41,8.15,0.75,16.21
2021-07-20,9.60,9.63,10.11,9.50,823255,803631536.00,6.13,-3.22,-0.32,11.56
2021-07-21,9.68,9.70,9.93,9.54,559123,541869488.00,4.05,0.73,0.07,7.85"]}});
