jQuery112402823351815161831_1626521459839({"rc":0,"rt":17,"svr":181216787,"lt":1,"full":0,"data":{"code":"002640
market":0,"name":"*ST跨境
decimal":2,"dktotal":2163,"preKPrice":2.44,"klines":["2021-07-08,2.49,2.56,2.56,2.46,737091,185502743.00,4.10,4.92,0.12,5.89
2021-07-09,2.57,2.51,2.67,2.48,1167719,299822160.00,7.42,-1.95,-0.05,9.33
2021-07-12,2.48,2.47,2.57,2.44,702045,175321396.00,5.18,-1.59,-0.04,5.61
2021-07-13,2.44,2.42,2.46,2.37,635899,153148276.00,3.64,-2.02,-0.05,5.08
2021-07-14,2.39,2.37,2.47,2.37,450212,108411891.00,4.13,-2.07,-0.05,3.60
2021-07-15,2.49,2.49,2.49,2.48,310495,77313116.00,0.42,5.06,0.12,2.48
2021-07-16,2.50,2.57,2.61,2.46,1435112,367644704.00,6.02,3.21,0.08,11.47
2021-07-19,2.51,2.44,2.54,2.44,921332,227068163.00,3.89,-5.06,-0.13,7.36
2021-07-20,2.39,2.50,2.56,2.35,730472,179702715.00,8.61,2.46,0.06,5.84
2021-07-21,2.48,2.46,2.51,2.45,516065,127721273.00,2.40,-1.60,-0.04,4.12"]}});
