jQuery112402823351815161831_1626521459839({"rc":0,"rt":17,"svr":182481598,"lt":1,"full":0,"data":{"code":"600503
market":1,"name":"华丽家族
decimal":2,"dktotal":4250,"preKPrice":3.64,"klines":["2021-07-08,3.60,3.64,3.68,3.57,297362,107423142.00,3.02,0.00,0.00,1.86
2021-07-09,3.65,3.55,3.68,3.54,351371,125994222.00,3.85,-2.47,-0.09,2.19
2021-07-12,3.57,3.51,3.59,3.50,288506,102153695.00,2.54,-1.13,-0.04,1.80
2021-07-13,3.52,3.48,3.53,3.45,231941,80763363.00,2.28,-0.85,-0.03,1.45
2021-07-14,3.48,3.43,3.49,3.41,171474,59024425.00,2.30,-1.44,-0.05,1.07
2021-07-15,3.44,3.38,3.45,3.36,210850,71375591.00,2.62,-1.46,-0.05,1.32
2021-07-16,3.38,3.39,3.43,3.36,164047,55669494.00,2.07,0.30,0.01,1.02
2021-07-19,3.39,3.35,3.40,3.34,136644,45833630.00,1.77,-1.18,-0.04,0.85
2021-07-20,3.33,3.39,3.44,3.32,161225,54702379.00,3.58,1.19,0.04,1.01
2021-07-21,3.38,3.39,3.42,3.37,115220,39082487.00,1.47,0.00,0.00,0.72"]}});
