jQuery112402823351815161831_1626521459839({"rc":0,"rt":17,"svr":181734975,"lt":1,"full":0,"data":{"code":"600776
market":1,"name":"东方通信
decimal":2,"dktotal":5913,"preKPrice":12.25,"klines":["2021-07-08,12.36,12.23,12.37,12.22,98496,120930309.00,1.22,-0.16,-0.02,1.03
2021-07-09,12.27,12.31,12.45,12.25,108949,134339255.00,1.64,0.65,0.08,1.14
2021-07-12,12.32,12.80,13.38,12.32,286638,368588640.00,8.61,3.98,0.49,3.00
2021-07-13,12.76,12.88,13.05,12.59,217355,279284192.00,3.59,0.63,0.08,2.27
2021-07-14,12.84,12.83,13.20,12.78,201354,261275188.00,3.26,-0.39,-0.05,2.11
2021-07-15,12.75,12.47,12.85,12.40,153270,192274912.00,3.51,-2.81,-0.36,1.60
2021-07-16,12.48,12.34,12.55,12.31,105717,131209135.00,1.92,-1.04,-0.13,1.11
2021-07-19,12.26,12.59,12.68,12.06,158228,196893588.00,5.02,2.03,0.25,1.66
2021-07-20,12.45,12.63,12.70,12.40,113218,142264311.00,2.38,0.32,0.04,1.18
2021-07-21,12.63,12.47,12.69,12.44,118459,148457369.00,1.98,-1.27,-0.16,1.24"]}});
