jQuery112402823351815161831_1626521459839({"rc":0,"rt":17,"svr":182481597,"lt":1,"full":0,"data":{"code":"002987
market":0,"name":"京北方
decimal":2,"dktotal":296,"preKPrice":31.35,"klines":["2021-07-08,31.23,30.40,31.53,30.11,24168,74034646.00,4.53,-3.03,-0.95,2.60
2021-07-09,30.20,30.62,30.68,30.04,12004,36456971.00,2.11,0.72,0.22,1.29
2021-07-12,30.78,30.53,30.78,30.11,20203,61333317.00,2.19,-0.29,-0.09,2.17
2021-07-13,30.45,30.65,31.31,30.33,20038,61745856.00,3.21,0.39,0.12,2.16
2021-07-14,30.45,30.17,30.70,30.14,21562,65272254.00,1.83,-1.57,-0.48,2.32
2021-07-15,29.74,28.40,29.74,28.12,41909,120159172.00,5.37,-5.87,-1.77,4.51
2021-07-16,28.36,27.72,28.36,27.48,27403,76201504.00,3.10,-2.39,-0.68,2.95
2021-07-19,27.62,26.60,27.71,26.33,30474,81269084.00,4.98,-4.04,-1.12,3.28
2021-07-20,26.34,26.99,27.06,26.25,16154,43237607.00,3.05,1.47,0.39,1.74
2021-07-21,27.00,26.63,27.31,26.53,21220,57170507.00,2.89,-1.33,-0.36,2.28"]}});
