jQuery112402823351815161831_1626521459839({"rc":0,"rt":17,"svr":182481597,"lt":1,"full":0,"data":{"code":"002796
market":0,"name":"世嘉科技
decimal":2,"dktotal":1205,"preKPrice":11.26,"klines":["2021-07-08,11.26,11.04,11.36,11.04,34178,38124864.00,2.84,-1.95,-0.22,1.55
2021-07-09,11.07,11.32,11.67,11.05,53469,60686761.00,5.62,2.54,0.28,2.42
2021-07-12,11.22,11.92,12.20,11.20,109956,129412464.00,8.83,5.30,0.60,4.97
2021-07-13,11.70,11.79,11.99,11.65,59414,70106618.00,2.85,-1.09,-0.13,2.69
2021-07-14,11.79,11.57,12.18,11.56,57985,68600800.00,5.26,-1.87,-0.22,2.62
2021-07-15,11.18,10.41,11.18,10.41,81253,86296235.00,6.66,-10.03,-1.16,3.68
2021-07-16,10.37,10.02,10.37,9.51,50085,50383031.00,8.26,-3.75,-0.39,2.27
2021-07-19,10.02,10.03,10.21,9.81,35809,35648221.00,3.99,0.10,0.01,1.62
2021-07-20,10.00,9.92,10.16,9.85,22941,22817930.00,3.09,-1.10,-0.11,1.04
2021-07-21,9.90,9.81,10.05,9.81,34766,34377345.00,2.42,-1.11,-0.11,1.57"]}});
