jQuery112402823351815161831_1626521459839({"rc":0,"rt":17,"svr":181669733,"lt":1,"full":0,"data":{"code":"600796
market":1,"name":"钱江生化
decimal":2,"dktotal":5588,"preKPrice":5.26,"klines":["2021-07-08,5.21,5.11,5.24,5.06,63788,32698451.00,3.42,-2.85,-0.15,2.12
2021-07-09,5.11,5.19,5.20,5.08,45913,23610301.00,2.35,1.57,0.08,1.52
2021-07-12,5.18,5.24,5.31,5.16,53299,28054897.00,2.89,0.96,0.05,1.77
2021-07-13,5.24,5.29,5.30,5.19,44275,23242192.00,2.10,0.95,0.05,1.47
2021-07-14,5.30,5.29,5.34,5.22,45914,24242655.00,2.27,0.00,0.00,1.52
2021-07-15,5.29,5.19,5.29,5.13,38554,19999412.00,3.02,-1.89,-0.10,1.28
2021-07-16,5.19,5.17,5.21,5.15,24782,12839658.00,1.16,-0.39,-0.02,0.82
2021-07-19,5.16,5.30,5.30,5.02,60842,31514733.00,5.42,2.51,0.13,2.02
2021-07-20,5.27,5.29,5.34,5.21,42937,22673268.00,2.45,-0.19,-0.01,1.42
2021-07-21,5.25,5.30,5.34,5.25,38028,20111494.00,1.70,0.19,0.01,1.26"]}});
