jQuery112402823351815161831_1626521459839({"rc":0,"rt":17,"svr":181734976,"lt":1,"full":0,"data":{"code":"600239
market":1,"name":"*ST云城
decimal":2,"dktotal":4693,"preKPrice":2.09,"klines":["2021-07-08,2.09,2.04,2.10,2.03,135101,27786756.00,3.35,-2.39,-0.05,0.84
2021-07-09,2.03,2.06,2.07,2.01,103849,21140308.00,2.94,0.98,0.02,0.65
2021-07-12,2.06,2.05,2.08,2.03,93778,19272107.00,2.43,-0.49,-0.01,0.58
2021-07-13,2.04,2.02,2.05,2.00,125634,25361565.00,2.44,-1.46,-0.03,0.78
2021-07-14,2.01,1.93,2.02,1.92,226447,44242943.00,4.95,-4.46,-0.09,1.41
2021-07-15,1.93,1.92,1.94,1.89,125815,24112675.00,2.59,-0.52,-0.01,0.78
2021-07-16,1.92,1.92,1.95,1.89,100430,19271402.00,3.13,0.00,0.00,0.63
2021-07-19,1.92,2.02,2.02,1.90,226454,45061702.00,6.25,5.21,0.10,1.41
2021-07-20,2.00,2.01,2.05,1.98,155306,31150449.00,3.47,-0.50,-0.01,0.97
2021-07-21,2.01,2.04,2.07,2.01,108775,22179548.00,2.99,1.49,0.03,0.68"]}});
