jQuery112402823351815161831_1626521459839({"rc":0,"rt":17,"svr":181669733,"lt":1,"full":0,"data":{"code":"002569
market":0,"name":"ST步森
decimal":2,"dktotal":1961,"preKPrice":8.92,"klines":["2021-07-08,8.91,9.35,9.37,8.77,32115,29879085.00,6.73,4.82,0.43,2.30
2021-07-09,9.35,9.37,9.65,9.13,20819,19468689.00,5.56,0.21,0.02,1.49
2021-07-12,9.21,9.07,9.31,9.00,14572,13252343.00,3.31,-3.20,-0.30,1.04
2021-07-13,8.99,9.24,9.45,8.72,14181,12842280.00,8.05,1.87,0.17,1.02
2021-07-14,9.20,8.93,9.20,8.93,5758,5185034.00,2.92,-3.35,-0.31,0.41
2021-07-15,9.14,8.93,9.14,8.79,6881,6158962.00,3.92,0.00,0.00,0.49
2021-07-16,8.88,8.93,9.14,8.72,6438,5700327.00,4.70,0.00,0.00,0.46
2021-07-19,8.94,8.63,9.09,8.60,6956,6077267.00,5.49,-3.36,-0.30,0.50
2021-07-20,8.66,8.47,8.66,8.37,5912,5003218.00,3.36,-1.85,-0.16,0.42
2021-07-21,8.44,8.56,8.71,8.41,9896,8418598.00,3.54,1.06,0.09,0.71"]}});
