jQuery112402823351815161831_1626521459839({"rc":0,"rt":17,"svr":182480524,"lt":1,"full":0,"data":{"code":"600521
market":1,"name":"华海药业
decimal":2,"dktotal":4404,"preKPrice":20.04,"klines":["2021-07-08,20.00,20.16,20.31,19.83,79517,159611478.00,2.40,0.60,0.12,0.55
2021-07-09,20.00,20.38,20.98,19.92,135530,278244832.00,5.26,1.09,0.22,0.93
2021-07-12,20.41,19.90,20.44,19.61,221164,439921104.00,4.07,-2.36,-0.48,1.52
2021-07-13,20.05,20.12,20.58,19.92,169728,342880480.00,3.32,1.11,0.22,1.17
2021-07-14,20.31,22.13,22.13,20.30,371530,810775296.00,9.10,9.99,2.01,2.55
2021-07-15,22.14,21.40,22.14,21.10,384473,824055488.00,4.70,-3.30,-0.73,2.64
2021-07-16,21.50,21.40,22.20,21.27,243222,526719760.00,4.35,0.00,0.00,1.67
2021-07-19,21.45,21.76,22.09,21.24,212357,461712416.00,3.97,1.68,0.36,1.46
2021-07-20,21.76,22.98,23.25,21.70,398990,902863312.00,7.12,5.61,1.22,2.74
2021-07-21,22.65,23.05,23.20,22.41,276900,629615552.00,3.44,0.30,0.07,1.90"]}});
