jQuery112402823351815161831_1626521459839({"rc":0,"rt":17,"svr":182481427,"lt":1,"full":0,"data":{"code":"600266
market":1,"name":"城建发展
decimal":2,"dktotal":5356,"preKPrice":4.73,"klines":["2021-07-08,4.72,4.65,4.75,4.64,66302,31047966.00,2.33,-1.69,-0.08,0.29
2021-07-09,4.65,4.65,4.70,4.61,40825,19014765.00,1.94,0.00,0.00,0.18
2021-07-12,4.67,4.66,4.72,4.64,52386,24438824.00,1.72,0.22,0.01,0.23
2021-07-13,4.67,4.70,4.73,4.61,75876,35409174.00,2.58,0.86,0.04,0.34
2021-07-14,4.62,4.61,4.64,4.59,48794,22520379.00,1.06,-1.91,-0.09,0.22
2021-07-15,4.62,4.57,4.62,4.54,41866,19124296.00,1.74,-0.87,-0.04,0.19
2021-07-16,4.58,4.51,4.61,4.48,80534,36441844.00,2.84,-1.31,-0.06,0.36
2021-07-19,4.50,4.50,4.54,4.49,40862,18420882.00,1.11,-0.22,-0.01,0.18
2021-07-20,4.49,4.49,4.53,4.47,34189,15336648.00,1.33,-0.22,-0.01,0.15
2021-07-21,4.48,4.48,4.52,4.47,37103,16667487.00,1.11,-0.22,-0.01,0.16"]}});
