jQuery112402823351815161831_1626521459839({"rc":0,"rt":17,"svr":181669633,"lt":1,"full":0,"data":{"code":"002748
market":0,"name":"世龙实业
decimal":2,"dktotal":1530,"preKPrice":6.48,"klines":["2021-07-08,6.48,6.35,6.53,6.33,10615,6795351.00,3.09,-2.01,-0.13,0.44
2021-07-09,6.27,6.40,6.44,6.26,9339,5940922.00,2.83,0.79,0.05,0.39
2021-07-12,6.36,6.47,6.51,6.35,9239,5965334.00,2.50,1.09,0.07,0.38
2021-07-13,6.46,6.66,6.90,6.42,28970,19449129.00,7.42,2.94,0.19,1.21
2021-07-14,6.70,6.68,6.85,6.60,18470,12391775.00,3.75,0.30,0.02,0.77
2021-07-15,6.67,6.65,6.73,6.55,12302,8159784.00,2.69,-0.45,-0.03,0.51
2021-07-16,6.63,6.88,6.94,6.61,21363,14564980.00,4.96,3.46,0.23,0.89
2021-07-19,6.91,6.76,6.99,6.75,15066,10266344.00,3.49,-1.74,-0.12,0.63
2021-07-20,6.78,6.70,6.80,6.61,10095,6755666.00,2.81,-0.89,-0.06,0.42
2021-07-21,6.69,6.90,6.91,6.68,15546,10643741.00,3.43,2.99,0.20,0.65"]}});
