jQuery112402823351815161831_1626521459839({"rc":0,"rt":17,"svr":181734974,"lt":1,"full":0,"data":{"code":"002872
market":0,"name":"ST天圣
decimal":2,"dktotal":955,"preKPrice":5.63,"klines":["2021-07-08,5.65,5.68,5.71,5.55,18694,10560469.00,2.84,0.89,0.05,0.87
2021-07-09,5.63,5.63,5.70,5.60,13285,7504462.00,1.76,-0.88,-0.05,0.62
2021-07-12,5.61,5.55,5.67,5.54,14541,8121021.00,2.31,-1.42,-0.08,0.68
2021-07-13,5.55,5.56,5.57,5.53,9883,5484468.00,0.72,0.18,0.01,0.46
2021-07-14,5.53,5.40,5.56,5.40,12866,7066370.00,2.88,-2.88,-0.16,0.60
2021-07-15,5.36,5.28,5.39,5.14,37291,19561769.00,4.63,-2.22,-0.12,1.73
2021-07-16,5.28,5.31,5.32,5.20,14275,7538157.00,2.27,0.57,0.03,0.66
2021-07-19,5.28,5.19,5.31,5.18,15098,7879991.00,2.45,-2.26,-0.12,0.70
2021-07-20,5.17,5.20,5.29,5.16,14082,7346549.00,2.50,0.19,0.01,0.65
2021-07-21,5.19,5.20,5.27,5.18,11876,6189298.00,1.73,0.00,0.00,0.55"]}});
