jQuery112402823351815161831_1626521459839({"rc":0,"rt":17,"svr":182482650,"lt":1,"full":0,"data":{"code":"600406
market":1,"name":"国电南瑞
decimal":2,"dktotal":4111,"preKPrice":24.87,"klines":["2021-07-08,24.90,25.01,25.42,24.67,188622,471961616.00,3.02,0.56,0.14,0.34
2021-07-09,25.10,25.30,25.39,24.77,178309,447594576.00,2.48,1.16,0.29,0.32
2021-07-12,25.40,26.10,26.40,25.00,239310,621461840.00,5.53,3.16,0.80,0.43
2021-07-13,26.45,26.31,26.62,25.83,173787,456190464.00,3.03,0.80,0.21,0.32
2021-07-14,26.31,26.29,26.57,25.80,154775,405782256.00,2.93,-0.08,-0.02,0.28
2021-07-15,26.25,26.68,26.98,26.05,141792,376831872.00,3.54,1.48,0.39,0.26
2021-07-16,26.60,25.90,26.75,25.83,166922,437107440.00,3.45,-2.92,-0.78,0.30
2021-07-19,25.93,25.95,26.66,25.66,136609,357492848.00,3.86,0.19,0.05,0.25
2021-07-20,25.76,26.24,26.40,25.51,125123,326134560.00,3.43,1.12,0.29,0.23
2021-07-21,26.36,26.95,27.15,25.96,193219,514338448.00,4.54,2.71,0.71,0.35"]}});
