jQuery112402823351815161831_1626521459839({"rc":0,"rt":17,"svr":182480525,"lt":1,"full":0,"data":{"code":"600027
market":1,"name":"华电国际
decimal":2,"dktotal":3943,"preKPrice":3.43,"klines":["2021-07-08,3.43,3.40,3.44,3.39,157053,53539454.00,1.46,-0.87,-0.03,0.19
2021-07-09,3.39,3.42,3.42,3.38,193999,65946943.00,1.18,0.59,0.02,0.24
2021-07-12,3.42,3.39,3.43,3.38,217198,73878831.00,1.46,-0.88,-0.03,0.27
2021-07-13,3.39,3.42,3.43,3.37,261940,89308942.00,1.77,0.88,0.03,0.32
2021-07-14,3.42,3.45,3.47,3.42,329906,113633092.00,1.46,0.88,0.03,0.41
2021-07-15,3.43,3.41,3.45,3.40,201149,68676366.00,1.45,-1.16,-0.04,0.25
2021-07-16,3.43,3.44,3.46,3.42,246183,84800558.00,1.17,0.88,0.03,0.30
2021-07-19,3.45,3.46,3.48,3.43,266838,92085548.00,1.45,0.58,0.02,0.33
2021-07-20,3.45,3.46,3.47,3.43,171120,58983942.00,1.16,0.00,0.00,0.21
2021-07-21,3.45,3.45,3.47,3.43,219443,75665075.00,1.16,-0.29,-0.01,0.27"]}});
