jQuery112402823351815161831_1626521459839({"rc":0,"rt":17,"svr":182480524,"lt":1,"full":0,"data":{"code":"002966
market":0,"name":"苏州银行
decimal":2,"dktotal":478,"preKPrice":7.71,"klines":["2021-07-08,7.76,7.65,7.76,7.58,190059,145062956.00,2.33,-0.78,-0.06,1.17
2021-07-09,7.62,7.65,7.68,7.56,196778,150049120.00,1.57,0.00,0.00,1.21
2021-07-12,7.71,7.60,7.80,7.56,231598,176976736.00,3.14,-0.65,-0.05,1.43
2021-07-13,7.61,7.67,7.70,7.50,165227,125788529.00,2.63,0.92,0.07,1.02
2021-07-14,7.74,7.51,7.74,7.43,253132,190926172.00,4.04,-2.09,-0.16,1.56
2021-07-15,7.47,7.60,7.68,7.43,225311,171156398.00,3.33,1.20,0.09,1.39
2021-07-16,7.56,7.56,7.68,7.48,210684,159373729.00,2.63,-0.53,-0.04,1.30
2021-07-19,7.60,7.63,7.65,7.54,177620,135173788.00,1.46,0.93,0.07,1.09
2021-07-20,7.58,7.55,7.64,7.53,137700,104230798.00,1.44,-1.05,-0.08,0.85
2021-07-21,7.58,7.49,7.62,7.46,153826,115543956.00,2.12,-0.79,-0.06,0.95"]}});
