jQuery112402823351815161831_1626521459839({"rc":0,"rt":17,"svr":182482250,"lt":1,"full":0,"data":{"code":"600336
market":1,"name":"澳柯玛
decimal":2,"dktotal":4897,"preKPrice":5.7,"klines":["2021-07-08,5.72,5.65,5.72,5.62,63370,35816518.00,1.75,-0.88,-0.05,0.81
2021-07-09,5.63,5.57,5.63,5.53,57171,31828156.00,1.77,-1.42,-0.08,0.73
2021-07-12,5.56,5.63,5.66,5.55,56838,31885877.00,1.97,1.08,0.06,0.73
2021-07-13,5.61,5.63,5.66,5.58,48690,27383076.00,1.42,0.00,0.00,0.62
2021-07-14,5.66,5.82,5.92,5.63,185408,107524679.00,5.15,3.37,0.19,2.37
2021-07-15,5.80,5.79,5.88,5.71,87950,50823986.00,2.92,-0.52,-0.03,1.12
2021-07-16,5.76,5.77,5.80,5.73,61826,35585739.00,1.21,-0.35,-0.02,0.79
2021-07-19,5.78,5.68,5.79,5.65,62422,35530419.00,2.43,-1.56,-0.09,0.80
2021-07-20,5.68,5.72,5.75,5.66,47618,27148206.00,1.58,0.70,0.04,0.61
2021-07-21,5.72,5.74,5.77,5.70,55056,31612325.00,1.22,0.35,0.02,0.70"]}});
