jQuery112402823351815161831_1626521459839({"rc":0,"rt":17,"svr":181734974,"lt":1,"full":0,"data":{"code":"600787
market":1,"name":"中储股份
decimal":2,"dktotal":5837,"preKPrice":5.51,"klines":["2021-07-08,5.50,5.42,5.57,5.40,149856,81800323.00,3.09,-1.63,-0.09,0.69
2021-07-09,5.40,5.45,5.46,5.37,113739,61623727.00,1.66,0.55,0.03,0.52
2021-07-12,5.50,5.39,5.52,5.34,129224,69996827.00,3.30,-1.10,-0.06,0.59
2021-07-13,5.39,5.40,5.46,5.32,123939,66848845.00,2.60,0.19,0.01,0.57
2021-07-14,5.35,5.31,5.44,5.29,113932,60805584.00,2.78,-1.67,-0.09,0.52
2021-07-15,5.30,5.31,5.35,5.21,132358,69874659.00,2.64,0.00,0.00,0.61
2021-07-16,5.32,5.41,5.48,5.29,159091,85954825.00,3.58,1.88,0.10,0.73
2021-07-19,5.42,5.59,5.70,5.41,304981,170583736.00,5.36,3.33,0.18,1.40
2021-07-20,5.55,5.52,5.58,5.45,177246,97485096.00,2.33,-1.25,-0.07,0.81
2021-07-21,5.54,5.47,5.60,5.40,188503,103121525.00,3.62,-0.91,-0.05,0.86"]}});
