jQuery112402823351815161831_1626521459839({"rc":0,"rt":17,"svr":181669475,"lt":1,"full":0,"data":{"code":"003012
market":0,"name":"东鹏控股
decimal":2,"dktotal":187,"preKPrice":15.48,"klines":["2021-07-08,15.60,15.04,15.60,14.92,47320,71683933.00,4.39,-2.84,-0.44,3.31
2021-07-09,15.04,15.07,15.20,14.75,33509,50238055.00,2.99,0.20,0.03,2.34
2021-07-12,15.08,14.89,15.38,14.84,51642,77636657.00,3.58,-1.19,-0.18,3.61
2021-07-13,14.90,15.55,15.99,14.63,112880,173181953.00,9.13,4.43,0.66,7.89
2021-07-14,15.28,14.94,15.32,14.86,81811,122956969.00,2.96,-3.92,-0.61,5.72
2021-07-15,15.01,15.19,15.50,14.74,57864,87246184.00,5.09,1.67,0.25,4.05
2021-07-16,15.18,15.01,15.30,14.94,43203,64911400.00,2.37,-1.18,-0.18,3.02
2021-07-19,15.02,15.33,15.63,15.00,73213,112312767.00,4.20,2.13,0.32,5.12
2021-07-20,15.34,15.12,15.34,15.03,43574,65786871.00,2.02,-1.37,-0.21,3.05
2021-07-21,15.12,14.85,15.29,14.79,68472,102225262.00,3.31,-1.79,-0.27,4.79"]}});
