jQuery112402823351815161831_1626521459839({"rc":0,"rt":17,"svr":182482648,"lt":1,"full":0,"data":{"code":"002712
market":0,"name":"思美传媒
decimal":2,"dktotal":1628,"preKPrice":4.68,"klines":["2021-07-08,4.69,4.61,4.69,4.60,28625,13256217.00,1.92,-1.50,-0.07,0.50
2021-07-09,4.62,4.76,4.78,4.60,50778,23855099.00,3.90,3.25,0.15,0.88
2021-07-12,4.75,4.77,4.79,4.73,29398,14006553.00,1.26,0.21,0.01,0.51
2021-07-13,4.75,4.81,4.85,4.72,49829,23898180.00,2.73,0.84,0.04,0.87
2021-07-14,4.81,4.81,4.86,4.77,37244,17931967.00,1.87,0.00,0.00,0.65
2021-07-15,4.81,4.73,4.81,4.68,35468,16762227.00,2.70,-1.66,-0.08,0.62
2021-07-16,4.68,4.67,4.74,4.65,28123,13159713.00,1.90,-1.27,-0.06,0.49
2021-07-19,4.66,4.58,4.67,4.54,35356,16211499.00,2.78,-1.93,-0.09,0.62
2021-07-20,4.54,4.58,4.61,4.54,17961,8214522.00,1.53,0.00,0.00,0.31
2021-07-21,4.56,4.63,4.65,4.56,23742,10950402.00,1.97,1.09,0.05,0.41"]}});
