jQuery112402823351815161831_1626521459839({"rc":0,"rt":17,"svr":181734974,"lt":1,"full":0,"data":{"code":"600770
market":1,"name":"综艺股份
decimal":2,"dktotal":5839,"preKPrice":6.0,"klines":["2021-07-08,5.98,6.35,6.56,5.98,380893,240800922.00,9.67,5.83,0.35,2.93
2021-07-09,6.29,6.30,6.38,6.22,172597,108716365.00,2.52,-0.79,-0.05,1.33
2021-07-12,6.26,6.36,6.41,6.24,147056,93059256.00,2.70,0.95,0.06,1.13
2021-07-13,6.29,6.21,6.42,6.19,140779,87992833.00,3.62,-2.36,-0.15,1.08
2021-07-14,6.21,6.10,6.25,6.08,116873,72000066.00,2.74,-1.77,-0.11,0.90
2021-07-15,6.12,6.06,6.13,5.91,109565,65866145.00,3.61,-0.66,-0.04,0.84
2021-07-16,6.06,6.06,6.16,6.01,108519,65912281.00,2.48,0.00,0.00,0.83
2021-07-19,6.00,5.88,6.05,5.85,137541,81604452.00,3.30,-2.97,-0.18,1.06
2021-07-20,5.89,5.95,5.95,5.80,90787,53495453.00,2.55,1.19,0.07,0.70
2021-07-21,5.93,6.55,6.55,5.93,469504,300781264.00,10.42,10.08,0.60,3.61"]}});
