jQuery112402823351815161831_1626521459839({"rc":0,"rt":17,"svr":182480525,"lt":1,"full":0,"data":{"code":"002471
market":0,"name":"中超控股
decimal":2,"dktotal":2520,"preKPrice":2.95,"klines":["2021-07-08,2.95,2.98,3.06,2.95,209655,63006624.00,3.73,1.02,0.03,1.66
2021-07-09,2.96,3.01,3.01,2.93,124908,37095162.00,2.68,1.01,0.03,0.99
2021-07-12,3.01,2.99,3.04,2.95,164932,49273203.00,2.99,-0.66,-0.02,1.30
2021-07-13,2.99,3.00,3.02,2.93,147422,43720383.00,3.01,0.33,0.01,1.17
2021-07-14,2.98,3.01,3.09,2.97,254943,77367416.00,4.00,0.33,0.01,2.02
2021-07-15,3.00,2.97,3.01,2.88,179776,52857635.00,4.32,-1.33,-0.04,1.42
2021-07-16,2.99,2.97,3.01,2.95,130413,38915809.00,2.02,0.00,0.00,1.03
2021-07-19,2.97,2.97,3.04,2.95,152155,45430382.00,3.03,0.00,0.00,1.20
2021-07-20,2.96,3.09,3.16,2.96,467610,142976359.00,6.73,4.04,0.12,3.70
2021-07-21,3.09,3.11,3.19,3.04,404475,125184085.00,4.85,0.65,0.02,3.20"]}});
