jQuery112402823351815161831_1626521459839({"rc":0,"rt":17,"svr":181734976,"lt":1,"full":0,"data":{"code":"600626
market":1,"name":"申达股份
decimal":2,"dktotal":6806,"preKPrice":4.23,"klines":["2021-07-08,4.23,4.18,4.24,4.17,37906,15915232.00,1.65,-1.18,-0.05,0.47
2021-07-09,4.18,4.19,4.21,4.16,32154,13473489.00,1.20,0.24,0.01,0.40
2021-07-12,4.22,4.29,4.31,4.22,56857,24266260.00,2.15,2.39,0.10,0.70
2021-07-13,4.28,4.32,4.33,4.24,47142,20240981.00,2.10,0.70,0.03,0.58
2021-07-14,4.32,4.28,4.32,4.27,27920,11965575.00,1.16,-0.93,-0.04,0.35
2021-07-15,4.30,4.22,4.30,4.19,45758,19361325.00,2.57,-1.40,-0.06,0.57
2021-07-16,4.27,4.29,4.39,4.27,81190,35017829.00,2.84,1.66,0.07,1.00
2021-07-19,4.25,4.19,4.29,4.18,50074,21050793.00,2.56,-2.33,-0.10,0.62
2021-07-20,4.19,4.18,4.21,4.16,28021,11724406.00,1.19,-0.24,-0.01,0.35
2021-07-21,4.26,4.31,4.38,4.19,116326,50268780.00,4.55,3.11,0.13,1.44"]}});
