jQuery112402823351815161831_1626521459839({"rc":0,"rt":17,"svr":182481221,"lt":1,"full":0,"data":{"code":"600396
market":1,"name":"金山股份
decimal":2,"dktotal":4768,"preKPrice":2.28,"klines":["2021-07-08,2.28,2.27,2.31,2.25,73883,16849709.00,2.63,-0.44,-0.01,0.50
2021-07-09,2.26,2.31,2.33,2.21,95644,21882428.00,5.29,1.76,0.04,0.65
2021-07-12,2.32,2.31,2.35,2.31,75790,17604607.00,1.73,0.00,0.00,0.51
2021-07-13,2.31,2.34,2.34,2.28,83550,19328331.00,2.60,1.30,0.03,0.57
2021-07-14,2.33,2.31,2.37,2.31,70257,16384816.00,2.56,-1.28,-0.03,0.48
2021-07-15,2.31,2.29,2.32,2.28,80482,18466104.00,1.73,-0.87,-0.02,0.55
2021-07-16,2.28,2.29,2.31,2.28,44592,10242752.00,1.31,0.00,0.00,0.30
2021-07-19,2.28,2.26,2.29,2.24,55845,12596403.00,2.18,-1.31,-0.03,0.38
2021-07-20,2.24,2.25,2.25,2.21,50312,11221238.00,1.77,-0.44,-0.01,0.34
2021-07-21,2.25,2.24,2.28,2.23,68902,15486516.00,2.22,-0.44,-0.01,0.47"]}});
