jQuery112402823351815161831_1626521459839({"rc":0,"rt":17,"svr":181734974,"lt":1,"full":0,"data":{"code":"003028
market":0,"name":"振邦智能
decimal":2,"dktotal":137,"preKPrice":43.89,"klines":["2021-07-08,44.55,42.99,44.55,42.73,24807,107286156.00,4.15,-2.05,-0.90,9.05
2021-07-09,43.13,42.03,43.16,41.58,23688,99458252.00,3.68,-2.23,-0.96,8.65
2021-07-12,42.15,43.06,43.49,41.88,20240,86749796.00,3.83,2.45,1.03,7.39
2021-07-13,43.10,43.29,43.56,42.52,19977,86049177.00,2.42,0.53,0.23,7.29
2021-07-14,43.00,42.43,43.35,42.11,14585,61979945.00,2.86,-1.99,-0.86,5.32
2021-07-15,42.43,42.05,43.12,41.85,14009,59161411.00,2.99,-0.90,-0.38,5.11
2021-07-16,42.09,41.30,42.36,41.13,15791,65435744.00,2.93,-1.78,-0.75,5.76
2021-07-19,41.00,41.21,41.47,40.61,10140,41602242.00,2.08,-0.22,-0.09,3.70
2021-07-20,40.81,41.42,41.56,40.76,8316,34259211.00,1.94,0.51,0.21,3.03
2021-07-21,41.43,42.67,42.77,41.39,17107,72221054.00,3.33,3.02,1.25,6.24"]}});
