jQuery112402823351815161831_1626521459839({"rc":0,"rt":17,"svr":181216957,"lt":1,"full":0,"data":{"code":"002929
market":0,"name":"润建股份
decimal":2,"dktotal":826,"preKPrice":25.75,"klines":["2021-07-08,25.65,25.77,25.92,25.54,13209,33985426.00,1.48,0.08,0.02,0.82
2021-07-09,25.76,25.57,25.85,25.44,11970,30676222.00,1.59,-0.78,-0.20,0.74
2021-07-12,25.76,26.23,26.23,25.71,23956,62240879.00,2.03,2.58,0.66,1.48
2021-07-13,26.27,25.79,26.58,25.73,23358,60959274.00,3.24,-1.68,-0.44,1.44
2021-07-14,25.67,26.57,27.17,25.67,38828,103260140.00,5.82,3.02,0.78,2.40
2021-07-15,27.50,27.28,27.59,26.61,53814,145862557.00,3.69,2.67,0.71,3.32
2021-07-16,27.16,26.61,27.22,26.60,33288,89529731.00,2.27,-2.46,-0.67,2.06
2021-07-19,26.78,28.30,28.89,26.30,67133,186207698.00,9.73,6.35,1.69,4.15
2021-07-20,27.85,27.81,28.59,27.58,35997,100442321.00,3.57,-1.73,-0.49,2.22
2021-07-21,27.84,27.85,27.98,27.48,31415,87066215.00,1.80,0.14,0.04,1.94"]}});
