jQuery112402823351815161831_1626521459839({"rc":0,"rt":17,"svr":181734975,"lt":1,"full":0,"data":{"code":"002664
market":0,"name":"长鹰信质
decimal":2,"dktotal":2062,"preKPrice":16.21,"klines":["2021-07-08,16.11,16.11,16.95,15.92,110123,179821873.00,6.35,-0.62,-0.10,2.81
2021-07-09,16.10,16.52,16.72,15.90,124966,205356098.00,5.09,2.55,0.41,3.19
2021-07-12,16.55,16.47,17.33,16.29,135791,226739000.00,6.30,-0.30,-0.05,3.46
2021-07-13,16.73,15.98,16.76,15.81,115372,184787388.00,5.77,-2.98,-0.49,2.94
2021-07-14,16.25,15.50,16.30,15.47,72805,113827574.00,5.19,-3.00,-0.48,1.86
2021-07-15,15.63,15.46,15.67,15.14,61459,94221429.00,3.42,-0.26,-0.04,1.57
2021-07-16,15.41,15.74,15.88,15.26,72353,113064651.00,4.01,1.81,0.28,1.84
2021-07-19,15.78,16.09,16.35,15.75,88608,142634631.00,3.81,2.22,0.35,2.26
2021-07-20,15.90,15.97,16.25,15.76,61136,97210219.00,3.05,-0.75,-0.12,1.56
2021-07-21,15.92,16.43,16.67,15.84,102993,167997263.00,5.20,2.88,0.46,2.63"]}});
