jQuery112402823351815161831_1626521459839({"rc":0,"rt":17,"svr":182481222,"lt":1,"full":0,"data":{"code":"002952
market":0,"name":"亚世光电
decimal":2,"dktotal":564,"preKPrice":14.54,"klines":["2021-07-08,14.36,14.19,14.40,14.12,17189,24393400.00,1.93,-2.41,-0.35,2.47
2021-07-09,14.10,14.22,14.36,14.04,9387,13354381.00,2.26,0.21,0.03,1.35
2021-07-12,14.23,14.27,14.38,14.16,9682,13823759.00,1.55,0.35,0.05,1.39
2021-07-13,14.00,13.45,14.05,13.40,24966,33923814.00,4.56,-5.75,-0.82,3.58
2021-07-14,13.44,13.35,13.47,13.31,10025,13403944.00,1.19,-0.74,-0.10,1.44
2021-07-15,13.23,13.13,13.37,13.06,9408,12376165.00,2.32,-1.65,-0.22,1.35
2021-07-16,13.12,13.16,13.21,13.03,5705,7496598.00,1.37,0.23,0.03,0.82
2021-07-19,13.19,13.17,13.25,13.09,3855,5074420.00,1.22,0.08,0.01,0.55
2021-07-20,13.20,13.25,13.25,13.02,5337,7008724.00,1.75,0.61,0.08,0.77
2021-07-21,13.21,13.26,13.35,13.20,5236,6951675.00,1.13,0.08,0.01,0.75"]}});
