jQuery112402823351815161831_1626521459839({"rc":0,"rt":17,"svr":181734976,"lt":1,"full":0,"data":{"code":"600766
market":1,"name":"*ST园城
decimal":2,"dktotal":5631,"preKPrice":5.04,"klines":["2021-07-08,4.97,5.08,5.29,4.94,295535,153253228.00,6.94,0.79,0.04,13.20
2021-07-09,4.83,4.83,4.90,4.83,116747,56419439.00,1.38,-4.92,-0.25,5.21
2021-07-12,4.82,4.60,4.85,4.59,229041,106940581.00,5.38,-4.76,-0.23,10.23
2021-07-13,4.60,4.60,4.71,4.52,108224,50023577.00,4.13,0.00,0.00,4.83
2021-07-14,4.60,4.63,4.67,4.47,85583,39038494.00,4.35,0.65,0.03,3.82
2021-07-15,4.62,4.77,4.85,4.58,90637,42804765.00,5.83,3.02,0.14,4.05
2021-07-16,4.63,4.56,4.72,4.53,95354,43926553.00,3.98,-4.40,-0.21,4.26
2021-07-19,4.50,4.33,4.52,4.33,83854,36542461.00,4.17,-5.04,-0.23,3.74
2021-07-20,4.25,4.33,4.37,4.14,76996,32710594.00,5.31,0.00,0.00,3.44
2021-07-21,4.30,4.46,4.53,4.30,72395,32156835.00,5.31,3.00,0.13,3.23"]}});
