jQuery112402823351815161831_1626521459839({"rc":0,"rt":17,"svr":182481597,"lt":1,"full":0,"data":{"code":"002282
market":0,"name":"博深股份
decimal":2,"dktotal":2723,"preKPrice":11.17,"klines":["2021-07-08,11.24,11.03,11.28,10.87,47893,52929419.00,3.67,-1.25,-0.14,1.50
2021-07-09,11.00,11.10,11.12,10.80,34048,37475002.00,2.90,0.63,0.07,1.06
2021-07-12,11.26,11.89,12.00,11.15,93921,108951336.00,7.66,7.12,0.79,2.94
2021-07-13,11.89,11.82,12.06,11.69,56727,67050928.00,3.11,-0.59,-0.07,1.77
2021-07-14,11.85,12.49,12.60,11.77,99605,123260063.00,7.02,5.67,0.67,3.11
2021-07-15,12.70,12.79,13.05,12.30,115299,146389480.00,6.00,2.40,0.30,3.60
2021-07-16,12.84,12.57,12.96,12.51,65345,82954296.00,3.52,-1.72,-0.22,2.04
2021-07-19,12.70,12.87,13.03,12.55,46280,59380102.00,3.82,2.39,0.30,1.45
2021-07-20,12.91,13.18,13.20,12.70,42753,55512689.00,3.89,2.41,0.31,1.34
2021-07-21,13.18,13.08,13.23,12.85,41075,53422368.00,2.88,-0.76,-0.10,1.28"]}});
