jQuery112402823351815161831_1626521459839({"rc":0,"rt":17,"svr":182481427,"lt":1,"full":0,"data":{"code":"600303
market":1,"name":"曙光股份
decimal":2,"dktotal":4854,"preKPrice":3.97,"klines":["2021-07-08,3.95,3.82,3.95,3.80,193018,74536018.00,3.78,-3.78,-0.15,2.86
2021-07-09,3.82,3.90,3.91,3.79,117898,45601907.00,3.14,2.09,0.08,1.75
2021-07-12,3.89,3.92,4.04,3.88,182241,72307282.00,4.10,0.51,0.02,2.70
2021-07-13,3.93,3.91,3.96,3.87,115672,45262865.00,2.30,-0.26,-0.01,1.71
2021-07-14,3.91,3.83,3.92,3.83,124593,48105219.00,2.30,-2.05,-0.08,1.84
2021-07-15,3.83,3.72,3.83,3.67,191515,71348538.00,4.18,-2.87,-0.11,2.83
2021-07-16,3.73,3.72,3.78,3.71,100584,37639512.00,1.88,0.00,0.00,1.49
2021-07-19,3.73,3.74,3.77,3.68,102511,38216270.00,2.42,0.54,0.02,1.52
2021-07-20,3.71,3.76,3.77,3.70,74158,27695867.00,1.87,0.53,0.02,1.10
2021-07-21,3.76,3.86,3.87,3.75,131615,50493561.00,3.19,2.66,0.10,1.95"]}});
