jQuery112402823351815161831_1626521459839({"rc":0,"rt":17,"svr":182482649,"lt":1,"full":0,"data":{"code":"600346
market":1,"name":"恒力石化
decimal":2,"dktotal":4479,"preKPrice":26.43,"klines":["2021-07-08,25.85,25.62,26.35,25.51,426631,1103704832.00,3.18,-3.06,-0.81,0.61
2021-07-09,25.35,24.91,25.35,24.47,557030,1383949280.00,3.43,-2.77,-0.71,0.79
2021-07-12,25.08,25.88,26.28,25.00,672081,1734282240.00,5.14,3.89,0.97,0.95
2021-07-13,25.89,25.62,26.12,25.34,333802,855239312.00,3.01,-1.00,-0.26,0.47
2021-07-14,25.55,26.79,27.08,25.33,831846,2198949824.00,6.83,4.57,1.17,1.18
2021-07-15,28.01,28.33,29.47,28.01,1595875,4600136960.00,5.45,5.75,1.54,2.27
2021-07-16,28.95,27.79,29.20,27.72,842099,2388278400.00,5.22,-1.91,-0.54,1.20
2021-07-19,27.70,27.20,28.24,27.08,638261,1751351312.00,4.17,-2.12,-0.59,0.91
2021-07-20,26.52,26.15,26.58,25.58,756765,1963990560.00,3.68,-3.86,-1.05,1.08
2021-07-21,26.26,26.86,27.18,25.86,589911,1566048576.00,5.05,2.72,0.71,0.84"]}});
