jQuery112402823351815161831_1626521459839({"rc":0,"rt":17,"svr":181669475,"lt":1,"full":0,"data":{"code":"600845
market":1,"name":"宝信软件
decimal":2,"dktotal":6323,"preKPrice":57.49,"klines":["2021-07-08,58.28,56.68,58.28,55.71,71551,404539328.00,4.47,-1.41,-0.81,0.66
2021-07-09,56.80,55.30,56.88,54.38,86570,478846976.00,4.41,-2.43,-1.38,0.79
2021-07-12,55.91,58.20,58.38,54.98,109472,628852864.00,6.15,5.24,2.90,1.00
2021-07-13,58.88,58.90,59.75,57.30,70524,412776272.00,4.21,1.20,0.70,0.65
2021-07-14,58.25,58.24,59.13,57.60,52321,304760800.00,2.60,-1.12,-0.66,0.48
2021-07-15,58.20,58.99,59.60,57.80,75088,440994080.00,3.09,1.29,0.75,0.69
2021-07-16,59.80,60.01,61.27,59.00,79396,476287952.00,3.85,1.73,1.02,0.73
2021-07-19,60.00,60.05,60.09,57.52,85478,505054192.00,4.28,0.07,0.04,0.78
2021-07-20,59.51,60.30,60.40,58.08,81609,482032752.00,3.86,0.42,0.25,0.75
2021-07-21,60.29,61.25,62.45,59.30,64936,397089936.00,5.22,1.58,0.95,0.59"]}});
