jQuery112402823351815161831_1626521459839({"rc":0,"rt":17,"svr":181669633,"lt":1,"full":0,"data":{"code":"002858
market":0,"name":"力盛赛车
decimal":2,"dktotal":1046,"preKPrice":16.64,"klines":["2021-07-08,16.64,17.39,17.59,16.18,81656,138822850.00,8.47,4.51,0.75,8.40
2021-07-09,17.30,16.20,17.30,16.06,61809,101910971.00,7.13,-6.84,-1.19,6.36
2021-07-12,16.19,17.82,17.82,16.00,50804,86447476.00,11.23,10.00,1.62,5.22
2021-07-13,18.52,17.90,18.78,17.51,55071,98892586.00,7.13,0.45,0.08,5.66
2021-07-14,17.96,17.81,18.45,17.63,38210,68793152.00,4.58,-0.50,-0.09,3.93
2021-07-15,17.78,17.19,18.01,16.90,57173,99245171.00,6.23,-3.48,-0.62,5.88
2021-07-16,17.17,16.84,17.65,16.70,50181,85636602.00,5.53,-2.04,-0.35,5.16
2021-07-19,17.22,16.73,17.28,16.54,33820,56941411.00,4.39,-0.65,-0.11,3.48
2021-07-20,16.56,16.80,16.96,16.46,20108,33645700.00,2.99,0.42,0.07,2.07
2021-07-21,16.80,16.71,16.98,16.30,30508,50654787.00,4.05,-0.54,-0.09,3.14"]}});
