jQuery112402823351815161831_1626521459839({"rc":0,"rt":17,"svr":181734976,"lt":1,"full":0,"data":{"code":"600107
market":1,"name":"美尔雅
decimal":2,"dktotal":5629,"preKPrice":6.04,"klines":["2021-07-08,6.03,6.00,6.09,5.97,51683,31121618.00,1.99,-0.66,-0.04,1.44
2021-07-09,5.99,6.03,6.05,5.98,35334,21271140.00,1.17,0.50,0.03,0.98
2021-07-12,6.03,6.03,6.08,6.02,37044,22366204.00,1.00,0.00,0.00,1.03
2021-07-13,6.03,6.01,6.04,5.95,47505,28513911.00,1.49,-0.33,-0.02,1.32
2021-07-14,6.00,5.86,6.00,5.85,67776,40185744.00,2.50,-2.50,-0.15,1.88
2021-07-15,5.84,5.53,5.84,5.51,120781,67545588.00,5.63,-5.63,-0.33,3.36
2021-07-16,5.51,5.54,5.62,5.50,47799,26637110.00,2.17,0.18,0.01,1.33
2021-07-19,5.54,5.57,5.59,5.33,98442,53436570.00,4.69,0.54,0.03,2.73
2021-07-20,5.52,5.52,5.54,5.48,35324,19440805.00,1.08,-0.90,-0.05,0.98
2021-07-21,5.53,5.60,5.64,5.53,41284,23080689.00,1.99,1.45,0.08,1.15"]}});
