jQuery112402823351815161831_1626521459839({"rc":0,"rt":17,"svr":181734975,"lt":1,"full":0,"data":{"code":"002825
market":0,"name":"纳尔股份
decimal":2,"dktotal":1121,"preKPrice":14.07,"klines":["2021-07-08,14.18,14.04,14.18,13.99,5728,8049501.00,1.35,-0.21,-0.03,0.62
2021-07-09,14.05,14.16,14.20,13.98,5531,7801840.00,1.57,0.85,0.12,0.60
2021-07-12,14.18,14.20,14.28,14.12,6093,8642642.00,1.13,0.28,0.04,0.66
2021-07-13,14.33,14.14,14.33,14.05,6081,8598626.00,1.97,-0.42,-0.06,0.66
2021-07-14,14.15,14.18,14.20,14.06,5931,8387446.00,0.99,0.28,0.04,0.65
2021-07-15,14.06,13.79,14.12,13.71,7103,9841676.00,2.89,-2.75,-0.39,0.77
2021-07-16,13.78,13.68,13.87,13.65,5771,7910750.00,1.60,-0.80,-0.11,0.63
2021-07-19,13.80,13.72,13.99,13.65,7356,10151354.00,2.49,0.29,0.04,0.80
2021-07-20,13.72,14.01,14.02,13.58,5916,8202770.00,3.21,2.11,0.29,0.64
2021-07-21,13.95,14.01,14.10,13.83,6490,9079650.00,1.93,0.00,0.00,0.71"]}});
