jQuery112402823351815161831_1626521459839({"rc":0,"rt":17,"svr":181669633,"lt":1,"full":0,"data":{"code":"002883
market":0,"name":"中设股份
decimal":2,"dktotal":987,"preKPrice":11.41,"klines":["2021-07-08,11.41,11.26,11.41,10.80,7175,8076982.00,5.35,-1.31,-0.15,0.80
2021-07-09,11.25,11.23,11.32,11.17,6319,7092900.00,1.33,-0.27,-0.03,0.71
2021-07-12,11.28,11.25,11.44,11.22,7640,8632835.00,1.96,0.18,0.02,0.86
2021-07-13,11.27,11.24,11.33,11.18,9919,11121920.00,1.33,-0.09,-0.01,1.11
2021-07-14,11.25,11.07,11.30,11.05,7142,7967453.00,2.22,-1.51,-0.17,0.80
2021-07-15,11.07,10.92,11.07,10.88,7892,8629256.00,1.72,-1.36,-0.15,0.88
2021-07-16,10.89,10.86,10.97,10.77,6950,7559417.00,1.83,-0.55,-0.06,0.78
2021-07-19,10.89,10.82,10.89,10.71,4202,4529567.00,1.66,-0.37,-0.04,0.47
2021-07-20,10.82,10.80,10.88,10.71,3541,3817248.00,1.57,-0.18,-0.02,0.40
2021-07-21,10.89,10.91,10.98,10.77,7448,8124544.00,1.94,1.02,0.11,0.83"]}});
