jQuery112402823351815161831_1626521459839({"rc":0,"rt":17,"svr":182480525,"lt":1,"full":0,"data":{"code":"600025
market":1,"name":"华能水电
decimal":2,"dktotal":874,"preKPrice":5.51,"klines":["2021-07-08,5.54,5.59,5.68,5.52,293118,164460194.00,2.90,1.45,0.08,0.16
2021-07-09,5.57,5.57,5.60,5.47,254949,140985067.00,2.33,-0.36,-0.02,0.14
2021-07-12,5.58,5.61,5.64,5.51,237633,132256779.00,2.33,0.72,0.04,0.13
2021-07-13,5.59,5.72,5.72,5.55,262875,148650337.00,3.03,1.96,0.11,0.15
2021-07-14,5.71,5.65,5.81,5.60,256297,145662274.00,3.67,-1.22,-0.07,0.14
2021-07-15,5.67,5.67,5.68,5.56,213156,119887785.00,2.12,0.35,0.02,0.12
2021-07-16,5.66,5.44,5.71,5.43,532536,295454032.00,4.94,-4.06,-0.23,0.30
2021-07-19,5.50,5.34,5.52,5.28,419927,225010090.00,4.41,-1.84,-0.10,0.23
2021-07-20,5.32,5.33,5.38,5.30,148058,78936725.00,1.50,-0.19,-0.01,0.08
2021-07-21,5.33,5.25,5.36,5.22,298503,157247830.00,2.63,-1.50,-0.08,0.17"]}});
