jQuery112402823351815161831_1626521459839({"rc":0,"rt":17,"svr":182481597,"lt":1,"full":0,"data":{"code":"002451
market":0,"name":"摩恩电气
decimal":2,"dktotal":2519,"preKPrice":6.42,"klines":["2021-07-08,6.42,6.30,6.49,6.30,35469,22536328.00,2.96,-1.87,-0.12,0.81
2021-07-09,6.30,6.75,6.93,6.24,262894,178202555.00,10.95,7.14,0.45,5.99
2021-07-12,6.64,6.78,6.87,6.62,162230,109461303.00,3.70,0.44,0.03,3.70
2021-07-13,6.79,6.82,6.84,6.66,104910,70951009.00,2.65,0.59,0.04,2.39
2021-07-14,6.79,6.75,6.90,6.71,62640,42389692.00,2.79,-1.03,-0.07,1.43
2021-07-15,6.73,6.77,6.91,6.62,69900,47139891.00,4.30,0.30,0.02,1.59
2021-07-16,6.85,6.82,7.04,6.77,93792,64682035.00,3.99,0.74,0.05,2.14
2021-07-19,6.82,6.71,6.84,6.63,60912,40840931.00,3.08,-1.61,-0.11,1.39
2021-07-20,6.66,6.76,6.79,6.63,46661,31430620.00,2.38,0.75,0.05,1.06
2021-07-21,6.79,6.73,6.86,6.68,40307,27113913.00,2.66,-0.44,-0.03,0.92"]}});
