jQuery112402823351815161831_1626521459839({"rc":0,"rt":17,"svr":182482249,"lt":1,"full":0,"data":{"code":"600676
market":1,"name":"交运股份
decimal":2,"dktotal":6647,"preKPrice":4.24,"klines":["2021-07-08,4.20,4.24,4.25,4.18,21892,9234388.00,1.65,0.00,0.00,0.21
2021-07-09,4.22,4.22,4.23,4.18,22261,9362474.00,1.18,-0.47,-0.02,0.22
2021-07-12,4.22,4.25,4.27,4.22,22294,9455908.00,1.18,0.71,0.03,0.22
2021-07-13,4.28,4.34,4.35,4.23,37220,16022720.00,2.82,2.12,0.09,0.36
2021-07-14,4.30,4.27,4.31,4.24,25263,10791291.00,1.61,-1.61,-0.07,0.25
2021-07-15,4.27,4.17,4.27,4.14,28704,12009801.00,3.04,-2.34,-0.10,0.28
2021-07-16,4.20,4.19,4.29,4.18,20722,8766183.00,2.64,0.48,0.02,0.20
2021-07-19,4.18,4.16,4.22,4.12,23923,9933635.00,2.39,-0.72,-0.03,0.23
2021-07-20,4.20,4.17,4.20,4.12,16391,6809874.00,1.92,0.24,0.01,0.16
2021-07-21,4.15,4.17,4.19,4.14,26482,11028699.00,1.20,0.00,0.00,0.26"]}});
