jQuery112402823351815161831_1626521459839({"rc":0,"rt":17,"svr":182480525,"lt":1,"full":0,"data":{"code":"002366
market":0,"name":"台海核电
decimal":2,"dktotal":2557,"preKPrice":3.54,"klines":["2021-07-08,3.55,3.46,3.55,3.45,132489,46032099.00,2.82,-2.26,-0.08,2.19
2021-07-09,3.45,3.53,3.56,3.44,139088,48810517.00,3.47,2.02,0.07,2.30
2021-07-12,3.54,3.61,3.63,3.54,163328,58559003.00,2.55,2.27,0.08,2.70
2021-07-13,3.60,3.59,3.63,3.56,122002,43820855.00,1.94,-0.55,-0.02,2.02
2021-07-14,3.60,3.50,3.60,3.50,122553,43280855.00,2.79,-2.51,-0.09,2.03
2021-07-15,3.44,3.47,3.49,3.42,120017,41484486.00,2.00,-0.86,-0.03,1.99
2021-07-16,3.45,3.46,3.55,3.45,98196,34285820.00,2.88,-0.29,-0.01,1.62
2021-07-19,3.48,3.41,3.50,3.40,101590,34739570.00,2.89,-1.45,-0.05,1.68
2021-07-20,3.40,3.42,3.44,3.36,84397,28590563.00,2.35,0.29,0.01,1.40
2021-07-21,3.50,3.46,3.53,3.43,125297,43623279.00,2.92,1.17,0.04,2.07"]}});
