jQuery112402823351815161831_1626521459839({"rc":0,"rt":17,"svr":181216957,"lt":1,"full":0,"data":{"code":"002484
market":0,"name":"江海股份
decimal":2,"dktotal":2622,"preKPrice":15.38,"klines":["2021-07-08,15.45,16.42,16.66,15.42,265867,433153776.00,8.06,6.76,1.04,3.45
2021-07-09,16.25,16.41,16.52,15.80,176570,284766832.00,4.38,-0.06,-0.01,2.29
2021-07-12,16.70,17.40,17.48,16.38,242655,411454032.00,6.70,6.03,0.99,3.14
2021-07-13,17.40,18.09,18.14,17.01,270795,481047440.00,6.49,3.97,0.69,3.51
2021-07-14,18.10,17.52,18.16,17.43,206278,367969280.00,4.04,-3.15,-0.57,2.67
2021-07-15,17.49,17.86,17.88,16.89,205204,356337264.00,5.65,1.94,0.34,2.66
2021-07-16,17.75,17.30,17.83,17.25,116295,203441571.00,3.25,-3.14,-0.56,1.51
2021-07-19,17.29,17.53,18.20,17.18,157898,279896432.00,5.90,1.33,0.23,2.05
2021-07-20,17.42,17.90,18.05,17.35,134153,238257683.00,3.99,2.11,0.37,1.74
2021-07-21,17.95,19.05,19.14,17.73,274061,507908736.00,7.88,6.42,1.15,3.55"]}});
