jQuery112402823351815161831_1626521459839({"rc":0,"rt":17,"svr":182481597,"lt":1,"full":0,"data":{"code":"600725
market":1,"name":"云维股份
decimal":2,"dktotal":5636,"preKPrice":2.69,"klines":["2021-07-08,2.67,2.60,2.67,2.58,79043,20742722.00,3.35,-3.35,-0.09,0.64
2021-07-09,2.59,2.62,2.64,2.56,64709,16820714.00,3.08,0.77,0.02,0.53
2021-07-12,2.62,2.54,2.69,2.52,157845,40970232.00,6.49,-3.05,-0.08,1.28
2021-07-13,2.57,2.60,2.61,2.53,77584,20111145.00,3.15,2.36,0.06,0.63
2021-07-14,2.60,2.57,2.66,2.56,90839,23714614.00,3.85,-1.15,-0.03,0.74
2021-07-15,2.56,2.53,2.57,2.50,63932,16150517.00,2.72,-1.56,-0.04,0.52
2021-07-16,2.53,2.57,2.60,2.53,53963,13877745.00,2.77,1.58,0.04,0.44
2021-07-19,2.59,2.53,2.60,2.52,51633,13088047.00,3.11,-1.56,-0.04,0.42
2021-07-20,2.54,2.52,2.55,2.47,70647,17727986.00,3.16,-0.40,-0.01,0.57
2021-07-21,2.52,2.49,2.54,2.48,60388,15080760.00,2.38,-1.19,-0.03,0.49"]}});
