jQuery112402823351815161831_1626521459839({"rc":0,"rt":17,"svr":182480524,"lt":1,"full":0,"data":{"code":"600682
market":1,"name":"南京新百
decimal":2,"dktotal":6251,"preKPrice":10.38,"klines":["2021-07-08,10.38,10.12,10.39,10.11,67891,69342106.00,2.70,-2.50,-0.26,0.58
2021-07-09,10.08,10.22,10.30,10.02,44913,45779035.00,2.77,0.99,0.10,0.39
2021-07-12,10.26,10.18,10.45,10.15,80282,82805538.00,2.94,-0.39,-0.04,0.69
2021-07-13,10.18,10.20,10.26,10.06,63275,64181969.00,1.96,0.20,0.02,0.54
2021-07-14,10.20,10.50,10.65,10.15,124343,130121541.00,4.90,2.94,0.30,1.07
2021-07-15,10.43,10.53,10.63,10.30,82872,86839615.00,3.14,0.29,0.03,0.71
2021-07-16,10.52,10.30,10.52,10.30,70921,73659930.00,2.09,-2.18,-0.23,0.61
2021-07-19,10.30,10.11,10.31,9.92,77798,78373168.00,3.79,-1.84,-0.19,0.67
2021-07-20,10.00,10.11,10.22,9.95,34851,35215176.00,2.67,0.00,0.00,0.30
2021-07-21,10.13,10.11,10.36,10.10,56909,57975037.00,2.57,0.00,0.00,0.49"]}});
