jQuery112402823351815161831_1626521459839({"rc":0,"rt":17,"svr":181669475,"lt":1,"full":0,"data":{"code":"002597
market":0,"name":"金禾实业
decimal":2,"dktotal":2409,"preKPrice":33.96,"klines":["2021-07-08,33.80,32.40,34.02,32.34,50288,165601581.00,4.95,-4.59,-1.56,0.90
2021-07-09,32.20,34.50,34.85,32.03,81929,277317920.00,8.70,6.48,2.10,1.46
2021-07-12,34.57,33.31,35.86,33.23,97054,334374512.00,7.62,-3.45,-1.19,1.73
2021-07-13,33.79,35.03,35.76,33.46,112342,393903728.00,6.90,5.16,1.72,2.01
2021-07-14,34.80,34.85,35.56,34.42,59644,209391960.00,3.25,-0.51,-0.18,1.07
2021-07-15,34.84,34.53,35.30,34.00,68181,234984818.00,3.73,-0.92,-0.32,1.22
2021-07-16,34.30,33.72,34.47,33.55,47424,160493028.00,2.66,-2.35,-0.81,0.85
2021-07-19,33.69,33.94,34.15,32.90,49275,165352151.00,3.71,0.65,0.22,0.88
2021-07-20,33.52,33.35,33.69,32.91,32940,109447387.00,2.30,-1.74,-0.59,0.59
2021-07-21,33.33,32.88,33.78,32.68,48123,158597169.00,3.30,-1.41,-0.47,0.86"]}});
