jQuery112402823351815161831_1626521459839({"rc":0,"rt":17,"svr":181669475,"lt":1,"full":0,"data":{"code":"002880
market":0,"name":"卫光生物
decimal":2,"dktotal":961,"preKPrice":37.4,"klines":["2021-07-08,37.32,37.13,37.59,36.80,10877,40420828.00,2.11,-0.72,-0.27,0.48
2021-07-09,37.29,38.54,38.56,37.01,13686,51870338.00,4.17,3.80,1.41,0.60
2021-07-12,38.52,38.24,38.52,37.75,16257,62127330.00,2.00,-0.78,-0.30,0.72
2021-07-13,38.25,38.28,38.66,37.80,12925,49407968.00,2.25,0.10,0.04,0.57
2021-07-14,38.28,42.11,42.11,37.95,32775,134880313.00,10.87,10.01,3.83,1.45
2021-07-15,42.80,39.89,42.88,39.00,39653,160874077.00,9.21,-5.27,-2.22,1.75
2021-07-16,39.89,38.31,39.89,37.88,26530,102650757.00,5.04,-3.96,-1.58,1.17
2021-07-19,38.57,38.76,38.98,38.00,15614,60268940.00,2.56,1.17,0.45,0.69
2021-07-20,38.73,39.35,39.78,38.30,18738,73670275.00,3.82,1.52,0.59,0.83
2021-07-21,39.15,39.00,39.32,38.38,15507,60103142.00,2.39,-0.89,-0.35,0.68"]}});
