jQuery112402823351815161831_1626521459839({"rc":0,"rt":17,"svr":181734975,"lt":1,"full":0,"data":{"code":"002635
market":0,"name":"安洁科技
decimal":2,"dktotal":2245,"preKPrice":14.05,"klines":["2021-07-08,14.06,13.94,14.16,13.84,42779,59807433.00,2.28,-0.78,-0.11,1.18
2021-07-09,13.97,13.89,14.11,13.80,35098,48729734.00,2.22,-0.36,-0.05,0.97
2021-07-12,13.99,14.24,14.31,13.91,50238,71061723.00,2.88,2.52,0.35,1.39
2021-07-13,14.24,14.20,14.28,14.08,34194,48427450.00,1.40,-0.28,-0.04,0.94
2021-07-14,14.36,14.05,14.69,14.01,73371,104569820.00,4.79,-1.06,-0.15,2.02
2021-07-15,14.00,13.52,14.04,13.35,86987,117544452.00,4.91,-3.77,-0.53,2.40
2021-07-16,13.44,13.40,13.52,13.33,46055,61709974.00,1.41,-0.89,-0.12,1.27
2021-07-19,13.20,12.41,13.20,12.06,170534,210171112.00,8.51,-7.39,-0.99,3.97
2021-07-20,12.24,12.43,12.45,12.22,63616,78464901.00,1.85,0.16,0.02,1.48
2021-07-21,12.50,12.52,12.59,12.25,67445,83950108.00,2.74,0.72,0.09,1.57"]}});
