jQuery112402823351815161831_1626521459839({"rc":0,"rt":17,"svr":182482649,"lt":1,"full":0,"data":{"code":"002719
market":0,"name":"*ST麦趣
decimal":2,"dktotal":1553,"preKPrice":10.55,"klines":["2021-07-08,10.46,10.49,10.58,10.15,27075,28012306.00,4.08,-0.57,-0.06,1.67
2021-07-09,10.50,10.49,10.72,10.30,20765,21832690.00,4.00,0.00,0.00,1.28
2021-07-12,10.43,10.17,10.43,10.14,22149,22723269.00,2.76,-3.05,-0.32,1.37
2021-07-13,10.15,10.05,10.15,9.80,24963,24934800.00,3.44,-1.18,-0.12,1.54
2021-07-14,10.05,10.23,10.35,10.01,19107,19557936.00,3.38,1.79,0.18,1.18
2021-07-15,10.28,10.74,10.74,10.28,26925,28665878.00,4.50,4.99,0.51,1.66
2021-07-16,10.85,11.09,11.28,10.63,48236,53044853.00,6.05,3.26,0.35,2.98
2021-07-19,10.83,10.54,10.88,10.54,32512,34486902.00,3.07,-4.96,-0.55,2.01
2021-07-20,10.30,10.31,10.53,10.23,21684,22491757.00,2.85,-2.18,-0.23,1.34
2021-07-21,10.35,10.54,10.63,10.35,19343,20324213.00,2.72,2.23,0.23,1.19"]}});
