jQuery112402823351815161831_1626521459839({"rc":0,"rt":17,"svr":181669475,"lt":1,"full":0,"data":{"code":"002334
market":0,"name":"英威腾
decimal":2,"dktotal":2768,"preKPrice":5.95,"klines":["2021-07-08,5.95,5.93,6.00,5.86,311174,184298201.00,2.35,-0.34,-0.02,4.92
2021-07-09,5.86,6.00,6.08,5.82,389225,233021329.00,4.38,1.18,0.07,6.15
2021-07-12,6.00,5.92,6.05,5.90,320615,191018426.00,2.50,-1.33,-0.08,5.07
2021-07-13,5.90,6.13,6.14,5.84,447031,269704496.00,5.07,3.55,0.21,7.06
2021-07-14,6.10,5.86,6.10,5.84,400084,236496749.00,4.24,-4.40,-0.27,6.32
2021-07-15,5.86,5.99,6.45,5.84,701232,430773792.00,10.41,2.22,0.13,11.08
2021-07-16,5.93,6.11,6.25,5.93,615242,375963408.00,5.34,2.00,0.12,9.72
2021-07-19,6.06,5.89,6.15,5.86,428951,256284509.00,4.75,-3.60,-0.22,6.78
2021-07-20,5.85,6.48,6.48,5.83,392169,250065050.00,11.04,10.02,0.59,6.20
2021-07-21,6.79,6.64,7.00,6.50,1178071,787140912.00,7.72,2.47,0.16,18.61"]}});
