jQuery112402823351815161831_1626521459839({"rc":0,"rt":17,"svr":181734975,"lt":1,"full":0,"data":{"code":"600064
market":1,"name":"南京高科
decimal":2,"dktotal":5799,"preKPrice":9.11,"klines":["2021-07-08,9.13,9.03,9.15,9.02,42758,38735591.00,1.43,-0.88,-0.08,0.35
2021-07-09,9.01,9.03,9.05,8.98,34751,31332131.00,0.78,0.00,0.00,0.28
2021-07-12,9.08,9.04,9.11,9.01,42820,38737618.00,1.11,0.11,0.01,0.35
2021-07-13,9.00,9.02,9.06,8.95,53105,47798380.00,1.22,-0.22,-0.02,0.43
2021-07-14,9.01,8.88,9.01,8.85,52169,46529408.00,1.77,-1.55,-0.14,0.42
2021-07-15,8.88,8.88,8.91,8.78,62411,55183536.00,1.46,0.00,0.00,0.50
2021-07-16,8.88,8.84,8.88,8.82,32203,28489896.00,0.68,-0.45,-0.04,0.26
2021-07-19,8.83,8.77,8.85,8.75,33830,29743597.00,1.13,-0.79,-0.07,0.27
2021-07-20,8.80,8.79,8.83,8.73,26117,22921764.00,1.14,0.23,0.02,0.21
2021-07-21,8.80,8.77,8.85,8.76,33143,29192898.00,1.02,-0.23,-0.02,0.27"]}});
