jQuery112402823351815161831_1626521459839({"rc":0,"rt":17,"svr":182482651,"lt":1,"full":0,"data":{"code":"600190
market":1,"name":"锦州港
decimal":2,"dktotal":5267,"preKPrice":2.79,"klines":["2021-07-08,2.80,2.78,2.80,2.77,15978,4444617.00,1.08,-0.36,-0.01,0.09
2021-07-09,2.79,2.78,2.79,2.77,11031,3062664.00,0.72,0.00,0.00,0.06
2021-07-12,2.79,2.79,2.80,2.78,14297,3990585.00,0.72,0.36,0.01,0.08
2021-07-13,2.78,2.79,2.79,2.77,15156,4215887.00,0.72,0.00,0.00,0.09
2021-07-14,2.79,2.78,2.82,2.77,25023,7006184.00,1.79,-0.36,-0.01,0.14
2021-07-15,2.78,2.77,2.79,2.76,17745,4916723.00,1.08,-0.36,-0.01,0.10
2021-07-16,2.77,2.79,2.81,2.76,31523,8760351.00,1.81,0.72,0.02,0.18
2021-07-19,2.79,2.75,2.79,2.74,18485,5109550.00,1.79,-1.43,-0.04,0.10
2021-07-20,2.75,2.74,2.75,2.73,15969,4376365.00,0.73,-0.36,-0.01,0.09
2021-07-21,2.75,2.75,2.76,2.74,14506,3984767.00,0.73,0.36,0.01,0.08"]}});
