jQuery112402823351815161831_1626521459839({"rc":0,"rt":17,"svr":182482650,"lt":1,"full":0,"data":{"code":"600182
market":1,"name":"SST佳通
decimal":2,"dktotal":4987,"preKPrice":12.89,"klines":["2021-07-08,12.83,12.83,12.85,12.79,6215,7969264.00,0.47,-0.47,-0.06,0.37
2021-07-09,12.94,13.47,13.47,12.94,19992,26603904.00,4.13,4.99,0.64,1.18
2021-07-12,14.14,14.14,14.14,14.14,15232,21538048.00,0.00,4.97,0.67,0.90
2021-07-13,14.85,14.60,14.85,14.31,84522,124727089.00,3.82,3.25,0.46,4.97
2021-07-14,14.54,15.33,15.33,14.53,49375,73810365.00,5.48,5.00,0.73,2.90
2021-07-15,15.44,15.55,16.03,15.26,47036,74051809.00,5.02,1.44,0.22,2.77
2021-07-16,15.29,15.92,16.24,15.20,35607,55828176.00,6.69,2.38,0.37,2.09
2021-07-19,15.82,15.12,15.88,15.12,29472,45143295.00,4.77,-5.03,-0.80,1.73
2021-07-20,14.85,15.18,15.18,14.74,19785,29514449.00,2.91,0.40,0.06,1.16
2021-07-21,15.31,15.94,15.94,15.20,24249,38244465.00,4.87,5.01,0.76,1.43"]}});
