jQuery112402823351815161831_1626521459839({"rc":0,"rt":17,"svr":182481599,"lt":1,"full":0,"data":{"code":"600022
market":1,"name":"山东钢铁
decimal":2,"dktotal":3810,"preKPrice":1.76,"klines":["2021-07-08,1.76,1.76,1.79,1.75,1505225,266012905.00,2.27,0.00,0.00,1.38
2021-07-09,1.74,1.83,1.84,1.71,2240276,398915392.00,7.39,3.98,0.07,2.05
2021-07-12,1.85,1.83,1.92,1.83,2765775,515407648.00,4.92,0.00,0.00,2.53
2021-07-13,1.84,1.90,1.92,1.83,2562756,481722608.00,4.92,3.83,0.07,2.34
2021-07-14,1.92,1.89,1.93,1.86,2072292,391449648.00,3.68,-0.53,-0.01,1.89
2021-07-15,1.92,1.98,2.00,1.92,3764660,738661024.00,4.23,4.76,0.09,3.44
2021-07-16,1.96,1.98,2.03,1.95,2945184,585618464.00,4.04,0.00,0.00,2.69
2021-07-19,1.98,1.97,2.00,1.95,2058576,406152864.00,2.53,-0.51,-0.01,1.88
2021-07-20,1.94,1.93,1.95,1.90,1718761,330499664.00,2.54,-2.03,-0.04,1.57
2021-07-21,1.94,1.99,1.99,1.91,2236136,437147504.00,4.15,3.11,0.06,2.04"]}});
