jQuery112402823351815161831_1626521459839({"rc":0,"rt":17,"svr":182480524,"lt":1,"full":0,"data":{"code":"600028
market":1,"name":"中国石化
decimal":2,"dktotal":4790,"preKPrice":4.27,"klines":["2021-07-08,4.26,4.20,4.26,4.20,1373070,579826240.00,1.41,-1.64,-0.07,0.14
2021-07-09,4.20,4.20,4.22,4.18,1120457,470487712.00,0.95,0.00,0.00,0.12
2021-07-12,4.23,4.17,4.24,4.17,1445762,606808880.00,1.67,-0.71,-0.03,0.15
2021-07-13,4.19,4.21,4.23,4.17,1219544,511911584.00,1.44,0.96,0.04,0.13
2021-07-14,4.22,4.18,4.22,4.17,1050480,439768992.00,1.19,-0.71,-0.03,0.11
2021-07-15,4.16,4.17,4.18,4.13,1102633,458643264.00,1.20,-0.24,-0.01,0.12
2021-07-16,4.16,4.15,4.18,4.14,1039162,432250224.00,0.96,-0.48,-0.02,0.11
2021-07-19,4.15,4.07,4.15,4.05,2007999,819694896.00,2.41,-1.93,-0.08,0.21
2021-07-20,4.02,4.08,4.09,4.02,1162859,470436208.00,1.72,0.25,0.01,0.12
2021-07-21,4.08,4.03,4.08,4.03,993394,402120752.00,1.23,-1.23,-0.05,0.10"]}});
