jQuery112402823351815161831_1626521459839({"rc":0,"rt":17,"svr":181734974,"lt":1,"full":0,"data":{"code":"002860
market":0,"name":"星帅尔
decimal":2,"dktotal":1036,"preKPrice":16.48,"klines":["2021-07-08,16.43,16.31,16.53,16.25,12078,19770053.00,1.70,-1.03,-0.17,0.85
2021-07-09,16.53,16.55,16.62,16.31,17472,28784322.00,1.90,1.47,0.24,1.23
2021-07-12,16.57,16.90,16.95,16.57,32454,54573151.00,2.30,2.11,0.35,2.28
2021-07-13,17.10,17.01,17.10,16.81,23217,39390666.00,1.72,0.65,0.11,1.63
2021-07-14,17.01,17.16,17.41,17.01,34489,59435756.00,2.35,0.88,0.15,2.42
2021-07-15,17.08,16.96,17.24,16.82,25432,43129841.00,2.45,-1.17,-0.20,1.79
2021-07-16,17.10,17.17,17.42,16.91,29167,50126596.00,3.01,1.24,0.21,2.05
2021-07-19,17.18,18.05,18.25,16.92,82229,145740807.00,7.75,5.13,0.88,5.77
2021-07-20,17.94,19.08,19.11,17.75,92956,170600403.00,7.53,5.71,1.03,6.53
2021-07-21,18.80,19.02,20.29,18.60,113602,218484244.00,8.86,-0.31,-0.06,7.97"]}});
