jQuery112402823351815161831_1626521459839({"rc":0,"rt":17,"svr":181216787,"lt":1,"full":0,"data":{"code":"600839
market":1,"name":"四川长虹
decimal":2,"dktotal":6486,"preKPrice":2.83,"klines":["2021-07-08,2.84,2.81,2.84,2.80,359291,101135700.00,1.41,-0.71,-0.02,0.78
2021-07-09,2.80,2.81,2.83,2.77,376690,105341501.00,2.14,0.00,0.00,0.82
2021-07-12,2.85,2.88,2.92,2.82,686732,196718329.00,3.56,2.49,0.07,1.49
2021-07-13,2.85,2.86,2.88,2.84,386123,110380502.00,1.39,-0.69,-0.02,0.84
2021-07-14,2.86,2.84,2.90,2.83,385619,110411262.00,2.45,-0.70,-0.02,0.84
2021-07-15,2.83,2.83,2.85,2.80,322597,91086692.00,1.76,-0.35,-0.01,0.70
2021-07-16,2.83,2.83,2.85,2.81,270542,76711100.00,1.41,0.00,0.00,0.59
2021-07-19,2.82,2.79,2.83,2.78,361386,101070094.00,1.77,-1.41,-0.04,0.78
2021-07-20,2.77,2.76,2.78,2.73,380581,104629301.00,1.79,-1.08,-0.03,0.82
2021-07-21,2.77,2.77,2.78,2.74,292257,80790946.00,1.45,0.36,0.01,0.63"]}});
