jQuery112402823351815161831_1626521459839({"rc":0,"rt":17,"svr":182480524,"lt":1,"full":0,"data":{"code":"600905
market":1,"name":"三峡能源
decimal":2,"dktotal":29,"preKPrice":6.38,"klines":["2021-07-08,6.46,6.76,6.89,6.31,15421660,10289353984.00,9.09,5.96,0.38,22.19
2021-07-09,6.68,6.96,7.18,6.53,14543062,10042488320.00,9.62,2.96,0.20,20.93
2021-07-12,6.86,6.78,7.00,6.64,11837127,8044042240.00,5.17,-2.59,-0.18,17.03
2021-07-13,6.67,6.99,7.15,6.62,13047908,9078657792.00,7.82,3.10,0.21,18.78
2021-07-14,6.99,6.81,7.15,6.69,11693495,8087320832.00,6.58,-2.58,-0.18,16.83
2021-07-15,6.71,6.59,6.78,6.42,8582092,5655317760.00,5.29,-3.23,-0.22,12.35
2021-07-16,6.71,6.61,6.88,6.58,8938059,6022989056.00,4.55,0.30,0.02,12.86
2021-07-19,6.49,6.33,6.49,6.25,7163907,4548540928.00,3.63,-4.24,-0.28,10.31
2021-07-20,6.23,6.31,6.40,6.17,5077460,3188383296.00,3.63,-0.32,-0.02,7.31
2021-07-21,6.31,6.24,6.35,6.22,5700564,3566866112.00,2.06,-1.11,-0.07,8.20"]}});
