jQuery112402823351815161831_1626521459839({"rc":0,"rt":17,"svr":181669475,"lt":1,"full":0,"data":{"code":"002522
market":0,"name":"浙江众成
decimal":2,"dktotal":2545,"preKPrice":6.38,"klines":["2021-07-08,6.35,6.27,6.40,6.21,103771,65233461.00,2.98,-1.72,-0.11,1.21
2021-07-09,6.24,6.36,6.37,6.20,86732,54590193.00,2.71,1.44,0.09,1.01
2021-07-12,6.40,6.57,6.66,6.36,213021,139438475.00,4.72,3.30,0.21,2.49
2021-07-13,6.57,6.68,6.73,6.50,170830,113057242.00,3.50,1.67,0.11,2.00
2021-07-14,6.65,6.51,6.65,6.46,170476,111154157.00,2.84,-2.54,-0.17,1.99
2021-07-15,6.55,6.41,6.78,6.26,216386,138596058.00,7.99,-1.54,-0.10,2.53
2021-07-16,6.37,6.45,6.62,6.31,134392,87028274.00,4.84,0.62,0.04,1.57
2021-07-19,6.46,6.49,6.59,6.28,145792,93644887.00,4.81,0.62,0.04,1.70
2021-07-20,6.43,6.55,6.61,6.38,148674,97030348.00,3.54,0.92,0.06,1.74
2021-07-21,6.52,6.54,6.70,6.48,217679,142877637.00,3.36,-0.15,-0.01,2.54"]}});
