jQuery112402823351815161831_1626521459839({"rc":0,"rt":17,"svr":181669733,"lt":1,"full":0,"data":{"code":"600859
market":1,"name":"王府井
decimal":2,"dktotal":6353,"preKPrice":27.42,"klines":["2021-07-08,27.49,26.92,27.53,26.86,102657,278627600.00,2.44,-1.82,-0.50,1.32
2021-07-09,26.78,26.50,26.88,25.82,113683,300052912.00,3.94,-1.56,-0.42,1.46
2021-07-12,26.60,26.73,27.20,26.32,93302,249680860.00,3.32,0.87,0.23,1.20
2021-07-13,26.89,27.11,27.34,26.77,80750,218863039.00,2.13,1.42,0.38,1.04
2021-07-14,27.14,26.67,27.21,26.52,77548,207616839.00,2.55,-1.62,-0.44,1.00
2021-07-15,26.71,26.49,26.88,26.16,58265,154096651.00,2.70,-0.67,-0.18,0.75
2021-07-16,26.49,26.18,26.70,26.06,81377,213711488.00,2.42,-1.17,-0.31,1.05
2021-07-19,26.12,26.29,26.65,25.85,74493,195651144.00,3.06,0.42,0.11,0.96
2021-07-20,26.11,26.89,26.91,25.66,104370,271926016.00,4.75,2.28,0.60,1.34
2021-07-21,26.73,27.58,28.45,26.60,199257,549791168.00,6.88,2.57,0.69,2.57"]}});
