jQuery112402823351815161831_1626521459839({"rc":0,"rt":17,"svr":181216787,"lt":1,"full":0,"data":{"code":"600801
market":1,"name":"华新水泥
decimal":2,"dktotal":6618,"preKPrice":17.53,"klines":["2021-07-08,17.60,17.14,17.62,17.06,102199,175892134.00,3.19,-2.22,-0.39,0.75
2021-07-09,17.00,17.09,17.30,16.94,63868,108959293.00,2.10,-0.29,-0.05,0.47
2021-07-12,17.16,17.08,17.36,17.02,83828,143880489.00,1.99,-0.06,-0.01,0.62
2021-07-13,17.10,17.19,17.25,16.92,80720,138153474.00,1.93,0.64,0.11,0.59
2021-07-14,17.14,16.92,17.39,16.90,106660,181646076.00,2.85,-1.57,-0.27,0.78
2021-07-15,16.92,16.95,17.05,16.50,121369,203274878.00,3.25,0.18,0.03,0.89
2021-07-16,16.88,16.79,16.93,16.75,71640,120428061.00,1.06,-0.94,-0.16,0.53
2021-07-19,16.77,16.29,16.77,16.26,108292,177426156.00,3.04,-2.98,-0.50,0.80
2021-07-20,16.23,16.33,16.42,16.11,74917,121609567.00,1.90,0.25,0.04,0.55
2021-07-21,16.56,16.65,17.11,16.50,155083,259349274.00,3.74,1.96,0.32,1.14"]}});
