jQuery112402823351815161831_1626521459839({"rc":0,"rt":17,"svr":181669633,"lt":1,"full":0,"data":{"code":"002332
market":0,"name":"仙琚制药
decimal":2,"dktotal":2774,"preKPrice":12.05,"klines":["2021-07-08,12.14,11.86,12.15,11.86,86388,103093645.00,2.41,-1.58,-0.19,0.90
2021-07-09,11.86,11.74,11.97,11.48,112629,131831466.00,4.13,-1.01,-0.12,1.17
2021-07-12,11.79,11.90,12.12,11.72,104356,124200856.00,3.41,1.36,0.16,1.08
2021-07-13,11.85,12.28,12.40,11.79,126715,153742232.00,5.13,3.19,0.38,1.32
2021-07-14,12.27,12.22,12.50,12.07,102718,125917056.00,3.50,-0.49,-0.06,1.07
2021-07-15,12.18,12.00,12.19,11.96,92604,111367151.00,1.88,-1.80,-0.22,0.96
2021-07-16,12.05,12.10,12.15,11.88,107144,128869664.00,2.25,0.83,0.10,1.11
2021-07-19,12.06,11.95,12.06,11.78,79377,94311628.00,2.31,-1.24,-0.15,0.82
2021-07-20,11.86,11.87,11.99,11.85,44021,52412270.00,1.17,-0.67,-0.08,0.46
2021-07-21,11.97,11.99,12.28,11.91,89645,108370889.00,3.12,1.01,0.12,0.93"]}});
