jQuery112402823351815161831_1626521459839({"rc":0,"rt":17,"svr":181669633,"lt":1,"full":0,"data":{"code":"002567
market":0,"name":"唐人神
decimal":2,"dktotal":2286,"preKPrice":6.57,"klines":["2021-07-08,6.57,6.45,6.58,6.43,100508,65176528.00,2.28,-1.83,-0.12,1.05
2021-07-09,6.45,6.51,6.54,6.45,58712,38138134.00,1.40,0.93,0.06,0.61
2021-07-12,6.54,6.50,6.56,6.49,74702,48711835.00,1.08,-0.15,-0.01,0.78
2021-07-13,6.48,6.49,6.53,6.41,87094,56435847.00,1.85,-0.15,-0.01,0.91
2021-07-14,6.51,6.48,6.55,6.47,80791,52587613.00,1.23,-0.15,-0.01,0.84
2021-07-15,6.47,6.34,6.47,6.29,133996,85072495.00,2.78,-2.16,-0.14,1.40
2021-07-16,6.29,6.22,6.32,6.21,132510,82757558.00,1.74,-1.89,-0.12,1.38
2021-07-19,6.20,6.15,6.20,6.06,127229,77777492.00,2.25,-1.13,-0.07,1.33
2021-07-20,6.14,6.16,6.20,6.11,72269,44512839.00,1.46,0.16,0.01,0.76
2021-07-21,6.18,6.17,6.20,6.12,79800,49136696.00,1.30,0.16,0.01,0.83"]}});
