jQuery112402823351815161831_1626521459839({"rc":0,"rt":17,"svr":181669733,"lt":1,"full":0,"data":{"code":"002889
market":0,"name":"东方嘉盛
decimal":2,"dktotal":968,"preKPrice":24.78,"klines":["2021-07-08,24.78,24.21,24.88,24.16,7151,17442410.00,2.91,-2.30,-0.57,0.79
2021-07-09,24.25,24.55,24.66,24.11,4783,11673382.00,2.27,1.40,0.34,0.53
2021-07-12,24.68,24.63,24.79,24.50,5696,14015849.00,1.18,0.33,0.08,0.63
2021-07-13,24.67,24.71,24.71,24.20,6019,14734208.00,2.07,0.32,0.08,0.67
2021-07-14,24.71,24.33,24.71,24.26,5883,14359743.00,1.82,-1.54,-0.38,0.65
2021-07-15,24.44,23.77,24.44,23.60,8758,20843599.00,3.45,-2.30,-0.56,0.97
2021-07-16,23.80,23.48,23.80,23.40,8234,19390506.00,1.68,-1.22,-0.29,0.91
2021-07-19,23.45,23.70,23.88,23.24,7123,16756567.00,2.73,0.94,0.22,0.79
2021-07-20,23.69,23.48,23.69,23.30,4023,9413114.00,1.65,-0.93,-0.22,0.45
2021-07-21,23.56,23.50,23.70,23.43,4772,11238713.00,1.15,0.09,0.02,0.53"]}});
