jQuery112402823351815161831_1626521459839({"rc":0,"rt":17,"svr":182482649,"lt":1,"full":0,"data":{"code":"002788
market":0,"name":"鹭燕医药
decimal":2,"dktotal":1317,"preKPrice":7.57,"klines":["2021-07-08,7.56,7.35,7.57,7.30,47194,34912600.00,3.57,-2.91,-0.22,1.25
2021-07-09,7.32,7.40,7.41,7.30,20009,14741719.00,1.50,0.68,0.05,0.53
2021-07-12,7.41,7.47,7.48,7.38,21195,15771989.00,1.35,0.95,0.07,0.56
2021-07-13,7.46,7.50,7.52,7.42,22519,16830078.00,1.34,0.40,0.03,0.60
2021-07-14,7.47,7.46,7.53,7.43,16557,12382563.00,1.33,-0.53,-0.04,0.44
2021-07-15,7.46,7.38,7.48,7.31,23522,17354963.00,2.28,-1.07,-0.08,0.62
2021-07-16,7.37,7.43,7.45,7.36,12305,9115677.00,1.22,0.68,0.05,0.33
2021-07-19,7.44,7.40,7.44,7.31,13199,9731550.00,1.75,-0.40,-0.03,0.35
2021-07-20,7.36,7.38,7.40,7.35,12591,9277829.00,0.68,-0.27,-0.02,0.33
2021-07-21,7.38,7.44,7.46,7.35,16411,12167798.00,1.49,0.81,0.06,0.43"]}});
