jQuery112402823351815161831_1626521459839({"rc":0,"rt":17,"svr":182481222,"lt":1,"full":0,"data":{"code":"600368
market":1,"name":"五洲交通
decimal":2,"dktotal":4915,"preKPrice":3.42,"klines":["2021-07-08,3.43,3.45,3.46,3.42,58029,19950508.00,1.17,0.88,0.03,0.52
2021-07-09,3.45,3.46,3.47,3.41,48243,16611776.00,1.74,0.29,0.01,0.43
2021-07-12,3.48,3.45,3.49,3.45,47327,16402859.00,1.16,-0.29,-0.01,0.42
2021-07-13,3.46,3.50,3.51,3.44,76539,26719160.00,2.03,1.45,0.05,0.68
2021-07-14,3.51,3.49,3.52,3.48,54601,19117486.00,1.14,-0.29,-0.01,0.49
2021-07-15,3.49,3.48,3.49,3.45,42178,14629377.00,1.15,-0.29,-0.01,0.37
2021-07-16,3.48,3.49,3.51,3.47,40743,14219110.00,1.15,0.29,0.01,0.36
2021-07-19,3.46,3.47,3.49,3.45,38569,13361870.00,1.15,-0.57,-0.02,0.34
2021-07-20,3.47,3.50,3.50,3.43,53354,18515944.00,2.02,0.86,0.03,0.47
2021-07-21,3.65,3.57,3.65,3.55,266905,95788041.00,2.86,2.00,0.07,2.37"]}});
