jQuery112402823351815161831_1626521459839({"rc":0,"rt":17,"svr":181734974,"lt":1,"full":0,"data":{"code":"600059
market":1,"name":"古越龙山
decimal":2,"dktotal":5808,"preKPrice":12.21,"klines":["2021-07-08,12.03,12.03,12.25,12.00,148318,178974975.00,2.05,-1.47,-0.18,1.83
2021-07-09,11.94,11.93,12.00,11.65,177665,210112962.00,2.91,-0.83,-0.10,2.20
2021-07-12,11.98,12.01,12.12,11.83,144148,173129884.00,2.43,0.67,0.08,1.78
2021-07-13,12.03,12.12,12.30,12.03,195984,238788392.00,2.25,0.92,0.11,2.42
2021-07-14,12.09,12.30,12.45,11.91,232005,284008496.00,4.46,1.49,0.18,2.87
2021-07-15,12.17,12.58,12.70,12.13,288100,359205712.00,4.63,2.28,0.28,3.56
2021-07-16,12.44,12.40,12.53,12.30,197346,244284712.00,1.83,-1.43,-0.18,2.44
2021-07-19,12.30,12.57,12.67,12.26,169428,211396856.00,3.31,1.37,0.17,2.10
2021-07-20,12.46,13.27,13.56,12.45,485991,639499936.00,8.83,5.57,0.70,6.01
2021-07-21,13.11,13.05,13.25,12.91,331584,433080096.00,2.56,-1.66,-0.22,4.10"]}});
