jQuery112402823351815161831_1626521459839({"rc":0,"rt":17,"svr":181734976,"lt":1,"full":0,"data":{"code":"600665
market":1,"name":"天地源
decimal":2,"dktotal":6658,"preKPrice":3.02,"klines":["2021-07-08,3.02,3.02,3.03,3.00,34345,10344423.00,0.99,0.00,0.00,0.40
2021-07-09,3.01,3.03,3.04,3.00,19814,5977143.00,1.32,0.33,0.01,0.23
2021-07-12,3.03,3.05,3.06,3.02,27061,8247246.00,1.32,0.66,0.02,0.31
2021-07-13,3.04,3.06,3.07,3.03,45330,13814130.00,1.31,0.33,0.01,0.52
2021-07-14,2.92,2.90,2.92,2.88,39747,11499516.00,1.31,-5.23,-0.16,0.46
2021-07-15,2.89,2.87,2.89,2.85,20257,5805743.00,1.38,-1.03,-0.03,0.23
2021-07-16,2.87,2.88,2.90,2.87,14920,4296285.00,1.05,0.35,0.01,0.17
2021-07-19,2.88,2.86,2.88,2.83,18348,5225161.00,1.74,-0.69,-0.02,0.21
2021-07-20,2.85,2.86,2.86,2.84,9507,2707108.00,0.70,0.00,0.00,0.11
2021-07-21,2.86,2.85,2.87,2.84,7670,2187621.00,1.05,-0.35,-0.01,0.09"]}});
