jQuery112402823351815161831_1626521459839({"rc":0,"rt":17,"svr":182482250,"lt":1,"full":0,"data":{"code":"002426
market":0,"name":"胜利精密
decimal":2,"dktotal":2372,"preKPrice":3.25,"klines":["2021-07-08,3.23,3.13,3.26,3.12,1029608,326443072.00,4.31,-3.69,-0.12,3.50
2021-07-09,3.11,3.18,3.23,3.09,739017,234280569.00,4.47,1.60,0.05,2.51
2021-07-12,3.20,3.14,3.28,3.11,1460825,462660448.00,5.35,-1.26,-0.04,4.96
2021-07-13,3.12,3.06,3.14,2.99,1481186,450798800.00,4.78,-2.55,-0.08,5.03
2021-07-14,3.06,2.94,3.06,2.93,946172,281722720.00,4.25,-3.92,-0.12,3.21
2021-07-15,2.85,3.04,3.07,2.81,1343926,401258912.00,8.84,3.40,0.10,4.57
2021-07-16,3.02,2.98,3.08,2.97,660492,199185125.00,3.62,-1.97,-0.06,2.24
2021-07-19,2.98,2.90,2.99,2.88,730182,212676892.00,3.69,-2.68,-0.08,2.48
2021-07-20,2.86,2.92,2.97,2.85,530571,154581474.00,4.14,0.69,0.02,1.80
2021-07-21,2.91,2.96,2.98,2.91,624147,183421311.00,2.40,1.37,0.04,2.12"]}});
