jQuery112402823351815161831_1626521459839({"rc":0,"rt":17,"svr":182482250,"lt":1,"full":0,"data":{"code":"002963
market":0,"name":"豪尔赛
decimal":2,"dktotal":423,"preKPrice":16.16,"klines":["2021-07-08,16.22,15.97,16.27,15.91,13754,22033266.00,2.23,-1.18,-0.19,1.99
2021-07-09,15.97,16.08,16.12,15.90,11127,17832552.00,1.38,0.69,0.11,1.61
2021-07-12,16.58,16.26,16.58,16.18,18717,30550006.00,2.49,1.12,0.18,2.71
2021-07-13,16.30,16.78,16.87,16.13,29631,49091776.00,4.55,3.20,0.52,4.29
2021-07-14,16.68,16.48,16.68,16.41,18461,30532273.00,1.61,-1.79,-0.30,2.68
2021-07-15,16.50,16.75,16.85,16.41,21558,35922142.00,2.67,1.64,0.27,3.12
2021-07-16,16.75,17.19,17.37,16.66,33116,56532791.00,4.24,2.63,0.44,4.80
2021-07-19,17.20,17.04,17.27,16.85,21706,36871005.00,2.44,-0.87,-0.15,3.15
2021-07-20,16.88,16.68,16.89,16.56,18642,31042427.00,1.94,-2.11,-0.36,2.70
2021-07-21,16.69,16.81,16.82,16.65,12997,21724750.00,1.02,0.78,0.13,1.88"]}});
