jQuery112402823351815161831_1626521459839({"rc":0,"rt":17,"svr":181216957,"lt":1,"full":0,"data":{"code":"002917
market":0,"name":"金奥博
decimal":2,"dktotal":879,"preKPrice":8.86,"klines":["2021-07-08,8.89,8.93,8.94,8.80,16449,14606202.00,1.58,0.79,0.07,0.89
2021-07-09,8.90,9.01,9.02,8.87,21000,18819589.00,1.68,0.90,0.08,1.13
2021-07-12,9.08,8.96,9.10,8.90,17181,15376691.00,2.22,-0.55,-0.05,0.92
2021-07-13,8.94,8.93,8.97,8.82,16906,14994068.00,1.67,-0.33,-0.03,0.91
2021-07-14,8.97,8.87,8.97,8.84,10484,9298020.00,1.46,-0.67,-0.06,0.56
2021-07-15,8.91,8.67,8.91,8.63,18747,16345864.00,3.16,-2.25,-0.20,1.01
2021-07-16,8.68,8.78,8.92,8.68,13670,12028466.00,2.77,1.27,0.11,0.74
2021-07-19,8.71,8.82,8.83,8.70,8541,7493867.00,1.48,0.46,0.04,0.46
2021-07-20,8.79,8.71,8.79,8.66,7644,6648578.00,1.47,-1.25,-0.11,0.41
2021-07-21,8.67,8.72,8.77,8.66,10502,9143339.00,1.26,0.11,0.01,0.57"]}});
