jQuery112402823351815161831_1626521459839({"rc":0,"rt":17,"svr":181669633,"lt":1,"full":0,"data":{"code":"002823
market":0,"name":"凯中精密
decimal":2,"dktotal":1117,"preKPrice":10.83,"klines":["2021-07-08,10.85,10.76,10.90,10.59,23019,24718375.00,2.86,-0.65,-0.07,1.45
2021-07-09,10.71,10.59,10.74,10.39,29507,31079869.00,3.25,-1.58,-0.17,1.85
2021-07-12,10.62,11.05,11.22,10.62,73359,81044304.00,5.67,4.34,0.46,4.61
2021-07-13,10.93,11.23,11.30,10.81,55134,60948551.00,4.43,1.63,0.18,3.46
2021-07-14,11.21,11.14,11.39,11.04,51456,57605470.00,3.12,-0.80,-0.09,3.23
2021-07-15,11.10,11.68,11.74,11.02,96688,111230163.00,6.46,4.85,0.54,6.07
2021-07-16,11.67,11.43,11.68,11.37,56401,64858803.00,2.65,-2.14,-0.25,3.54
2021-07-19,11.35,11.34,11.37,11.11,33493,37629924.00,2.27,-0.79,-0.09,2.10
2021-07-20,11.14,11.28,11.48,11.13,24167,27337737.00,3.09,-0.53,-0.06,1.52
2021-07-21,11.23,11.70,11.78,11.20,49845,57490347.00,5.14,3.72,0.42,3.13"]}});
