jQuery112402823351815161831_1626521459839({"rc":0,"rt":17,"svr":182482250,"lt":1,"full":0,"data":{"code":"002982
market":0,"name":"湘佳股份
decimal":2,"dktotal":302,"preKPrice":41.8,"klines":["2021-07-08,41.72,40.35,41.78,40.33,8556,34891618.00,3.47,-3.47,-1.45,1.81
2021-07-09,40.37,41.21,41.88,40.10,8711,35892399.00,4.41,2.13,0.86,1.85
2021-07-12,41.26,41.40,41.59,40.40,6030,24749282.00,2.89,0.46,0.19,1.28
2021-07-13,41.38,42.23,42.40,41.08,8763,36819486.00,3.19,2.00,0.83,1.86
2021-07-14,41.30,42.48,43.16,41.30,9772,41371218.00,4.40,0.59,0.25,2.07
2021-07-15,42.29,41.99,43.29,41.61,7300,30901788.00,3.95,-1.15,-0.49,1.55
2021-07-16,41.99,40.83,42.00,40.81,5895,24206943.00,2.83,-2.76,-1.16,1.25
2021-07-19,40.60,40.05,40.90,39.91,5045,20260071.00,2.42,-1.91,-0.78,1.07
2021-07-20,39.88,39.00,39.98,38.80,7982,31237089.00,2.95,-2.62,-1.05,1.69
2021-07-21,38.88,39.37,39.48,38.88,4829,18900714.00,1.54,0.95,0.37,1.02"]}});
