jQuery112402823351815161831_1626521459839({"rc":0,"rt":17,"svr":181216957,"lt":1,"full":0,"data":{"code":"002546
market":0,"name":"新联电子
decimal":2,"dktotal":2466,"preKPrice":3.74,"klines":["2021-07-08,3.74,3.70,3.76,3.69,27501,10202522.00,1.87,-1.07,-0.04,0.35
2021-07-09,3.71,3.72,3.72,3.68,27679,10232594.00,1.08,0.54,0.02,0.35
2021-07-12,3.72,3.75,3.76,3.71,61052,22845798.00,1.34,0.81,0.03,0.77
2021-07-13,3.75,3.77,3.78,3.73,40991,15429285.00,1.33,0.53,0.02,0.52
2021-07-14,3.77,3.73,3.78,3.73,33257,12461675.00,1.33,-1.06,-0.04,0.42
2021-07-15,3.74,3.68,3.75,3.64,54341,19967980.00,2.95,-1.34,-0.05,0.69
2021-07-16,3.68,3.71,3.75,3.66,40284,14961223.00,2.45,0.82,0.03,0.51
2021-07-19,3.72,3.70,3.72,3.66,26544,9797968.00,1.62,-0.27,-0.01,0.34
2021-07-20,3.68,3.69,3.71,3.68,24374,8994911.00,0.81,-0.27,-0.01,0.31
2021-07-21,3.69,3.70,3.73,3.69,29680,11001631.00,1.08,0.27,0.01,0.38"]}});
