jQuery112402823351815161831_1626521459839({"rc":0,"rt":17,"svr":182482650,"lt":1,"full":0,"data":{"code":"002456
market":0,"name":"欧菲光
decimal":2,"dktotal":2594,"preKPrice":8.69,"klines":["2021-07-08,8.70,8.68,8.77,8.61,320669,278329232.00,1.84,-0.12,-0.01,1.20
2021-07-09,8.60,8.64,8.67,8.53,311542,268029620.00,1.61,-0.46,-0.04,1.17
2021-07-12,8.70,8.77,8.84,8.66,477360,417477360.00,2.08,1.50,0.13,1.79
2021-07-13,8.50,8.41,8.58,8.29,906245,759720544.00,3.31,-4.10,-0.36,3.40
2021-07-14,8.33,8.30,8.44,8.29,473284,394682672.00,1.78,-1.31,-0.11,1.77
2021-07-15,8.28,8.11,8.28,8.04,541099,438482400.00,2.89,-2.29,-0.19,2.03
2021-07-16,8.07,8.13,8.17,8.05,285688,232034652.00,1.48,0.25,0.02,1.07
2021-07-19,8.15,8.34,8.35,8.11,435287,358328752.00,2.95,2.58,0.21,1.63
2021-07-20,8.28,8.25,8.29,8.20,223051,183705180.00,1.08,-1.08,-0.09,0.84
2021-07-21,8.25,8.19,8.29,8.18,270893,222326337.00,1.33,-0.73,-0.06,1.02"]}});
