jQuery112402823351815161831_1626521459839({"rc":0,"rt":17,"svr":182481597,"lt":1,"full":0,"data":{"code":"600485
market":1,"name":"*ST信威
decimal":2,"dktotal":3255,"preKPrice":1.5,"klines":["2020-04-07,1.47,1.48,1.51,1.46,377124,56171308.00,3.33,-1.33,-0.02,1.99
2020-04-08,1.47,1.46,1.50,1.44,334585,49041970.00,4.05,-1.35,-0.02,1.77
2020-04-09,1.46,1.43,1.47,1.43,286529,41401149.00,2.74,-2.05,-0.03,1.51
2020-04-10,1.42,1.45,1.50,1.41,377520,55144590.00,6.29,1.40,0.02,1.99
2020-04-13,1.43,1.38,1.44,1.38,385832,53841176.00,4.14,-4.83,-0.07,2.04
2020-04-14,1.40,1.33,1.40,1.31,559748,75239927.00,6.52,-3.62,-0.05,2.95
2020-04-15,1.33,1.33,1.36,1.31,360076,48139522.00,3.76,0.00,0.00,1.90
2020-04-16,1.31,1.26,1.32,1.26,455415,58197806.00,4.51,-5.26,-0.07,2.40
2020-04-17,1.26,1.32,1.32,1.22,530069,68122495.00,7.94,4.76,0.06,2.80
2020-04-20,1.35,1.39,1.39,1.30,552654,76232730.00,6.82,5.30,0.07,2.92"]}});
