jQuery112402823351815161831_1626521459839({"rc":0,"rt":17,"svr":182482249,"lt":1,"full":0,"data":{"code":"600999
market":1,"name":"招商证券
decimal":2,"dktotal":2820,"preKPrice":18.44,"klines":["2021-07-08,18.55,18.24,18.65,18.20,211034,387195008.00,2.44,-1.08,-0.20,0.28
2021-07-09,18.24,18.36,18.47,18.14,172368,315624832.00,1.81,0.66,0.12,0.23
2021-07-12,18.58,18.58,18.72,18.43,275695,512893984.00,1.58,1.20,0.22,0.37
2021-07-13,18.57,18.44,18.62,18.38,177266,327343584.00,1.29,-0.75,-0.14,0.24
2021-07-14,18.43,18.21,18.43,18.15,215393,392709168.00,1.52,-1.25,-0.23,0.29
2021-07-15,18.23,18.39,18.46,18.10,213928,391616704.00,1.98,0.99,0.18,0.29
2021-07-16,18.44,18.35,18.54,18.30,228449,420704784.00,1.31,-0.22,-0.04,0.31
2021-07-19,18.25,18.20,18.35,18.14,208416,379320480.00,1.14,-0.82,-0.15,0.28
2021-07-20,18.11,18.13,18.24,18.07,148061,268453360.00,0.93,-0.38,-0.07,0.20
2021-07-21,18.18,18.16,18.39,18.12,252727,460506256.00,1.49,0.17,0.03,0.34"]}});
