jQuery112402823351815161831_1626521459839({"rc":0,"rt":17,"svr":182482249,"lt":1,"full":0,"data":{"code":"600562
market":1,"name":"国睿科技
decimal":2,"dktotal":4375,"preKPrice":14.71,"klines":["2021-07-08,14.71,14.91,15.03,14.65,59344,88446316.00,2.58,1.36,0.20,0.90
2021-07-09,14.92,14.74,14.98,14.54,58068,85300076.00,2.95,-1.14,-0.17,0.88
2021-07-12,14.70,14.99,15.09,14.56,54928,81706465.00,3.60,1.70,0.25,0.83
2021-07-13,14.98,15.05,15.11,14.85,45621,68436585.00,1.73,0.40,0.06,0.69
2021-07-14,15.01,14.77,15.03,14.74,44376,65791637.00,1.93,-1.86,-0.28,0.67
2021-07-15,14.77,14.64,14.85,14.48,45271,66093115.00,2.51,-0.88,-0.13,0.69
2021-07-16,14.62,14.85,15.01,14.46,68596,101403310.00,3.76,1.43,0.21,1.04
2021-07-19,14.81,14.47,14.96,14.41,86406,126059065.00,3.70,-2.56,-0.38,1.31
2021-07-20,14.40,14.21,14.46,14.01,78553,111667843.00,3.11,-1.80,-0.26,1.19
2021-07-21,14.28,14.27,14.45,14.24,59953,85904209.00,1.48,0.42,0.06,0.91"]}});
