jQuery112402823351815161831_1626521459839({"rc":0,"rt":17,"svr":182480525,"lt":1,"full":0,"data":{"code":"002691
market":0,"name":"冀凯股份
decimal":2,"dktotal":1976,"preKPrice":4.36,"klines":["2021-07-08,4.36,4.30,4.40,4.27,38464,16659973.00,2.98,-1.38,-0.06,1.13
2021-07-09,4.32,4.34,4.35,4.27,24835,10705916.00,1.86,0.93,0.04,0.73
2021-07-12,4.34,4.42,4.46,4.31,43638,19257864.00,3.46,1.84,0.08,1.29
2021-07-13,4.43,4.41,4.43,4.37,23834,10484783.00,1.36,-0.23,-0.01,0.70
2021-07-14,4.38,4.32,4.41,4.31,30067,13043360.00,2.27,-2.04,-0.09,0.89
2021-07-15,4.33,4.27,4.36,4.23,34792,14887641.00,3.01,-1.16,-0.05,1.03
2021-07-16,4.28,4.23,4.30,4.21,23413,9931277.00,2.11,-0.94,-0.04,0.69
2021-07-19,4.22,4.33,4.34,4.19,31084,13269846.00,3.55,2.36,0.10,0.92
2021-07-20,4.31,4.33,4.35,4.25,19735,8490747.00,2.31,0.00,0.00,0.58
2021-07-21,4.32,4.28,4.35,4.27,30170,12993055.00,1.85,-1.15,-0.05,0.89"]}});
