jQuery112402823351815161831_1626521459839({"rc":0,"rt":17,"svr":181216957,"lt":1,"full":0,"data":{"code":"002859
market":0,"name":"洁美科技
decimal":2,"dktotal":1046,"preKPrice":32.25,"klines":["2021-07-08,32.30,32.35,32.95,31.90,81646,264699886.00,3.26,0.31,0.10,2.03
2021-07-09,31.76,31.00,31.95,29.56,158933,487053776.00,7.39,-4.17,-1.35,3.95
2021-07-12,30.67,31.28,31.43,30.00,80379,247368658.00,4.61,0.90,0.28,2.00
2021-07-13,31.28,32.36,32.66,31.00,85065,272767184.00,5.31,3.45,1.08,2.11
2021-07-14,32.10,31.78,33.33,31.67,94027,303861088.00,5.13,-1.79,-0.58,2.33
2021-07-15,32.28,33.35,33.57,31.90,115054,378565648.00,5.25,4.94,1.57,2.86
2021-07-16,33.37,32.75,33.59,32.70,90837,299684096.00,2.67,-1.80,-0.60,2.25
2021-07-19,32.75,32.10,32.75,31.62,66469,213275457.00,3.45,-1.98,-0.65,1.65
2021-07-20,32.20,32.57,32.57,31.63,55377,177649963.00,2.93,1.46,0.47,1.37
2021-07-21,32.80,33.24,33.60,32.58,74663,247963101.00,3.13,2.06,0.67,1.85"]}});
