jQuery112402823351815161831_1626521459839({"rc":0,"rt":17,"svr":181216787,"lt":1,"full":0,"data":{"code":"600652
market":1,"name":"*ST游久
decimal":2,"dktotal":7163,"preKPrice":2.36,"klines":["2021-07-08,2.48,2.48,2.48,2.48,25723,6379416.00,0.00,5.08,0.12,0.31
2021-07-09,2.60,2.47,2.60,2.36,404657,100986540.00,9.68,-0.40,-0.01,4.86
2021-07-12,2.40,2.38,2.56,2.35,235776,56759190.00,8.50,-3.64,-0.09,2.83
2021-07-13,2.42,2.36,2.48,2.34,146103,34965156.00,5.88,-0.84,-0.02,1.75
2021-07-14,2.32,2.48,2.48,2.32,149204,35882890.00,6.78,5.08,0.12,1.79
2021-07-15,2.47,2.41,2.53,2.41,117797,28871484.00,4.84,-2.82,-0.07,1.41
2021-07-16,2.39,2.42,2.49,2.38,71219,17291194.00,4.56,0.41,0.01,0.86
2021-07-19,2.40,2.41,2.46,2.34,93767,22439042.00,4.96,-0.41,-0.01,1.13
2021-07-20,2.37,2.35,2.46,2.35,106488,25453666.00,4.56,-2.49,-0.06,1.28
2021-07-21,2.34,2.28,2.36,2.24,146906,33617633.00,5.11,-2.98,-0.07,1.76"]}});
