jQuery112402823351815161831_1626521459839({"rc":0,"rt":17,"svr":181669475,"lt":1,"full":0,"data":{"code":"600078
market":1,"name":"*ST澄星
decimal":2,"dktotal":5701,"preKPrice":2.63,"klines":["2021-07-08,2.62,2.76,2.76,2.62,203058,55323325.00,5.32,4.94,0.13,3.06
2021-07-09,2.83,2.90,2.90,2.80,271744,78123641.00,3.62,5.07,0.14,4.10
2021-07-12,3.05,3.05,3.05,3.05,16139,4922395.00,0.00,5.17,0.15,0.24
2021-07-13,3.20,3.20,3.20,3.20,16006,5121920.00,0.00,4.92,0.15,0.24
2021-07-14,3.25,3.36,3.36,3.08,598272,194482267.00,8.75,5.00,0.16,9.03
2021-07-15,3.27,3.19,3.35,3.19,435669,140125733.00,4.76,-5.06,-0.17,6.58
2021-07-16,3.19,3.35,3.35,3.09,440526,145544041.00,8.15,5.02,0.16,6.65
2021-07-19,3.42,3.52,3.52,3.39,220951,76828974.00,3.88,5.07,0.17,3.33
2021-07-20,3.64,3.70,3.70,3.52,442741,161817530.00,5.11,5.11,0.18,6.68
2021-07-21,3.72,3.89,3.89,3.63,325415,125227189.00,7.03,5.14,0.19,4.91"]}});
