jQuery112402823351815161831_1626521459839({"rc":0,"rt":17,"svr":182481221,"lt":1,"full":0,"data":{"code":"600979
market":1,"name":"广安爱众
decimal":2,"dktotal":3924,"preKPrice":2.95,"klines":["2021-07-08,2.96,2.95,2.99,2.94,51475,15197020.00,1.69,0.00,0.00,0.42
2021-07-09,2.95,2.95,2.96,2.92,49394,14509673.00,1.36,0.00,0.00,0.40
2021-07-12,2.96,2.96,2.98,2.94,67688,19989586.00,1.36,0.34,0.01,0.55
2021-07-13,2.95,2.99,3.00,2.93,106218,31544715.00,2.36,1.01,0.03,0.86
2021-07-14,3.01,3.05,3.16,3.01,304524,93766033.00,5.02,2.01,0.06,2.47
2021-07-15,3.01,3.01,3.04,2.94,212922,63513868.00,3.28,-1.31,-0.04,1.73
2021-07-16,3.00,3.00,3.03,2.98,70052,21036553.00,1.66,-0.33,-0.01,0.57
2021-07-19,2.99,2.98,3.00,2.95,56729,16857166.00,1.67,-0.67,-0.02,0.46
2021-07-20,2.96,2.96,2.97,2.94,44282,13094858.00,1.01,-0.67,-0.02,0.36
2021-07-21,2.97,2.97,2.99,2.95,52331,15527356.00,1.35,0.34,0.01,0.42"]}});
