jQuery112402823351815161831_1626521459839({"rc":0,"rt":17,"svr":181216957,"lt":1,"full":0,"data":{"code":"003020
market":0,"name":"立方制药
decimal":2,"dktotal":146,"preKPrice":51.6,"klines":["2021-07-08,51.39,49.03,51.39,49.02,9234,46005636.00,4.59,-4.98,-2.57,3.99
2021-07-09,48.02,48.30,48.98,46.80,10983,52669483.00,4.45,-1.49,-0.73,4.74
2021-07-12,47.01,48.98,49.71,47.01,8151,39753533.00,5.59,1.41,0.68,3.52
2021-07-13,48.76,48.00,48.98,47.70,6057,29122559.00,2.61,-2.00,-0.98,2.62
2021-07-14,48.00,50.63,51.52,47.62,12754,63754810.00,8.13,5.48,2.63,5.51
2021-07-15,51.49,50.45,51.49,49.01,9030,45109521.00,4.90,-0.36,-0.18,3.90
2021-07-16,49.91,49.62,50.92,49.60,6396,31967064.00,2.62,-1.65,-0.83,2.76
2021-07-19,49.70,51.43,51.45,48.51,10995,55455399.00,5.93,3.65,1.81,4.75
2021-07-20,50.90,50.25,50.90,49.17,8866,44307417.00,3.36,-2.29,-1.18,3.83
2021-07-21,50.00,50.01,50.31,49.70,4846,24222979.00,1.21,-0.48,-0.24,2.09"]}});
