jQuery112402823351815161831_1626521459839({"rc":0,"rt":17,"svr":181734974,"lt":1,"full":0,"data":{"code":"600069
market":1,"name":"退市银鸽
decimal":2,"dktotal":5421,"preKPrice":0.19,"klines":["2020-08-07,0.19,0.19,0.20,0.18,316353,5998839.00,10.53,0.00,0.00,1.95
2020-08-10,0.19,0.20,0.20,0.18,350017,6813399.00,10.53,5.26,0.01,2.16
2020-08-11,0.20,0.20,0.21,0.20,252556,5171717.00,5.00,0.00,0.00,1.56
2020-08-12,0.21,0.21,0.21,0.20,177140,3622811.00,5.00,5.00,0.01,1.09
2020-08-13,0.21,0.21,0.22,0.20,419366,8825620.00,9.52,0.00,0.00,2.58
2020-08-14,0.21,0.22,0.22,0.21,168151,3643312.00,4.76,4.76,0.01,1.04
2020-08-17,0.23,0.24,0.24,0.22,261211,6145398.00,9.09,9.09,0.02,1.61
2020-08-18,0.25,0.26,0.26,0.25,136411,3514885.00,4.17,8.33,0.02,0.84
2020-08-19,0.28,0.27,0.29,0.26,572905,16080971.00,11.54,3.85,0.01,3.53
2020-08-20,0.27,0.28,0.29,0.26,329458,9027656.00,11.11,3.70,0.01,2.03"]}});
