jQuery112402823351815161831_1626521459839({"rc":0,"rt":17,"svr":181734975,"lt":1,"full":0,"data":{"code":"600884
market":1,"name":"杉杉股份
decimal":2,"dktotal":6078,"preKPrice":24.97,"klines":["2021-07-08,25.89,27.47,27.47,25.89,1171085,3175268272.00,6.33,10.01,2.50,7.19
2021-07-09,28.30,28.64,29.47,26.77,1403214,3915557168.00,9.83,4.26,1.17,8.62
2021-07-12,29.69,30.96,31.50,29.07,1200006,3665260816.00,8.48,8.10,2.32,7.37
2021-07-13,30.91,31.72,32.50,30.21,965969,3038335392.00,7.40,2.45,0.76,5.93
2021-07-14,31.23,30.90,32.89,30.62,800915,2524686272.00,7.16,-2.59,-0.82,4.92
2021-07-15,30.51,32.25,33.84,30.50,951307,3081708016.00,10.81,4.37,1.35,5.84
2021-07-16,32.87,33.47,34.80,31.70,712507,2395266208.00,9.61,3.78,1.22,4.38
2021-07-19,33.00,30.12,34.15,30.12,984344,3075613744.00,12.04,-10.01,-3.35,6.05
2021-07-20,29.70,29.86,30.45,29.22,623480,1863796288.00,4.08,-0.86,-0.26,3.83
2021-07-21,30.60,31.43,31.73,29.84,879513,2715690624.00,6.33,5.26,1.57,5.40"]}});
