jQuery112402823351815161831_1626521459839({"rc":0,"rt":17,"svr":181669475,"lt":1,"full":0,"data":{"code":"002841
market":0,"name":"视源股份
decimal":2,"dktotal":1095,"preKPrice":117.6,"klines":["2021-07-08,117.60,118.85,120.91,116.74,9563,113598296.00,3.55,1.06,1.25,0.24
2021-07-09,118.85,116.20,119.21,114.62,13796,160573299.00,3.86,-2.23,-2.65,0.34
2021-07-12,116.19,117.13,119.24,114.25,8309,97274276.00,4.29,0.80,0.93,0.21
2021-07-13,117.30,117.85,118.88,115.30,6487,76157254.00,3.06,0.61,0.72,0.16
2021-07-14,117.47,116.34,118.88,115.10,8747,101725719.00,3.21,-1.28,-1.51,0.22
2021-07-15,115.76,116.18,117.00,115.30,4495,52226462.00,1.46,-0.14,-0.16,0.11
2021-07-16,116.15,117.98,118.85,114.00,11003,128548733.00,4.17,1.55,1.80,0.27
2021-07-19,117.89,116.09,117.89,114.30,8802,101462474.00,3.04,-1.60,-1.89,0.22
2021-07-20,116.09,116.01,116.61,114.00,5535,63851956.00,2.25,-0.07,-0.08,0.14
2021-07-21,115.50,116.60,118.69,115.33,6772,79459612.00,2.90,0.51,0.59,0.17"]}});
