jQuery112402823351815161831_1626521459839({"rc":0,"rt":17,"svr":181734975,"lt":1,"full":0,"data":{"code":"600761
market":1,"name":"安徽合力
decimal":2,"dktotal":5958,"preKPrice":10.43,"klines":["2021-07-08,10.47,10.13,10.48,10.11,77846,79849944.00,3.55,-2.88,-0.30,1.05
2021-07-09,10.17,10.30,10.37,10.11,43945,44978768.00,2.57,1.68,0.17,0.59
2021-07-12,10.33,10.35,10.38,10.26,50751,52404637.00,1.17,0.49,0.05,0.69
2021-07-13,10.37,10.42,10.44,10.28,66038,68423753.00,1.55,0.68,0.07,0.89
2021-07-14,10.46,10.19,10.47,10.17,62062,63692316.00,2.88,-2.21,-0.23,0.84
2021-07-15,10.22,10.08,10.24,9.98,63241,63608151.00,2.55,-1.08,-0.11,0.85
2021-07-16,10.07,10.09,10.17,10.01,48440,48929081.00,1.59,0.10,0.01,0.65
2021-07-19,10.10,9.98,10.12,9.91,39888,39749410.00,2.08,-1.09,-0.11,0.54
2021-07-20,9.94,10.06,10.06,9.91,41570,41507740.00,1.50,0.80,0.08,0.56
2021-07-21,10.04,10.05,10.17,10.03,42022,42436907.00,1.39,-0.10,-0.01,0.57"]}});
