jQuery112402823351815161831_1626521459839({"rc":0,"rt":17,"svr":182481427,"lt":1,"full":0,"data":{"code":"600674
market":1,"name":"川投能源
decimal":2,"dktotal":6581,"preKPrice":12.45,"klines":["2021-07-08,12.48,12.28,12.70,12.27,80560,99929773.00,3.45,-1.37,-0.17,0.18
2021-07-09,12.20,12.42,12.45,12.20,58289,72099404.00,2.04,1.14,0.14,0.13
2021-07-12,12.42,12.19,12.43,12.16,87057,106409340.00,2.17,-1.85,-0.23,0.20
2021-07-13,12.16,12.70,12.73,12.16,134583,167908023.00,4.68,4.18,0.51,0.31
2021-07-14,12.70,12.61,12.79,12.46,117921,148369855.00,2.60,-0.71,-0.09,0.27
2021-07-15,12.33,12.24,12.34,12.06,60153,73225442.00,2.22,-2.93,-0.37,0.14
2021-07-16,12.18,12.23,12.37,12.08,62060,75959256.00,2.37,-0.08,-0.01,0.14
2021-07-19,12.30,12.01,12.33,11.97,77575,93721702.00,2.94,-1.80,-0.22,0.18
2021-07-20,12.03,11.72,12.03,11.65,107713,126629457.00,3.16,-2.41,-0.29,0.24
2021-07-21,11.76,11.77,11.82,11.67,64996,76165294.00,1.28,0.43,0.05,0.15"]}});
