jQuery112402823351815161831_1626521459839({"rc":0,"rt":17,"svr":182481222,"lt":1,"full":0,"data":{"code":"002792
market":0,"name":"通宇通讯
decimal":2,"dktotal":1296,"preKPrice":15.6,"klines":["2021-07-08,15.60,15.62,15.67,15.43,17232,26789223.00,1.54,0.13,0.02,1.05
2021-07-09,15.58,15.82,15.86,15.58,18534,29215510.00,1.79,1.28,0.20,1.13
2021-07-12,15.89,17.06,17.19,15.88,77751,130269985.00,8.28,7.84,1.24,4.74
2021-07-13,17.14,16.70,17.14,16.66,42787,71862101.00,2.81,-2.11,-0.36,2.61
2021-07-14,17.11,16.88,17.45,16.82,58158,99519368.00,3.77,1.08,0.18,3.55
2021-07-15,16.92,16.92,17.23,16.83,37839,64223609.00,2.37,0.24,0.04,2.31
2021-07-16,17.08,16.81,17.08,16.60,34583,58357651.00,2.84,-0.65,-0.11,2.11
2021-07-19,16.67,17.65,17.79,16.56,74716,129479027.00,7.32,5.00,0.84,4.56
2021-07-20,17.42,17.57,17.88,17.30,47012,82587942.00,3.29,-0.45,-0.08,2.87
2021-07-21,17.42,17.68,17.85,17.40,39763,70126146.00,2.56,0.63,0.11,2.43"]}});
