jQuery112402823351815161831_1626521459839({"rc":0,"rt":17,"svr":182481597,"lt":1,"full":0,"data":{"code":"600369
market":1,"name":"西南证券
decimal":2,"dktotal":4496,"preKPrice":4.67,"klines":["2021-07-08,4.71,4.66,4.73,4.64,264367,123799729.00,1.93,-0.21,-0.01,0.47
2021-07-09,4.66,4.69,4.71,4.64,212033,99316115.00,1.50,0.64,0.03,0.38
2021-07-12,4.73,4.75,4.79,4.70,360606,171307311.00,1.92,1.28,0.06,0.64
2021-07-13,4.73,4.74,4.75,4.71,243268,114936411.00,0.84,-0.21,-0.01,0.43
2021-07-14,4.67,4.60,4.67,4.58,244420,112769933.00,1.90,-2.95,-0.14,0.43
2021-07-15,4.58,4.62,4.65,4.57,224827,103660828.00,1.74,0.43,0.02,0.40
2021-07-16,4.63,4.62,4.67,4.60,289588,134076355.00,1.52,0.00,0.00,0.51
2021-07-19,4.60,4.63,4.64,4.57,204112,93946702.00,1.52,0.22,0.01,0.36
2021-07-20,4.61,4.61,4.65,4.59,178686,82349265.00,1.30,-0.43,-0.02,0.32
2021-07-21,4.61,4.64,4.67,4.60,288430,133641896.00,1.52,0.65,0.03,0.51"]}});
