jQuery112402823351815161831_1626521459839({"rc":0,"rt":17,"svr":181734975,"lt":1,"full":0,"data":{"code":"600656
market":1,"name":"退市博元
decimal":2,"dktotal":5398,"preKPrice":4.89,"klines":["2016-04-27,4.91,4.89,4.96,4.84,48669,23865510.00,2.45,0.00,0.00,2.56
2016-04-28,4.80,4.86,4.90,4.67,79407,37929452.00,4.70,-0.61,-0.03,4.17
2016-04-29,4.87,4.62,4.94,4.61,80701,38565595.00,6.79,-4.94,-0.24,4.24
2016-05-03,4.65,4.39,4.68,4.35,89807,40523883.00,7.14,-4.98,-0.23,4.72
2016-05-04,4.41,4.50,4.52,4.34,83787,37126546.00,4.10,2.51,0.11,4.40
2016-05-05,4.50,4.69,4.72,4.47,112780,52249512.00,5.56,4.22,0.19,5.93
2016-05-06,4.71,4.47,4.71,4.42,79519,36300723.00,6.18,-4.69,-0.22,4.18
2016-05-09,4.48,4.63,4.80,4.42,98167,45371263.00,8.50,3.58,0.16,5.16
2016-05-10,4.64,4.37,4.71,4.28,134685,60622504.00,9.29,-5.62,-0.26,7.08
2016-05-11,4.43,4.49,4.59,4.21,197500,87562629.00,8.70,2.75,0.12,10.38"]}});
