jQuery112402823351815161831_1626521459839({"rc":0,"rt":17,"svr":181734974,"lt":1,"full":0,"data":{"code":"600076
market":1,"name":"康欣新材
decimal":2,"dktotal":5573,"preKPrice":4.1,"klines":["2021-07-08,4.14,4.22,4.27,4.11,350361,147250295.00,3.90,2.93,0.12,3.39
2021-07-09,4.18,4.22,4.23,4.13,215787,90205003.00,2.37,0.00,0.00,2.09
2021-07-12,4.24,4.22,4.33,4.19,267563,113628440.00,3.32,0.00,0.00,2.59
2021-07-13,4.19,4.45,4.50,4.13,613712,267382792.00,8.77,5.45,0.23,5.93
2021-07-14,4.48,4.45,4.72,4.44,683698,310421920.00,6.29,0.00,0.00,6.61
2021-07-15,4.43,4.44,4.57,4.39,358452,159999284.00,4.04,-0.22,-0.01,3.47
2021-07-16,4.40,4.48,4.66,4.37,475070,214716861.00,6.53,0.90,0.04,4.59
2021-07-19,4.46,4.25,4.48,4.22,419932,180724040.00,5.80,-5.13,-0.23,4.06
2021-07-20,4.22,4.23,4.27,4.17,227406,95990817.00,2.35,-0.47,-0.02,2.20
2021-07-21,4.25,4.20,4.29,4.15,250239,105199966.00,3.31,-0.71,-0.03,2.42"]}});
