jQuery112402823351815161831_1626521459839({"rc":0,"rt":17,"svr":181216957,"lt":1,"full":0,"data":{"code":"002990
market":0,"name":"盛视科技
decimal":2,"dktotal":284,"preKPrice":30.48,"klines":["2021-07-08,30.61,30.56,30.73,30.11,9578,29093749.00,2.03,0.26,0.08,1.52
2021-07-09,30.58,30.34,30.58,30.00,7972,24084517.00,1.90,-0.72,-0.22,1.26
2021-07-12,30.48,30.78,30.94,30.27,11590,35449398.00,2.21,1.45,0.44,1.84
2021-07-13,30.77,31.30,31.58,30.62,11179,34880400.00,3.12,1.69,0.52,1.77
2021-07-14,30.90,30.56,31.50,30.49,10157,31296312.00,3.23,-2.36,-0.74,1.61
2021-07-15,30.28,29.92,30.36,29.29,17342,51614419.00,3.50,-2.09,-0.64,2.75
2021-07-16,29.84,29.45,29.84,29.29,9428,27759705.00,1.84,-1.57,-0.47,1.49
2021-07-19,29.45,28.61,29.45,28.49,10034,28835543.00,3.26,-2.85,-0.84,1.59
2021-07-20,28.44,28.72,28.93,28.18,5742,16425631.00,2.62,0.38,0.11,0.91
2021-07-21,28.51,28.82,29.08,28.51,6033,17376474.00,1.98,0.35,0.10,0.96"]}});
