jQuery112402823351815161831_1626521459839({"rc":0,"rt":17,"svr":182481427,"lt":1,"full":0,"data":{"code":"600023
market":1,"name":"浙能电力
decimal":2,"dktotal":1849,"preKPrice":3.4,"klines":["2021-07-08,3.41,3.39,3.42,3.38,210220,71424915.00,1.18,-0.29,-0.01,0.15
2021-07-09,3.39,3.38,3.40,3.36,205480,69258401.00,1.18,-0.29,-0.01,0.15
2021-07-12,3.39,3.38,3.40,3.37,203317,68750040.00,0.89,0.00,0.00,0.15
2021-07-13,3.37,3.38,3.38,3.36,262273,88355757.00,0.59,0.00,0.00,0.19
2021-07-14,3.38,3.36,3.38,3.35,264657,89035006.00,0.89,-0.59,-0.02,0.19
2021-07-15,3.36,3.33,3.36,3.32,250652,83477801.00,1.19,-0.89,-0.03,0.18
2021-07-16,3.33,3.32,3.34,3.32,190546,63446256.00,0.60,-0.30,-0.01,0.14
2021-07-19,3.32,3.28,3.32,3.27,325350,107055436.00,1.51,-1.20,-0.04,0.24
2021-07-20,3.27,3.26,3.28,3.25,188930,61535004.00,0.91,-0.61,-0.02,0.14
2021-07-21,3.26,3.27,3.28,3.25,152012,49625500.00,0.92,0.31,0.01,0.11"]}});
