jQuery112402823351815161831_1626521459839({"rc":0,"rt":17,"svr":182481222,"lt":1,"full":0,"data":{"code":"002774
market":0,"name":"快意电梯
decimal":2,"dktotal":1051,"preKPrice":6.45,"klines":["2021-07-08,6.43,6.52,6.56,6.40,33457,21710995.00,2.48,1.09,0.07,1.19
2021-07-09,6.55,6.57,6.62,6.49,31417,20631140.00,1.99,0.77,0.05,1.11
2021-07-12,6.58,6.55,6.63,6.50,29176,19126527.00,1.98,-0.30,-0.02,1.04
2021-07-13,6.55,6.67,6.73,6.50,30671,20248473.00,3.51,1.83,0.12,1.09
2021-07-14,6.64,6.65,6.76,6.62,39317,26245432.00,2.10,-0.30,-0.02,1.40
2021-07-15,7.32,7.32,7.32,7.32,34870,25525132.00,0.00,10.08,0.67,1.24
2021-07-16,7.72,7.69,7.99,7.51,294322,229841930.00,6.56,5.05,0.37,10.44
2021-07-19,7.30,7.15,7.51,7.11,154134,112254025.00,5.20,-7.02,-0.54,5.47
2021-07-20,7.02,7.40,7.54,7.00,127590,93794861.00,7.55,3.50,0.25,4.53
2021-07-21,7.45,7.19,7.45,7.16,91345,65964294.00,3.92,-2.84,-0.21,3.24"]}});
