jQuery112402823351815161831_1626521459839({"rc":0,"rt":17,"svr":181734976,"lt":1,"full":0,"data":{"code":"600880
market":1,"name":"博瑞传播
decimal":2,"dktotal":5909,"preKPrice":3.7,"klines":["2021-07-08,3.71,3.63,3.71,3.62,48924,17886495.00,2.43,-1.89,-0.07,0.45
2021-07-09,3.63,3.70,3.70,3.63,27218,9986534.00,1.93,1.93,0.07,0.25
2021-07-12,3.69,3.73,3.76,3.69,37613,14017305.00,1.89,0.81,0.03,0.34
2021-07-13,3.74,3.74,3.76,3.72,40680,15216555.00,1.07,0.27,0.01,0.37
2021-07-14,3.74,3.68,3.76,3.68,34962,13002817.00,2.14,-1.60,-0.06,0.32
2021-07-15,3.69,3.68,3.71,3.60,54116,19756066.00,2.99,0.00,0.00,0.50
2021-07-16,3.66,3.68,3.71,3.66,28035,10326060.00,1.36,0.00,0.00,0.26
2021-07-19,3.68,3.68,3.71,3.62,35268,12903104.00,2.45,0.00,0.00,0.32
2021-07-20,3.68,3.68,3.69,3.64,30159,11045355.00,1.36,0.00,0.00,0.28
2021-07-21,3.68,3.73,3.73,3.67,35622,13203732.00,1.63,1.36,0.05,0.33"]}});
