jQuery112402823351815161831_1626521459839({"rc":0,"rt":17,"svr":182481599,"lt":1,"full":0,"data":{"code":"002454
market":0,"name":"松芝股份
decimal":2,"dktotal":2621,"preKPrice":5.36,"klines":["2021-07-08,5.35,5.48,5.48,5.32,77567,42002832.00,2.99,2.24,0.12,1.24
2021-07-09,5.44,5.53,5.56,5.43,66009,36380781.00,2.37,0.91,0.05,1.06
2021-07-12,5.57,5.49,5.59,5.46,75420,41593750.00,2.35,-0.72,-0.04,1.21
2021-07-13,5.49,5.54,5.55,5.39,69940,38400896.00,2.91,0.91,0.05,1.12
2021-07-14,5.55,5.52,5.57,5.47,61078,33734233.00,1.81,-0.36,-0.02,0.98
2021-07-15,5.49,5.45,5.55,5.38,68791,37479713.00,3.08,-1.27,-0.07,1.10
2021-07-16,5.56,6.00,6.00,5.52,177136,104863637.00,8.81,10.09,0.55,2.83
2021-07-19,6.60,6.09,6.60,6.05,616949,393012224.00,9.17,1.50,0.09,9.87
2021-07-20,5.90,5.83,5.94,5.69,398224,231004985.00,4.11,-4.27,-0.26,6.37
2021-07-21,5.79,5.79,5.91,5.74,229560,133684961.00,2.92,-0.69,-0.04,3.67"]}});
