jQuery112402823351815161831_1626521459839({"rc":0,"rt":17,"svr":182481159,"lt":1,"full":0,"data":{"code":"600170
market":1,"name":"上海建工
decimal":2,"dktotal":5483,"preKPrice":2.77,"klines":["2021-07-08,2.77,2.76,2.78,2.76,123824,34211873.00,0.72,-0.36,-0.01,0.14
2021-07-09,2.76,2.76,2.77,2.75,136155,37524268.00,0.72,0.00,0.00,0.15
2021-07-12,2.77,2.75,2.77,2.75,156960,43326470.00,0.72,-0.36,-0.01,0.18
2021-07-13,2.75,2.76,2.77,2.74,195146,53761028.00,1.09,0.36,0.01,0.22
2021-07-14,2.76,2.74,2.76,2.73,212913,58326987.00,1.09,-0.72,-0.02,0.24
2021-07-15,2.73,2.70,2.74,2.69,286652,77677073.00,1.82,-1.46,-0.04,0.32
2021-07-16,2.71,2.71,2.72,2.70,149584,40474187.00,0.74,0.37,0.01,0.17
2021-07-19,2.70,2.68,2.71,2.67,183808,49310782.00,1.48,-1.11,-0.03,0.21
2021-07-20,2.68,2.70,2.71,2.67,143992,38744528.00,1.49,0.75,0.02,0.16
2021-07-21,2.70,2.70,2.71,2.69,137427,37090345.00,0.74,0.00,0.00,0.15"]}});
