jQuery112402823351815161831_1626521459839({"rc":0,"rt":17,"svr":182481222,"lt":1,"full":0,"data":{"code":"002412
market":0,"name":"汉森制药
decimal":2,"dktotal":2585,"preKPrice":6.14,"klines":["2021-07-08,6.14,6.04,6.14,6.04,37288,22643866.00,1.63,-1.63,-0.10,0.76
2021-07-09,6.05,6.19,6.20,5.99,56779,34681257.00,3.48,2.48,0.15,1.15
2021-07-12,6.21,6.12,6.23,6.09,60607,37276550.00,2.26,-1.13,-0.07,1.23
2021-07-13,6.11,6.14,6.18,6.10,35373,21704218.00,1.31,0.33,0.02,0.72
2021-07-14,6.12,6.29,6.32,6.06,119423,74366290.00,4.23,2.44,0.15,2.42
2021-07-15,6.26,6.21,6.32,6.12,78269,48512986.00,3.18,-1.27,-0.08,1.59
2021-07-16,6.19,6.14,6.22,6.13,45481,28020290.00,1.45,-1.13,-0.07,0.92
2021-07-19,6.13,6.37,6.37,6.11,130620,82102278.00,4.23,3.75,0.23,2.65
2021-07-20,6.37,6.35,6.46,6.28,110766,70521975.00,2.83,-0.31,-0.02,2.24
2021-07-21,6.38,6.33,6.41,6.27,61141,38622005.00,2.20,-0.31,-0.02,1.24"]}});
