jQuery112402823351815161831_1626521459839({"rc":0,"rt":17,"svr":181216787,"lt":1,"full":0,"data":{"code":"002895
market":0,"name":"川恒股份
decimal":2,"dktotal":945,"preKPrice":18.45,"klines":["2021-07-08,18.76,20.30,20.30,17.88,300338,588485984.00,13.12,10.03,1.85,6.21
2021-07-09,20.30,22.33,22.33,19.98,327903,696001632.00,11.58,10.00,2.03,6.78
2021-07-12,23.97,24.21,24.56,22.72,326259,785883456.00,8.24,8.42,1.88,6.74
2021-07-13,23.43,22.99,23.88,22.06,284737,649039632.00,7.52,-5.04,-1.22,5.89
2021-07-14,23.00,21.98,23.75,21.60,186597,418287472.00,9.35,-4.39,-1.01,3.86
2021-07-15,22.23,22.00,22.30,21.00,146077,314328992.00,5.91,0.09,0.02,3.02
2021-07-16,21.89,22.56,23.25,21.13,235496,528496464.00,9.64,2.55,0.56,4.87
2021-07-19,22.46,20.30,22.48,20.30,193637,412130512.00,9.66,-10.02,-2.26,4.00
2021-07-20,20.33,20.98,21.41,19.88,207486,426612576.00,7.54,3.35,0.68,4.29
2021-07-21,20.85,21.61,22.07,20.41,153585,327832656.00,7.91,3.00,0.63,3.17"]}});
