jQuery112402823351815161831_1626521459839({"rc":0,"rt":17,"svr":181216787,"lt":1,"full":0,"data":{"code":"002547
market":0,"name":"春兴精工
decimal":2,"dktotal":2332,"preKPrice":4.33,"klines":["2021-07-08,4.31,4.25,4.33,4.21,297799,126803395.00,2.77,-1.85,-0.08,3.86
2021-07-09,4.25,4.32,4.35,4.21,289884,124252662.00,3.29,1.65,0.07,3.75
2021-07-12,4.36,4.52,4.69,4.35,782947,354965824.00,7.87,4.63,0.20,10.14
2021-07-13,4.47,4.43,4.52,4.38,439198,194607036.00,3.10,-1.99,-0.09,5.69
2021-07-14,4.41,4.26,4.48,4.25,364349,157797766.00,5.19,-3.84,-0.17,4.72
2021-07-15,4.12,4.15,4.17,3.94,547056,221858998.00,5.40,-2.58,-0.11,7.09
2021-07-16,4.07,4.08,4.16,4.07,250456,102700620.00,2.17,-1.69,-0.07,3.24
2021-07-19,4.01,4.20,4.23,4.01,371477,153676558.00,5.39,2.94,0.12,4.81
2021-07-20,4.15,4.20,4.23,4.12,226968,94698601.00,2.62,0.00,0.00,2.94
2021-07-21,4.16,4.17,4.24,4.15,213805,89455741.00,2.14,-0.71,-0.03,2.77"]}});
