jQuery112402823351815161831_1626521459839({"rc":0,"rt":17,"svr":181734974,"lt":1,"full":0,"data":{"code":"002624
market":0,"name":"完美世界
decimal":2,"dktotal":1980,"preKPrice":22.1,"klines":["2021-07-08,21.99,21.21,22.00,21.21,382191,819389584.00,3.57,-4.03,-0.89,2.09
2021-07-09,21.22,20.54,21.35,20.42,474490,980372688.00,4.38,-3.16,-0.67,2.60
2021-07-12,18.54,18.80,19.21,18.49,1376192,2566479056.00,3.51,-8.47,-1.74,7.53
2021-07-13,18.75,19.19,19.69,18.40,666769,1281252288.00,6.86,2.07,0.39,3.65
2021-07-14,19.21,19.33,19.61,18.87,378431,728102960.00,3.86,0.73,0.14,2.07
2021-07-15,19.37,19.91,20.00,18.95,413308,803565984.00,5.43,3.00,0.58,2.26
2021-07-16,20.00,20.15,20.64,19.74,495686,1001469296.00,4.52,1.21,0.24,2.71
2021-07-19,20.25,19.45,20.30,19.40,334267,657778016.00,4.47,-3.47,-0.70,1.83
2021-07-20,19.19,19.75,19.75,19.15,169926,332077344.00,3.08,1.54,0.30,0.93
2021-07-21,19.75,19.44,19.88,19.34,216860,423802096.00,2.73,-1.57,-0.31,1.19"]}});
