jQuery112402823351815161831_1626521459839({"rc":0,"rt":17,"svr":182482649,"lt":1,"full":0,"data":{"code":"600192
market":1,"name":"长城电工
decimal":2,"dktotal":5410,"preKPrice":4.32,"klines":["2021-07-08,4.32,4.30,4.35,4.28,41678,18010405.00,1.62,-0.46,-0.02,0.94
2021-07-09,4.28,4.35,4.36,4.25,43132,18585231.00,2.56,1.16,0.05,0.98
2021-07-12,4.36,4.45,4.54,4.35,94260,41775445.00,4.37,2.30,0.10,2.13
2021-07-13,4.52,4.41,4.52,4.38,66425,29291301.00,3.15,-0.90,-0.04,1.50
2021-07-14,4.37,4.40,4.40,4.30,46819,20418763.00,2.27,-0.23,-0.01,1.06
2021-07-15,4.41,4.33,4.41,4.30,31335,13565175.00,2.50,-1.59,-0.07,0.71
2021-07-16,4.32,4.34,4.35,4.30,32581,14100311.00,1.15,0.23,0.01,0.74
2021-07-19,4.31,4.36,4.40,4.31,37247,16185495.00,2.07,0.46,0.02,0.84
2021-07-20,4.31,4.41,4.41,4.31,29720,12993511.00,2.29,1.15,0.05,0.67
2021-07-21,4.42,4.44,4.47,4.40,41526,18428262.00,1.59,0.68,0.03,0.94"]}});
