jQuery112402823351815161831_1626521459839({"rc":0,"rt":17,"svr":182481427,"lt":1,"full":0,"data":{"code":"600517
market":1,"name":"国网英大
decimal":2,"dktotal":4137,"preKPrice":6.58,"klines":["2021-07-08,6.79,6.74,7.00,6.66,523508,356504000.00,5.17,2.43,0.16,2.76
2021-07-09,6.68,7.07,7.07,6.63,660163,458867280.00,6.53,4.90,0.33,3.48
2021-07-12,7.19,7.00,7.19,6.95,540527,380555424.00,3.39,-0.99,-0.07,2.85
2021-07-13,7.04,7.24,7.47,6.92,871820,628878512.00,7.86,3.43,0.24,4.59
2021-07-14,7.28,7.11,7.37,7.06,766981,551392416.00,4.28,-1.80,-0.13,4.04
2021-07-15,7.02,7.10,7.24,6.97,497823,353321872.00,3.80,-0.14,-0.01,2.62
2021-07-16,7.15,6.92,7.28,6.90,703050,496125584.00,5.35,-2.54,-0.18,3.70
2021-07-19,6.96,6.75,7.05,6.73,478023,326815696.00,4.62,-2.46,-0.17,2.52
2021-07-20,6.65,6.67,6.75,6.62,325085,217111144.00,1.93,-1.19,-0.08,1.71
2021-07-21,6.67,6.71,6.78,6.67,316161,212383007.00,1.65,0.60,0.04,1.66"]}});
