jQuery112402823351815161831_1626521459839({"rc":0,"rt":17,"svr":182481221,"lt":1,"full":0,"data":{"code":"002706
market":0,"name":"良信股份
decimal":2,"dktotal":1814,"preKPrice":22.35,"klines":["2021-07-08,22.34,22.15,22.62,22.02,46547,103574334.00,2.68,-0.89,-0.20,0.59
2021-07-09,21.96,21.69,22.25,21.55,67697,147510181.00,3.16,-2.08,-0.46,0.86
2021-07-12,21.75,21.35,21.81,21.06,102472,218644170.00,3.46,-1.57,-0.34,1.31
2021-07-13,21.35,21.40,21.45,21.02,48857,103943377.00,2.01,0.23,0.05,0.62
2021-07-14,21.27,21.11,21.56,20.91,40286,85324192.00,3.04,-1.36,-0.29,0.51
2021-07-15,21.10,21.12,21.36,20.85,36055,76211641.00,2.42,0.05,0.01,0.46
2021-07-16,21.24,20.93,21.37,20.85,31494,66350715.00,2.46,-0.90,-0.19,0.40
2021-07-19,20.59,20.30,20.94,20.21,42010,86050710.00,3.49,-3.01,-0.63,0.54
2021-07-20,20.30,20.17,20.35,19.90,35117,70509638.00,2.22,-0.64,-0.13,0.45
2021-07-21,20.28,21.07,21.45,20.02,57386,120422344.00,7.09,4.46,0.90,0.73"]}});
