jQuery112402823351815161831_1626521459839({"rc":0,"rt":17,"svr":182480524,"lt":1,"full":0,"data":{"code":"600016
market":1,"name":"民生银行
decimal":2,"dktotal":4929,"preKPrice":4.37,"klines":["2021-07-08,4.38,4.35,4.38,4.34,558366,243270360.00,0.92,-0.46,-0.02,0.16
2021-07-09,4.35,4.34,4.37,4.33,630890,274254688.00,0.92,-0.23,-0.01,0.18
2021-07-12,4.36,4.34,4.37,4.34,624254,271719904.00,0.69,0.00,0.00,0.18
2021-07-13,4.35,4.34,4.36,4.33,554654,241093634.00,0.69,0.00,0.00,0.16
2021-07-14,4.35,4.25,4.35,4.24,1338655,573433696.00,2.53,-2.07,-0.09,0.38
2021-07-15,4.24,4.27,4.29,4.22,707437,301571616.00,1.65,0.47,0.02,0.20
2021-07-16,4.26,4.24,4.27,4.23,622462,264441677.00,0.94,-0.70,-0.03,0.18
2021-07-19,4.22,4.21,4.23,4.17,949988,398268192.00,1.42,-0.71,-0.03,0.27
2021-07-20,4.19,4.17,4.20,4.17,489424,204544000.00,0.71,-0.95,-0.04,0.14
2021-07-21,4.18,4.18,4.20,4.17,518018,216821941.00,0.72,0.24,0.01,0.15"]}});
