jQuery112402823351815161831_1626521459839({"rc":0,"rt":17,"svr":182481221,"lt":1,"full":0,"data":{"code":"002971
market":0,"name":"和远气体
decimal":2,"dktotal":369,"preKPrice":17.66,"klines":["2021-07-08,17.65,17.72,17.91,17.55,12121,21476349.00,2.04,0.34,0.06,1.13
2021-07-09,17.65,17.80,17.83,17.55,9108,16133952.00,1.58,0.45,0.08,0.85
2021-07-12,18.00,18.21,18.44,17.86,21776,39415936.00,3.26,2.30,0.41,2.03
2021-07-13,18.16,18.17,18.17,17.86,13326,23970742.00,1.70,-0.22,-0.04,1.25
2021-07-14,18.19,17.88,18.19,17.86,8061,14463384.00,1.82,-1.60,-0.29,0.75
2021-07-15,17.86,17.53,17.86,17.26,9812,17183250.00,3.36,-1.96,-0.35,0.92
2021-07-16,17.49,17.61,17.99,17.29,13847,24345462.00,3.99,0.46,0.08,1.29
2021-07-19,18.00,18.03,18.38,17.88,22043,39894098.00,2.84,2.39,0.42,2.06
2021-07-20,17.85,18.29,18.39,17.64,24069,43732491.00,4.16,1.44,0.26,2.25
2021-07-21,18.26,18.34,18.56,18.18,23435,43010171.00,2.08,0.27,0.05,2.19"]}});
