jQuery112402823351815161831_1626521459839({"rc":0,"rt":17,"svr":182481222,"lt":1,"full":0,"data":{"code":"600933
market":1,"name":"爱柯迪
decimal":2,"dktotal":894,"preKPrice":12.78,"klines":["2021-07-08,12.85,12.70,13.56,12.45,63837,82658160.00,8.69,-0.63,-0.08,0.74
2021-07-09,12.93,13.97,13.97,12.64,62527,84172361.00,10.47,10.00,1.27,0.73
2021-07-12,14.17,14.30,14.38,13.56,70959,99540186.00,5.87,2.36,0.33,0.83
2021-07-13,14.07,14.05,14.26,13.84,31651,44355845.00,2.94,-1.75,-0.25,0.37
2021-07-14,14.10,13.95,14.12,13.81,23612,32920820.00,2.21,-0.71,-0.10,0.28
2021-07-15,13.83,13.96,14.17,13.62,37583,52368535.00,3.94,0.07,0.01,0.44
2021-07-16,14.03,13.91,14.26,13.87,24411,34216967.00,2.79,-0.36,-0.05,0.28
2021-07-19,13.91,13.99,14.01,13.70,22488,31173170.00,2.23,0.58,0.08,0.26
2021-07-20,13.90,13.84,14.01,13.71,16248,22461401.00,2.14,-1.07,-0.15,0.19
2021-07-21,13.87,14.18,14.24,13.87,20951,29560311.00,2.67,2.46,0.34,0.24"]}});
