jQuery112402823351815161831_1626521459839({"rc":0,"rt":17,"svr":182482250,"lt":1,"full":0,"data":{"code":"600358
market":1,"name":"国旅联合
decimal":2,"dktotal":4677,"preKPrice":3.45,"klines":["2021-07-08,3.44,3.39,3.47,3.39,22302,7673292.00,2.32,-1.74,-0.06,0.44
2021-07-09,3.40,3.45,3.51,3.36,27521,9450288.00,4.42,1.77,0.06,0.55
2021-07-12,3.49,3.45,3.50,3.43,19440,6720566.00,2.03,0.00,0.00,0.38
2021-07-13,3.44,3.45,3.47,3.42,17169,5916247.00,1.45,0.00,0.00,0.34
2021-07-14,3.44,3.44,3.47,3.41,23068,7940581.00,1.74,-0.29,-0.01,0.46
2021-07-15,3.42,3.40,3.43,3.37,23088,7842510.00,1.74,-1.16,-0.04,0.46
2021-07-16,3.39,3.38,3.40,3.36,17525,5922342.00,1.18,-0.59,-0.02,0.35
2021-07-19,3.39,3.44,3.49,3.34,35513,12152036.00,4.44,1.78,0.06,0.70
2021-07-20,3.43,3.44,3.46,3.41,25243,8655670.00,1.45,0.00,0.00,0.50
2021-07-21,3.43,3.53,3.56,3.42,40006,13938876.00,4.07,2.62,0.09,0.79"]}});
