jQuery112402823351815161831_1626521459839({"rc":0,"rt":17,"svr":181669475,"lt":1,"full":0,"data":{"code":"002654
market":0,"name":"万润科技
decimal":2,"dktotal":1971,"preKPrice":3.76,"klines":["2021-07-08,3.76,3.72,3.77,3.70,52878,19701392.00,1.86,-1.06,-0.04,0.69
2021-07-09,3.70,3.78,3.78,3.70,45029,16847116.00,2.15,1.61,0.06,0.59
2021-07-12,3.80,3.84,3.90,3.77,74146,28479649.00,3.44,1.59,0.06,0.97
2021-07-13,3.85,3.85,3.86,3.79,57463,22040297.00,1.82,0.26,0.01,0.75
2021-07-14,3.85,3.86,3.88,3.83,52997,20378421.00,1.30,0.26,0.01,0.69
2021-07-15,3.85,3.80,3.85,3.77,52607,19975624.00,2.07,-1.55,-0.06,0.69
2021-07-16,3.79,3.79,3.84,3.78,43339,16478101.00,1.58,-0.26,-0.01,0.57
2021-07-19,3.79,3.71,3.80,3.68,68804,25539464.00,3.17,-2.11,-0.08,0.90
2021-07-20,3.69,3.76,3.78,3.67,47479,17694436.00,2.96,1.35,0.05,0.62
2021-07-21,3.79,3.89,3.89,3.78,128413,49541195.00,2.93,3.46,0.13,1.68"]}});
