jQuery112402823351815161831_1626521459839({"rc":0,"rt":17,"svr":181669475,"lt":1,"full":0,"data":{"code":"002492
market":0,"name":"恒基达鑫
decimal":2,"dktotal":2317,"preKPrice":5.34,"klines":["2021-07-08,5.32,5.28,5.34,5.26,28581,15125804.00,1.50,-1.12,-0.06,0.72
2021-07-09,5.28,5.39,5.48,5.24,52122,27978547.00,4.55,2.08,0.11,1.31
2021-07-12,5.36,5.39,5.47,5.35,35387,19083379.00,2.23,0.00,0.00,0.89
2021-07-13,5.39,5.46,5.48,5.36,37918,20624794.00,2.23,1.30,0.07,0.95
2021-07-14,5.44,5.44,5.48,5.41,25066,13640966.00,1.28,-0.37,-0.02,0.63
2021-07-15,5.43,5.44,5.45,5.36,29674,16026211.00,1.65,0.00,0.00,0.75
2021-07-16,5.44,5.56,5.62,5.38,64993,35678108.00,4.41,2.21,0.12,1.63
2021-07-19,5.53,5.48,5.53,5.42,53244,29140600.00,1.98,-1.44,-0.08,1.34
2021-07-20,5.43,5.46,5.48,5.41,20777,11309467.00,1.28,-0.36,-0.02,0.52
2021-07-21,5.48,5.49,5.52,5.45,20023,10991354.00,1.28,0.55,0.03,0.50"]}});
