jQuery112402823351815161831_1626521459839({"rc":0,"rt":17,"svr":181669633,"lt":1,"full":0,"data":{"code":"002555
market":0,"name":"三七互娱
decimal":2,"dktotal":2243,"preKPrice":22.18,"klines":["2021-07-08,22.06,21.70,22.08,21.40,197399,428744400.00,3.07,-2.16,-0.48,1.34
2021-07-09,21.53,21.38,21.84,21.27,144448,309874496.00,2.63,-1.47,-0.32,0.98
2021-07-12,21.22,21.89,22.43,20.70,293353,641176528.00,8.09,2.39,0.51,2.00
2021-07-13,22.06,22.35,23.19,22.02,291153,658855408.00,5.34,2.10,0.46,1.98
2021-07-14,22.80,22.64,23.15,22.34,189324,429704688.00,3.62,1.30,0.29,1.29
2021-07-15,23.00,22.78,23.15,22.47,158588,361099664.00,3.00,0.62,0.14,1.08
2021-07-16,22.63,23.14,23.16,22.38,192800,441193232.00,3.42,1.58,0.36,1.31
2021-07-19,23.08,22.85,23.08,22.47,141330,322141744.00,2.64,-1.25,-0.29,0.96
2021-07-20,22.68,22.85,22.94,22.53,142659,324746912.00,1.79,0.00,0.00,0.97
2021-07-21,22.99,22.93,23.36,22.75,167417,384531680.00,2.67,0.35,0.08,1.14"]}});
