jQuery112402823351815161831_1626521459839({"rc":0,"rt":17,"svr":181669733,"lt":1,"full":0,"data":{"code":"600792
market":1,"name":"云煤能源
decimal":2,"dktotal":5640,"preKPrice":3.95,"klines":["2021-07-08,3.93,3.84,3.94,3.82,122213,47261368.00,3.04,-2.78,-0.11,1.23
2021-07-09,3.84,3.92,3.93,3.81,100462,39039758.00,3.13,2.08,0.08,1.01
2021-07-12,3.93,3.93,4.00,3.92,102958,40654825.00,2.04,0.26,0.01,1.04
2021-07-13,3.92,3.98,3.98,3.90,105906,41805717.00,2.04,1.27,0.05,1.07
2021-07-14,3.97,3.95,4.04,3.94,113541,45260257.00,2.51,-0.75,-0.03,1.15
2021-07-15,3.92,3.92,3.93,3.85,106434,41369102.00,2.03,-0.76,-0.03,1.08
2021-07-16,3.92,3.95,4.00,3.90,145807,57860787.00,2.55,0.77,0.03,1.47
2021-07-19,3.92,3.93,4.03,3.92,113828,45021999.00,2.78,-0.51,-0.02,1.15
2021-07-20,3.88,3.96,3.98,3.81,129047,50250295.00,4.33,0.76,0.03,1.30
2021-07-21,3.94,3.94,3.98,3.90,102506,40292766.00,2.02,-0.51,-0.02,1.04"]}});
