jQuery112402823351815161831_1626521459839({"rc":0,"rt":17,"svr":182480525,"lt":1,"full":0,"data":{"code":"002363
market":0,"name":"隆基机械
decimal":2,"dktotal":2742,"preKPrice":4.98,"klines":["2021-07-08,4.92,4.94,4.97,4.89,46173,22724918.00,1.61,-0.80,-0.04,1.11
2021-07-09,4.93,5.01,5.03,4.91,62581,31212585.00,2.43,1.42,0.07,1.51
2021-07-12,5.04,4.99,5.08,4.97,52996,26538642.00,2.20,-0.40,-0.02,1.27
2021-07-13,4.97,5.02,5.02,4.94,48978,24428733.00,1.60,0.60,0.03,1.18
2021-07-14,5.01,5.00,5.04,4.95,43601,21748802.00,1.79,-0.40,-0.02,1.05
2021-07-15,5.00,4.90,5.00,4.83,44433,21801190.00,3.40,-2.00,-0.10,1.07
2021-07-16,4.87,4.87,4.91,4.86,24717,12052161.00,1.02,-0.61,-0.03,0.59
2021-07-19,4.87,4.83,4.89,4.79,29682,14345339.00,2.05,-0.82,-0.04,0.71
2021-07-20,4.84,4.83,4.84,4.78,18018,8662100.00,1.24,0.00,0.00,0.43
2021-07-21,4.84,4.89,4.92,4.83,33100,16190687.00,1.86,1.24,0.06,0.80"]}});
