jQuery112402823351815161831_1626521459839({"rc":0,"rt":17,"svr":181734974,"lt":1,"full":0,"data":{"code":"002830
market":0,"name":"名雕股份
decimal":2,"dktotal":1121,"preKPrice":9.69,"klines":["2021-07-08,9.69,9.52,9.73,9.52,6050,5804133.00,2.17,-1.75,-0.17,0.91
2021-07-09,9.51,9.56,9.63,9.37,7509,7125346.00,2.73,0.42,0.04,1.13
2021-07-12,9.67,9.89,9.96,9.60,17930,17637125.00,3.77,3.45,0.33,2.69
2021-07-13,9.87,9.89,9.93,9.78,8824,8700226.00,1.52,0.00,0.00,1.32
2021-07-14,9.90,9.79,9.90,9.76,5281,5182824.00,1.42,-1.01,-0.10,0.79
2021-07-15,9.89,9.50,9.89,9.43,12460,11945915.00,4.70,-2.96,-0.29,1.87
2021-07-16,9.46,9.46,9.67,9.46,7058,6738444.00,2.21,-0.42,-0.04,1.06
2021-07-19,9.41,9.36,9.51,9.23,6013,5625527.00,2.96,-1.06,-0.10,0.90
2021-07-20,9.26,9.46,9.56,9.26,6513,6152956.00,3.21,1.07,0.10,0.98
2021-07-21,9.41,9.57,9.64,9.41,6978,6666723.00,2.43,1.16,0.11,1.05"]}});
