jQuery112402823351815161831_1626521459839({"rc":0,"rt":17,"svr":181216787,"lt":1,"full":0,"data":{"code":"003037
market":0,"name":"三和管桩
decimal":2,"dktotal":110,"preKPrice":12.85,"klines":["2021-07-08,12.90,12.67,13.00,12.63,23814,30441707.00,2.88,-1.40,-0.18,3.50
2021-07-09,12.77,12.70,12.85,12.60,15319,19441400.00,1.97,0.24,0.03,2.25
2021-07-12,12.82,13.37,13.50,12.78,58102,77017387.00,5.67,5.28,0.67,8.54
2021-07-13,13.20,13.21,13.32,13.10,33846,44650993.00,1.65,-1.20,-0.16,4.98
2021-07-14,13.24,12.93,13.28,12.85,30864,40103327.00,3.26,-2.12,-0.28,4.54
2021-07-15,12.96,12.53,12.98,12.39,28468,35813673.00,4.56,-3.09,-0.40,4.19
2021-07-16,12.40,12.32,12.45,12.16,23961,29423045.00,2.31,-1.68,-0.21,3.52
2021-07-19,12.29,11.97,12.29,11.92,29022,34844321.00,3.00,-2.84,-0.35,4.27
2021-07-20,11.94,12.34,12.64,11.74,40413,49292980.00,7.52,3.09,0.37,5.94
2021-07-21,12.83,13.57,13.57,12.73,73312,97902805.00,6.81,9.97,1.23,10.78"]}});
