jQuery112402823351815161831_1626521459839({"rc":0,"rt":17,"svr":182481427,"lt":1,"full":0,"data":{"code":"600422
market":1,"name":"昆药集团
decimal":2,"dktotal":4898,"preKPrice":10.24,"klines":["2021-07-08,10.25,9.92,10.29,9.90,270785,271618880.00,3.81,-3.13,-0.32,3.58
2021-07-09,9.87,9.76,9.87,9.61,236638,230181365.00,2.62,-1.61,-0.16,3.13
2021-07-12,9.81,9.70,9.87,9.67,177214,173036543.00,2.05,-0.61,-0.06,2.35
2021-07-13,9.73,9.81,9.87,9.67,172278,168459705.00,2.06,1.13,0.11,2.28
2021-07-14,9.80,9.72,10.05,9.62,282156,277667744.00,4.38,-0.92,-0.09,3.73
2021-07-15,9.69,9.79,9.91,9.63,183933,179865672.00,2.88,0.72,0.07,2.43
2021-07-16,9.79,10.10,10.24,9.73,286181,286585904.00,5.21,3.17,0.31,3.79
2021-07-19,10.05,10.39,10.45,10.00,253154,259822983.00,4.46,2.87,0.29,3.35
2021-07-20,10.25,10.22,10.43,10.13,201624,206670745.00,2.89,-1.64,-0.17,2.67
2021-07-21,10.19,10.22,10.32,10.13,185731,189602455.00,1.86,0.00,0.00,2.46"]}});
