jQuery112402823351815161831_1626521459839({"rc":0,"rt":17,"svr":181216787,"lt":1,"full":0,"data":{"code":"600238
market":1,"name":"海南椰岛
decimal":2,"dktotal":4984,"preKPrice":24.37,"klines":["2021-07-08,24.45,23.14,24.60,22.86,350412,821854208.00,7.14,-5.05,-1.23,7.87
2021-07-09,22.77,22.17,22.97,21.69,316183,700741312.00,5.53,-4.19,-0.97,7.11
2021-07-12,21.92,21.92,22.33,21.58,296103,649251648.00,3.38,-1.13,-0.25,6.65
2021-07-13,22.22,22.40,23.09,22.05,414967,936324320.00,4.74,2.19,0.48,9.33
2021-07-14,21.80,24.64,24.64,21.07,662511,1564014160.00,15.94,10.00,2.24,14.89
2021-07-15,24.30,26.29,26.95,23.50,790853,1989485168.00,14.00,6.70,1.65,17.77
2021-07-16,25.52,25.94,27.42,25.51,569476,1505822048.00,7.27,-1.33,-0.35,12.80
2021-07-19,25.58,28.04,28.50,25.37,626987,1697167984.00,12.07,8.10,2.10,14.09
2021-07-20,27.60,28.23,30.31,27.50,666678,1917856896.00,10.02,0.68,0.19,14.98
2021-07-21,27.86,28.41,28.88,27.41,571211,1610727056.00,5.21,0.64,0.18,12.84"]}});
