jQuery112402823351815161831_1626521459839({"rc":0,"rt":17,"svr":181734976,"lt":1,"full":0,"data":{"code":"002766
market":0,"name":"*ST索菱
decimal":2,"dktotal":1344,"preKPrice":4.33,"klines":["2021-07-08,4.33,4.29,4.33,4.27,9346,4021223.00,1.39,-0.92,-0.04,0.36
2021-07-09,4.29,4.29,4.32,4.24,12445,5315322.00,1.86,0.00,0.00,0.48
2021-07-12,4.30,4.26,4.34,4.25,8481,3624264.00,2.10,-0.70,-0.03,0.33
2021-07-13,4.26,4.26,4.30,4.23,11871,5066440.00,1.64,0.00,0.00,0.46
2021-07-14,4.24,4.23,4.30,4.20,11920,5049680.00,2.35,-0.70,-0.03,0.46
2021-07-15,4.25,4.16,4.30,4.10,28237,11838641.00,4.73,-1.65,-0.07,1.09
2021-07-16,4.16,4.26,4.30,4.08,17797,7495326.00,5.29,2.40,0.10,0.69
2021-07-19,4.24,4.22,4.34,4.19,14758,6282337.00,3.52,-0.94,-0.04,0.57
2021-07-20,4.23,4.19,4.23,4.16,6689,2795901.00,1.66,-0.71,-0.03,0.26
2021-07-21,4.19,4.24,4.30,4.18,12491,5279323.00,2.86,1.19,0.05,0.48"]}});
