jQuery112402823351815161831_1626521459839({"rc":0,"rt":17,"svr":181216787,"lt":1,"full":0,"data":{"code":"002742
market":0,"name":"三圣股份
decimal":2,"dktotal":1480,"preKPrice":5.15,"klines":["2021-07-08,5.16,5.13,5.31,5.10,72457,37550801.00,4.08,-0.39,-0.02,3.74
2021-07-09,5.10,5.42,5.46,5.05,114284,60576270.00,7.99,5.65,0.29,5.90
2021-07-12,5.50,5.36,5.58,5.26,102311,54982441.00,5.90,-1.11,-0.06,5.28
2021-07-13,5.40,5.69,5.78,5.32,164455,91995119.00,8.58,6.16,0.33,8.49
2021-07-14,5.65,5.67,5.75,5.62,74319,42204603.00,2.28,-0.35,-0.02,3.84
2021-07-15,5.51,5.34,5.53,5.22,103983,55560451.00,5.47,-5.82,-0.33,5.37
2021-07-16,5.28,5.27,5.47,5.20,65029,34560287.00,5.06,-1.31,-0.07,3.36
2021-07-19,5.27,5.26,5.35,5.18,43613,22928328.00,3.23,-0.19,-0.01,2.25
2021-07-20,5.13,5.19,5.30,5.12,39296,20435310.00,3.42,-1.33,-0.07,2.03
2021-07-21,5.19,5.33,5.42,5.19,67415,36007616.00,4.43,2.70,0.14,3.48"]}});
