jQuery112402823351815161831_1626521459839({"rc":0,"rt":17,"svr":182481221,"lt":1,"full":0,"data":{"code":"002980
market":0,"name":"华盛昌
decimal":2,"dktotal":309,"preKPrice":35.03,"klines":["2021-07-08,35.01,34.49,35.24,34.31,5570,19284405.00,2.65,-1.54,-0.54,1.67
2021-07-09,34.38,34.83,35.10,34.18,4594,15899731.00,2.67,0.99,0.34,1.38
2021-07-12,35.43,35.16,35.43,34.96,3457,12149546.00,1.35,0.95,0.33,1.04
2021-07-13,35.11,34.95,35.30,34.85,3254,11376327.00,1.28,-0.60,-0.21,0.98
2021-07-14,34.95,34.61,35.00,34.56,3651,12652380.00,1.26,-0.97,-0.34,1.10
2021-07-15,34.50,33.78,34.61,33.54,8916,30040936.00,3.09,-2.40,-0.83,2.67
2021-07-16,33.76,33.05,33.89,33.00,5591,18635838.00,2.63,-2.16,-0.73,1.68
2021-07-19,32.99,32.36,32.99,31.00,7561,24128471.00,6.02,-2.09,-0.69,2.27
2021-07-20,32.36,31.81,32.68,31.51,3437,10934796.00,3.62,-1.70,-0.55,1.03
2021-07-21,31.91,31.97,32.30,31.87,3265,10464399.00,1.35,0.50,0.16,0.98"]}});
