jQuery112402823351815161831_1626521459839({"rc":0,"rt":17,"svr":182481597,"lt":1,"full":0,"data":{"code":"600515
market":1,"name":"*ST基础
decimal":2,"dktotal":4097,"preKPrice":10.62,"klines":["2021-07-08,10.64,10.60,10.72,10.33,168802,177445273.00,3.67,-0.19,-0.02,1.02
2021-07-09,10.45,10.56,10.70,10.40,125605,132389197.00,2.83,-0.38,-0.04,0.76
2021-07-12,10.47,10.03,10.60,10.03,214638,218514508.00,5.40,-5.02,-0.53,1.29
2021-07-13,9.91,10.14,10.25,9.76,138568,139239025.00,4.89,1.10,0.11,0.84
2021-07-14,10.16,10.09,10.32,9.91,138622,139707873.00,4.04,-0.49,-0.05,0.84
2021-07-15,10.10,9.91,10.20,9.80,132171,132328498.00,3.96,-1.78,-0.18,0.80
2021-07-16,9.90,9.94,10.05,9.80,114550,113666650.00,2.52,0.30,0.03,0.69
2021-07-19,9.95,9.77,9.95,9.58,127521,124715054.00,3.72,-1.71,-0.17,0.77
2021-07-20,9.72,10.26,10.26,9.66,115318,116941925.00,6.14,5.02,0.49,0.70
2021-07-21,10.65,10.54,10.77,10.49,298807,318941632.00,2.73,2.73,0.28,1.80"]}});
