jQuery112402823351815161831_1626521459839({"rc":0,"rt":17,"svr":182482648,"lt":1,"full":0,"data":{"code":"600571
market":1,"name":"信雅达
decimal":2,"dktotal":4337,"preKPrice":7.2,"klines":["2021-07-08,7.20,7.14,7.20,7.09,31798,22674798.00,1.53,-0.83,-0.06,0.74
2021-07-09,7.13,7.14,7.17,7.05,26976,19173417.00,1.68,0.00,0.00,0.63
2021-07-12,7.19,7.29,7.33,7.18,50909,37052233.00,2.10,2.10,0.15,1.18
2021-07-13,7.35,7.47,7.55,7.33,70875,52740313.00,3.02,2.47,0.18,1.65
2021-07-14,7.43,7.35,7.44,7.33,49760,36703636.00,1.47,-1.61,-0.12,1.16
2021-07-15,7.35,7.27,7.39,7.12,50101,36235214.00,3.67,-1.09,-0.08,1.16
2021-07-16,7.09,7.00,7.13,7.00,43408,30595343.00,1.79,-3.71,-0.27,1.01
2021-07-19,7.02,7.03,7.03,6.90,28422,19757037.00,1.86,0.43,0.03,0.66
2021-07-20,7.00,7.07,7.19,6.96,28655,20135561.00,3.27,0.57,0.04,0.67
2021-07-21,7.03,7.16,7.27,7.02,52893,37843332.00,3.54,1.27,0.09,1.23"]}});
