jQuery112402823351815161831_1626521459839({"rc":0,"rt":17,"svr":182482648,"lt":1,"full":0,"data":{"code":"600372
market":1,"name":"中航电子
decimal":2,"dktotal":4383,"preKPrice":15.3,"klines":["2021-07-08,15.32,15.87,15.95,15.28,242630,381716624.00,4.38,3.73,0.57,1.26
2021-07-09,15.76,15.86,15.88,15.56,129417,203775066.00,2.02,-0.06,-0.01,0.67
2021-07-12,15.85,16.08,16.25,15.66,169629,270809728.00,3.72,1.39,0.22,0.88
2021-07-13,16.06,15.86,16.23,15.78,121559,193706264.00,2.80,-1.37,-0.22,0.63
2021-07-14,15.87,15.48,15.89,15.44,100793,157330352.00,2.84,-2.40,-0.38,0.52
2021-07-15,15.46,15.51,15.66,15.22,92043,141780620.00,2.84,0.19,0.03,0.48
2021-07-16,15.43,16.35,16.35,15.41,254321,408218128.00,6.06,5.42,0.84,1.32
2021-07-19,16.50,16.46,16.66,16.11,234514,384805264.00,3.36,0.67,0.11,1.22
2021-07-20,16.19,16.41,16.63,16.18,128012,210177102.00,2.73,-0.30,-0.05,0.66
2021-07-21,16.40,16.62,16.65,16.30,156044,257349851.00,2.13,1.28,0.21,0.81"]}});
