jQuery112402823351815161831_1626521459839({"rc":0,"rt":17,"svr":182482650,"lt":1,"full":0,"data":{"code":"002724
market":0,"name":"海洋王
decimal":2,"dktotal":1565,"preKPrice":15.2,"klines":["2021-07-08,15.50,14.78,15.50,14.64,69593,104591149.00,5.66,-2.76,-0.42,1.91
2021-07-09,14.43,14.77,15.15,14.33,52123,77344664.00,5.55,-0.07,-0.01,1.43
2021-07-12,14.89,16.25,16.25,14.88,75595,119740654.00,9.28,10.02,1.48,2.07
2021-07-13,16.41,15.90,16.45,15.65,57322,91213635.00,4.92,-2.15,-0.35,1.57
2021-07-14,15.87,16.41,16.70,15.60,66726,107858813.00,6.92,3.21,0.51,1.83
2021-07-15,16.42,16.23,16.42,15.61,60728,97379381.00,4.94,-1.10,-0.18,1.67
2021-07-16,16.22,16.06,16.65,15.74,51557,83533270.00,5.61,-1.05,-0.17,1.41
2021-07-19,15.93,14.85,16.38,14.45,137881,206701440.00,12.02,-7.53,-1.21,3.78
2021-07-20,14.85,15.02,15.23,14.40,69179,102918235.00,5.59,1.14,0.17,1.90
2021-07-21,15.26,14.95,15.40,14.86,51810,78273362.00,3.60,-0.47,-0.07,1.42"]}});
