jQuery112402823351815161831_1626521459839({"rc":0,"rt":17,"svr":181216957,"lt":1,"full":0,"data":{"code":"002657
market":0,"name":"中科金财
decimal":2,"dktotal":2217,"preKPrice":10.98,"klines":["2021-07-08,10.99,10.80,11.00,10.62,37842,40894658.00,3.46,-1.64,-0.18,1.27
2021-07-09,10.78,10.76,10.83,10.65,30567,32850288.00,1.67,-0.37,-0.04,1.03
2021-07-12,10.89,10.96,11.04,10.80,44023,48096266.00,2.23,1.86,0.20,1.48
2021-07-13,11.01,11.09,11.20,10.95,42067,46738043.00,2.28,1.19,0.13,1.41
2021-07-14,11.14,10.83,11.17,10.81,38610,42273642.00,3.25,-2.34,-0.26,1.30
2021-07-15,10.80,10.58,10.85,10.48,46598,49441734.00,3.42,-2.31,-0.25,1.57
2021-07-16,10.58,10.62,10.74,10.55,34277,36431536.00,1.80,0.38,0.04,1.15
2021-07-19,10.62,10.64,10.65,10.41,28985,30533911.00,2.26,0.19,0.02,0.97
2021-07-20,10.59,10.66,10.70,10.46,31053,32861163.00,2.26,0.19,0.02,1.04
2021-07-21,10.61,10.74,10.78,10.61,27946,29983097.00,1.59,0.75,0.08,0.94"]}});
