jQuery112402823351815161831_1626521459839({"rc":0,"rt":17,"svr":182481599,"lt":1,"full":0,"data":{"code":"002407
market":0,"name":"多氟多
decimal":2,"dktotal":2621,"preKPrice":40.24,"klines":["2021-07-08,40.17,39.78,40.75,39.56,688547,2761268928.00,2.96,-1.14,-0.46,11.71
2021-07-09,38.91,41.18,42.58,37.72,1028541,4089591936.00,12.22,3.52,1.40,17.49
2021-07-12,41.48,41.94,44.06,41.11,998615,4248837968.00,7.16,1.85,0.76,16.98
2021-07-13,41.19,45.95,46.13,40.50,1178151,5053423616.00,13.42,9.56,4.01,20.03
2021-07-14,44.00,41.86,46.89,41.36,1289452,5599553792.00,12.03,-8.90,-4.09,21.92
2021-07-15,41.11,42.44,43.09,40.45,813081,3412903440.00,6.31,1.39,0.58,13.82
2021-07-16,41.90,42.41,43.88,41.41,760990,3249192736.00,5.82,-0.07,-0.03,12.84
2021-07-19,46.00,43.68,46.30,43.51,1219847,5503482368.00,6.58,2.99,1.27,20.58
2021-07-20,42.30,43.39,44.20,42.20,630966,2724192528.00,4.58,-0.66,-0.29,10.65
2021-07-21,44.32,46.35,47.47,43.01,1027794,4697781504.00,10.28,6.82,2.96,17.34"]}});
