jQuery112402823351815161831_1626521459839({"rc":0,"rt":17,"svr":181216787,"lt":1,"full":0,"data":{"code":"002323
market":0,"name":"*ST雅博
decimal":2,"dktotal":2358,"preKPrice":3.34,"klines":["2021-07-08,3.31,3.29,3.37,3.24,30360,9967022.00,3.89,-1.50,-0.05,0.94
2021-07-09,3.31,3.30,3.33,3.21,28729,9420393.00,3.65,0.30,0.01,0.89
2021-07-12,3.30,3.47,3.47,3.25,19928,6750742.00,6.67,5.15,0.17,0.62
2021-07-13,3.48,3.43,3.57,3.36,36372,12613120.00,6.05,-1.15,-0.04,1.13
2021-07-14,3.38,3.31,3.45,3.29,24789,8282512.00,4.66,-3.50,-0.12,0.77
2021-07-15,3.31,3.34,3.36,3.24,15403,5099023.00,3.63,0.91,0.03,0.48
2021-07-16,3.34,3.38,3.41,3.30,18551,6235132.00,3.29,1.20,0.04,0.58
2021-07-19,3.38,3.45,3.52,3.32,18282,6258044.00,5.92,2.07,0.07,0.57
2021-07-20,3.45,3.44,3.48,3.39,10950,3759537.00,2.61,-0.29,-0.01,0.34
2021-07-21,3.46,3.42,3.48,3.37,12901,4414820.00,3.20,-0.58,-0.02,0.40"]}});
