jQuery112402823351815161831_1626521459839({"rc":0,"rt":17,"svr":181669475,"lt":1,"full":0,"data":{"code":"600428
market":1,"name":"中远海特
decimal":2,"dktotal":4511,"preKPrice":6.65,"klines":["2021-07-08,6.69,6.29,6.69,6.18,1139931,723815168.00,7.67,-5.41,-0.36,5.31
2021-07-09,6.25,6.03,6.26,5.95,957419,581126240.00,4.93,-4.13,-0.26,4.46
2021-07-12,6.15,5.92,6.30,5.88,842668,509976256.00,6.97,-1.82,-0.11,3.93
2021-07-13,5.97,6.03,6.20,5.89,735855,443754592.00,5.24,1.86,0.11,3.43
2021-07-14,5.98,5.90,6.03,5.75,629406,370477936.00,4.64,-2.16,-0.13,2.93
2021-07-15,5.85,5.81,5.92,5.63,526644,302790944.00,4.92,-1.53,-0.09,2.45
2021-07-16,5.81,5.82,6.04,5.78,682888,402551328.00,4.48,0.17,0.01,3.18
2021-07-19,5.78,5.95,6.08,5.68,752257,444212224.00,6.87,2.23,0.13,3.50
2021-07-20,5.88,5.44,5.88,5.34,926063,502909072.00,9.08,-8.57,-0.51,4.31
2021-07-21,5.39,5.52,5.68,5.31,543452,299589632.00,6.80,1.47,0.08,2.53"]}});
