jQuery112402823351815161831_1626521459839({"rc":0,"rt":17,"svr":182481159,"lt":1,"full":0,"data":{"code":"002409
market":0,"name":"雅克科技
decimal":2,"dktotal":2409,"preKPrice":84.0,"klines":["2021-07-08,83.42,92.40,92.40,83.10,108361,981043616.00,11.07,10.00,8.40,3.67
2021-07-09,92.00,91.09,95.60,88.81,118572,1090013888.00,7.35,-1.42,-1.31,4.01
2021-07-12,91.47,90.66,91.80,88.11,117525,1060192896.00,4.05,-0.47,-0.43,3.98
2021-07-13,90.66,87.53,90.97,85.59,74926,659177328.00,5.93,-3.45,-3.13,2.54
2021-07-14,87.00,86.27,89.39,85.64,48090,420086624.00,4.28,-1.44,-1.26,1.63
2021-07-15,86.10,84.06,87.13,83.13,70629,598408496.00,4.64,-2.56,-2.21,2.39
2021-07-16,85.99,82.80,86.00,82.41,64569,542871632.00,4.27,-1.50,-1.26,2.19
2021-07-19,83.96,86.05,86.09,80.50,67484,565377264.00,6.75,3.93,3.25,2.28
2021-07-20,84.80,83.55,85.40,81.75,68741,572570352.00,4.24,-2.91,-2.50,2.33
2021-07-21,83.55,88.52,91.77,82.80,130544,1160758688.00,10.74,5.95,4.97,4.42"]}});
