jQuery112402823351815161831_1626521459839({"rc":0,"rt":17,"svr":182482249,"lt":1,"full":0,"data":{"code":"600305
market":1,"name":"恒顺醋业
decimal":2,"dktotal":4903,"preKPrice":19.07,"klines":["2021-07-08,19.08,18.51,19.19,18.47,118626,221213615.00,3.78,-2.94,-0.56,1.18
2021-07-09,18.37,18.38,18.50,18.18,50224,92225571.00,1.73,-0.70,-0.13,0.50
2021-07-12,18.40,18.36,18.54,18.00,97140,177278624.00,2.94,-0.11,-0.02,0.97
2021-07-13,18.32,18.66,18.72,18.18,91230,169262714.00,2.94,1.63,0.30,0.91
2021-07-14,18.65,18.20,18.65,18.17,88863,162870965.00,2.57,-2.47,-0.46,0.89
2021-07-15,18.18,17.87,18.19,17.65,133005,237636209.00,2.97,-1.81,-0.33,1.33
2021-07-16,17.99,17.58,17.99,17.52,101132,178344852.00,2.63,-1.62,-0.29,1.01
2021-07-19,17.60,17.51,17.75,17.26,109368,191788258.00,2.79,-0.40,-0.07,1.09
2021-07-20,17.41,17.41,17.60,17.33,71693,125340853.00,1.54,-0.57,-0.10,0.71
2021-07-21,17.41,17.34,17.68,17.25,99715,173691895.00,2.47,-0.40,-0.07,0.99"]}});
