jQuery112402823351815161831_1626521459839({"rc":0,"rt":17,"svr":182481221,"lt":1,"full":0,"data":{"code":"600206
market":1,"name":"有研新材
decimal":2,"dktotal":5280,"preKPrice":14.86,"klines":["2021-07-08,14.80,14.88,15.08,14.71,499248,743887504.00,2.49,0.13,0.02,5.91
2021-07-09,14.82,15.15,15.34,14.62,491581,738798960.00,4.84,1.81,0.27,5.82
2021-07-12,15.19,15.10,15.38,14.88,412124,621264256.00,3.30,-0.33,-0.05,4.88
2021-07-13,15.03,14.85,15.03,14.63,338151,499638544.00,2.65,-1.66,-0.25,4.01
2021-07-14,14.87,14.52,14.87,14.40,283691,413618320.00,3.16,-2.22,-0.33,3.36
2021-07-15,14.46,14.69,14.84,14.06,326028,471563104.00,5.37,1.17,0.17,3.86
2021-07-16,14.52,14.70,15.22,14.48,426970,637526848.00,5.04,0.07,0.01,5.06
2021-07-19,14.60,14.87,15.42,14.50,435704,655546160.00,6.26,1.16,0.17,5.16
2021-07-20,14.57,15.60,15.75,14.50,594042,907420208.00,8.41,4.91,0.73,7.04
2021-07-21,15.49,15.49,15.76,15.25,540527,837418752.00,3.27,-0.71,-0.11,6.40"]}});
