jQuery112402823351815161831_1626521459839({"rc":0,"rt":17,"svr":182482648,"lt":1,"full":0,"data":{"code":"600536
market":1,"name":"中国软件
decimal":2,"dktotal":4590,"preKPrice":56.03,"klines":["2021-07-08,56.01,58.93,59.58,55.35,241118,1394428144.00,7.55,5.18,2.90,4.88
2021-07-09,57.90,57.29,58.55,56.96,130802,752263456.00,2.70,-2.78,-1.64,2.64
2021-07-12,57.30,59.04,59.47,56.48,174849,1023973696.00,5.22,3.05,1.75,3.54
2021-07-13,59.30,60.26,63.50,59.11,239003,1469224576.00,7.44,2.07,1.22,4.83
2021-07-14,59.80,61.00,62.50,58.83,205826,1254001840.00,6.09,1.23,0.74,4.16
2021-07-15,60.11,58.84,61.46,58.18,157414,933225680.00,5.38,-3.54,-2.16,3.18
2021-07-16,58.22,58.97,60.48,58.20,119173,708929104.00,3.87,0.22,0.13,2.41
2021-07-19,58.63,57.28,58.70,56.38,114285,652788976.00,3.93,-2.87,-1.69,2.31
2021-07-20,57.10,57.39,57.82,56.39,72249,412826304.00,2.50,0.19,0.11,1.46
2021-07-21,57.50,58.78,59.88,57.28,124781,730985152.00,4.53,2.42,1.39,2.52"]}});
