jQuery112402823351815161831_1626521459839({"rc":0,"rt":17,"svr":181734975,"lt":1,"full":0,"data":{"code":"002644
market":0,"name":"佛慈制药
decimal":2,"dktotal":2317,"preKPrice":8.97,"klines":["2021-07-08,9.05,9.00,9.33,8.89,50606,45816071.00,4.91,0.33,0.03,0.99
2021-07-09,9.00,8.88,9.05,8.70,49559,44102373.00,3.89,-1.33,-0.12,0.97
2021-07-12,8.90,8.70,8.96,8.64,52167,45746483.00,3.60,-2.03,-0.18,1.02
2021-07-13,8.69,8.90,8.97,8.60,44464,39094202.00,4.25,2.30,0.20,0.87
2021-07-14,8.90,9.00,9.14,8.83,68603,61866007.00,3.48,1.12,0.10,1.34
2021-07-15,8.98,8.78,9.00,8.77,43463,38371347.00,2.56,-2.44,-0.22,0.85
2021-07-16,8.79,8.64,8.80,8.49,50354,43420429.00,3.53,-1.59,-0.14,0.99
2021-07-19,8.61,8.77,8.84,8.45,42168,36654507.00,4.51,1.50,0.13,0.83
2021-07-20,8.75,8.81,8.97,8.68,35567,31435772.00,3.31,0.46,0.04,0.70
2021-07-21,8.85,8.65,8.85,8.62,30815,26903852.00,2.61,-1.82,-0.16,0.60"]}});
