jQuery112402823351815161831_1626521459839({"rc":0,"rt":17,"svr":182482248,"lt":1,"full":0,"data":{"code":"600199
market":1,"name":"金种子酒
decimal":2,"dktotal":5467,"preKPrice":15.88,"klines":["2021-07-08,15.72,15.54,16.00,15.51,227337,356247024.00,3.09,-2.14,-0.34,3.75
2021-07-09,15.54,15.22,15.58,14.91,221163,334505184.00,4.31,-2.06,-0.32,3.65
2021-07-12,15.23,15.27,15.42,14.98,176732,269491472.00,2.89,0.33,0.05,2.91
2021-07-13,15.40,15.65,15.94,15.40,278914,437587968.00,3.54,2.49,0.38,4.60
2021-07-14,15.50,15.80,16.02,15.18,309451,485218272.00,5.37,0.96,0.15,5.10
2021-07-15,15.58,16.58,16.70,15.30,582121,941558128.00,8.86,4.94,0.78,9.60
2021-07-16,16.59,16.31,16.65,16.27,358455,588349520.00,2.29,-1.63,-0.27,5.91
2021-07-19,16.21,16.39,16.55,16.07,313153,511651040.00,2.94,0.49,0.08,5.16
2021-07-20,16.30,17.33,17.86,16.30,656917,1122700048.00,9.52,5.74,0.94,10.83
2021-07-21,17.01,17.26,17.48,16.75,510964,873341072.00,4.21,-0.40,-0.07,8.43"]}});
