jQuery112402823351815161831_1626521459839({"rc":0,"rt":17,"svr":182482651,"lt":1,"full":0,"data":{"code":"600572
market":1,"name":"康恩贝
decimal":2,"dktotal":3986,"preKPrice":4.35,"klines":["2021-07-08,4.34,4.30,4.35,4.29,184402,79532520.00,1.38,-1.15,-0.05,0.69
2021-07-09,4.29,4.30,4.33,4.27,138086,59303405.00,1.40,0.00,0.00,0.52
2021-07-12,4.31,4.45,4.49,4.29,384691,169445777.00,4.65,3.49,0.15,1.45
2021-07-13,4.46,4.54,4.56,4.44,306648,138520023.00,2.70,2.02,0.09,1.15
2021-07-14,4.52,4.52,4.60,4.49,285643,129763999.00,2.42,-0.44,-0.02,1.07
2021-07-15,4.51,4.51,4.55,4.48,178044,80398545.00,1.55,-0.22,-0.01,0.67
2021-07-16,4.51,4.54,4.59,4.49,168598,76440547.00,2.22,0.67,0.03,0.63
2021-07-19,4.54,4.61,4.65,4.48,273934,125337509.00,3.74,1.54,0.07,1.03
2021-07-20,4.58,4.53,4.67,4.51,288800,132240664.00,3.47,-1.74,-0.08,1.09
2021-07-21,4.51,4.52,4.57,4.49,187561,84801788.00,1.77,-0.22,-0.01,0.70"]}});
