jQuery112402823351815161831_1626521459839({"rc":0,"rt":17,"svr":182481159,"lt":1,"full":0,"data":{"code":"600502
market":1,"name":"安徽建工
decimal":2,"dktotal":4250,"preKPrice":3.87,"klines":["2021-07-08,3.87,3.79,3.87,3.79,113519,43303645.00,2.07,-2.07,-0.08,0.66
2021-07-09,3.84,3.81,3.85,3.80,68471,26117970.00,1.32,0.53,0.02,0.40
2021-07-12,3.83,3.90,3.96,3.83,198751,77844828.00,3.41,2.36,0.09,1.15
2021-07-13,3.89,3.89,3.92,3.86,126986,49442230.00,1.54,-0.26,-0.01,0.74
2021-07-14,3.91,3.86,3.91,3.86,77264,29961849.00,1.29,-0.77,-0.03,0.45
2021-07-15,3.85,3.83,3.86,3.79,128186,48988026.00,1.81,-0.78,-0.03,0.74
2021-07-16,3.82,3.83,3.86,3.82,93974,36057188.00,1.04,0.00,0.00,0.55
2021-07-19,3.83,3.81,3.85,3.79,75851,28946217.00,1.57,-0.52,-0.02,0.44
2021-07-20,3.80,3.80,3.81,3.76,91315,34506068.00,1.31,-0.26,-0.01,0.53
2021-07-21,3.98,3.95,4.08,3.86,386659,152246915.00,5.79,3.95,0.15,2.25"]}});
