jQuery112402823351815161831_1626521459839({"rc":0,"rt":17,"svr":181734974,"lt":1,"full":0,"data":{"code":"002553
market":0,"name":"南方轴承
decimal":2,"dktotal":2404,"preKPrice":10.49,"klines":["2021-07-08,10.46,10.70,10.77,10.46,95114,101434473.00,2.96,2.00,0.21,4.06
2021-07-09,10.76,10.81,11.10,10.65,116998,127420076.00,4.21,1.03,0.11,4.99
2021-07-12,10.81,10.74,10.89,10.54,105361,112443764.00,3.24,-0.65,-0.07,4.50
2021-07-13,10.70,10.66,10.86,10.56,69718,74801816.00,2.79,-0.74,-0.08,2.98
2021-07-14,10.71,11.23,11.23,10.55,186799,204646238.00,6.38,5.35,0.57,7.97
2021-07-15,11.35,11.11,11.60,10.90,185157,207914432.00,6.23,-1.07,-0.12,7.90
2021-07-16,11.05,11.16,11.29,10.95,102655,113740152.00,3.06,0.45,0.05,4.38
2021-07-19,11.10,11.73,11.94,11.06,187758,217930147.00,7.89,5.11,0.57,8.01
2021-07-20,11.73,12.90,12.90,11.69,250525,310810352.00,10.32,9.97,1.17,10.69
2021-07-21,12.92,12.97,13.77,12.45,356399,468199088.00,10.23,0.54,0.07,15.21"]}});
