jQuery112402823351815161831_1626521459839({"rc":0,"rt":17,"svr":181734974,"lt":1,"full":0,"data":{"code":"600876
market":1,"name":"洛阳玻璃
decimal":2,"dktotal":5884,"preKPrice":18.75,"klines":["2021-07-08,18.85,19.90,20.50,18.52,186791,365064832.00,10.56,6.13,1.15,6.65
2021-07-09,19.75,20.35,20.40,19.21,132475,262341534.00,5.98,2.26,0.45,4.71
2021-07-12,20.34,22.39,22.39,20.24,146766,319638352.00,10.57,10.02,2.04,5.22
2021-07-13,23.82,24.63,24.63,23.00,146731,351139504.00,7.28,10.00,2.24,5.22
2021-07-14,25.00,24.19,26.39,24.06,303940,752891296.00,9.46,-1.79,-0.44,10.81
2021-07-15,24.00,26.00,26.53,23.75,243954,616209936.00,11.49,7.48,1.81,8.68
2021-07-16,25.31,27.58,28.60,25.04,228750,626776272.00,13.69,6.08,1.58,8.14
2021-07-19,27.58,27.57,28.27,26.75,147886,407870048.00,5.51,-0.04,-0.01,5.26
2021-07-20,26.54,27.58,27.73,26.01,124166,337038272.00,6.24,0.04,0.01,4.42
2021-07-21,27.77,28.24,28.88,27.35,154936,435677168.00,5.55,2.39,0.66,5.51"]}});
