jQuery112402823351815161831_1626521459839({"rc":0,"rt":17,"svr":182482249,"lt":1,"full":0,"data":{"code":"600039
market":1,"name":"四川路桥
decimal":2,"dktotal":4319,"preKPrice":6.39,"klines":["2021-07-08,6.20,6.16,6.22,6.12,259073,160146405.00,1.56,-3.60,-0.23,0.72
2021-07-09,6.16,6.29,6.35,6.10,255812,159120598.00,4.06,2.11,0.13,0.71
2021-07-12,6.29,6.24,6.36,6.24,212795,133467967.00,1.91,-0.79,-0.05,0.59
2021-07-13,6.23,6.48,6.58,6.22,374986,241055921.00,5.77,3.85,0.24,1.04
2021-07-14,6.66,6.89,6.96,6.53,539751,369648352.00,6.64,6.33,0.41,1.49
2021-07-15,6.90,6.87,7.04,6.75,388572,265687371.00,4.21,-0.29,-0.02,1.08
2021-07-16,6.93,7.05,7.14,6.88,446961,315617792.00,3.78,2.62,0.18,1.24
2021-07-19,7.06,6.79,7.15,6.75,517046,354702032.00,5.67,-3.69,-0.26,1.43
2021-07-20,6.73,6.54,6.75,6.41,442838,290137424.00,5.01,-3.68,-0.25,1.23
2021-07-21,6.57,6.53,6.75,6.46,306412,200976964.00,4.43,-0.15,-0.01,0.85"]}});
