jQuery112402823351815161831_1626521459839({"rc":0,"rt":17,"svr":181734975,"lt":1,"full":0,"data":{"code":"600651
market":1,"name":"飞乐音响
decimal":2,"dktotal":7301,"preKPrice":3.27,"klines":["2021-07-08,3.26,3.23,3.28,3.21,49934,16184416.00,2.14,-1.22,-0.04,0.51
2021-07-09,3.23,3.24,3.25,3.20,51688,16648799.00,1.55,0.31,0.01,0.52
2021-07-12,3.25,3.24,3.26,3.23,117087,37969207.00,0.93,0.00,0.00,1.19
2021-07-13,3.24,3.25,3.26,3.22,53352,17306248.00,1.23,0.31,0.01,0.54
2021-07-14,3.25,3.27,3.28,3.24,54092,17629204.00,1.23,0.62,0.02,0.55
2021-07-15,3.26,3.20,3.26,3.18,93622,29995759.00,2.45,-2.14,-0.07,0.95
2021-07-16,3.23,3.20,3.23,3.20,39069,12558479.00,0.94,0.00,0.00,0.40
2021-07-19,3.19,3.15,3.19,3.12,73498,23197235.00,2.19,-1.56,-0.05,0.75
2021-07-20,3.14,3.16,3.17,3.12,35190,11063126.00,1.59,0.32,0.01,0.36
2021-07-21,3.15,3.17,3.18,3.15,48681,15402758.00,0.95,0.32,0.01,0.49"]}});
