jQuery112402823351815161831_1626521459839({"rc":0,"rt":17,"svr":181669733,"lt":1,"full":0,"data":{"code":"002882
market":0,"name":"金龙羽
decimal":2,"dktotal":978,"preKPrice":8.7,"klines":["2021-07-08,8.70,8.65,8.71,8.63,7475,6473231.00,0.92,-0.57,-0.05,0.30
2021-07-09,8.65,8.70,8.70,8.58,6714,5794139.00,1.39,0.58,0.05,0.27
2021-07-12,8.70,8.74,8.76,8.68,6568,5733287.00,0.92,0.46,0.04,0.27
2021-07-13,8.74,8.72,8.74,8.68,7540,6563096.00,0.69,-0.23,-0.02,0.31
2021-07-14,8.78,8.91,9.03,8.78,29747,26458655.00,2.87,2.18,0.19,1.21
2021-07-15,8.87,8.90,8.93,8.79,13215,11694412.00,1.57,-0.11,-0.01,0.54
2021-07-16,8.89,9.10,9.18,8.88,35848,32435685.00,3.37,2.25,0.20,1.45
2021-07-19,9.10,9.03,9.33,9.03,39208,35932703.00,3.30,-0.77,-0.07,1.59
2021-07-20,8.94,9.09,9.09,8.91,15658,14097898.00,1.99,0.66,0.06,0.64
2021-07-21,9.09,9.08,9.14,9.03,16576,15034466.00,1.21,-0.11,-0.01,0.67"]}});
