jQuery112402823351815161831_1626521459839({"rc":0,"rt":17,"svr":182480524,"lt":1,"full":0,"data":{"code":"600168
market":1,"name":"武汉控股
decimal":2,"dktotal":5373,"preKPrice":6.6,"klines":["2021-07-08,6.60,6.54,6.64,6.54,15765,10382174.00,1.52,-0.91,-0.06,0.22
2021-07-09,6.53,6.60,6.61,6.51,14174,9305318.00,1.53,0.92,0.06,0.20
2021-07-12,6.60,6.67,6.68,6.60,26647,17742367.00,1.21,1.06,0.07,0.38
2021-07-13,6.65,6.69,6.71,6.62,23865,15937470.00,1.35,0.30,0.02,0.34
2021-07-14,6.69,6.65,6.70,6.62,17628,11729138.00,1.20,-0.60,-0.04,0.25
2021-07-15,6.65,6.63,6.66,6.59,15275,10106834.00,1.05,-0.30,-0.02,0.22
2021-07-16,6.60,6.63,6.66,6.60,12932,8579826.00,0.90,0.00,0.00,0.18
2021-07-19,6.61,6.56,6.63,6.54,19448,12777041.00,1.36,-1.06,-0.07,0.27
2021-07-20,6.54,6.51,6.54,6.46,23183,15041501.00,1.22,-0.76,-0.05,0.33
2021-07-21,6.55,6.58,6.59,6.52,21263,13957832.00,1.08,1.08,0.07,0.30"]}});
