jQuery112402823351815161831_1626521459839({"rc":0,"rt":17,"svr":181734975,"lt":1,"full":0,"data":{"code":"002494
market":0,"name":"华斯股份
decimal":2,"dktotal":2577,"preKPrice":3.76,"klines":["2021-07-08,3.74,3.70,3.77,3.68,46421,17239425.00,2.39,-1.60,-0.06,1.57
2021-07-09,3.67,3.74,3.75,3.66,31503,11672305.00,2.43,1.08,0.04,1.07
2021-07-12,3.74,3.75,3.81,3.74,44185,16667490.00,1.87,0.27,0.01,1.50
2021-07-13,3.75,3.78,3.78,3.73,30046,11292556.00,1.33,0.80,0.03,1.02
2021-07-14,3.78,3.73,3.78,3.72,28380,10613237.00,1.59,-1.32,-0.05,0.96
2021-07-15,3.77,3.68,3.78,3.63,42468,15695430.00,4.02,-1.34,-0.05,1.44
2021-07-16,3.67,3.65,3.73,3.64,29199,10723847.00,2.45,-0.82,-0.03,0.99
2021-07-19,3.65,3.63,3.66,3.58,37706,13604888.00,2.19,-0.55,-0.02,1.28
2021-07-20,3.60,3.70,3.70,3.60,30281,11043559.00,2.75,1.93,0.07,1.03
2021-07-21,3.70,3.72,3.75,3.69,35258,13123135.00,1.62,0.54,0.02,1.20"]}});
