jQuery112402823351815161831_1626521459839({"rc":0,"rt":17,"svr":181734975,"lt":1,"full":0,"data":{"code":"002557
market":0,"name":"洽洽食品
decimal":2,"dktotal":2484,"preKPrice":40.98,"klines":["2021-07-08,41.17,40.06,41.25,39.92,59289,238701660.00,3.25,-2.24,-0.92,1.17
2021-07-09,40.05,40.75,40.85,39.70,41379,166825061.00,2.87,1.72,0.69,0.82
2021-07-12,40.70,40.75,41.10,40.25,57152,232258542.00,2.09,0.00,0.00,1.13
2021-07-13,40.85,42.18,42.28,40.30,51923,216068678.00,4.86,3.51,1.43,1.02
2021-07-14,42.00,43.66,44.18,41.61,91762,398598448.00,6.09,3.51,1.48,1.81
2021-07-15,43.43,41.63,43.50,40.88,73796,308544000.00,6.00,-4.65,-2.03,1.46
2021-07-16,41.63,40.50,41.84,40.30,68868,280451744.00,3.70,-2.71,-1.13,1.36
2021-07-19,40.20,39.89,40.72,38.93,56016,222218628.00,4.42,-1.51,-0.61,1.10
2021-07-20,40.00,40.13,40.66,39.70,32038,128796308.00,2.41,0.60,0.24,0.63
2021-07-21,40.16,39.61,40.88,39.36,56676,226409241.00,3.79,-1.30,-0.52,1.12"]}});
