jQuery112402823351815161831_1626521459839({"rc":0,"rt":17,"svr":181734974,"lt":1,"full":0,"data":{"code":"002750
market":0,"name":"龙津药业
decimal":2,"dktotal":1540,"preKPrice":7.4,"klines":["2021-07-08,7.42,7.33,7.42,7.30,27027,19812320.00,1.62,-0.95,-0.07,0.68
2021-07-09,7.33,7.38,7.39,7.29,19312,14163185.00,1.36,0.68,0.05,0.49
2021-07-12,7.40,7.42,7.45,7.36,18255,13528627.00,1.22,0.54,0.04,0.46
2021-07-13,7.39,7.40,7.42,7.37,18211,13449163.00,0.67,-0.27,-0.02,0.46
2021-07-14,7.41,7.54,7.62,7.40,51073,38366077.00,2.97,1.89,0.14,1.28
2021-07-15,7.50,7.47,7.51,7.41,22200,16538159.00,1.33,-0.93,-0.07,0.56
2021-07-16,7.47,7.48,7.56,7.45,20893,15671148.00,1.47,0.13,0.01,0.52
2021-07-19,7.50,7.51,7.56,7.40,22225,16657276.00,2.14,0.40,0.03,0.56
2021-07-20,7.45,7.48,7.54,7.44,18692,14020210.00,1.33,-0.40,-0.03,0.47
2021-07-21,7.48,7.46,7.52,7.43,20376,15221458.00,1.20,-0.27,-0.02,0.51"]}});
