jQuery112402823351815161831_1626521459839({"rc":0,"rt":17,"svr":182481221,"lt":1,"full":0,"data":{"code":"600203
market":1,"name":"福日电子
decimal":2,"dktotal":4910,"preKPrice":9.67,"klines":["2021-07-08,9.69,9.43,9.83,9.32,111371,106519025.00,5.27,-2.48,-0.24,2.44
2021-07-09,9.44,9.51,9.61,9.16,94867,88913514.00,4.77,0.85,0.08,2.08
2021-07-12,9.51,9.82,10.16,9.46,174353,171804142.00,7.36,3.26,0.31,3.82
2021-07-13,9.71,9.88,10.05,9.61,104102,102351001.00,4.48,0.61,0.06,2.28
2021-07-14,9.88,9.67,9.97,9.64,79215,77144174.00,3.34,-2.13,-0.21,1.74
2021-07-15,9.75,9.65,9.77,9.30,59551,56663471.00,4.86,-0.21,-0.02,1.30
2021-07-16,9.61,9.45,9.65,9.39,72727,68939318.00,2.69,-2.07,-0.20,1.59
2021-07-19,9.55,9.17,9.58,9.00,103321,94703059.00,6.14,-2.96,-0.28,2.26
2021-07-20,9.08,9.27,9.39,9.05,63452,58780303.00,3.71,1.09,0.10,1.39
2021-07-21,9.27,9.27,9.37,9.20,49809,46240449.00,1.83,0.00,0.00,1.09"]}});
