2017-02-20,19.14,19.14,19.14,19.14,16,30624.00,0.00,10.00,1.74,0.01
2017-02-21,21.05,21.05,21.05,21.05,14,29385.00,0.00,9.98,1.91,0.01
2017-02-22,23.16,23.16,23.16,23.16,24,56417.00,0.00,10.02,2.11,0.01
2017-02-23,25.48,25.48,25.48,25.48,17,43316.00,0.00,10.02,2.32,0.01
2017-02-24,28.03,28.03,28.03,28.03,88,245318.00,0.00,10.01,2.55,0.04
2017-02-27,30.83,30.83,30.83,30.83,136,419164.00,0.00,9.99,2.80,0.06
2017-02-28,33.91,33.91,33.91,33.91,119,403393.00,0.00,9.99,3.08,0.05
2017-03-01,37.30,37.30,37.30,37.30,109,406570.00,0.00,10.00,3.39,0.05
2017-03-02,41.03,41.03,41.03,41.03,240,984802.00,0.00,10.00,3.73,0.11
2017-03-03,45.13,45.13,45.13,45.13,947,4273449.00,0.00,9.99,4.10,0.44
2017-03-06,49.64,49.64,49.64,49.64,1082,5370253.00,0.00,9.99,4.51,0.50
2017-03-07,54.60,54.60,54.60,54.60,917,5007147.00,0.00,9.99,4.96,0.42
2017-03-08,60.06,60.06,60.06,60.06,3023,18158900.00,0.00,10.00,5.46,1.40
2017-03-09,66.00,64.30,66.00,62.60,138278,892292480.00,5.66,7.06,4.24,63.82
2017-03-10,61.30,59.20,63.98,59.03,86941,530394832.00,7.70,-7.93,-5.10,40.13
2017-03-13,58.07,59.48,59.88,55.85,65599,379891920.00,6.81,0.47,0.28,30.28
2017-03-14,58.50,60.28,60.95,58.22,58843,353274816.00,4.59,1.34,0.80,27.16
2017-03-15,59.45,59.63,59.99,57.30,41501,245250336.00,4.46,-1.08,-0.65,19.15
2017-03-16,59.89,61.72,62.60,59.75,64895,398306256.00,4.78,3.50,2.09,29.95
2017-03-17,61.20,67.10,67.89,61.05,113993,756621232.00,11.08,8.72,5.38,52.61
2017-03-20,65.45,66.08,66.51,63.40,72518,471658000.00,4.63,-1.52,-1.02,33.47
2017-03-21,65.40,68.04,68.59,64.68,79682,531538192.00,5.92,2.97,1.96,36.78
2017-03-22,65.88,67.11,68.30,65.56,62189,416036816.00,4.03,-1.37,-0.93,28.70
2017-03-23,67.11,62.51,67.80,61.20,63836,410275792.00,9.83,-6.85,-4.60,29.46
2017-03-24,61.60,63.18,63.87,60.68,50324,314725216.00,5.10,1.07,0.67,23.23
2017-03-27,63.28,63.18,64.19,62.08,36624,230684154.00,3.34,0.00,0.00,16.90
2017-03-28,62.99,60.20,63.96,60.00,37301,230385559.00,6.27,-4.72,-2.98,17.22
2017-03-29,60.22,55.00,60.22,54.99,43431,247294269.00,8.69,-8.64,-5.20,20.05
2017-03-30,53.98,55.14,56.65,52.28,38805,209917418.00,7.95,0.25,0.14,17.91
2017-03-31,54.67,55.25,55.89,53.10,28057,153178430.00,5.06,0.20,0.11,12.95
2017-04-05,55.10,55.82,55.83,51.50,21960,119807106.00,7.84,1.03,0.57,10.14
2017-04-06,55.55,56.06,57.22,55.02,23242,130752096.00,3.94,0.43,0.24,10.73
2017-04-07,55.53,55.38,56.45,54.33,19565,108638937.00,3.78,-1.21,-0.68,9.03
2017-04-10,55.00,53.30,55.00,52.10,25113,134105416.00,5.24,-3.76,-2.08,11.59
2017-04-11,53.00,53.54,53.98,51.81,16924,89872172.00,4.07,0.45,0.24,7.81
2017-04-12,53.54,49.00,53.54,49.00,16085,83070797.00,8.48,-8.48,-4.54,7.42
2017-04-13,49.50,49.59,49.96,48.55,17521,86419808.00,2.88,1.20,0.59,8.09
2017-04-14,49.38,50.00,51.43,49.03,16028,80565556.00,4.84,0.83,0.41,7.40
2017-04-17,47.58,47.98,48.80,45.00,25688,118075770.00,7.60,-4.04,-2.02,11.86
2017-04-18,46.78,48.20,48.50,46.27,13163,62404520.00,4.65,0.46,0.22,6.08
2017-04-19,47.30,49.88,49.88,47.30,11990,58203686.00,5.35,3.49,1.68,5.53
2017-04-20,49.17,51.01,51.01,48.56,13700,68479642.00,4.91,2.27,1.13,6.32
2017-04-21,50.78,51.98,52.30,50.50,10782,55357464.00,3.53,1.90,0.97,4.98
2017-04-24,51.60,51.20,52.17,49.84,8661,44241350.00,4.48,-1.50,-0.78,4.00
2017-04-25,50.81,47.96,51.35,47.95,12257,60144251.00,6.64,-6.33,-3.24,5.66
2017-04-26,47.66,48.40,48.40,46.08,11290,53332780.00,4.84,0.92,0.44,5.21
2017-04-27,48.00,49.00,49.37,46.61,13824,66828534.00,5.70,1.24,0.60,6.38
2017-04-28,48.28,49.31,49.49,48.28,9241,45119088.00,2.47,0.63,0.31,4.27
2017-05-02,49.26,44.38,49.49,44.38,21422,99324689.00,10.36,-10.00,-4.93,9.89
2017-05-03,40.20,41.81,43.88,40.18,43986,180583475.00,8.34,-5.79,-2.57,20.30
2017-05-04,40.87,41.40,41.90,40.41,33671,139696803.00,3.56,-0.98,-0.41,15.54
2017-05-05,41.48,40.90,41.74,40.00,23763,97985957.00,4.20,-1.21,-0.50,10.97
2017-05-08,40.35,38.00,40.44,37.88,14075,55415926.00,6.26,-7.09,-2.90,6.50
2017-05-09,38.07,38.50,39.12,37.52,14873,56880894.00,4.21,1.32,0.50,6.86
2017-05-10,38.69,37.03,39.28,37.03,13133,50484177.00,5.84,-3.82,-1.47,6.06
2017-05-11,36.82,37.27,37.77,35.40,17612,64300813.00,6.40,0.65,0.24,8.13
2017-05-12,37.30,37.31,38.24,36.76,13233,49608463.00,3.97,0.11,0.04,6.11
2017-05-15,37.22,37.77,37.98,37.18,11084,41698470.00,2.14,1.23,0.46,5.12
2017-05-16,37.20,40.38,41.28,37.20,28096,109064512.00,10.80,6.91,2.61,12.97
2017-05-17,39.99,39.50,40.53,39.40,17971,71935280.00,2.80,-2.18,-0.88,8.29
2017-05-18,39.26,39.76,40.50,38.95,12876,51348804.00,3.92,0.66,0.26,5.94
2017-05-19,39.26,38.01,39.96,38.00,12029,46772116.00,4.93,-4.40,-1.75,5.55
2017-05-22,37.90,37.23,38.97,37.00,13458,51248017.00,5.18,-2.05,-0.78,6.21
2017-05-23,37.05,36.69,37.58,35.06,23372,85906700.00,6.77,-1.45,-0.54,10.79
2017-05-24,36.05,36.78,37.10,35.81,11671,42741013.00,3.52,0.25,0.09,5.39
2017-05-25,36.90,37.59,38.27,35.60,24150,88823473.00,7.26,2.20,0.81,11.15
2017-05-26,38.00,37.42,38.21,36.78,13895,51925062.00,3.80,-0.45,-0.17,6.41
2017-05-31,38.36,38.19,39.20,38.08,19336,74754246.00,2.99,2.06,0.77,8.92
2017-06-01,37.50,37.10,37.84,35.80,13356,49327593.00,5.34,-2.85,-1.09,6.16
2017-06-02,36.15,37.70,37.97,36.00,14598,53996048.00,5.31,1.62,0.60,6.74
2017-06-05,38.36,38.53,38.94,38.07,24769,95482283.00,2.31,2.20,0.83,11.43
2017-06-06,38.38,38.01,38.47,37.57,15348,58244222.00,2.34,-1.35,-0.52,7.08
2017-06-07,38.20,40.21,41.77,38.10,42994,171462991.00,9.66,5.79,2.20,19.84
2017-06-08,40.09,41.55,42.10,39.91,63882,260371956.00,5.45,3.33,1.34,29.48
2017-06-09,41.05,40.02,42.34,39.98,49532,202404503.00,5.68,-3.68,-1.53,22.86
2017-06-12,39.70,37.99,39.78,37.60,24898,96424252.00,5.45,-5.07,-2.03,11.49
2017-06-13,37.31,38.72,39.07,37.31,15151,58421965.00,4.63,1.92,0.73,6.99
2017-06-14,38.70,39.12,39.20,38.07,14225,54971310.00,2.92,1.03,0.40,6.57
2017-06-15,39.30,40.24,41.00,38.91,38609,155455252.00,5.34,2.86,1.12,17.82
2017-06-16,39.84,39.62,40.83,39.61,21778,87367855.00,3.03,-1.54,-0.62,10.05
2017-06-19,39.35,39.90,40.20,39.18,9944,39392597.00,2.57,0.71,0.28,4.59
2017-06-20,40.05,39.98,40.96,39.92,18787,75989088.00,2.61,0.20,0.08,8.67
2017-06-21,39.84,42.18,42.88,39.81,68616,284052192.00,7.68,5.50,2.20,31.67
2017-06-22,41.68,40.15,42.13,39.10,35411,146374526.00,7.18,-4.81,-2.03,16.34
2017-06-23,39.70,40.61,40.79,39.29,17750,71329288.00,3.74,1.15,0.46,8.19
2017-06-26,40.53,40.79,40.96,40.00,18522,75103172.00,2.36,0.44,0.18,8.55
2017-06-27,40.70,41.46,41.96,40.13,32547,133868036.00,4.49,1.64,0.67,15.02
2017-06-28,41.06,41.90,42.68,41.05,43817,183500650.00,3.93,1.06,0.44,20.22
2017-06-29,41.45,42.84,44.18,41.06,62021,263709721.00,7.45,2.24,0.94,28.63
2017-06-30,42.40,42.70,43.97,42.02,54055,233089477.00,4.55,-0.33,-0.14,24.95
2017-07-03,42.35,41.84,42.80,41.45,32135,135066606.00,3.16,-2.01,-0.86,14.83
2017-07-04,41.70,41.47,42.10,41.07,20377,84605949.00,2.46,-0.88,-0.37,9.40
2017-07-05,41.50,41.75,41.96,41.33,15044,62786922.00,1.52,0.68,0.28,6.94
2017-07-06,41.80,41.30,42.36,41.30,22444,93832402.00,2.54,-1.08,-0.45,10.36
2017-07-07,41.21,42.53,42.97,41.21,36876,155877720.00,4.26,2.98,1.23,17.02
2017-07-10,42.00,41.00,42.48,40.50,22731,94830753.00,4.66,-3.60,-1.53,10.49
2017-07-11,40.50,40.03,41.97,39.90,15262,62271723.00,5.05,-2.37,-0.97,7.04
2017-07-12,40.20,39.30,40.45,37.60,18106,70969477.00,7.12,-1.82,-0.73,8.36
2017-07-13,39.13,39.47,39.80,38.58,11520,45172764.00,3.10,0.43,0.17,5.32
2017-07-14,39.47,39.36,39.78,38.18,7511,29610147.00,4.05,-0.28,-0.11,3.47
2017-07-17,39.19,35.65,39.70,35.42,25396,95950378.00,10.87,-9.43,-3.71,11.72
2017-07-18,36.01,37.04,37.46,36.00,29071,107015350.00,4.10,3.90,1.39,13.42
2017-07-19,37.21,37.04,37.85,36.33,33347,123922029.00,4.10,0.00,0.00,15.39
2017-07-20,37.00,38.40,38.60,36.66,40845,154893926.00,5.24,3.67,1.36,18.85
2017-07-21,38.06,39.50,39.99,37.64,44756,173618145.00,6.12,2.86,1.10,20.66
2017-07-24,39.10,40.25,40.68,38.33,46575,183289548.00,5.95,1.90,0.75,21.50
2017-07-25,39.97,37.66,40.59,37.65,39577,156521871.00,7.30,-6.43,-2.59,18.27
2017-07-26,37.13,37.57,38.46,37.13,20841,78894219.00,3.53,-0.24,-0.09,9.62
2017-07-27,37.18,38.18,38.49,37.13,11600,44019992.00,3.62,1.62,0.61,5.35
2017-07-28,38.19,36.51,38.44,36.41,14166,52780303.00,5.32,-4.37,-1.67,6.54
2017-07-31,36.07,36.18,36.80,36.07,8963,32593202.00,2.00,-0.90,-0.33,4.14
2017-08-01,36.05,36.24,36.57,35.69,9534,34351239.00,2.43,0.17,0.06,4.40
2017-08-02,36.40,36.41,36.98,36.12,12280,45042497.00,2.37,0.47,0.17,5.67
2017-08-03,36.67,38.99,39.94,35.70,43604,165865183.00,11.65,7.09,2.58,20.13
2017-08-04,38.49,38.14,41.05,38.12,55704,219529761.00,7.51,-2.18,-0.85,25.71
2017-08-07,38.14,38.95,39.25,37.40,34313,132097498.00,4.85,2.12,0.81,15.84
2017-08-08,38.55,38.18,38.90,38.09,14375,55208935.00,2.08,-1.98,-0.77,6.63
2017-08-09,38.00,37.93,38.49,37.50,17755,67439283.00,2.59,-0.65,-0.25,8.19
2017-08-10,37.85,38.45,38.60,37.10,17529,66381051.00,3.95,1.37,0.52,8.09
2017-08-11,37.91,39.45,40.10,37.73,34558,134600774.00,6.16,2.60,1.00,15.95
2017-08-14,39.00,39.70,40.50,38.84,30044,119405580.00,4.21,0.63,0.25,13.87
2017-08-15,39.80,40.00,40.69,39.20,30645,122231920.00,3.75,0.76,0.30,14.14
2017-08-16,39.71,39.30,41.24,39.06,42523,169112251.00,5.45,-1.75,-0.70,19.63
2017-08-17,39.05,38.51,39.86,38.33,28484,110188744.00,3.89,-2.01,-0.79,13.15
2017-08-18,38.12,37.28,38.30,37.28,19515,73429982.00,2.65,-3.19,-1.23,9.01
2017-08-21,36.98,37.53,37.75,36.90,10184,38166018.00,2.28,0.67,0.25,4.70
2017-08-22,37.59,37.33,37.79,37.13,9379,35073197.00,1.76,-0.53,-0.20,4.33
2017-08-23,37.33,37.45,37.59,36.85,9267,34529220.00,1.98,0.32,0.12,4.28
2017-08-24,37.44,36.50,37.45,36.50,11080,40925393.00,2.54,-2.54,-0.95,5.11
2017-08-25,36.50,37.18,37.33,36.42,8680,32101865.00,2.49,1.86,0.68,4.01
2017-08-28,37.20,38.12,38.37,37.20,16762,63556088.00,3.15,2.53,0.94,7.74
2017-08-29,38.15,38.12,38.80,37.65,20016,76453307.00,3.02,0.00,0.00,9.24
2017-08-30,37.86,37.28,38.02,37.21,12786,48093361.00,2.12,-2.20,-0.84,5.90
2017-08-31,37.27,38.64,38.67,37.27,21749,83233237.00,3.76,3.65,1.36,10.04
2017-09-01,38.91,38.46,39.15,38.28,17790,68638185.00,2.25,-0.47,-0.18,8.21
2017-09-04,38.44,37.99,38.68,37.70,14530,55555008.00,2.55,-1.22,-0.47,6.71
2017-09-05,38.14,38.55,38.55,37.78,11524,43973901.00,2.03,1.47,0.56,5.32
2017-09-06,38.47,37.95,38.48,37.80,10533,40085159.00,1.76,-1.56,-0.60,4.86
2017-09-07,37.90,38.83,39.40,37.85,26156,101422970.00,4.08,2.32,0.88,12.07
2017-09-08,38.60,37.93,38.88,37.60,18318,70030274.00,3.30,-2.32,-0.90,8.45
2017-09-11,37.93,38.42,38.55,37.56,13116,49897735.00,2.61,1.29,0.49,6.05
2017-09-12,39.00,38.41,39.89,38.32,26850,104846823.00,4.09,-0.03,-0.01,12.39
2017-09-13,37.81,37.77,38.19,37.22,15411,58056620.00,2.53,-1.67,-0.64,7.11
2017-09-14,37.77,37.47,38.00,37.41,7453,28088992.00,1.56,-0.79,-0.30,3.44
2017-09-15,37.48,37.69,37.81,37.31,7121,26776445.00,1.33,0.59,0.22,3.29
2017-09-18,37.65,37.26,37.77,36.75,8823,32790921.00,2.71,-1.14,-0.43,4.07
2017-09-19,37.10,37.22,37.50,37.10,6044,22508425.00,1.07,-0.11,-0.04,2.79
2017-09-20,37.05,37.42,37.55,36.83,7325,27235959.00,1.93,0.54,0.20,3.38
2017-09-21,37.42,37.02,37.68,36.98,7063,26401352.00,1.87,-1.07,-0.40,3.26
2017-09-22,36.95,37.58,38.05,36.95,13295,50048407.00,2.97,1.51,0.56,6.14
2017-09-25,37.30,37.55,38.25,37.29,9413,35527431.00,2.55,-0.08,-0.03,4.34
2017-09-26,38.00,40.70,41.31,37.88,74922,302586160.00,9.13,8.39,3.15,34.58
2017-09-27,38.89,40.53,40.65,38.89,51376,203725321.00,4.32,-0.42,-0.17,23.71
2017-09-28,40.00,39.61,40.21,39.33,26880,107024521.00,2.17,-2.27,-0.92,12.41
2017-09-29,40.00,39.96,40.49,39.61,24164,96624758.00,2.22,0.88,0.35,11.15
2017-10-09,40.60,39.86,40.99,39.10,18066,72051778.00,4.73,-0.25,-0.10,8.34
2017-10-10,39.70,40.14,40.49,39.25,19828,79258623.00,3.11,0.70,0.28,9.15
2017-10-11,40.17,39.50,40.17,39.50,15087,59997060.00,1.67,-1.59,-0.64,6.96
2017-10-12,39.56,39.92,39.98,39.37,12413,49289993.00,1.54,1.06,0.42,5.73
2017-10-13,40.38,39.35,40.38,39.32,14405,57137347.00,2.66,-1.43,-0.57,6.65
2017-10-16,39.25,37.20,39.71,37.00,21461,82153781.00,6.89,-5.46,-2.15,9.90
2017-10-17,37.10,39.93,40.92,37.10,54147,216406839.00,10.27,7.34,2.73,24.99
2017-10-18,40.18,38.00,40.18,38.00,31658,123402976.00,5.46,-4.83,-1.93,14.61
2017-10-19,37.64,37.84,39.18,37.46,16385,62641387.00,4.53,-0.42,-0.16,7.56
2017-10-20,38.54,38.18,38.78,37.88,10448,39988097.00,2.38,0.90,0.34,4.82
2017-10-23,37.50,37.90,38.16,37.50,11212,42415761.00,1.73,-0.73,-0.28,5.17
2017-10-24,37.94,37.89,38.20,37.37,11578,43738850.00,2.19,-0.03,-0.01,5.34
2017-10-25,37.90,38.60,38.74,37.50,17177,65850977.00,3.27,1.87,0.71,7.93
2017-10-26,38.55,38.98,39.20,38.35,15147,58787463.00,2.20,0.98,0.38,6.99
2017-10-27,38.98,38.20,39.28,38.20,11098,42789687.00,2.77,-2.00,-0.78,5.12
2017-10-30,38.02,36.90,38.24,36.71,13760,51248710.00,4.01,-3.40,-1.30,6.35
2017-10-31,37.18,37.38,37.47,37.15,6411,23927879.00,0.87,1.30,0.48,2.96
2017-11-01,37.20,37.55,37.75,37.20,6578,24676956.00,1.47,0.45,0.17,3.04
2017-11-02,37.55,36.93,37.70,36.80,9296,34376304.00,2.40,-1.65,-0.62,4.29
2017-11-03,37.00,37.07,37.15,36.79,5499,20323225.00,0.97,0.38,0.14,2.54
2017-11-06,37.44,37.55,37.58,36.91,6032,22471210.00,1.81,1.29,0.48,2.78
2017-11-07,37.72,37.89,38.18,37.59,11000,41666926.00,1.57,0.91,0.34,5.08
2017-11-08,37.90,37.60,38.23,37.40,11710,44331231.00,2.19,-0.77,-0.29,5.40
2017-11-09,37.58,37.73,37.95,37.38,6385,24041241.00,1.52,0.35,0.13,2.95
2017-11-10,37.69,38.39,38.50,37.57,14200,54039677.00,2.46,1.75,0.66,6.55
2017-11-13,38.41,38.17,38.49,38.02,10551,40335499.00,1.22,-0.57,-0.22,4.87
2017-11-14,38.78,37.20,38.78,37.14,12015,45462835.00,4.30,-2.54,-0.97,5.55
2017-11-15,37.00,36.30,37.35,36.10,11478,42045717.00,3.36,-2.42,-0.90,5.30
2017-11-16,36.40,35.80,36.66,35.72,8002,28853706.00,2.59,-1.38,-0.50,3.69
2017-11-17,35.76,32.44,36.04,32.22,17938,60289088.00,10.67,-9.39,-3.36,8.28
2017-11-20,32.30,31.83,32.30,30.65,7760,24390133.00,5.09,-1.88,-0.61,3.58
2017-11-21,31.57,31.13,32.09,30.50,7009,21926187.00,5.00,-2.20,-0.70,3.23
2017-11-22,31.01,31.10,31.74,30.62,4766,14872308.00,3.60,-0.10,-0.03,2.20
2017-11-23,30.82,30.17,31.50,30.17,6231,19242283.00,4.28,-2.99,-0.93,2.88
2017-11-24,30.27,30.12,30.47,29.90,4801,14487000.00,1.89,-0.17,-0.05,2.22
2017-11-27,30.15,30.16,30.78,30.15,4600,14009388.00,2.09,0.13,0.04,2.12
2017-11-28,30.39,30.80,30.90,30.26,4745,14564244.00,2.12,2.12,0.64,2.19
2017-11-29,30.90,30.54,31.19,30.03,3715,11385128.00,3.77,-0.84,-0.26,1.71
2017-11-30,30.64,30.64,31.13,30.48,3026,9303833.00,2.13,0.33,0.10,1.40
2017-12-01,30.75,30.99,31.08,30.54,3837,11851998.00,1.76,1.14,0.35,1.77
2017-12-04,30.85,28.57,31.06,28.52,9442,27878076.00,8.20,-7.81,-2.42,4.36
2017-12-05,28.57,28.00,29.01,26.99,11110,30871473.00,7.07,-2.00,-0.57,5.13
2017-12-06,27.89,28.38,28.50,27.20,6093,16961609.00,4.64,1.36,0.38,2.81
2017-12-07,28.41,28.11,28.41,27.87,4236,11912871.00,1.90,-0.95,-0.27,1.96
2017-12-08,27.95,28.51,28.80,27.95,4568,13015930.00,3.02,1.42,0.40,2.11
2017-12-11,28.74,29.02,29.07,28.54,4788,13830528.00,1.86,1.79,0.51,2.21
2017-12-12,29.02,28.34,29.02,28.03,4122,11757529.00,3.41,-2.34,-0.68,1.90
2017-12-13,28.10,28.71,28.80,28.10,3044,8672295.00,2.47,1.31,0.37,1.40
2017-12-14,28.51,28.70,28.87,28.46,2723,7806581.00,1.43,-0.03,-0.01,1.26
2017-12-15,28.80,28.52,28.91,28.30,3233,9236403.00,2.13,-0.63,-0.18,1.49
2017-12-18,29.48,29.80,31.37,28.45,16004,48384507.00,10.24,4.49,1.28,7.39
2017-12-19,29.94,29.39,29.94,29.25,8033,23673835.00,2.32,-1.38,-0.41,3.71
2017-12-20,29.08,28.33,29.39,28.33,6222,17926257.00,3.61,-3.61,-1.06,2.87
2017-12-21,28.31,27.95,28.48,27.10,6160,17228317.00,4.87,-1.34,-0.38,2.84
2017-12-22,27.78,28.10,28.45,27.78,3815,10747046.00,2.40,0.54,0.15,1.76
2017-12-25,28.35,27.58,28.35,27.31,4083,11331879.00,3.70,-1.85,-0.52,1.88
2017-12-26,27.61,28.58,28.62,27.60,6896,19501188.00,3.70,3.63,1.00,3.18
2017-12-27,28.44,28.27,28.89,28.20,5303,15106458.00,2.41,-1.08,-0.31,2.45
2017-12-28,28.03,28.56,28.80,28.03,5591,15975714.00,2.72,1.03,0.29,2.58
2017-12-29,28.74,28.59,28.83,28.34,4121,11751239.00,1.72,0.11,0.03,1.90
2018-01-02,28.65,28.71,28.79,28.43,4405,12621671.00,1.26,0.42,0.12,2.03
2018-01-03,28.72,28.70,28.93,28.50,5353,15352172.00,1.50,-0.03,-0.01,2.47
2018-01-04,28.77,28.46,28.77,28.39,4503,12833879.00,1.32,-0.84,-0.24,2.08
2018-01-05,28.69,28.50,28.69,28.33,3460,9858736.00,1.26,0.14,0.04,1.60
2018-01-08,28.52,28.38,28.54,27.92,6469,18261570.00,2.18,-0.42,-0.12,2.99
2018-01-09,28.39,28.94,30.94,28.21,12724,37219950.00,9.62,1.97,0.56,5.87
2018-01-10,28.85,28.20,28.86,27.54,8786,24710394.00,4.56,-2.56,-0.74,4.05
2018-01-11,27.91,28.77,30.46,27.91,8550,24519992.00,9.04,2.02,0.57,3.95
2018-01-12,28.77,28.30,28.77,28.20,5076,14399498.00,1.98,-1.63,-0.47,2.34
2018-01-15,28.54,27.37,28.54,27.35,6312,17482272.00,4.20,-3.29,-0.93,2.91
2018-01-16,27.37,27.59,27.90,27.26,3954,10917244.00,2.34,0.80,0.22,1.82
2018-01-17,27.60,28.15,28.47,27.52,6086,17037255.00,3.44,2.03,0.56,2.81
2018-01-18,28.40,28.12,28.40,28.06,4147,11682130.00,1.21,-0.11,-0.03,1.91
2018-01-19,28.26,27.93,28.50,27.90,5159,14527046.00,2.13,-0.68,-0.19,2.38
2018-01-22,27.96,27.90,27.98,27.29,4924,13628739.00,2.47,-0.11,-0.03,2.27
2018-01-23,27.88,28.22,28.22,27.82,4007,11235162.00,1.43,1.15,0.32,1.85
2018-01-24,28.30,28.44,28.51,27.95,6288,17808917.00,1.98,0.78,0.22,2.90
2018-01-25,28.41,28.40,28.79,28.14,6578,18698677.00,2.29,-0.14,-0.04,3.04
2018-01-26,28.26,27.85,28.48,27.83,4534,12742984.00,2.29,-1.94,-0.55,2.09
2018-01-29,27.79,27.39,28.23,27.31,5167,14259887.00,3.30,-1.65,-0.46,2.38
2018-01-30,27.60,27.37,27.60,27.23,2162,5912571.00,1.35,-0.07,-0.02,1.00
2018-01-31,27.35,25.32,27.36,25.05,8182,21270573.00,8.44,-7.49,-2.05,3.78
2018-02-01,25.32,23.07,25.65,22.79,11423,27018509.00,11.30,-8.89,-2.25,5.27
2018-02-02,22.84,22.20,22.84,21.00,5543,12276353.00,7.98,-3.77,-0.87,2.56
2018-02-05,21.85,22.36,22.36,21.14,3153,6915932.00,5.50,0.72,0.16,1.46
2018-02-06,21.89,21.55,23.68,21.50,5567,12181651.00,9.75,-3.62,-0.81,2.57
2018-02-07,22.10,21.93,22.49,21.10,3823,8391188.00,6.45,1.76,0.38,1.76
2018-02-08,21.61,23.06,24.12,21.61,10120,23598204.00,11.45,5.15,1.13,4.67
2018-02-09,22.47,22.10,22.90,22.00,5272,11762037.00,3.90,-4.16,-0.96,2.43
2018-02-12,22.16,22.60,23.00,22.12,3318,7512841.00,3.98,2.26,0.50,1.53
2018-02-13,22.62,22.17,22.80,22.15,2738,6157184.00,2.88,-1.90,-0.43,1.26
2018-02-14,22.18,21.73,22.39,21.61,2577,5658411.00,3.52,-1.98,-0.44,1.19
2018-02-22,21.81,22.25,22.35,21.81,3254,7181018.00,2.49,2.39,0.52,0.85
2018-02-23,22.15,22.32,22.36,22.02,2437,5402075.00,1.53,0.31,0.07,0.64
2018-02-26,22.34,23.20,23.23,22.34,6329,14552777.00,3.99,3.94,0.88,1.65
2018-02-27,22.99,23.42,23.59,22.95,5358,12514626.00,2.76,0.95,0.22,1.40
2018-02-28,23.28,23.04,23.29,22.60,3776,8702414.00,2.95,-1.62,-0.38,0.99
2018-03-01,23.07,24.57,24.96,22.99,15737,38480566.00,8.55,6.64,1.53,4.11
2018-03-02,24.24,24.30,24.59,24.24,6360,15521003.00,1.42,-1.10,-0.27,1.66
2018-03-05,24.68,24.32,24.68,24.05,4243,10298749.00,2.59,0.08,0.02,1.11
2018-03-06,24.31,24.35,24.63,24.20,4222,10295571.00,1.77,0.12,0.03,1.10
2018-03-07,24.49,24.00,24.49,23.96,4287,10388632.00,2.18,-1.44,-0.35,1.12
2018-03-08,23.80,24.62,24.77,23.80,7168,17531163.00,4.04,2.58,0.62,1.87
2018-03-09,24.52,25.34,25.47,24.52,12042,30170020.00,3.86,2.92,0.72,3.14
2018-03-12,26.00,25.74,26.44,25.61,20927,54496209.00,3.28,1.58,0.40,5.46
2018-03-13,25.60,25.19,26.13,25.12,10429,26782716.00,3.92,-2.14,-0.55,2.72
2018-03-14,25.18,24.81,25.33,24.68,8245,20663530.00,2.58,-1.51,-0.38,2.15
2018-03-15,24.81,23.99,24.81,23.62,9800,23632818.00,4.80,-3.31,-0.82,2.56
2018-03-16,24.15,24.04,24.40,23.99,2816,6816679.00,1.71,0.21,0.05,0.73
2018-03-19,23.93,24.38,24.55,23.93,4878,11865296.00,2.58,1.41,0.34,1.27
2018-03-20,24.15,24.56,24.59,23.90,5636,13662702.00,2.83,0.74,0.18,1.47
2018-03-21,24.53,24.70,25.70,24.53,11448,28741977.00,4.76,0.57,0.14,2.99
2018-03-22,24.60,25.08,25.80,24.46,10348,26100576.00,5.43,1.54,0.38,2.70
2018-03-23,23.85,23.00,24.44,22.81,10868,25696703.00,6.50,-8.29,-2.08,2.84
2018-03-26,22.35,23.30,23.44,21.70,5571,12574343.00,7.57,1.30,0.30,1.45
2018-03-27,23.46,24.00,24.26,23.40,6525,15641552.00,3.69,3.00,0.70,1.70
2018-03-28,23.75,24.31,24.92,23.61,12810,31407557.00,5.46,1.29,0.31,3.34
2018-03-29,24.63,25.37,26.70,24.63,17394,44063906.00,8.52,4.36,1.06,4.54
2018-03-30,25.20,26.10,26.28,25.11,21856,56357399.00,4.61,2.88,0.73,5.70
2018-04-02,26.66,26.57,27.60,26.29,26441,70852292.00,5.02,1.80,0.47,6.90
2018-04-03,26.02,27.13,27.86,25.85,27250,73518187.00,7.56,2.11,0.56,7.11
2018-04-04,27.00,26.62,27.68,26.52,21034,57201942.00,4.28,-1.88,-0.51,5.49
2018-04-09,26.24,27.20,27.30,26.06,14359,38550273.00,4.66,2.18,0.58,3.75
2018-04-10,27.22,27.02,27.59,26.31,14190,38128683.00,4.71,-0.66,-0.18,3.70
2018-04-11,27.48,27.74,28.12,26.85,19389,53479529.00,4.70,2.66,0.72,5.06
2018-04-12,27.50,27.73,28.49,27.50,18206,51022015.00,3.57,-0.04,-0.01,4.75
2018-04-13,27.76,27.85,28.45,27.65,12858,36031207.00,2.88,0.43,0.12,3.36
2018-04-16,27.62,27.00,28.30,26.68,15883,43130210.00,5.82,-3.05,-0.85,4.14
2018-04-17,27.29,26.13,27.58,26.09,12929,34676201.00,5.52,-3.22,-0.87,3.37
2018-04-18,26.35,26.71,27.10,25.40,12067,31662185.00,6.51,2.22,0.58,3.15
2018-04-19,26.70,26.18,27.00,26.12,9691,25845874.00,3.29,-1.98,-0.53,2.53
2018-04-20,25.99,25.90,26.59,25.86,7623,19944820.00,2.79,-1.07,-0.28,1.99
2018-04-23,26.00,26.25,26.56,25.68,7469,19570654.00,3.40,1.35,0.35,1.95
2018-04-24,26.30,28.12,28.25,26.30,20019,55103992.00,7.43,7.12,1.87,5.22
2018-04-25,27.95,27.62,27.95,27.22,20269,55855162.00,2.60,-1.78,-0.50,5.29
2018-04-26,27.70,26.46,27.70,26.46,12418,33643301.00,4.49,-4.20,-1.16,3.24
2018-04-27,26.76,26.14,26.77,26.08,8445,22356814.00,2.61,-1.21,-0.32,2.20
2018-05-02,26.25,25.71,26.42,25.47,8510,21997573.00,3.63,-1.64,-0.43,2.22
2018-05-03,25.56,26.30,26.38,25.35,8440,21977695.00,4.01,2.29,0.59,2.20
2018-05-04,26.07,27.03,27.50,26.07,11933,32063251.00,5.44,2.78,0.73,3.11
2018-05-07,26.98,29.73,29.73,26.98,28062,81763424.00,10.17,9.99,2.70,7.32
2018-05-08,31.45,32.70,32.70,30.65,90446,288371136.00,6.90,9.99,2.97,23.60
2018-05-09,31.88,35.97,35.97,31.80,58280,200770993.00,12.75,10.00,3.27,15.21
2018-05-10,34.33,34.98,37.00,33.88,96156,336318336.00,8.67,-2.75,-0.99,25.09
2018-05-11,34.70,34.84,34.90,32.70,70997,241524461.00,6.29,-0.40,-0.14,18.53
2018-05-14,33.65,33.31,34.43,32.70,45661,153826680.00,4.97,-4.39,-1.53,11.91
2018-05-15,33.39,34.27,34.33,33.31,42437,143762051.00,3.06,2.88,0.96,11.07
2018-05-16,33.54,33.70,34.10,32.81,33294,111239576.00,3.76,-1.66,-0.57,8.69
2018-05-17,33.15,32.20,33.55,31.33,42924,138239242.00,6.59,-4.45,-1.50,11.20
2018-05-18,31.98,31.79,32.30,31.13,24716,78352723.00,3.63,-1.27,-0.41,6.45
2018-05-21,31.33,32.10,32.55,31.25,26297,83908146.00,4.09,0.98,0.31,6.86
2018-05-22,31.86,32.58,32.80,31.58,29791,96207011.00,3.80,1.50,0.48,7.77
2018-05-23,32.70,31.57,32.71,31.50,20763,66503639.00,3.71,-3.10,-1.01,5.42
2018-05-24,31.56,32.00,32.61,31.20,23134,74357911.00,4.47,1.36,0.43,6.04
2018-05-25,31.74,33.16,33.51,31.65,33208,108677583.00,5.81,3.63,1.16,8.66
2018-05-28,33.00,32.25,33.09,32.02,19582,63487945.00,3.23,-2.74,-0.91,5.11
2018-05-29,32.02,30.53,32.30,30.02,24329,75210934.00,7.07,-5.33,-1.72,6.35
2018-05-30,30.02,27.89,30.03,27.80,19136,54579950.00,7.30,-8.65,-2.64,4.99
2018-05-31,28.26,28.79,28.85,28.00,11252,31983530.00,3.05,3.23,0.90,2.94
2018-06-01,28.89,28.40,29.16,28.06,11403,32754480.00,3.82,-1.35,-0.39,2.98
2018-06-04,28.89,29.36,29.50,28.65,12400,36041812.00,2.99,3.38,0.96,3.24
2018-06-05,29.53,30.10,30.34,29.16,18974,56901716.00,4.02,2.52,0.74,4.95
2018-06-06,30.27,31.44,31.45,29.55,22400,69144220.00,6.31,4.45,1.34,5.84
2018-06-07,31.60,30.44,32.70,30.35,27434,86981301.00,7.47,-3.18,-1.00,7.16
2018-06-08,29.97,32.20,32.20,29.13,32227,100731639.00,10.09,5.78,1.76,8.41
2018-06-11,21.00,21.37,21.47,20.67,32127,68107977.00,2.48,-33.63,-10.83,5.59
2018-06-12,21.48,20.14,21.57,19.23,51095,101519036.00,10.95,-5.76,-1.23,8.89
2018-06-13,19.78,19.25,20.94,19.21,36420,72717830.00,8.59,-4.42,-0.89,6.34
2018-06-14,18.60,18.90,19.32,18.10,25726,48393601.00,6.34,-1.82,-0.35,4.48
2018-06-15,19.34,17.47,19.38,17.11,23577,42743847.00,12.01,-7.57,-1.43,4.10
2018-06-19,16.89,15.72,16.94,15.72,22655,36547968.00,6.98,-10.02,-1.75,3.94
2018-06-20,15.78,15.97,16.45,15.40,21286,33874877.00,6.68,1.59,0.25,3.70
2018-06-21,16.00,15.68,16.50,15.06,18969,30036364.00,9.02,-1.82,-0.29,3.30
2018-06-22,15.60,16.04,16.13,15.22,17317,27425906.00,5.80,2.30,0.36,3.01
2018-06-25,16.05,17.64,17.64,15.85,61017,105406312.00,11.16,9.98,1.60,10.61
2018-06-26,17.00,17.49,17.74,16.78,50801,87654249.00,5.44,-0.85,-0.15,8.84
2018-06-27,17.35,17.09,17.49,16.97,29519,50683416.00,2.97,-2.29,-0.40,5.13
2018-06-28,16.81,16.30,17.27,16.23,24659,41372724.00,6.09,-4.62,-0.79,4.29
2018-06-29,16.47,17.12,17.15,16.38,26065,44106641.00,4.72,5.03,0.82,4.53
2018-07-02,16.93,17.30,17.90,16.80,39716,68914700.00,6.43,1.05,0.18,6.91
2018-07-03,17.04,17.55,17.73,17.03,29698,51670681.00,4.05,1.45,0.25,5.17
2018-07-04,17.38,16.39,17.50,16.35,24006,40572335.00,6.55,-6.61,-1.16,4.18
2018-07-05,16.41,17.65,18.03,16.41,80378,143948827.00,9.88,7.69,1.26,13.98
2018-07-06,16.85,18.64,18.98,16.68,95175,170668037.00,13.03,5.61,0.99,16.56
2018-07-09,18.18,18.70,18.75,18.00,64192,117477913.00,4.02,0.32,0.06,11.17
2018-07-10,18.44,18.45,18.61,18.08,43460,79916481.00,2.83,-1.34,-0.25,7.56
2018-07-11,18.01,17.46,18.01,16.70,38959,68006805.00,7.10,-5.37,-0.99,6.78
2018-07-12,17.46,18.13,18.22,17.26,35764,64198101.00,5.50,3.84,0.67,6.22
2018-07-13,17.96,18.03,18.17,17.67,21726,38924153.00,2.76,-0.55,-0.10,3.78
2018-07-16,17.90,18.30,18.38,17.60,20489,36998489.00,4.33,1.50,0.27,3.56
2018-07-17,18.30,18.09,18.38,17.85,15682,28311422.00,2.90,-1.15,-0.21,2.73
2018-07-18,18.20,17.66,18.29,17.65,18772,33701817.00,3.54,-2.38,-0.43,3.27
2018-07-19,17.69,17.21,17.84,16.83,20465,35319616.00,5.72,-2.55,-0.45,3.56
2018-07-20,17.07,17.48,17.60,17.07,13725,23838036.00,3.08,1.57,0.27,2.39
2018-07-23,17.50,17.37,17.52,17.16,12287,21280023.00,2.06,-0.63,-0.11,2.14
2018-07-24,17.42,17.39,17.66,17.12,15716,27432559.00,3.11,0.12,0.02,2.73
2018-07-25,17.50,17.57,17.64,17.41,14483,25365321.00,1.32,1.04,0.18,2.52
2018-07-26,17.62,16.95,17.75,16.86,18559,31793069.00,5.07,-3.53,-0.62,3.23
2018-07-27,16.95,16.62,16.95,16.40,10442,17381769.00,3.24,-1.95,-0.33,1.82
2018-07-30,16.68,16.33,16.69,16.23,9025,14842360.00,2.77,-1.74,-0.29,1.57
2018-07-31,16.29,16.38,16.57,16.22,7262,11919498.00,2.14,0.31,0.05,1.26
2018-08-01,16.36,15.96,16.58,15.84,7319,11958971.00,4.52,-2.56,-0.42,1.27
2018-08-02,16.03,15.50,16.04,15.04,14188,21852982.00,6.27,-2.88,-0.46,2.47
2018-08-03,15.49,15.34,15.65,15.32,5690,8813467.00,2.13,-1.03,-0.16,0.99
2018-08-06,15.20,14.07,15.50,14.00,13636,19869563.00,9.78,-8.28,-1.27,2.37
2018-08-07,14.14,14.96,14.99,14.14,12471,18176038.00,6.04,6.33,0.89,2.17
2018-08-08,14.95,14.85,15.15,14.68,9318,13899451.00,3.14,-0.74,-0.11,1.62
2018-08-09,16.01,15.50,16.34,15.50,27028,43077561.00,5.66,4.38,0.65,4.70
2018-08-10,15.08,15.41,15.50,15.08,18267,27942357.00,2.71,-0.58,-0.09,3.18
2018-08-13,15.08,15.33,15.38,14.80,12546,18952202.00,3.76,-0.52,-0.08,2.18
2018-08-14,15.16,15.19,15.32,15.08,9445,14330955.00,1.57,-0.91,-0.14,1.64
2018-08-15,15.20,14.73,15.30,14.70,8511,12743967.00,3.95,-3.03,-0.46,1.48
2018-08-16,14.40,14.83,14.95,14.26,8594,12611466.00,4.68,0.68,0.10,1.49
2018-08-17,14.89,14.15,14.96,14.13,8693,12645660.00,5.60,-4.59,-0.68,1.51
2018-08-20,14.10,14.70,14.76,14.03,9972,14417860.00,5.16,3.89,0.55,1.73
2018-08-21,14.70,14.65,14.99,14.52,11104,16390709.00,3.20,-0.34,-0.05,1.93
2018-08-22,14.73,14.68,14.91,14.51,7585,11181460.00,2.73,0.20,0.03,1.32
2018-08-23,14.70,15.15,15.42,14.52,17470,26024972.00,6.13,3.20,0.47,3.04
2018-08-24,15.01,15.16,15.20,14.73,15649,23418102.00,3.10,0.07,0.01,2.72
2018-08-27,15.10,15.28,15.47,15.00,13342,20399549.00,3.10,0.79,0.12,2.32
2018-08-28,15.21,15.20,15.32,15.08,6990,10627868.00,1.57,-0.52,-0.08,1.22
2018-08-29,15.20,15.07,15.23,15.02,5318,8025370.00,1.38,-0.86,-0.13,0.93
2018-08-30,15.28,14.81,15.38,14.70,8495,12777330.00,4.51,-1.73,-0.26,1.48
2018-08-31,14.77,14.62,14.94,14.52,9511,13970959.00,2.84,-1.28,-0.19,1.65
2018-09-03,14.63,14.74,14.95,14.35,7457,10893704.00,4.10,0.82,0.12,1.30
2018-09-04,14.80,15.10,15.28,14.65,10430,15649701.00,4.27,2.44,0.36,1.81
2018-09-05,15.28,14.65,15.44,14.60,9887,14850839.00,5.56,-2.98,-0.45,1.72
2018-09-06,14.65,14.78,15.10,14.55,8128,12035982.00,3.75,0.89,0.13,1.41
2018-09-07,14.75,14.83,15.06,14.66,8120,12088454.00,2.71,0.34,0.05,1.41
2018-09-10,14.81,14.20,14.81,14.09,9316,13387203.00,4.86,-4.25,-0.63,1.62
2018-09-11,14.22,14.36,14.52,14.10,5761,8244475.00,2.96,1.13,0.16,1.00
2018-09-12,14.20,14.54,14.76,14.20,7677,11203100.00,3.90,1.25,0.18,1.34
2018-09-13,14.78,14.71,14.79,14.46,7106,10415268.00,2.27,1.17,0.17,1.24
2018-09-14,14.80,14.73,15.08,14.69,10407,15487756.00,2.65,0.14,0.02,1.81
2018-09-17,14.69,14.30,14.89,14.15,8163,11771409.00,5.02,-2.92,-0.43,1.42
2018-09-18,14.30,14.43,14.48,14.05,8835,12626638.00,3.01,0.91,0.13,1.54
2018-09-19,14.35,14.93,15.25,14.27,20859,31122779.00,6.79,3.47,0.50,3.63
2018-09-20,14.90,14.88,14.97,14.75,12118,17981520.00,1.47,-0.33,-0.05,2.11
2018-09-21,14.87,14.90,15.00,14.56,12385,18316941.00,2.96,0.13,0.02,2.15
2018-09-25,14.80,14.75,14.84,14.65,7637,11260425.00,1.28,-1.01,-0.15,1.33
2018-09-26,14.69,14.84,14.99,14.69,9808,14563664.00,2.03,0.61,0.09,1.71
2018-09-27,14.73,14.27,14.88,14.17,10768,15689168.00,4.78,-3.84,-0.57,1.87
2018-09-28,14.27,14.57,14.59,14.27,7488,10862794.00,2.24,2.10,0.30,1.30
2018-10-08,13.99,14.12,14.41,13.88,8352,11866366.00,3.64,-3.09,-0.45,1.45
2018-10-09,14.15,14.20,14.44,14.09,6477,9208551.00,2.48,0.57,0.08,1.13
2018-10-10,14.20,14.91,14.91,14.13,16486,23923816.00,5.49,5.00,0.71,2.87
2018-10-11,14.40,13.71,14.82,13.42,19421,27659173.00,9.39,-8.05,-1.20,3.38
2018-10-12,13.25,14.74,15.08,12.50,31945,45313685.00,18.82,7.51,1.03,5.56
2018-10-15,14.71,15.12,15.20,14.31,33917,50533970.00,6.04,2.58,0.38,5.90
2018-10-16,15.05,14.78,15.07,14.24,24015,35383376.00,5.49,-2.25,-0.34,4.18
2018-10-17,14.78,14.84,15.06,14.20,20564,30200342.00,5.82,0.41,0.06,3.58
2018-10-18,14.79,15.85,16.32,14.63,68526,107319163.00,11.39,6.81,1.01,11.92
2018-10-19,15.21,15.75,15.80,14.81,48528,74427708.00,6.25,-0.63,-0.10,8.44
2018-10-22,15.65,16.34,16.72,15.53,48183,77665830.00,7.56,3.75,0.59,8.38
2018-10-23,16.09,15.82,16.18,15.73,31646,50261917.00,2.75,-3.18,-0.52,5.50
2018-10-24,15.54,15.36,15.80,15.15,26777,41155569.00,4.11,-2.91,-0.46,4.66
2018-10-25,14.70,14.52,14.70,14.25,23249,33647327.00,2.93,-5.47,-0.84,4.04
2018-10-26,14.66,14.33,14.80,14.33,13806,20064597.00,3.24,-1.31,-0.19,2.40
2018-10-29,14.17,13.92,14.32,13.81,11413,16042158.00,3.56,-2.86,-0.41,1.99
2018-10-30,13.92,14.09,14.28,13.68,14277,19969065.00,4.31,1.22,0.17,2.48
2018-10-31,14.18,14.34,14.52,14.12,12937,18540830.00,2.84,1.77,0.25,2.25
2018-11-01,14.60,14.57,14.78,14.34,18003,26204223.00,3.07,1.60,0.23,3.13
2018-11-02,14.71,14.81,14.85,14.50,18699,27482149.00,2.40,1.65,0.24,3.25
2018-11-05,14.75,14.93,14.99,14.56,16179,23945863.00,2.90,0.81,0.12,2.81
2018-11-06,14.85,14.63,14.85,14.45,10249,14944100.00,2.68,-2.01,-0.30,1.78
2018-11-07,14.62,15.55,15.95,14.53,52678,80364446.00,9.71,6.29,0.92,9.16
2018-11-08,15.40,15.42,15.49,15.10,29588,45224297.00,2.51,-0.84,-0.13,5.15
2018-11-09,15.25,15.17,15.42,15.14,15153,23084553.00,1.82,-1.62,-0.25,2.64
2018-11-12,15.02,15.36,15.38,14.91,18298,27853136.00,3.10,1.25,0.19,3.18
2018-11-13,15.20,15.41,15.45,15.11,21262,32558079.00,2.21,0.33,0.05,3.70
2018-11-14,15.41,15.29,15.48,15.21,14183,21752072.00,1.75,-0.78,-0.12,2.47
2018-11-15,15.19,15.63,15.84,15.15,26842,41865721.00,4.51,2.22,0.34,4.67
2018-11-16,15.60,15.67,15.78,15.55,17083,26762158.00,1.47,0.26,0.04,2.97
2018-11-19,15.59,15.48,15.59,15.25,15878,24467131.00,2.17,-1.21,-0.19,2.76
2018-11-20,15.29,14.45,15.29,14.45,30596,45363309.00,5.43,-6.65,-1.03,5.32
2018-11-21,14.40,14.59,14.63,14.20,12064,17461893.00,2.98,0.97,0.14,2.10
2018-11-22,14.78,14.51,14.78,14.50,7854,11464194.00,1.92,-0.55,-0.08,1.37
2018-11-23,14.46,13.83,14.57,13.81,13209,18596205.00,5.24,-4.69,-0.68,2.30
2018-11-26,13.83,13.91,14.10,13.81,6400,8931400.00,2.10,0.58,0.08,1.11
2018-11-27,13.90,14.63,14.68,13.90,17182,24667652.00,5.61,5.18,0.72,2.99
2018-11-28,14.46,14.95,15.00,14.44,18389,27254655.00,3.83,2.19,0.32,3.20
2018-11-29,14.90,14.35,15.23,14.30,17091,25528253.00,6.22,-4.01,-0.60,2.97
2018-11-30,14.23,14.85,15.13,14.23,17325,25629252.00,6.27,3.48,0.50,3.01
2018-12-03,15.08,15.14,15.21,14.85,21759,32839523.00,2.42,1.95,0.29,3.79
2018-12-04,15.17,15.71,15.86,15.03,36177,55985681.00,5.48,3.76,0.57,6.29
2018-12-05,15.35,15.88,16.28,15.35,37189,59124336.00,5.92,1.08,0.17,6.47
2018-12-06,15.87,15.70,16.17,15.69,25821,41112235.00,3.02,-1.13,-0.18,4.49
2018-12-07,15.72,16.18,16.33,15.48,53101,84337700.00,5.41,3.06,0.48,9.24
2018-12-10,15.80,15.71,16.49,15.65,36686,58933098.00,5.19,-2.90,-0.47,6.38
2018-12-11,15.82,15.89,16.10,15.55,37520,59357022.00,3.50,1.15,0.18,6.53
2018-12-12,15.91,15.61,16.50,15.61,38722,61641464.00,5.60,-1.76,-0.28,6.74
2018-12-13,15.59,15.72,16.06,15.59,25951,41211608.00,3.01,0.70,0.11,4.51
2018-12-14,15.93,15.38,16.16,15.36,20383,32197565.00,5.09,-2.16,-0.34,3.55
2018-12-17,15.43,14.82,15.70,14.69,24447,36964742.00,6.57,-3.64,-0.56,4.25
2018-12-18,14.67,14.80,14.96,14.63,11853,17567805.00,2.23,-0.13,-0.02,2.06
2018-12-19,14.72,14.40,14.81,14.35,13106,19042476.00,3.11,-2.70,-0.40,2.28
2018-12-20,14.35,14.23,14.47,14.04,17101,24276859.00,2.99,-1.18,-0.17,2.97
2018-12-21,14.13,14.07,14.37,13.99,13752,19381354.00,2.67,-1.12,-0.16,2.39
2018-12-24,14.11,14.45,14.45,13.96,16263,23177791.00,3.48,2.70,0.38,2.83
2018-12-25,14.28,14.16,14.28,13.71,20040,27993767.00,3.94,-2.01,-0.29,3.49
2018-12-26,14.17,14.48,14.65,14.06,27346,39216579.00,4.17,2.26,0.32,4.76
2018-12-27,14.61,14.39,14.66,14.07,25153,36293564.00,4.07,-0.62,-0.09,4.38
2018-12-28,14.28,14.12,14.38,14.08,8840,12552851.00,2.08,-1.88,-0.27,1.54
2019-01-02,14.13,14.22,14.32,14.01,5163,7301860.00,2.20,0.71,0.10,0.91
2019-01-03,14.23,14.03,14.32,14.00,5925,8361392.00,2.25,-1.34,-0.19,1.05
2019-01-04,13.95,14.30,14.38,13.83,9421,13405264.00,3.92,1.92,0.27,1.66
2019-01-07,14.40,15.73,15.73,14.32,46343,71164054.00,9.86,10.00,1.43,8.18
2019-01-08,15.54,15.12,15.66,15.08,38961,59479494.00,3.69,-3.88,-0.61,6.88
2019-01-09,15.12,15.09,15.32,14.90,33887,51178327.00,2.78,-0.20,-0.03,5.98
2019-01-10,15.00,14.91,15.10,14.81,17179,25690911.00,1.92,-1.19,-0.18,3.03
2019-01-11,14.91,15.04,15.20,14.85,22132,33413239.00,2.35,0.87,0.13,3.91
2019-01-14,15.10,14.62,15.10,14.45,17498,25784376.00,4.32,-2.79,-0.42,3.09
2019-01-15,14.53,14.86,14.89,14.50,14691,21630183.00,2.67,1.64,0.24,2.59
2019-01-16,14.89,15.10,15.16,14.86,21690,32686181.00,2.02,1.62,0.24,3.83
2019-01-17,15.09,14.72,15.10,14.65,10442,15432188.00,2.98,-2.52,-0.38,1.84
2019-01-18,14.72,14.74,14.87,14.65,7631,11250813.00,1.49,0.14,0.02,1.35
2019-01-21,14.74,14.96,14.99,14.74,7646,11389117.00,1.70,1.49,0.22,1.35
2019-01-22,15.00,14.78,15.00,14.71,6289,9329995.00,1.94,-1.20,-0.18,1.11
2019-01-23,14.74,14.95,14.95,14.74,8551,12704126.00,1.42,1.15,0.17,1.51
2019-01-24,14.90,14.96,15.15,14.87,12762,19202081.00,1.87,0.07,0.01,2.25
2019-01-25,14.87,14.72,15.00,14.70,10537,15665435.00,2.01,-1.60,-0.24,1.86
2019-01-28,14.85,14.32,14.91,14.30,10556,15392300.00,4.14,-2.72,-0.40,1.86
2019-01-29,14.32,14.15,14.49,13.90,10430,14752489.00,4.12,-1.19,-0.17,1.84
2019-01-30,14.08,13.95,14.24,13.95,7611,10729162.00,2.05,-1.41,-0.20,1.34
2019-01-31,13.95,13.60,14.13,13.60,9887,13680150.00,3.80,-2.51,-0.35,1.74
2019-02-01,13.67,13.89,13.94,13.67,7545,10432011.00,1.99,2.13,0.29,1.33
2019-02-11,13.90,14.24,14.31,13.90,7684,10848127.00,2.95,2.52,0.35,1.36
2019-02-12,14.24,14.34,14.36,14.16,6814,9732980.00,1.40,0.70,0.10,1.20
2019-02-13,14.30,14.57,14.68,14.30,13397,19486229.00,2.65,1.60,0.23,2.36
2019-02-14,14.57,14.60,14.74,14.47,8345,12191524.00,1.85,0.21,0.03,1.47
2019-02-15,14.52,14.67,14.95,14.52,13583,20032574.00,2.95,0.48,0.07,2.40
2019-02-18,14.80,15.07,15.10,14.77,14845,22223609.00,2.25,2.73,0.40,2.62
2019-02-19,15.08,15.00,15.20,14.83,17932,26944736.00,2.46,-0.46,-0.07,3.16
2019-02-20,15.06,14.99,15.10,14.75,13361,19950404.00,2.33,-0.07,-0.01,2.36
2019-02-21,15.08,14.99,15.29,14.82,22812,34471424.00,3.14,0.00,0.00,4.03
2019-02-22,14.84,15.26,15.27,14.81,17754,26876446.00,3.07,1.80,0.27,3.13
2019-02-25,15.30,15.77,15.80,15.22,29329,45689258.00,3.80,3.34,0.51,5.18
2019-02-26,15.76,15.62,16.00,15.44,29317,46209478.00,3.55,-0.95,-0.15,5.17
2019-02-27,15.68,15.52,16.04,15.36,22471,35430892.00,4.35,-0.64,-0.10,3.97
2019-02-28,15.73,15.80,15.83,15.55,16337,25672571.00,1.80,1.80,0.28,2.88
2019-03-01,15.80,15.59,15.92,15.32,16760,26084143.00,3.80,-1.33,-0.21,2.96
2019-03-04,15.45,15.82,15.99,15.35,31671,49791726.00,4.11,1.48,0.23,5.59
2019-03-05,15.75,16.25,16.29,15.50,30714,49264291.00,4.99,2.72,0.43,5.42
2019-03-06,16.40,16.26,16.40,15.80,34367,55381897.00,3.69,0.06,0.01,6.06
2019-03-07,16.23,16.63,16.86,16.02,43153,70908284.00,5.17,2.28,0.37,7.61
2019-03-08,16.32,15.64,16.49,15.60,34606,55886135.00,5.35,-5.95,-0.99,6.11
2019-03-11,15.64,16.85,17.12,15.64,50506,82827243.00,9.46,7.74,1.21,8.91
2019-03-12,16.96,17.13,17.42,16.67,66232,112778196.00,4.45,1.66,0.28,11.69
2019-03-13,17.30,16.79,17.58,16.63,41842,71637939.00,5.55,-1.98,-0.34,7.38
2019-03-14,16.50,16.07,16.75,15.90,26589,43247180.00,5.06,-4.29,-0.72,4.69
2019-03-15,16.09,16.19,16.36,15.99,16003,25888379.00,2.30,0.75,0.12,2.82
2019-03-18,16.20,16.44,16.46,16.04,17712,28825445.00,2.59,1.54,0.25,3.13
2019-03-19,16.44,16.37,16.70,16.22,16920,27768752.00,2.92,-0.43,-0.07,2.99
2019-03-20,16.60,16.40,16.73,16.08,19256,31617793.00,3.97,0.18,0.03,3.40
2019-03-21,16.30,16.45,16.60,16.29,26851,44186961.00,1.89,0.30,0.05,4.74
2019-03-22,16.44,16.36,16.48,16.08,16888,27538812.00,2.43,-0.55,-0.09,2.98
2019-03-25,16.18,16.33,16.52,16.01,14927,24351841.00,3.12,-0.18,-0.03,2.63
2019-03-26,16.30,16.03,16.70,15.96,25503,41771348.00,4.53,-1.84,-0.30,4.50
2019-03-27,16.08,15.90,16.16,15.52,19293,30480180.00,3.99,-0.81,-0.13,3.40
2019-03-28,15.76,15.63,16.15,15.58,15267,24228560.00,3.58,-1.70,-0.27,2.69
2019-03-29,15.63,16.03,16.10,15.46,14061,22227180.00,4.09,2.56,0.40,2.48
2019-04-01,16.10,16.90,17.09,16.10,35807,59629241.00,6.18,5.43,0.87,6.32
2019-04-02,16.90,16.85,17.16,16.80,27380,46369014.00,2.13,-0.30,-0.05,4.83
2019-04-03,16.80,17.15,17.43,16.70,26802,45771306.00,4.33,1.78,0.30,4.73
2019-04-04,17.15,17.01,17.41,16.88,18028,30774678.00,3.09,-0.82,-0.14,3.18
2019-04-08,17.05,16.70,17.26,16.50,21882,36850694.00,4.47,-1.82,-0.31,3.86
2019-04-09,16.84,17.14,17.15,16.61,24467,41233041.00,3.23,2.63,0.44,4.32
2019-04-10,17.00,17.09,17.27,16.83,20349,34733345.00,2.57,-0.29,-0.05,3.59
2019-04-11,17.17,16.81,17.17,16.69,18493,31227175.00,2.81,-1.64,-0.28,3.26
2019-04-12,16.85,17.55,17.57,16.70,35062,60483630.00,5.18,4.40,0.74,6.19
2019-04-15,17.90,16.93,17.90,16.83,39918,68864804.00,6.10,-3.53,-0.62,7.04
2019-04-16,16.79,17.17,17.26,16.68,22014,37462138.00,3.43,1.42,0.24,3.88
2019-04-17,17.22,17.11,17.40,16.96,18198,31234983.00,2.56,-0.35,-0.06,3.21
2019-04-18,17.08,16.91,17.20,16.88,16172,27493913.00,1.87,-1.17,-0.20,2.85
2019-04-19,16.94,17.19,17.20,16.83,12678,21604998.00,2.19,1.66,0.28,2.24
2019-04-22,17.14,17.08,17.31,16.97,13540,23241036.00,1.98,-0.64,-0.11,2.39
2019-04-23,17.09,16.93,17.09,16.81,11931,20215442.00,1.64,-0.88,-0.15,2.11
2019-04-24,16.99,16.68,17.07,16.36,16091,26723798.00,4.19,-1.48,-0.25,2.84
2019-04-25,16.65,17.02,17.45,16.40,34376,58655703.00,6.29,2.04,0.34,6.07
2019-04-26,16.86,17.54,17.55,16.66,42571,73727870.00,5.23,3.06,0.52,7.51
2019-04-29,17.85,16.32,17.86,16.05,32399,54774503.00,10.32,-6.96,-1.22,5.72
2019-04-30,16.27,15.75,16.48,15.69,17146,27492056.00,4.84,-3.49,-0.57,3.03
2019-05-06,15.10,14.35,15.37,14.22,15067,22281993.00,7.30,-8.89,-1.40,2.66
2019-05-07,14.36,14.65,14.74,14.36,12300,17948849.00,2.65,2.09,0.30,2.17
2019-05-08,14.36,14.64,14.86,14.30,5720,8378065.00,3.82,-0.07,-0.01,1.01
2019-05-09,14.52,14.81,15.01,14.52,6745,9947658.00,3.35,1.16,0.17,1.19
2019-05-10,14.81,15.15,15.25,14.74,7403,11135450.00,3.44,2.30,0.34,1.31
2019-05-13,15.14,15.80,15.90,14.80,14730,22844683.00,7.26,4.29,0.65,2.60
2019-05-14,16.19,15.99,16.20,15.56,16031,25774142.00,4.05,1.20,0.19,2.83
2019-05-15,15.88,17.00,17.13,15.88,29673,49689516.00,7.82,6.32,1.01,5.24
2019-05-16,16.94,17.00,17.30,16.80,17091,29083125.00,2.94,0.00,0.00,3.02
2019-05-17,17.26,16.88,17.26,16.41,11896,20054060.00,5.00,-0.71,-0.12,2.10
2019-05-20,17.16,16.93,17.80,16.35,29426,50100253.00,8.59,0.30,0.05,5.19
2019-05-21,16.68,16.84,17.15,16.41,52342,87913839.00,4.37,-0.53,-0.09,9.24
2019-05-22,16.65,16.59,16.75,16.25,23126,38021774.00,2.97,-1.48,-0.25,4.08
2019-05-23,16.50,16.63,17.80,16.23,63576,107497373.00,9.46,0.24,0.04,11.22
2019-05-24,16.30,16.24,16.45,15.90,21821,35161300.00,3.31,-2.35,-0.39,3.85
2019-05-27,16.30,16.60,16.80,16.11,52302,86700235.00,4.25,2.22,0.36,9.23
2019-05-28,16.50,16.58,16.85,16.30,52949,87846619.00,3.31,-0.12,-0.02,9.34
2019-05-29,16.60,16.14,16.70,16.14,48261,79331919.00,3.38,-2.65,-0.44,8.52
2019-05-30,15.99,15.30,15.99,15.21,26066,40251476.00,4.83,-5.20,-0.84,4.60
2019-05-31,15.30,15.30,15.80,15.21,14921,23050938.00,3.86,0.00,0.00,2.63
2019-06-03,15.20,14.88,15.27,14.81,11711,17496136.00,3.01,-2.75,-0.42,2.07
2019-06-04,14.88,14.83,15.40,14.76,18741,28276103.00,4.30,-0.34,-0.05,3.31
2019-06-05,14.94,14.89,15.04,14.80,9541,14203412.00,1.62,0.40,0.06,1.68
2019-06-06,14.96,14.85,14.96,14.67,10383,15382755.00,1.95,-0.27,-0.04,1.83
2019-06-10,14.85,15.06,15.24,14.72,16225,24359541.00,3.50,1.41,0.21,2.86
2019-06-11,15.00,15.38,15.60,14.94,23015,35079149.00,4.38,2.12,0.32,4.06
2019-06-12,15.35,15.12,15.38,15.09,11021,16789054.00,1.89,-1.69,-0.26,1.94
2019-06-13,15.10,15.24,15.38,14.97,14640,22193714.00,2.71,0.79,0.12,2.58
2019-06-14,15.25,14.95,15.25,14.92,8467,12756171.00,2.17,-1.90,-0.29,1.49
2019-06-17,15.08,15.14,15.17,14.93,6609,9955826.00,1.61,1.27,0.19,1.17
2019-06-18,15.15,15.17,15.21,15.11,7160,10860325.00,0.66,0.20,0.03,1.26
2019-06-19,15.35,15.19,15.50,15.17,10517,16084712.00,2.18,0.13,0.02,1.86
2019-06-20,15.16,15.87,16.50,15.07,42095,66708325.00,9.41,4.48,0.68,7.43
2019-06-21,15.74,15.93,16.03,15.73,15155,24119769.00,1.89,0.38,0.06,2.67
2019-06-24,15.94,15.78,15.98,15.63,9067,14276034.00,2.20,-0.94,-0.15,1.60
2019-06-25,15.82,15.77,16.22,15.71,21272,33937835.00,3.23,-0.06,-0.01,3.75
2019-06-26,15.49,15.79,15.94,15.49,8757,13831477.00,2.85,0.13,0.02,1.55
2019-06-27,15.58,15.74,15.99,15.58,19015,30097313.00,2.60,-0.32,-0.05,3.36
2019-06-28,15.74,15.42,15.93,15.42,11612,18178824.00,3.24,-2.03,-0.32,2.05
2019-07-01,15.68,15.99,16.10,15.60,23667,37681987.00,3.24,3.70,0.57,3.62
2019-07-02,15.97,16.06,16.20,15.89,21062,33881789.00,1.94,0.44,0.07,3.22
2019-07-03,16.06,15.77,16.06,15.72,9055,14366327.00,2.12,-1.81,-0.29,1.38
2019-07-04,15.72,15.62,15.85,15.52,6482,10149707.00,2.09,-0.95,-0.15,0.99
2019-07-05,15.61,15.99,16.20,15.46,20176,32150298.00,4.74,2.37,0.37,3.08
2019-07-08,15.93,15.88,16.47,15.30,24531,38720220.00,7.32,-0.69,-0.11,3.75
2019-07-09,15.75,16.08,16.30,15.62,15820,25235738.00,4.28,1.26,0.20,2.42
2019-07-10,16.00,16.46,16.70,15.81,39715,64968922.00,5.53,2.36,0.38,6.07
2019-07-11,16.38,16.62,16.67,16.20,34417,56535257.00,2.86,0.97,0.16,5.26
2019-07-12,16.45,16.14,16.54,16.10,24821,40496304.00,2.65,-2.89,-0.48,3.79
2019-07-15,16.23,16.50,16.54,15.91,29515,48178447.00,3.90,2.23,0.36,4.51
2019-07-16,16.47,16.23,16.47,16.21,13417,21875556.00,1.58,-1.64,-0.27,2.05
2019-07-17,16.24,16.12,16.33,15.98,12827,20753554.00,2.16,-0.68,-0.11,1.96
2019-07-18,16.06,15.51,16.06,15.50,15986,25075332.00,3.47,-3.78,-0.61,2.44
2019-07-19,15.56,15.59,15.74,15.55,7817,12221861.00,1.23,0.52,0.08,1.19
2019-07-22,15.56,15.23,15.70,15.03,7765,11845697.00,4.30,-2.31,-0.36,1.19
2019-07-23,15.15,15.22,15.33,15.08,6712,10193455.00,1.64,-0.07,-0.01,1.03
2019-07-24,15.24,15.49,15.59,15.22,10134,15569101.00,2.43,1.77,0.27,1.55
2019-07-25,15.51,15.41,15.51,15.33,8215,12648407.00,1.16,-0.52,-0.08,1.26
2019-07-26,15.46,15.27,15.46,15.26,7068,10827476.00,1.30,-0.91,-0.14,1.08
2019-07-29,15.27,15.38,15.40,15.07,4017,6149006.00,2.16,0.72,0.11,0.61
2019-07-30,15.26,15.36,15.59,15.26,7857,12159523.00,2.15,-0.13,-0.02,1.20
2019-07-31,15.40,15.50,15.63,15.27,9523,14743398.00,2.34,0.91,0.14,1.46
2019-08-01,15.38,15.50,15.63,15.30,5930,9184965.00,2.13,0.00,0.00,0.91
2019-08-02,15.31,15.16,15.31,15.05,7247,10988657.00,1.68,-2.19,-0.34,1.11
2019-08-05,15.02,14.70,15.15,14.65,12333,18345289.00,3.30,-3.03,-0.46,1.88
2019-08-06,14.49,14.03,14.49,13.60,11249,15903285.00,6.05,-4.56,-0.67,1.72
2019-08-07,14.03,15.00,15.43,13.93,24469,35830543.00,10.69,6.91,0.97,3.74
2019-08-08,14.80,14.51,15.04,14.51,8812,12987305.00,3.53,-3.27,-0.49,1.35
2019-08-09,14.61,14.16,14.61,14.16,6620,9479624.00,3.10,-2.41,-0.35,1.01
2019-08-12,14.19,14.30,14.37,14.10,6847,9729486.00,1.91,0.99,0.14,1.05
2019-08-13,14.24,14.29,14.30,14.03,3660,5202080.00,1.89,-0.07,-0.01,0.56
2019-08-14,14.29,14.50,14.56,14.29,7549,10926111.00,1.89,1.47,0.21,1.15
2019-08-15,14.05,15.13,15.35,14.04,19496,29080884.00,9.03,4.34,0.63,2.98
2019-08-16,15.12,15.26,15.69,15.03,24458,37741863.00,4.36,0.86,0.13,3.74
2019-08-19,15.41,15.60,15.82,15.41,23446,36734777.00,2.69,2.23,0.34,3.58
2019-08-20,15.72,15.54,15.86,15.50,12024,18787210.00,2.31,-0.38,-0.06,1.84
2019-08-21,15.65,15.49,15.66,15.36,9090,14086287.00,1.93,-0.32,-0.05,1.39
2019-08-22,15.45,15.40,15.68,15.34,5715,8841802.00,2.19,-0.58,-0.09,0.87
2019-08-23,15.54,15.54,15.80,15.30,10691,16610687.00,3.25,0.91,0.14,1.63
2019-08-26,15.30,15.78,15.89,15.30,14205,22300870.00,3.80,1.54,0.24,2.17
2019-08-27,15.96,15.76,15.96,15.66,13362,21083287.00,1.90,-0.13,-0.02,2.04
2019-08-28,15.68,15.41,15.75,15.38,21111,32749377.00,2.35,-2.22,-0.35,3.23
2019-08-29,15.41,15.29,15.48,15.24,14649,22464708.00,1.56,-0.78,-0.12,2.24
2019-08-30,15.33,14.95,15.45,14.81,16327,24833766.00,4.19,-2.22,-0.34,2.49
2019-09-02,15.00,15.40,15.44,15.00,16150,24697178.00,2.94,3.01,0.45,2.47
2019-09-03,15.45,15.31,15.48,15.12,11253,17193109.00,2.34,-0.58,-0.09,1.72
2019-09-04,15.31,15.19,15.36,15.02,10773,16333604.00,2.22,-0.78,-0.12,1.65
2019-09-05,15.28,15.48,15.75,15.20,21048,32461987.00,3.62,1.91,0.29,3.22
2019-09-06,15.69,15.46,15.87,15.28,16424,25415595.00,3.81,-0.13,-0.02,2.51
2019-09-09,15.47,15.83,15.83,15.32,44499,69560413.00,3.30,2.39,0.37,6.80
2019-09-10,15.81,15.64,15.93,15.58,20449,32035813.00,2.21,-1.20,-0.19,3.12
2019-09-11,15.65,15.40,15.72,15.35,16851,26173533.00,2.37,-1.53,-0.24,2.57
2019-09-12,15.40,15.40,15.50,15.20,14450,22156809.00,1.95,0.00,0.00,2.21
2019-09-16,15.49,15.77,15.78,15.40,21225,33217347.00,2.47,2.40,0.37,3.24
2019-09-17,15.78,15.50,15.78,15.28,15638,24291041.00,3.17,-1.71,-0.27,2.39
2019-09-18,15.30,16.01,16.50,15.30,52994,84556821.00,7.74,3.29,0.51,8.10
2019-09-19,15.92,16.03,16.16,15.80,32603,52008010.00,2.25,0.12,0.02,4.98
2019-09-20,16.01,16.33,16.39,15.85,38231,61551763.00,3.37,1.87,0.30,5.84
2019-09-23,16.31,16.03,16.31,15.78,26754,42671134.00,3.25,-1.84,-0.30,4.09
2019-09-24,15.98,15.99,16.18,15.83,18075,28938797.00,2.18,-0.25,-0.04,2.76
2019-09-25,15.93,15.33,15.93,15.33,21032,32825289.00,3.75,-4.13,-0.66,3.21
2019-09-26,15.38,14.67,15.45,14.61,24529,36500644.00,5.48,-4.31,-0.66,3.75
2019-09-27,14.58,14.74,14.90,14.55,11979,17671600.00,2.39,0.48,0.07,1.83
2019-09-30,14.52,14.64,14.85,14.52,9857,14516552.00,2.24,-0.68,-0.10,1.51
2019-10-08,14.69,14.66,14.85,14.56,8193,12081583.00,1.98,0.14,0.02,1.25
2019-10-09,14.65,14.82,14.93,14.51,7655,11311703.00,2.86,1.09,0.16,1.17
2019-10-10,14.81,15.02,15.05,14.68,11917,17781281.00,2.50,1.35,0.20,1.82
2019-10-11,15.08,15.69,15.86,14.83,39365,60697537.00,6.86,4.46,0.67,6.01
2019-10-14,15.85,15.68,15.89,15.42,30545,47722262.00,3.00,-0.06,-0.01,4.67
2019-10-15,15.67,15.62,15.88,15.42,20434,32033987.00,2.93,-0.38,-0.06,3.12
2019-10-16,15.60,15.53,15.87,15.52,13756,21568681.00,2.24,-0.58,-0.09,2.10
2019-10-17,15.50,15.72,15.78,15.49,12597,19746157.00,1.87,1.22,0.19,1.92
2019-10-18,15.65,15.79,15.85,15.45,17217,26997751.00,2.54,0.45,0.07,2.63
2019-10-21,15.78,15.35,15.79,15.03,14748,22674498.00,4.81,-2.79,-0.44,2.25
2019-10-22,15.39,15.42,15.47,15.20,8796,13483364.00,1.76,0.46,0.07,1.34
2019-10-23,15.52,15.44,15.75,15.38,11918,18507894.00,2.40,0.13,0.02,1.82
2019-10-24,15.46,15.46,16.20,15.33,18818,29316500.00,5.63,0.13,0.02,2.88
2019-10-25,15.50,14.72,15.50,14.60,43249,64021740.00,5.82,-4.79,-0.74,6.61
2019-10-28,14.60,14.84,14.92,14.57,29826,44044247.00,2.38,0.82,0.12,4.56
2019-10-29,14.85,14.38,14.90,14.34,21732,31710342.00,3.77,-3.10,-0.46,3.32
2019-10-30,14.39,14.26,14.45,14.14,15489,22080879.00,2.16,-0.83,-0.12,2.37
2019-10-31,14.31,14.28,14.37,14.19,8892,12697505.00,1.26,0.14,0.02,1.36
2019-11-01,14.30,14.41,14.46,14.15,11681,16751259.00,2.17,0.91,0.13,1.78
2019-11-04,14.49,14.42,14.58,14.38,8641,12488108.00,1.39,0.07,0.01,1.32
2019-11-05,14.40,14.41,14.49,14.24,7612,10945412.00,1.73,-0.07,-0.01,1.16
2019-11-06,14.41,14.47,14.55,14.39,9036,13057407.00,1.11,0.42,0.06,1.38
2019-11-07,14.47,14.57,14.60,14.37,9292,13449448.00,1.59,0.69,0.10,1.42
2019-11-08,14.57,14.41,14.68,14.38,10767,15587719.00,2.06,-1.10,-0.16,1.65
2019-11-11,14.23,13.84,14.23,13.82,13827,19333344.00,2.85,-3.96,-0.57,2.11
2019-11-12,13.81,13.86,14.03,13.74,7982,11046444.00,2.10,0.14,0.02,1.22
2019-11-13,13.75,13.80,13.87,13.72,5149,7100368.00,1.08,-0.43,-0.06,0.79
2019-11-14,13.84,13.93,14.01,13.80,6077,8459480.00,1.52,0.94,0.13,0.93
2019-11-15,13.96,13.75,13.96,13.71,5634,7770741.00,1.79,-1.29,-0.18,0.86
2019-11-18,13.79,13.75,13.80,13.65,4766,6548036.00,1.09,0.00,0.00,0.73
2019-11-19,13.75,13.93,13.94,13.75,5671,7862695.00,1.38,1.31,0.18,0.87
2019-11-20,13.90,13.76,13.96,13.69,6954,9608214.00,1.94,-1.22,-0.17,1.06
2019-11-21,13.76,13.62,13.76,13.62,6881,9397519.00,1.02,-1.02,-0.14,1.05
2019-11-22,13.65,13.49,13.79,13.41,6581,8944621.00,2.79,-0.95,-0.13,1.01
2019-11-25,13.55,13.37,13.55,13.22,5788,7728289.00,2.45,-0.89,-0.12,0.88
2019-11-26,13.38,13.41,13.48,13.32,3516,4700964.00,1.20,0.30,0.04,0.54
2019-11-27,13.41,13.35,13.45,13.28,3714,4967855.00,1.27,-0.45,-0.06,0.57
2019-11-28,13.29,13.45,13.55,13.29,5270,7093421.00,1.95,0.75,0.10,0.81
2019-11-29,13.55,13.55,13.78,13.42,5699,7758435.00,2.68,0.74,0.10,0.87
2019-12-02,13.52,13.64,13.79,13.52,3722,5052124.00,1.99,0.66,0.09,0.57
2019-12-03,13.53,13.61,13.67,13.44,4386,5943886.00,1.69,-0.22,-0.03,0.67
2019-12-04,13.59,13.63,13.75,13.53,4148,5667359.00,1.62,0.15,0.02,0.63
2019-12-05,13.63,13.75,13.77,13.63,5340,7317596.00,1.03,0.88,0.12,0.82
2019-12-06,13.74,13.74,13.78,13.62,5209,7138433.00,1.16,-0.07,-0.01,0.80
2019-12-09,13.70,13.81,13.84,13.64,5196,7158527.00,1.46,0.51,0.07,0.79
2019-12-10,13.72,13.76,13.81,13.60,6742,9244946.00,1.52,-0.36,-0.05,1.03
2019-12-11,13.83,13.90,14.11,13.79,16036,22387361.00,2.33,1.02,0.14,2.45
2019-12-12,13.80,13.67,13.81,13.62,7997,10962285.00,1.37,-1.65,-0.23,1.22
2019-12-13,13.72,13.75,13.79,13.66,7314,10041044.00,0.95,0.59,0.08,1.12
2019-12-16,13.78,14.03,14.07,13.72,11044,15355183.00,2.55,2.04,0.28,1.69
2019-12-17,14.00,14.11,14.16,13.94,15468,21758709.00,1.57,0.57,0.08,2.36
2019-12-18,14.06,14.22,14.26,14.00,10453,14798377.00,1.84,0.78,0.11,1.60
2019-12-19,14.23,14.34,14.56,14.21,16776,24145037.00,2.46,0.84,0.12,2.56
2019-12-20,14.33,14.07,14.46,14.07,9241,13132298.00,2.72,-1.88,-0.27,1.41
2019-12-23,14.17,14.35,14.63,14.09,27046,39016478.00,3.84,1.99,0.28,4.13
2019-12-24,14.28,14.43,14.45,14.06,18298,26034898.00,2.72,0.56,0.08,2.80
2019-12-25,14.30,14.24,14.30,14.11,12796,18163444.00,1.32,-1.32,-0.19,1.96
2019-12-26,14.13,14.25,14.26,14.05,11244,15921005.00,1.47,0.07,0.01,1.72
2019-12-27,14.25,14.10,14.30,14.08,10654,15134051.00,1.54,-1.05,-0.15,1.60
2019-12-30,14.09,14.12,14.18,13.84,9183,12858072.00,2.41,0.14,0.02,1.38
2019-12-31,14.12,14.18,14.34,14.08,7449,10579015.00,1.84,0.42,0.06,1.12
2020-01-02,14.24,14.40,14.42,14.15,12479,17910842.00,1.90,1.55,0.22,1.88
2020-01-03,14.40,14.43,14.55,14.34,10505,15185013.00,1.46,0.21,0.03,1.59
2020-01-06,14.38,14.53,14.58,14.35,13133,19051058.00,1.59,0.69,0.10,1.98
2020-01-07,14.54,14.62,14.63,14.51,14123,20577500.00,0.83,0.62,0.09,2.13
2020-01-08,14.62,14.33,14.66,14.30,14589,21144981.00,2.46,-1.98,-0.29,2.20
2020-01-09,14.48,14.64,14.65,14.40,13974,20349218.00,1.74,2.16,0.31,2.11
2020-01-10,14.68,14.53,14.68,14.47,9515,13848270.00,1.43,-0.75,-0.11,1.44
2020-01-13,14.55,14.60,14.66,14.45,12540,18244197.00,1.45,0.48,0.07,1.89
2020-01-14,14.64,14.59,14.78,14.51,15747,23052520.00,1.85,-0.07,-0.01,2.38
2020-01-15,14.55,14.39,14.59,14.34,13248,19084751.00,1.71,-1.37,-0.20,2.00
2020-01-16,14.38,14.26,14.45,14.18,14058,20079524.00,1.88,-0.90,-0.13,2.12
2020-01-17,14.30,14.32,14.36,14.22,8676,12397615.00,0.98,0.42,0.06,1.31
2020-01-20,14.32,14.42,14.47,14.12,11246,16061674.00,2.44,0.70,0.10,1.70
2020-01-21,14.42,14.11,14.42,14.10,8976,12778491.00,2.22,-2.15,-0.31,1.36
2020-01-22,14.16,14.13,14.16,13.70,11201,15608936.00,3.26,0.14,0.02,1.69
2020-01-23,14.15,13.64,14.25,13.41,11052,15261742.00,5.94,-3.47,-0.49,1.67
2020-02-03,12.28,12.28,12.28,12.28,2914,3578392.00,0.00,-9.97,-1.36,0.44
2020-02-04,11.18,11.75,11.96,11.18,18266,21369691.00,6.35,-4.32,-0.53,2.76
2020-02-05,11.78,11.93,12.07,11.68,14836,17701274.00,3.32,1.53,0.18,2.24
2020-02-06,11.86,12.09,12.22,11.82,12126,14555612.00,3.35,1.34,0.16,1.83
2020-02-07,12.06,12.27,12.29,11.93,9605,11665519.00,2.98,1.49,0.18,1.45
2020-02-10,12.26,12.43,12.44,12.16,10372,12789227.00,2.28,1.30,0.16,1.57
2020-02-11,12.44,12.24,12.46,12.24,7653,9451326.00,1.77,-1.53,-0.19,1.16
2020-02-12,12.28,12.46,12.57,12.20,9955,12362895.00,3.02,1.80,0.22,1.50
2020-02-13,12.46,12.23,12.57,12.20,9376,11578214.00,2.97,-1.85,-0.23,1.42
2020-02-14,12.12,12.25,12.40,12.12,7580,9276326.00,2.29,0.16,0.02,1.14
2020-02-17,12.27,12.74,12.83,12.27,13447,16977877.00,4.57,4.00,0.49,2.03
2020-02-18,12.73,12.94,12.95,12.60,13552,17394699.00,2.75,1.57,0.20,1.96
2020-02-19,12.95,13.00,13.25,12.77,19358,25199098.00,3.71,0.46,0.06,2.81
2020-02-20,13.05,13.30,13.39,13.00,15782,20842918.00,3.00,2.31,0.30,1.61
2020-02-21,13.30,13.48,13.63,13.26,18832,25400887.00,2.78,1.35,0.18,1.92
2020-02-24,13.40,13.95,14.00,13.30,19415,26515524.00,5.19,3.49,0.47,1.98
2020-02-25,13.54,14.18,14.28,13.45,35072,48725527.00,5.95,1.65,0.23,3.58
2020-02-26,14.00,14.25,14.85,13.81,50458,72828138.00,7.33,0.49,0.07,5.15
2020-02-27,14.21,14.03,14.57,13.93,23841,33757151.00,4.49,-1.54,-0.22,2.44
2020-02-28,13.43,13.60,14.04,13.29,24698,33686143.00,5.35,-3.06,-0.43,2.52
2020-03-02,13.87,13.96,14.11,13.61,19663,27361894.00,3.68,2.65,0.36,2.01
2020-03-03,14.44,13.82,14.44,13.75,18642,26278932.00,4.94,-1.00,-0.14,1.90
2020-03-04,13.90,13.82,13.90,13.56,11498,15816019.00,2.46,0.00,0.00,1.17
2020-03-05,13.97,13.96,14.07,13.80,15509,21523113.00,1.95,1.01,0.14,1.58
2020-03-06,13.57,14.05,14.18,13.57,14747,20544492.00,4.37,0.64,0.09,1.51
2020-03-09,13.88,13.40,13.95,13.39,13086,17902408.00,3.99,-4.63,-0.65,1.34
2020-03-10,13.39,13.76,13.76,13.08,12939,17426255.00,5.07,2.69,0.36,1.32
2020-03-11,13.76,13.66,14.00,13.66,13461,18670297.00,2.47,-0.73,-0.10,1.38
2020-03-12,13.58,13.26,13.58,13.12,13233,17595316.00,3.37,-2.93,-0.40,1.35
2020-03-13,12.79,13.15,13.20,12.50,12878,16567670.00,5.28,-0.83,-0.11,1.32
2020-03-16,13.30,12.75,13.98,12.68,12436,16394610.00,9.89,-3.04,-0.40,1.27
2020-03-17,12.90,12.73,13.09,12.09,9107,11446755.00,7.84,-0.16,-0.02,0.93
2020-03-18,12.73,12.56,12.95,12.51,9300,11888249.00,3.46,-1.34,-0.17,0.95
2020-03-19,12.50,12.73,12.78,12.33,9622,12126723.00,3.58,1.35,0.17,0.98
2020-03-20,12.71,12.91,12.94,12.64,10065,12875961.00,2.36,1.41,0.18,1.03
2020-03-23,12.73,12.50,12.78,12.47,8499,10705971.00,2.40,-3.18,-0.41,0.87
2020-03-24,12.75,12.73,12.86,12.48,6821,8647113.00,3.04,1.84,0.23,0.70
2020-03-25,12.85,13.36,13.45,11.47,19238,25206002.00,15.55,4.95,0.63,1.97
2020-03-26,13.26,13.38,13.73,13.12,15779,21266356.00,4.57,0.15,0.02,1.61
2020-03-27,13.54,13.41,13.70,13.34,12179,16420529.00,2.69,0.22,0.03,1.24
2020-03-30,13.17,13.16,13.28,12.90,9781,12787346.00,2.83,-1.86,-0.25,1.00
2020-03-31,13.30,12.78,13.40,12.76,9718,12605380.00,4.86,-2.89,-0.38,0.99
2020-04-01,12.77,12.54,12.96,12.43,7958,10105316.00,4.15,-1.88,-0.24,0.81
2020-04-02,12.55,12.72,12.72,12.20,7669,9632864.00,4.15,1.44,0.18,0.78
2020-04-03,12.55,12.41,12.90,12.38,5590,7010203.00,4.09,-2.44,-0.31,0.57
2020-04-07,12.62,12.78,12.85,12.56,7310,9306571.00,2.34,2.98,0.37,0.75
2020-04-08,12.78,12.91,12.98,12.64,7244,9321810.00,2.66,1.02,0.13,0.74
2020-04-09,12.94,13.06,13.12,12.92,6758,8790784.00,1.55,1.16,0.15,0.69
2020-04-10,13.06,12.70,13.13,12.60,6309,8057787.00,4.06,-2.76,-0.36,0.64
2020-04-13,12.63,12.53,12.66,12.41,4333,5431032.00,1.97,-1.34,-0.17,0.44
2020-04-14,12.51,12.86,12.86,12.51,7055,8978128.00,2.79,2.63,0.33,0.72
2020-04-15,12.88,12.90,12.97,12.72,8511,10942062.00,1.94,0.31,0.04,0.87
2020-04-16,12.66,12.67,12.79,12.47,9123,11514402.00,2.48,-1.78,-0.23,0.93
2020-04-17,12.67,12.66,12.83,12.60,6469,8230937.00,1.82,-0.08,-0.01,0.66
2020-04-20,12.70,12.79,12.80,12.58,6451,8213764.00,1.74,1.03,0.13,0.66
2020-04-21,12.61,12.72,12.76,12.60,4984,6320930.00,1.25,-0.55,-0.07,0.51
2020-04-22,12.72,12.95,12.97,12.63,7611,9772708.00,2.67,1.81,0.23,0.78
2020-04-23,12.95,12.84,13.00,12.79,6278,8081720.00,1.62,-0.85,-0.11,0.64
2020-04-24,12.75,12.61,12.88,12.55,7784,9854524.00,2.57,-1.79,-0.23,0.80
2020-04-27,12.61,12.57,12.66,12.45,3885,4887263.00,1.67,-0.32,-0.04,0.40
2020-04-28,12.57,12.18,12.57,11.88,8762,10665358.00,5.49,-3.10,-0.39,0.89
2020-04-29,12.27,12.19,12.38,12.11,5441,6668934.00,2.22,0.08,0.01,0.56
2020-04-30,12.20,12.50,12.62,12.19,7868,9809574.00,3.53,2.54,0.31,0.80
2020-05-06,12.32,12.73,12.78,12.32,7613,9610115.00,3.68,1.84,0.23,0.78
2020-05-07,12.69,12.74,12.98,12.68,7047,9005168.00,2.36,0.08,0.01,0.72
2020-05-08,12.88,13.24,13.37,12.88,21802,28754087.00,3.85,3.92,0.50,2.23
2020-05-11,13.12,13.01,13.30,12.97,15310,20096940.00,2.49,-1.74,-0.23,1.56
2020-05-12,13.03,12.91,13.12,12.81,9296,12029487.00,2.38,-0.77,-0.10,0.95
2020-05-13,12.90,13.15,13.23,12.85,11318,14767150.00,2.94,1.86,0.24,1.16
2020-05-14,13.09,12.98,13.09,12.88,6603,8560355.00,1.60,-1.29,-0.17,0.67
2020-05-15,13.00,12.96,13.02,12.85,7388,9562586.00,1.31,-0.15,-0.02,0.75
2020-05-18,13.07,12.89,13.07,12.83,9115,11798522.00,1.85,-0.54,-0.07,0.93
2020-05-19,12.89,13.06,13.08,12.89,11825,15370938.00,1.47,1.32,0.17,1.21
2020-05-20,13.05,12.97,13.75,12.84,10157,13231687.00,6.97,-0.69,-0.09,1.04
2020-05-21,13.10,12.87,13.10,12.85,7098,9178582.00,1.93,-0.77,-0.10,0.73
2020-05-22,12.85,12.53,12.88,12.50,8568,10864974.00,2.95,-2.64,-0.34,0.88
2020-05-25,12.52,12.60,12.70,12.47,3942,4968249.00,1.84,0.56,0.07,0.40
2020-05-26,12.63,12.87,12.88,12.62,6106,7819004.00,2.06,2.14,0.27,0.62
2020-05-27,12.86,12.85,12.93,12.75,4718,6049705.00,1.40,-0.16,-0.02,0.48
2020-05-28,12.96,12.67,12.96,12.51,5141,6528117.00,3.50,-1.40,-0.18,0.53
2020-05-29,12.53,12.68,12.82,12.52,4470,5690056.00,2.37,0.08,0.01,0.46
2020-06-01,12.71,12.92,12.97,12.71,9309,12002953.00,2.05,1.89,0.24,0.95
2020-06-02,12.96,13.16,13.21,12.76,15024,19688730.00,3.48,1.86,0.24,1.53
2020-06-03,13.18,13.06,13.35,13.05,8567,11242305.00,2.28,-0.76,-0.10,0.88
2020-06-04,13.06,13.10,13.15,12.98,8068,10549073.00,1.30,0.31,0.04,0.82
2020-06-05,13.01,13.50,13.56,13.01,20741,27581024.00,4.20,3.05,0.40,2.12
2020-06-08,13.48,13.86,14.31,13.43,57302,79717612.00,6.52,2.67,0.36,5.85
2020-06-09,13.85,13.30,13.85,13.25,29535,39732454.00,4.33,-4.04,-0.56,3.02
2020-06-10,13.35,13.35,13.41,13.23,11373,15150512.00,1.35,0.38,0.05,1.16
2020-06-11,13.34,13.72,13.85,13.23,23445,31735049.00,4.64,2.77,0.37,2.39
2020-06-12,13.36,13.64,13.85,13.34,16157,22078959.00,3.72,-0.58,-0.08,1.65
2020-06-15,13.62,13.46,13.75,13.31,12213,16583205.00,3.23,-1.32,-0.18,1.25
2020-06-16,13.42,13.61,13.76,13.42,11831,16123729.00,2.53,1.11,0.15,1.21
2020-06-17,13.61,13.61,13.64,13.37,10980,14811580.00,1.98,0.00,0.00,1.12
2020-06-18,13.55,13.79,13.88,13.35,15439,21107044.00,3.89,1.32,0.18,1.58
2020-06-19,13.75,13.75,13.92,13.55,22391,30898566.00,2.68,-0.29,-0.04,2.29
2020-06-22,13.75,13.76,14.00,13.62,16385,22631376.00,2.76,0.07,0.01,1.67
2020-06-23,13.74,13.54,13.76,13.51,10810,14689305.00,1.82,-1.60,-0.22,1.10
2020-06-24,13.67,13.86,13.87,13.48,16510,22516877.00,2.88,2.36,0.32,1.69
2020-06-29,13.82,13.61,13.82,13.58,8410,11519733.00,1.73,-1.80,-0.25,0.86
2020-06-30,13.65,13.71,13.85,13.56,15052,20681502.00,2.13,0.73,0.10,1.56
2020-07-01,13.74,13.74,13.91,13.61,12906,17708751.00,2.19,0.22,0.03,1.33
2020-07-02,13.76,13.91,13.98,13.68,19329,26790668.00,2.18,1.24,0.17,2.00
2020-07-03,13.91,14.03,14.08,13.86,21187,29585855.00,1.58,0.86,0.12,2.19
2020-07-06,14.03,14.40,14.52,14.02,32087,45909187.00,3.56,2.64,0.37,3.32
2020-07-07,14.43,14.47,14.66,14.10,35389,51100358.00,3.89,0.49,0.07,3.66
2020-07-08,14.49,14.72,14.85,14.41,31314,45932840.00,3.04,1.73,0.25,3.24
2020-07-09,14.72,14.99,14.99,14.60,33275,49337336.00,2.65,1.83,0.27,3.44
2020-07-10,14.88,14.67,15.05,14.67,29838,44343563.00,2.54,-2.13,-0.32,3.08
2020-07-13,14.67,15.13,15.15,14.67,31172,46597851.00,3.27,3.14,0.46,3.22
2020-07-14,15.14,14.91,15.25,14.58,29668,44259681.00,4.43,-1.45,-0.22,3.07
2020-07-15,14.93,14.64,15.07,14.44,25451,37517317.00,4.23,-1.81,-0.27,2.63
2020-07-16,14.70,14.06,14.78,14.03,19186,27579480.00,5.12,-3.96,-0.58,1.98
2020-07-17,14.08,13.99,14.24,13.80,15470,21714263.00,3.13,-0.50,-0.07,1.60
2020-07-20,14.07,14.41,14.43,14.02,14865,21207049.00,2.93,3.00,0.42,1.54
2020-07-21,14.46,14.52,14.56,14.31,12982,18782930.00,1.73,0.76,0.11,1.34
2020-07-22,14.58,14.65,14.79,14.48,16942,24826724.00,2.13,0.90,0.13,1.75
2020-07-23,14.65,14.73,14.78,14.20,21025,30601096.00,3.96,0.55,0.08,2.17
2020-07-24,14.72,14.26,14.97,14.20,21863,31905163.00,5.23,-3.19,-0.47,2.26
2020-07-27,14.17,14.16,14.40,13.99,13855,19616387.00,2.88,-0.70,-0.10,1.43
2020-07-28,14.26,14.40,14.56,14.23,13345,19218798.00,2.33,1.69,0.24,1.38
2020-07-29,14.44,14.73,14.75,14.32,19479,28513230.00,2.99,2.29,0.33,2.01
2020-07-30,14.75,14.76,14.89,14.60,15581,22981564.00,1.97,0.20,0.03,1.61
2020-07-31,14.61,15.00,15.09,14.61,24234,36121252.00,3.25,1.63,0.24,2.51
2020-08-03,15.09,15.32,15.46,14.90,30930,47282034.00,3.73,2.13,0.32,3.20
2020-08-04,15.34,15.16,15.45,15.10,19996,30420262.00,2.28,-1.04,-0.16,2.07
2020-08-05,15.25,15.08,15.31,15.00,22541,34144119.00,2.04,-0.53,-0.08,2.33
2020-08-06,15.11,14.90,15.24,14.78,18797,28060505.00,3.05,-1.19,-0.18,1.94
2020-08-07,14.80,14.64,14.96,14.45,17366,25428036.00,3.42,-1.74,-0.26,1.80
2020-08-10,14.63,14.71,15.09,14.52,14196,20961204.00,3.89,0.48,0.07,1.47
2020-08-11,14.73,14.32,14.88,14.25,15894,23085023.00,4.28,-2.65,-0.39,1.64
2020-08-12,14.34,14.40,14.42,14.02,14153,20150014.00,2.79,0.56,0.08,1.46
2020-08-13,14.41,14.42,14.65,14.39,11594,16847081.00,1.81,0.14,0.02,1.20
2020-08-14,14.47,14.67,14.71,14.37,10128,14776913.00,2.36,1.73,0.25,1.05
2020-08-17,14.71,14.91,14.94,14.63,13835,20527030.00,2.11,1.64,0.24,1.43
2020-08-18,14.85,14.86,14.97,14.78,9554,14196764.00,1.27,-0.34,-0.05,0.99
2020-08-19,14.90,14.53,14.90,14.46,16650,24429125.00,2.96,-2.22,-0.33,1.72
2020-08-20,14.51,14.58,14.82,14.41,11192,16331916.00,2.82,0.34,0.05,1.16
2020-08-21,14.70,14.56,14.95,14.53,12718,18733102.00,2.88,-0.14,-0.02,1.31
2020-08-24,14.68,14.56,14.68,14.36,9744,14149568.00,2.20,0.00,0.00,1.01
2020-08-25,14.68,14.99,15.07,14.66,30037,44818975.00,2.82,2.95,0.43,3.11
2020-08-26,14.80,14.38,14.93,14.30,27809,40569078.00,4.20,-4.07,-0.61,2.87
2020-08-27,14.36,15.00,15.08,14.25,34000,50252968.00,5.77,4.31,0.62,3.52
2020-08-28,14.94,14.98,15.03,14.76,19279,28713752.00,1.80,-0.13,-0.02,1.99
2020-08-31,14.99,15.00,15.17,14.90,21355,32086834.00,1.80,0.13,0.02,2.21
2020-09-01,15.09,15.10,15.13,14.79,22801,34060954.00,2.27,0.67,0.10,2.36
2020-09-02,15.13,15.39,15.43,15.05,35199,53753425.00,2.52,1.92,0.29,3.64
2020-09-03,15.25,14.97,15.34,14.85,27369,41226982.00,3.18,-2.73,-0.42,2.83
2020-09-04,14.82,15.18,15.39,14.70,20913,31498076.00,4.61,1.40,0.21,2.16
2020-09-07,15.15,14.99,15.53,14.93,24960,38141246.00,3.95,-1.25,-0.19,2.58
2020-09-08,15.17,15.53,15.53,14.98,27454,42139510.00,3.67,3.60,0.54,2.84
2020-09-09,15.43,15.36,15.89,15.15,53875,83578701.00,4.76,-1.09,-0.17,5.57
2020-09-10,15.41,14.29,15.58,13.99,44177,65313423.00,10.35,-6.97,-1.07,4.57
2020-09-11,14.26,14.47,14.85,14.10,21135,30703331.00,5.25,1.26,0.18,2.19
2020-09-14,14.48,14.77,14.93,14.46,20793,30604393.00,3.25,2.07,0.30,2.15
2020-09-15,14.95,15.30,15.68,14.72,50089,77043823.00,6.50,3.59,0.53,5.18
2020-09-16,15.30,15.08,15.88,14.72,35412,53218859.00,7.58,-1.44,-0.22,3.66
2020-09-17,15.29,15.35,15.52,14.90,31268,48012101.00,4.11,1.79,0.27,3.23
2020-09-18,15.32,15.54,15.55,15.06,23086,35474370.00,3.19,1.24,0.19,2.39
2020-09-21,15.36,15.77,15.85,15.32,29234,45809949.00,3.41,1.48,0.23,3.02
2020-09-22,15.52,15.27,15.70,15.20,21738,33592106.00,3.17,-3.17,-0.50,2.25
2020-09-23,15.38,15.16,15.69,15.15,17191,26275673.00,3.54,-0.72,-0.11,1.78
2020-09-24,15.12,14.82,15.17,14.80,13960,20869026.00,2.44,-2.24,-0.34,1.44
2020-09-25,14.95,14.70,15.04,14.58,10304,15173604.00,3.10,-0.81,-0.12,1.07
2020-09-28,14.65,14.34,14.68,14.29,10291,14874494.00,2.65,-2.45,-0.36,1.06
2020-09-29,14.36,14.51,14.66,14.31,7488,10868729.00,2.44,1.19,0.17,0.77
2020-09-30,14.52,14.41,14.62,14.28,7901,11428941.00,2.34,-0.69,-0.10,0.82
2020-10-09,14.59,14.79,14.85,14.58,9049,13330950.00,1.87,2.64,0.38,0.94
2020-10-12,14.79,15.14,15.18,14.74,14157,21275027.00,2.97,2.37,0.35,1.46
2020-10-13,15.15,15.11,15.22,15.02,9278,14021587.00,1.32,-0.20,-0.03,0.96
2020-10-14,15.01,14.83,15.14,14.81,13451,20054077.00,2.18,-1.85,-0.28,1.39
2020-10-15,14.94,14.86,14.94,14.76,10127,15045911.00,1.21,0.20,0.03,1.05
2020-10-16,14.78,14.76,14.94,14.61,12110,17867342.00,2.22,-0.67,-0.10,1.25
2020-10-19,14.81,14.95,15.20,14.79,16167,24298675.00,2.78,1.29,0.19,1.67
2020-10-20,14.86,15.10,15.19,14.75,14137,21158875.00,2.94,1.00,0.15,1.46
2020-10-21,15.07,14.88,15.19,14.81,15600,23301197.00,2.52,-1.46,-0.22,1.61
2020-10-22,14.88,15.18,15.32,14.65,29062,43909729.00,4.50,2.02,0.30,3.00
2020-10-23,15.19,15.19,15.29,14.97,22143,33507238.00,2.11,0.07,0.01,2.29
2020-10-26,15.10,15.12,15.46,14.92,22336,33885474.00,3.55,-0.46,-0.07,2.31
2020-10-27,14.98,14.64,15.11,14.60,22857,33854330.00,3.37,-3.17,-0.48,2.36
2020-10-28,14.68,14.50,14.77,14.33,16592,24059900.00,3.01,-0.96,-0.14,1.72
2020-10-29,14.36,14.64,14.83,14.30,15790,23134361.00,3.66,0.97,0.14,1.63
2020-10-30,14.71,14.30,14.79,14.30,19509,28350240.00,3.35,-2.32,-0.34,2.02
2020-11-02,14.35,14.64,14.71,14.30,12516,18167150.00,2.87,2.38,0.34,1.29
2020-11-03,14.76,14.64,14.76,14.59,11159,16340779.00,1.16,0.00,0.00,1.15
2020-11-04,14.70,14.67,14.74,14.44,10045,14668024.00,2.05,0.20,0.03,1.04
2020-11-05,14.70,14.72,14.78,14.54,13548,19886683.00,1.64,0.34,0.05,1.40
2020-11-06,14.72,14.51,14.79,14.39,12516,18175053.00,2.72,-1.43,-0.21,1.29
2020-11-09,14.58,14.71,14.76,14.52,11598,17040276.00,1.65,1.38,0.20,1.20
2020-11-10,14.72,14.83,14.85,14.45,16171,23775325.00,2.72,0.82,0.12,1.67
2020-11-11,14.72,14.63,14.81,14.57,9156,13428123.00,1.62,-1.35,-0.20,0.95
2020-11-12,14.65,14.37,14.71,14.25,12829,18504260.00,3.14,-1.78,-0.26,1.33
2020-11-13,14.32,14.20,14.40,14.01,12407,17567269.00,2.71,-1.18,-0.17,1.28
2020-11-16,14.29,14.37,14.40,14.18,8690,12434421.00,1.55,1.20,0.17,0.90
2020-11-17,14.37,14.08,14.37,13.95,11951,16866096.00,2.92,-2.02,-0.29,1.24
2020-11-18,14.13,14.25,14.29,14.03,8368,11893178.00,1.85,1.21,0.17,0.87
2020-11-19,14.25,14.27,14.29,14.09,7293,10356616.00,1.40,0.14,0.02,0.75
2020-11-20,14.27,14.31,14.33,14.16,4910,7005852.00,1.19,0.28,0.04,0.51
2020-11-23,14.31,14.21,14.34,14.13,7676,10911580.00,1.47,-0.70,-0.10,0.79
2020-11-24,14.22,14.26,14.33,14.20,6053,8625774.00,0.91,0.35,0.05,0.63
2020-11-25,14.25,14.30,14.43,14.23,10307,14755404.00,1.40,0.28,0.04,1.07
2020-11-26,14.30,14.10,14.34,14.10,8069,11435774.00,1.68,-1.40,-0.20,0.83
2020-11-27,14.08,14.08,14.21,13.97,9824,13835961.00,1.70,-0.14,-0.02,1.02
2020-11-30,14.15,14.04,14.19,13.95,9669,13626213.00,1.70,-0.28,-0.04,1.00
2020-12-01,13.97,14.25,14.32,13.97,9255,13170594.00,2.49,1.50,0.21,0.96
2020-12-02,14.25,14.08,14.46,14.07,11077,15667640.00,2.74,-1.19,-0.17,1.15
2020-12-03,14.15,14.40,14.40,14.07,13840,19754092.00,2.34,2.27,0.32,1.43
2020-12-04,14.37,14.25,14.39,14.19,11043,15752791.00,1.39,-1.04,-0.15,1.14
2020-12-07,14.22,14.00,14.39,13.98,11862,16724360.00,2.88,-1.75,-0.25,1.23
2020-12-08,14.08,14.09,14.23,14.05,8775,12392040.00,1.29,0.64,0.09,0.91
2020-12-09,14.19,13.83,14.19,13.83,10116,14161703.00,2.56,-1.85,-0.26,1.05
2020-12-10,13.80,13.46,13.82,12.89,13893,18878256.00,6.72,-2.68,-0.37,1.44
2020-12-11,13.53,13.14,13.53,13.00,10936,14441015.00,3.94,-2.38,-0.32,1.13
2020-12-14,13.15,13.21,13.36,13.05,6406,8450308.00,2.36,0.53,0.07,0.66
2020-12-15,13.21,13.29,13.34,13.06,6293,8341974.00,2.12,0.61,0.08,0.65
2020-12-16,13.23,12.80,13.29,12.73,11582,14979409.00,4.21,-3.69,-0.49,1.20
2020-12-17,12.75,12.80,12.89,12.42,9512,12051709.00,3.67,0.00,0.00,0.98
2020-12-18,12.80,12.67,12.92,12.64,7392,9420043.00,2.19,-1.02,-0.13,0.76
2020-12-21,12.72,12.88,12.91,12.56,8626,11065446.00,2.76,1.66,0.21,0.89
2020-12-22,12.68,12.38,12.86,12.26,15709,19626811.00,4.66,-3.88,-0.50,1.61
2020-12-23,12.44,12.48,12.65,12.32,9021,11290774.00,2.67,0.81,0.10,0.93
2020-12-24,12.48,12.13,12.52,12.11,9934,12169839.00,3.29,-2.80,-0.35,1.02
2020-12-25,12.01,12.34,12.40,12.00,9708,11896122.00,3.30,1.73,0.21,1.00
2020-12-28,12.41,12.02,12.41,11.90,15501,18777019.00,4.13,-2.59,-0.32,1.59
2020-12-29,11.97,12.01,12.24,11.96,7360,8900058.00,2.33,-0.08,-0.01,0.76
2020-12-30,12.01,11.86,12.06,11.83,9597,11425487.00,1.92,-1.25,-0.15,0.98
2020-12-31,11.82,12.08,12.21,11.82,10491,12681702.00,3.29,1.85,0.22,1.08
2021-01-04,12.08,12.29,12.30,12.08,10409,12695683.00,1.82,1.74,0.21,1.07
2021-01-05,12.29,12.09,12.29,12.01,9421,11394056.00,2.28,-1.63,-0.20,0.97
2021-01-06,12.09,11.82,12.12,11.78,11305,13466712.00,2.81,-2.23,-0.27,1.16
2021-01-07,11.85,11.15,11.90,11.02,22206,25216882.00,7.45,-5.67,-0.67,2.29
2021-01-08,11.15,11.08,11.29,10.81,13216,14661185.00,4.30,-0.63,-0.07,1.36
2021-01-11,11.10,10.79,11.17,10.75,12992,14120311.00,3.79,-2.62,-0.29,1.34
2021-01-12,10.80,10.85,11.06,10.79,12391,13534248.00,2.50,0.56,0.06,1.28
2021-01-13,10.88,10.46,10.88,10.36,14287,15115130.00,4.79,-3.59,-0.39,1.47
2021-01-14,10.43,10.54,10.68,10.43,10379,10958390.00,2.39,0.76,0.08,1.07
2021-01-15,10.64,10.85,10.89,10.56,12848,13859351.00,3.13,2.94,0.31,1.32
2021-01-18,10.87,11.00,11.16,10.85,11825,13072188.00,2.86,1.38,0.15,1.22
2021-01-19,11.08,11.15,11.17,10.93,8252,9158635.00,2.18,1.36,0.15,0.85
2021-01-20,11.24,11.16,11.25,11.01,9639,10739052.00,2.15,0.09,0.01,0.99
2021-01-21,11.25,11.17,11.31,11.11,8779,9836377.00,1.79,0.09,0.01,0.90
2021-01-22,11.21,11.05,11.21,10.96,9158,10111438.00,2.24,-1.07,-0.12,0.94
2021-01-25,11.05,10.72,11.06,10.69,8538,9238167.00,3.35,-2.99,-0.33,0.88
2021-01-26,10.75,10.76,10.91,10.60,5373,5799951.00,2.89,0.37,0.04,0.55
2021-01-27,10.86,11.33,11.38,10.69,17005,18877827.00,6.41,5.30,0.57,1.75
2021-01-28,11.24,11.19,11.58,11.05,18283,20843431.00,4.68,-1.24,-0.14,1.88
2021-01-29,11.15,10.82,11.50,10.69,12234,13393360.00,7.24,-3.31,-0.37,1.26
2021-02-01,10.82,11.52,11.57,10.62,23360,26276255.00,8.78,6.47,0.70,2.40
2021-02-02,11.44,11.10,12.67,11.08,28381,32802188.00,13.80,-3.65,-0.42,2.92
2021-02-03,11.11,10.76,11.11,10.71,16318,17623802.00,3.60,-3.06,-0.34,1.68
2021-02-04,10.76,10.42,10.76,10.36,12374,12982597.00,3.72,-3.16,-0.34,1.27
2021-02-05,10.42,10.49,10.63,10.39,5851,6138121.00,2.30,0.67,0.07,0.60
2021-02-08,10.49,10.49,11.54,10.41,14188,15263120.00,10.77,0.00,0.00,1.46
2021-02-09,10.49,10.63,10.77,10.43,7808,8222789.00,3.24,1.33,0.14,0.80
2021-02-10,10.68,10.66,10.70,10.55,5697,6053644.00,1.41,0.28,0.03,0.59
2021-02-18,10.66,10.90,10.94,10.66,11325,12259118.00,2.63,2.25,0.24,1.17
2021-02-19,10.81,11.20,11.21,10.81,8640,9564142.00,3.67,2.75,0.30,0.89
2021-02-22,11.20,11.28,11.48,11.17,13887,15766831.00,2.77,0.71,0.08,1.43
2021-02-23,11.27,11.20,11.30,11.08,7301,8181811.00,1.95,-0.71,-0.08,0.75
2021-02-24,11.09,11.21,11.29,11.09,6811,7638916.00,1.79,0.09,0.01,0.70
2021-02-25,11.18,11.08,11.27,11.05,6745,7502784.00,1.96,-1.16,-0.13,0.69
2021-02-26,11.59,11.75,11.94,11.40,41363,48281993.00,4.87,6.05,0.67,4.26
2021-03-01,11.76,11.90,12.08,11.61,28976,34249933.00,4.00,1.28,0.15,2.98
2021-03-02,11.87,11.73,11.90,11.58,15993,18724523.00,2.69,-1.43,-0.17,1.65
2021-03-03,11.74,11.77,11.78,11.61,10369,12138319.00,1.45,0.34,0.04,1.07
2021-03-04,11.77,11.76,11.93,11.70,12190,14416987.00,1.95,-0.08,-0.01,1.25
2021-03-05,11.71,11.80,11.86,11.71,9018,10626040.00,1.28,0.34,0.04,0.93
2021-03-08,11.83,11.68,11.92,11.67,9305,10998799.00,2.12,-1.02,-0.12,0.96
2021-03-09,11.69,11.67,11.81,11.27,14237,16447318.00,4.62,-0.09,-0.01,1.47
2021-03-10,11.68,11.29,11.70,11.26,10736,12240442.00,3.77,-3.26,-0.38,1.11
2021-03-11,11.31,11.63,11.66,11.31,8964,10321749.00,3.10,3.01,0.34,0.92
2021-03-12,11.64,11.76,11.78,11.43,10223,11933392.00,3.01,1.12,0.13,1.05
2021-03-15,11.62,11.66,11.83,11.54,7162,8361484.00,2.47,-0.85,-0.10,0.74
2021-03-16,11.56,11.80,11.82,11.56,7605,8926879.00,2.23,1.20,0.14,0.78
2021-03-17,11.83,11.89,11.97,11.78,9295,11054175.00,1.61,0.76,0.09,0.96
2021-03-18,11.89,11.73,11.94,11.73,9144,10810777.00,1.77,-1.35,-0.16,0.94
2021-03-19,11.73,11.75,11.88,11.61,8480,9990628.00,2.30,0.17,0.02,0.87
2021-03-22,11.82,11.82,11.86,11.70,9218,10868491.00,1.36,0.60,0.07,0.95
2021-03-23,11.86,11.84,11.88,11.75,9364,11075930.00,1.10,0.17,0.02,0.96
2021-03-24,11.84,11.83,11.88,11.70,8196,9679243.00,1.52,-0.08,-0.01,0.84
2021-03-25,11.81,11.80,11.93,11.76,8080,9582639.00,1.44,-0.25,-0.03,0.83
2021-03-26,11.81,11.85,11.91,11.73,7514,8894511.00,1.53,0.42,0.05,0.77
2021-03-29,11.90,11.82,11.90,11.76,6899,8150689.00,1.18,-0.25,-0.03,0.71
2021-03-30,11.84,11.71,11.85,11.60,6776,7939219.00,2.12,-0.93,-0.11,0.70
2021-03-31,11.75,11.87,11.87,11.63,8271,9734537.00,2.05,1.37,0.16,0.85
2021-04-01,11.87,11.74,11.91,11.72,5611,6601106.00,1.60,-1.10,-0.13,0.58
2021-04-02,11.80,11.86,11.87,11.68,6826,8063538.00,1.62,1.02,0.12,0.70
2021-04-06,11.81,12.08,12.09,11.81,10656,12812818.00,2.36,1.85,0.22,1.10
2021-04-07,12.13,12.19,12.20,12.06,6666,8100207.00,1.16,0.91,0.11,0.69
2021-04-08,12.19,12.03,12.29,11.98,10564,12792507.00,2.54,-1.31,-0.16,1.09
2021-04-09,11.92,11.92,12.08,11.89,7128,8516451.00,1.58,-0.91,-0.11,0.73
2021-04-12,12.00,11.69,12.00,11.65,7583,8945191.00,2.94,-1.93,-0.23,0.78
2021-04-13,11.70,11.68,11.77,11.65,4742,5553448.00,1.03,-0.09,-0.01,0.49
2021-04-14,11.68,11.79,11.80,11.54,7645,8936240.00,2.23,0.94,0.11,0.79
2021-04-15,11.72,11.76,11.84,11.71,5504,6481041.00,1.10,-0.25,-0.03,0.57
2021-04-16,11.82,12.00,12.02,11.74,11715,13986428.00,2.38,2.04,0.24,1.21
2021-04-19,12.00,12.04,12.10,11.95,8616,10358680.00,1.25,0.33,0.04,0.89
2021-04-20,12.00,12.02,12.10,12.00,6415,7723090.00,0.83,-0.17,-0.02,0.66
2021-04-21,11.99,12.03,12.10,11.83,7638,9170914.00,2.25,0.08,0.01,0.79
2021-04-22,12.03,12.28,12.37,11.95,19569,23944982.00,3.49,2.08,0.25,2.01
2021-04-23,12.32,12.00,12.32,12.00,10620,12815597.00,2.61,-2.28,-0.28,1.09
2021-04-26,12.00,12.28,12.35,11.94,14623,17774334.00,3.42,2.33,0.28,1.51
2021-04-27,12.21,11.81,12.21,11.69,17746,21009222.00,4.23,-3.83,-0.47,1.83
2021-04-28,11.39,11.32,11.39,11.02,26654,29769370.00,3.13,-4.15,-0.49,2.74
2021-04-29,11.16,11.28,11.31,11.10,9678,10837977.00,1.86,-0.35,-0.04,1.00
2021-04-30,11.22,11.11,11.22,11.03,9161,10155048.00,1.68,-1.51,-0.17,0.94
2021-05-06,10.87,10.96,11.13,10.87,11395,12509347.00,2.34,-1.35,-0.15,1.17
2021-05-07,10.94,10.87,10.99,10.70,7804,8506916.00,2.65,-0.82,-0.09,0.80
2021-05-10,10.88,11.16,11.20,10.87,8009,8789558.00,3.04,2.67,0.29,0.82
2021-05-11,11.13,11.24,11.25,11.00,5172,5766067.00,2.24,0.72,0.08,0.53
2021-05-12,11.14,11.23,11.25,11.12,4758,5328500.00,1.16,-0.09,-0.01,0.49
2021-05-13,11.13,11.25,11.30,11.13,5702,6389221.00,1.51,0.18,0.02,0.59
2021-05-14,11.18,11.33,11.34,11.18,5013,5659571.00,1.42,0.71,0.08,0.52
2021-05-17,11.32,11.33,11.35,11.05,8747,9811740.00,2.65,0.00,0.00,0.90
2021-05-18,11.33,11.97,11.97,11.21,15820,18240140.00,6.71,5.65,0.64,1.63
2021-05-19,11.76,12.85,12.95,11.61,51599,63625133.00,11.19,7.35,0.88,5.31
2021-05-20,12.58,12.99,13.30,12.21,52588,66019850.00,8.48,1.09,0.14,5.41
2021-05-21,12.75,11.88,13.01,11.88,52637,65322952.00,8.70,-8.55,-1.11,5.42
2021-05-24,12.02,11.94,12.06,11.81,22055,26268143.00,2.10,0.51,0.06,2.27
2021-05-25,11.85,11.97,11.98,11.75,14842,17617784.00,1.93,0.25,0.03,1.53
2021-05-26,12.00,11.91,12.01,11.86,8851,10547525.00,1.25,-0.50,-0.06,0.91
2021-05-27,11.91,11.85,11.97,11.75,10567,12525500.00,1.85,-0.50,-0.06,1.09
2021-05-28,11.80,11.74,11.91,11.73,9431,11123438.00,1.52,-0.93,-0.11,0.97
2021-05-31,11.88,11.76,11.90,11.72,7275,8570680.00,1.53,0.17,0.02,0.75
2021-06-01,11.69,11.75,11.79,11.59,10186,11887485.00,1.70,-0.09,-0.01,1.05
2021-06-02,11.71,11.64,11.76,11.64,7701,8999300.00,1.02,-0.94,-0.11,0.79
2021-06-03,11.64,11.80,11.86,11.63,8152,9571773.00,1.98,1.37,0.16,0.84
2021-06-04,11.70,11.72,11.81,11.69,6751,7929571.00,1.02,-0.68,-0.08,0.69
2021-06-07,11.74,11.75,11.78,11.62,4154,4857638.00,1.37,0.26,0.03,0.43
2021-06-08,11.72,11.83,11.86,11.67,4259,5020193.00,1.62,0.68,0.08,0.44
2021-06-09,11.82,12.11,12.14,11.78,10312,12394978.00,3.04,2.37,0.28,1.06
2021-06-10,12.11,12.16,12.24,11.95,9504,11517441.00,2.39,0.41,0.05,0.98
2021-06-11,12.26,12.18,12.48,12.10,13664,16791166.00,3.13,0.16,0.02,1.41
2021-06-15,13.40,13.40,13.40,13.40,21762,29161709.00,0.00,10.02,1.22,2.24
2021-06-16,13.49,12.54,13.49,12.47,52528,67865180.00,7.61,-6.42,-0.86,5.41
2021-06-17,12.40,12.27,12.96,12.26,29839,37462579.00,5.58,-2.15,-0.27,3.07
2021-06-18,12.22,12.64,13.50,12.22,45737,59236680.00,10.43,3.02,0.37,4.71
2021-06-21,12.52,13.90,13.90,12.38,56234,76160241.00,12.03,9.97,1.26,5.59
2021-06-22,14.38,13.67,14.75,13.50,98457,138151442.00,8.99,-1.65,-0.23,9.78
2021-06-23,13.35,13.39,13.56,13.26,48691,65123128.00,2.19,-2.05,-0.28,4.84
2021-06-24,13.19,12.98,13.38,12.96,28786,37673041.00,3.14,-3.06,-0.41,2.86
2021-06-25,12.98,12.68,13.04,12.60,23777,30285475.00,3.39,-2.31,-0.30,2.36
2021-06-28,12.69,12.80,12.89,12.66,13588,17366053.00,1.81,0.95,0.12,1.35
2021-06-29,12.71,12.52,12.78,12.51,17106,21587214.00,2.11,-2.19,-0.28,1.70
2021-06-30,12.52,12.59,12.75,12.35,16454,20633494.00,3.19,0.56,0.07,1.64
2021-07-01,12.59,12.51,12.93,12.50,15438,19583065.00,3.42,-0.64,-0.08,1.53
2021-07-02,12.47,12.31,12.62,12.22,14038,17374348.00,3.20,-1.60,-0.20,1.40
2021-07-05,12.32,12.54,12.56,12.22,11911,14766207.00,2.76,1.87,0.23,1.18
2021-07-06,12.54,12.48,12.54,12.32,9324,11582752.00,1.75,-0.48,-0.06,0.93
2021-07-07,12.44,12.55,12.65,12.40,10392,13040972.00,2.00,0.56,0.07,1.03
2021-07-08,12.56,12.58,12.64,12.45,10453,13094320.00,1.51,0.24,0.03,1.04
2021-07-09,12.57,12.32,12.57,12.22,13008,16034371.00,2.78,-2.07,-0.26,1.29
2021-07-12,12.39,12.55,12.65,12.36,12995,16262770.00,2.35,1.87,0.23,1.29
2021-07-13,12.65,12.56,12.65,12.43,6785,8485320.00,1.75,0.08,0.01,0.67
2021-07-14,12.58,12.34,12.68,12.32,8527,10575085.00,2.87,-1.75,-0.22,0.85
2021-07-15,12.34,11.99,12.34,11.88,11577,13951320.00,3.73,-2.84,-0.35,1.15
2021-07-16,11.89,11.94,12.20,11.89,5052,6051802.00,2.59,-0.42,-0.05,0.50
