2017-04-19,8.68,8.68,8.68,8.68,60,51819.00,0.00,10.01,0.79,0.01
2017-04-20,9.55,9.55,9.55,9.55,75,71625.00,0.00,10.02,0.87,0.01
2017-04-21,10.51,10.51,10.51,10.51,143,150187.00,0.00,10.05,0.96,0.03
2017-04-24,11.56,11.56,11.56,11.56,335,387340.00,0.00,9.99,1.05,0.06
2017-04-25,12.72,12.72,12.72,12.72,334,425204.00,0.00,10.03,1.16,0.06
2017-04-26,13.99,13.99,13.99,13.99,450,630193.00,0.00,9.98,1.27,0.08
2017-04-27,15.39,15.39,15.39,15.39,1564,2407503.00,0.00,10.01,1.40,0.28
2017-04-28,16.93,16.93,16.93,16.93,1076,1821329.00,0.00,10.01,1.54,0.19
2017-05-02,18.62,18.62,18.62,18.62,1229,2288249.00,0.00,9.98,1.69,0.22
2017-05-03,20.48,20.48,20.48,20.48,4986,10210385.00,0.00,9.99,1.86,0.90
2017-05-04,22.53,22.53,22.53,22.53,8013,18052252.00,0.00,10.01,2.05,1.44
2017-05-05,24.77,23.17,24.77,23.04,331059,787411392.00,7.68,2.84,0.64,59.65
2017-05-08,21.80,20.85,22.10,20.85,188962,399610064.00,5.39,-10.01,-2.32,34.05
2017-05-09,20.30,21.31,21.42,19.81,169867,354356432.00,7.72,2.21,0.46,30.61
2017-05-10,21.30,20.20,21.50,19.51,178153,367982704.00,9.34,-5.21,-1.11,32.10
2017-05-11,19.60,19.89,20.28,18.60,164404,318297376.00,8.32,-1.53,-0.31,29.62
2017-05-12,19.58,20.60,20.88,19.15,172501,346226848.00,8.70,3.57,0.71,31.08
2017-05-15,20.26,20.66,21.20,19.98,168458,348035936.00,5.92,0.29,0.06,30.35
2017-05-16,20.09,20.84,20.96,19.41,147807,297861968.00,7.50,0.87,0.18,26.63
2017-05-17,20.66,21.02,22.61,20.63,188786,404177840.00,9.50,0.86,0.18,34.02
2017-05-18,20.46,19.76,20.87,19.71,129182,262361979.00,5.52,-5.99,-1.26,23.28
2017-05-19,19.76,19.01,20.09,18.79,93204,180274521.00,6.58,-3.80,-0.75,16.79
2017-05-22,18.83,17.41,19.02,17.22,94219,171138859.00,9.47,-8.42,-1.60,16.98
2017-05-23,17.26,16.92,17.85,16.56,72314,124755328.00,7.41,-2.81,-0.49,13.03
2017-05-24,16.75,17.35,17.44,16.68,69114,118355263.00,4.49,2.54,0.43,12.45
2017-05-25,17.24,16.98,17.48,16.20,76720,129665508.00,7.38,-2.13,-0.37,13.82
2017-05-26,17.08,17.64,17.95,16.92,79158,138041338.00,6.07,3.89,0.66,14.26
2017-05-31,18.61,17.75,19.37,17.70,120396,224771695.00,9.47,0.62,0.11,21.69
2017-06-01,17.40,16.48,17.48,16.40,83482,141632294.00,6.08,-7.15,-1.27,15.04
2017-06-02,16.32,16.71,17.02,15.90,69190,113556387.00,6.80,1.40,0.23,12.47
2017-06-05,17.24,16.75,17.36,16.75,61672,105115854.00,3.65,0.24,0.04,11.11
2017-06-06,16.39,16.67,16.72,16.30,36867,60926891.00,2.51,-0.48,-0.08,6.64
2017-06-07,16.75,17.43,17.48,16.72,66186,113867847.00,4.56,4.56,0.76,11.93
2017-06-08,17.40,16.95,17.47,16.85,60822,104169612.00,3.56,-2.75,-0.48,10.96
2017-06-09,16.88,17.02,17.10,16.54,45279,76069362.00,3.30,0.41,0.07,8.16
2017-06-12,16.64,16.00,16.68,15.95,56472,92195682.00,4.29,-5.99,-1.02,10.18
2017-06-13,15.91,16.30,16.48,15.75,37367,60784089.00,4.56,1.88,0.30,6.73
2017-06-14,16.22,16.10,16.35,15.98,32312,52119565.00,2.27,-1.23,-0.20,5.82
2017-06-15,16.18,16.57,16.73,16.12,60651,100303933.00,3.79,2.92,0.47,10.93
2017-06-16,16.58,16.40,16.58,16.32,32818,53882827.00,1.57,-1.03,-0.17,5.91
2017-06-19,16.38,16.37,16.48,16.23,23975,39221114.00,1.52,-0.18,-0.03,4.32
2017-06-20,16.50,16.38,16.63,16.33,30343,50017052.00,1.83,0.06,0.01,5.47
2017-06-21,16.38,16.39,16.49,16.18,27749,45226585.00,1.89,0.06,0.01,5.00
2017-06-22,16.38,15.92,16.53,15.88,42856,69499256.00,3.97,-2.87,-0.47,7.72
2017-06-23,15.83,15.49,15.88,15.03,49860,77335283.00,5.34,-2.70,-0.43,8.98
2017-06-26,15.40,15.51,15.62,15.15,27374,42188934.00,3.03,0.13,0.02,4.93
2017-06-27,15.50,15.46,15.73,15.40,24792,38582694.00,2.13,-0.32,-0.05,4.47
2017-06-28,15.34,15.18,15.36,15.11,24445,37213489.00,1.62,-1.81,-0.28,4.40
2017-06-29,15.21,15.28,15.41,15.01,23159,35319801.00,2.64,0.66,0.10,4.17
2017-06-30,15.19,16.16,16.39,15.11,85541,136025588.00,8.38,5.76,0.88,15.41
2017-07-03,16.00,16.21,16.32,15.79,54449,87202973.00,3.28,0.31,0.05,9.81
2017-07-04,16.10,16.03,16.21,15.90,35515,56948742.00,1.91,-1.11,-0.18,6.40
2017-07-05,16.05,16.57,16.75,15.95,71890,118024931.00,4.99,3.37,0.54,12.95
2017-07-06,16.57,16.78,16.92,16.38,78904,131637694.00,3.26,1.27,0.21,14.22
2017-07-07,16.68,16.88,17.16,16.67,67510,113985574.00,2.92,0.60,0.10,12.16
2017-07-10,16.68,16.05,16.68,16.03,61757,100568911.00,3.85,-4.92,-0.83,11.13
2017-07-11,16.04,15.52,16.21,15.51,35953,57042993.00,4.36,-3.30,-0.53,6.48
2017-07-12,15.52,15.78,15.82,15.21,30639,47410357.00,3.93,1.68,0.26,5.52
2017-07-13,15.68,15.47,15.78,15.40,21545,33479263.00,2.41,-1.96,-0.31,3.88
2017-07-14,15.47,15.38,15.67,15.33,14606,22611751.00,2.20,-0.58,-0.09,2.63
2017-07-17,15.05,13.84,15.20,13.84,50055,71064112.00,8.84,-10.01,-1.54,9.02
2017-07-18,13.65,13.91,14.04,13.48,29615,40752550.00,4.05,0.51,0.07,5.34
2017-07-19,13.80,13.89,13.95,13.59,21965,30351737.00,2.59,-0.14,-0.02,3.96
2017-07-20,13.84,13.84,14.24,13.82,20935,29381710.00,3.02,-0.36,-0.05,3.77
2017-07-21,13.78,13.61,13.85,13.60,20220,27660610.00,1.81,-1.66,-0.23,3.64
2017-07-24,13.53,13.72,13.80,13.35,25452,34538512.00,3.31,0.81,0.11,4.59
2017-07-25,13.72,13.85,13.94,13.65,22330,30850626.00,2.11,0.95,0.13,4.02
2017-07-26,13.90,13.60,13.92,13.47,19716,26887985.00,3.25,-1.81,-0.25,3.55
2017-07-27,13.70,14.09,14.16,13.50,34708,48281227.00,4.85,3.60,0.49,6.25
2017-07-28,14.03,14.03,14.27,13.91,28865,40615905.00,2.56,-0.43,-0.06,5.20
2017-07-31,13.91,13.93,14.10,13.85,18947,26440538.00,1.78,-0.71,-0.10,3.41
2017-08-01,13.95,14.17,14.17,13.86,24269,34008427.00,2.23,1.72,0.24,4.37
2017-08-02,15.00,14.62,15.23,14.51,127966,191061861.00,5.08,3.18,0.45,23.06
2017-08-03,14.03,14.22,14.52,14.03,54218,76979167.00,3.35,-2.74,-0.40,9.77
2017-08-04,14.17,14.06,14.33,14.01,31854,45021827.00,2.25,-1.13,-0.16,5.74
2017-08-07,14.11,14.49,14.57,14.02,48182,69350616.00,3.91,3.06,0.43,8.68
2017-08-08,14.49,14.31,14.54,14.25,25733,36879409.00,2.00,-1.24,-0.18,4.64
2017-08-09,14.35,14.15,14.35,14.11,19486,27693901.00,1.68,-1.12,-0.16,3.51
2017-08-10,14.18,13.80,14.23,13.71,25594,35671494.00,3.67,-2.47,-0.35,4.61
2017-08-11,13.68,13.50,13.79,13.45,22716,30952886.00,2.46,-2.17,-0.30,4.09
2017-08-14,13.52,13.67,13.74,13.49,21928,29812921.00,1.85,1.26,0.17,3.95
2017-08-15,13.69,13.82,13.86,13.62,21918,30182559.00,1.76,1.10,0.15,3.95
2017-08-16,13.89,14.13,14.26,13.78,33200,46582453.00,3.47,2.24,0.31,5.98
2017-08-17,14.06,14.09,14.17,13.87,25345,35577132.00,2.12,-0.28,-0.04,4.57
2017-08-18,13.99,13.96,14.01,13.90,18166,25330484.00,0.78,-0.92,-0.13,3.27
2017-08-21,13.97,14.32,14.33,13.97,37411,53188176.00,2.58,2.58,0.36,6.74
2017-08-22,14.32,14.27,14.57,14.20,39401,56675782.00,2.58,-0.35,-0.05,7.10
2017-08-23,14.22,14.37,14.45,14.01,37226,53068711.00,3.08,0.70,0.10,6.71
2017-08-24,14.31,14.39,14.66,14.30,49335,71391947.00,2.51,0.14,0.02,8.89
2017-08-25,14.35,14.99,15.20,14.21,95276,141649646.00,6.88,4.17,0.60,17.17
2017-08-28,15.01,15.41,15.78,14.83,95201,145152717.00,6.34,2.80,0.42,17.15
2017-08-29,15.25,15.41,15.87,15.10,103891,160518445.00,5.00,0.00,0.00,18.72
2017-08-30,15.20,15.00,15.48,14.95,56963,86371364.00,3.44,-2.66,-0.41,10.26
2017-08-31,15.10,15.59,15.75,15.02,77703,119985619.00,4.87,3.93,0.59,14.00
2017-09-01,15.60,15.50,15.78,15.36,52513,81533752.00,2.69,-0.58,-0.09,9.46
2017-09-04,15.51,15.19,15.53,15.15,36421,55641889.00,2.45,-2.00,-0.31,6.56
2017-09-05,15.16,15.21,15.43,15.11,22653,34585858.00,2.11,0.13,0.02,4.08
2017-09-06,15.18,15.10,15.23,14.94,32380,48860736.00,1.91,-0.72,-0.11,5.83
2017-09-07,15.10,15.11,15.44,15.05,33772,51413318.00,2.58,0.07,0.01,6.09
2017-09-08,15.03,15.23,15.28,15.03,29419,44603450.00,1.65,0.79,0.12,5.30
2017-09-11,15.23,15.90,15.90,15.13,85073,132551981.00,5.06,4.40,0.67,15.33
2017-09-12,15.90,15.64,16.40,15.58,115402,185397264.00,5.16,-1.64,-0.26,20.79
2017-09-13,15.30,15.59,15.63,15.25,53577,82404902.00,2.43,-0.32,-0.05,9.65
2017-09-14,15.60,15.35,15.75,15.26,45505,70458980.00,3.14,-1.54,-0.24,8.20
2017-09-15,15.44,15.27,15.49,15.26,28584,43908317.00,1.50,-0.52,-0.08,5.15
2017-09-18,15.20,15.19,15.29,15.01,25082,37910717.00,1.83,-0.52,-0.08,4.52
2017-09-19,15.08,15.17,15.30,15.08,21732,32977802.00,1.45,-0.13,-0.02,3.92
2017-09-20,15.11,15.32,15.33,15.08,23584,35871206.00,1.65,0.99,0.15,4.25
2017-09-21,15.31,15.19,15.47,15.16,24070,36864279.00,2.02,-0.85,-0.13,4.34
2017-09-22,15.20,15.29,15.36,15.02,25918,39400302.00,2.24,0.66,0.10,4.67
2017-09-25,15.21,15.12,15.47,15.11,21667,33174912.00,2.35,-1.11,-0.17,3.90
2017-09-26,15.12,14.55,15.17,14.33,33182,48901205.00,5.56,-3.77,-0.57,5.98
2017-09-27,14.55,14.74,14.78,14.45,13847,20313784.00,2.27,1.31,0.19,2.49
2017-09-28,14.74,14.97,14.97,14.67,24821,36932530.00,2.04,1.56,0.23,4.47
2017-09-29,14.98,14.84,14.98,14.73,24969,36966536.00,1.67,-0.87,-0.13,4.50
2017-10-09,15.05,14.97,15.14,14.90,17895,26884758.00,1.62,0.88,0.13,3.22
2017-10-10,14.97,15.33,15.34,14.90,27830,42304668.00,2.94,2.40,0.36,5.01
2017-10-11,15.36,15.30,15.45,15.18,30365,46516774.00,1.76,-0.20,-0.03,5.47
2017-10-12,15.26,15.21,15.36,15.05,21272,32361133.00,2.03,-0.59,-0.09,3.83
2017-10-13,15.16,15.50,15.52,15.16,36991,56987228.00,2.37,1.91,0.29,6.66
2017-10-16,15.53,14.86,15.53,14.80,30575,46229568.00,4.71,-4.13,-0.64,5.51
2017-10-17,14.89,15.01,15.15,14.73,16656,24918556.00,2.83,1.01,0.15,3.00
2017-10-18,15.02,14.83,15.33,14.81,24368,36792864.00,3.46,-1.20,-0.18,4.39
2017-10-19,14.80,14.50,14.87,14.35,20412,29724924.00,3.51,-2.23,-0.33,3.68
2017-10-20,14.51,14.67,14.67,14.48,10609,15475671.00,1.31,1.17,0.17,1.91
2017-10-23,14.70,14.88,14.90,14.55,13288,19701533.00,2.39,1.43,0.21,2.39
2017-10-24,14.71,14.92,14.92,14.58,18211,26861416.00,2.28,0.27,0.04,3.28
2017-10-25,14.89,15.34,15.49,14.77,43426,66249568.00,4.83,2.82,0.42,7.82
2017-10-26,15.25,15.29,15.38,15.21,25829,39464143.00,1.11,-0.33,-0.05,4.65
2017-10-27,15.30,15.30,15.42,15.18,21965,33558565.00,1.57,0.07,0.01,3.96
2017-10-30,15.21,14.92,15.32,14.62,25422,37820892.00,4.58,-2.48,-0.38,4.58
2017-10-31,14.80,14.88,14.96,14.54,26014,38330155.00,2.82,-0.27,-0.04,4.69
2017-11-01,14.72,14.83,14.99,14.70,15967,23691832.00,1.95,-0.34,-0.05,2.88
2017-11-02,14.82,14.73,14.82,14.45,19978,29188526.00,2.49,-0.67,-0.10,3.60
2017-11-03,14.69,14.63,14.69,14.45,16045,23357470.00,1.63,-0.68,-0.10,2.89
2017-11-06,14.63,14.76,14.76,14.56,23247,34069855.00,1.37,0.89,0.13,4.19
2017-11-07,14.76,14.72,14.76,14.54,15801,23126035.00,1.49,-0.27,-0.04,2.85
2017-11-08,14.74,14.87,15.09,14.67,29897,44699967.00,2.85,1.02,0.15,5.39
2017-11-09,14.79,15.26,15.32,14.77,48722,73497504.00,3.70,2.62,0.39,8.78
2017-11-10,15.91,15.25,16.05,15.25,106798,167056577.00,5.24,-0.07,-0.01,19.24
2017-11-13,15.00,14.88,15.22,14.81,63050,94076164.00,2.69,-2.43,-0.37,11.36
2017-11-14,14.93,14.87,15.00,14.76,31507,46902252.00,1.61,-0.07,-0.01,5.68
2017-11-15,14.75,15.47,15.66,14.75,74025,112920393.00,6.12,4.03,0.60,13.34
2017-11-16,15.50,14.83,15.84,14.83,64948,98570415.00,6.53,-4.14,-0.64,11.70
2017-11-17,14.77,13.68,14.82,13.67,50229,70966732.00,7.75,-7.75,-1.15,9.05
2017-11-20,13.50,13.94,13.97,13.22,25366,34717034.00,5.48,1.90,0.26,4.57
2017-11-21,13.91,14.17,14.32,13.75,28679,40629909.00,4.09,1.65,0.23,5.17
2017-11-22,14.03,14.55,14.86,14.03,36214,52879924.00,5.86,2.68,0.38,6.53
2017-11-23,14.70,14.57,14.79,14.30,34608,50546418.00,3.37,0.14,0.02,6.24
2017-11-24,14.57,14.77,14.83,14.56,21285,31320516.00,1.85,1.37,0.20,3.84
2017-11-27,14.69,14.70,14.97,14.61,20935,31048253.00,2.44,-0.47,-0.07,3.77
2017-11-28,14.71,14.94,14.98,14.65,23559,35007232.00,2.24,1.63,0.24,4.24
2017-11-29,14.90,14.74,14.90,14.50,17072,25015515.00,2.68,-1.34,-0.20,3.08
2017-11-30,14.73,14.77,14.82,14.43,9667,14162539.00,2.65,0.20,0.03,1.74
2017-12-01,14.77,14.84,14.86,14.63,20589,30347872.00,1.56,0.47,0.07,3.71
2017-12-04,14.84,14.90,14.91,14.62,17229,25535406.00,1.95,0.40,0.06,3.10
2017-12-05,14.86,15.02,15.11,14.72,42856,64339955.00,2.62,0.81,0.12,7.72
2017-12-06,15.02,15.11,15.18,14.88,26685,40148208.00,2.00,0.60,0.09,4.81
2017-12-07,15.14,14.99,15.14,14.98,14790,22232528.00,1.06,-0.79,-0.12,2.66
2017-12-08,14.84,15.87,15.90,14.70,80597,125392278.00,8.01,5.87,0.88,14.52
2017-12-11,15.84,16.93,17.08,15.80,122646,203403101.00,8.07,6.68,1.06,22.10
2017-12-12,16.71,16.27,16.94,15.98,110241,180854328.00,5.67,-3.90,-0.66,19.86
2017-12-13,16.20,17.05,17.05,16.00,78311,129377490.00,6.45,4.79,0.78,14.11
2017-12-14,17.20,18.13,18.18,16.90,117193,206279256.00,7.51,6.33,1.08,21.12
2017-12-15,18.10,18.00,18.36,17.84,76726,138433500.00,2.87,-0.72,-0.13,13.82
2017-12-18,18.18,18.22,18.22,17.71,42925,77057631.00,2.83,1.22,0.22,7.73
2017-12-19,18.23,18.90,18.90,17.78,65883,120687012.00,6.15,3.73,0.68,11.87
2017-12-20,18.50,17.40,18.70,17.01,115304,204999608.00,8.94,-7.94,-1.50,20.78
2017-12-21,17.00,15.66,17.30,15.66,75679,121255139.00,9.43,-10.00,-1.74,13.64
2017-12-22,14.09,14.09,14.98,14.09,219015,311736096.00,5.68,-10.03,-1.57,39.46
2017-12-25,13.45,12.78,13.60,12.68,154681,202758750.00,6.53,-9.30,-1.31,27.87
2017-12-26,12.72,12.94,13.22,12.52,94950,122627247.00,5.48,1.25,0.16,17.11
2017-12-27,12.89,12.94,13.19,12.79,64916,84311572.00,3.09,0.00,0.00,11.70
2017-12-28,12.97,12.71,12.97,12.61,61329,78457702.00,2.78,-1.78,-0.23,11.05
2017-12-29,12.78,12.67,12.79,12.57,47778,60492079.00,1.73,-0.31,-0.04,8.61
2018-01-02,12.71,12.75,12.78,12.58,44152,56101427.00,1.58,0.63,0.08,7.96
2018-01-03,12.72,12.75,12.80,12.61,45122,57339999.00,1.49,0.00,0.00,8.13
2018-01-04,12.70,12.75,12.92,12.64,45713,58432346.00,2.20,0.00,0.00,8.24
2018-01-05,12.70,12.80,12.86,12.67,37754,48274798.00,1.49,0.39,0.05,6.80
2018-01-08,12.85,12.97,12.97,12.79,56076,72286467.00,1.41,1.33,0.17,10.10
2018-01-09,12.99,13.34,13.36,12.88,83079,109778612.00,3.70,2.85,0.37,14.97
2018-01-10,13.34,12.86,13.34,12.75,59915,77578439.00,4.42,-3.60,-0.48,10.80
2018-01-11,12.79,12.85,12.95,12.65,34536,44272145.00,2.33,-0.08,-0.01,6.22
2018-01-12,12.87,12.65,12.87,12.65,32520,41467073.00,1.71,-1.56,-0.20,5.86
2018-01-15,12.68,12.02,12.69,11.98,53015,64555280.00,5.61,-4.98,-0.63,9.55
2018-01-16,12.02,12.33,12.33,11.91,33711,41224018.00,3.49,2.58,0.31,6.07
2018-01-17,13.56,13.56,13.56,13.56,28563,38730966.00,0.00,9.98,1.23,5.15
2018-01-18,14.92,14.92,14.92,14.90,98754,147338991.00,0.15,10.03,1.36,17.79
2018-01-19,16.00,16.41,16.41,15.79,150681,244107793.00,4.16,9.99,1.49,27.15
2018-01-22,17.49,15.29,17.49,15.29,222073,361185008.00,13.41,-6.83,-1.12,40.01
2018-01-23,15.50,16.82,16.82,15.41,296689,488889392.00,9.22,10.01,1.53,53.46
2018-01-24,16.31,17.45,18.50,16.01,380070,673061168.00,14.80,3.75,0.63,68.48
2018-01-25,16.11,16.09,16.97,15.71,273936,446226624.00,7.22,-7.79,-1.36,49.36
2018-01-26,16.09,16.00,16.50,15.52,165284,265691859.00,6.09,-0.56,-0.09,29.78
2018-01-29,15.76,15.92,16.36,15.64,139479,223268035.00,4.50,-0.50,-0.08,25.13
2018-01-30,15.97,15.11,16.17,14.83,160082,245161313.00,8.42,-5.09,-0.81,28.84
2018-01-31,15.11,14.63,15.40,14.42,135496,202803614.00,6.49,-3.18,-0.48,24.41
2018-02-01,14.78,16.09,16.09,14.33,203990,312596896.00,12.03,9.98,1.46,36.75
2018-02-02,15.73,16.35,16.95,15.00,262577,421220576.00,12.12,1.62,0.26,47.31
2018-02-05,15.72,15.42,15.97,15.02,150338,233172440.00,5.81,-5.69,-0.93,27.09
2018-02-06,14.50,13.88,14.89,13.88,136456,193934514.00,6.55,-9.99,-1.54,24.59
2018-02-07,14.18,13.46,14.36,12.66,129829,177907563.00,12.25,-3.03,-0.42,23.39
2018-02-08,13.28,13.70,13.98,12.92,96293,131043095.00,7.88,1.78,0.24,17.35
2018-02-09,12.97,12.50,13.19,12.39,97322,124628671.00,5.84,-8.76,-1.20,17.54
2018-02-12,12.67,13.75,13.75,12.67,51622,68854302.00,8.64,10.00,1.25,9.30
2018-02-13,14.60,14.25,14.90,13.91,159263,228619653.00,7.20,3.64,0.50,28.70
2018-02-14,13.93,13.93,14.46,13.87,97839,138240582.00,4.14,-2.25,-0.32,17.63
2018-02-22,14.18,14.21,14.30,13.82,97676,137686846.00,3.45,2.01,0.28,17.60
2018-02-23,14.00,14.23,14.95,13.90,113587,163154500.00,7.39,0.14,0.02,20.47
2018-02-26,14.27,15.30,15.65,14.18,168161,248963727.00,10.33,7.52,1.07,30.30
2018-02-27,15.02,15.48,15.93,14.80,179004,275152720.00,7.39,1.18,0.18,32.25
2018-02-28,14.90,15.04,15.18,14.50,106759,158773141.00,4.39,-2.84,-0.44,19.24
2018-03-01,14.95,15.58,15.96,14.83,137381,211776903.00,7.51,3.59,0.54,24.75
2018-03-02,15.20,14.94,15.40,14.85,97107,146923448.00,3.53,-4.11,-0.64,17.50
2018-03-05,14.91,15.06,15.16,14.90,66462,99976862.00,1.74,0.80,0.12,11.98
2018-03-06,15.10,15.46,15.86,15.06,135116,209412029.00,5.31,2.66,0.40,24.35
2018-03-07,15.66,17.01,17.01,15.66,279892,468705680.00,8.73,10.03,1.55,50.43
2018-03-08,17.02,18.71,18.71,16.60,314214,551626800.00,12.40,9.99,1.70,56.62
2018-03-09,18.98,19.18,20.19,18.03,338416,646975136.00,11.54,2.51,0.47,60.98
2018-03-12,19.51,19.45,20.35,19.11,281319,551882336.00,6.47,1.41,0.27,50.69
2018-03-13,18.93,18.23,19.23,17.92,224919,418097952.00,6.74,-6.27,-1.22,40.53
2018-03-14,18.40,18.20,18.75,18.06,169081,311540368.00,3.78,-0.16,-0.03,30.47
2018-03-15,17.54,16.95,17.65,16.38,201568,340173360.00,6.98,-6.87,-1.25,36.32
2018-03-16,16.81,17.04,17.47,16.74,139479,237445493.00,4.31,0.53,0.09,25.13
2018-03-19,17.04,17.24,17.76,16.85,144903,251196212.00,5.34,1.17,0.20,26.11
2018-03-20,16.78,17.00,17.08,16.10,137037,226564196.00,5.68,-1.39,-0.24,24.69
2018-03-21,17.01,16.81,17.48,16.75,149090,256228663.00,4.29,-1.12,-0.19,26.86
2018-03-22,16.68,17.06,17.20,16.62,93299,158102516.00,3.45,1.49,0.25,16.81
2018-03-23,15.90,15.35,16.28,15.35,102314,161078838.00,5.45,-10.02,-1.71,18.43
2018-03-26,14.55,15.52,15.70,14.16,83133,124832817.00,10.03,1.11,0.17,14.98
2018-03-27,15.68,16.21,16.48,15.53,107718,173102134.00,6.12,4.45,0.69,19.41
2018-03-28,15.79,15.90,16.22,15.55,84121,134015168.00,4.13,-1.91,-0.31,15.16
2018-03-29,15.92,16.07,16.35,15.60,65341,104414700.00,4.72,1.07,0.17,11.77
2018-03-30,16.28,17.14,17.56,16.26,176419,298377712.00,8.09,6.66,1.07,31.79
2018-04-02,16.82,16.84,16.98,16.53,111976,187677301.00,2.63,-1.75,-0.30,20.18
2018-04-03,16.33,16.87,16.96,16.10,83796,138517041.00,5.11,0.18,0.03,15.10
2018-04-04,16.83,16.63,17.24,16.56,92640,157028259.00,4.03,-1.42,-0.24,16.69
2018-04-09,16.40,16.10,16.40,15.18,69243,110214929.00,7.34,-3.19,-0.53,12.48
2018-04-10,16.24,16.89,17.30,16.24,142181,240109521.00,6.58,4.91,0.79,25.62
2018-04-11,17.15,18.58,18.58,17.04,181878,322550224.00,9.12,10.01,1.69,32.77
2018-04-12,18.95,17.84,19.70,17.75,285852,535370992.00,10.50,-3.98,-0.74,51.50
2018-04-13,18.20,18.59,19.50,17.80,250125,470996688.00,9.53,4.20,0.75,45.07
2018-04-16,17.25,17.00,17.64,16.73,195619,333044544.00,4.90,-8.55,-1.59,35.25
2018-04-17,16.63,16.16,17.18,15.74,127402,209754876.00,8.47,-4.94,-0.84,22.96
2018-04-18,15.96,16.35,16.47,15.30,108688,172743832.00,7.24,1.18,0.19,19.58
2018-04-19,16.04,16.79,16.82,16.00,106151,175187360.00,5.02,2.69,0.44,9.71
2018-04-20,16.42,15.70,16.50,15.60,86639,139161994.00,5.36,-6.49,-1.09,7.93
2018-04-23,15.80,16.61,17.10,15.78,108315,178151604.00,8.41,5.80,0.91,9.91
2018-04-24,16.60,18.27,18.27,16.60,237599,424336576.00,10.05,9.99,1.66,21.74
2018-04-25,18.00,18.60,18.64,17.63,244686,444152448.00,5.53,1.81,0.33,22.39
2018-04-26,18.36,17.85,18.75,17.61,167622,304841424.00,6.13,-4.03,-0.75,15.34
2018-04-27,10.62,10.30,11.50,10.08,435292,474585344.00,7.96,-42.30,-7.55,23.43
2018-05-02,10.03,11.33,11.33,10.02,492665,546398192.00,12.72,10.00,1.03,26.52
2018-05-03,11.33,12.46,12.46,10.83,519443,596184112.00,14.39,9.97,1.13,27.96
2018-05-04,12.34,12.09,13.55,12.00,640091,804537536.00,12.44,-2.97,-0.37,34.45
2018-05-07,11.08,11.82,12.25,10.97,443939,510924352.00,10.59,-2.23,-0.27,23.90
2018-05-08,11.42,11.54,11.78,11.32,318973,367619664.00,3.89,-2.37,-0.28,17.17
2018-05-09,11.38,11.86,12.15,11.37,334842,394695360.00,6.76,2.77,0.32,18.02
2018-05-10,11.72,11.86,12.30,11.62,305963,366691200.00,5.73,0.00,0.00,16.47
2018-05-11,11.64,11.23,11.69,11.10,234492,265795854.00,4.97,-5.31,-0.63,12.62
2018-05-14,11.40,11.09,11.48,11.00,140255,157600944.00,4.27,-1.25,-0.14,7.55
2018-05-15,11.03,11.27,11.37,11.03,126037,141231706.00,3.07,1.62,0.18,6.78
2018-05-16,11.10,11.50,11.75,11.03,200236,229268478.00,6.39,2.04,0.23,10.78
2018-05-17,11.30,11.21,11.37,11.08,125860,140882348.00,2.52,-2.52,-0.29,6.77
2018-05-18,11.21,11.02,11.32,10.30,138211,151394513.00,9.10,-1.69,-0.19,7.44
2018-05-21,10.96,11.24,11.30,10.96,134358,150183467.00,3.09,2.00,0.22,7.23
2018-05-22,11.22,11.48,11.48,10.90,173000,194041262.00,5.16,2.14,0.24,9.31
2018-05-23,11.90,11.45,12.17,11.37,273476,320652672.00,6.97,-0.26,-0.03,14.72
2018-05-24,11.09,11.12,11.33,11.00,133967,149374864.00,2.88,-2.88,-0.33,7.21
2018-05-25,11.12,11.40,11.59,11.01,178955,204094678.00,5.22,2.52,0.28,9.63
2018-05-28,11.20,10.83,11.28,10.78,136778,149739892.00,4.39,-5.00,-0.57,7.36
2018-05-29,10.64,10.53,10.93,10.38,90602,96385124.00,5.08,-2.77,-0.30,4.88
2018-05-30,10.20,9.49,10.29,9.48,121283,119605657.00,7.69,-9.88,-1.04,6.53
2018-05-31,9.60,9.69,9.88,9.47,71769,69524294.00,4.32,2.11,0.20,3.86
2018-06-01,9.59,9.31,9.65,9.15,76521,71906185.00,5.16,-3.92,-0.38,4.12
2018-06-04,9.39,9.35,9.45,9.22,50615,47331526.00,2.47,0.43,0.04,2.72
2018-06-05,9.41,9.73,9.78,9.30,81301,78126847.00,5.13,4.06,0.38,4.38
2018-06-06,9.68,9.92,9.93,9.60,96825,94662644.00,3.39,1.95,0.19,5.21
2018-06-07,9.99,9.58,10.03,9.55,70718,68780118.00,4.84,-3.43,-0.34,3.81
2018-06-08,9.50,9.41,9.50,9.23,54217,50767142.00,2.82,-1.77,-0.17,2.92
2018-06-11,9.50,9.45,9.59,9.37,38947,36923581.00,2.34,0.43,0.04,2.10
2018-06-12,9.45,9.67,9.74,9.15,80780,77051182.00,6.24,2.33,0.22,4.35
2018-06-13,9.63,9.23,9.63,9.20,60354,56702284.00,4.45,-4.55,-0.44,3.25
2018-06-14,9.16,9.08,9.34,9.08,51753,47436265.00,2.82,-1.63,-0.15,2.79
2018-06-15,9.09,8.40,9.17,8.20,80188,68433238.00,10.68,-7.49,-0.68,4.32
2018-06-19,8.18,7.56,8.18,7.56,67556,52467479.00,7.38,-10.00,-0.84,3.64
2018-06-20,7.33,7.63,7.74,7.15,73995,55671641.00,7.80,0.93,0.07,3.98
2018-06-21,7.66,7.26,7.74,7.20,61988,46018569.00,7.08,-4.85,-0.37,3.34
2018-06-22,7.24,7.41,7.50,6.98,50007,36716840.00,7.16,2.07,0.15,2.69
2018-06-25,7.52,7.47,7.67,7.41,56486,42804926.00,3.51,0.81,0.06,3.04
2018-06-26,7.40,7.61,7.65,7.23,53733,40466325.00,5.62,1.87,0.14,2.89
2018-06-27,7.60,8.37,8.37,7.57,65153,53255728.00,10.51,9.99,0.76,3.51
2018-06-28,8.50,8.69,9.10,8.18,211157,181176278.00,10.99,3.82,0.32,11.37
2018-06-29,8.45,8.72,8.80,8.29,150271,129618614.00,5.87,0.35,0.03,8.09
2018-07-02,8.65,8.64,9.09,8.54,129139,113739542.00,6.31,-0.92,-0.08,6.95
2018-07-03,8.42,8.70,8.70,8.23,91447,78091463.00,5.44,0.69,0.06,4.92
2018-07-04,8.68,8.24,8.68,8.10,75841,63550057.00,6.67,-5.29,-0.46,4.08
2018-07-05,8.33,8.24,8.68,8.19,76391,64456929.00,5.95,0.00,0.00,4.11
2018-07-06,8.02,8.03,8.35,7.60,83577,66762188.00,9.10,-2.55,-0.21,4.50
2018-07-09,8.28,8.22,8.36,8.10,54075,44359353.00,3.24,2.37,0.19,2.91
2018-07-10,8.24,8.49,8.70,8.13,104926,88870719.00,6.93,3.28,0.27,5.65
2018-07-11,8.26,8.03,8.27,7.86,80277,64893149.00,4.83,-5.42,-0.46,4.32
2018-07-12,8.13,8.26,8.46,8.09,72848,60173388.00,4.61,2.86,0.23,3.92
2018-07-13,8.23,8.49,8.57,8.21,96038,80763444.00,4.36,2.78,0.23,5.17
2018-07-16,8.56,8.37,8.57,8.26,54332,45313597.00,3.65,-1.41,-0.12,2.92
2018-07-17,8.37,8.30,8.37,8.12,47993,39525565.00,2.99,-0.84,-0.07,2.58
2018-07-18,8.26,8.19,8.38,8.17,39556,32745792.00,2.53,-1.33,-0.11,2.13
2018-07-19,8.14,7.78,8.23,7.75,60971,48461439.00,5.86,-5.01,-0.41,3.28
2018-07-20,7.81,8.04,8.04,7.80,46232,36807427.00,3.08,3.34,0.26,2.49
2018-07-23,8.14,8.10,8.24,8.00,44313,35941121.00,2.99,0.75,0.06,2.39
2018-07-24,8.12,8.23,8.25,8.12,52542,43104472.00,1.60,1.60,0.13,2.83
2018-07-25,8.33,8.15,8.35,8.13,42967,35298542.00,2.67,-0.97,-0.08,2.31
2018-07-26,8.15,8.19,8.29,8.09,35766,29247405.00,2.45,0.49,0.04,1.93
2018-07-27,8.22,7.96,8.22,7.89,39890,31878861.00,4.03,-2.81,-0.23,2.15
2018-07-30,7.90,7.75,7.97,7.71,31177,24366621.00,3.27,-2.64,-0.21,1.68
2018-07-31,7.80,7.77,7.86,7.70,21776,16910399.00,2.06,0.26,0.02,1.17
2018-08-01,7.74,7.45,7.87,7.44,32743,24962720.00,5.53,-4.12,-0.32,1.76
2018-08-02,7.37,7.16,7.43,6.98,43869,31330652.00,6.04,-3.89,-0.29,2.36
2018-08-03,7.16,7.06,7.22,7.03,24414,17451545.00,2.65,-1.40,-0.10,1.31
2018-08-06,6.98,7.00,7.14,6.89,25211,17717328.00,3.54,-0.85,-0.06,1.36
2018-08-07,7.00,7.23,7.25,6.98,25892,18455922.00,3.86,3.29,0.23,1.39
2018-08-08,7.28,7.00,7.28,6.91,35037,24872498.00,5.12,-3.18,-0.23,1.89
2018-08-09,7.00,7.15,7.16,6.81,37008,26285871.00,5.00,2.14,0.15,1.99
2018-08-10,7.12,7.17,7.22,7.08,26511,18969513.00,1.96,0.28,0.02,1.43
2018-08-13,7.05,7.22,7.22,6.97,27417,19443521.00,3.49,0.70,0.05,1.48
2018-08-14,7.16,7.36,7.67,7.16,57800,42795362.00,7.06,1.94,0.14,3.11
2018-08-15,7.30,7.11,7.43,7.06,34820,25218023.00,5.03,-3.40,-0.25,1.87
2018-08-16,7.02,7.00,7.12,6.96,25811,18184588.00,2.25,-1.55,-0.11,1.39
2018-08-17,7.04,6.90,7.13,6.89,23606,16511514.00,3.43,-1.43,-0.10,1.27
2018-08-20,6.90,6.95,6.98,6.76,24032,16556236.00,3.19,0.72,0.05,1.29
2018-08-21,7.00,6.97,7.04,6.87,16943,11801077.00,2.45,0.29,0.02,0.91
2018-08-22,6.93,6.83,6.98,6.81,17971,12379004.00,2.44,-2.01,-0.14,0.97
2018-08-23,6.85,6.87,6.92,6.83,20808,14283987.00,1.32,0.59,0.04,1.12
2018-08-24,6.90,6.87,6.96,6.85,20370,14034383.00,1.60,0.00,0.00,1.10
2018-08-27,6.93,7.05,7.06,6.85,33165,23128600.00,3.06,2.62,0.18,1.79
2018-08-28,7.05,6.99,7.07,6.92,30484,21301319.00,2.13,-0.85,-0.06,1.64
2018-08-29,7.02,6.90,7.02,6.83,21050,14509269.00,2.72,-1.29,-0.09,1.13
2018-08-30,6.86,6.73,6.92,6.71,22202,15121372.00,3.04,-2.46,-0.17,1.20
2018-08-31,6.75,6.39,6.79,6.20,34346,22123417.00,8.77,-5.05,-0.34,1.85
2018-09-03,6.39,6.42,6.46,6.25,25807,16467588.00,3.29,0.47,0.03,1.39
2018-09-04,6.36,6.50,6.55,6.35,32246,20949748.00,3.12,1.25,0.08,1.74
2018-09-05,6.44,6.53,6.66,6.44,29718,19516603.00,3.38,0.46,0.03,1.60
2018-09-06,6.53,6.44,6.54,6.42,21401,13857985.00,1.84,-1.38,-0.09,1.15
2018-09-07,6.44,6.45,6.58,6.41,19118,12418045.00,2.64,0.16,0.01,1.03
2018-09-10,6.53,6.27,6.53,6.26,18312,11613991.00,4.19,-2.79,-0.18,0.99
2018-09-11,6.32,6.30,6.38,6.28,15092,9555002.00,1.59,0.48,0.03,0.81
2018-09-12,6.31,6.49,6.51,6.30,23600,15130181.00,3.33,3.02,0.19,1.27
2018-09-13,6.47,6.45,6.53,6.34,23035,14767875.00,2.93,-0.62,-0.04,1.24
2018-09-14,6.42,6.39,6.55,6.37,19691,12704017.00,2.79,-0.93,-0.06,1.06
2018-09-17,6.34,6.09,6.36,6.08,28508,17604494.00,4.38,-4.69,-0.30,1.53
2018-09-18,6.09,6.20,6.22,6.08,20266,12473779.00,2.30,1.81,0.11,1.09
2018-09-19,6.16,6.32,6.37,6.16,32152,20236530.00,3.39,1.94,0.12,1.73
2018-09-20,6.36,6.31,6.41,6.29,22189,14085406.00,1.90,-0.16,-0.01,1.19
2018-09-21,6.36,6.39,6.43,6.28,26043,16568263.00,2.38,1.27,0.08,1.40
2018-09-25,6.35,6.44,6.46,6.30,20879,13368969.00,2.50,0.78,0.05,1.12
2018-09-26,6.50,6.41,6.52,6.37,24653,15830259.00,2.33,-0.47,-0.03,1.33
2018-09-27,6.37,6.17,6.40,6.13,27263,17020479.00,4.21,-3.74,-0.24,1.47
2018-09-28,6.16,6.22,6.29,6.16,13702,8546045.00,2.11,0.81,0.05,0.74
2018-10-08,6.19,6.01,6.19,6.00,19865,12033241.00,3.05,-3.38,-0.21,1.07
2018-10-09,6.01,6.07,6.10,5.99,14333,8651500.00,1.83,1.00,0.06,0.77
2018-10-10,6.07,6.68,6.68,6.01,43143,28345178.00,11.04,10.05,0.61,2.32
2018-10-11,6.79,7.35,7.35,6.75,298112,212084062.00,8.98,10.03,0.67,16.05
2018-10-12,7.26,7.26,7.98,6.71,363802,268244224.00,17.28,-1.22,-0.09,19.58
2018-10-15,7.10,7.36,7.77,6.85,285164,203905751.00,12.67,1.38,0.10,15.35
2018-10-16,7.02,6.80,7.29,6.78,201374,141180081.00,6.93,-7.61,-0.56,10.84
2018-10-17,6.81,7.02,7.20,6.80,163273,114230169.00,5.88,3.24,0.22,8.79
2018-10-18,6.77,7.47,7.72,6.62,328332,240176277.00,15.67,6.41,0.45,17.67
2018-10-19,7.00,7.69,7.86,6.90,327779,241580138.00,12.85,2.95,0.22,17.64
2018-10-22,7.53,7.93,8.25,7.40,327486,255893187.00,11.05,3.12,0.24,17.63
2018-10-23,7.75,7.60,7.87,7.54,197752,151743708.00,4.16,-4.16,-0.33,10.64
2018-10-24,7.53,7.35,7.62,7.23,131132,96547808.00,5.13,-3.29,-0.25,7.06
2018-10-25,7.06,7.55,7.68,6.93,150131,109559806.00,10.20,2.72,0.20,8.08
2018-10-26,7.53,7.26,7.59,7.22,104554,77269905.00,4.90,-3.84,-0.29,5.63
2018-10-29,7.22,7.31,7.36,7.11,59601,43263942.00,3.44,0.69,0.05,3.21
2018-10-30,7.28,7.77,8.00,7.25,227586,173895564.00,10.26,6.29,0.46,12.25
2018-10-31,7.67,7.60,7.77,7.50,156640,119227431.00,3.47,-2.19,-0.17,8.43
2018-11-01,7.60,7.58,7.61,7.43,117358,88381016.00,2.37,-0.26,-0.02,6.32
2018-11-02,7.59,7.62,7.73,7.50,116175,88432622.00,3.03,0.53,0.04,6.25
2018-11-05,7.59,7.68,7.70,7.52,99897,76074475.00,2.36,0.79,0.06,5.38
2018-11-06,7.61,7.50,7.61,7.38,68225,51168540.00,2.99,-2.34,-0.18,3.67
2018-11-07,7.50,7.18,7.57,7.11,108216,79418976.00,6.13,-4.27,-0.32,5.82
2018-11-08,7.24,7.28,7.28,7.12,71473,51414663.00,2.23,1.39,0.10,3.85
2018-11-09,7.20,7.17,7.33,7.16,44624,32270568.00,2.34,-1.51,-0.11,2.40
2018-11-12,7.15,7.34,7.40,7.10,66045,48056895.00,4.18,2.37,0.17,3.55
2018-11-13,7.20,7.37,7.45,7.15,79574,58257820.00,4.09,0.41,0.03,4.28
2018-11-14,7.32,7.47,7.59,7.31,105113,78305247.00,3.80,1.36,0.10,5.66
2018-11-15,7.43,7.54,7.55,7.39,78418,58700348.00,2.14,0.94,0.07,4.22
2018-11-16,7.56,7.45,7.59,7.44,78643,58967311.00,1.99,-1.19,-0.09,4.23
2018-11-19,7.44,7.29,7.44,7.18,70412,51100725.00,3.49,-2.15,-0.16,3.79
2018-11-20,7.22,7.33,7.34,7.15,57470,41598059.00,2.61,0.55,0.04,3.09
2018-11-21,7.22,7.30,7.37,7.22,52409,38240366.00,2.05,-0.41,-0.03,2.82
2018-11-22,7.30,7.25,7.33,7.20,35782,25986802.00,1.78,-0.68,-0.05,1.93
2018-11-23,7.25,6.63,7.25,6.62,75575,52216701.00,8.69,-8.55,-0.62,4.07
2018-11-26,6.62,6.57,6.71,6.53,30912,20515662.00,2.71,-0.90,-0.06,1.66
2018-11-27,6.61,6.55,6.67,6.48,25480,16782659.00,2.89,-0.30,-0.02,1.37
2018-11-28,6.55,6.61,6.61,6.21,42789,27555953.00,6.11,0.92,0.06,2.30
2018-11-29,6.62,6.45,6.70,6.41,31917,21041698.00,4.39,-2.42,-0.16,1.72
2018-11-30,6.37,6.46,6.51,6.28,24400,15670863.00,3.57,0.16,0.01,1.31
2018-12-03,6.62,7.11,7.11,6.55,54974,37682073.00,8.67,10.06,0.65,2.96
2018-12-04,7.60,7.21,7.80,7.19,180205,133735341.00,8.58,1.41,0.10,9.70
2018-12-05,6.85,7.16,7.43,6.85,126594,90224140.00,8.04,-0.69,-0.05,6.81
2018-12-06,7.04,6.95,7.26,6.91,80281,56774618.00,4.89,-2.93,-0.21,4.32
2018-12-07,6.98,6.93,7.12,6.88,45975,32040370.00,3.45,-0.29,-0.02,2.47
2018-12-10,6.88,6.88,6.98,6.81,38871,26822125.00,2.45,-0.72,-0.05,2.09
2018-12-11,6.90,6.85,6.96,6.75,33050,22729424.00,3.05,-0.44,-0.03,1.78
2018-12-12,6.89,7.17,7.48,6.88,108644,77845011.00,8.76,4.67,0.32,5.85
2018-12-13,7.09,7.11,7.19,7.01,75105,53285369.00,2.51,-0.84,-0.06,4.04
2018-12-14,7.09,6.72,7.10,6.70,68024,46837056.00,5.63,-5.49,-0.39,3.66
2018-12-17,6.68,6.80,6.86,6.68,31353,21261721.00,2.68,1.19,0.08,1.69
2018-12-18,6.74,6.69,6.82,6.57,34384,22980790.00,3.68,-1.62,-0.11,1.85
2018-12-19,6.61,6.65,6.74,6.61,21596,14390860.00,1.94,-0.60,-0.04,1.16
2018-12-20,6.65,6.64,6.68,6.57,24777,16418446.00,1.65,-0.15,-0.01,1.33
2018-12-21,6.60,6.59,6.64,6.47,26192,17162708.00,2.56,-0.75,-0.05,1.41
2018-12-24,6.59,6.66,6.68,6.56,23856,15833534.00,1.82,1.06,0.07,1.28
2018-12-25,6.61,6.52,6.61,6.34,29849,19239051.00,4.05,-2.10,-0.14,1.61
2018-12-26,6.51,6.49,6.56,6.45,21864,14225969.00,1.69,-0.46,-0.03,1.18
2018-12-27,6.60,6.38,6.64,6.38,26393,17173802.00,4.01,-1.69,-0.11,1.42
2018-12-28,6.38,6.37,6.46,6.35,19567,12515337.00,1.72,-0.16,-0.01,1.05
2019-01-02,6.38,6.37,6.49,6.36,13921,8909693.00,2.04,0.00,0.00,0.75
2019-01-03,6.37,6.39,6.44,6.31,20895,13329801.00,2.04,0.31,0.02,1.12
2019-01-04,6.36,6.58,6.64,6.26,46037,29839003.00,5.95,2.97,0.19,2.48
2019-01-07,6.59,6.63,6.69,6.50,45569,30162378.00,2.89,0.76,0.05,2.45
2019-01-08,6.62,6.59,6.65,6.54,27638,18221644.00,1.66,-0.60,-0.04,1.49
2019-01-09,6.69,6.75,7.10,6.60,85820,58683182.00,7.59,2.43,0.16,4.62
2019-01-10,6.70,6.56,6.70,6.51,50395,33163691.00,2.81,-2.81,-0.19,2.71
2019-01-11,6.54,6.64,6.66,6.50,34234,22588967.00,2.44,1.22,0.08,1.84
2019-01-14,6.64,6.58,6.66,6.56,26210,17306954.00,1.51,-0.90,-0.06,1.41
2019-01-15,6.57,6.70,6.78,6.52,38775,25907394.00,3.95,1.82,0.12,2.09
2019-01-16,6.75,6.65,6.75,6.63,30749,20553160.00,1.79,-0.75,-0.05,1.66
2019-01-17,6.66,6.56,6.68,6.52,20409,13421931.00,2.41,-1.35,-0.09,1.10
2019-01-18,6.56,6.60,6.61,6.52,19635,12900480.00,1.37,0.61,0.04,1.06
2019-01-21,6.59,6.61,6.65,6.57,18949,12531631.00,1.21,0.15,0.01,1.02
2019-01-22,6.63,6.50,6.63,6.50,17557,11506871.00,1.97,-1.66,-0.11,0.95
2019-01-23,6.51,6.59,6.59,6.50,16172,10608061.00,1.38,1.38,0.09,0.87
2019-01-24,6.58,6.52,6.60,6.48,22457,14690550.00,1.82,-1.06,-0.07,1.21
2019-01-25,6.52,6.50,6.59,6.49,18979,12436637.00,1.53,-0.31,-0.02,1.02
2019-01-28,6.51,6.44,6.65,6.43,24778,16202506.00,3.38,-0.92,-0.06,1.33
2019-01-29,6.48,6.15,6.48,6.08,33537,20831686.00,6.21,-4.50,-0.29,1.81
2019-01-30,6.21,6.10,6.26,6.09,17300,10702049.00,2.76,-0.81,-0.05,0.93
2019-01-31,6.10,5.67,6.17,5.50,41797,24193692.00,10.98,-7.05,-0.43,2.25
2019-02-01,5.67,5.95,5.95,5.62,30045,17582311.00,5.82,4.94,0.28,1.62
2019-02-11,5.95,6.17,6.19,5.95,26648,16333576.00,4.03,3.70,0.22,1.43
2019-02-12,6.25,6.22,6.28,6.16,24406,15168930.00,1.94,0.81,0.05,1.31
2019-02-13,6.28,6.32,6.34,6.21,31319,19730874.00,2.09,1.61,0.10,1.69
2019-02-14,6.34,6.43,6.48,6.32,34976,22418310.00,2.53,1.74,0.11,1.88
2019-02-15,6.37,6.26,6.41,6.26,34984,22156579.00,2.33,-2.64,-0.17,1.88
2019-02-18,6.34,6.50,6.52,6.33,44198,28539835.00,3.04,3.83,0.24,2.38
2019-02-19,6.56,6.46,6.59,6.38,41234,26722017.00,3.23,-0.62,-0.04,2.22
2019-02-20,6.50,6.52,6.58,6.43,33793,21981391.00,2.32,0.93,0.06,1.82
2019-02-21,6.54,6.53,6.66,6.41,55739,36606541.00,3.83,0.15,0.01,3.00
2019-02-22,6.60,6.65,6.65,6.50,44656,29357263.00,2.30,1.84,0.12,2.40
2019-02-25,6.65,6.90,6.94,6.65,102607,69678077.00,4.36,3.76,0.25,5.52
2019-02-26,6.99,6.85,7.00,6.74,100143,68908329.00,3.77,-0.72,-0.05,5.39
2019-02-27,6.87,6.84,6.90,6.71,60360,41200082.00,2.77,-0.15,-0.01,3.25
2019-02-28,6.81,6.91,6.98,6.74,81875,56230842.00,3.51,1.02,0.07,4.41
2019-03-01,6.91,6.81,6.92,6.75,47438,32253642.00,2.46,-1.45,-0.10,2.55
2019-03-04,6.84,6.94,6.97,6.78,83411,57602728.00,2.79,1.91,0.13,4.49
2019-03-05,6.90,7.21,7.29,6.83,107255,75793348.00,6.63,3.89,0.27,5.77
2019-03-06,7.15,7.29,7.29,7.02,111870,80238378.00,3.74,1.11,0.08,6.02
2019-03-07,7.27,7.33,7.46,7.13,109271,79584786.00,4.53,0.55,0.04,5.88
2019-03-08,7.16,6.87,7.26,6.74,89896,63436641.00,7.09,-6.28,-0.46,4.84
2019-03-11,6.87,7.15,7.16,6.83,59780,42003270.00,4.80,4.08,0.28,3.22
2019-03-12,7.23,7.29,7.29,7.12,92686,66833442.00,2.38,1.96,0.14,4.99
2019-03-13,7.25,7.11,7.38,7.00,93333,67478031.00,5.21,-2.47,-0.18,5.02
2019-03-14,7.13,7.11,7.45,7.08,92292,66710466.00,5.20,0.00,0.00,4.97
2019-03-15,7.16,7.17,7.18,7.03,69416,49419004.00,2.11,0.84,0.06,3.74
2019-03-18,7.16,7.33,7.34,7.10,75067,54338542.00,3.35,2.23,0.16,4.04
2019-03-19,7.39,7.25,7.48,7.18,65806,47991401.00,4.09,-1.09,-0.08,3.54
2019-03-20,7.27,7.19,7.30,7.02,63943,45809614.00,3.86,-0.83,-0.06,3.44
2019-03-21,7.18,7.23,7.28,7.14,63293,45700414.00,1.95,0.56,0.04,3.41
2019-03-22,7.24,7.23,7.24,7.04,55897,39984370.00,2.77,0.00,0.00,3.01
2019-03-25,7.19,7.12,7.22,7.10,41192,29537726.00,1.66,-1.52,-0.11,2.22
2019-03-26,7.13,6.85,7.16,6.81,56139,39356952.00,4.92,-3.79,-0.27,3.02
2019-03-27,6.87,7.05,7.05,6.70,39053,26869152.00,5.11,2.92,0.20,2.10
2019-03-28,7.02,6.84,7.06,6.83,35991,25026833.00,3.26,-2.98,-0.21,1.94
2019-03-29,6.85,7.00,7.00,6.76,35238,24375307.00,3.51,2.34,0.16,1.90
2019-04-01,7.02,7.26,7.26,7.02,76939,55207677.00,3.43,3.71,0.26,4.14
2019-04-02,7.33,7.22,7.37,7.19,67277,48851490.00,2.48,-0.55,-0.04,3.62
2019-04-03,7.19,7.38,7.41,7.16,82462,60235449.00,3.46,2.22,0.16,4.44
2019-04-04,7.37,7.74,7.96,7.32,195207,149756378.00,8.67,4.88,0.36,10.51
2019-04-08,7.74,7.51,7.74,7.36,138715,104124669.00,4.91,-2.97,-0.23,7.47
2019-04-09,7.50,7.43,7.50,7.30,68354,50514661.00,2.66,-1.07,-0.08,3.68
2019-04-10,7.37,7.36,7.41,7.26,58508,42932096.00,2.02,-0.94,-0.07,3.15
2019-04-11,7.31,7.37,7.47,7.29,64042,47335996.00,2.45,0.14,0.01,3.45
2019-04-12,7.48,7.41,7.63,7.37,83874,62655854.00,3.53,0.54,0.04,4.51
2019-04-15,7.49,7.22,7.51,7.22,58395,43107299.00,3.91,-2.56,-0.19,3.14
2019-04-16,7.30,7.20,7.30,6.50,62526,44274186.00,11.08,-0.28,-0.02,3.37
2019-04-17,7.21,7.40,7.45,7.12,73347,53757779.00,4.58,2.78,0.20,3.95
2019-04-18,7.43,7.58,7.80,7.38,144261,109773509.00,5.68,2.43,0.18,7.77
2019-04-19,7.50,7.58,7.64,7.40,64876,48775741.00,3.17,0.00,0.00,3.49
2019-04-22,7.63,7.29,7.68,7.27,60647,45040108.00,5.41,-3.83,-0.29,3.26
2019-04-23,7.35,7.08,7.35,7.08,49158,35102682.00,3.70,-2.88,-0.21,2.65
2019-04-24,6.99,7.14,7.19,6.99,39956,28336666.00,2.82,0.85,0.06,2.15
2019-04-25,7.13,6.69,7.13,6.65,61938,42765919.00,6.72,-6.30,-0.45,3.33
2019-04-26,6.63,6.64,6.73,6.58,28037,18667618.00,2.24,-0.75,-0.05,1.51
2019-04-29,6.67,6.21,6.67,6.12,45693,29028241.00,8.28,-6.48,-0.43,2.46
2019-04-30,6.23,6.31,6.42,6.20,23226,14713001.00,3.54,1.61,0.10,1.25
2019-05-06,6.15,5.84,6.27,5.75,35305,21241641.00,8.24,-7.45,-0.47,1.90
2019-05-07,5.86,5.94,6.01,5.80,24768,14666953.00,3.60,1.71,0.10,1.33
2019-05-08,5.82,6.01,6.08,5.82,28800,17291946.00,4.38,1.18,0.07,1.55
2019-05-09,6.01,5.98,6.07,5.96,18123,10892246.00,1.83,-0.50,-0.03,0.98
2019-05-10,6.02,6.19,6.25,5.93,31922,19627372.00,5.35,3.51,0.21,1.72
2019-05-13,6.11,6.26,6.44,6.06,34061,21380516.00,6.14,1.13,0.07,1.83
2019-05-14,6.20,6.37,6.67,6.15,50689,32412911.00,8.31,1.76,0.11,2.73
2019-05-15,6.46,6.35,6.47,6.26,40833,25852406.00,3.30,-0.31,-0.02,2.20
2019-05-16,6.27,6.28,6.34,6.25,26934,16933721.00,1.42,-1.10,-0.07,1.45
2019-05-17,6.28,6.01,6.32,5.99,33108,20262528.00,5.25,-4.30,-0.27,1.78
2019-05-20,6.01,6.05,6.07,5.81,21959,13091025.00,4.33,0.67,0.04,1.18
2019-05-21,6.04,6.21,6.26,5.98,24451,15108793.00,4.63,2.64,0.16,1.32
2019-05-22,6.20,6.16,6.30,6.12,20356,12637231.00,2.90,-0.81,-0.05,1.10
2019-05-23,6.15,5.99,6.15,5.95,18193,10973936.00,3.25,-2.76,-0.17,0.98
2019-05-24,5.97,5.99,6.07,5.94,17121,10285949.00,2.17,0.00,0.00,0.92
2019-05-27,5.97,6.15,6.15,5.90,17670,10681984.00,4.17,2.67,0.16,0.95
2019-05-28,6.11,6.12,6.22,6.10,17538,10826294.00,1.95,-0.49,-0.03,0.94
2019-05-29,6.10,6.16,6.21,6.08,16356,10097781.00,2.12,0.65,0.04,0.88
2019-05-30,6.16,6.14,6.18,6.05,15765,9645561.00,2.11,-0.32,-0.02,0.85
2019-05-31,6.15,6.15,6.20,6.12,12304,7576660.00,1.30,0.16,0.01,0.66
2019-06-03,6.16,6.05,6.18,6.01,13685,8318508.00,2.76,-1.63,-0.10,0.74
2019-06-04,5.99,5.91,6.06,5.85,16046,9511343.00,3.47,-2.31,-0.14,0.86
2019-06-05,5.97,5.86,5.97,5.85,13013,7687631.00,2.03,-0.85,-0.05,0.70
2019-06-06,5.85,5.73,5.89,5.69,13436,7748097.00,3.41,-2.22,-0.13,0.72
2019-06-10,5.74,5.87,5.90,5.69,13181,7685197.00,3.66,2.44,0.14,0.71
2019-06-11,5.87,5.99,6.02,5.81,25004,14815369.00,3.58,2.04,0.12,1.35
2019-06-12,5.95,5.88,6.04,5.87,19617,11625118.00,2.84,-1.84,-0.11,1.06
2019-06-13,5.89,5.92,5.93,5.81,19269,11306778.00,2.04,0.68,0.04,1.04
2019-06-14,5.90,5.73,5.92,5.71,16763,9756082.00,3.55,-3.21,-0.19,0.90
2019-06-17,5.76,5.80,5.83,5.73,12029,6959293.00,1.75,1.22,0.07,0.65
2019-06-18,5.80,5.77,5.87,5.74,10173,5876617.00,2.24,-0.52,-0.03,0.55
2019-06-19,5.85,5.88,5.96,5.84,22497,13256658.00,2.08,1.91,0.11,1.21
2019-06-20,5.92,6.01,6.01,5.85,29625,17666125.00,2.72,2.21,0.13,1.59
2019-06-21,6.02,6.15,6.24,6.01,42489,26084999.00,3.83,2.33,0.14,2.29
2019-06-24,6.14,6.09,6.20,6.04,36028,21950316.00,2.60,-0.98,-0.06,1.94
2019-06-25,6.09,6.12,6.17,5.96,33042,20103165.00,3.45,0.49,0.03,1.78
2019-06-26,6.12,6.19,6.24,6.03,31293,19286985.00,3.43,1.14,0.07,1.68
2019-06-27,6.18,6.18,6.28,6.13,30651,19015105.00,2.42,-0.16,-0.01,1.65
2019-06-28,6.15,6.17,6.21,6.06,17783,10937277.00,2.43,-0.16,-0.01,0.96
2019-07-01,6.23,6.26,6.29,6.20,27492,17180918.00,1.46,1.46,0.09,1.48
2019-07-02,6.26,6.28,6.34,6.21,24757,15573328.00,2.08,0.32,0.02,1.33
2019-07-03,6.29,6.91,6.91,6.24,102542,68248148.00,10.67,10.03,0.63,5.52
2019-07-04,7.36,7.60,7.60,7.36,375486,284798144.00,3.47,9.99,0.69,20.21
2019-07-05,6.86,7.10,7.99,6.84,432522,307034256.00,15.13,-6.58,-0.50,23.28
2019-07-08,6.80,6.39,6.83,6.39,307174,199643706.00,6.20,-10.00,-0.71,16.53
2019-07-09,6.21,6.10,6.26,6.03,186573,114303428.00,3.60,-4.54,-0.29,10.04
2019-07-10,6.07,5.92,6.16,5.86,132614,79566487.00,4.92,-2.95,-0.18,7.14
2019-07-11,5.95,6.09,6.12,5.88,107651,64491993.00,4.05,2.87,0.17,5.79
2019-07-12,6.06,5.98,6.08,5.97,76929,46285294.00,1.81,-1.81,-0.11,4.14
2019-07-15,6.00,5.99,6.03,5.80,78534,46498011.00,3.85,0.17,0.01,4.23
2019-07-16,6.01,6.11,6.18,5.97,99848,60722069.00,3.51,2.00,0.12,5.37
2019-07-17,6.07,6.11,6.15,6.03,70196,42703444.00,1.96,0.00,0.00,3.78
2019-07-18,6.10,5.90,6.10,5.89,83792,49681194.00,3.44,-3.44,-0.21,4.51
2019-07-19,5.94,5.94,6.01,5.88,51970,30880269.00,2.20,0.68,0.04,2.80
2019-07-22,5.94,5.58,5.97,5.56,82318,46862943.00,6.90,-6.06,-0.36,4.43
2019-07-23,5.60,5.76,5.78,5.55,55800,31620453.00,4.12,3.23,0.18,3.00
2019-07-24,5.82,5.77,5.87,5.75,49078,28518436.00,2.08,0.17,0.01,2.64
2019-07-25,5.79,5.81,5.84,5.71,48030,27673385.00,2.25,0.69,0.04,2.59
2019-07-26,5.76,5.77,5.81,5.73,28225,16291485.00,1.38,-0.69,-0.04,1.52
2019-07-29,5.75,5.82,5.87,5.75,24121,13973290.00,2.08,0.87,0.05,1.30
2019-07-30,5.78,5.89,5.94,5.78,36998,21783348.00,2.75,1.20,0.07,1.99
2019-07-31,5.86,5.80,5.89,5.75,25881,15035203.00,2.38,-1.53,-0.09,1.39
2019-08-01,5.75,5.75,5.81,5.71,20649,11887779.00,1.72,-0.86,-0.05,1.11
2019-08-02,5.65,5.67,5.72,5.56,28333,15996795.00,2.78,-1.39,-0.08,1.53
2019-08-05,5.61,5.61,5.69,5.59,20283,11435323.00,1.76,-1.06,-0.06,1.09
2019-08-06,5.52,5.36,5.54,5.19,47961,25584573.00,6.24,-4.46,-0.25,2.58
2019-08-07,5.33,5.28,5.39,5.26,21966,11705681.00,2.43,-1.49,-0.08,1.18
2019-08-08,5.35,5.32,5.41,5.30,27260,14567493.00,2.08,0.76,0.04,1.47
2019-08-09,5.36,5.29,5.42,5.26,22172,11853183.00,3.01,-0.56,-0.03,1.19
2019-08-12,5.29,5.35,5.35,5.27,18942,10062546.00,1.51,1.13,0.06,1.02
2019-08-13,5.31,5.29,5.31,5.25,17249,9111457.00,1.12,-1.12,-0.06,0.93
2019-08-14,5.35,5.42,5.52,5.33,45206,24503648.00,3.59,2.46,0.13,2.43
2019-08-15,5.30,5.36,5.39,5.25,32239,17133562.00,2.58,-1.11,-0.06,1.74
2019-08-16,5.34,5.37,5.43,5.33,22279,12020568.00,1.87,0.19,0.01,1.20
2019-08-19,5.44,5.50,5.52,5.40,36811,20165847.00,2.23,2.42,0.13,1.98
2019-08-20,5.53,5.50,5.57,5.48,31803,17529935.00,1.64,0.00,0.00,1.71
2019-08-21,5.51,5.48,5.54,5.46,20305,11161854.00,1.45,-0.36,-0.02,1.09
2019-08-22,5.52,5.51,5.53,5.46,17815,9794582.00,1.28,0.55,0.03,0.96
2019-08-23,5.51,5.46,5.54,5.42,32703,17911039.00,2.18,-0.91,-0.05,1.76
2019-08-26,5.44,6.01,6.01,5.39,49325,28818570.00,11.36,10.07,0.55,2.65
2019-08-27,6.20,5.99,6.36,5.93,230486,142125988.00,7.15,-0.33,-0.02,12.41
2019-08-28,5.95,6.09,6.26,5.83,185342,113684205.00,7.18,1.67,0.10,9.98
2019-08-29,5.92,6.13,6.17,5.82,128240,76207650.00,5.75,0.66,0.04,6.90
2019-08-30,6.07,5.89,6.12,5.83,87542,52154109.00,4.73,-3.92,-0.24,4.71
2019-09-02,5.83,5.94,6.00,5.81,57820,34144884.00,3.23,0.85,0.05,3.11
2019-09-03,5.93,5.89,5.95,5.85,44546,26212656.00,1.68,-0.84,-0.05,2.40
2019-09-04,5.89,5.83,5.92,5.73,55549,32266161.00,3.23,-1.02,-0.06,2.99
2019-09-05,5.84,5.86,5.93,5.81,53622,31509723.00,2.06,0.51,0.03,2.89
2019-09-06,5.85,5.92,5.98,5.83,41685,24596128.00,2.56,1.02,0.06,2.24
2019-09-09,5.97,5.98,6.01,5.90,57158,33984922.00,1.86,1.01,0.06,3.08
2019-09-10,5.98,6.07,6.07,5.92,58267,34879238.00,2.51,1.51,0.09,3.14
2019-09-11,6.07,6.05,6.35,5.99,111050,68042087.00,5.93,-0.33,-0.02,5.98
2019-09-12,6.08,6.01,6.10,5.97,51319,30910332.00,2.15,-0.66,-0.04,2.76
2019-09-16,6.04,6.05,6.06,5.98,37308,22499859.00,1.33,0.67,0.04,2.01
2019-09-17,6.06,5.84,6.06,5.82,38108,22576593.00,3.97,-3.47,-0.21,2.05
2019-09-18,5.86,5.86,5.96,5.83,24253,14284004.00,2.23,0.34,0.02,1.31
2019-09-19,5.88,5.92,5.94,5.84,20286,11935937.00,1.71,1.02,0.06,1.09
2019-09-20,5.88,5.93,6.01,5.88,29843,17769621.00,2.20,0.17,0.01,1.61
2019-09-23,5.90,6.05,6.10,5.89,74415,44847974.00,3.54,2.02,0.12,4.01
2019-09-24,6.03,6.11,6.11,5.97,65846,39832953.00,2.31,0.99,0.06,3.54
2019-09-25,6.03,5.91,6.20,5.90,63940,38681597.00,4.91,-3.27,-0.20,3.44
2019-09-26,5.92,5.60,5.94,5.59,60901,34701598.00,5.92,-5.25,-0.31,3.28
2019-09-27,5.60,5.65,5.68,5.56,16454,9268804.00,2.14,0.89,0.05,0.89
2019-09-30,5.68,5.52,5.68,5.52,15893,8901564.00,2.83,-2.30,-0.13,0.86
2019-10-08,5.52,5.45,5.56,5.44,25749,14172971.00,2.17,-1.27,-0.07,1.39
2019-10-09,5.47,5.53,5.54,5.43,22987,12653369.00,2.02,1.47,0.08,1.24
2019-10-10,5.56,5.62,5.63,5.50,24179,13510712.00,2.35,1.63,0.09,1.30
2019-10-11,5.57,5.57,5.62,5.49,30729,17082244.00,2.31,-0.89,-0.05,1.65
2019-10-14,5.63,5.68,5.70,5.60,31608,17906017.00,1.80,1.97,0.11,1.70
2019-10-15,5.69,5.63,5.69,5.59,25625,14446868.00,1.76,-0.88,-0.05,1.38
2019-10-16,5.67,5.55,5.67,5.53,26355,14718655.00,2.49,-1.42,-0.08,1.42
2019-10-17,5.54,5.57,5.60,5.52,16789,9345288.00,1.44,0.36,0.02,0.90
2019-10-18,5.57,5.52,5.61,5.39,32820,18015953.00,3.95,-0.90,-0.05,1.77
2019-10-21,5.45,5.48,5.49,5.42,25160,13722742.00,1.27,-0.72,-0.04,1.35
2019-10-22,5.48,5.53,5.55,5.45,21355,11754672.00,1.82,0.91,0.05,1.15
2019-10-23,5.53,5.52,5.60,5.51,14329,7964412.00,1.63,-0.18,-0.01,0.77
2019-10-24,5.54,5.58,5.63,5.50,20257,11297377.00,2.36,1.09,0.06,1.09
2019-10-25,5.55,5.68,5.68,5.54,28347,15957578.00,2.51,1.79,0.10,1.53
2019-10-28,5.68,5.75,5.80,5.64,27833,15959763.00,2.82,1.23,0.07,1.50
2019-10-29,5.74,5.61,5.77,5.59,21066,11949805.00,3.13,-2.43,-0.14,1.13
2019-10-30,5.63,5.55,5.69,5.52,16441,9166324.00,3.03,-1.07,-0.06,0.88
2019-10-31,5.62,5.53,5.70,5.52,22837,12826515.00,3.24,-0.36,-0.02,1.23
2019-11-01,5.47,5.70,5.70,5.47,31040,17436823.00,4.16,3.07,0.17,1.67
2019-11-04,5.64,5.54,5.68,5.46,36370,20300234.00,3.86,-2.81,-0.16,1.96
2019-11-05,5.53,5.47,5.54,5.35,31202,17016017.00,3.43,-1.26,-0.07,1.68
2019-11-06,5.50,5.39,5.50,5.36,21885,11866930.00,2.56,-1.46,-0.08,1.18
2019-11-07,5.39,5.43,5.48,5.36,14879,8093085.00,2.23,0.74,0.04,0.80
2019-11-08,5.42,5.47,5.55,5.42,15330,8397650.00,2.39,0.74,0.04,0.83
2019-11-11,5.45,5.28,5.45,5.27,18533,9911690.00,3.29,-3.47,-0.19,1.00
2019-11-12,5.32,5.35,5.35,5.20,16449,8669475.00,2.84,1.33,0.07,0.89
2019-11-13,5.35,5.36,5.43,5.25,13876,7455985.00,3.36,0.19,0.01,0.75
2019-11-14,5.36,5.39,5.40,5.31,10599,5681737.00,1.68,0.56,0.03,0.57
2019-11-15,5.58,5.35,5.58,5.35,23803,12951689.00,4.27,-0.74,-0.04,1.28
2019-11-18,5.29,5.24,5.31,5.06,20310,10619987.00,4.67,-2.06,-0.11,1.09
2019-11-19,5.24,5.39,5.45,5.20,25188,13471602.00,4.77,2.86,0.15,1.36
2019-11-20,5.45,5.38,5.48,5.35,17676,9573366.00,2.41,-0.19,-0.01,0.95
2019-11-21,5.35,5.33,5.36,5.28,13707,7277341.00,1.49,-0.93,-0.05,0.74
2019-11-22,5.36,5.29,5.38,5.25,14077,7485521.00,2.44,-0.75,-0.04,0.76
2019-11-25,5.30,5.28,5.31,5.18,11528,6063219.00,2.46,-0.19,-0.01,0.62
2019-11-26,5.30,5.27,5.33,5.26,11180,5914571.00,1.33,-0.19,-0.01,0.60
2019-11-27,5.27,5.23,5.31,5.21,10650,5584005.00,1.90,-0.76,-0.04,0.57
2019-11-28,5.23,5.21,5.27,5.18,10222,5338001.00,1.72,-0.38,-0.02,0.55
2019-11-29,5.26,5.21,5.26,5.16,7618,3959397.00,1.92,0.00,0.00,0.41
2019-12-02,5.21,5.26,5.27,5.18,9712,5095897.00,1.73,0.96,0.05,0.52
2019-12-03,5.23,5.31,5.32,5.16,20655,10833326.00,3.04,0.95,0.05,1.11
2019-12-04,5.26,5.35,5.37,5.26,23495,12528792.00,2.07,0.75,0.04,1.26
2019-12-05,5.36,5.38,5.40,5.33,25306,13601061.00,1.31,0.56,0.03,1.36
2019-12-06,5.37,5.47,5.69,5.33,43185,23776173.00,6.69,1.67,0.09,2.32
2019-12-09,5.39,5.61,5.77,5.37,66536,36998109.00,7.31,2.56,0.14,3.58
2019-12-10,5.55,5.48,5.58,5.41,46366,25369211.00,3.03,-2.32,-0.13,2.50
2019-12-11,5.44,5.43,5.47,5.39,28142,15288365.00,1.46,-0.91,-0.05,1.51
2019-12-12,5.43,5.38,5.45,5.38,19768,10704561.00,1.29,-0.92,-0.05,1.06
2019-12-13,5.40,5.44,5.48,5.40,23003,12521817.00,1.49,1.12,0.06,1.24
2019-12-16,5.47,5.52,5.53,5.43,30213,16616095.00,1.84,1.47,0.08,1.63
2019-12-17,5.50,5.58,5.58,5.49,28412,15785202.00,1.63,1.09,0.06,1.53
2019-12-18,5.58,5.55,5.61,5.54,25537,14229734.00,1.25,-0.54,-0.03,1.37
2019-12-19,5.56,5.62,5.64,5.53,26340,14708691.00,1.98,1.26,0.07,1.42
2019-12-20,5.62,5.55,5.65,5.54,24923,13966629.00,1.96,-1.25,-0.07,1.34
2019-12-23,5.55,5.43,5.57,5.42,22272,12186402.00,2.70,-2.16,-0.12,1.20
2019-12-24,5.43,5.55,5.55,5.43,17747,9763073.00,2.21,2.21,0.12,0.96
2019-12-25,5.55,5.56,5.63,5.52,22027,12260085.00,1.98,0.18,0.01,1.19
2019-12-26,5.56,5.58,5.59,5.53,20231,11256988.00,1.08,0.36,0.02,1.09
2019-12-27,5.60,5.54,5.62,5.53,21666,12095187.00,1.61,-0.72,-0.04,1.17
2019-12-30,5.54,5.58,5.58,5.40,25393,13979922.00,3.25,0.72,0.04,1.37
2019-12-31,5.58,5.58,5.59,5.52,16389,9106801.00,1.25,0.00,0.00,0.88
2020-01-02,5.60,5.65,5.65,5.58,34160,19232265.00,1.25,1.25,0.07,1.84
2020-01-03,5.66,5.68,5.71,5.62,34927,19766468.00,1.59,0.53,0.03,1.88
2020-01-06,5.63,5.72,5.78,5.58,42984,24541691.00,3.52,0.70,0.04,2.31
2020-01-07,5.72,5.71,5.82,5.70,40406,23195716.00,2.10,-0.17,-0.01,2.17
2020-01-08,5.71,5.66,5.84,5.65,59365,34142027.00,3.33,-0.88,-0.05,3.20
2020-01-09,5.72,5.78,5.78,5.72,38780,22313020.00,1.06,2.12,0.12,2.09
2020-01-10,5.76,5.72,5.79,5.68,27767,15901352.00,1.90,-1.04,-0.06,1.49
2020-01-13,5.71,5.76,5.77,5.65,24552,14062253.00,2.10,0.70,0.04,1.32
2020-01-14,5.76,5.84,5.84,5.73,34360,19916555.00,1.91,1.39,0.08,1.85
2020-01-15,5.81,5.75,5.85,5.69,27459,15788962.00,2.74,-1.54,-0.09,1.48
2020-01-16,5.75,5.67,5.81,5.65,27364,15644293.00,2.78,-1.39,-0.08,1.47
2020-01-17,5.68,5.68,5.78,5.66,24517,14022518.00,2.12,0.18,0.01,1.32
2020-01-20,5.68,5.62,5.68,5.50,26045,14544838.00,3.17,-1.06,-0.06,1.40
2020-01-21,5.62,5.53,5.62,5.51,22547,12515588.00,1.96,-1.60,-0.09,1.21
2020-01-22,5.53,5.49,5.53,5.40,20148,10995206.00,2.35,-0.72,-0.04,1.08
2020-01-23,5.47,5.38,5.51,5.31,27058,14673504.00,3.64,-2.00,-0.11,1.46
2020-02-03,4.84,4.84,4.84,4.84,11016,5331744.00,0.00,-10.04,-0.54,0.59
2020-02-04,4.44,4.68,4.76,4.44,40136,18664103.00,6.61,-3.31,-0.16,2.16
2020-02-05,4.68,4.79,4.84,4.68,25901,12403834.00,3.42,2.35,0.11,1.39
2020-02-06,4.84,4.84,4.94,4.74,37315,17956856.00,4.18,1.04,0.05,2.01
2020-02-07,4.82,4.82,4.87,4.73,30766,14761460.00,2.89,-0.41,-0.02,1.66
2020-02-10,4.81,4.91,4.92,4.77,28863,14047388.00,3.11,1.87,0.09,1.55
2020-02-11,4.92,4.89,4.96,4.87,16983,8324921.00,1.83,-0.41,-0.02,0.91
2020-02-12,4.90,4.93,4.94,4.85,26369,12931091.00,1.84,0.82,0.04,1.42
2020-02-13,4.94,4.81,4.94,4.80,26373,12833395.00,2.84,-2.43,-0.12,1.42
2020-02-14,4.81,4.82,4.86,4.78,26711,12888926.00,1.66,0.21,0.01,1.44
2020-02-17,4.83,4.99,5.01,4.83,38882,19238115.00,3.73,3.53,0.17,2.09
2020-02-18,5.01,5.06,5.07,4.96,37232,18690053.00,2.20,1.40,0.07,2.00
2020-02-19,5.06,5.05,5.11,5.02,30239,15328266.00,1.78,-0.20,-0.01,1.63
2020-02-20,5.08,5.19,5.25,5.01,46179,23723487.00,4.75,2.77,0.14,2.49
2020-02-21,5.15,5.19,5.25,5.15,35076,18255459.00,1.93,0.00,0.00,1.89
2020-02-24,5.18,5.17,5.20,5.07,48735,25010381.00,2.50,-0.39,-0.02,2.62
2020-02-25,5.06,5.08,5.09,4.88,54787,27476825.00,4.06,-1.74,-0.09,2.95
2020-02-26,5.01,5.07,5.18,4.97,51636,26275001.00,4.13,-0.20,-0.01,2.78
2020-02-27,5.10,5.10,5.14,5.03,35118,17902283.00,2.17,0.59,0.03,1.89
2020-02-28,4.99,4.78,5.00,4.78,55570,27094890.00,4.31,-6.27,-0.32,2.99
2020-03-02,4.80,5.02,5.04,4.80,46170,22797766.00,5.02,5.02,0.24,2.49
2020-03-03,5.05,5.04,5.17,5.03,41019,20873391.00,2.79,0.40,0.02,2.21
2020-03-04,5.00,5.12,5.13,5.00,32587,16515463.00,2.58,1.59,0.08,1.75
2020-03-05,5.14,5.23,5.28,5.14,82695,42829244.00,2.73,2.15,0.11,4.45
2020-03-06,5.15,5.21,5.25,5.12,46819,24216452.00,2.49,-0.38,-0.02,2.52
2020-03-09,5.17,5.01,5.19,4.99,52592,26694336.00,3.84,-3.84,-0.20,2.83
2020-03-10,4.91,5.10,5.11,4.90,40041,20027534.00,4.19,1.80,0.09,2.16
2020-03-11,5.10,5.09,5.20,5.09,39277,20223499.00,2.16,-0.20,-0.01,2.11
2020-03-12,5.08,5.02,5.08,4.98,32335,16214589.00,1.96,-1.38,-0.07,1.74
2020-03-13,4.79,4.94,4.98,4.73,38528,18753753.00,4.98,-1.59,-0.08,2.07
2020-03-16,4.97,4.78,5.04,4.77,36611,17982120.00,5.47,-3.24,-0.16,1.97
2020-03-17,4.79,4.73,4.88,4.55,40521,19015245.00,6.90,-1.05,-0.05,2.18
2020-03-18,4.76,4.67,4.83,4.66,20381,9698071.00,3.59,-1.27,-0.06,1.10
2020-03-19,4.60,4.66,4.72,4.56,26672,12390473.00,3.43,-0.21,-0.01,1.44
2020-03-20,4.70,4.78,4.78,4.67,25478,12073457.00,2.36,2.58,0.12,1.37
2020-03-23,4.66,4.68,4.95,4.58,36466,17295576.00,7.74,-2.09,-0.10,1.96
2020-03-24,4.74,4.83,4.89,4.68,47347,22608190.00,4.49,3.21,0.15,2.55
2020-03-25,5.02,5.31,5.31,5.02,96833,50489520.00,6.00,9.94,0.48,5.21
2020-03-26,5.20,5.29,5.60,5.02,231313,120150037.00,10.92,-0.38,-0.02,12.45
2020-03-27,5.18,5.05,5.33,5.02,122809,63302822.00,5.86,-4.54,-0.24,6.61
2020-03-30,4.96,4.82,5.00,4.73,70151,34047634.00,5.35,-4.55,-0.23,3.78
2020-03-31,4.88,4.79,4.96,4.75,57053,27635791.00,4.36,-0.62,-0.03,3.07
2020-04-01,5.27,5.27,5.27,5.27,127079,66970580.00,0.00,10.02,0.48,6.84
2020-04-02,5.10,5.26,5.29,5.00,235483,121280026.00,5.50,-0.19,-0.01,12.67
2020-04-03,5.17,5.03,5.24,4.96,145498,73915378.00,5.32,-4.37,-0.23,7.83
2020-04-07,5.08,5.28,5.30,5.03,170752,88221128.00,5.37,4.97,0.25,9.19
2020-04-08,5.20,5.35,5.39,5.13,169363,88599011.00,4.92,1.33,0.07,9.12
2020-04-09,5.30,5.20,5.35,5.19,123401,64855431.00,2.99,-2.80,-0.15,6.64
2020-04-10,5.16,5.12,5.18,5.02,88444,45129849.00,3.08,-1.54,-0.08,4.76
2020-04-13,5.01,5.06,5.08,4.97,59095,29693815.00,2.15,-1.17,-0.06,3.18
2020-04-14,5.08,5.15,5.23,5.06,79412,40930298.00,3.36,1.78,0.09,4.27
2020-04-15,5.08,4.91,5.08,4.90,94088,46830647.00,3.50,-4.66,-0.24,5.06
2020-04-16,4.85,4.94,4.94,4.79,46839,22791552.00,3.05,0.61,0.03,2.52
2020-04-17,4.94,4.86,4.96,4.86,35813,17565956.00,2.02,-1.62,-0.08,1.93
2020-04-20,4.88,4.90,4.91,4.82,34397,16720616.00,1.85,0.82,0.04,0.91
2020-04-21,4.85,4.86,4.88,4.81,23593,11420179.00,1.43,-0.82,-0.04,0.63
2020-04-22,4.87,4.93,4.95,4.83,54945,26795603.00,2.47,1.44,0.07,1.46
2020-04-23,4.91,4.89,4.91,4.84,32714,15927359.00,1.42,-0.81,-0.04,0.87
2020-04-24,4.85,4.79,4.92,4.73,37697,18215356.00,3.89,-2.04,-0.10,1.00
2020-04-27,4.76,4.71,4.80,4.68,29234,13823525.00,2.51,-1.67,-0.08,0.78
2020-04-28,4.70,4.57,4.71,4.41,35561,16177529.00,6.37,-2.97,-0.14,0.94
2020-04-29,4.52,4.58,4.60,4.51,19763,9028379.00,1.97,0.22,0.01,0.52
2020-04-30,4.63,4.70,4.72,4.60,28728,13428375.00,2.62,2.62,0.12,0.76
2020-05-06,4.66,4.81,4.82,4.62,33049,15760319.00,4.26,2.34,0.11,0.88
2020-05-07,4.80,4.78,4.84,4.74,26036,12465968.00,2.08,-0.62,-0.03,0.69
2020-05-08,4.80,4.86,4.86,4.79,29374,14178272.00,1.46,1.67,0.08,0.78
2020-05-11,4.95,5.24,5.35,4.91,378831,201725607.00,9.05,7.82,0.38,10.06
2020-05-12,5.00,4.90,5.06,4.77,289998,142764674.00,5.53,-6.49,-0.34,7.70
2020-05-13,4.87,4.88,4.92,4.80,85980,41832337.00,2.45,-0.41,-0.02,2.28
2020-05-14,4.84,4.92,4.97,4.79,108057,52741823.00,3.69,0.82,0.04,2.87
2020-05-15,4.91,4.86,4.94,4.83,81583,39896723.00,2.24,-1.22,-0.06,2.17
2020-05-18,4.84,4.76,4.87,4.71,72087,34566033.00,3.29,-2.06,-0.10,1.91
2020-05-19,4.80,4.80,4.83,4.77,45339,21740710.00,1.26,0.84,0.04,1.20
2020-05-20,4.77,4.78,4.82,4.76,38452,18394838.00,1.25,-0.42,-0.02,1.02
2020-05-21,4.77,4.76,4.80,4.73,33553,15970645.00,1.46,-0.42,-0.02,0.89
2020-05-22,4.79,4.83,4.84,4.71,38716,18457165.00,2.73,1.47,0.07,1.03
2020-05-25,4.84,4.84,4.87,4.78,45591,22026823.00,1.86,0.21,0.01,1.21
2020-05-26,4.92,4.94,5.05,4.87,84407,41794734.00,3.72,2.07,0.10,2.24
2020-05-27,4.88,4.83,4.93,4.80,63864,30955885.00,2.63,-2.23,-0.11,1.70
2020-05-28,4.82,4.78,4.87,4.72,45941,22001367.00,3.11,-1.04,-0.05,1.22
2020-05-29,4.76,4.72,4.83,4.72,33002,15769009.00,2.30,-1.26,-0.06,0.88
2020-06-01,4.78,4.87,4.89,4.75,59294,28758344.00,2.97,3.18,0.15,1.57
2020-06-02,4.88,4.93,4.96,4.84,75986,37361262.00,2.46,1.23,0.06,2.02
2020-06-03,4.93,4.88,4.98,4.86,65082,31942093.00,2.43,-1.01,-0.05,1.73
2020-06-04,4.92,4.98,5.05,4.86,114533,56834847.00,3.89,2.05,0.10,3.04
2020-06-05,4.99,4.95,5.07,4.91,68082,33873901.00,3.21,-0.60,-0.03,1.81
2020-06-08,4.96,4.87,5.02,4.85,54415,26708737.00,3.43,-1.62,-0.08,1.44
2020-06-09,4.89,4.95,4.95,4.85,45289,22230239.00,2.05,1.64,0.08,1.20
2020-06-10,4.94,4.88,4.94,4.83,47164,22973274.00,2.22,-1.41,-0.07,1.25
2020-06-11,4.86,4.92,4.96,4.86,58268,28652655.00,2.05,0.82,0.04,1.55
2020-06-12,4.79,4.91,4.95,4.79,45126,21967753.00,3.25,-0.20,-0.01,1.20
2020-06-15,4.90,4.85,4.96,4.85,45720,22405974.00,2.24,-1.22,-0.06,1.21
2020-06-16,4.87,4.96,4.97,4.87,57565,28451338.00,2.06,2.27,0.11,1.53
2020-06-17,4.96,4.93,4.97,4.88,45607,22414902.00,1.81,-0.60,-0.03,1.21
2020-06-18,4.94,4.89,4.94,4.87,34318,16804631.00,1.42,-0.81,-0.04,0.91
2020-06-19,4.88,4.92,4.94,4.88,38637,18971991.00,1.23,0.61,0.03,1.03
2020-06-22,4.92,4.91,4.94,4.89,37176,18272650.00,1.02,-0.20,-0.01,0.99
2020-06-23,4.88,4.84,4.90,4.82,50844,24720757.00,1.63,-1.43,-0.07,1.35
2020-06-24,4.83,4.85,4.88,4.82,33191,16093348.00,1.24,0.21,0.01,0.88
2020-06-29,4.84,4.76,4.84,4.72,28772,13764925.00,2.47,-1.86,-0.09,0.76
2020-06-30,4.77,4.82,4.84,4.77,24201,11662125.00,1.47,1.26,0.06,0.64
2020-07-01,4.84,4.82,4.84,4.79,25374,12212281.00,1.04,0.00,0.00,0.67
2020-07-02,4.81,4.88,4.88,4.80,39265,19038980.00,1.66,1.24,0.06,1.04
2020-07-03,4.87,4.95,4.95,4.87,58249,28667909.00,1.64,1.43,0.07,1.55
2020-07-06,4.97,5.09,5.12,4.96,90336,45691538.00,3.23,2.83,0.14,2.40
2020-07-07,5.10,5.12,5.17,5.04,96496,49434017.00,2.55,0.59,0.03,2.56
2020-07-08,5.09,5.23,5.33,5.07,119765,62340506.00,5.08,2.15,0.11,3.18
2020-07-09,5.21,5.32,5.38,5.21,89060,47231934.00,3.25,1.72,0.09,2.36
2020-07-10,5.29,5.23,5.35,5.23,75764,39979957.00,2.26,-1.69,-0.09,2.01
2020-07-13,5.22,5.39,5.41,5.21,97007,51726213.00,3.82,3.06,0.16,2.58
2020-07-14,5.39,5.48,5.52,5.32,147731,80049852.00,3.71,1.67,0.09,3.92
2020-07-15,5.48,5.34,5.55,5.34,93147,50571943.00,3.83,-2.55,-0.14,2.47
2020-07-16,5.38,5.35,5.44,5.29,88956,47654420.00,2.81,0.19,0.01,2.36
2020-07-17,5.33,5.47,5.48,5.16,162630,87826892.00,5.98,2.24,0.12,4.32
2020-07-20,5.39,5.67,5.74,5.38,153296,85262032.00,6.58,3.66,0.20,4.07
2020-07-21,5.66,5.75,5.78,5.59,132379,75353232.00,3.35,1.41,0.08,3.51
2020-07-22,5.68,5.66,5.84,5.64,125157,71961178.00,3.48,-1.57,-0.09,3.32
2020-07-23,5.56,5.56,5.71,5.48,80475,44724128.00,4.06,-1.77,-0.10,2.14
2020-07-24,5.48,5.59,5.71,5.48,179644,101086426.00,4.14,0.54,0.03,4.77
2020-07-27,5.55,5.74,5.78,5.45,102585,57935782.00,5.90,2.68,0.15,2.72
2020-07-28,5.68,5.72,5.85,5.67,102089,58622726.00,3.14,-0.35,-0.02,2.71
2020-07-29,5.80,5.73,5.80,5.62,77603,44392843.00,3.15,0.17,0.01,2.06
2020-07-30,5.77,6.02,6.03,5.69,199440,118025011.00,5.93,5.06,0.29,5.30
2020-07-31,5.94,6.12,6.19,5.90,117395,70793108.00,4.82,1.66,0.10,3.12
2020-08-03,6.15,6.20,6.43,6.13,120308,74525030.00,4.90,1.31,0.08,3.19
2020-08-04,6.23,6.44,6.46,6.15,125737,79752251.00,5.00,3.87,0.24,3.34
2020-08-05,6.36,6.77,6.78,6.32,172440,114160222.00,7.14,5.12,0.33,4.58
2020-08-06,6.79,6.88,7.10,6.71,174475,120253423.00,5.76,1.62,0.11,4.63
2020-08-07,6.79,6.70,6.98,6.30,171428,114877484.00,9.88,-2.62,-0.18,4.55
2020-08-10,6.82,6.64,6.82,6.55,72153,48088761.00,4.03,-0.90,-0.06,1.92
2020-08-11,6.70,6.51,6.70,6.48,72610,47801541.00,3.31,-1.96,-0.13,1.93
2020-08-12,6.52,6.68,6.69,6.39,62768,40878578.00,4.61,2.61,0.17,1.67
2020-08-13,6.63,6.61,6.82,6.58,43029,28697653.00,3.59,-1.05,-0.07,1.14
2020-08-14,6.61,6.63,6.73,6.55,38838,25862574.00,2.72,0.30,0.02,1.03
2020-08-17,6.70,6.71,6.81,6.63,105145,71007422.00,2.71,1.21,0.08,2.79
2020-08-18,6.81,6.73,6.86,6.58,66200,44435802.00,4.17,0.30,0.02,1.76
2020-08-19,6.73,6.78,6.90,6.64,160141,109035949.00,3.86,0.74,0.05,4.25
2020-08-20,6.75,6.88,6.95,6.51,131429,89957956.00,6.49,1.47,0.10,3.49
2020-08-21,6.94,7.03,7.04,6.81,130348,90587342.00,3.34,2.18,0.15,3.46
2020-08-24,7.03,6.86,7.24,6.75,126618,88135699.00,6.97,-2.42,-0.17,3.36
2020-08-25,6.75,6.97,6.99,6.75,87060,60221590.00,3.50,1.60,0.11,2.31
2020-08-26,7.00,6.92,7.17,6.75,134855,95268116.00,6.03,-0.72,-0.05,3.58
2020-08-27,7.00,6.87,7.00,6.80,99264,68447528.00,2.89,-0.72,-0.05,2.64
2020-08-28,6.86,6.83,6.90,6.75,106950,72915622.00,2.18,-0.58,-0.04,2.84
2020-08-31,6.88,6.78,6.90,6.72,73113,49771024.00,2.64,-0.73,-0.05,1.94
2020-09-01,6.78,7.46,7.46,6.69,301916,215548670.00,11.36,10.03,0.68,8.02
2020-09-02,7.47,7.45,7.55,7.26,164389,121435438.00,3.89,-0.13,-0.01,4.36
2020-09-03,7.36,7.42,7.50,7.31,105322,77852628.00,2.55,-0.40,-0.03,2.80
2020-09-04,7.26,7.23,7.31,7.03,121176,86846050.00,3.77,-2.56,-0.19,3.22
2020-09-07,7.20,7.22,7.30,7.11,63787,46051415.00,2.63,-0.14,-0.01,1.69
2020-09-08,7.23,7.29,7.40,7.17,143579,104652203.00,3.19,0.97,0.07,3.81
2020-09-09,7.21,7.21,7.27,7.04,80110,57249751.00,3.16,-1.10,-0.08,2.13
2020-09-10,7.21,7.31,7.50,7.09,162141,117825779.00,5.69,1.39,0.10,4.31
2020-09-11,7.20,7.34,7.41,7.16,103799,76078559.00,3.42,0.41,0.03,2.76
2020-09-14,7.36,7.33,7.39,7.18,66264,48202311.00,2.86,-0.14,-0.01,1.76
2020-09-15,7.30,7.33,7.37,7.24,74535,54654323.00,1.77,0.00,0.00,1.98
2020-09-16,7.33,7.44,7.51,7.20,140183,103556021.00,4.23,1.50,0.11,3.72
2020-09-17,7.33,7.50,7.50,7.32,64659,48246297.00,2.42,0.81,0.06,1.72
2020-09-18,7.45,7.80,7.81,7.45,161796,123778572.00,4.80,4.00,0.30,4.30
2020-09-21,7.80,7.64,7.92,7.47,179326,137373426.00,5.77,-2.05,-0.16,4.76
2020-09-22,7.57,7.80,7.86,7.47,135002,104616292.00,5.10,2.09,0.16,3.58
2020-09-23,7.79,8.00,8.01,7.72,155962,123047038.00,3.72,2.56,0.20,4.14
2020-09-24,7.91,8.21,8.26,7.83,220420,177255969.00,5.38,2.63,0.21,5.85
2020-09-25,8.09,8.24,8.31,8.02,152697,125357458.00,3.53,0.37,0.03,4.05
2020-09-28,8.38,8.57,8.60,8.12,318867,267869477.00,5.83,4.00,0.33,8.47
2020-09-29,8.56,8.45,8.72,7.95,292551,244279394.00,8.98,-1.40,-0.12,7.77
2020-09-30,8.11,8.27,8.70,7.61,288384,234897741.00,12.90,-2.13,-0.18,7.31
2020-10-09,8.00,8.08,8.13,7.92,113578,91088600.00,2.54,-2.30,-0.19,2.88
2020-10-12,7.95,7.83,8.03,7.83,102155,80874481.00,2.48,-3.09,-0.25,2.59
2020-10-13,7.82,7.84,7.94,7.68,96535,75408864.00,3.32,0.13,0.01,2.45
2020-10-14,7.77,8.16,8.17,7.63,212092,166829098.00,6.89,4.08,0.32,5.37
2020-10-15,8.15,7.99,8.15,7.95,82382,66019302.00,2.45,-2.08,-0.17,2.09
2020-10-16,7.89,8.09,8.25,7.85,161951,130940983.00,5.01,1.25,0.10,4.10
2020-10-19,8.04,8.00,8.12,7.95,64291,51428293.00,2.10,-1.11,-0.09,1.63
2020-10-20,7.94,8.01,8.19,7.90,66082,52701636.00,3.63,0.13,0.01,1.67
2020-10-21,7.95,7.97,8.11,7.83,84661,67261616.00,3.50,-0.50,-0.04,2.15
2020-10-22,7.86,7.88,7.97,7.85,34653,27372336.00,1.51,-1.13,-0.09,0.88
2020-10-23,7.84,8.05,8.38,7.79,131429,105255837.00,7.49,2.16,0.17,3.33
2020-10-26,8.01,8.05,8.10,7.92,61988,49793869.00,2.24,0.00,0.00,1.57
2020-10-27,8.00,7.89,8.04,7.89,33824,26956567.00,1.86,-1.99,-0.16,0.86
2020-10-28,7.95,7.88,7.96,7.76,49009,38422416.00,2.53,-0.13,-0.01,1.24
2020-10-29,7.75,7.84,7.93,7.75,54825,43086510.00,2.28,-0.51,-0.04,1.39
2020-10-30,7.85,7.87,7.93,7.79,57527,45200629.00,1.79,0.38,0.03,1.46
2020-11-02,7.85,7.86,7.89,7.80,33617,26428359.00,1.14,-0.13,-0.01,0.85
2020-11-03,7.85,8.34,8.46,7.84,137022,113345990.00,7.89,6.11,0.48,3.47
2020-11-04,8.40,8.33,8.50,8.30,101374,84746138.00,2.40,-0.12,-0.01,2.57
2020-11-05,8.35,8.35,8.44,8.24,71231,59459622.00,2.40,0.24,0.02,1.80
2020-11-06,8.33,8.36,8.50,8.28,102030,85357455.00,2.63,0.12,0.01,2.59
2020-11-09,8.35,8.28,8.42,8.24,122597,101703258.00,2.15,-0.96,-0.08,3.11
2020-11-10,8.25,8.11,8.34,8.09,69426,56959956.00,3.02,-2.05,-0.17,1.76
2020-11-11,8.03,7.91,8.10,7.90,44783,35643209.00,2.47,-2.47,-0.20,1.13
2020-11-12,7.91,7.92,7.97,7.79,41786,32828596.00,2.28,0.13,0.01,1.06
2020-11-13,7.90,7.95,7.96,7.83,61813,48865867.00,1.64,0.38,0.03,1.57
2020-11-16,7.90,8.05,8.11,7.89,51401,41180706.00,2.77,1.26,0.10,1.30
2020-11-17,8.05,8.13,8.20,8.05,47159,38299905.00,1.86,0.99,0.08,1.19
2020-11-18,8.07,8.17,8.18,8.06,33632,27381093.00,1.48,0.49,0.04,0.85
2020-11-19,8.18,8.10,8.30,7.97,99001,80435533.00,4.04,-0.86,-0.07,2.51
2020-11-20,8.25,8.05,8.25,7.98,58405,47376850.00,3.33,-0.62,-0.05,1.48
2020-11-23,8.00,8.41,8.58,7.99,200434,167995065.00,7.33,4.47,0.36,5.08
2020-11-24,8.43,8.48,8.65,8.35,88328,74770829.00,3.57,0.83,0.07,2.24
2020-11-25,8.53,8.82,9.09,8.44,309071,267889989.00,7.67,4.01,0.34,7.83
2020-11-26,8.86,9.70,9.70,8.66,230517,210338431.00,11.79,9.98,0.88,5.84
2020-11-27,9.90,10.67,10.67,9.36,339296,342101088.00,13.51,10.00,0.97,8.60
2020-11-30,11.00,10.97,11.45,9.60,705626,744373024.00,17.34,2.81,0.30,17.45
2020-12-01,9.87,9.99,11.00,9.87,1044968,1049131616.00,10.30,-8.93,-0.98,25.85
2020-12-02,9.80,9.01,9.80,8.99,768120,694872304.00,8.11,-9.81,-0.98,19.00
2020-12-03,9.03,8.11,9.05,8.11,785424,656768256.00,10.43,-9.99,-0.90,19.37
2020-12-04,7.51,7.30,7.71,7.30,350006,258796374.00,5.06,-9.99,-0.81,8.63
2020-12-07,6.72,6.57,6.95,6.57,527943,353431088.00,5.21,-10.00,-0.73,13.02
2020-12-08,6.53,6.52,6.69,6.47,287914,189394527.00,3.35,-0.76,-0.05,7.10
2020-12-09,6.48,6.21,6.52,6.20,315661,199549531.00,4.91,-4.75,-0.31,7.78
2020-12-10,6.15,6.00,6.15,5.95,263382,159431909.00,3.22,-3.38,-0.21,6.50
2020-12-11,6.06,5.95,6.09,5.83,205855,121984892.00,4.33,-0.83,-0.05,5.08
2020-12-14,5.98,6.12,6.13,5.94,198370,120006015.00,3.19,2.86,0.17,4.89
2020-12-15,6.10,6.51,6.59,6.06,349736,222455925.00,8.66,6.37,0.39,8.63
2020-12-16,6.40,6.15,6.41,6.13,223256,139298365.00,4.30,-5.53,-0.36,5.51
2020-12-17,6.11,6.10,6.20,5.84,223065,133959774.00,5.85,-0.81,-0.05,5.50
2020-12-18,6.06,5.98,6.13,5.98,148529,89781806.00,2.46,-1.97,-0.12,3.66
2020-12-21,5.95,5.93,6.03,5.90,126901,75747712.00,2.17,-0.84,-0.05,3.13
2020-12-22,5.92,5.70,5.92,5.69,189125,109629943.00,3.88,-3.88,-0.23,4.66
2020-12-23,5.73,5.67,5.83,5.65,130281,74593018.00,3.16,-0.53,-0.03,3.21
2020-12-24,5.65,5.43,5.67,5.40,165781,91512628.00,4.76,-4.23,-0.24,4.09
2020-12-25,5.43,5.47,5.68,5.41,124855,69018867.00,4.97,0.74,0.04,3.08
2020-12-28,5.58,5.64,5.77,5.51,204892,115779263.00,4.75,3.11,0.17,5.05
2020-12-29,5.65,5.77,5.85,5.61,206077,119018233.00,4.26,2.30,0.13,5.08
2020-12-30,5.71,5.65,5.77,5.59,151582,85639680.00,3.12,-2.08,-0.12,3.74
2020-12-31,5.64,5.65,5.77,5.61,112258,63696606.00,2.83,0.00,0.00,2.77
2021-01-04,5.67,5.66,5.74,5.62,123343,69922136.00,2.12,0.18,0.01,3.04
2021-01-05,5.63,5.47,5.64,5.45,154144,84988617.00,3.36,-3.36,-0.19,3.80
2021-01-06,5.47,5.33,5.51,5.30,130039,69990091.00,3.84,-2.56,-0.14,3.21
2021-01-07,5.34,5.11,5.34,5.06,139401,72064946.00,5.25,-4.13,-0.22,3.44
2021-01-08,5.11,5.20,5.24,4.98,101829,52355037.00,5.09,1.76,0.09,2.51
2021-01-11,5.16,4.98,5.16,4.97,96241,48477270.00,3.65,-4.23,-0.22,2.37
2021-01-12,4.98,5.00,5.12,4.98,68362,34411225.00,2.81,0.40,0.02,1.69
2021-01-13,5.00,4.85,5.00,4.83,84039,41096543.00,3.40,-3.00,-0.15,2.07
2021-01-14,4.84,4.83,4.88,4.76,71246,34381936.00,2.47,-0.41,-0.02,1.76
2021-01-15,4.84,5.01,5.06,4.81,106970,53140132.00,5.18,3.73,0.18,2.64
2021-01-18,5.01,5.05,5.12,4.99,85014,43045170.00,2.59,0.80,0.04,2.10
2021-01-19,5.05,5.16,5.20,5.02,94213,48400293.00,3.56,2.18,0.11,2.32
2021-01-20,5.15,5.22,5.25,5.13,98968,51246333.00,2.33,1.16,0.06,2.44
2021-01-21,5.22,5.15,5.26,5.13,92310,47784485.00,2.49,-1.34,-0.07,2.28
2021-01-22,5.11,5.14,5.17,5.04,83310,42505031.00,2.52,-0.19,-0.01,2.05
2021-01-25,5.10,4.96,5.15,4.96,83635,42101247.00,3.70,-3.50,-0.18,2.06
2021-01-26,4.92,4.92,5.07,4.87,70765,35070048.00,4.03,-0.81,-0.04,1.75
2021-01-27,4.92,5.07,5.13,4.87,94010,47026638.00,5.28,3.05,0.15,2.32
2021-01-28,5.00,5.58,5.58,4.95,353699,190470264.00,12.43,10.06,0.51,8.72
2021-01-29,5.42,5.32,5.48,5.20,298148,158865071.00,5.02,-4.66,-0.26,7.35
2021-02-01,5.25,5.25,5.33,5.18,163282,85722116.00,2.82,-1.32,-0.07,4.03
2021-02-02,5.27,5.27,5.40,5.22,180473,95749916.00,3.43,0.38,0.02,4.45
2021-02-03,5.23,4.97,5.25,4.96,175380,88759979.00,5.50,-5.69,-0.30,4.33
2021-02-04,4.90,4.85,4.97,4.78,105213,51079873.00,3.82,-2.41,-0.12,2.59
2021-02-05,4.88,4.83,5.03,4.82,70953,34790435.00,4.33,-0.41,-0.02,1.75
2021-02-08,4.84,4.71,4.89,4.70,74227,35254369.00,3.93,-2.48,-0.12,1.83
2021-02-09,4.71,4.73,4.78,4.63,66007,31134686.00,3.18,0.42,0.02,1.63
2021-02-10,4.74,4.81,4.82,4.73,48255,23081263.00,1.90,1.69,0.08,1.19
2021-02-18,4.85,4.95,5.02,4.83,76253,37577788.00,3.95,2.91,0.14,1.88
2021-02-19,4.98,5.19,5.21,4.93,113065,57481695.00,5.66,4.85,0.24,2.79
2021-02-22,5.17,5.20,5.34,5.17,147978,77772991.00,3.28,0.19,0.01,3.65
2021-02-23,5.18,5.08,5.24,5.07,89266,45666975.00,3.27,-2.31,-0.12,2.20
2021-02-24,5.10,5.11,5.20,5.08,69179,35500733.00,2.36,0.59,0.03,1.71
2021-02-25,5.14,5.08,5.17,5.07,64983,33095722.00,1.96,-0.59,-0.03,1.60
2021-02-26,5.02,5.23,5.25,5.01,118013,60796085.00,4.72,2.95,0.15,2.91
2021-03-01,5.10,5.32,5.35,5.07,161768,84876319.00,5.35,1.72,0.09,3.99
2021-03-02,5.34,5.32,5.50,5.31,193297,104185158.00,3.57,0.00,0.00,4.77
2021-03-03,5.23,5.31,5.46,5.23,125310,66550192.00,4.32,-0.19,-0.01,3.09
2021-03-04,5.28,5.29,5.44,5.26,116293,61956623.00,3.39,-0.38,-0.02,2.87
2021-03-05,5.25,5.82,5.82,5.25,485709,277552080.00,10.78,10.02,0.53,11.98
2021-03-08,5.82,6.04,6.40,5.73,651614,393548608.00,11.51,3.78,0.22,16.07
2021-03-09,5.93,5.69,5.99,5.52,343251,198192347.00,7.78,-5.79,-0.35,8.47
2021-03-10,5.70,6.26,6.26,5.70,373140,224679817.00,9.84,10.02,0.57,9.20
2021-03-11,6.40,6.30,6.70,6.10,634979,404655728.00,9.58,0.64,0.04,15.66
2021-03-12,6.17,6.19,6.30,6.07,329345,203355292.00,3.65,-1.75,-0.11,8.12
2021-03-15,6.05,6.02,6.12,5.86,231668,138786046.00,4.20,-2.75,-0.17,5.71
2021-03-16,6.06,5.87,6.09,5.80,244905,144776344.00,4.82,-2.49,-0.15,6.04
2021-03-17,5.82,5.90,6.01,5.66,223519,131093164.00,5.96,0.51,0.03,5.51
2021-03-18,5.88,5.77,5.92,5.76,156260,90758101.00,2.71,-2.20,-0.13,3.85
2021-03-19,5.70,5.76,5.90,5.68,136261,78706890.00,3.81,-0.17,-0.01,3.36
2021-03-22,5.74,5.80,5.82,5.70,141797,81846265.00,2.08,0.69,0.04,3.50
2021-03-23,5.80,5.38,5.84,5.37,243766,134600948.00,8.10,-7.24,-0.42,6.01
2021-03-24,5.31,5.31,5.42,5.28,116334,62038774.00,2.60,-1.30,-0.07,2.87
2021-03-25,5.30,5.33,5.38,5.23,81947,43539347.00,2.82,0.38,0.02,2.02
2021-03-26,5.36,5.36,5.39,5.29,85648,45754653.00,1.88,0.56,0.03,2.11
2021-03-29,5.38,5.38,5.46,5.35,69651,37519701.00,2.05,0.37,0.02,1.72
2021-03-30,5.38,5.14,5.39,5.12,117003,61066181.00,5.02,-4.46,-0.24,2.89
2021-03-31,5.14,5.20,5.24,5.10,65800,34091652.00,2.72,1.17,0.06,1.62
2021-04-01,5.23,5.28,5.28,5.16,67147,35115976.00,2.31,1.54,0.08,1.66
2021-04-02,5.28,5.21,5.28,5.14,65491,34092933.00,2.65,-1.33,-0.07,1.62
2021-04-06,5.21,5.33,5.35,5.19,72077,38168663.00,3.07,2.30,0.12,1.78
2021-04-07,5.31,5.36,5.42,5.31,77647,41604771.00,2.06,0.56,0.03,1.91
2021-04-08,5.37,5.31,5.42,5.28,77272,41323732.00,2.61,-0.93,-0.05,1.91
2021-04-09,5.32,5.25,5.32,5.24,51281,26987041.00,1.51,-1.13,-0.06,1.26
2021-04-12,5.25,5.17,5.25,5.15,63881,33123736.00,1.90,-1.52,-0.08,1.58
2021-04-13,5.17,5.13,5.18,5.10,49067,25167597.00,1.55,-0.77,-0.04,1.21
2021-04-14,5.10,5.19,5.20,5.09,45266,23381344.00,2.14,1.17,0.06,1.12
2021-04-15,5.18,5.30,5.33,5.15,80184,42198834.00,3.47,2.12,0.11,1.98
2021-04-16,5.28,5.41,5.42,5.28,95455,51400597.00,2.64,2.08,0.11,2.35
2021-04-19,5.42,5.50,5.53,5.40,122400,66727940.00,2.40,1.66,0.09,3.02
2021-04-20,5.44,5.53,5.79,5.43,191219,107139744.00,6.55,0.55,0.03,4.72
2021-04-21,5.43,5.36,5.47,5.33,101180,54613952.00,2.53,-3.07,-0.17,2.50
2021-04-22,5.35,5.41,5.46,5.34,51115,27645525.00,2.24,0.93,0.05,1.26
2021-04-23,5.41,5.25,5.41,5.25,63017,33383352.00,2.96,-2.96,-0.16,1.55
2021-04-26,5.24,5.19,5.30,5.18,47527,24850220.00,2.29,-1.14,-0.06,1.17
2021-04-27,5.16,5.13,5.23,5.11,45720,23495312.00,2.31,-1.16,-0.06,1.13
2021-04-28,5.15,5.24,5.25,5.10,40609,21101125.00,2.92,2.14,0.11,1.00
2021-04-29,5.19,5.16,5.22,5.15,53742,27776024.00,1.34,-1.53,-0.08,1.33
2021-04-30,5.17,5.00,5.17,4.96,76677,38487883.00,4.07,-3.10,-0.16,1.89
2021-05-06,5.00,5.03,5.06,5.00,32719,16458157.00,1.20,0.60,0.03,0.81
2021-05-07,5.03,5.04,5.07,4.98,34732,17445111.00,1.79,0.20,0.01,0.86
2021-05-10,5.05,4.99,5.06,4.96,46751,23336357.00,1.98,-0.99,-0.05,1.15
2021-05-11,4.96,5.04,5.04,4.96,38330,19178632.00,1.60,1.00,0.05,0.95
2021-05-12,5.01,5.12,5.13,5.00,49069,24884056.00,2.58,1.59,0.08,1.21
2021-05-13,5.10,5.07,5.12,5.06,45173,22974117.00,1.17,-0.98,-0.05,1.11
2021-05-14,5.07,5.11,5.11,5.06,34996,17841957.00,0.99,0.79,0.04,0.86
2021-05-17,5.09,5.02,5.12,5.02,43609,21991687.00,1.96,-1.76,-0.09,1.08
2021-05-18,5.02,5.05,5.06,5.01,27363,13785042.00,1.00,0.60,0.03,0.67
2021-05-19,5.06,5.04,5.06,5.01,31833,16009767.00,0.99,-0.20,-0.01,0.79
2021-05-20,5.00,4.99,5.03,4.98,32567,16289194.00,0.99,-0.99,-0.05,0.80
2021-05-21,4.99,5.02,5.03,4.99,24428,12244073.00,0.80,0.60,0.03,0.60
2021-05-24,5.00,5.03,5.03,5.00,30444,15259372.00,0.60,0.20,0.01,0.75
2021-05-25,5.01,5.02,5.02,4.98,41211,20621866.00,0.80,-0.20,-0.01,1.02
2021-05-26,5.02,5.11,5.13,5.01,62739,31933904.00,2.39,1.79,0.09,1.55
2021-05-27,5.10,5.12,5.16,5.07,51167,26181888.00,1.76,0.20,0.01,1.26
2021-05-28,5.12,5.09,5.17,5.07,47157,24149829.00,1.95,-0.59,-0.03,1.16
2021-05-31,5.09,5.12,5.12,5.03,35220,17881510.00,1.77,0.59,0.03,0.87
2021-06-01,5.18,5.32,5.36,5.18,122459,64783055.00,3.52,3.91,0.20,3.02
2021-06-02,5.35,5.25,5.43,5.24,82021,43583836.00,3.57,-1.32,-0.07,2.02
2021-06-03,5.24,5.17,5.27,5.16,60189,31355641.00,2.10,-1.52,-0.08,1.48
2021-06-04,5.15,5.20,5.22,5.12,40996,21197801.00,1.93,0.58,0.03,1.01
2021-06-07,5.21,5.18,5.24,5.15,34007,17619191.00,1.73,-0.38,-0.02,0.84
2021-06-08,5.19,5.20,5.22,5.15,37399,19393625.00,1.35,0.39,0.02,0.92
2021-06-09,5.21,5.18,5.22,5.17,30596,15857662.00,0.96,-0.38,-0.02,0.75
2021-06-10,5.16,5.15,5.19,5.13,42045,21657102.00,1.16,-0.58,-0.03,1.04
2021-06-11,5.18,5.17,5.22,5.15,44518,23101116.00,1.36,0.39,0.02,1.10
2021-06-15,5.20,5.11,5.20,5.11,57779,29755068.00,1.74,-1.16,-0.06,1.16
2021-06-16,5.12,5.01,5.13,4.98,58629,29530456.00,2.94,-1.96,-0.10,1.18
2021-06-17,5.00,5.03,5.05,5.00,29833,14979450.00,1.00,0.40,0.02,0.60
2021-06-18,5.04,5.10,5.11,5.03,44721,22691801.00,1.59,1.39,0.07,0.90
2021-06-21,5.09,5.10,5.13,5.08,33941,17308539.00,0.98,0.00,0.00,0.68
2021-06-22,5.12,5.13,5.13,5.08,43884,22391187.00,0.98,0.59,0.03,0.88
2021-06-23,5.13,5.12,5.15,5.10,33515,17158145.00,0.97,-0.19,-0.01,0.67
2021-06-24,5.12,5.08,5.14,5.06,31671,16096551.00,1.56,-0.78,-0.04,0.63
2021-06-25,5.09,5.08,5.10,5.03,37492,18996935.00,1.38,0.00,0.00,0.75
2021-06-28,5.09,5.07,5.10,5.06,26245,13323757.00,0.79,-0.20,-0.01,0.53
2021-06-29,5.08,5.00,5.08,4.99,42698,21454674.00,1.78,-1.38,-0.07,0.86
2021-06-30,5.00,5.02,5.03,4.98,25365,12701726.00,1.00,0.40,0.02,0.51
2021-07-01,5.01,4.98,5.05,4.96,35105,17588645.00,1.79,-0.80,-0.04,0.70
2021-07-02,4.97,4.97,4.98,4.93,25401,12589641.00,1.00,-0.20,-0.01,0.51
2021-07-05,4.98,4.99,4.99,4.94,26278,13045263.00,1.01,0.40,0.02,0.53
2021-07-06,5.00,5.04,5.04,4.97,36299,18175237.00,1.40,1.00,0.05,0.73
2021-07-07,5.02,5.02,5.04,5.00,28051,14081130.00,0.79,-0.40,-0.02,0.56
2021-07-08,5.04,4.95,5.05,4.93,43741,21705842.00,2.39,-1.39,-0.07,0.88
2021-07-09,4.95,4.98,4.98,4.93,20608,10227920.00,1.01,0.61,0.03,0.41
2021-07-12,4.99,5.15,5.15,4.99,87389,44406709.00,3.21,3.41,0.17,1.75
2021-07-13,5.16,5.14,5.18,5.09,62588,32094571.00,1.75,-0.19,-0.01,1.25
2021-07-14,5.14,5.08,5.14,5.07,49729,25365258.00,1.36,-1.17,-0.06,1.00
2021-07-15,5.06,5.01,5.08,4.98,53166,26698058.00,1.97,-1.38,-0.07,1.07
2021-07-16,5.01,5.05,5.18,5.01,45767,23298743.00,3.39,0.80,0.04,0.92
