2017-06-07,22.94,22.94,22.94,22.94,33,75702.00,0.00,10.02,2.09,0.02
2017-06-08,25.23,25.23,25.23,25.23,52,131196.00,0.00,9.98,2.29,0.03
2017-06-09,27.75,27.75,27.75,27.75,34,94350.00,0.00,9.99,2.52,0.02
2017-06-12,30.53,30.53,30.53,30.53,166,506798.00,0.00,10.02,2.78,0.09
2017-06-13,33.58,33.58,33.58,33.58,246,826068.00,0.00,9.99,3.05,0.13
2017-06-14,36.94,36.94,36.94,36.94,890,3287660.00,0.00,10.01,3.36,0.47
2017-06-15,40.63,40.63,40.63,40.63,2222,9027986.00,0.00,9.99,3.69,1.18
2017-06-16,44.69,43.00,44.69,42.32,120128,525239968.00,5.83,5.83,2.37,63.76
2017-06-19,41.00,38.75,41.60,38.75,88361,351891568.00,6.63,-9.88,-4.25,46.90
2017-06-20,38.85,38.89,39.85,38.13,62163,242359275.00,4.44,0.36,0.14,33.00
2017-06-21,38.78,39.30,40.38,38.46,51060,201465422.00,4.94,1.05,0.41,27.10
2017-06-22,39.54,37.93,39.56,37.70,50390,193879213.00,4.73,-3.49,-1.37,26.75
2017-06-23,37.50,36.63,37.99,35.81,39129,144467044.00,5.75,-3.43,-1.30,20.77
2017-06-26,36.31,36.75,36.98,35.84,25762,93936879.00,3.11,0.33,0.12,13.67
2017-06-27,36.66,36.88,37.20,36.22,29443,108171519.00,2.67,0.35,0.13,15.63
2017-06-28,36.51,35.57,36.70,35.55,22948,82502732.00,3.12,-3.55,-1.31,12.18
2017-06-29,35.56,35.58,35.98,35.37,14816,52867287.00,1.71,0.03,0.01,7.86
2017-06-30,35.48,36.81,38.40,35.42,36384,134446012.00,8.38,3.46,1.23,19.31
2017-07-03,36.37,36.76,36.97,36.21,16924,61891826.00,2.06,-0.14,-0.05,8.98
2017-07-04,36.73,37.22,38.00,36.55,22685,84439733.00,3.94,1.25,0.46,12.04
2017-07-05,37.10,38.23,38.42,36.81,36785,139797230.00,4.33,2.71,1.01,19.52
2017-07-06,38.01,38.38,39.30,37.80,35712,137573965.00,3.92,0.39,0.15,18.96
2017-07-07,38.36,39.19,40.20,38.16,46947,184198866.00,5.32,2.11,0.81,24.92
2017-07-10,38.10,36.76,38.18,36.53,30285,112846457.00,4.21,-6.20,-2.43,16.07
2017-07-11,36.49,35.83,36.80,35.80,15413,55924335.00,2.72,-2.53,-0.93,8.18
2017-07-12,35.85,36.85,37.00,35.52,15360,55637292.00,4.13,2.85,1.02,8.15
2017-07-13,36.77,36.26,37.37,36.00,14313,52216854.00,3.72,-1.60,-0.59,7.60
2017-07-14,36.23,35.10,36.23,35.10,13115,46806319.00,3.12,-3.20,-1.16,6.96
2017-07-17,35.00,31.59,35.00,31.59,23382,75722839.00,9.72,-10.00,-3.51,12.41
2017-07-18,31.46,31.88,32.15,31.21,12269,38972924.00,2.98,0.92,0.29,6.51
2017-07-19,31.75,31.66,31.95,31.24,9783,30979923.00,2.23,-0.69,-0.22,5.19
2017-07-20,31.56,31.83,32.20,31.56,10363,33119727.00,2.02,0.54,0.17,5.50
2017-07-21,31.83,31.98,31.98,31.25,9823,31036808.00,2.29,0.47,0.15,5.21
2017-07-24,31.71,33.45,33.45,31.37,18681,60862337.00,6.50,4.60,1.47,9.92
2017-07-25,34.77,34.40,36.18,34.30,59503,208310015.00,5.62,2.84,0.95,31.58
2017-07-26,33.46,32.44,33.46,32.20,31097,101558989.00,3.66,-5.70,-1.96,16.51
2017-07-27,32.25,33.12,33.43,31.81,25448,83167618.00,4.99,2.10,0.68,13.51
2017-07-28,32.81,32.14,32.88,32.04,18257,59263755.00,2.54,-2.96,-0.98,9.69
2017-07-31,32.18,31.94,32.29,31.66,11099,35451452.00,1.96,-0.62,-0.20,5.89
2017-08-01,31.44,31.99,31.99,31.44,12763,40433232.00,1.72,0.16,0.05,6.77
2017-08-02,32.30,31.80,32.30,31.26,12231,38714947.00,3.25,-0.59,-0.19,6.49
2017-08-03,31.71,32.14,32.35,31.51,13569,43353541.00,2.64,1.07,0.34,7.20
2017-08-04,32.00,31.60,32.08,31.39,10269,32533166.00,2.15,-1.68,-0.54,5.45
2017-08-07,31.60,31.86,31.95,31.51,8836,28062762.00,1.39,0.82,0.26,4.69
2017-08-08,31.84,31.62,31.84,31.37,6054,19108675.00,1.48,-0.75,-0.24,3.21
2017-08-09,31.62,31.35,31.73,31.35,5241,16508578.00,1.20,-0.85,-0.27,2.78
2017-08-10,31.19,32.65,32.76,29.90,32458,101774215.00,9.12,4.15,1.30,17.23
2017-08-11,31.38,30.40,31.55,30.25,17807,55495208.00,3.98,-6.89,-2.25,9.45
2017-08-14,30.38,30.59,30.78,30.07,10331,31585047.00,2.34,0.63,0.19,5.48
2017-08-15,30.65,30.81,31.08,30.52,9413,29009522.00,1.83,0.72,0.22,5.00
2017-08-16,30.82,31.46,31.71,30.77,15256,47819222.00,3.05,2.11,0.65,8.10
2017-08-17,31.30,31.50,31.77,31.12,9035,28511467.00,2.07,0.13,0.04,4.80
2017-08-18,31.18,31.21,31.37,31.12,7377,23031648.00,0.79,-0.92,-0.29,3.92
2017-08-21,31.33,31.86,32.20,31.25,13015,41400232.00,3.04,2.08,0.65,6.91
2017-08-22,31.91,32.00,32.20,31.80,11759,37615103.00,1.26,0.44,0.14,6.24
2017-08-23,33.40,35.20,35.20,33.40,63343,220856465.00,5.63,10.00,3.20,33.62
2017-08-24,35.93,38.72,38.72,35.70,103236,387034688.00,8.58,10.00,3.52,54.80
2017-08-25,38.45,42.59,42.59,37.50,98823,386784080.00,13.15,9.99,3.87,52.45
2017-08-28,45.00,46.85,46.85,42.60,88859,401334560.00,9.98,10.00,4.26,47.16
2017-08-29,46.85,44.60,50.50,44.60,127271,608590000.00,12.59,-4.80,-2.25,67.55
2017-08-30,43.02,43.25,45.00,42.26,84202,366397616.00,6.14,-3.03,-1.35,44.69
2017-08-31,43.37,44.90,45.68,42.68,86741,385615104.00,6.94,3.82,1.65,46.04
2017-09-01,44.13,43.40,44.30,42.43,66118,286599120.00,4.16,-3.34,-1.50,35.09
2017-09-04,42.74,42.00,43.17,41.31,45423,191287926.00,4.29,-3.23,-1.40,24.11
2017-09-05,42.46,44.01,44.80,42.02,68796,299076928.00,6.62,4.79,2.01,36.52
2017-09-06,43.18,42.24,43.26,40.88,49985,209414055.00,5.41,-4.02,-1.77,26.53
2017-09-07,41.56,43.26,44.62,41.50,65679,284924112.00,7.39,2.41,1.02,34.86
2017-09-08,43.00,43.80,44.90,42.34,54883,239605851.00,5.92,1.25,0.54,29.13
2017-09-11,43.40,48.18,48.18,43.12,101776,474391616.00,11.55,10.00,4.38,54.02
2017-09-12,48.18,43.89,48.18,43.36,101434,455024688.00,10.00,-8.90,-4.29,53.84
2017-09-13,43.00,43.40,43.88,42.02,35641,153273568.00,4.24,-1.12,-0.49,18.92
2017-09-14,43.01,42.58,43.70,42.36,30280,130017816.00,3.09,-1.89,-0.82,16.07
2017-09-15,42.64,40.96,42.90,40.88,27221,113377229.00,4.74,-3.80,-1.62,14.45
2017-09-18,40.45,41.00,41.46,39.90,19835,80577946.00,3.81,0.10,0.04,10.53
2017-09-19,41.16,40.63,41.44,40.58,15744,64482889.00,2.10,-0.90,-0.37,8.36
2017-09-20,40.70,42.36,42.71,40.43,34525,144789252.00,5.61,4.26,1.73,18.33
2017-09-21,42.00,41.60,42.19,41.42,18694,78169183.00,1.82,-1.79,-0.76,9.92
2017-09-22,41.71,42.65,43.50,41.60,35442,151420371.00,4.57,2.52,1.05,18.81
2017-09-25,42.00,43.39,43.99,41.12,38615,166033784.00,6.73,1.74,0.74,20.50
2017-09-26,43.08,40.88,43.80,40.34,35526,146952257.00,7.97,-5.78,-2.51,18.86
2017-09-27,40.58,41.29,41.61,40.58,14924,61362372.00,2.52,1.00,0.41,7.92
2017-09-28,41.45,42.16,43.40,40.88,29172,123119884.00,6.10,2.11,0.87,15.48
2017-09-29,42.28,41.20,42.45,40.91,22028,91693246.00,3.65,-2.28,-0.96,11.69
2017-10-09,42.00,41.47,42.16,41.20,12349,51449217.00,2.33,0.66,0.27,6.55
2017-10-10,41.40,43.01,43.38,41.08,32323,137987833.00,5.55,3.71,1.54,17.16
2017-10-11,42.91,42.29,43.00,41.60,22112,93313206.00,3.26,-1.67,-0.72,11.74
2017-10-12,42.10,42.82,43.00,42.02,19723,84009985.00,2.32,1.25,0.53,10.47
2017-10-13,43.05,44.10,45.38,42.55,47658,211111618.00,6.61,2.99,1.28,25.30
2017-10-16,43.60,41.90,44.10,41.40,35549,150457977.00,6.12,-4.99,-2.20,18.87
2017-10-17,41.70,42.04,42.37,40.83,15957,66570155.00,3.68,0.33,0.14,8.47
2017-10-18,41.62,40.90,42.20,40.85,20086,83305184.00,3.21,-2.71,-1.14,10.66
2017-10-19,41.11,41.20,41.44,40.05,10556,43134233.00,3.40,0.73,0.30,5.60
2017-10-20,41.00,41.43,41.75,40.66,9974,41237078.00,2.65,0.56,0.23,5.29
2017-10-23,41.43,41.94,41.94,41.05,14309,59605554.00,2.15,1.23,0.51,7.59
2017-10-24,41.80,41.79,42.18,40.85,14589,60692432.00,3.17,-0.36,-0.15,7.74
2017-10-25,41.68,43.33,43.50,41.58,31913,136821623.00,4.59,3.69,1.54,16.94
2017-10-26,43.13,45.66,47.11,42.91,51365,231297749.00,9.69,5.38,2.33,27.26
2017-10-27,44.80,43.78,45.10,43.50,35853,158445338.00,3.50,-4.12,-1.88,19.03
2017-10-30,43.56,40.92,43.61,40.00,30346,125818566.00,8.25,-6.53,-2.86,16.11
2017-10-31,40.87,41.57,41.83,40.68,15487,63827657.00,2.81,1.59,0.65,8.22
2017-11-01,41.41,42.66,43.00,41.00,21779,91763193.00,4.81,2.62,1.09,11.56
2017-11-02,42.60,42.53,43.70,42.11,22415,96244163.00,3.73,-0.30,-0.13,11.90
2017-11-03,42.19,42.85,43.37,42.18,18267,78151374.00,2.80,0.75,0.32,9.70
2017-11-06,43.25,44.01,44.33,43.02,26816,117327529.00,3.06,2.71,1.16,14.23
2017-11-07,44.10,43.24,44.10,42.31,20817,89376154.00,4.07,-1.75,-0.77,11.05
2017-11-08,42.91,43.80,44.58,42.86,30685,134866716.00,3.98,1.30,0.56,16.29
2017-11-09,43.21,45.10,45.10,43.10,34131,150572851.00,4.57,2.97,1.30,18.12
2017-11-10,46.08,45.44,49.61,45.44,67192,317198016.00,9.25,0.75,0.34,35.66
2017-11-13,44.99,49.98,49.98,44.99,61448,294579680.00,10.98,9.99,4.54,32.62
2017-11-14,51.00,50.23,53.62,50.10,86446,446276624.00,7.04,0.50,0.25,45.88
2017-11-15,50.03,51.60,52.44,48.05,66573,337800096.00,8.74,2.73,1.37,35.34
2017-11-16,50.95,46.98,51.89,46.98,58847,290206496.00,9.52,-8.95,-4.62,31.24
2017-11-17,45.91,42.28,46.40,42.28,48371,212551366.00,8.77,-10.00,-4.70,25.67
2017-11-20,42.50,42.48,42.98,40.00,27453,114705611.00,7.05,0.47,0.20,14.57
2017-11-21,42.00,40.30,42.41,39.00,39628,161144774.00,8.03,-5.13,-2.18,21.03
2017-11-22,40.22,39.53,40.85,38.73,23741,94483817.00,5.26,-1.91,-0.77,12.60
2017-11-23,39.25,38.58,40.30,38.58,18896,74820661.00,4.35,-2.40,-0.95,10.03
2017-11-24,38.34,38.03,38.90,37.72,14944,57165607.00,3.06,-1.43,-0.55,7.93
2017-11-27,37.88,35.90,37.88,35.60,18649,68189444.00,6.00,-5.60,-2.13,9.90
2017-11-28,36.14,37.39,37.65,36.08,16912,62567551.00,4.37,4.15,1.49,8.98
2017-11-29,37.39,37.15,37.45,35.80,14894,54844259.00,4.41,-0.64,-0.24,7.91
2017-11-30,37.01,37.24,37.98,36.57,13249,49619269.00,3.80,0.24,0.09,7.03
2017-12-01,37.20,37.74,37.94,37.02,11714,44108869.00,2.47,1.34,0.50,6.22
2017-12-04,37.20,34.89,37.25,34.70,22371,80310663.00,6.76,-7.55,-2.85,11.87
2017-12-05,34.36,32.94,35.60,32.20,15793,53958589.00,9.74,-5.59,-1.95,8.38
2017-12-06,33.70,34.39,34.61,33.00,14479,49225466.00,4.89,4.40,1.45,7.69
2017-12-07,34.38,34.67,35.33,34.05,10641,37029317.00,3.72,0.81,0.28,5.65
2017-12-08,34.67,35.50,35.88,34.50,10214,36244521.00,3.98,2.39,0.83,5.42
2017-12-11,35.49,35.66,35.95,35.30,8852,31480094.00,1.83,0.45,0.16,4.70
2017-12-12,35.40,33.99,35.66,33.97,13460,46391086.00,4.74,-4.68,-1.67,7.14
2017-12-13,34.23,34.94,35.30,34.00,9381,32699132.00,3.82,2.79,0.95,4.98
2017-12-14,34.80,35.71,35.89,34.66,12296,43635574.00,3.52,2.20,0.77,6.53
2017-12-15,35.70,35.20,35.70,34.71,10105,35593762.00,2.77,-1.43,-0.51,5.36
2017-12-18,35.10,35.36,35.52,34.80,6456,22730747.00,2.05,0.45,0.16,3.43
2017-12-19,35.22,35.48,35.85,35.05,6724,23810489.00,2.26,0.34,0.12,3.57
2017-12-20,35.31,34.59,35.52,34.50,6908,24061215.00,2.87,-2.51,-0.89,3.67
2017-12-21,34.44,35.04,35.11,33.95,8146,28217910.00,3.35,1.30,0.45,4.32
2017-12-22,35.00,34.55,35.44,34.51,6171,21587483.00,2.65,-1.40,-0.49,3.28
2017-12-25,34.69,35.01,35.07,34.18,7767,26880543.00,2.58,1.33,0.46,4.12
2017-12-26,35.00,36.74,36.97,34.85,19095,69289002.00,6.06,4.94,1.73,10.14
2017-12-27,36.33,36.08,36.71,35.88,12514,45340950.00,2.26,-1.80,-0.66,6.64
2017-12-28,35.91,37.30,37.32,35.52,16226,59339433.00,4.99,3.38,1.22,8.61
2017-12-29,36.93,36.89,37.43,36.85,12599,46704544.00,1.55,-1.10,-0.41,6.69
2018-01-02,36.88,36.84,37.10,36.37,8515,31245507.00,1.98,-0.14,-0.05,4.52
2018-01-03,36.88,36.65,36.91,36.29,7833,28635300.00,1.68,-0.52,-0.19,4.16
2018-01-04,36.71,36.40,37.00,36.29,7325,26778045.00,1.94,-0.68,-0.25,3.89
2018-01-05,36.50,36.15,36.79,36.06,6745,24536032.00,2.01,-0.69,-0.25,3.58
2018-01-08,36.37,35.89,36.37,35.27,9117,32585335.00,3.04,-0.72,-0.26,4.84
2018-01-09,35.80,36.11,36.36,35.71,6492,23447264.00,1.81,0.61,0.22,3.45
2018-01-10,35.90,35.02,36.19,34.60,9190,32385943.00,4.40,-3.02,-1.09,4.88
2018-01-11,34.96,35.75,36.15,34.88,9328,33222820.00,3.63,2.08,0.73,4.95
2018-01-12,35.50,35.75,35.97,35.50,6692,23914210.00,1.31,0.00,0.00,3.55
2018-01-15,35.75,34.35,35.84,33.84,9534,32831630.00,5.59,-3.92,-1.40,5.06
2018-01-16,34.29,34.63,34.97,33.93,6227,21544795.00,3.03,0.82,0.28,3.31
2018-01-17,34.62,36.67,37.96,34.30,20514,74311409.00,10.57,5.89,2.04,10.89
2018-01-18,36.70,36.46,36.99,36.01,11078,40354241.00,2.67,-0.57,-0.21,5.88
2018-01-19,36.23,36.49,36.88,36.12,10591,38621434.00,2.08,0.08,0.03,5.62
2018-01-22,36.40,36.14,36.60,35.10,7516,27024685.00,4.11,-0.96,-0.35,3.99
2018-01-23,36.01,36.62,36.68,35.80,8852,32218050.00,2.43,1.33,0.48,4.70
2018-01-24,36.69,37.46,37.80,36.10,16267,60684361.00,4.64,2.29,0.84,8.63
2018-01-25,37.22,36.40,37.98,36.36,14287,53210884.00,4.32,-2.83,-1.06,7.58
2018-01-26,36.44,36.93,37.72,36.44,12038,44717390.00,3.52,1.46,0.53,6.39
2018-01-29,36.84,35.96,37.29,35.68,9867,35618700.00,4.36,-2.63,-0.97,5.24
2018-01-30,35.95,36.01,36.40,35.50,6118,21972023.00,2.50,0.14,0.05,3.25
2018-01-31,35.82,35.00,36.01,34.70,7047,24817904.00,3.64,-2.80,-1.01,3.74
2018-02-01,34.85,33.80,35.34,33.80,7609,26267211.00,4.40,-3.43,-1.20,4.04
2018-02-02,33.37,34.08,34.49,32.25,4796,16226493.00,6.63,0.83,0.28,2.55
2018-02-05,33.50,33.93,34.33,33.50,3490,11845974.00,2.44,-0.44,-0.15,1.85
2018-02-06,33.10,30.54,33.92,30.54,10746,33782030.00,9.96,-9.99,-3.39,5.70
2018-02-07,33.59,33.59,33.59,33.00,12949,43475555.00,1.93,9.99,3.05,6.87
2018-02-08,34.89,36.95,36.95,34.48,27358,98042400.00,7.35,10.00,3.36,14.52
2018-02-09,37.16,38.00,40.65,37.16,57662,221782383.00,9.45,2.84,1.05,30.61
2018-02-12,38.30,39.83,41.15,37.22,60654,237440583.00,10.34,4.82,1.83,32.19
2018-02-13,39.43,37.82,39.48,37.43,44380,169433383.00,5.15,-5.05,-2.01,23.56
2018-02-14,37.20,37.14,37.70,36.38,25490,94290598.00,3.49,-1.80,-0.68,13.53
2018-02-22,37.39,37.98,38.29,36.51,30207,113222117.00,4.79,2.26,0.84,16.03
2018-02-23,37.54,37.91,38.28,36.90,28134,106043776.00,3.63,-0.18,-0.07,14.93
2018-02-26,38.65,40.33,40.76,38.65,45799,181697154.00,5.57,6.38,2.42,24.31
2018-02-27,39.97,44.36,44.36,39.70,55873,237786303.00,11.55,9.99,4.03,29.66
2018-02-28,44.13,41.97,44.15,40.88,58842,248015028.00,7.37,-5.39,-2.39,31.23
2018-03-01,41.47,42.28,42.83,41.33,40306,169420114.00,3.57,0.74,0.31,21.39
2018-03-02,41.03,40.28,41.58,40.16,34120,138885272.00,3.36,-4.73,-2.00,18.11
2018-03-05,40.20,41.44,41.81,40.18,28847,118612583.00,4.05,2.88,1.16,15.31
2018-03-06,43.15,41.69,43.38,41.45,35594,150698849.00,4.66,0.60,0.25,18.89
2018-03-07,42.06,44.00,45.86,41.71,66099,294446416.00,9.95,5.54,2.31,35.08
2018-03-08,43.66,45.30,45.75,42.56,57129,253031207.00,7.25,2.95,1.30,30.32
2018-03-09,44.84,44.98,46.33,44.55,49856,225649481.00,3.93,-0.71,-0.32,26.46
2018-03-12,44.90,46.14,48.30,44.90,45094,209685214.00,7.56,2.58,1.16,23.94
2018-03-13,45.00,44.00,45.49,43.80,35004,155755130.00,3.66,-4.64,-2.14,18.58
2018-03-14,44.24,43.57,44.83,43.57,18723,82589434.00,2.86,-0.98,-0.43,9.94
2018-03-15,43.10,41.18,43.44,39.66,30540,126230309.00,8.68,-5.49,-2.39,16.21
2018-03-16,41.48,41.40,42.16,41.08,15259,63565391.00,2.62,0.53,0.22,8.10
2018-03-19,41.74,43.00,43.28,41.40,18554,79224848.00,4.54,3.86,1.60,9.85
2018-03-20,42.03,42.68,42.77,40.75,18231,76337794.00,4.70,-0.74,-0.32,9.68
2018-03-21,42.68,42.13,44.28,42.02,23655,102780949.00,5.30,-1.29,-0.55,12.56
2018-03-22,41.89,43.06,43.78,41.87,18983,81808299.00,4.53,2.21,0.93,10.08
2018-03-23,41.00,39.10,41.46,38.89,31249,125855984.00,5.97,-9.20,-3.96,16.59
2018-03-26,38.51,40.66,40.66,38.38,16714,66275137.00,5.83,3.99,1.56,8.87
2018-03-27,40.98,41.83,42.40,40.98,25299,105696070.00,3.49,2.88,1.17,13.43
2018-03-28,40.95,41.80,42.29,40.71,18739,77746783.00,3.78,-0.07,-0.03,9.95
2018-03-29,42.08,41.92,43.30,41.38,21335,90218375.00,4.59,0.29,0.12,11.32
2018-03-30,42.20,43.60,43.76,42.20,27396,118500904.00,3.72,4.01,1.68,14.54
2018-04-02,43.61,42.74,43.80,42.46,24977,107700632.00,3.07,-1.97,-0.86,13.26
2018-04-03,42.05,42.13,42.25,41.30,19800,82741724.00,2.22,-1.43,-0.61,10.51
2018-04-04,42.40,43.98,46.20,42.40,36972,162616280.00,9.02,4.39,1.85,19.62
2018-04-09,42.99,44.12,44.26,42.12,26175,112894817.00,4.87,0.32,0.14,13.89
2018-04-10,43.90,46.39,48.53,43.81,69732,326229296.00,10.70,5.15,2.27,37.01
2018-04-11,46.54,51.03,51.03,45.61,70420,340926672.00,11.68,10.00,4.64,37.38
2018-04-12,51.05,46.40,51.10,46.03,73993,356484976.00,9.94,-9.07,-4.63,39.27
2018-04-13,46.40,45.30,47.24,44.70,41028,188079287.00,5.47,-2.37,-1.10,21.78
2018-04-16,45.00,45.59,45.76,44.21,22800,102977869.00,3.42,0.64,0.29,12.10
2018-04-17,45.80,43.39,46.20,43.22,23488,104587576.00,6.54,-4.83,-2.20,12.47
2018-04-18,43.70,43.95,44.33,42.04,19345,83691766.00,5.28,1.29,0.56,10.27
2018-04-19,43.88,44.42,45.46,43.60,20982,93879828.00,4.23,1.07,0.47,11.14
2018-04-20,44.00,42.15,44.95,41.88,20299,88098835.00,6.91,-5.11,-2.27,10.77
2018-04-23,42.24,42.99,43.33,42.01,12583,53750252.00,3.13,1.99,0.84,6.68
2018-04-24,43.27,45.97,46.10,43.04,31025,140159834.00,7.12,6.93,2.98,16.47
2018-04-25,44.00,45.50,45.57,43.67,35056,156416300.00,4.13,-1.02,-0.47,18.61
2018-04-26,45.30,42.64,45.30,42.56,21776,95628142.00,6.02,-6.29,-2.86,11.56
2018-04-27,43.45,43.56,44.05,42.66,13553,58965545.00,3.26,2.16,0.92,7.19
2018-05-02,43.54,42.90,43.96,42.47,11846,51097433.00,3.42,-1.52,-0.66,6.29
2018-05-03,42.69,43.60,43.64,41.50,14965,63849027.00,4.99,1.63,0.70,7.94
2018-05-04,43.87,43.70,44.49,43.22,15083,66329102.00,2.91,0.23,0.10,8.01
2018-05-07,43.79,45.05,45.30,43.57,20972,93763728.00,3.96,3.09,1.35,11.13
2018-05-08,44.80,45.24,45.25,44.45,18305,82192810.00,1.78,0.42,0.19,9.72
2018-05-09,45.23,46.27,46.50,44.80,28104,128835911.00,3.76,2.28,1.03,14.92
2018-05-10,46.13,46.28,46.50,45.50,19531,89906340.00,2.16,0.02,0.01,10.37
2018-05-11,46.27,44.03,46.30,43.81,23213,103947755.00,5.38,-4.86,-2.25,12.32
2018-05-14,43.85,43.43,44.65,43.02,12667,55296675.00,3.70,-1.36,-0.60,6.72
2018-05-15,43.45,44.43,44.44,43.31,10966,48117638.00,2.60,2.30,1.00,5.82
2018-05-16,44.00,44.93,45.86,43.88,19388,87373584.00,4.46,1.13,0.50,10.29
2018-05-17,45.00,45.36,45.96,44.44,17325,78282954.00,3.38,0.96,0.43,9.20
2018-05-18,45.13,44.99,45.55,44.23,14430,64853864.00,2.91,-0.82,-0.37,7.66
2018-05-21,45.67,46.37,46.51,45.22,26276,120959836.00,2.87,3.07,1.38,13.95
2018-05-22,46.10,47.57,47.98,45.91,31732,149496854.00,4.46,2.59,1.20,16.84
2018-05-23,47.11,47.83,48.45,46.59,34247,162592208.00,3.91,0.55,0.26,18.18
2018-05-24,47.40,46.76,47.76,46.30,22239,104213745.00,3.05,-2.24,-1.07,11.80
2018-05-25,46.77,48.50,51.44,46.30,46137,224149379.00,10.99,3.72,1.74,24.49
2018-05-28,48.54,53.35,53.35,48.52,42888,221516289.00,9.96,10.00,4.85,22.76
2018-05-29,56.00,51.85,58.69,51.79,125469,718699152.00,12.93,-2.81,-1.50,66.60
2018-05-30,46.84,46.67,49.00,46.67,86521,406558272.00,4.49,-9.99,-5.18,45.92
2018-05-31,46.17,47.30,48.22,45.16,61794,289448704.00,6.56,1.35,0.63,32.80
2018-06-01,46.65,43.21,47.18,42.66,53675,241204822.00,9.56,-8.65,-4.09,28.49
2018-06-04,43.80,42.41,43.80,41.68,23333,99764633.00,4.91,-1.85,-0.80,12.38
2018-06-05,42.16,44.53,45.30,42.16,29199,128702227.00,7.40,5.00,2.12,15.50
2018-06-06,44.93,46.10,46.99,44.89,33618,155030823.00,4.72,3.53,1.57,12.56
2018-06-07,46.02,47.58,48.93,45.81,42608,202816625.00,6.77,3.21,1.48,15.91
2018-06-08,47.20,48.74,48.88,45.87,39984,189814699.00,6.33,2.44,1.16,14.93
2018-06-11,49.00,49.40,50.83,47.87,38942,192166794.00,6.07,1.35,0.66,14.55
2018-06-12,48.90,50.45,51.24,46.09,44484,215696628.00,10.43,2.13,1.05,16.62
2018-06-13,50.00,47.46,50.98,46.96,35398,173578762.00,7.97,-5.93,-2.99,13.22
2018-06-14,27.48,28.28,28.47,26.55,53560,148868687.00,4.05,-40.41,-19.18,11.77
2018-06-15,27.42,25.45,28.16,25.45,47549,125423826.00,9.58,-10.01,-2.83,10.45
2018-06-19,22.91,22.91,23.66,22.91,28689,66052896.00,2.95,-9.98,-2.54,6.30
2018-06-20,21.93,22.99,23.46,21.17,46842,104227486.00,10.00,0.35,0.08,10.29
2018-06-21,22.60,20.69,22.84,20.69,49453,106373014.00,9.35,-10.00,-2.30,10.87
2018-06-22,20.20,20.81,21.23,19.58,30228,62396278.00,7.97,0.58,0.12,6.64
2018-06-25,20.90,20.89,21.76,20.72,27771,58994029.00,5.00,0.38,0.08,6.10
2018-06-26,21.10,21.89,22.37,21.10,35104,76056109.00,6.08,4.79,1.00,7.71
2018-06-27,21.93,22.80,22.80,21.47,46411,103797047.00,6.08,4.16,0.91,10.20
2018-06-28,22.80,22.00,22.90,21.90,32695,73239574.00,4.39,-3.51,-0.80,7.18
2018-06-29,21.92,22.58,22.70,21.38,42751,94906820.00,6.00,2.64,0.58,9.39
2018-07-02,22.59,21.45,22.90,21.22,35563,77990104.00,7.44,-5.00,-1.13,9.84
2018-07-03,21.95,23.60,23.60,21.59,57629,131299552.00,9.37,10.02,2.15,15.94
2018-07-04,23.65,22.80,23.67,22.55,57699,132732072.00,4.75,-3.39,-0.80,15.96
2018-07-05,22.85,21.38,22.91,20.70,40218,88521983.00,9.69,-6.23,-1.42,11.12
2018-07-06,21.47,21.52,22.17,20.80,35527,76884383.00,6.41,0.65,0.14,9.83
2018-07-09,21.57,22.51,22.76,21.53,37562,83467382.00,5.72,4.60,0.99,10.39
2018-07-10,22.42,23.29,23.45,22.13,45754,104277379.00,5.86,3.47,0.78,12.65
2018-07-11,22.84,22.47,22.85,21.65,41235,91680918.00,5.15,-3.52,-0.82,11.40
2018-07-12,22.35,23.18,23.50,22.35,51034,117807789.00,5.12,3.16,0.71,14.11
2018-07-13,23.00,23.44,24.65,22.91,72826,172824624.00,7.51,1.12,0.26,20.14
2018-07-16,23.25,23.55,23.55,22.74,33994,78652804.00,3.46,0.47,0.11,9.40
2018-07-17,23.30,24.55,24.56,23.22,55965,134080362.00,5.69,4.25,1.00,15.48
2018-07-18,24.26,23.94,24.48,23.85,32808,79373216.00,2.57,-2.48,-0.61,9.07
2018-07-19,23.94,24.23,24.60,23.62,35612,86145772.00,4.09,1.21,0.29,9.85
2018-07-20,23.95,24.25,24.70,23.50,31965,77317145.00,4.95,0.08,0.02,8.84
2018-07-23,23.90,24.31,24.64,23.76,36683,89153951.00,3.63,0.25,0.06,10.15
2018-07-24,24.18,24.42,24.60,23.80,30616,74211761.00,3.29,0.45,0.11,8.47
2018-07-25,24.34,24.45,25.06,24.28,38626,95358602.00,3.19,0.12,0.03,10.68
2018-07-26,24.69,24.03,24.69,23.82,20872,50318368.00,3.56,-1.72,-0.42,5.77
2018-07-27,23.99,23.73,24.18,23.55,13320,31758629.00,2.62,-1.25,-0.30,3.68
2018-07-30,23.73,23.06,24.08,22.95,14888,34788057.00,4.76,-2.82,-0.67,4.12
2018-07-31,22.98,24.35,24.85,22.97,30967,74717435.00,8.15,5.59,1.29,8.56
2018-08-01,24.35,23.95,24.59,23.84,22258,53900862.00,3.08,-1.64,-0.40,6.16
2018-08-02,23.89,23.03,23.89,22.00,29180,66374330.00,7.89,-3.84,-0.92,8.07
2018-08-03,22.86,22.10,23.02,22.08,10807,24393058.00,4.08,-4.04,-0.93,2.99
2018-08-06,21.81,20.95,22.47,20.50,13503,28828666.00,8.91,-5.20,-1.15,3.73
2018-08-07,21.07,21.78,21.89,20.88,12801,27610579.00,4.82,3.96,0.83,3.54
2018-08-08,21.78,21.54,22.19,21.42,11107,24217438.00,3.54,-1.10,-0.24,3.07
2018-08-09,21.22,21.98,22.29,21.22,11579,25478801.00,4.97,2.04,0.44,3.20
2018-08-10,21.92,22.24,22.34,21.74,9163,20249383.00,2.73,1.18,0.26,2.53
2018-08-13,21.84,22.43,22.47,21.65,9708,21422114.00,3.69,0.85,0.19,2.69
2018-08-14,22.23,22.46,22.93,22.23,12136,27461227.00,3.12,0.13,0.03,3.36
2018-08-15,22.28,22.22,22.76,22.00,8478,19014330.00,3.38,-1.07,-0.24,2.34
2018-08-16,22.22,21.74,22.22,21.62,7525,16473759.00,2.70,-2.16,-0.48,2.08
2018-08-17,22.08,22.17,22.60,21.95,14569,32472833.00,2.99,1.98,0.43,4.03
2018-08-20,22.19,23.16,23.71,21.89,18831,43053433.00,8.21,4.47,0.99,5.21
2018-08-21,23.13,23.26,23.58,22.80,15628,36278463.00,3.37,0.43,0.10,4.32
2018-08-22,23.25,22.57,23.25,22.52,9874,22453755.00,3.14,-2.97,-0.69,2.73
2018-08-23,22.57,22.80,22.97,22.35,7481,17016401.00,2.75,1.02,0.23,2.07
2018-08-24,22.61,22.34,22.92,22.13,8831,19895725.00,3.46,-2.02,-0.46,2.44
2018-08-27,22.35,22.75,23.06,22.30,11760,26797463.00,3.40,1.84,0.41,3.25
2018-08-28,22.86,23.22,23.46,22.85,16350,37975965.00,2.68,2.07,0.47,4.52
2018-08-29,23.00,22.95,23.25,22.65,9629,22066218.00,2.58,-1.16,-0.27,2.66
2018-08-30,22.96,22.31,23.20,22.30,9634,21788489.00,3.92,-2.79,-0.64,2.66
2018-08-31,22.30,22.25,22.69,22.03,6860,15392947.00,2.96,-0.27,-0.06,1.90
2018-09-03,22.31,22.84,22.87,22.27,10611,23986684.00,2.70,2.65,0.59,2.93
2018-09-04,23.50,23.43,24.77,23.04,21130,50015384.00,7.57,2.58,0.59,5.84
2018-09-05,23.26,23.92,24.50,23.25,29072,69571061.00,5.34,2.09,0.49,8.04
2018-09-06,23.65,23.71,23.99,23.26,15864,37661296.00,3.05,-0.88,-0.21,4.39
2018-09-07,23.56,24.00,24.36,23.56,14610,35064621.00,3.37,1.22,0.29,4.04
2018-09-10,23.90,24.31,24.87,23.90,26617,65260592.00,4.04,1.29,0.31,7.36
2018-09-11,24.39,23.89,24.74,23.44,16642,39905781.00,5.35,-1.73,-0.42,4.60
2018-09-12,23.89,24.05,24.47,23.74,11942,28879613.00,3.06,0.67,0.16,3.30
2018-09-13,24.00,24.30,24.79,24.00,12569,30587200.00,3.28,1.04,0.25,3.48
2018-09-14,25.65,23.78,25.65,23.60,18325,45301276.00,8.44,-2.14,-0.52,5.07
2018-09-17,23.50,24.14,24.33,23.42,11265,27074717.00,3.83,1.51,0.36,3.12
2018-09-18,24.11,24.24,24.60,23.81,10277,24890313.00,3.27,0.41,0.10,2.84
2018-09-19,24.14,23.93,24.35,23.58,12706,30366380.00,3.18,-1.28,-0.31,3.51
2018-09-20,23.92,23.53,23.92,23.47,10354,24445763.00,1.88,-1.67,-0.40,2.86
2018-09-21,23.74,23.49,23.74,23.17,9817,23019916.00,2.42,-0.17,-0.04,2.72
2018-09-25,23.49,23.61,23.76,23.38,5692,13451584.00,1.62,0.51,0.12,1.57
2018-09-26,23.82,23.63,23.88,23.45,9246,21886460.00,1.82,0.08,0.02,2.56
2018-09-27,23.66,22.96,23.66,22.89,9122,21179807.00,3.26,-2.84,-0.67,2.52
2018-09-28,22.80,23.20,23.31,22.80,6227,14423923.00,2.22,1.05,0.24,1.72
2018-10-08,22.90,21.81,22.90,21.60,8334,18556953.00,5.60,-5.99,-1.39,2.31
2018-10-09,22.17,21.92,22.29,21.81,3374,7426903.00,2.20,0.50,0.11,0.93
2018-10-10,22.08,22.14,22.24,21.83,4105,9057010.00,1.87,1.00,0.22,1.14
2018-10-11,21.60,19.99,21.60,19.93,10936,22380661.00,7.54,-9.71,-2.15,3.02
2018-10-12,19.61,20.98,21.09,19.60,9775,20100811.00,7.45,4.95,0.99,2.70
2018-10-15,20.90,21.07,21.66,20.81,6258,13354176.00,4.05,0.43,0.09,1.73
2018-10-16,21.00,20.59,21.49,20.40,5422,11310546.00,5.17,-2.28,-0.48,1.50
2018-10-17,20.99,20.51,21.30,19.90,7635,15708970.00,6.80,-0.39,-0.08,2.11
2018-10-18,20.30,19.83,20.68,19.65,8228,16494891.00,5.02,-3.32,-0.68,2.28
2018-10-19,19.83,20.73,20.80,19.45,10927,22205953.00,6.81,4.54,0.90,3.02
2018-10-22,20.83,21.90,22.51,20.83,16836,36612963.00,8.10,5.64,1.17,4.66
2018-10-23,22.49,22.00,22.98,21.90,14686,32995803.00,4.93,0.46,0.10,4.06
2018-10-24,22.88,22.82,24.10,22.70,23675,55171948.00,6.36,3.73,0.82,6.55
2018-10-25,21.66,23.08,23.47,21.28,19784,44649261.00,9.60,1.14,0.26,5.47
2018-10-26,23.09,22.62,23.28,22.51,12678,28991693.00,3.34,-1.99,-0.46,3.51
2018-10-29,22.42,22.99,23.50,22.21,15706,36363067.00,5.70,1.64,0.37,4.34
2018-10-30,22.99,23.15,23.50,22.88,11762,27285228.00,2.70,0.70,0.16,3.25
2018-10-31,22.98,22.97,23.32,22.88,11407,26304599.00,1.90,-0.78,-0.18,3.15
2018-11-01,23.20,22.97,23.33,22.92,15119,34986094.00,1.78,0.00,0.00,4.18
2018-11-02,23.27,23.56,23.74,23.20,20026,47048345.00,2.35,2.57,0.59,5.54
2018-11-05,23.70,24.58,24.88,23.65,28618,69614193.00,5.22,4.33,1.02,7.92
2018-11-06,23.60,23.10,23.68,22.78,20141,46774546.00,3.66,-6.02,-1.48,5.57
2018-11-07,23.09,23.46,23.95,23.01,16180,37894018.00,4.07,1.56,0.36,4.48
2018-11-08,23.49,23.17,23.65,23.13,6435,15036170.00,2.22,-1.24,-0.29,1.78
2018-11-09,23.15,23.22,23.38,22.77,6551,15169633.00,2.63,0.22,0.05,1.81
2018-11-12,23.28,23.59,23.65,23.00,8034,18792908.00,2.80,1.59,0.37,2.22
2018-11-13,23.25,24.04,24.20,23.04,18082,43225113.00,4.92,1.91,0.45,5.00
2018-11-14,24.00,24.05,24.18,23.67,9639,23012301.00,2.12,0.04,0.01,2.67
2018-11-15,23.92,24.63,24.85,23.83,18482,45124812.00,4.24,2.41,0.58,5.14
2018-11-16,24.52,24.76,24.99,24.30,16370,40423533.00,2.80,0.53,0.13,4.55
2018-11-19,24.75,24.93,25.06,24.54,10569,26209598.00,2.10,0.69,0.17,2.94
2018-11-20,24.80,24.18,24.80,24.00,9705,23641090.00,3.21,-3.01,-0.75,2.65
2018-11-21,23.80,24.35,24.44,23.77,5834,14131242.00,2.77,0.70,0.17,1.59
2018-11-22,24.35,25.14,25.23,24.35,16842,42064856.00,3.61,3.24,0.79,4.60
2018-11-23,25.00,24.43,25.49,24.40,12860,31963351.00,4.34,-2.82,-0.71,3.51
2018-11-26,24.20,24.41,24.70,24.10,7788,18963968.00,2.46,-0.08,-0.02,2.13
2018-11-27,24.50,24.31,24.66,24.18,6785,16557584.00,1.97,-0.41,-0.10,1.89
2018-11-28,24.40,25.02,25.02,24.10,10407,25652931.00,3.78,2.92,0.71,2.89
2018-11-29,25.22,24.57,25.62,24.50,13328,33338581.00,4.48,-1.80,-0.45,3.70
2018-11-30,24.51,24.67,24.75,24.20,7269,17816029.00,2.24,0.41,0.10,2.02
2018-12-03,25.11,25.55,25.84,24.72,16812,42680449.00,4.54,3.57,0.88,4.67
2018-12-04,25.54,25.60,25.74,25.31,8724,22260736.00,1.68,0.20,0.05,2.42
2018-12-05,25.00,26.74,27.09,24.81,25532,66909768.00,8.91,4.45,1.14,7.09
2018-12-06,26.36,25.90,26.50,25.81,13706,35745330.00,2.58,-3.14,-0.84,3.81
2018-12-07,26.05,26.56,26.90,25.91,15704,41610990.00,3.82,2.55,0.66,4.36
2018-12-10,26.48,25.90,26.48,25.58,11298,29329259.00,3.39,-2.48,-0.66,3.14
2018-12-11,25.90,25.16,26.15,24.61,22620,57043861.00,5.95,-2.86,-0.74,6.29
2018-12-12,25.00,25.00,25.39,24.71,10626,26579171.00,2.70,-0.64,-0.16,2.95
2018-12-13,24.88,25.23,25.55,24.77,9474,23935142.00,3.12,0.92,0.23,2.60
2018-12-14,25.11,24.42,25.20,24.31,9964,24622814.00,3.53,-3.21,-0.81,2.73
2018-12-17,24.48,24.83,24.88,24.38,6900,17020382.00,2.05,1.68,0.41,1.89
2018-12-18,24.79,24.53,24.80,24.29,5935,14516709.00,2.05,-1.21,-0.30,1.63
2018-12-19,24.53,23.96,24.64,23.82,5941,14355665.00,3.34,-2.32,-0.57,1.63
2018-12-20,24.04,23.98,24.32,23.71,7258,17407805.00,2.55,0.08,0.02,1.99
2018-12-21,24.05,24.25,24.30,23.81,5682,13693550.00,2.04,1.13,0.27,1.56
2018-12-24,24.25,25.00,25.31,24.19,8717,21518913.00,4.62,3.09,0.75,2.39
2018-12-25,24.80,24.55,24.80,24.00,7649,18607442.00,3.20,-1.80,-0.45,2.10
2018-12-26,24.40,24.58,24.99,24.32,6455,15982515.00,2.73,0.12,0.03,1.77
2018-12-27,24.88,24.17,25.22,24.00,8533,21097965.00,4.96,-1.67,-0.41,2.34
2018-12-28,24.31,25.38,25.38,24.22,10432,25984740.00,4.80,5.01,1.21,2.86
2019-01-02,25.37,26.08,26.09,25.10,16929,43503879.00,3.90,2.76,0.70,4.64
2019-01-03,25.90,25.82,26.38,25.51,16238,42121566.00,3.34,-1.00,-0.26,4.45
2019-01-04,25.68,26.04,26.10,25.50,11483,29716860.00,2.32,0.85,0.22,3.15
2019-01-07,26.38,25.80,26.41,25.62,13335,34456720.00,3.03,-0.92,-0.24,3.65
2019-01-08,25.80,25.49,25.80,25.33,8385,21380745.00,1.82,-1.20,-0.31,2.30
2019-01-09,25.52,25.48,26.17,25.43,12604,32515494.00,2.90,-0.04,-0.01,3.45
2019-01-10,25.44,25.72,25.79,25.15,9343,23801840.00,2.51,0.94,0.24,2.56
2019-01-11,25.75,25.82,26.04,25.47,8719,22529618.00,2.22,0.39,0.10,2.39
2019-01-14,25.82,25.43,26.08,25.26,6968,17770197.00,3.18,-1.51,-0.39,1.91
2019-01-15,25.48,25.57,25.57,25.13,4871,12353877.00,1.73,0.55,0.14,1.33
2019-01-16,25.58,25.83,26.09,25.45,10820,28036138.00,2.50,1.02,0.26,2.96
2019-01-17,25.88,25.50,26.20,25.41,9821,25361236.00,3.06,-1.28,-0.33,2.69
2019-01-18,25.48,24.91,25.48,24.52,13362,33171632.00,3.76,-2.31,-0.59,3.66
2019-01-21,24.91,25.00,25.21,24.62,5346,13315185.00,2.37,0.36,0.09,1.46
2019-01-22,24.87,25.07,25.10,24.87,3996,9979457.00,0.92,0.28,0.07,1.09
2019-01-23,25.01,25.07,25.17,24.90,3233,8090178.00,1.08,0.00,0.00,0.89
2019-01-24,25.01,25.42,25.55,25.01,5611,14224453.00,2.15,1.40,0.35,1.54
2019-01-25,25.43,24.95,25.71,24.90,5929,15024183.00,3.19,-1.85,-0.47,1.62
2019-01-28,25.03,24.96,25.26,24.92,3305,8289316.00,1.36,0.04,0.01,0.91
2019-01-29,24.96,24.76,25.17,24.46,3898,9633129.00,2.84,-0.80,-0.20,1.07
2019-01-30,24.55,24.73,25.15,24.55,2688,6709759.00,2.42,-0.12,-0.03,0.74
2019-01-31,24.98,24.52,25.12,24.30,4849,12010294.00,3.32,-0.85,-0.21,1.33
2019-02-01,24.55,25.19,25.19,24.55,5374,13441723.00,2.61,2.73,0.67,1.47
2019-02-11,25.20,25.81,26.05,25.19,9440,24308319.00,3.41,2.46,0.62,2.59
2019-02-12,25.93,25.90,26.12,25.80,6187,16036455.00,1.24,0.35,0.09,1.70
2019-02-13,25.94,26.16,26.28,25.86,9240,24107021.00,1.62,1.00,0.26,2.53
2019-02-14,26.19,26.20,26.38,25.90,8462,22115913.00,1.83,0.15,0.04,2.32
2019-02-15,26.23,25.80,26.43,25.70,7230,18815757.00,2.79,-1.53,-0.40,1.98
2019-02-18,26.03,26.50,26.66,25.89,11209,29489203.00,2.98,2.71,0.70,3.07
2019-02-19,26.91,26.22,27.28,25.78,12162,32040315.00,5.66,-1.06,-0.28,3.33
2019-02-20,26.20,25.32,26.32,24.35,21715,55218889.00,7.51,-3.43,-0.90,5.95
2019-02-21,25.17,25.07,25.74,24.98,21588,54736656.00,3.00,-0.99,-0.25,5.91
2019-02-22,25.05,25.57,25.59,24.88,11445,28994864.00,2.83,1.99,0.50,3.14
2019-02-25,25.90,27.17,27.25,25.90,25071,66596697.00,5.28,6.26,1.60,6.87
2019-02-26,26.63,27.20,28.20,26.52,26482,72049224.00,6.18,0.11,0.03,7.26
2019-02-27,27.15,28.22,28.98,26.83,31427,88566237.00,7.90,3.75,1.02,8.61
2019-02-28,28.23,28.09,28.88,27.75,16079,45369509.00,4.00,-0.46,-0.13,4.41
2019-03-01,28.29,27.91,28.38,27.78,12808,35923257.00,2.14,-0.64,-0.18,3.51
2019-03-04,28.20,28.12,29.28,28.00,27414,78767951.00,4.59,0.75,0.21,7.51
2019-03-05,28.12,28.98,29.18,28.09,20747,59499347.00,3.88,3.06,0.86,5.68
2019-03-06,29.06,28.79,29.39,28.20,19886,57048118.00,4.11,-0.66,-0.19,5.45
2019-03-07,28.78,28.63,29.05,28.28,17297,49607055.00,2.67,-0.56,-0.16,4.74
2019-03-08,28.36,28.30,29.37,27.90,15639,44864416.00,5.13,-1.15,-0.33,4.28
2019-03-11,28.28,29.61,29.61,28.21,20435,59475203.00,4.95,4.63,1.31,5.60
2019-03-12,29.81,30.60,31.48,29.30,33729,102099904.00,7.36,3.34,0.99,9.24
2019-03-13,30.48,28.84,30.48,28.82,21001,62131253.00,5.42,-5.75,-1.76,5.75
2019-03-14,29.28,28.15,29.34,27.80,13136,37135495.00,5.34,-2.39,-0.69,3.60
2019-03-15,28.28,28.14,28.76,27.88,9651,27225446.00,3.13,-0.04,-0.01,2.64
2019-03-18,28.13,28.60,28.66,28.03,9653,27339724.00,2.24,1.63,0.46,2.64
2019-03-19,28.61,28.65,29.05,28.50,9610,27643390.00,1.92,0.17,0.05,2.63
2019-03-20,28.65,28.75,28.99,28.28,9156,26197590.00,2.48,0.35,0.10,2.51
2019-03-21,28.98,28.60,29.18,28.55,13021,37470312.00,2.19,-0.52,-0.15,3.57
2019-03-22,28.64,28.80,29.00,27.97,12458,35274204.00,3.60,0.70,0.20,3.41
2019-03-25,28.50,29.49,29.50,28.10,17281,50035482.00,4.86,2.40,0.69,4.73
2019-03-26,28.95,29.40,29.75,28.76,18635,54590558.00,3.36,-0.31,-0.09,5.11
2019-03-27,29.29,30.52,31.08,29.20,28943,87494891.00,6.39,3.81,1.12,7.93
2019-03-28,30.18,29.40,30.40,29.40,15698,46926915.00,3.28,-3.67,-1.12,4.30
2019-03-29,29.20,30.04,30.30,29.00,11999,35693042.00,4.42,2.18,0.64,3.29
2019-04-01,30.70,30.83,31.77,30.33,16200,50196210.00,4.79,2.63,0.79,4.44
2019-04-02,30.83,31.70,31.72,30.34,15751,48843039.00,4.48,2.82,0.87,4.32
2019-04-03,31.50,33.06,34.15,31.25,25834,84729130.00,9.15,4.29,1.36,7.08
2019-04-04,33.12,32.50,34.40,31.90,23049,76099557.00,7.56,-1.69,-0.56,6.31
2019-04-08,32.44,31.71,32.77,31.00,14937,47499268.00,5.45,-2.43,-0.79,4.09
2019-04-09,31.72,31.70,32.00,31.10,8805,27835590.00,2.84,-0.03,-0.01,2.41
2019-04-10,31.35,31.60,31.68,31.08,6457,20275634.00,1.89,-0.32,-0.10,1.77
2019-04-11,31.70,31.58,31.80,31.33,7001,22075699.00,1.49,-0.06,-0.02,1.92
2019-04-12,31.56,30.78,31.56,30.69,6061,18752744.00,2.75,-2.53,-0.80,1.66
2019-04-15,31.02,33.85,33.85,30.15,15708,48567468.00,12.02,9.97,3.07,4.30
2019-04-16,32.00,32.08,32.80,31.32,21967,69957836.00,4.37,-5.23,-1.77,6.02
2019-04-17,31.58,31.23,31.78,30.88,14216,44375057.00,2.81,-2.65,-0.85,3.89
2019-04-18,31.10,30.24,31.35,30.24,11646,35583123.00,3.55,-3.17,-0.99,3.19
2019-04-19,30.31,30.67,30.88,29.60,9868,29933097.00,4.23,1.42,0.43,2.70
2019-04-22,30.72,30.95,31.25,30.00,9625,29439928.00,4.08,0.91,0.28,2.64
2019-04-23,30.86,31.47,31.47,29.92,9149,27982986.00,5.01,1.68,0.52,2.51
2019-04-24,31.16,31.98,33.85,30.66,22824,72587043.00,10.14,1.62,0.51,6.25
2019-04-25,31.48,30.56,31.85,30.56,12826,40043121.00,4.03,-4.44,-1.42,3.51
2019-04-26,30.06,30.05,30.60,29.92,8657,26138807.00,2.23,-1.67,-0.51,2.37
2019-04-29,30.05,29.20,30.06,28.88,8986,26364797.00,3.93,-2.83,-0.85,2.46
2019-04-30,29.09,29.45,29.78,28.90,2690,7910310.00,3.01,0.86,0.25,0.74
2019-05-06,29.00,26.70,29.00,26.70,9471,26157120.00,7.81,-9.34,-2.75,2.59
2019-05-07,26.71,26.82,27.40,26.63,6264,16884237.00,2.88,0.45,0.12,1.72
2019-05-08,26.52,27.15,27.35,26.01,4165,11244988.00,5.00,1.23,0.33,1.14
2019-05-09,26.88,26.97,27.40,26.77,6018,16325417.00,2.32,-0.66,-0.18,1.65
2019-05-10,27.00,27.37,27.88,24.28,8930,24311229.00,13.35,1.48,0.40,2.45
2019-05-13,27.15,27.33,27.79,26.85,4434,12184551.00,3.43,-0.15,-0.04,1.21
2019-05-14,26.85,27.24,27.68,26.85,3621,9910186.00,3.04,-0.33,-0.09,0.99
2019-05-15,27.51,27.58,27.64,27.30,5946,16331995.00,1.25,1.25,0.34,1.63
2019-05-16,27.58,28.66,28.94,27.28,10522,29546969.00,6.02,3.92,1.08,2.88
2019-05-17,28.48,27.47,28.90,27.36,7083,19933989.00,5.37,-4.15,-1.19,1.94
2019-05-20,27.56,27.03,27.56,26.65,3705,9994001.00,3.31,-1.60,-0.44,1.02
2019-05-21,27.02,28.12,28.22,26.62,7639,21208623.00,5.92,4.03,1.09,2.09
2019-05-22,28.01,28.24,28.44,27.35,6119,17049039.00,3.88,0.43,0.12,1.68
2019-05-23,28.20,27.58,28.24,27.15,4763,13210216.00,3.86,-2.34,-0.66,1.30
2019-05-24,27.30,26.86,27.79,26.76,3311,8928664.00,3.73,-2.61,-0.72,0.91
2019-05-27,26.86,27.30,27.33,26.78,3491,9438177.00,2.05,1.64,0.44,0.96
2019-05-28,27.14,27.08,27.36,26.92,2602,7078349.00,1.61,-0.81,-0.22,0.71
2019-05-29,27.28,27.30,27.46,26.82,2627,7162142.00,2.36,0.81,0.22,0.72
2019-05-30,27.30,26.74,27.30,26.50,4521,12098945.00,2.93,-2.05,-0.56,1.24
2019-05-31,26.88,26.09,26.88,26.00,5569,14659112.00,3.29,-2.43,-0.65,1.53
2019-06-03,25.98,25.66,26.28,25.56,4322,11153907.00,2.76,-1.65,-0.43,1.18
2019-06-04,25.51,25.96,26.24,25.13,5644,14531142.00,4.33,1.17,0.30,1.55
2019-06-05,26.05,27.50,28.00,25.66,10767,28726746.00,9.01,5.93,1.54,2.95
2019-06-06,27.23,27.78,28.20,27.00,16370,45445183.00,4.36,1.02,0.28,4.49
2019-06-10,27.60,27.14,27.61,26.80,7054,19077569.00,2.92,-2.30,-0.64,1.93
2019-06-11,27.16,27.85,27.89,26.80,13088,35711241.00,4.02,2.62,0.71,3.59
2019-06-12,27.62,27.50,27.75,27.18,6558,17953531.00,2.05,-1.26,-0.35,1.80
2019-06-13,27.22,27.20,27.58,26.95,3789,10308808.00,2.29,-1.09,-0.30,1.04
2019-06-14,27.25,28.30,28.51,26.96,16930,47293865.00,5.70,4.04,1.10,4.64
2019-06-17,27.90,27.50,28.30,27.50,13084,36528217.00,2.83,-2.83,-0.80,3.58
2019-06-18,27.55,27.41,27.88,27.26,5307,14614081.00,2.25,-0.33,-0.09,1.45
2019-06-19,27.88,27.62,27.99,27.50,6210,17214924.00,1.79,0.77,0.21,1.70
2019-06-20,27.66,27.85,27.93,27.28,4777,13206970.00,2.35,0.83,0.23,1.31
2019-06-21,27.70,28.20,28.51,27.70,6882,19404905.00,2.91,1.26,0.35,1.89
2019-06-24,28.07,28.33,28.59,27.30,8431,23850305.00,4.57,0.46,0.13,2.31
2019-06-25,28.23,28.07,28.32,27.71,4334,12160103.00,2.15,-0.92,-0.26,1.19
2019-06-26,27.77,28.10,28.36,27.77,3367,9460147.00,2.10,0.11,0.03,0.92
2019-06-27,28.13,28.23,28.37,28.04,3378,9521885.00,1.17,0.46,0.13,0.93
2019-06-28,28.30,27.72,28.30,27.52,3915,10883366.00,2.76,-1.81,-0.51,1.07
2019-07-01,28.19,28.46,28.76,28.02,9459,26834026.00,2.67,2.67,0.74,2.40
2019-07-02,28.46,28.42,28.59,28.13,6189,17530156.00,1.62,-0.14,-0.04,1.57
2019-07-03,28.87,28.33,28.87,28.18,4007,11354775.00,2.43,-0.32,-0.09,1.01
2019-07-04,28.67,28.20,28.67,28.09,3219,9105975.00,2.05,-0.46,-0.13,0.82
2019-07-05,28.40,27.85,28.40,27.46,6105,16941445.00,3.33,-1.24,-0.35,1.55
2019-07-08,27.60,26.58,27.60,26.16,9617,25591291.00,5.17,-4.56,-1.27,2.44
2019-07-09,26.70,26.59,26.70,26.41,2902,7699621.00,1.09,0.04,0.01,0.74
2019-07-10,26.68,26.55,26.96,26.41,2662,7099272.00,2.07,-0.15,-0.04,0.67
2019-07-11,26.62,26.43,26.73,26.00,4228,11185787.00,2.75,-0.45,-0.12,1.07
2019-07-12,26.60,26.51,26.60,26.33,2028,5373488.00,1.02,0.30,0.08,0.51
2019-07-15,26.50,26.47,26.52,25.12,5009,13118164.00,5.28,-0.15,-0.04,1.27
2019-07-16,26.46,27.30,27.47,26.25,6967,18853473.00,4.61,3.14,0.83,1.76
2019-07-17,27.14,26.60,27.28,26.55,4905,13201648.00,2.67,-2.56,-0.70,1.24
2019-07-18,26.60,26.13,26.79,26.10,2183,5740535.00,2.59,-1.77,-0.47,0.55
2019-07-19,26.13,26.19,26.64,26.11,2451,6467442.00,2.03,0.23,0.06,0.62
2019-07-22,26.00,26.03,26.38,25.26,3674,9519777.00,4.28,-0.61,-0.16,0.93
2019-07-23,26.05,25.53,26.05,25.31,5911,15139710.00,2.84,-1.92,-0.50,1.50
2019-07-24,25.60,25.68,25.91,25.54,3598,9261282.00,1.45,0.59,0.15,0.91
2019-07-25,25.68,25.75,26.07,25.68,2660,6869370.00,1.52,0.27,0.07,0.67
2019-07-26,25.94,25.74,25.94,25.60,1728,4444269.00,1.32,-0.04,-0.01,0.44
2019-07-29,25.85,25.45,25.85,25.25,4000,10184080.00,2.33,-1.13,-0.29,1.01
2019-07-30,25.45,25.38,25.65,25.20,5358,13610251.00,1.77,-0.28,-0.07,1.36
2019-07-31,25.26,24.87,25.34,24.69,6354,15882189.00,2.56,-2.01,-0.51,1.61
2019-08-01,24.80,25.38,25.45,24.71,5764,14543810.00,2.98,2.05,0.51,1.46
2019-08-02,25.10,24.60,25.10,24.55,4762,11785849.00,2.17,-3.07,-0.78,1.21
2019-08-05,24.60,24.33,25.19,24.25,4323,10646421.00,3.82,-1.10,-0.27,1.09
2019-08-06,23.74,23.80,24.19,22.23,10573,24572670.00,8.06,-2.18,-0.53,2.68
2019-08-07,24.10,23.46,24.24,23.36,3885,9238003.00,3.70,-1.43,-0.34,0.98
2019-08-08,23.90,23.64,23.90,23.10,4638,10848484.00,3.41,0.77,0.18,1.17
2019-08-09,23.35,22.53,23.67,22.34,8938,20454369.00,5.63,-4.70,-1.11,2.26
2019-08-12,22.53,22.71,23.10,22.39,8972,20313295.00,3.15,0.80,0.18,2.27
2019-08-13,22.67,22.95,23.38,22.45,7091,16310740.00,4.10,1.06,0.24,1.80
2019-08-14,23.05,23.30,23.49,23.05,5449,12712552.00,1.92,1.53,0.35,1.38
2019-08-15,23.01,23.25,23.40,22.44,4184,9639402.00,4.12,-0.21,-0.05,1.06
2019-08-16,23.17,23.39,24.01,23.05,8915,20968917.00,4.13,0.60,0.14,2.26
2019-08-19,23.38,24.07,24.35,23.32,10494,25097534.00,4.40,2.91,0.68,2.66
2019-08-20,24.08,23.80,24.31,23.70,6918,16603473.00,2.53,-1.12,-0.27,1.75
2019-08-21,23.80,24.35,24.66,23.80,9091,22162630.00,3.61,2.31,0.55,2.30
2019-08-22,24.26,23.97,24.45,23.90,5941,14329573.00,2.26,-1.56,-0.38,1.50
2019-08-23,23.85,23.95,24.29,23.85,6083,14644588.00,1.84,-0.08,-0.02,1.54
2019-08-26,23.82,23.70,23.91,23.25,5632,13302448.00,2.76,-1.04,-0.25,1.43
2019-08-27,24.07,24.55,24.60,23.82,12829,30976148.00,3.29,3.59,0.85,3.25
2019-08-28,24.60,24.31,24.60,24.01,9606,23320680.00,2.40,-0.98,-0.24,2.43
2019-08-29,24.45,23.97,24.45,23.90,7970,19251805.00,2.26,-1.40,-0.34,2.02
2019-08-30,24.16,23.73,24.54,23.71,12261,29734860.00,3.46,-1.00,-0.24,3.11
2019-09-02,23.72,23.96,24.13,23.52,11167,26577687.00,2.57,0.97,0.23,2.83
2019-09-03,24.22,24.58,24.79,24.07,10928,26690921.00,3.01,2.59,0.62,2.77
2019-09-04,24.52,25.12,25.34,24.40,11990,29985257.00,3.82,2.20,0.54,3.04
2019-09-05,25.25,25.15,25.69,25.02,12574,31884018.00,2.67,0.12,0.03,3.18
2019-09-06,25.42,25.30,25.59,25.04,8067,20416047.00,2.19,0.60,0.15,2.04
2019-09-09,25.59,25.97,26.04,25.39,8693,22425373.00,2.57,2.65,0.67,2.20
2019-09-10,25.87,25.83,26.04,25.32,9897,25398497.00,2.77,-0.54,-0.14,2.51
2019-09-11,25.99,25.41,26.00,25.35,8428,21626975.00,2.52,-1.63,-0.42,2.13
2019-09-12,25.60,25.53,25.79,25.40,6101,15590597.00,1.53,0.47,0.12,1.55
2019-09-16,25.62,25.93,26.32,25.62,6244,16205402.00,2.74,1.57,0.40,1.58
2019-09-17,25.80,25.44,25.97,25.01,7616,19374796.00,3.70,-1.89,-0.49,1.93
2019-09-18,25.90,25.92,26.15,25.45,9583,24736378.00,2.75,1.89,0.48,2.43
2019-09-19,25.96,26.15,26.46,25.80,12055,31578147.00,2.55,0.89,0.23,3.05
2019-09-20,26.10,26.41,27.16,25.68,16771,43964066.00,5.66,0.99,0.26,4.25
2019-09-23,26.35,25.71,26.35,25.33,15999,40934385.00,3.86,-2.65,-0.70,4.05
2019-09-24,25.71,25.38,25.81,25.32,10126,25821158.00,1.91,-1.28,-0.33,2.56
2019-09-25,25.35,25.13,25.60,25.08,8823,22328014.00,2.05,-0.99,-0.25,2.23
2019-09-26,25.40,24.63,25.56,24.40,8012,19985400.00,4.62,-1.99,-0.50,2.03
2019-09-27,24.52,24.44,24.93,24.38,9937,24430597.00,2.23,-0.77,-0.19,2.52
2019-09-30,24.45,24.27,24.63,24.19,4593,11194058.00,1.80,-0.70,-0.17,1.16
2019-10-08,24.27,24.24,24.43,24.00,6959,16828875.00,1.77,-0.12,-0.03,1.76
2019-10-09,24.00,24.60,24.94,23.51,8943,21904537.00,5.90,1.49,0.36,2.27
2019-10-10,24.70,24.74,24.88,24.52,4396,10861737.00,1.46,0.57,0.14,1.11
2019-10-11,24.73,25.70,26.18,24.73,17753,45537733.00,5.86,3.88,0.96,4.50
2019-10-14,25.93,25.60,25.93,25.44,10538,26996061.00,1.91,-0.39,-0.10,2.67
2019-10-15,25.60,26.43,26.70,25.26,20774,54540584.00,5.63,3.24,0.83,5.26
2019-10-16,26.63,26.41,27.10,26.14,12247,32483401.00,3.63,-0.08,-0.02,3.10
2019-10-17,26.42,26.15,26.96,26.13,8423,22289978.00,3.14,-0.98,-0.26,2.13
2019-10-18,26.48,26.13,26.86,26.02,11904,31519852.00,3.21,-0.08,-0.02,3.02
2019-10-21,25.88,25.80,26.48,25.50,7630,19757859.00,3.75,-1.26,-0.33,1.93
2019-10-22,25.81,26.15,26.18,25.53,7199,18673159.00,2.52,1.36,0.35,1.82
2019-10-23,25.93,25.40,26.11,25.31,5776,14813420.00,3.06,-2.87,-0.75,1.46
2019-10-24,25.41,25.45,25.63,24.83,5985,15081131.00,3.15,0.20,0.05,1.52
2019-10-25,25.21,25.22,25.45,25.02,4115,10377564.00,1.69,-0.90,-0.23,1.04
2019-10-28,25.47,25.50,25.58,25.06,8286,20994003.00,2.06,1.11,0.28,2.10
2019-10-29,25.50,24.45,26.38,24.11,21412,53151333.00,8.90,-4.12,-1.05,5.42
2019-10-30,24.24,24.77,24.92,23.28,12499,30274102.00,6.71,1.31,0.32,3.17
2019-10-31,25.03,24.50,25.03,24.10,10499,25719228.00,3.75,-1.09,-0.27,2.66
2019-11-01,24.48,24.85,25.05,23.79,10348,25359012.00,5.14,1.43,0.35,2.62
2019-11-04,25.09,24.83,25.28,24.54,7339,18297936.00,2.98,-0.08,-0.02,1.86
2019-11-05,24.98,24.72,25.00,24.66,4296,10653823.00,1.37,-0.44,-0.11,1.09
2019-11-06,24.88,25.15,25.20,24.08,10908,26931834.00,4.53,1.74,0.43,2.76
2019-11-07,24.99,24.44,24.99,24.38,9365,23099660.00,2.43,-2.82,-0.71,2.37
2019-11-08,24.49,24.30,24.76,24.26,4485,10982817.00,2.05,-0.57,-0.14,1.14
2019-11-11,24.11,23.88,24.50,23.86,5026,12157289.00,2.63,-1.73,-0.42,1.27
2019-11-12,23.88,23.64,23.93,23.29,4231,9974554.00,2.68,-1.01,-0.24,1.07
2019-11-13,23.69,23.62,23.79,23.48,2289,5413182.00,1.31,-0.08,-0.02,0.58
2019-11-14,23.62,23.64,23.90,23.40,4227,9992761.00,2.12,0.08,0.02,1.07
2019-11-15,23.55,23.58,23.85,23.46,2108,4985583.00,1.65,-0.25,-0.06,0.53
2019-11-18,23.40,23.61,23.66,23.35,2115,4973046.00,1.31,0.13,0.03,0.54
2019-11-19,23.93,23.89,23.94,23.72,4098,9772511.00,0.93,1.19,0.28,1.04
2019-11-20,23.86,23.36,24.10,23.26,6188,14630346.00,3.52,-2.22,-0.53,1.57
2019-11-21,23.41,23.35,23.57,23.02,2857,6659509.00,2.35,-0.04,-0.01,0.72
2019-11-22,23.35,23.19,23.62,23.10,3793,8859900.00,2.23,-0.69,-0.16,0.96
2019-11-25,23.33,22.72,23.33,22.70,3682,8407848.00,2.72,-2.03,-0.47,0.93
2019-11-26,22.95,22.85,23.09,22.70,2386,5454977.00,1.72,0.57,0.13,0.60
2019-11-27,22.93,22.70,22.93,22.65,1723,3927341.00,1.23,-0.66,-0.15,0.44
2019-11-28,22.83,22.57,22.97,22.50,3314,7519692.00,2.07,-0.57,-0.13,0.84
2019-11-29,22.50,22.93,23.19,22.44,4707,10757216.00,3.32,1.60,0.36,1.19
2019-12-02,22.91,23.00,23.29,22.66,3810,8769349.00,2.75,0.31,0.07,0.97
2019-12-03,22.96,23.03,23.10,22.44,3502,8003074.00,2.87,0.13,0.03,0.89
2019-12-04,22.99,23.08,23.29,22.86,4656,10715454.00,1.87,0.22,0.05,1.16
2019-12-05,23.06,23.32,23.38,22.82,4583,10652614.00,2.43,1.04,0.24,1.14
2019-12-06,23.29,23.58,23.78,23.22,5014,11810526.00,2.40,1.11,0.26,1.25
2019-12-09,23.60,23.51,24.30,23.43,8813,20884575.00,3.69,-0.30,-0.07,2.20
2019-12-10,23.51,23.48,23.96,23.32,4642,10930470.00,2.72,-0.13,-0.03,1.16
2019-12-11,23.58,23.40,23.77,23.30,4982,11734151.00,2.00,-0.34,-0.08,1.24
2019-12-12,23.33,23.67,23.97,23.33,7005,16615465.00,2.74,1.15,0.27,1.75
2019-12-13,23.67,23.76,23.99,23.57,4983,11841861.00,1.77,0.38,0.09,1.24
2019-12-16,23.69,23.94,23.95,23.69,6764,16145413.00,1.09,0.76,0.18,1.69
2019-12-17,24.09,24.38,24.53,23.90,12737,30882016.00,2.63,1.84,0.44,3.17
2019-12-18,24.30,26.82,26.82,24.23,48854,127928198.00,10.62,10.01,2.44,12.18
2019-12-19,27.00,28.12,29.49,25.55,72470,196666970.00,14.69,4.85,1.30,18.06
2019-12-20,27.46,26.52,27.46,26.50,36128,96939165.00,3.41,-5.69,-1.60,9.00
2019-12-23,26.30,25.08,26.31,25.00,27037,69021463.00,4.94,-5.43,-1.44,6.74
2019-12-24,25.15,25.75,25.94,25.15,18148,46377211.00,3.15,2.67,0.67,4.52
2019-12-25,25.74,25.70,25.99,25.42,14475,37117313.00,2.21,-0.19,-0.05,3.61
2019-12-26,25.60,26.95,27.56,25.48,40761,108781563.00,8.09,4.86,1.25,10.16
2019-12-27,27.80,29.65,29.65,27.76,91743,270635936.00,7.01,10.02,2.70,22.87
2019-12-30,28.96,26.95,29.00,26.69,75853,207695729.00,7.79,-9.11,-2.70,18.91
2019-12-31,27.20,29.65,29.65,27.02,52683,151495893.00,9.76,10.02,2.70,13.16
2020-01-02,32.62,32.62,32.62,31.60,36276,118096476.00,3.44,10.02,2.97,9.06
2020-01-03,35.88,35.88,35.88,35.01,97073,348069344.00,2.67,9.99,3.26,24.26
2020-01-06,33.89,38.47,39.47,33.10,131410,477244576.00,17.75,7.22,2.59,32.84
2020-01-07,41.50,38.78,41.50,36.66,121702,482610704.00,12.58,0.81,0.31,30.41
2020-01-08,36.65,36.22,39.80,36.04,101590,382074752.00,9.70,-6.60,-2.56,25.38
2020-01-09,37.60,37.00,38.75,36.00,79880,297699136.00,7.59,2.15,0.78,19.96
2020-01-10,37.20,40.70,40.70,35.65,92041,354637424.00,13.65,10.00,3.70,23.00
2020-01-13,40.86,44.77,44.77,40.33,31121,133458938.00,10.91,10.00,4.07,7.78
2020-01-14,47.00,45.90,49.25,45.61,134076,640641968.00,8.13,2.52,1.13,33.50
2020-01-15,43.13,43.38,45.10,42.79,87995,384536368.00,5.03,-5.49,-2.52,21.99
2020-01-16,43.20,43.88,44.88,41.88,71968,309853696.00,6.92,1.15,0.50,17.98
2020-01-17,43.30,42.25,43.79,41.78,58808,251462144.00,4.58,-3.71,-1.63,14.69
2020-01-20,40.56,40.23,41.38,38.11,61180,243191140.00,7.74,-4.78,-2.02,15.29
2020-01-21,40.20,38.33,40.20,38.11,40259,157495197.00,5.20,-4.72,-1.90,10.06
2020-01-22,38.44,39.08,39.69,37.30,38759,150119788.00,6.24,1.96,0.75,9.68
2020-01-23,38.13,37.16,39.31,35.80,34204,129187983.00,8.98,-4.91,-1.92,8.55
2020-02-03,33.44,33.44,33.50,33.44,7587,25371654.00,0.16,-10.01,-3.72,1.90
2020-02-04,31.50,34.87,35.49,31.23,59858,199676027.00,12.74,4.28,1.43,14.96
2020-02-05,34.87,36.10,36.40,33.92,59970,210739968.00,7.11,3.53,1.23,14.98
2020-02-06,35.52,35.56,36.87,35.05,61209,218728324.00,5.04,-1.50,-0.54,15.29
2020-02-07,35.00,34.38,35.25,33.82,44138,152404737.00,4.02,-3.32,-1.18,11.03
2020-02-10,34.41,37.82,37.82,34.26,52314,193391259.00,10.35,10.01,3.44,13.07
2020-02-11,39.99,37.84,40.50,37.38,61077,236387307.00,8.25,0.05,0.02,15.26
2020-02-12,36.68,37.42,38.36,36.56,45185,167963551.00,4.76,-1.11,-0.42,11.29
2020-02-13,36.95,34.90,37.10,33.95,49717,176221241.00,8.42,-6.73,-2.52,12.42
2020-02-14,36.00,38.39,38.39,36.00,34074,128062953.00,6.85,10.00,3.49,8.51
2020-02-17,39.36,42.23,42.23,38.66,83645,342546656.00,9.30,10.00,3.84,20.90
2020-02-18,44.00,45.28,46.39,43.10,104298,465982960.00,7.79,7.22,3.05,26.06
2020-02-19,42.79,43.45,46.78,42.79,79075,351819552.00,8.81,-4.04,-1.83,19.76
2020-02-20,43.45,42.89,44.80,41.80,45216,193920104.00,6.90,-1.29,-0.56,11.30
2020-02-21,42.00,43.57,44.99,41.56,63781,277237872.00,8.00,1.59,0.68,15.94
2020-02-24,42.63,43.00,43.50,41.52,39150,167123763.00,4.54,-1.31,-0.57,9.78
2020-02-25,41.36,42.66,43.50,39.20,39270,165200325.00,10.00,-0.79,-0.34,9.81
2020-02-26,42.66,40.22,42.98,39.82,28828,118672725.00,7.41,-5.72,-2.44,7.20
2020-02-27,40.43,40.53,41.57,39.51,27612,112293630.00,5.12,0.77,0.31,6.90
2020-02-28,39.32,37.01,39.62,37.00,30085,114912927.00,6.46,-8.68,-3.52,7.52
2020-03-02,38.63,39.10,40.35,37.91,32130,125194707.00,6.59,5.65,2.09,8.03
2020-03-03,39.32,39.60,41.32,39.18,37840,152143443.00,5.47,1.28,0.50,9.46
2020-03-04,39.19,42.66,43.56,39.05,74093,314721920.00,11.39,7.73,3.06,18.51
2020-03-05,42.66,40.55,42.67,39.88,63335,258798375.00,6.54,-4.95,-2.11,15.83
2020-03-06,39.50,42.83,44.44,38.01,75071,308546672.00,15.86,5.62,2.28,18.76
2020-03-09,40.20,38.55,41.27,38.55,47677,188492658.00,6.35,-9.99,-4.28,11.91
2020-03-10,36.69,38.10,38.50,35.98,30467,113575657.00,6.54,-1.17,-0.45,7.61
2020-03-11,38.02,36.54,38.50,36.40,21078,78729955.00,5.51,-4.09,-1.56,5.27
2020-03-12,35.51,34.99,35.51,34.07,20198,70477750.00,3.94,-4.24,-1.55,5.05
2020-03-13,32.11,33.16,34.34,32.04,28248,93704975.00,6.57,-5.23,-1.83,7.06
2020-03-16,34.19,31.08,35.80,30.81,28350,92605252.00,15.05,-6.27,-2.08,7.08
2020-03-17,31.41,30.98,32.90,29.53,42328,129117392.00,10.84,-0.32,-0.10,10.58
2020-03-18,31.09,29.99,31.93,29.90,36488,113430447.00,6.55,-3.20,-0.99,9.12
2020-03-19,30.30,30.60,30.88,29.31,24253,72907204.00,5.24,2.03,0.61,6.06
2020-03-20,31.23,31.28,31.65,30.58,24740,77237157.00,3.50,2.22,0.68,6.18
2020-03-23,30.21,29.55,31.40,29.01,25449,77209592.00,7.64,-5.53,-1.73,6.36
2020-03-24,30.04,31.29,32.07,30.03,38313,119289870.00,6.90,5.89,1.74,9.57
2020-03-25,31.98,31.60,31.98,31.42,27627,87501922.00,1.79,0.99,0.31,6.90
2020-03-26,31.51,30.96,31.63,30.65,17683,54996949.00,3.10,-2.03,-0.64,4.42
2020-03-27,31.06,30.86,32.19,30.80,25146,79173593.00,4.49,-0.32,-0.10,6.28
2020-03-30,29.73,29.51,29.95,28.49,23814,69977457.00,4.73,-4.37,-1.35,5.95
2020-03-31,30.16,29.00,30.40,28.88,14717,43314516.00,5.15,-1.73,-0.51,3.68
2020-04-01,28.66,29.71,29.98,28.66,24108,71095591.00,4.55,2.45,0.71,6.02
2020-04-02,29.72,30.51,30.51,29.40,19890,59893004.00,3.74,2.69,0.80,4.97
2020-04-03,30.52,30.40,31.42,30.18,18247,56075591.00,4.06,-0.36,-0.11,4.56
2020-04-07,30.63,31.18,31.31,30.63,20627,63944444.00,2.24,2.57,0.78,5.15
2020-04-08,30.99,31.44,32.18,30.76,28238,89138638.00,4.55,0.83,0.26,7.06
2020-04-09,31.36,31.41,32.20,30.99,21825,68493830.00,3.85,-0.10,-0.03,5.45
2020-04-10,31.60,30.16,31.61,29.92,20869,63630865.00,5.38,-3.98,-1.25,5.21
2020-04-13,29.99,29.15,29.99,28.80,14572,42597681.00,3.95,-3.35,-1.01,3.64
2020-04-14,29.49,29.48,29.49,28.61,24930,72468205.00,3.02,1.13,0.33,6.23
2020-04-15,32.00,30.78,32.00,30.27,43712,135269031.00,5.87,4.41,1.30,10.92
2020-04-16,30.11,30.93,31.45,30.11,36133,111719130.00,4.35,0.49,0.15,9.03
2020-04-17,31.40,32.30,33.50,31.01,53110,171678128.00,8.05,4.43,1.37,13.27
2020-04-20,32.65,32.40,32.95,32.01,31869,103397572.00,2.91,0.31,0.10,7.96
2020-04-21,32.39,33.24,33.39,31.93,37671,122983204.00,4.51,2.59,0.84,9.41
2020-04-22,32.89,33.78,33.88,32.59,38762,128928112.00,3.88,1.62,0.54,9.69
2020-04-23,33.70,32.90,33.98,32.90,33052,110178291.00,3.20,-2.61,-0.88,8.26
2020-04-24,32.76,32.28,33.15,31.92,23724,77013359.00,3.74,-1.88,-0.62,5.93
2020-04-27,32.28,31.11,32.56,30.89,20382,64193750.00,5.17,-3.62,-1.17,5.09
2020-04-28,31.03,31.32,31.67,29.43,20756,63773188.00,7.20,0.68,0.21,5.19
2020-04-29,30.81,29.79,32.25,29.74,31647,96145439.00,8.01,-4.89,-1.53,7.91
2020-04-30,29.80,30.97,31.24,29.80,22472,68807182.00,4.83,3.96,1.18,5.62
2020-05-06,30.75,31.21,31.58,30.51,27163,84502960.00,3.45,0.77,0.24,6.79
2020-05-07,31.24,30.71,31.77,30.66,26713,83013535.00,3.56,-1.60,-0.50,6.67
2020-05-08,31.01,33.78,33.78,30.88,27403,89675954.00,9.44,10.00,3.07,6.85
2020-05-11,35.05,37.16,37.16,34.63,105250,379091632.00,7.49,10.01,3.38,26.30
2020-05-12,38.01,36.50,38.50,34.80,99669,361561104.00,9.96,-1.78,-0.66,24.90
2020-05-13,35.62,36.00,37.56,35.03,85460,310801152.00,6.93,-1.37,-0.50,21.35
2020-05-14,35.36,37.09,37.38,35.36,76918,279951184.00,5.61,3.03,1.09,19.22
2020-05-15,36.50,36.00,37.34,35.81,59241,216518456.00,4.13,-2.94,-1.09,14.80
2020-05-18,36.27,36.69,37.50,35.05,58219,212910593.00,6.81,1.92,0.69,14.55
2020-05-19,36.85,36.99,37.15,36.20,43631,159368888.00,2.59,0.82,0.30,10.90
2020-05-20,37.00,37.22,40.32,36.33,82255,312121856.00,10.79,0.62,0.23,20.55
2020-05-21,37.24,34.58,37.59,34.35,60858,217890365.00,8.70,-7.09,-2.64,15.21
2020-05-22,34.00,32.26,34.21,32.14,45949,152093813.00,5.99,-6.71,-2.32,11.48
2020-05-25,32.00,31.25,32.22,30.90,25263,79560234.00,4.09,-3.13,-1.01,6.31
2020-05-26,31.49,33.10,33.58,31.30,36295,118854413.00,7.30,5.92,1.85,9.07
2020-05-27,33.11,33.38,34.00,32.83,32966,110156469.00,3.53,0.85,0.28,8.24
2020-05-28,33.77,32.92,33.81,31.99,23785,78044185.00,5.45,-1.38,-0.46,5.94
2020-05-29,33.02,36.21,36.21,32.72,59391,210274687.00,10.60,9.99,3.29,14.84
2020-06-01,37.03,38.69,39.78,36.21,98731,374452304.00,9.86,6.85,2.48,24.67
2020-06-02,37.90,37.70,38.65,37.11,58315,220620463.00,3.98,-2.56,-0.99,14.57
2020-06-03,36.90,37.13,38.28,36.90,47118,176899989.00,3.66,-1.51,-0.57,11.52
2020-06-04,37.59,36.48,37.80,36.40,32036,117829476.00,3.77,-1.75,-0.65,7.83
2020-06-05,37.00,36.18,37.12,35.97,28420,103563371.00,3.15,-0.82,-0.30,6.95
2020-06-08,36.69,35.99,36.88,35.52,29638,106857651.00,3.76,-0.53,-0.19,2.71
2020-06-09,35.77,38.29,39.05,35.15,67339,254458069.00,10.84,6.39,2.30,6.16
2020-06-10,38.06,37.40,38.67,37.00,45996,173355947.00,4.36,-2.32,-0.89,4.21
2020-06-11,37.41,36.40,37.58,35.93,41190,151176492.00,4.41,-2.67,-1.00,3.77
2020-06-12,36.01,40.04,40.04,35.53,68703,265452047.00,12.39,10.00,3.64,6.29
2020-06-15,40.80,40.70,41.82,39.88,88957,363519760.00,4.85,1.65,0.66,8.14
2020-06-16,41.09,40.33,41.17,39.33,57460,231140828.00,4.52,-0.91,-0.37,5.26
2020-06-17,39.98,42.10,42.38,39.86,78513,322199728.00,6.25,4.39,1.77,7.19
2020-06-18,42.23,40.55,44.93,40.01,81059,342562800.00,11.69,-3.68,-1.55,7.42
2020-06-19,23.50,23.65,24.37,22.89,97978,231126476.00,3.65,-41.68,-16.90,5.28
2020-06-22,23.32,22.62,23.85,22.40,99580,227553066.00,6.13,-4.36,-1.03,5.36
2020-06-23,23.90,23.70,24.88,23.66,205034,503918368.00,5.39,4.77,1.08,11.04
2020-06-24,22.31,21.69,22.75,21.69,173919,382868640.00,4.47,-8.48,-2.01,9.37
2020-06-29,21.60,21.05,21.60,20.82,75805,159599917.00,3.60,-2.95,-0.64,4.08
2020-06-30,21.49,21.88,22.04,21.22,76787,165673704.00,3.90,3.94,0.83,4.12
2020-07-01,21.96,21.80,21.99,21.41,58839,127742315.00,2.65,-0.37,-0.08,3.16
2020-07-02,21.81,22.18,22.55,21.81,67686,149685262.00,3.39,1.74,0.38,3.64
2020-07-03,21.91,22.00,22.17,21.54,55195,120261298.00,2.84,-0.81,-0.18,2.96
2020-07-06,22.00,22.65,22.75,21.80,82417,184513994.00,4.32,2.95,0.65,4.43
2020-07-07,22.67,23.76,24.12,22.33,114460,267779719.00,7.90,4.90,1.11,6.15
2020-07-08,23.64,24.00,24.00,23.23,82247,194058743.00,3.24,1.01,0.24,4.42
2020-07-09,24.00,24.70,24.87,23.60,83932,205056105.00,5.29,2.92,0.70,4.51
2020-07-10,24.69,24.12,24.70,23.90,70164,170440310.00,3.24,-2.35,-0.58,3.77
2020-07-13,24.40,24.79,24.99,24.20,79948,197435198.00,3.28,2.78,0.67,4.29
2020-07-14,24.97,25.23,25.36,24.28,79708,198492234.00,4.36,1.77,0.44,4.28
2020-07-15,25.30,23.65,25.30,23.50,70375,170516438.00,7.13,-6.26,-1.58,3.78
2020-07-16,23.99,23.25,25.20,23.00,83176,202872865.00,9.30,-1.69,-0.40,4.47
2020-07-17,23.00,22.46,23.31,21.81,61002,136529401.00,6.45,-3.40,-0.79,3.28
2020-07-20,22.67,22.79,22.91,22.15,43951,99337630.00,3.38,1.47,0.33,2.36
2020-07-21,22.76,22.64,23.15,22.31,39988,90698400.00,3.69,-0.66,-0.15,2.15
2020-07-22,22.62,22.76,22.96,22.15,44660,100994623.00,3.58,0.53,0.12,2.40
2020-07-23,22.41,21.82,22.50,21.22,66491,145035210.00,5.62,-4.13,-0.94,3.57
2020-07-24,21.60,20.50,21.79,20.19,53970,113057704.00,7.33,-6.05,-1.32,2.90
2020-07-27,20.35,20.10,20.71,19.80,29090,58444290.00,4.44,-1.95,-0.40,1.56
2020-07-28,20.30,20.68,20.99,20.20,41353,85155655.00,3.93,2.89,0.58,2.22
2020-07-29,20.72,21.04,21.07,20.58,32395,67557875.00,2.37,1.74,0.36,1.74
2020-07-30,21.00,20.57,21.22,20.56,32871,68317481.00,3.14,-2.23,-0.47,1.77
2020-07-31,20.36,21.10,21.28,20.36,41088,85834023.00,4.47,2.58,0.53,2.21
2020-08-03,21.26,21.48,21.50,21.00,42054,89552769.00,2.37,1.80,0.38,2.26
2020-08-04,21.78,21.26,22.01,21.21,36694,78858934.00,3.72,-1.02,-0.22,1.97
2020-08-05,21.26,20.97,21.37,20.71,37817,79091595.00,3.10,-1.36,-0.29,2.03
2020-08-06,20.97,20.60,21.17,20.39,27947,57568337.00,3.72,-1.76,-0.37,1.50
2020-08-07,20.62,20.23,21.12,20.00,32978,67399884.00,5.44,-1.80,-0.37,1.77
2020-08-10,20.40,20.55,20.62,20.17,22724,46485933.00,2.22,1.58,0.32,1.22
2020-08-11,20.61,20.20,20.73,20.10,20502,41699956.00,3.07,-1.70,-0.35,1.10
2020-08-12,20.20,19.73,20.20,19.25,31439,61807114.00,4.70,-2.33,-0.47,1.69
2020-08-13,19.99,20.41,20.91,19.95,25591,52114592.00,4.87,3.45,0.68,1.37
2020-08-14,20.33,20.64,20.70,20.20,18065,37040077.00,2.45,1.13,0.23,0.97
2020-08-17,20.80,20.65,20.92,20.40,25333,52171214.00,2.52,0.05,0.01,1.36
2020-08-18,20.41,20.65,20.66,20.33,22977,47087022.00,1.60,0.00,0.00,1.23
2020-08-19,20.38,20.47,20.85,20.23,25065,51556807.00,3.00,-0.87,-0.18,1.35
2020-08-20,20.25,20.68,20.85,19.91,31247,64400754.00,4.59,1.03,0.21,1.68
2020-08-21,20.57,20.78,21.11,20.57,31175,65095919.00,2.61,0.48,0.10,1.67
2020-08-24,20.80,20.50,20.99,20.35,22333,45895873.00,3.08,-1.35,-0.28,1.20
2020-08-25,20.62,20.51,20.93,20.45,20568,42513734.00,2.34,0.05,0.01,1.10
2020-08-26,20.64,19.98,20.64,19.86,24612,49751573.00,3.80,-2.58,-0.53,1.32
2020-08-27,20.00,20.62,20.76,19.86,23313,47623979.00,4.50,3.20,0.64,1.25
2020-08-28,21.17,21.57,21.65,21.00,77623,166064024.00,3.15,4.61,0.95,4.17
2020-08-31,21.35,21.24,21.83,21.20,43098,92723873.00,2.92,-1.53,-0.33,2.31
2020-09-01,21.38,21.50,21.50,20.99,31563,67098493.00,2.40,1.22,0.26,1.70
2020-09-02,21.64,21.46,21.65,21.17,30712,65813625.00,2.23,-0.19,-0.04,1.65
2020-09-03,21.69,21.73,22.08,21.46,46694,101744117.00,2.89,1.26,0.27,2.51
2020-09-04,21.31,21.76,22.08,21.11,32201,69805118.00,4.46,0.14,0.03,1.73
2020-09-07,21.88,21.59,22.56,21.45,42580,93869269.00,5.10,-0.78,-0.17,2.29
2020-09-08,21.41,21.62,21.88,21.30,28135,60761431.00,2.69,0.14,0.03,1.51
2020-09-09,21.30,20.75,21.54,20.63,32276,67972489.00,4.21,-4.02,-0.87,1.73
2020-09-10,20.79,20.10,21.19,19.95,31697,65178310.00,5.98,-3.13,-0.65,1.70
2020-09-11,19.80,20.30,20.45,19.73,19630,39451167.00,3.58,1.00,0.20,1.05
2020-09-14,20.76,20.50,20.76,19.91,17910,36586074.00,4.19,0.99,0.20,0.96
2020-09-15,20.44,20.85,20.95,20.30,24789,51219918.00,3.17,1.71,0.35,1.33
2020-09-16,20.82,20.90,21.17,20.51,14606,30450146.00,3.17,0.24,0.05,0.78
2020-09-17,20.73,20.99,21.16,20.64,14382,30111578.00,2.49,0.43,0.09,0.77
2020-09-18,21.10,21.15,21.30,20.89,20293,42790055.00,1.95,0.76,0.16,1.09
2020-09-21,21.15,21.52,21.78,20.77,29909,64129379.00,4.78,1.75,0.37,1.61
2020-09-22,21.30,20.95,21.48,20.86,16987,35916240.00,2.88,-2.65,-0.57,0.91
2020-09-23,20.90,20.94,21.21,20.64,12344,25721078.00,2.72,-0.05,-0.01,0.66
2020-09-24,20.75,20.26,20.79,20.21,21820,44501952.00,2.77,-3.25,-0.68,1.17
2020-09-25,21.46,22.29,22.29,21.46,50284,111703310.00,4.10,10.02,2.03,2.70
2020-09-28,22.93,22.53,23.88,21.97,151571,348942992.00,8.57,1.08,0.24,8.14
2020-09-29,22.16,22.74,23.15,21.99,88194,199725750.00,5.15,0.93,0.21,4.74
2020-09-30,22.85,23.48,23.55,22.52,79227,182715745.00,4.53,3.25,0.74,4.25
2020-10-09,23.62,24.12,24.33,23.25,83997,200840648.00,4.60,2.73,0.64,4.51
2020-10-12,24.12,24.12,24.28,23.61,82858,198074053.00,2.78,0.00,0.00,4.45
2020-10-13,23.87,23.98,24.70,23.77,67879,163967664.00,3.86,-0.58,-0.14,3.65
2020-10-14,23.83,23.57,24.26,23.24,50478,119632839.00,4.25,-1.71,-0.41,2.71
2020-10-15,23.58,23.69,23.98,23.37,35494,84026956.00,2.59,0.51,0.12,1.91
2020-10-16,23.80,24.10,24.65,23.52,50623,122176169.00,4.77,1.73,0.41,2.72
2020-10-19,24.20,23.43,24.50,23.32,35336,83638176.00,4.90,-2.78,-0.67,1.90
2020-10-20,23.59,24.91,25.15,23.25,59332,143875977.00,8.11,6.32,1.48,3.19
2020-10-21,24.70,25.63,26.40,24.68,116538,301123664.00,6.90,2.89,0.72,6.26
2020-10-22,25.60,25.25,25.90,24.10,90853,226464426.00,7.02,-1.48,-0.38,4.88
2020-10-23,25.21,23.98,25.30,23.66,56527,137362266.00,6.50,-5.03,-1.27,3.04
2020-10-26,23.99,24.44,24.67,23.65,34596,83631244.00,4.25,1.92,0.46,1.86
2020-10-27,23.98,24.11,24.36,23.72,20383,48995235.00,2.62,-1.35,-0.33,1.09
2020-10-28,24.00,24.45,24.80,23.60,31559,76683766.00,4.98,1.41,0.34,1.69
2020-10-29,24.30,23.31,24.30,22.76,57619,134262361.00,6.30,-4.66,-1.14,3.09
2020-10-30,23.32,23.09,23.88,23.09,32717,76613946.00,3.39,-0.94,-0.22,1.76
2020-11-02,23.38,24.54,24.66,23.00,59701,143553290.00,7.19,6.28,1.45,3.21
2020-11-03,24.95,24.65,24.95,24.12,37837,92940778.00,3.38,0.45,0.11,2.03
2020-11-04,24.83,24.68,24.99,24.35,22771,56105196.00,2.60,0.12,0.03,1.22
2020-11-05,24.89,24.78,24.98,24.00,25868,63574810.00,3.97,0.41,0.10,1.39
2020-11-06,24.85,24.80,24.98,24.26,23362,57591312.00,2.91,0.08,0.02,1.25
2020-11-09,24.80,25.09,25.45,24.63,33133,83118099.00,3.31,1.17,0.29,1.78
2020-11-10,25.09,24.57,25.95,24.50,39638,99418577.00,5.78,-2.07,-0.52,2.13
2020-11-11,24.50,24.18,24.85,24.13,27073,66260587.00,2.93,-1.59,-0.39,1.45
2020-11-12,24.50,24.37,24.88,24.06,19193,46820059.00,3.39,0.79,0.19,1.03
2020-11-13,24.34,24.50,24.64,24.03,16613,40525906.00,2.50,0.53,0.13,0.89
2020-11-16,24.90,25.20,25.79,24.55,55540,139999307.00,5.06,2.86,0.70,2.98
2020-11-17,25.20,26.75,26.91,24.92,96936,255380417.00,7.90,6.15,1.55,5.21
2020-11-18,26.76,27.10,27.45,26.34,54138,145017274.00,4.15,1.31,0.35,2.91
2020-11-19,26.78,25.95,26.80,25.30,49606,128556608.00,5.54,-4.24,-1.15,2.66
2020-11-20,25.95,26.07,26.87,25.95,40684,107239545.00,3.55,0.46,0.12,2.19
2020-11-23,26.09,25.59,26.30,25.59,37628,97126630.00,2.72,-1.84,-0.48,2.02
2020-11-24,25.58,25.42,25.86,25.19,24308,61875502.00,2.62,-0.66,-0.17,1.31
2020-11-25,25.65,24.68,25.65,24.66,35228,88134776.00,3.89,-2.91,-0.74,1.89
2020-11-26,24.59,23.89,24.90,23.83,31924,77236879.00,4.34,-3.20,-0.79,1.71
2020-11-27,24.32,24.19,24.35,23.60,20855,50312002.00,3.14,1.26,0.30,1.12
2020-11-30,24.38,24.07,24.95,23.85,31833,77160207.00,4.55,-0.50,-0.12,1.71
2020-12-01,24.06,24.16,24.28,23.85,19634,47349400.00,1.79,0.37,0.09,1.05
2020-12-02,24.06,24.29,24.43,23.80,26242,63228262.00,2.61,0.54,0.13,1.41
2020-12-03,24.29,23.93,24.29,23.89,19914,47831578.00,1.65,-1.48,-0.36,1.07
2020-12-04,23.88,24.03,24.08,23.67,23169,55258139.00,1.71,0.42,0.10,1.24
2020-12-07,24.20,24.09,24.41,23.83,17983,43392822.00,2.41,0.25,0.06,0.97
2020-12-08,24.33,24.30,24.90,24.15,25167,61395405.00,3.11,0.87,0.21,1.35
2020-12-09,24.69,24.86,25.39,24.68,43176,107710003.00,2.92,2.30,0.56,2.32
2020-12-10,24.34,23.91,24.45,23.62,36989,88522563.00,3.34,-3.82,-0.95,1.97
2020-12-11,24.69,22.82,24.70,22.20,52985,121520688.00,10.46,-4.56,-1.09,2.83
2020-12-14,22.57,23.02,23.08,21.50,27948,62820919.00,6.92,0.88,0.20,1.49
2020-12-15,22.65,22.54,23.36,22.32,19077,43280639.00,4.52,-2.09,-0.48,1.02
2020-12-16,22.35,21.75,22.54,21.60,26358,57683931.00,4.17,-3.50,-0.79,1.41
2020-12-17,21.76,22.20,22.31,21.58,17662,38832402.00,3.36,2.07,0.45,0.94
2020-12-18,22.12,21.76,22.29,21.65,14093,30804598.00,2.88,-1.98,-0.44,0.75
2020-12-21,21.53,21.50,21.91,21.50,17788,38531505.00,1.88,-1.19,-0.26,0.95
2020-12-22,21.46,21.05,21.56,21.01,17712,37566703.00,2.56,-2.09,-0.45,0.95
2020-12-23,21.08,20.71,21.15,20.51,23354,48486245.00,3.04,-1.62,-0.34,1.25
2020-12-24,21.40,20.72,21.90,20.66,30567,64591068.00,5.99,0.05,0.01,1.63
2020-12-25,20.38,20.25,20.98,19.81,29452,59238982.00,5.65,-2.27,-0.47,1.57
2020-12-28,20.39,19.93,20.39,19.80,19676,39303061.00,2.91,-1.58,-0.32,1.05
2020-12-29,19.68,20.03,20.32,19.68,14340,28870156.00,3.21,0.50,0.10,0.77
2020-12-30,20.33,20.25,20.48,20.01,14301,28881652.00,2.35,1.10,0.22,0.76
2020-12-31,20.25,20.56,20.78,20.06,16482,33646277.00,3.56,1.53,0.31,0.88
2021-01-04,20.30,20.58,20.66,20.26,21290,43693334.00,1.95,0.10,0.02,1.14
2021-01-05,20.54,20.25,20.58,20.20,20797,42246219.00,1.85,-1.60,-0.33,1.11
2021-01-06,20.25,19.97,20.45,19.70,20732,41353228.00,3.70,-1.38,-0.28,1.11
2021-01-07,19.97,18.65,19.97,18.60,32820,62496027.00,6.86,-6.61,-1.32,1.75
2021-01-08,18.53,19.55,19.70,18.11,30717,58437614.00,8.53,4.83,0.90,1.64
2021-01-11,19.56,19.40,19.66,19.07,25153,48658635.00,3.02,-0.77,-0.15,1.34
2021-01-12,19.40,19.32,19.57,18.95,14119,27310037.00,3.20,-0.41,-0.08,0.75
2021-01-13,19.25,19.06,19.45,18.68,17489,33165073.00,3.99,-1.35,-0.26,0.93
2021-01-14,19.00,19.35,19.65,18.80,15388,29690836.00,4.46,1.52,0.29,0.82
2021-01-15,19.50,19.80,19.92,19.27,15987,31574169.00,3.36,2.33,0.45,0.85
2021-01-18,19.70,19.88,20.29,19.67,16154,32314771.00,3.13,0.40,0.08,0.86
2021-01-19,20.40,19.86,20.40,19.49,20839,41251968.00,4.58,-0.10,-0.02,1.11
2021-01-20,19.80,20.30,21.00,19.70,28241,57676623.00,6.55,2.22,0.44,1.51
2021-01-21,20.19,19.83,20.58,19.74,20422,40638090.00,4.14,-2.32,-0.47,1.09
2021-01-22,19.65,19.53,19.92,19.29,18110,35354857.00,3.18,-1.51,-0.30,0.97
2021-01-25,19.30,19.01,19.65,18.96,17672,33818805.00,3.53,-2.66,-0.52,0.94
2021-01-26,19.02,19.22,19.47,18.96,11549,22209673.00,2.68,1.10,0.21,0.62
2021-01-27,19.22,19.38,20.25,19.10,35967,70930774.00,5.98,0.83,0.16,1.92
2021-01-28,19.13,19.04,19.78,18.87,25390,49171293.00,4.70,-1.75,-0.34,1.36
2021-01-29,18.95,18.49,19.20,18.37,19772,37076618.00,4.36,-2.89,-0.55,1.06
2021-02-01,18.48,18.92,19.30,18.27,17695,33570488.00,5.57,2.33,0.43,0.94
2021-02-02,18.68,18.60,19.10,18.42,18032,33680218.00,3.59,-1.69,-0.32,0.96
2021-02-03,18.93,18.45,18.93,18.12,19928,36590810.00,4.35,-0.81,-0.15,1.06
2021-02-04,18.16,18.06,18.39,17.82,16386,29481371.00,3.09,-2.11,-0.39,0.87
2021-02-05,18.05,17.91,18.50,17.71,16452,29538623.00,4.37,-0.83,-0.15,0.88
2021-02-08,17.82,17.32,17.88,17.00,20474,35768664.00,4.91,-3.29,-0.59,1.09
2021-02-09,17.48,17.43,17.83,17.32,15822,27698059.00,2.94,0.64,0.11,0.84
2021-02-10,17.43,17.29,17.72,17.18,21968,38228028.00,3.10,-0.80,-0.14,1.17
2021-02-18,17.49,17.45,18.02,17.44,26199,46331469.00,3.35,0.93,0.16,1.39
2021-02-19,17.62,18.44,18.44,17.56,30379,54671431.00,5.04,5.67,0.99,1.61
2021-02-22,18.63,18.45,19.12,18.32,37091,69558373.00,4.34,0.05,0.01,1.97
2021-02-23,18.36,17.99,18.40,17.85,21025,38020137.00,2.98,-2.49,-0.46,1.12
2021-02-24,17.90,18.16,18.35,17.90,17845,32493825.00,2.50,0.94,0.17,0.95
2021-02-25,18.21,17.63,18.30,17.58,17894,32050722.00,3.96,-2.92,-0.53,0.95
2021-02-26,17.48,17.69,17.98,17.35,15781,27911401.00,3.57,0.34,0.06,0.84
2021-03-01,17.87,18.29,18.35,17.78,21464,38878574.00,3.22,3.39,0.60,1.14
2021-03-02,18.29,18.19,18.38,17.96,19371,35180214.00,2.30,-0.55,-0.10,1.03
2021-03-03,18.20,18.43,18.52,18.13,16234,29791614.00,2.14,1.32,0.24,0.86
2021-03-04,18.38,18.33,18.65,18.26,15240,28101103.00,2.12,-0.54,-0.10,0.81
2021-03-05,18.25,18.71,18.83,18.21,16146,29985432.00,3.38,2.07,0.38,0.86
2021-03-08,18.70,18.39,19.04,18.29,19207,35857566.00,4.01,-1.71,-0.32,1.02
2021-03-09,18.33,17.85,18.50,17.64,14232,25672211.00,4.68,-2.94,-0.54,0.76
2021-03-10,17.85,17.49,18.03,17.40,19836,34926537.00,3.53,-2.02,-0.36,1.05
2021-03-11,17.59,17.60,17.76,17.27,9437,16527772.00,2.80,0.63,0.11,0.50
2021-03-12,17.50,17.38,17.82,17.35,9783,17078928.00,2.67,-1.25,-0.22,0.52
2021-03-15,17.39,17.18,17.45,17.10,13601,23440376.00,2.01,-1.15,-0.20,0.72
2021-03-16,17.19,17.41,17.50,17.01,10864,18861508.00,2.85,1.34,0.23,0.58
2021-03-17,17.58,17.57,17.65,17.34,10773,18834946.00,1.78,0.92,0.16,0.57
2021-03-18,17.62,18.10,18.27,17.48,19104,34186384.00,4.50,3.02,0.53,1.02
2021-03-19,17.92,18.03,18.21,17.79,17221,30905465.00,2.32,-0.39,-0.07,0.92
2021-03-22,18.04,18.03,18.20,17.40,28864,51512957.00,4.44,0.00,0.00,1.53
2021-03-23,17.95,18.43,18.55,17.77,35282,64360279.00,4.33,2.22,0.40,1.88
2021-03-24,18.50,19.27,19.75,18.47,65198,125074599.00,6.95,4.56,0.84,3.47
2021-03-25,18.80,19.41,19.65,18.80,47194,91178284.00,4.41,0.73,0.14,2.51
2021-03-26,19.35,20.38,20.52,19.23,48408,96540086.00,6.65,5.00,0.97,2.57
2021-03-29,20.44,20.22,20.56,20.03,36688,74476098.00,2.60,-0.79,-0.16,1.95
2021-03-30,20.00,19.36,20.35,19.18,42582,83601685.00,5.79,-4.25,-0.86,2.26
2021-03-31,19.36,19.44,19.74,19.32,20061,39142441.00,2.17,0.41,0.08,1.07
2021-04-01,19.41,21.38,21.38,19.01,60247,124161335.00,12.19,9.98,1.94,3.20
2021-04-02,21.97,23.52,23.52,21.23,135751,311271728.00,10.71,10.01,2.14,7.22
2021-04-06,24.99,24.17,25.87,23.80,221453,556410992.00,8.80,2.76,0.65,11.77
2021-04-07,23.50,23.96,25.56,23.01,144193,347606192.00,10.55,-0.87,-0.21,7.66
2021-04-08,23.09,23.40,24.50,22.69,98012,230809178.00,7.55,-2.34,-0.56,5.21
2021-04-09,23.69,24.18,25.10,23.45,141303,344193696.00,7.05,3.33,0.78,7.51
2021-04-12,24.27,23.98,25.99,23.66,128716,315183104.00,9.64,-0.83,-0.20,6.84
2021-04-13,23.62,23.43,24.18,22.98,93454,219083641.00,5.00,-2.29,-0.55,4.97
2021-04-14,23.53,23.38,23.66,22.47,75168,174253076.00,5.08,-0.21,-0.05,4.00
2021-04-15,22.72,22.53,23.12,22.31,63178,143017789.00,3.46,-3.64,-0.85,3.36
2021-04-16,22.44,23.24,23.38,21.92,62683,144283261.00,6.48,3.15,0.71,3.33
2021-04-19,22.88,22.55,23.35,22.49,66712,152325482.00,3.70,-2.97,-0.69,3.55
2021-04-20,22.79,22.31,22.97,22.30,46029,103903048.00,2.97,-1.06,-0.24,2.45
2021-04-21,22.12,21.96,22.48,21.80,43879,96933112.00,3.05,-1.57,-0.35,2.33
2021-04-22,22.14,21.71,22.33,21.59,36185,79250783.00,3.37,-1.14,-0.25,1.92
2021-04-23,21.61,21.12,21.78,20.99,43142,91659469.00,3.64,-2.72,-0.59,2.29
2021-04-26,21.23,20.81,21.40,20.70,32927,69380897.00,3.31,-1.47,-0.31,1.75
2021-05-06,21.30,18.73,21.35,18.73,100605,193562616.00,12.59,-10.00,-2.08,5.35
2021-05-07,18.49,18.07,18.90,17.86,58937,108014213.00,5.55,-3.52,-0.66,3.13
2021-05-10,18.34,18.15,18.38,17.50,43550,78410709.00,4.87,0.44,0.08,2.31
2021-05-11,17.85,18.62,18.83,17.82,50793,93482483.00,5.56,2.59,0.47,2.70
2021-05-12,18.54,18.70,18.76,18.27,34114,63110199.00,2.63,0.43,0.08,1.81
2021-05-13,19.00,19.20,19.50,18.75,61110,117300099.00,4.01,2.67,0.50,3.25
2021-05-14,19.04,18.92,19.31,18.52,47548,90132944.00,4.11,-1.46,-0.28,2.53
2021-05-17,18.38,18.70,18.94,18.26,34083,63354460.00,3.59,-1.16,-0.22,1.81
2021-05-18,18.41,18.45,18.66,18.20,25456,46814825.00,2.46,-1.34,-0.25,1.35
2021-05-19,18.18,18.09,18.37,17.53,37219,66790488.00,4.55,-1.95,-0.36,1.98
2021-05-20,17.92,18.85,19.13,17.92,55872,103763689.00,6.69,4.20,0.76,2.97
2021-05-21,19.00,19.32,19.83,18.63,81040,156118738.00,6.37,2.49,0.47,4.31
2021-05-24,19.12,18.63,19.12,18.50,55255,103578180.00,3.21,-3.57,-0.69,2.94
2021-05-25,18.61,18.72,18.88,18.37,29604,55327520.00,2.74,0.48,0.09,1.57
2021-05-26,18.59,19.08,19.20,18.53,48270,91503416.00,3.58,1.92,0.36,2.57
2021-05-27,19.02,19.18,19.40,18.91,39865,76566098.00,2.57,0.52,0.10,2.12
2021-05-28,19.30,19.15,19.32,18.83,37605,71649685.00,2.55,-0.16,-0.03,2.00
2021-05-31,19.00,18.85,19.14,18.75,30231,57055679.00,2.04,-1.57,-0.30,1.61
2021-06-01,18.78,19.15,19.48,18.57,46046,88201478.00,4.83,1.59,0.30,2.45
2021-06-02,19.28,18.43,19.46,18.33,43237,81120326.00,5.90,-3.76,-0.72,2.30
2021-06-03,18.29,18.50,19.28,18.29,40027,75009679.00,5.37,0.38,0.07,2.13
2021-06-04,18.38,18.39,18.59,18.20,26466,48567063.00,2.11,-0.59,-0.11,1.41
2021-06-07,18.21,18.22,18.33,18.05,23644,42945248.00,1.52,-0.92,-0.17,1.26
2021-06-08,18.26,18.40,18.72,18.17,28560,52776182.00,3.02,0.99,0.18,1.52
2021-06-09,18.35,18.40,18.75,18.08,28204,51454691.00,3.64,0.00,0.00,1.50
2021-06-10,18.59,18.44,18.88,18.31,39026,72439609.00,3.10,0.22,0.04,2.07
2021-06-11,18.21,18.09,18.32,17.93,34156,61908108.00,2.11,-1.90,-0.35,1.82
2021-06-15,18.04,17.77,18.05,17.67,22450,39890935.00,2.10,-1.77,-0.32,1.19
2021-06-16,17.77,17.70,17.90,17.63,14132,25056377.00,1.52,-0.39,-0.07,0.75
2021-06-17,17.80,17.60,17.84,17.55,12330,21745291.00,1.64,-0.56,-0.10,0.66
2021-06-18,17.69,17.87,17.87,17.41,17731,31329691.00,2.61,1.53,0.27,0.94
2021-06-21,17.68,18.30,18.48,17.59,30230,54665447.00,4.98,2.41,0.43,1.61
2021-06-22,18.29,18.25,18.39,18.15,17143,31275090.00,1.31,-0.27,-0.05,0.91
2021-06-23,18.25,18.28,18.51,18.11,21167,38757453.00,2.19,0.16,0.03,1.13
2021-06-24,18.19,17.90,18.25,17.85,20133,36201694.00,2.19,-2.08,-0.38,1.07
2021-06-25,17.96,17.92,18.05,17.60,24628,43989938.00,2.51,0.11,0.02,1.31
2021-06-28,17.84,17.78,17.93,17.75,18392,32789074.00,1.00,-0.78,-0.14,0.98
2021-06-29,17.80,17.90,18.20,17.67,31955,57325295.00,2.98,0.67,0.12,1.70
2021-06-30,17.84,17.50,17.91,17.43,35144,61822795.00,2.68,-2.23,-0.40,1.87
2021-07-01,17.60,17.59,17.91,17.43,28202,49881176.00,2.74,0.51,0.09,1.50
2021-07-02,17.48,17.75,18.20,17.40,31936,56815202.00,4.55,0.91,0.16,1.70
2021-07-05,17.71,17.68,17.72,17.48,15468,27240286.00,1.35,-0.39,-0.07,0.82
2021-07-06,17.68,17.58,17.77,17.43,15244,26811094.00,1.92,-0.57,-0.10,0.81
2021-07-07,17.50,17.68,17.70,17.50,14006,24678117.00,1.14,0.57,0.10,0.74
2021-07-08,17.69,18.39,18.65,17.55,62528,113499471.00,6.22,4.02,0.71,3.32
2021-07-09,18.28,18.47,18.72,18.18,38006,70059651.00,2.94,0.44,0.08,2.02
2021-07-12,18.40,18.53,18.68,18.29,34078,62979056.00,2.11,0.32,0.06,1.81
2021-07-13,18.53,18.55,18.76,18.43,26654,49471415.00,1.78,0.11,0.02,1.42
2021-07-14,18.45,18.20,18.51,18.11,22423,40908200.00,2.16,-1.89,-0.35,1.19
2021-07-15,18.18,18.12,18.39,17.88,20163,36496256.00,2.80,-0.44,-0.08,1.07
2021-07-16,18.16,18.67,19.01,18.01,57414,107152320.00,5.52,3.04,0.55,3.05
