2016-05-11,20.52,20.52,20.52,20.52,38,77976.00,0.00,10.03,1.87,0.02
2016-05-12,22.57,22.57,22.57,22.57,40,90280.00,0.00,9.99,2.05,0.02
2016-05-13,24.83,24.83,24.83,24.83,24,59592.00,0.00,10.01,2.26,0.01
2016-05-16,27.31,27.31,27.31,27.31,69,188439.00,0.00,9.99,2.48,0.03
2016-05-17,30.04,30.04,30.04,30.04,136,408544.00,0.00,10.00,2.73,0.07
2016-05-18,33.04,33.04,33.04,33.04,507,1676020.00,0.00,9.99,3.00,0.25
2016-05-19,36.34,36.34,36.34,36.34,511,1857955.00,0.00,9.99,3.30,0.26
2016-05-20,39.97,39.97,39.97,39.97,1261,5039937.00,0.00,9.99,3.63,0.63
2016-05-23,43.97,43.97,43.97,43.97,1267,5570559.00,0.00,10.01,4.00,0.63
2016-05-24,48.37,48.37,48.37,48.37,2400,11606478.00,0.00,10.01,4.40,1.20
2016-05-25,53.21,52.99,53.21,49.38,134827,697533104.00,7.92,9.55,4.62,67.41
2016-05-26,50.13,54.48,55.79,50.05,108135,561035392.00,10.83,2.81,1.49,54.07
2016-05-27,54.00,55.09,59.03,53.51,111436,625594656.00,10.13,1.12,0.61,55.72
2016-05-30,53.91,53.98,55.55,50.66,66823,356707712.00,8.88,-2.01,-1.11,33.41
2016-05-31,53.98,56.31,57.98,53.00,86486,484711952.00,9.23,4.32,2.33,43.24
2016-06-01,56.40,57.21,61.00,56.21,95380,555216224.00,8.51,1.60,0.90,47.69
2016-06-02,56.45,62.93,62.93,55.66,102800,608822336.00,12.71,10.00,5.72,51.40
2016-06-03,62.90,61.00,65.56,60.30,110318,683708848.00,8.36,-3.07,-1.93,55.16
2016-06-06,60.00,59.98,61.30,58.01,63543,378979504.00,5.39,-1.67,-1.02,31.77
2016-06-07,60.32,63.70,63.95,59.41,83459,516736640.00,7.57,6.20,3.72,41.73
2016-06-08,62.00,60.52,62.68,59.13,63937,391774112.00,5.57,-4.99,-3.18,31.97
2016-06-13,58.00,54.47,58.40,54.47,48685,273320576.00,6.49,-10.00,-6.05,24.34
2016-06-14,53.00,54.61,55.50,52.07,32461,175276085.00,6.30,0.26,0.14,16.23
2016-06-15,53.33,56.98,58.50,53.31,43038,243985017.00,9.50,4.34,2.37,21.52
2016-06-16,56.98,56.50,57.87,56.26,31032,176867112.00,2.83,-0.84,-0.48,15.52
2016-06-17,56.79,60.19,60.19,56.79,60188,354802624.00,6.02,6.53,3.69,30.09
2016-06-20,60.00,60.92,63.30,57.80,63641,386614688.00,9.14,1.21,0.73,31.82
2016-06-21,60.95,64.30,66.89,60.20,86581,549464672.00,10.98,5.55,3.38,43.29
2016-06-22,63.01,63.30,65.50,61.80,56300,357960192.00,5.75,-1.56,-1.00,28.15
2016-06-23,63.11,63.98,64.53,61.10,51798,328191360.00,5.42,1.07,0.68,25.90
2016-06-24,64.01,67.40,69.00,59.88,78711,506848464.00,14.25,5.35,3.42,39.36
2016-06-27,66.03,69.97,72.00,66.01,77688,542423824.00,8.89,3.81,2.57,38.84
2016-06-28,69.60,71.06,73.75,68.81,66311,472128096.00,7.06,1.56,1.09,33.16
2016-06-29,71.30,78.17,78.17,70.50,69480,517971040.00,10.79,10.01,7.11,34.74
2016-06-30,75.00,79.75,85.50,73.47,119128,944610448.00,15.39,2.02,1.58,59.56
2016-07-01,78.45,87.73,87.73,78.26,93869,789664448.00,11.87,10.01,7.98,46.93
2016-07-04,88.05,96.50,96.50,88.05,96982,896389168.00,9.63,10.00,8.77,48.49
2016-07-05,97.99,97.60,99.88,93.60,97220,941199840.00,6.51,1.14,1.10,48.61
2016-07-06,95.68,94.00,96.65,89.66,75041,701220064.00,7.16,-3.69,-3.60,37.52
2016-07-07,92.50,94.71,99.60,92.40,84361,815619120.00,7.66,0.76,0.71,42.18
2016-07-08,90.01,89.49,92.17,88.09,64281,579659184.00,4.31,-5.51,-5.22,32.14
2016-07-11,87.00,80.80,89.95,80.54,63711,529181952.00,10.52,-9.71,-8.69,31.86
2016-07-12,81.41,88.88,88.88,79.61,79621,674348032.00,11.47,10.00,8.08,39.81
2016-07-13,89.00,88.70,92.26,85.50,77284,691176480.00,7.61,-0.20,-0.18,38.64
2016-07-14,87.99,90.70,91.75,86.90,51804,461993472.00,5.47,2.25,2.00,25.90
2016-07-15,91.90,90.67,95.76,90.00,70528,659292512.00,6.35,-0.03,-0.03,35.26
2016-07-18,87.68,86.20,89.00,85.00,46976,407954000.00,4.41,-4.93,-4.47,23.49
2016-07-19,86.20,85.57,86.66,83.11,32366,273982848.00,4.12,-0.73,-0.63,16.18
2016-07-20,86.37,85.70,88.00,85.45,30813,266806555.00,2.98,0.15,0.13,15.41
2016-07-21,85.00,81.93,85.69,81.56,34990,289458320.00,4.82,-4.40,-3.77,17.50
2016-07-22,83.55,77.99,83.58,77.01,40029,317223120.00,8.02,-4.81,-3.94,20.01
2016-07-25,76.99,76.00,78.17,73.80,33202,252225742.00,5.60,-2.55,-1.99,16.60
2016-07-26,76.00,76.69,77.97,76.00,27335,210697355.00,2.59,0.91,0.69,13.67
2016-07-27,76.70,69.30,76.73,69.09,43513,312543552.00,9.96,-9.64,-7.39,21.76
2016-07-28,68.80,70.82,71.29,67.00,37332,257510177.00,6.19,2.19,1.52,18.67
2016-07-29,70.03,70.43,72.49,68.60,35442,250340375.00,5.49,-0.55,-0.39,17.72
2016-08-01,68.50,66.15,68.50,63.39,28484,187864884.00,7.26,-6.08,-4.28,14.24
2016-08-02,65.99,70.12,70.12,65.85,37426,254384789.00,6.46,6.00,3.97,18.71
2016-08-03,70.10,74.50,75.60,69.30,50294,368080944.00,8.98,6.25,4.38,25.15
2016-08-04,74.00,73.19,75.28,72.70,35279,259868454.00,3.46,-1.76,-1.31,17.64
2016-08-05,73.21,71.05,73.80,70.00,29498,212759011.00,5.19,-2.92,-2.14,14.75
2016-08-08,69.01,73.98,74.27,67.60,32244,227664886.00,9.39,4.12,2.93,16.12
2016-08-09,72.60,74.37,74.66,72.18,42609,314149712.00,3.35,0.53,0.39,21.30
2016-08-10,73.98,74.35,75.86,73.50,48976,366174720.00,3.17,-0.03,-0.02,24.49
2016-08-11,73.34,70.91,73.80,70.90,32017,232149924.00,3.90,-4.63,-3.44,16.01
2016-08-12,70.31,70.80,71.68,70.01,24389,172694740.00,2.36,-0.16,-0.11,12.19
2016-08-15,70.66,74.60,75.76,70.66,38687,283421328.00,7.20,5.37,3.80,19.34
2016-08-16,74.65,76.35,78.97,74.65,48568,374843552.00,5.79,2.35,1.75,24.28
2016-08-17,76.00,79.55,79.88,74.10,57115,445714976.00,7.57,4.19,3.20,28.56
2016-08-18,78.96,80.92,84.20,78.80,57922,474484240.00,6.79,1.72,1.37,28.96
2016-08-19,80.50,77.95,80.56,77.52,36188,285242272.00,3.76,-3.67,-2.97,18.09
2016-08-22,77.31,73.88,77.94,73.61,27332,204768031.00,5.55,-5.22,-4.07,13.67
2016-08-23,73.90,78.13,79.79,73.00,37764,291774048.00,9.19,5.75,4.25,18.88
2016-08-24,78.14,77.55,81.25,77.01,42334,336376448.00,5.43,-0.74,-0.58,21.17
2016-08-25,75.00,78.50,79.15,72.50,38173,290626416.00,8.58,1.23,0.95,19.09
2016-08-26,78.50,75.99,78.84,74.88,27884,214856044.00,5.04,-3.20,-2.51,13.94
2016-08-29,74.80,73.75,76.88,73.52,20978,156994189.00,4.42,-2.95,-2.24,10.49
2016-08-30,73.79,74.05,75.25,73.10,17670,130969099.00,2.92,0.41,0.30,8.83
2016-08-31,74.05,73.98,74.65,71.52,22925,168039104.00,4.23,-0.09,-0.07,11.46
2016-09-01,73.69,72.01,74.29,71.89,18886,137975423.00,3.24,-2.66,-1.97,9.44
2016-09-02,72.40,70.77,72.40,70.56,15235,108660603.00,2.56,-1.72,-1.24,7.62
2016-09-05,70.90,70.79,72.56,70.02,16051,114432584.00,3.59,0.03,0.02,8.03
2016-09-06,70.00,71.60,71.98,69.00,17641,124423283.00,4.21,1.14,0.81,8.82
2016-09-07,72.01,69.75,72.33,69.60,17046,120645679.00,3.81,-2.58,-1.85,8.52
2016-09-08,69.20,69.31,70.24,68.77,12068,83777563.00,2.11,-0.63,-0.44,6.03
2016-09-09,69.45,68.20,69.97,67.60,14599,100259206.00,3.42,-1.60,-1.11,7.30
2016-09-12,66.00,65.75,67.51,65.00,12966,85977560.00,3.68,-3.59,-2.45,6.48
2016-09-13,66.21,65.96,66.94,65.80,7842,51908170.00,1.73,0.32,0.21,3.92
2016-09-14,67.08,66.07,67.08,65.43,8567,56883231.00,2.50,0.17,0.11,4.28
2016-09-19,67.00,68.20,68.28,66.42,14439,97731152.00,2.82,3.22,2.13,7.22
2016-09-20,68.61,67.03,68.78,66.66,9636,64942960.00,3.11,-1.72,-1.17,4.82
2016-09-21,67.03,67.03,68.15,66.20,12565,84562141.00,2.91,0.00,0.00,6.28
2016-09-22,67.27,66.70,67.87,66.40,10126,67780951.00,2.19,-0.49,-0.33,5.06
2016-09-23,66.96,64.55,66.99,64.55,14567,95525483.00,3.66,-3.22,-2.15,7.28
2016-09-26,63.98,60.50,63.98,60.50,16708,103628982.00,5.39,-6.27,-4.05,8.35
2016-09-27,60.50,61.60,61.70,59.60,10896,65976186.00,3.47,1.82,1.10,5.45
2016-09-28,61.59,60.81,61.59,60.58,8145,49725481.00,1.64,-1.28,-0.79,4.07
2016-09-29,60.72,60.58,61.46,60.53,6904,42185948.00,1.53,-0.38,-0.23,3.45
2016-09-30,60.58,60.59,60.99,60.22,6089,36874107.00,1.27,0.02,0.01,3.04
2016-10-10,61.28,63.83,64.11,60.60,15415,96441181.00,5.79,5.35,3.24,7.71
2016-10-11,64.11,64.66,64.84,63.20,15404,98885663.00,2.57,1.30,0.83,7.70
2016-10-12,64.26,71.13,71.13,64.03,32387,223167311.00,10.98,10.01,6.47,16.19
2016-10-13,71.26,75.90,78.20,71.26,64847,488530496.00,9.76,6.71,4.77,32.42
2016-10-14,75.11,73.53,75.15,73.00,41085,303806384.00,2.83,-3.12,-2.37,20.54
2016-10-17,73.13,70.10,73.45,69.69,39302,280645168.00,5.11,-4.66,-3.43,19.65
2016-10-18,70.48,72.01,72.40,69.79,37441,266315612.00,3.72,2.72,1.91,18.72
2016-10-19,71.50,71.01,72.49,70.71,27254,194205400.00,2.47,-1.39,-1.00,13.63
2016-10-20,70.52,71.66,71.78,69.30,33272,234867324.00,3.49,0.92,0.65,16.64
2016-10-21,71.40,74.50,76.52,71.11,62349,461773456.00,7.55,3.96,2.84,31.17
2016-10-24,74.00,74.06,76.20,73.41,35111,261433891.00,3.74,-0.59,-0.44,17.56
2016-10-25,73.60,74.77,76.70,72.00,43740,326345328.00,6.35,0.96,0.71,21.87
2016-10-26,73.40,72.12,74.24,71.30,31078,225529501.00,3.93,-3.54,-2.65,15.54
2016-10-27,71.69,72.15,73.18,71.12,17024,122640236.00,2.86,0.04,0.03,8.51
2016-10-28,71.94,69.82,72.50,69.75,22157,157530540.00,3.81,-3.23,-2.33,11.08
2016-10-31,69.00,68.16,69.37,67.25,17774,121501980.00,3.04,-2.38,-1.66,8.89
2016-11-01,68.20,72.12,72.71,68.20,29382,208780705.00,6.62,5.81,3.96,14.69
2016-11-02,72.20,71.17,73.60,71.11,25642,185113384.00,3.45,-1.32,-0.95,12.82
2016-11-03,71.17,73.60,76.66,70.75,50630,376655664.00,8.30,3.41,2.43,25.32
2016-11-04,72.56,75.18,76.56,72.52,45850,343103792.00,5.49,2.15,1.58,22.92
2016-11-07,76.00,76.05,78.33,73.60,44206,336530592.00,6.29,1.16,0.87,22.10
2016-11-08,75.50,75.75,76.65,74.21,25417,191844359.00,3.21,-0.39,-0.30,12.71
2016-11-09,75.26,74.15,75.26,72.40,29344,217471773.00,3.78,-2.11,-1.60,14.67
2016-11-10,75.09,75.72,77.37,74.61,34762,263832937.00,3.72,2.12,1.57,17.38
2016-11-11,75.26,74.09,75.48,73.79,24912,185648002.00,2.23,-2.15,-1.63,12.46
2016-11-14,74.00,77.82,78.32,73.74,48789,376329280.00,6.18,5.03,3.73,24.39
2016-11-15,78.28,77.14,79.98,75.60,40786,316955440.00,5.63,-0.87,-0.68,20.39
2016-11-16,76.50,74.70,76.60,74.50,24387,184111630.00,2.72,-3.16,-2.44,12.19
2016-11-17,74.00,72.55,74.43,71.80,22799,166086228.00,3.52,-2.88,-2.15,11.40
2016-11-18,77.00,79.81,79.81,77.00,26064,207168177.00,3.87,10.01,7.26,13.03
2016-11-21,82.00,85.78,87.79,80.69,114300,961092288.00,8.90,7.48,5.97,57.15
2016-11-22,84.50,84.21,87.50,83.00,78338,663870016.00,5.25,-1.83,-1.57,39.17
2016-11-23,83.23,84.67,88.50,82.18,70327,599335248.00,7.51,0.55,0.46,35.16
2016-11-24,85.00,82.49,88.35,82.49,52413,446298624.00,6.92,-2.57,-2.18,26.21
2016-11-25,79.56,80.00,82.22,76.01,43984,347593824.00,7.53,-3.02,-2.49,21.99
2016-11-28,79.05,76.31,80.51,76.20,27196,211797931.00,5.39,-4.61,-3.69,13.60
2016-11-29,75.78,74.55,78.00,74.40,22312,170805116.00,4.72,-2.31,-1.76,11.16
2016-11-30,74.89,75.76,75.88,73.22,18461,138041479.00,3.57,1.62,1.21,9.23
2016-12-01,75.52,77.80,79.50,75.06,30840,240167747.00,5.86,2.69,2.04,15.42
2016-12-02,77.10,72.97,77.51,72.97,28327,211323290.00,5.84,-6.21,-4.83,14.16
2016-12-05,70.50,70.99,73.18,70.06,15572,111476646.00,4.28,-2.71,-1.98,7.79
2016-12-06,70.60,71.05,72.48,70.60,11935,85191672.00,2.65,0.08,0.06,5.97
2016-12-07,71.67,72.39,72.47,70.52,12985,93090459.00,2.74,1.89,1.34,6.49
2016-12-08,72.30,70.04,72.60,69.80,16144,114324535.00,3.87,-3.25,-2.35,8.07
2016-12-09,69.98,68.70,70.50,68.00,13685,94128920.00,3.57,-1.91,-1.34,6.84
2016-12-12,68.60,63.34,70.78,62.61,19302,129541310.00,11.89,-7.80,-5.36,9.65
2016-12-13,63.42,64.70,65.64,63.34,14950,96537621.00,3.63,2.15,1.36,7.47
2016-12-14,64.81,63.14,65.40,62.35,12647,81017403.00,4.71,-2.41,-1.56,6.32
2016-12-15,63.15,64.45,65.30,63.15,12958,83542233.00,3.41,2.07,1.31,6.48
2016-12-16,64.00,64.96,64.98,63.82,9357,60482479.00,1.80,0.79,0.51,4.68
2016-12-19,64.96,64.12,65.21,63.60,8131,52149285.00,2.48,-1.29,-0.84,4.07
2016-12-20,63.81,64.18,64.47,63.81,6351,40709555.00,1.03,0.09,0.06,3.18
2016-12-21,64.33,65.24,65.25,63.88,12550,81055868.00,2.13,1.65,1.06,6.27
2016-12-22,65.38,68.86,69.50,65.38,27830,189977801.00,6.32,5.55,3.62,13.92
2016-12-23,67.75,64.98,68.16,64.59,18937,125369960.00,5.18,-5.63,-3.88,9.47
2016-12-26,63.89,65.51,65.88,61.80,13505,86150092.00,6.28,0.82,0.53,6.75
2016-12-27,65.01,65.24,66.50,64.69,9456,61909195.00,2.76,-0.41,-0.27,4.73
2016-12-28,65.14,64.98,66.45,62.50,10456,68585209.00,6.05,-0.40,-0.26,5.23
2016-12-29,64.98,63.28,64.98,63.00,10502,66976326.00,3.05,-2.62,-1.70,5.25
2016-12-30,63.89,62.46,63.89,62.10,7667,48205568.00,2.83,-1.30,-0.82,3.83
2017-01-03,62.57,63.20,63.54,62.46,6065,38351618.00,1.73,1.18,0.74,3.03
2017-01-04,63.20,64.43,64.89,62.90,9283,59612284.00,3.15,1.95,1.23,4.64
2017-01-05,64.43,63.28,64.43,63.10,9029,57433613.00,2.06,-1.78,-1.15,4.51
2017-01-06,63.33,61.45,63.88,61.18,11049,68607819.00,4.27,-2.89,-1.83,5.52
2017-01-09,61.64,61.51,62.25,61.00,4761,29287493.00,2.03,0.10,0.06,2.38
2017-01-10,61.70,61.66,62.47,61.49,5282,32726458.00,1.59,0.24,0.15,2.64
2017-01-11,62.00,59.80,62.00,59.80,7957,48120376.00,3.57,-3.02,-1.86,3.98
2017-01-12,60.00,58.24,60.41,58.02,7719,45755435.00,4.00,-2.61,-1.56,3.86
2017-01-13,58.51,54.47,59.00,54.01,11758,65250878.00,8.57,-6.47,-3.77,5.88
2017-01-16,54.47,49.70,54.47,49.02,11292,57418229.00,10.01,-8.76,-4.77,5.65
2017-01-17,49.71,51.73,52.40,47.54,11079,55900770.00,9.78,4.08,2.03,5.54
2017-01-18,51.10,50.04,51.60,49.40,5943,30037376.00,4.25,-3.27,-1.69,2.97
2017-01-19,50.04,50.30,51.31,49.00,6037,30382718.00,4.62,0.52,0.26,3.02
2017-01-20,50.00,51.13,51.88,49.73,6923,35500875.00,4.27,1.65,0.83,3.46
2017-01-23,50.86,51.57,51.96,50.86,5370,27704851.00,2.15,0.86,0.44,2.68
2017-01-24,51.89,50.72,51.89,50.43,4603,23426054.00,2.83,-1.65,-0.85,2.30
2017-01-25,50.70,51.26,51.70,50.69,4500,23056718.00,1.99,1.06,0.54,2.25
2017-01-26,51.70,51.62,52.05,51.06,4212,21780290.00,1.93,0.70,0.36,2.11
2017-02-03,51.69,51.55,52.54,51.32,3504,18184507.00,2.36,-0.14,-0.07,1.75
2017-02-06,52.07,52.67,52.67,51.50,5618,29305347.00,2.27,2.17,1.12,2.81
2017-02-07,52.81,52.24,53.28,51.90,4863,25417079.00,2.62,-0.82,-0.43,2.43
2017-02-08,52.02,52.75,52.80,51.70,5265,27563809.00,2.11,0.98,0.51,2.63
2017-02-09,52.75,54.31,54.96,52.68,11126,60463069.00,4.32,2.96,1.56,5.56
2017-02-10,54.32,53.33,54.32,53.20,6862,36737565.00,2.06,-1.80,-0.98,3.43
2017-02-13,53.20,54.11,54.50,52.82,6410,34616855.00,3.15,1.46,0.78,3.20
2017-02-14,54.11,54.25,54.88,54.10,6078,33082927.00,1.44,0.26,0.14,3.04
2017-02-15,54.26,54.30,55.38,54.00,8009,43768387.00,2.54,0.09,0.05,4.00
2017-02-16,54.29,54.26,54.38,53.45,7008,37753750.00,1.71,-0.07,-0.04,3.50
2017-02-17,53.50,52.67,54.46,52.32,7418,39584165.00,3.94,-2.93,-1.59,3.71
2017-02-20,52.60,51.50,52.90,50.51,6151,31702892.00,4.54,-2.22,-1.17,3.08
2017-02-21,52.03,52.43,53.00,51.70,5996,31372537.00,2.52,1.81,0.93,3.00
2017-02-22,52.81,55.32,56.85,52.81,19584,108359028.00,7.71,5.51,2.89,9.79
2017-02-23,55.32,54.39,55.99,54.00,11395,62138715.00,3.60,-1.68,-0.93,5.70
2017-02-24,54.42,54.77,55.49,54.20,7425,40695095.00,2.37,0.70,0.38,3.71
2017-02-27,54.55,53.56,55.18,53.52,7208,39226345.00,3.03,-2.21,-1.21,3.60
2017-02-28,53.56,54.07,54.44,53.00,4680,25269575.00,2.69,0.95,0.51,2.34
2017-03-01,54.07,54.52,54.89,53.38,6252,34059207.00,2.79,0.83,0.45,3.13
2017-03-02,54.55,53.97,54.79,53.66,5797,31360604.00,2.07,-1.01,-0.55,2.90
2017-03-03,53.97,54.80,54.80,53.35,7690,41695620.00,2.69,1.54,0.83,3.85
2017-03-06,54.65,55.84,56.40,54.65,11794,65573858.00,3.19,1.90,1.04,5.90
2017-03-07,55.80,55.78,56.38,55.00,9373,52153783.00,2.47,-0.11,-0.06,4.69
2017-03-08,56.00,56.25,56.50,55.40,12223,68526763.00,1.97,0.84,0.47,6.11
2017-03-09,58.55,61.88,61.88,58.55,66247,402883680.00,5.92,10.01,5.63,33.12
2017-03-10,61.10,62.99,65.50,61.10,69903,442783008.00,7.11,1.79,1.11,34.95
2017-03-13,61.00,61.57,61.70,59.88,36914,224798999.00,2.89,-2.25,-1.42,18.46
2017-03-14,61.06,59.78,61.49,59.73,29165,176271371.00,2.86,-2.91,-1.79,14.58
2017-03-15,59.22,60.46,60.58,58.40,26340,156038289.00,3.65,1.14,0.68,13.17
2017-03-16,60.10,60.66,61.19,59.80,24976,151313118.00,2.30,0.33,0.20,12.49
2017-03-17,60.30,58.78,60.96,58.71,17827,106888963.00,3.71,-3.10,-1.88,8.91
2017-03-20,58.78,60.82,61.35,58.55,20472,123670245.00,4.76,3.47,2.04,10.24
2017-03-21,60.82,59.98,61.29,59.62,13892,83367634.00,2.75,-1.38,-0.84,6.95
2017-03-22,59.50,60.39,60.65,59.18,14823,88993877.00,2.45,0.68,0.41,7.41
2017-03-23,60.06,61.14,61.81,59.70,23897,145634319.00,3.49,1.24,0.75,11.95
2017-03-24,60.84,60.98,61.80,60.50,16163,98614295.00,2.13,-0.26,-0.16,8.08
2017-03-27,59.50,58.14,60.20,58.00,20958,123751839.00,3.61,-4.66,-2.84,10.48
2017-03-28,58.14,58.38,59.11,58.01,10877,63669925.00,1.89,0.41,0.24,5.44
2017-03-29,58.22,54.00,58.59,53.00,20183,111386643.00,9.58,-7.50,-4.38,10.09
2017-03-30,53.36,51.07,53.88,50.90,16611,85824411.00,5.52,-5.43,-2.93,8.31
2017-03-31,51.16,50.87,52.80,50.50,11149,57468467.00,4.50,-0.39,-0.20,5.57
2017-04-05,50.87,52.24,52.30,50.87,7918,41067635.00,2.81,2.69,1.37,3.96
2017-04-06,51.85,52.33,52.94,51.85,9155,48075895.00,2.09,0.17,0.09,4.58
2017-04-07,51.99,51.32,52.74,50.93,8415,43442780.00,3.46,-1.93,-1.01,4.21
2017-04-10,51.48,48.00,51.48,47.30,15650,76273643.00,8.14,-6.47,-3.32,7.83
2017-04-11,48.00,49.16,49.50,47.88,8720,42542647.00,3.38,2.42,1.16,4.36
2017-04-12,49.90,48.24,49.90,48.02,6700,32757304.00,3.82,-1.87,-0.92,3.35
2017-04-13,48.70,48.68,49.27,48.00,6281,30696753.00,2.63,0.91,0.44,3.14
2017-04-14,48.20,48.36,49.44,48.20,3878,18788783.00,2.55,-0.66,-0.32,1.94
2017-04-17,47.82,45.18,47.82,44.50,8607,39113447.00,6.87,-6.58,-3.18,4.30
2017-04-18,45.16,44.04,45.71,44.00,5387,24193724.00,3.78,-2.52,-1.14,2.69
2017-04-19,44.13,44.94,44.95,42.24,9205,39785791.00,6.15,2.04,0.90,4.60
2017-04-20,44.90,43.50,44.90,43.00,7538,33008055.00,4.23,-3.20,-1.44,3.77
2017-04-21,43.44,43.05,44.08,42.87,4389,19021531.00,2.78,-1.03,-0.45,2.19
2017-04-24,42.99,39.53,42.99,39.05,6762,27492727.00,9.15,-8.18,-3.52,3.38
2017-04-25,39.98,39.93,40.88,39.50,5778,23168714.00,3.49,1.01,0.40,2.89
2017-04-26,40.00,40.25,40.40,39.50,5501,22082784.00,2.25,0.80,0.32,2.75
2017-04-27,40.23,40.75,41.10,38.64,9375,37435862.00,6.11,1.24,0.50,4.69
2017-04-28,40.56,42.75,43.74,40.20,11243,47454750.00,8.69,4.91,2.00,5.62
2017-05-02,42.34,41.82,42.70,41.31,7023,29502191.00,3.25,-2.18,-0.93,3.51
2017-05-03,41.82,42.12,42.50,41.30,5258,21989208.00,2.87,0.72,0.30,2.63
2017-05-04,42.13,41.06,42.14,40.79,5661,23501898.00,3.21,-2.52,-1.06,2.83
2017-05-05,40.00,39.96,40.50,39.13,6805,27246768.00,3.34,-2.68,-1.10,3.40
2017-05-08,39.96,39.04,40.35,39.00,4683,18585757.00,3.38,-2.30,-0.92,2.34
2017-05-09,39.16,39.60,40.01,39.10,6398,25379644.00,2.33,1.43,0.56,3.20
2017-05-10,40.14,39.20,40.50,39.16,5917,23543008.00,3.38,-1.01,-0.40,1.98
2017-05-11,38.98,39.24,39.70,37.80,5520,21367323.00,4.85,0.10,0.04,1.85
2017-05-12,39.59,38.90,39.70,38.70,3402,13310643.00,2.55,-0.87,-0.34,1.14
2017-05-15,39.30,39.95,41.20,39.18,5558,22354771.00,5.19,2.70,1.05,1.86
2017-05-16,39.80,39.39,39.80,36.85,13697,52561013.00,7.38,-1.40,-0.56,4.59
2017-05-17,39.00,39.16,40.17,38.80,13038,51406909.00,3.48,-0.58,-0.23,4.36
2017-05-18,38.91,38.68,39.52,38.01,7757,30211264.00,3.86,-1.23,-0.48,2.60
2017-05-19,38.38,37.70,38.73,37.67,6204,23648450.00,2.74,-2.53,-0.98,2.08
2017-05-22,37.70,35.85,37.98,35.68,9797,35683934.00,6.10,-4.91,-1.85,3.28
2017-05-23,35.78,32.80,35.85,32.74,11062,37802107.00,8.68,-8.51,-3.05,3.70
2017-05-24,32.90,33.19,33.44,31.03,6805,22106592.00,7.35,1.19,0.39,2.28
2017-05-25,33.00,32.78,33.43,31.97,7190,23502045.00,4.40,-1.24,-0.41,2.41
2017-05-26,33.09,32.72,33.13,32.00,6338,20733903.00,3.45,-0.18,-0.06,2.12
2017-05-31,33.50,32.11,33.93,32.10,8326,27689390.00,5.59,-1.86,-0.61,2.79
2017-06-01,32.00,30.40,32.00,30.16,8684,26794201.00,5.73,-5.33,-1.71,2.91
2017-06-02,30.17,31.50,31.84,29.55,8974,27616230.00,7.53,3.62,1.10,3.00
2017-08-23,34.65,34.65,34.65,34.65,574,1988910.00,0.00,10.00,3.15,0.19
2017-08-24,38.12,38.12,38.12,38.12,25792,98319065.00,0.00,10.01,3.47,8.63
2017-08-25,38.12,41.93,41.93,38.12,90705,366161648.00,9.99,9.99,3.81,30.37
2017-08-28,44.01,41.62,44.44,40.60,78188,327004288.00,9.16,-0.74,-0.31,26.18
2017-08-29,40.64,40.68,41.62,40.10,51054,207823217.00,3.65,-2.26,-0.94,17.09
2017-08-30,40.00,39.33,40.46,38.53,42977,169038557.00,4.74,-3.32,-1.35,14.39
2017-08-31,39.43,40.18,40.25,38.90,37182,147425897.00,3.43,2.16,0.85,12.45
2017-09-01,39.75,39.51,39.83,39.33,23495,92869450.00,1.24,-1.67,-0.67,7.87
2017-09-04,39.40,39.93,39.98,38.83,21486,84908339.00,2.91,1.06,0.42,7.19
2017-09-05,39.98,39.25,40.20,39.10,19094,75424469.00,2.75,-1.70,-0.68,6.39
2017-09-06,39.80,38.40,39.80,38.27,19013,73385574.00,3.90,-2.17,-0.85,6.37
2017-09-07,38.25,38.49,38.80,37.85,16854,64793337.00,2.47,0.23,0.09,5.64
2017-09-08,38.63,39.46,39.50,38.02,19165,74396363.00,3.85,2.52,0.97,6.42
2017-09-11,39.63,40.35,40.50,39.63,29128,116867371.00,2.20,2.26,0.89,9.75
2017-09-12,40.35,38.90,40.87,38.72,23250,91929919.00,5.33,-3.59,-1.45,7.78
2017-09-13,38.90,38.62,39.23,38.12,10922,42120363.00,2.85,-0.72,-0.28,3.66
2017-09-14,38.13,38.49,38.80,38.13,7776,29905905.00,1.73,-0.34,-0.13,2.60
2017-09-15,38.51,39.45,39.50,38.36,17182,67211236.00,2.96,2.49,0.96,5.75
2017-09-18,39.49,38.95,39.78,38.80,10788,42179857.00,2.48,-1.27,-0.50,3.61
2017-09-19,39.00,38.45,39.39,38.40,8843,34047116.00,2.54,-1.28,-0.50,2.96
2017-09-20,38.05,38.71,38.98,38.05,10051,38693679.00,2.42,0.68,0.26,3.36
2017-09-21,38.77,38.11,39.00,38.11,7227,27815054.00,2.30,-1.55,-0.60,2.42
2017-09-22,37.60,38.98,39.60,37.00,21849,83561030.00,6.82,2.28,0.87,7.31
2017-09-25,38.79,37.61,38.85,37.61,8839,33829673.00,3.18,-3.51,-1.37,2.96
2017-09-26,37.13,35.82,37.65,35.50,11660,42646333.00,5.72,-4.76,-1.79,3.90
2017-09-27,35.98,36.26,36.58,35.71,5843,21132633.00,2.43,1.23,0.44,1.96
2017-09-28,36.26,34.92,36.37,34.92,11519,41009899.00,4.00,-3.70,-1.34,3.86
2017-09-29,35.06,35.04,35.74,35.00,7594,26780074.00,2.12,0.34,0.12,2.54
2017-10-09,35.93,35.84,36.37,35.25,6047,21611722.00,3.20,2.28,0.80,2.02
2017-10-10,36.00,36.55,36.56,35.84,9366,33945174.00,2.01,1.98,0.71,3.14
2017-10-11,36.60,36.25,36.92,36.11,6574,23900687.00,2.22,-0.82,-0.30,2.20
2017-10-12,36.25,37.11,37.36,36.05,14496,53324030.00,3.61,2.37,0.86,4.85
2017-10-13,37.80,36.90,37.80,36.83,9669,35897442.00,2.61,-0.57,-0.21,3.24
2017-10-16,36.40,33.68,36.40,33.58,20866,72407155.00,7.64,-8.73,-3.22,6.99
2017-10-17,33.67,33.98,34.23,33.40,6572,22301928.00,2.46,0.89,0.30,2.20
2017-10-18,34.09,33.00,34.45,32.85,8081,27189017.00,4.71,-2.88,-0.98,2.71
2017-10-19,32.80,32.23,33.19,31.00,8761,28058151.00,6.64,-2.33,-0.77,2.93
2017-10-20,32.32,33.00,33.00,31.75,6415,20803468.00,3.88,2.39,0.77,2.15
2017-10-23,33.00,35.08,35.33,32.70,17237,59004875.00,7.97,6.30,2.08,5.77
2017-10-24,34.75,33.84,34.78,33.50,10065,34232106.00,3.65,-3.53,-1.24,3.37
2017-10-25,33.65,33.76,34.30,33.62,5057,17159382.00,2.01,-0.24,-0.08,1.69
2017-10-26,33.76,37.14,37.14,33.56,40451,146069661.00,10.60,10.01,3.38,13.54
2017-10-27,37.50,35.79,37.80,35.60,36182,131984392.00,5.92,-3.63,-1.35,12.11
2017-10-30,36.35,34.79,36.35,34.00,18724,65189074.00,6.57,-2.79,-1.00,6.27
2017-10-31,34.77,36.11,36.79,34.56,28025,101077621.00,6.41,3.79,1.32,9.38
2017-11-01,35.46,36.42,36.61,35.03,19682,70401109.00,4.38,0.86,0.31,6.59
2017-11-02,36.02,35.00,36.17,35.00,14142,50287486.00,3.21,-3.90,-1.42,4.73
2017-11-03,35.10,35.33,36.50,35.10,19568,70254108.00,4.00,0.94,0.33,6.55
2017-11-06,35.35,33.90,35.35,33.00,20466,68926336.00,6.65,-4.05,-1.43,6.85
2017-11-07,33.70,33.51,33.80,33.00,12557,41783231.00,2.36,-1.15,-0.39,4.20
2017-11-08,33.50,33.58,34.19,33.30,9545,32223947.00,2.66,0.21,0.07,3.20
2017-11-09,33.78,33.72,33.88,33.22,8414,28196202.00,1.97,0.42,0.14,2.82
2017-11-10,33.72,33.75,33.97,33.40,8589,28996881.00,1.69,0.09,0.03,2.88
2017-11-13,33.75,34.23,34.96,33.70,14564,49964409.00,3.73,1.42,0.48,4.88
2017-11-14,34.00,33.01,34.23,33.01,11987,39899828.00,3.56,-3.56,-1.22,4.01
2017-11-15,33.01,33.34,33.36,32.70,6864,22697331.00,2.00,1.00,0.33,2.30
2017-11-16,33.58,33.28,33.61,33.22,4922,16429261.00,1.17,-0.18,-0.06,1.65
2017-11-17,33.28,31.12,33.28,31.00,9943,31702285.00,6.85,-6.49,-2.16,3.33
2017-11-20,31.07,31.13,31.16,29.54,5847,17752635.00,5.21,0.03,0.01,1.96
2017-11-21,31.13,30.31,31.45,29.88,7789,23739437.00,5.04,-2.63,-0.82,2.61
2017-11-22,30.48,30.23,30.59,30.02,5247,15902094.00,1.88,-0.26,-0.08,1.76
2017-11-23,30.02,29.61,30.62,29.60,6034,18083642.00,3.37,-2.05,-0.62,2.02
2017-11-24,29.72,30.09,30.47,29.72,5272,15851415.00,2.53,1.62,0.48,1.76
2017-11-27,29.99,29.95,30.36,29.80,5004,15050598.00,1.86,-0.47,-0.14,1.68
2017-11-28,29.89,30.41,30.48,29.89,3947,11924227.00,1.97,1.54,0.46,1.32
2017-11-29,30.42,30.96,31.00,30.10,8823,26939134.00,2.96,1.81,0.55,2.95
2017-12-07,31.16,32.06,34.06,31.16,25295,82209689.00,9.37,3.55,1.10,8.47
2017-12-08,31.10,31.70,31.93,31.00,14339,45185703.00,2.90,-1.12,-0.36,4.80
2017-12-11,31.39,30.96,31.50,30.41,8928,27666786.00,3.44,-2.33,-0.74,2.99
2017-12-12,30.97,29.70,30.97,29.50,10597,31871365.00,4.75,-4.07,-1.26,3.55
2017-12-13,29.04,29.46,29.87,28.52,6688,19541837.00,4.55,-0.81,-0.24,2.24
2017-12-14,29.40,29.67,29.88,29.23,5449,16142372.00,2.21,0.71,0.21,1.82
2017-12-15,29.67,29.79,29.90,29.30,5007,14845521.00,2.02,0.40,0.12,1.68
2017-12-18,29.78,29.50,30.30,29.40,4461,13332861.00,3.02,-0.97,-0.29,1.49
2017-12-19,29.99,29.84,30.04,29.56,3498,10422077.00,1.63,1.15,0.34,1.17
2017-12-20,29.64,28.99,29.89,28.75,6422,18715607.00,3.82,-2.85,-0.85,2.15
2017-12-21,30.00,29.39,30.08,26.14,7342,21772843.00,13.59,1.38,0.40,2.46
2017-12-22,29.21,29.01,29.98,28.95,4769,13921056.00,3.50,-1.29,-0.38,1.60
2017-12-25,29.01,28.12,29.24,28.00,6988,19786542.00,4.27,-3.07,-0.89,2.34
2017-12-26,28.32,28.55,28.83,28.07,4620,13133166.00,2.70,1.53,0.43,1.55
2017-12-27,28.50,28.80,29.70,28.17,7722,22294847.00,5.36,0.88,0.25,2.59
2017-12-28,28.95,28.78,29.10,28.61,5980,17232240.00,1.70,-0.07,-0.02,2.00
2017-12-29,28.72,31.66,31.66,28.62,39645,122877737.00,10.56,10.01,2.88,13.27
2018-01-02,31.20,31.24,31.58,30.44,38860,120163166.00,3.60,-1.33,-0.42,13.01
2018-01-03,30.51,30.85,31.60,30.33,26300,81633781.00,4.07,-1.25,-0.39,8.80
2018-01-04,30.70,31.00,31.58,30.70,15765,48993694.00,2.85,0.49,0.15,5.28
2018-01-05,30.80,32.95,33.90,30.42,39148,125687903.00,11.23,6.29,1.95,13.11
2018-01-08,32.18,32.42,33.00,32.10,21828,70687362.00,2.73,-1.61,-0.53,7.31
2018-01-09,32.19,31.48,32.69,31.28,17116,54512643.00,4.35,-2.90,-0.94,5.73
2018-01-10,31.53,31.00,31.71,30.28,14053,43451336.00,4.54,-1.52,-0.48,4.70
2018-01-11,31.00,31.32,31.49,30.55,11057,34437358.00,3.03,1.03,0.32,3.70
2018-01-12,31.03,31.00,31.46,30.30,7912,24545935.00,3.70,-1.02,-0.32,2.65
2018-01-15,30.80,30.51,31.56,30.40,10821,33579040.00,3.74,-1.58,-0.49,3.62
2018-01-16,30.52,31.26,31.48,30.52,10178,31702624.00,3.15,2.46,0.75,3.41
2018-01-17,31.11,32.55,32.77,30.61,21167,67555435.00,6.91,4.13,1.29,7.09
2018-01-18,32.45,32.02,32.86,32.00,13592,43917910.00,2.64,-1.63,-0.53,4.55
2018-01-19,32.20,31.14,32.57,30.92,15528,48788517.00,5.15,-2.75,-0.88,5.20
2018-01-22,30.50,28.87,30.50,28.03,16829,48905983.00,7.93,-7.29,-2.27,5.63
2018-01-23,28.70,28.94,29.16,28.51,6417,18533783.00,2.25,0.24,0.07,2.15
2018-01-24,28.95,29.20,29.20,28.85,6684,19430583.00,1.21,0.90,0.26,2.23
2018-01-25,29.40,29.19,29.90,29.07,6599,19398261.00,2.84,-0.03,-0.01,2.21
2018-01-26,28.86,28.77,29.30,28.71,5563,16075743.00,2.02,-1.44,-0.42,1.86
2018-01-29,28.76,28.00,28.91,27.33,7779,21946518.00,5.49,-2.68,-0.77,2.60
2018-01-30,27.91,28.10,28.19,27.70,2999,8397018.00,1.75,0.36,0.10,1.00
2018-01-31,27.80,26.84,28.07,26.21,8002,21650732.00,6.62,-4.48,-1.26,2.67
2018-02-01,26.92,25.03,27.20,24.98,7527,19356711.00,8.27,-6.74,-1.81,2.52
2018-02-02,24.96,24.15,24.96,23.13,4350,10504020.00,7.31,-3.52,-0.88,1.45
2018-02-05,23.80,24.27,24.48,23.66,2865,6933021.00,3.40,0.50,0.12,0.96
2018-02-06,23.99,22.02,24.00,22.02,7308,16931621.00,8.16,-9.27,-2.25,2.44
2018-02-07,22.81,23.11,24.00,21.38,7142,16211546.00,11.90,4.95,1.09,2.39
2018-02-08,23.08,23.09,23.48,22.00,3719,8587557.00,6.40,-0.09,-0.02,1.24
2018-02-09,22.50,22.30,23.13,22.11,3968,8983581.00,4.42,-3.42,-0.79,1.33
2018-02-12,22.52,22.98,23.12,22.50,3181,7304129.00,2.78,3.05,0.68,1.06
2018-02-13,23.45,22.71,23.70,22.68,2452,5649172.00,4.44,-1.17,-0.27,0.82
2018-02-14,22.78,22.78,22.99,22.55,1584,3613256.00,1.94,0.31,0.07,0.53
2018-02-22,22.88,23.35,23.60,22.88,2986,6940744.00,3.16,2.50,0.57,1.00
2018-02-23,23.35,23.41,23.78,23.16,4189,9857768.00,2.66,0.26,0.06,1.40
2018-02-26,23.47,24.02,24.30,23.47,5038,12062267.00,3.55,2.61,0.61,1.68
2018-02-27,24.12,24.31,24.60,24.00,6139,14930655.00,2.50,1.21,0.29,2.05
2018-02-28,24.28,24.06,24.28,23.76,6174,14839548.00,2.14,-1.03,-0.25,2.06
2018-03-01,23.98,24.45,24.49,23.80,4685,11379764.00,2.87,1.62,0.39,1.57
2018-03-02,24.55,24.35,25.60,24.29,7161,17792553.00,5.36,-0.41,-0.10,2.39
2018-03-05,24.34,24.72,24.76,23.70,5257,12863335.00,4.35,1.52,0.37,1.76
2018-03-06,24.89,24.84,25.16,24.40,5016,12496570.00,3.07,0.49,0.12,1.68
2018-03-07,24.84,25.16,25.16,24.60,7367,18335618.00,2.25,1.29,0.32,2.46
2018-03-08,25.36,25.17,25.69,25.15,6772,17101270.00,2.15,0.04,0.01,2.26
2018-03-09,25.11,25.71,25.80,25.10,10869,27742462.00,2.78,2.15,0.54,3.63
2018-03-12,25.69,26.10,27.55,25.69,12668,33421378.00,7.23,1.52,0.39,4.23
2018-03-13,26.10,25.87,26.25,25.70,8436,21882718.00,2.11,-0.88,-0.23,2.82
2018-03-14,25.90,25.61,26.08,25.49,4523,11644947.00,2.28,-1.01,-0.26,1.51
2018-03-15,25.51,24.86,25.75,24.53,7711,19331464.00,4.76,-2.93,-0.75,2.58
2018-03-16,25.08,24.73,25.08,24.68,3466,8646263.00,1.61,-0.52,-0.13,1.16
2018-03-19,25.50,26.43,26.58,24.90,20137,51993413.00,6.79,6.87,1.70,6.73
2018-03-20,26.00,28.74,29.07,25.00,39341,107255925.00,15.40,8.74,2.31,13.15
2018-03-21,28.00,27.28,29.93,26.78,38034,106070833.00,10.96,-5.08,-1.46,12.71
2018-03-22,27.21,26.52,27.80,26.38,18303,49273090.00,5.21,-2.79,-0.76,6.12
2018-03-23,25.60,23.88,26.95,23.88,17248,42875427.00,11.58,-9.95,-2.64,5.77
2018-03-26,23.85,23.78,23.85,22.25,8916,20739538.00,6.70,-0.42,-0.10,2.98
2018-03-27,23.78,24.35,24.87,23.78,9570,23353730.00,4.58,2.40,0.57,3.20
2018-03-28,24.00,24.46,24.80,24.00,8462,20771393.00,3.29,0.45,0.11,2.83
2018-03-29,24.77,24.96,25.08,24.52,7032,17466456.00,2.29,2.04,0.50,2.35
2018-03-30,25.00,25.53,25.95,24.96,8681,22161227.00,3.97,2.28,0.57,2.90
2018-04-02,25.56,25.65,26.10,25.11,12117,31140995.00,3.88,0.47,0.12,4.05
2018-04-03,24.99,24.96,25.35,24.57,8158,20339040.00,3.04,-2.69,-0.69,2.73
2018-04-04,25.03,24.93,25.43,24.90,6753,16994709.00,2.12,-0.12,-0.03,2.26
2018-04-09,24.99,25.19,25.30,24.52,6504,16240887.00,3.13,1.04,0.26,2.17
2018-04-10,25.10,24.90,25.25,24.16,7146,17752422.00,4.33,-1.15,-0.29,2.39
2018-04-11,24.91,25.38,25.50,24.91,8544,21615766.00,2.37,1.93,0.48,2.86
2018-04-12,25.49,25.61,25.95,25.40,9468,24283058.00,2.17,0.91,0.23,3.16
2018-04-13,25.72,25.31,25.96,25.28,7226,18486180.00,2.66,-1.17,-0.30,2.42
2018-04-16,25.31,24.42,25.31,24.18,5983,14749961.00,4.46,-3.52,-0.89,2.00
2018-04-17,24.53,26.11,26.42,24.19,20007,50910102.00,9.13,6.92,1.69,6.69
2018-04-18,25.40,25.60,25.82,24.54,15965,40319668.00,4.90,-1.95,-0.51,5.34
2018-04-19,25.10,25.00,25.59,25.00,8970,22671273.00,2.30,-2.34,-0.60,3.00
2018-04-20,24.50,23.27,24.87,22.87,11878,28472024.00,8.00,-6.92,-1.73,3.97
2018-04-23,22.83,23.11,23.50,22.80,3838,8893234.00,3.01,-0.69,-0.16,1.28
2018-04-24,23.31,23.56,23.71,23.16,3812,8969318.00,2.38,1.95,0.45,1.27
2018-04-25,23.40,23.87,24.19,23.40,5505,13173743.00,3.35,1.32,0.31,1.84
2018-04-26,24.35,23.50,24.39,23.00,6939,16598626.00,5.82,-1.55,-0.37,2.32
2018-04-27,23.42,23.62,23.98,23.33,3925,9272869.00,2.77,0.51,0.12,1.31
2018-05-02,23.95,23.58,23.97,23.20,3959,9330017.00,3.26,-0.17,-0.04,1.32
2018-05-03,23.58,23.73,23.85,23.08,4097,9650884.00,3.27,0.64,0.15,1.37
2018-05-04,23.53,24.32,25.60,23.50,12394,30624380.00,8.85,2.49,0.59,4.14
2018-05-07,24.01,25.09,25.36,24.00,15671,38887591.00,5.59,3.17,0.77,5.24
2018-05-08,24.77,27.60,27.60,24.77,43927,120014733.00,11.28,10.00,2.51,14.68
2018-05-09,27.70,27.95,30.32,27.01,71181,203425463.00,11.99,1.27,0.35,23.79
2018-05-10,26.99,27.37,27.50,26.61,36166,97788645.00,3.18,-2.08,-0.58,12.09
2018-05-11,27.00,26.22,27.18,26.03,26883,71140285.00,4.20,-4.20,-1.15,8.99
2018-05-14,26.23,26.94,27.19,26.23,22670,60800255.00,3.66,2.75,0.72,7.58
2018-05-15,26.67,26.89,26.99,26.25,15005,40089352.00,2.75,-0.19,-0.05,5.02
2018-05-16,26.80,26.78,27.49,26.52,20772,56124862.00,3.61,-0.41,-0.11,6.94
2018-05-17,26.78,26.21,26.78,26.01,13470,35365838.00,2.88,-2.13,-0.57,4.50
2018-05-18,26.18,26.14,26.53,25.61,10900,28417806.00,3.51,-0.27,-0.07,3.64
2018-05-21,26.26,26.71,26.76,26.26,15217,40436201.00,1.91,2.18,0.57,5.09
2018-05-22,26.61,27.60,27.79,26.51,28968,79164769.00,4.79,3.33,0.89,9.68
2018-05-23,27.50,26.75,27.50,26.66,17216,46462492.00,3.04,-3.08,-0.85,5.75
2018-05-24,26.50,27.57,29.00,26.49,30839,85658688.00,9.38,3.07,0.82,10.31
2018-05-25,27.29,28.45,29.43,27.29,42187,119869301.00,7.76,3.19,0.88,14.10
2018-05-28,28.98,27.88,28.98,27.81,29044,82521079.00,4.11,-2.00,-0.57,9.71
2018-05-29,27.57,30.67,30.67,27.57,46255,139499732.00,11.12,10.01,2.79,15.46
2018-05-30,30.60,28.08,30.60,27.60,63997,185704597.00,9.78,-8.44,-2.59,21.39
2018-05-31,28.87,30.89,30.89,28.87,24170,73502440.00,7.19,10.01,2.81,8.08
2018-06-01,32.43,29.88,33.98,28.65,89787,283326128.00,17.25,-3.27,-1.01,30.01
2018-06-04,28.26,27.05,29.32,26.89,52773,149130452.00,8.13,-9.47,-2.83,17.64
2018-06-05,27.59,29.76,29.76,27.32,34906,100920826.00,9.02,10.02,2.71,11.67
2018-06-06,31.12,30.90,31.75,29.84,79612,244546991.00,6.42,3.83,1.14,26.62
2018-06-07,31.71,29.61,32.30,29.14,51156,155699937.00,10.23,-4.17,-1.29,17.11
2018-06-08,30.61,30.89,31.50,30.11,65582,202256919.00,4.69,4.32,1.28,21.93
2018-06-11,30.59,29.96,31.00,28.67,44198,132354122.00,7.54,-3.01,-0.93,14.78
2018-06-12,29.90,31.02,31.85,28.89,54393,165298916.00,9.88,3.54,1.06,18.19
2018-06-13,30.48,30.28,31.49,29.81,38365,116938954.00,5.42,-2.39,-0.74,12.83
2018-06-14,29.80,30.81,31.60,29.51,44424,136737057.00,6.90,1.75,0.53,14.86
2018-06-15,30.60,30.07,31.18,29.50,33996,102334238.00,5.45,-2.40,-0.74,11.37
2018-06-19,28.20,27.06,28.89,27.06,35858,99066228.00,6.09,-10.01,-3.01,11.99
2018-06-20,25.79,26.55,27.33,25.22,32417,85059444.00,7.80,-1.88,-0.51,10.84
2018-06-21,26.69,24.56,27.49,24.30,31309,81958480.00,12.02,-7.50,-1.99,10.47
2018-06-22,24.50,24.82,25.05,23.62,20117,49564395.00,5.82,1.06,0.26,6.73
2018-06-25,24.89,24.32,25.42,24.28,17428,43281671.00,4.59,-2.01,-0.50,5.83
2018-06-26,24.54,26.75,26.75,24.46,19908,52071838.00,9.42,9.99,2.43,6.66
2018-06-27,26.99,27.50,28.50,26.78,45189,124911542.00,6.43,2.80,0.75,15.11
2018-06-28,27.97,26.81,28.30,26.71,28602,78946671.00,5.78,-2.51,-0.69,9.57
2018-06-29,26.67,27.53,27.95,26.65,29832,82220830.00,4.85,2.69,0.72,9.98
2018-07-02,27.42,28.90,29.80,27.27,48189,138714376.00,9.19,4.98,1.37,16.12
2018-07-03,28.30,29.29,29.33,28.15,40471,116675552.00,4.08,1.35,0.39,13.53
2018-07-04,28.76,27.96,29.06,27.40,28557,80958403.00,5.67,-4.54,-1.33,9.55
2018-07-05,27.87,27.83,30.21,27.83,33312,96247624.00,8.51,-0.46,-0.13,11.14
2018-07-06,28.00,29.53,30.30,27.50,63534,186042711.00,10.06,6.11,1.70,21.25
2018-07-09,29.01,29.92,29.95,28.86,50869,150096179.00,3.69,1.32,0.39,17.01
2018-07-10,29.83,30.11,30.19,29.30,38314,114019640.00,2.97,0.64,0.19,12.81
2018-07-11,29.00,28.98,29.40,28.01,31075,89612972.00,4.62,-3.75,-1.13,10.39
2018-07-12,27.97,30.14,31.88,27.94,57689,173918358.00,13.60,4.00,1.16,19.29
2018-07-13,29.92,29.14,30.30,28.87,40067,117952364.00,4.74,-3.32,-1.00,13.40
2018-07-16,28.80,29.00,29.40,28.51,21754,62851397.00,3.05,-0.48,-0.14,7.28
2018-07-17,28.98,29.20,29.20,28.19,16166,46353480.00,3.48,0.69,0.20,5.41
2018-07-18,29.30,28.39,29.90,28.39,21026,61078657.00,5.17,-2.77,-0.81,7.03
2018-07-19,28.08,27.30,28.69,27.00,22287,61476732.00,5.95,-3.84,-1.09,7.45
2018-07-20,27.30,27.37,27.55,26.80,12730,34727232.00,2.75,0.26,0.07,4.26
2018-07-23,27.59,27.28,27.59,27.05,9673,26399061.00,1.97,-0.33,-0.09,3.23
2018-07-24,27.31,28.22,28.46,27.31,19230,54103230.00,4.22,3.45,0.94,6.43
2018-07-25,28.49,28.79,28.98,27.72,23056,65682639.00,4.46,2.02,0.57,7.71
2018-07-26,28.80,28.51,28.80,28.12,14261,40656567.00,2.36,-0.97,-0.28,4.77
2018-07-27,28.36,26.90,28.47,26.86,18851,51920655.00,5.65,-5.65,-1.61,6.30
2018-07-30,26.36,25.60,26.89,24.90,21043,53964309.00,7.40,-4.83,-1.30,7.04
2018-07-31,25.35,25.26,25.65,24.55,13455,33737911.00,4.30,-1.33,-0.34,4.50
2018-08-01,25.26,24.99,25.53,24.93,7589,19095841.00,2.38,-1.07,-0.27,2.54
2018-08-02,25.00,23.81,25.18,22.98,14195,33948999.00,8.80,-4.72,-1.18,4.75
2018-08-03,23.78,23.40,24.14,23.40,7222,17134127.00,3.11,-1.72,-0.41,2.42
2018-08-06,23.38,22.59,23.39,22.30,6503,14892984.00,4.66,-3.46,-0.81,2.17
2018-08-07,22.77,23.30,23.30,22.68,8079,18651135.00,2.74,3.14,0.71,2.70
2018-08-08,23.08,22.24,23.47,22.11,8850,20144334.00,5.84,-4.55,-1.06,2.96
2018-08-09,22.64,23.05,23.24,22.20,8159,18713699.00,4.68,3.64,0.81,2.73
2018-08-10,23.22,23.40,23.71,22.81,9533,22241902.00,3.90,1.52,0.35,3.19
2018-08-13,23.14,23.20,23.28,22.51,15535,35495414.00,3.29,-0.85,-0.20,5.20
2018-08-14,23.35,23.31,23.58,23.06,9571,22283186.00,2.24,0.47,0.11,3.20
2018-08-15,23.31,22.69,23.32,22.60,7447,17013045.00,3.09,-2.66,-0.62,2.49
2018-08-16,22.22,22.77,23.35,21.51,11556,25920229.00,8.11,0.35,0.08,3.86
2018-08-17,22.77,22.03,22.97,21.71,8595,19267446.00,5.53,-3.25,-0.74,2.87
2018-08-20,21.71,22.03,22.29,21.50,6737,14704143.00,3.59,0.00,0.00,2.25
2018-08-21,22.01,22.07,22.20,21.61,6025,13236791.00,2.68,0.18,0.04,2.01
2018-08-22,22.15,21.67,22.15,21.63,4795,10451192.00,2.36,-1.81,-0.40,1.60
2018-08-23,21.76,21.82,22.09,21.70,5823,12757933.00,1.80,0.69,0.15,1.95
2018-08-24,21.99,21.76,22.05,21.66,6175,13477226.00,1.79,-0.27,-0.06,2.07
2018-08-27,21.87,22.56,22.80,21.87,11317,25520001.00,4.27,3.68,0.80,3.78
2018-08-28,22.59,22.63,22.77,22.37,7427,16759329.00,1.77,0.31,0.07,2.48
2018-08-29,22.60,22.59,22.69,22.20,8590,19289730.00,2.17,-0.18,-0.04,2.87
2018-08-30,22.55,21.98,22.77,21.91,5801,12910357.00,3.81,-2.70,-0.61,1.94
2018-08-31,21.98,22.52,23.70,21.53,12383,27859350.00,9.87,2.46,0.54,4.14
2018-09-03,22.41,22.33,22.52,21.55,7668,16967412.00,4.31,-0.84,-0.19,2.56
2018-09-04,22.36,22.95,23.30,22.20,11740,26882776.00,4.93,2.78,0.62,3.93
2018-09-05,22.86,22.89,23.21,22.62,9056,20849945.00,2.57,-0.26,-0.06,3.03
2018-09-06,22.66,23.33,23.47,22.58,12566,29087320.00,3.89,1.92,0.44,4.20
2018-09-07,23.33,23.50,23.65,22.99,12207,28475002.00,2.83,0.73,0.17,4.08
2018-09-10,23.50,23.20,23.50,23.10,7751,18002195.00,1.70,-1.28,-0.30,2.59
2018-09-11,23.04,23.16,23.38,23.00,5886,13650483.00,1.64,-0.17,-0.04,1.97
2018-09-12,23.14,22.94,23.32,22.70,6860,15785129.00,2.68,-0.95,-0.22,2.29
2018-09-13,23.00,23.80,25.14,23.00,15408,36644661.00,9.33,3.75,0.86,5.15
2018-09-14,23.66,23.26,24.45,23.25,9882,23458720.00,5.04,-2.27,-0.54,3.30
2018-09-17,23.11,25.59,25.59,23.11,45848,113729010.00,10.66,10.02,2.33,15.33
2018-09-18,26.74,28.15,28.15,26.66,103681,286593024.00,5.82,10.00,2.56,34.67
2018-09-19,29.25,30.97,30.97,28.15,104332,310893376.00,10.02,10.02,2.82,34.89
2018-09-20,32.21,30.76,32.21,29.91,106386,329411616.00,7.43,-0.68,-0.21,35.58
2018-09-21,30.03,30.14,31.88,29.61,76873,235975392.00,7.38,-2.02,-0.62,25.71
2018-09-25,30.75,30.60,31.06,29.61,55474,168528890.00,4.81,1.53,0.46,18.55
2018-09-26,30.50,30.02,30.62,29.41,56890,170251845.00,3.95,-1.90,-0.58,19.03
2018-09-27,29.97,29.12,29.99,28.36,55299,161505861.00,5.43,-3.00,-0.90,18.49
2018-09-28,29.12,28.00,29.34,27.52,50182,142296161.00,6.25,-3.85,-1.12,16.78
2018-10-08,27.44,27.25,27.99,26.82,32856,90144016.00,4.18,-2.68,-0.75,10.99
2018-10-09,27.25,27.32,27.79,26.82,27597,75157036.00,3.56,0.26,0.07,9.23
2018-10-10,27.48,27.53,27.88,26.68,31132,85082704.00,4.39,0.77,0.21,10.41
2018-10-11,26.11,24.78,26.25,24.78,30429,77504911.00,5.34,-9.99,-2.75,10.18
2018-10-12,25.00,24.48,25.00,23.51,26639,64618448.00,6.01,-1.21,-0.30,8.91
2018-10-15,24.70,24.97,25.43,24.39,31621,78957248.00,4.25,2.00,0.49,10.57
2018-10-16,25.06,24.20,25.20,23.88,22498,55186946.00,5.29,-3.08,-0.77,7.52
2018-10-17,24.67,24.76,24.96,24.18,25869,63776796.00,3.22,2.31,0.56,8.65
2018-10-18,24.57,22.28,24.57,22.28,31786,71951972.00,9.25,-10.02,-2.48,10.63
2018-10-19,21.01,22.66,22.94,20.80,26626,59192833.00,9.61,1.71,0.38,8.90
2018-10-22,22.98,23.88,24.50,22.66,26549,62839154.00,8.12,5.38,1.22,8.88
2018-10-23,24.05,24.88,25.43,23.85,34756,85816059.00,6.62,4.19,1.00,11.62
2018-10-24,24.15,24.00,24.80,23.31,20476,49243505.00,5.99,-3.54,-0.88,6.85
2018-10-25,22.21,23.52,23.67,22.21,14542,33493381.00,6.08,-2.00,-0.48,4.86
2018-10-26,23.55,23.60,24.18,23.18,14870,35246419.00,4.25,0.34,0.08,4.97
2018-10-29,23.36,24.25,24.35,23.30,16760,40274305.00,4.45,2.75,0.65,5.61
2018-10-30,23.86,23.98,24.49,23.15,14353,34128881.00,5.53,-1.11,-0.27,4.80
2018-10-31,23.75,24.20,24.36,23.50,13899,33410380.00,3.59,0.92,0.22,4.65
2018-11-01,24.25,24.94,25.05,24.00,25923,63801488.00,4.34,3.06,0.74,8.67
2018-11-02,25.43,25.25,25.83,24.72,27884,70166944.00,4.45,1.24,0.31,9.33
2018-11-05,25.27,24.82,25.37,24.10,22277,55159183.00,5.03,-1.70,-0.43,7.45
2018-11-06,24.64,24.10,24.64,23.55,17081,40990943.00,4.39,-2.90,-0.72,5.71
2018-11-07,24.22,26.51,26.51,24.22,37143,95264681.00,9.50,10.00,2.41,12.42
2018-11-08,27.50,26.90,28.90,26.90,66379,185045786.00,7.54,1.47,0.39,22.20
2018-11-09,27.09,27.82,28.33,26.31,48869,134748637.00,7.51,3.42,0.92,16.34
2018-11-12,27.35,27.96,28.28,27.35,37455,104508041.00,3.34,0.50,0.14,12.53
2018-11-13,27.49,27.93,28.06,27.00,29916,82881446.00,3.79,-0.11,-0.03,10.00
2018-11-14,27.57,27.21,27.89,27.08,24471,66841039.00,2.90,-2.58,-0.72,8.18
2018-11-15,28.29,28.95,29.93,27.80,48684,139376522.00,7.83,6.39,1.74,16.28
2018-11-16,28.60,28.63,29.22,28.25,36348,104248008.00,3.35,-1.11,-0.32,12.16
2018-11-19,28.80,31.49,31.49,28.35,60888,188232270.00,10.97,9.99,2.86,20.36
2018-11-20,32.50,32.62,34.64,31.67,92010,307626512.00,9.43,3.59,1.13,30.77
2018-11-21,31.90,35.71,35.88,30.86,80320,266235924.00,15.39,9.47,3.09,26.86
2018-11-22,35.40,34.46,36.49,33.83,54266,189422167.00,7.45,-3.50,-1.25,18.15
2018-11-23,33.86,34.21,35.00,32.30,47428,159929325.00,7.84,-0.73,-0.25,15.86
2018-11-26,33.00,32.34,33.33,31.75,32616,105896157.00,4.62,-5.47,-1.87,10.92
2018-11-27,32.30,32.40,34.00,32.00,26329,86830227.00,6.18,0.19,0.06,8.81
2018-11-28,32.68,33.64,34.90,32.52,47071,159055929.00,7.35,3.83,1.24,15.76
2018-11-29,33.81,30.72,33.81,30.32,44126,141507251.00,10.37,-8.68,-2.92,14.77
2018-11-30,30.93,31.90,32.30,30.88,32005,101052841.00,4.62,3.84,1.18,10.71
2018-12-03,33.38,33.77,34.80,33.38,45967,156311758.00,4.45,5.86,1.87,15.39
2018-12-04,34.31,34.36,35.37,33.89,40613,140377456.00,4.38,1.75,0.59,13.59
2018-12-05,33.77,34.54,34.89,33.30,28535,98097281.00,4.63,0.52,0.18,9.55
2018-12-06,33.30,32.45,33.80,31.75,34801,113578836.00,5.94,-6.05,-2.09,11.36
2018-12-07,32.93,32.82,33.60,32.66,19748,65528871.00,2.90,1.14,0.37,6.45
2018-12-10,32.33,34.02,34.54,32.33,30918,104349177.00,6.73,3.66,1.20,10.09
2018-12-11,34.00,34.12,34.79,33.33,24689,83932004.00,4.29,0.29,0.10,8.06
2018-12-12,34.12,33.68,34.46,33.33,13991,47147082.00,3.31,-1.29,-0.44,4.57
2018-12-13,33.88,34.92,34.95,33.39,28120,96516054.00,4.63,3.68,1.24,9.18
2018-12-14,34.64,33.99,35.85,33.81,26261,91508457.00,5.84,-2.66,-0.93,8.57
2018-12-17,33.22,32.62,33.66,31.61,20224,65967698.00,6.03,-4.03,-1.37,6.60
2018-12-18,32.99,32.43,32.99,31.87,11502,37281273.00,3.43,-0.58,-0.19,3.76
2018-12-19,32.30,32.50,33.16,32.10,11644,38030579.00,3.27,0.22,0.07,3.80
2018-12-20,32.15,32.73,33.05,31.90,11921,38917736.00,3.54,0.71,0.23,3.89
2018-12-21,32.75,32.61,33.50,32.46,14767,48599484.00,3.18,-0.37,-0.12,4.82
2018-12-24,32.61,34.45,34.99,32.60,28143,95576166.00,7.33,5.64,1.84,9.19
2018-12-25,34.14,36.58,37.48,33.90,44844,158380904.00,10.39,6.18,2.13,14.64
2018-12-26,36.11,34.65,36.71,34.64,37412,133431507.00,5.66,-5.28,-1.93,12.21
2018-12-27,35.00,34.15,35.88,34.10,29003,101392312.00,5.14,-1.44,-0.50,9.47
2018-12-28,34.28,34.64,34.99,33.36,21708,74627606.00,4.77,1.43,0.49,7.09
2019-01-02,34.98,34.60,35.33,34.34,17311,60144898.00,2.86,-0.12,-0.04,5.67
2019-01-03,33.91,32.44,34.01,31.90,29410,96295429.00,6.10,-6.24,-2.16,9.64
2019-01-04,31.51,33.41,33.64,31.51,19287,63623876.00,6.57,2.99,0.97,6.32
2019-01-07,33.65,35.10,35.66,33.65,27703,96507910.00,6.02,5.06,1.69,9.08
2019-01-08,36.03,34.31,36.50,34.20,22218,77780961.00,6.55,-2.25,-0.79,7.28
2019-01-09,35.14,33.94,35.32,33.85,18017,62218721.00,4.28,-1.08,-0.37,5.90
2019-01-10,33.86,34.93,35.50,33.51,21293,73910863.00,5.86,2.92,0.99,6.98
2019-01-11,35.05,36.59,38.34,35.05,48140,177061768.00,9.42,4.75,1.66,15.78
2019-01-14,37.17,35.90,37.27,35.00,25734,93138083.00,6.20,-1.89,-0.69,8.43
2019-01-15,36.00,36.70,36.76,35.10,22537,81444079.00,4.62,2.23,0.80,7.39
2019-01-16,36.20,37.38,38.28,36.20,28002,104967886.00,5.67,1.85,0.68,9.18
2019-01-17,37.55,39.05,41.00,36.90,45701,178647050.00,10.97,4.47,1.67,14.98
2019-01-18,38.60,39.07,41.71,38.21,41879,165983939.00,8.96,0.05,0.02,13.72
2019-01-21,39.75,39.66,40.60,38.39,31459,124708051.00,5.66,1.51,0.59,10.31
2019-01-22,39.07,38.66,39.84,38.10,19833,76919907.00,4.39,-2.52,-1.00,6.50
2019-01-23,38.45,38.09,38.84,36.88,22407,84667551.00,5.07,-1.47,-0.57,7.35
2019-01-24,38.09,38.10,38.50,37.00,17544,66616643.00,3.94,0.03,0.01,5.75
2019-01-25,38.09,39.57,40.01,37.66,24163,94259445.00,6.17,3.86,1.47,7.92
2019-01-28,39.00,38.56,39.30,37.71,27207,105113645.00,4.02,-2.55,-1.01,7.45
2019-01-29,38.19,39.49,39.80,37.40,20012,77710559.00,6.22,2.41,0.93,5.48
2019-01-30,39.60,37.87,39.64,37.52,15337,58924885.00,5.37,-4.10,-1.62,4.20
2019-01-31,37.85,37.28,38.28,36.30,14975,55681969.00,5.23,-1.56,-0.59,4.10
2019-02-01,37.27,38.15,38.74,36.70,14390,54637014.00,5.47,2.33,0.87,3.94
2019-02-11,38.15,40.28,40.30,38.13,19860,78928321.00,5.69,5.58,2.13,5.44
2019-02-12,40.28,40.03,41.27,39.71,17443,70477465.00,3.87,-0.62,-0.25,4.78
2019-02-13,40.24,42.86,43.95,40.10,26573,111404562.00,9.62,7.07,2.83,7.28
2019-02-14,42.42,42.73,43.33,41.88,16381,69385797.00,3.38,-0.30,-0.13,4.48
2019-02-15,42.49,41.99,43.00,41.71,12123,51285786.00,3.02,-1.73,-0.74,3.32
2019-02-18,42.01,44.29,45.00,42.01,18430,80393064.00,7.12,5.48,2.30,5.05
2019-02-19,44.31,44.13,45.65,43.09,14843,65673504.00,5.78,-0.36,-0.16,4.06
2019-02-20,44.10,44.30,46.58,43.51,22485,101080307.00,6.96,0.39,0.17,6.16
2019-02-21,43.84,46.97,48.44,43.84,29967,138589883.00,10.38,6.03,2.67,8.20
2019-02-22,46.92,48.58,49.47,46.12,23933,115056705.00,7.13,3.43,1.61,6.55
2019-02-25,49.69,50.32,51.50,49.69,29409,148830277.00,3.73,3.58,1.74,8.05
2019-02-26,50.33,50.74,52.95,48.00,42990,213677847.00,9.84,0.83,0.42,11.77
2019-02-27,50.74,48.90,50.97,47.67,25781,127450530.00,6.50,-3.63,-1.84,7.06
2019-02-28,49.49,48.80,50.30,47.88,23198,114138261.00,4.95,-0.20,-0.10,6.35
2019-03-01,48.80,48.93,49.79,48.39,15597,76561686.00,2.87,0.27,0.13,4.27
2019-03-04,49.89,48.32,50.40,47.58,32687,160686711.00,5.76,-1.25,-0.61,8.95
2019-03-05,48.50,49.36,49.40,48.35,26103,128028039.00,2.17,2.15,1.04,7.15
2019-03-06,49.58,48.61,50.28,47.00,28848,140140340.00,6.65,-1.52,-0.75,7.90
2019-03-07,49.21,47.59,49.49,47.29,29519,141500176.00,4.53,-2.10,-1.02,8.08
2019-03-08,47.09,45.89,48.45,45.81,32006,151515539.00,5.55,-3.57,-1.70,8.76
2019-03-11,45.89,50.00,50.25,45.89,38504,186853923.00,9.50,8.96,4.11,10.54
2019-03-12,50.10,49.66,51.81,48.80,32412,161227931.00,6.02,-0.68,-0.34,8.87
2019-03-13,49.65,47.90,49.65,47.66,21207,102371976.00,4.01,-3.54,-1.76,5.81
2019-03-14,47.20,46.12,47.76,45.00,28675,132144358.00,5.76,-3.72,-1.78,7.85
2019-03-15,47.09,47.68,49.35,46.62,27466,132256093.00,5.92,3.38,1.56,7.52
2019-03-18,46.90,49.50,49.58,46.02,30433,146775450.00,7.47,3.82,1.82,8.33
2019-03-19,50.05,49.63,50.50,48.83,21618,106900183.00,3.37,0.26,0.13,5.92
2019-03-20,49.28,48.65,49.60,47.20,17446,84576167.00,4.84,-1.97,-0.98,4.78
2019-03-21,49.22,48.80,50.30,48.60,24292,120262228.00,3.49,0.31,0.15,6.65
2019-03-22,49.50,53.68,53.68,48.40,41854,214686749.00,10.82,10.00,4.88,11.46
2019-03-25,52.89,50.78,52.89,50.58,31895,165129118.00,4.30,-5.40,-2.90,8.73
2019-03-26,52.65,48.25,52.89,47.71,33525,165115386.00,10.20,-4.98,-2.53,9.18
2019-03-27,48.00,47.99,48.50,46.02,22712,107873883.00,5.14,-0.54,-0.26,6.22
2019-03-28,47.99,48.73,50.79,47.32,23873,117912004.00,7.23,1.54,0.74,6.54
2019-03-29,48.63,49.49,49.68,47.64,21606,105747733.00,4.19,1.56,0.76,5.92
2019-04-01,32.80,34.02,35.14,32.21,56888,191156651.00,5.92,-31.26,-15.47,10.38
2019-04-02,34.15,33.90,35.45,33.33,59505,205070837.00,6.23,-0.35,-0.12,10.86
2019-04-03,33.74,33.50,34.49,33.01,39153,130646431.00,4.37,-1.18,-0.40,7.15
2019-04-04,33.43,33.35,34.49,33.10,30990,104018333.00,4.15,-0.45,-0.15,5.66
2019-04-08,33.35,31.65,33.82,30.88,55355,176566540.00,8.82,-5.10,-1.70,10.10
2019-04-09,31.45,32.10,32.42,31.00,28815,92160435.00,4.49,1.42,0.45,5.26
2019-04-10,31.53,31.62,32.38,31.23,21001,66526720.00,3.58,-1.50,-0.48,3.55
2019-04-11,31.57,30.68,32.00,30.60,24772,77067486.00,4.43,-2.97,-0.94,4.19
2019-04-12,30.61,30.67,31.29,30.25,17260,53236677.00,3.39,-0.03,-0.01,2.92
2019-04-15,31.46,32.52,33.33,31.35,65743,213481872.00,6.46,6.03,1.85,11.12
2019-04-16,32.96,35.77,35.77,32.56,94746,329977824.00,9.87,9.99,3.25,16.02
2019-04-17,38.00,39.35,39.35,36.50,50403,194966689.00,7.97,10.01,3.58,8.52
2019-04-18,40.50,40.97,42.88,36.40,117664,470346512.00,16.47,4.12,1.62,19.90
2019-04-19,40.00,42.28,44.40,39.50,82941,339522496.00,11.96,3.20,1.31,14.03
2019-04-22,41.10,40.50,43.37,40.15,77219,320311440.00,7.62,-4.21,-1.78,13.06
2019-04-23,41.28,38.60,41.46,37.63,85786,336177312.00,9.46,-4.69,-1.90,14.51
2019-04-24,39.22,38.58,39.80,38.02,51873,202441211.00,4.61,-0.05,-0.02,8.77
2019-04-25,38.99,37.58,39.49,37.00,54692,210267461.00,6.45,-2.59,-1.00,9.25
2019-04-26,36.90,36.94,38.37,36.81,37945,142723272.00,4.15,-1.70,-0.64,6.42
2019-04-29,38.45,38.35,40.18,35.90,65883,249989477.00,11.59,3.82,1.41,11.14
2019-04-30,37.65,38.70,40.29,37.38,49179,191735238.00,7.59,0.91,0.35,8.32
2019-05-06,36.00,34.83,36.17,34.83,42737,149980357.00,3.46,-10.00,-3.87,7.23
2019-05-07,33.91,33.06,35.68,31.68,49804,168079226.00,11.48,-5.08,-1.77,8.42
2019-05-08,32.01,34.46,35.00,30.65,48227,161491710.00,13.16,4.23,1.40,8.16
2019-05-09,33.50,33.96,35.31,33.32,34700,119693584.00,5.77,-1.45,-0.50,5.87
2019-05-10,34.88,36.49,36.79,34.02,63365,227191251.00,8.16,7.45,2.53,5.12
2019-05-13,35.00,33.91,35.91,33.52,61257,210748705.00,6.55,-7.07,-2.58,4.95
2019-05-14,33.30,34.14,35.00,32.60,34954,119864394.00,7.08,0.68,0.23,2.82
2019-05-15,34.47,35.91,36.69,34.47,49065,176382421.00,6.50,5.18,1.77,3.96
2019-05-16,36.53,35.30,36.70,34.51,48785,172318807.00,6.10,-1.70,-0.61,3.94
2019-05-17,35.38,34.00,36.34,33.52,37038,129516304.00,7.99,-3.68,-1.30,2.99
2019-05-20,33.88,33.31,33.89,30.88,51823,166878552.00,8.85,-2.03,-0.69,4.19
2019-05-21,33.00,33.80,34.37,32.42,45441,152853397.00,5.85,1.47,0.49,3.67
2019-05-22,33.58,33.94,34.68,33.20,40308,137404950.00,4.38,0.41,0.14,3.26
2019-05-23,33.40,33.40,33.60,32.42,36651,120567199.00,3.48,-1.59,-0.54,2.96
2019-05-24,32.65,31.70,33.28,31.62,29871,96326416.00,4.97,-5.09,-1.70,2.41
2019-05-27,31.95,33.66,33.80,31.95,37002,121842509.00,5.84,6.18,1.96,2.99
2019-05-28,33.67,33.60,34.34,33.40,28001,94985180.00,2.79,-0.18,-0.06,2.26
2019-05-29,33.63,33.84,34.44,33.63,20371,69299271.00,2.41,0.71,0.24,1.65
2019-05-30,33.66,32.93,33.79,32.22,24763,80847136.00,4.64,-2.69,-0.91,2.00
2019-05-31,33.04,33.25,33.87,32.80,18772,62781468.00,3.25,0.97,0.32,1.52
2019-06-03,33.33,34.52,35.26,32.24,73680,251490499.00,9.08,3.82,1.27,5.95
2019-06-04,35.00,34.21,36.38,33.90,74797,263825239.00,7.18,-0.90,-0.31,6.04
2019-06-05,34.22,36.05,37.26,34.11,77872,276549024.00,9.21,5.38,1.84,6.29
2019-06-06,36.00,33.18,36.00,32.78,53313,181435253.00,8.93,-7.96,-2.87,4.31
2019-06-10,32.29,33.63,34.49,32.29,33529,113607293.00,6.63,1.36,0.45,2.71
2019-06-11,34.00,34.29,34.48,32.82,34547,117288379.00,4.94,1.96,0.66,2.79
2019-06-12,34.01,34.53,34.93,33.69,34874,120333718.00,3.62,0.70,0.24,2.82
2019-06-13,34.60,34.98,35.99,34.27,32050,112778389.00,4.98,1.30,0.45,2.59
2019-06-14,34.66,33.82,35.79,33.81,28587,99371789.00,5.66,-3.32,-1.16,2.31
2019-06-17,33.40,35.20,35.49,33.03,36014,125607167.00,7.27,4.08,1.38,2.91
2019-06-18,35.39,34.78,35.39,34.31,24566,85290925.00,3.07,-1.19,-0.42,1.98
2019-06-19,36.20,35.58,37.86,35.41,52283,190505270.00,7.04,2.30,0.80,4.22
2019-06-20,35.58,36.22,36.35,34.79,42588,151478137.00,4.38,1.80,0.64,3.44
2019-06-21,36.40,36.79,37.05,36.02,38425,140865520.00,2.84,1.57,0.57,3.10
2019-06-24,36.38,36.14,36.70,35.80,19877,71803137.00,2.45,-1.77,-0.65,1.61
2019-06-25,35.51,35.80,36.18,35.20,16002,57111787.00,2.71,-0.94,-0.34,1.29
2019-06-26,35.74,36.98,37.60,35.31,42165,155198494.00,6.40,3.30,1.18,3.41
2019-06-27,37.80,40.01,40.68,37.80,62382,245624178.00,7.79,8.19,3.03,5.04
2019-06-28,39.97,40.08,40.81,38.88,42984,171691360.00,4.82,0.17,0.07,3.47
2019-07-01,42.50,40.54,43.00,39.99,78530,324440368.00,7.51,1.15,0.46,6.33
2019-07-02,40.55,40.30,40.98,39.50,37227,149176408.00,3.65,-0.59,-0.24,3.00
2019-07-03,39.98,39.51,40.00,39.02,23842,94167191.00,2.43,-1.96,-0.79,1.92
2019-07-04,39.73,39.25,39.99,38.86,17807,70084192.00,2.86,-0.66,-0.26,1.44
2019-07-05,38.92,39.24,39.75,38.92,15514,60967848.00,2.11,-0.03,-0.01,1.25
2019-07-08,39.40,38.81,39.49,37.45,30220,115866066.00,5.20,-1.10,-0.43,2.44
2019-07-09,38.70,38.45,38.98,37.48,19130,73181794.00,3.86,-0.93,-0.36,1.54
2019-07-10,38.89,37.65,38.89,37.60,15021,57119117.00,3.36,-2.08,-0.80,1.21
2019-07-11,38.09,37.40,38.26,36.70,17626,65822701.00,4.14,-0.66,-0.25,1.42
2019-07-12,37.36,38.25,38.38,36.73,19112,72251904.00,4.41,2.27,0.85,1.54
2019-07-15,37.88,39.31,39.59,37.81,21448,83669487.00,4.65,2.77,1.06,1.73
2019-07-16,39.40,39.92,41.05,38.75,35653,143407975.00,5.85,1.55,0.61,2.87
2019-07-17,39.99,39.56,40.40,39.50,15559,61925968.00,2.25,-0.90,-0.36,1.25
2019-07-18,39.03,38.76,39.50,38.66,13459,52400826.00,2.12,-2.02,-0.80,1.08
2019-07-19,38.63,38.52,39.13,38.50,11294,43814074.00,1.63,-0.62,-0.24,0.91
2019-07-22,38.31,36.81,38.98,36.22,24229,90601213.00,7.17,-4.44,-1.71,1.95
2019-07-23,37.10,37.63,37.75,36.86,17571,65729427.00,2.42,2.23,0.82,1.42
2019-07-24,38.28,39.60,40.00,38.01,30818,121469769.00,5.29,5.24,1.97,2.48
2019-07-25,39.44,40.06,40.46,39.01,33110,132845943.00,3.66,1.16,0.46,2.67
2019-07-26,40.22,40.58,41.09,39.70,30407,122826718.00,3.47,1.30,0.52,2.45
2019-07-29,41.04,41.22,41.40,40.53,32480,132988416.00,2.14,1.58,0.64,2.62
2019-07-30,41.11,42.33,42.85,41.11,46273,195505905.00,4.22,2.69,1.11,3.73
2019-07-31,42.33,42.01,42.69,41.30,53204,222902494.00,3.28,-0.76,-0.32,4.29
2019-08-01,41.75,41.85,42.24,40.56,43441,179761889.00,4.00,-0.38,-0.16,3.50
2019-08-02,40.20,39.90,40.47,38.50,48419,191844003.00,4.71,-4.66,-1.95,3.90
2019-08-05,39.88,40.15,41.14,39.35,33645,136397107.00,4.49,0.63,0.25,2.71
2019-08-06,39.20,39.70,40.15,38.50,30796,121526372.00,4.11,-1.12,-0.45,2.48
2019-08-07,40.27,39.01,40.65,39.00,26579,105896686.00,4.16,-1.74,-0.69,2.14
2019-08-08,39.47,41.15,41.68,38.80,38501,155918358.00,7.38,5.49,2.14,3.10
2019-08-09,41.11,40.28,42.27,39.80,48217,197605524.00,6.00,-2.11,-0.87,3.88
2019-08-12,40.70,41.50,41.51,38.88,42703,171205931.00,6.53,3.03,1.22,3.44
2019-08-13,40.54,40.56,41.43,40.05,35084,142669746.00,3.33,-2.27,-0.94,2.83
2019-08-14,41.42,40.15,41.42,40.10,33422,136637217.00,3.25,-1.01,-0.41,2.69
2019-08-15,38.77,38.90,39.22,37.20,67204,256591444.00,5.03,-3.11,-1.25,5.41
2019-08-16,38.88,38.60,39.21,38.20,40030,155041598.00,2.60,-0.77,-0.30,3.22
2019-08-19,39.00,40.44,40.45,38.85,55744,221430703.00,4.15,4.77,1.84,4.49
2019-08-20,40.99,40.50,41.97,40.01,47943,196504608.00,4.85,0.15,0.06,3.86
2019-08-21,40.80,41.37,41.49,40.00,41568,169856759.00,3.68,2.15,0.87,3.35
2019-08-22,41.10,42.87,43.43,41.01,68400,290051936.00,5.85,3.63,1.50,5.51
2019-08-23,42.50,41.80,42.99,41.40,44032,184280698.00,3.71,-2.50,-1.07,3.55
2019-08-26,40.50,40.61,41.28,40.08,37637,153257929.00,2.87,-2.85,-1.19,3.03
2019-08-27,40.88,40.43,41.30,40.13,39208,159418388.00,2.88,-0.44,-0.18,3.16
2019-08-28,40.69,39.78,40.69,39.38,34849,138713626.00,3.24,-1.61,-0.65,2.81
2019-08-29,40.00,39.63,40.20,39.39,25680,102083896.00,2.04,-0.38,-0.15,2.07
2019-08-30,39.95,39.13,40.12,39.00,38236,150444051.00,2.83,-1.26,-0.50,3.08
2019-09-02,39.24,40.55,40.61,38.71,47664,189138030.00,4.86,3.63,1.42,3.84
2019-09-03,40.37,41.35,41.40,40.11,57607,235741092.00,3.18,1.97,0.80,4.64
2019-09-04,41.10,40.20,41.45,39.70,52185,210611226.00,4.23,-2.78,-1.15,4.20
2019-09-05,40.20,44.22,44.22,40.00,99788,424740736.00,10.50,10.00,4.02,8.04
2019-09-06,45.45,44.13,47.80,43.48,141612,643586816.00,9.77,-0.20,-0.09,11.41
2019-09-09,45.00,45.54,45.56,44.00,105460,474110688.00,3.54,3.20,1.41,8.50
2019-09-10,45.33,44.15,45.33,43.20,67110,296408048.00,4.68,-3.05,-1.39,5.41
2019-09-11,44.49,43.17,44.55,42.87,50100,218340538.00,3.81,-2.22,-0.98,4.04
2019-09-12,43.47,43.35,44.17,42.89,39746,173042868.00,2.97,0.42,0.18,3.20
2019-09-16,43.79,44.90,44.94,43.41,50871,225674743.00,3.53,3.58,1.55,4.10
2019-09-17,44.40,43.53,44.66,42.90,36651,159937317.00,3.92,-3.05,-1.37,2.95
2019-09-18,43.07,43.40,43.66,42.91,25779,111352587.00,1.72,-0.30,-0.13,2.08
2019-09-19,43.40,43.75,43.79,43.03,25647,111576420.00,1.75,0.81,0.35,2.07
2019-09-20,43.50,43.07,43.83,43.07,26538,114987750.00,1.74,-1.55,-0.68,2.14
2019-09-23,42.69,42.08,42.75,41.03,39482,164607316.00,3.99,-2.30,-0.99,3.18
2019-09-24,42.30,43.28,43.58,41.80,41568,178109826.00,4.23,2.85,1.20,3.35
2019-09-25,43.05,41.56,43.62,41.39,32411,135925980.00,5.15,-3.97,-1.72,2.61
2019-09-26,41.30,38.46,41.95,37.97,55978,221489584.00,9.58,-7.46,-3.10,4.51
2019-09-27,38.58,38.18,39.18,37.92,33096,127567998.00,3.28,-0.73,-0.28,2.67
2019-09-30,38.43,36.66,38.43,36.00,39940,147596334.00,6.36,-3.98,-1.52,3.22
2019-10-08,37.07,36.16,37.47,35.80,33006,120494122.00,4.56,-1.36,-0.50,2.66
2019-10-09,36.49,37.30,37.37,35.41,33218,121091422.00,5.42,3.15,1.14,2.68
2019-10-10,39.00,40.58,41.03,38.88,95971,383735984.00,5.76,8.79,3.28,7.73
2019-10-11,40.00,39.89,40.87,39.40,63551,254206247.00,3.62,-1.70,-0.69,5.12
2019-10-14,40.20,39.40,40.48,38.98,70329,276807504.00,3.76,-1.23,-0.49,5.67
2019-10-15,39.03,37.72,39.03,37.51,49373,187287489.00,3.86,-4.26,-1.68,3.98
2019-10-16,37.65,37.74,38.28,37.22,30413,114953879.00,2.81,0.05,0.02,2.45
2019-10-17,37.68,37.33,37.96,37.25,20648,77528968.00,1.88,-1.09,-0.41,1.66
2019-10-18,37.73,36.78,37.92,36.70,26317,98078596.00,3.27,-1.47,-0.55,2.12
2019-10-21,36.92,36.79,37.02,35.60,28833,105023316.00,3.86,0.03,0.01,2.32
2019-10-22,36.40,36.13,36.40,35.45,69295,247842712.00,2.58,-1.79,-0.66,5.13
2019-10-23,36.13,36.70,36.88,35.75,41389,150661639.00,3.13,1.58,0.57,3.06
2019-10-24,36.10,36.23,36.79,35.85,25880,93871822.00,2.56,-1.28,-0.47,1.91
2019-10-25,35.89,36.70,36.90,35.89,26384,96214058.00,2.79,1.30,0.47,1.95
2019-10-28,36.00,37.58,37.80,35.90,44098,164181631.00,5.18,2.40,0.88,3.26
2019-10-29,37.80,37.55,37.99,37.35,35081,131983591.00,1.70,-0.08,-0.03,2.60
2019-10-30,37.42,36.48,37.42,36.00,36438,133504760.00,3.78,-2.85,-1.07,2.70
2019-10-31,36.47,36.09,36.86,36.01,20031,72847191.00,2.33,-1.07,-0.39,1.48
2019-11-01,36.10,36.50,36.68,35.78,20109,73151539.00,2.49,1.14,0.41,1.49
2019-11-04,36.66,36.48,36.99,36.25,26554,97199155.00,2.03,-0.05,-0.02,1.96
2019-11-05,36.93,36.35,36.93,36.22,20099,73374466.00,1.95,-0.36,-0.13,1.49
2019-11-06,36.30,33.90,36.30,33.33,68518,237845878.00,8.17,-6.74,-2.45,5.07
2019-11-07,34.05,34.13,34.20,33.09,33785,114112870.00,3.27,0.68,0.23,2.50
2019-11-08,34.57,34.62,35.18,34.30,37349,129806599.00,2.58,1.44,0.49,2.76
2019-11-11,34.56,33.60,34.56,33.42,23644,80087312.00,3.29,-2.95,-1.02,1.75
2019-11-12,33.58,34.18,34.18,33.20,22069,74360112.00,2.92,1.73,0.58,1.63
2019-11-13,34.01,33.77,34.16,33.55,16398,55434490.00,1.78,-1.20,-0.41,1.21
2019-11-14,33.63,34.13,34.30,33.63,21947,74801660.00,1.98,1.07,0.36,1.62
2019-11-15,34.13,33.78,34.30,33.42,19662,66572294.00,2.58,-1.03,-0.35,1.45
2019-11-18,33.75,33.85,34.30,33.60,15092,51202815.00,2.07,0.21,0.07,1.12
2019-11-19,33.70,34.81,34.87,33.62,32164,110993867.00,3.69,2.84,0.96,2.38
2019-11-20,34.79,34.93,35.15,34.42,29263,101772619.00,2.10,0.34,0.12,2.17
2019-11-21,34.78,34.94,35.12,34.51,21213,73959827.00,1.75,0.03,0.01,1.57
2019-11-22,34.94,34.07,35.64,33.94,35861,124551535.00,4.87,-2.49,-0.87,2.65
2019-11-25,34.06,32.38,34.35,32.25,35911,117685831.00,6.16,-4.96,-1.69,2.66
2019-11-26,32.68,32.36,32.86,32.31,14836,48209860.00,1.70,-0.06,-0.02,1.10
2019-11-27,32.43,32.39,32.70,31.88,13667,44225460.00,2.53,0.09,0.03,1.01
2019-11-28,32.50,32.67,32.99,32.28,17361,56683288.00,2.19,0.86,0.28,1.31
2019-11-29,32.41,31.92,32.57,31.85,30782,98756451.00,2.20,-2.30,-0.75,2.32
2019-12-02,32.00,31.72,32.17,31.67,15211,48534746.00,1.57,-0.63,-0.20,1.15
2019-12-03,32.06,32.86,32.98,31.75,29569,95726196.00,3.88,3.59,1.14,2.23
2019-12-04,32.87,34.70,36.15,32.87,113797,399896864.00,9.98,5.60,1.84,8.59
2019-12-05,34.01,35.30,35.59,33.65,76020,265148003.00,5.59,1.73,0.60,5.74
2019-12-06,35.22,35.63,36.19,35.19,51256,182703700.00,2.83,0.93,0.33,3.85
2019-12-09,36.00,35.76,36.58,35.40,48904,176003128.00,3.31,0.36,0.13,3.68
2019-12-10,35.78,36.05,36.18,35.56,49951,179563288.00,1.73,0.81,0.29,3.75
2019-12-11,35.88,35.68,36.11,35.53,33672,120362188.00,1.61,-1.03,-0.37,2.53
2019-12-12,35.64,35.64,36.09,35.33,40760,145837125.00,2.13,-0.11,-0.04,3.06
2019-12-13,35.89,35.90,36.12,35.38,41698,149265720.00,2.08,0.73,0.26,3.13
2019-12-16,36.17,37.64,37.88,36.17,74778,278488768.00,4.76,4.85,1.74,5.62
2019-12-17,37.50,37.70,38.24,37.42,64445,243994358.00,2.18,0.16,0.06,4.84
2019-12-18,38.25,37.73,38.25,37.45,54764,207344799.00,2.12,0.08,0.03,4.12
2019-12-19,37.81,37.73,38.17,37.57,44538,168501967.00,1.59,0.00,0.00,3.35
2019-12-20,37.99,37.14,37.99,36.97,35094,130951348.00,2.70,-1.56,-0.59,2.64
2019-12-23,36.50,35.57,36.50,35.57,39800,143475436.00,2.50,-4.23,-1.57,2.99
2019-12-24,36.12,36.19,36.35,35.53,25759,92704857.00,2.31,1.74,0.62,1.94
2019-12-25,36.30,36.24,36.44,35.98,46737,169449600.00,1.27,0.14,0.05,3.51
2019-12-26,36.28,36.24,36.37,35.85,27279,98575238.00,1.43,0.00,0.00,2.05
2019-12-27,36.30,35.54,36.88,35.31,46956,169458742.00,4.33,-1.93,-0.70,3.53
2019-12-30,35.19,35.55,36.32,34.47,45815,161620949.00,5.21,0.03,0.01,3.44
2019-12-31,35.39,36.00,36.13,35.34,44589,159807381.00,2.22,1.27,0.45,3.35
2020-01-02,36.65,37.57,37.68,36.42,66714,248416742.00,3.50,4.36,1.57,5.01
2020-01-03,37.73,37.50,38.15,37.15,50880,191284470.00,2.66,-0.19,-0.07,3.82
2020-01-06,37.19,37.95,38.24,37.02,71720,270409904.00,3.25,1.20,0.45,5.39
2020-01-07,37.85,37.58,37.93,37.23,62367,233706801.00,1.84,-0.97,-0.37,4.69
2020-01-08,37.23,36.42,37.23,36.21,54355,199048734.00,2.71,-3.09,-1.16,4.09
2020-01-09,36.70,37.32,37.43,36.67,49512,183770759.00,2.09,2.47,0.90,3.72
2020-01-10,37.35,37.02,37.64,36.84,36579,136066164.00,2.14,-0.80,-0.30,2.75
2020-01-13,36.89,39.50,39.67,36.84,111605,431859536.00,7.64,6.70,2.48,8.39
2020-01-14,39.59,39.09,39.59,38.81,70806,277838656.00,1.97,-1.04,-0.41,5.32
2020-01-15,39.21,39.00,39.21,38.26,56817,219846557.00,2.43,-0.23,-0.09,4.27
2020-01-16,36.80,36.98,37.60,36.12,108852,403667008.00,3.79,-5.18,-2.02,8.18
2020-01-17,37.08,37.57,37.59,36.72,52707,195968687.00,2.35,1.60,0.59,3.96
2020-01-20,37.62,39.10,39.26,37.18,70956,273821168.00,5.54,4.07,1.53,5.33
2020-01-21,39.00,39.66,40.28,38.75,88313,350961008.00,3.91,1.43,0.56,6.64
2020-01-22,39.81,39.65,39.98,38.71,61232,241086664.00,3.20,-0.03,-0.01,4.60
2020-01-23,39.15,36.87,39.41,36.02,81956,309058144.00,8.55,-7.01,-2.78,6.16
2020-02-03,33.18,33.18,33.18,33.18,4924,16337832.00,0.00,-10.01,-3.69,0.37
2020-02-04,29.92,31.90,32.58,29.92,87434,276835584.00,8.02,-3.86,-1.28,6.57
2020-02-05,31.80,32.37,33.26,31.80,57920,189148733.00,4.58,1.47,0.47,4.35
2020-02-06,32.30,32.59,32.78,31.90,51828,167599273.00,2.72,0.68,0.22,3.90
2020-02-07,32.60,34.39,34.50,32.15,65215,216791426.00,7.21,5.52,1.80,4.90
2020-02-10,34.40,34.45,35.10,34.05,52502,181218093.00,3.05,0.17,0.06,3.95
2020-02-11,35.25,34.53,35.58,34.36,56564,197309029.00,3.54,0.23,0.08,4.25
2020-02-12,34.45,34.90,35.01,34.15,50342,174186761.00,2.49,1.07,0.37,3.78
2020-02-13,34.72,34.25,34.79,34.10,47963,164820065.00,1.98,-1.86,-0.65,3.60
2020-02-14,34.03,34.74,35.37,33.90,57414,199664355.00,4.29,1.43,0.49,4.32
2020-02-17,35.15,36.76,36.83,35.03,90623,324887120.00,5.18,5.81,2.02,6.81
2020-02-18,36.77,37.15,37.15,36.01,92476,339468496.00,3.10,1.06,0.39,6.95
2020-02-19,37.40,36.88,37.92,36.76,82770,309131728.00,3.12,-0.73,-0.27,6.22
2020-02-20,36.88,37.35,37.41,36.36,63739,235781863.00,2.85,1.27,0.47,4.79
2020-02-21,37.36,38.02,38.87,37.36,79880,304595488.00,4.04,1.79,0.67,6.00
2020-02-24,41.82,41.82,41.82,40.20,93059,387456864.00,4.26,9.99,3.80,6.99
2020-02-25,43.61,46.00,46.00,43.00,268529,1212761648.00,7.17,10.00,4.18,20.18
2020-02-26,45.88,45.07,48.19,44.03,253570,1175026096.00,9.04,-2.02,-0.93,19.06
2020-02-27,45.42,45.39,48.68,43.81,201146,932714560.00,10.81,0.71,0.32,15.12
2020-02-28,41.00,42.40,44.95,41.00,164411,711357328.00,8.70,-6.59,-2.99,12.36
2020-03-02,45.00,46.64,46.64,44.00,162601,750543952.00,6.23,10.00,4.24,12.22
2020-03-03,49.00,44.98,51.24,44.79,252889,1215718224.00,13.83,-3.56,-1.66,19.01
2020-03-04,44.33,44.00,46.25,43.36,135806,606521184.00,6.43,-2.18,-0.98,10.21
2020-03-05,46.20,45.34,47.20,44.60,179782,826463152.00,5.91,3.05,1.34,13.51
2020-03-06,43.80,43.82,45.10,43.43,92872,409491072.00,3.68,-3.35,-1.52,6.98
2020-03-09,43.48,43.59,46.54,43.29,153364,689858224.00,7.42,-0.52,-0.23,11.53
2020-03-10,44.55,47.54,47.70,44.55,198194,914930128.00,7.23,9.06,3.95,14.90
2020-03-11,46.50,45.62,48.98,45.50,180046,844554512.00,7.32,-4.04,-1.92,13.53
2020-03-12,43.96,44.60,44.71,43.10,101816,447926400.00,3.53,-2.24,-1.02,7.65
2020-03-13,41.90,43.86,44.60,41.20,106676,458090192.00,7.62,-1.66,-0.74,8.02
2020-03-16,42.98,39.47,43.00,39.47,129124,525822272.00,8.05,-10.01,-4.39,9.70
2020-03-17,39.60,38.60,41.24,36.28,89126,342327568.00,12.57,-2.20,-0.87,6.70
2020-03-18,39.22,37.41,39.77,37.38,64657,250607870.00,6.19,-3.08,-1.19,4.86
2020-03-19,37.50,39.98,40.20,37.13,89022,343421296.00,8.21,6.87,2.57,6.69
2020-03-20,40.70,39.33,40.72,38.57,80925,318556816.00,5.38,-1.63,-0.65,6.08
2020-03-23,37.80,39.08,40.19,37.50,74471,293140096.00,6.84,-0.64,-0.25,5.60
2020-03-24,40.10,39.15,40.30,37.60,72688,284382624.00,6.91,0.18,0.07,5.46
2020-03-25,40.48,39.89,40.70,39.54,60070,240371317.00,2.96,1.89,0.74,4.51
2020-03-26,39.18,38.75,39.29,38.51,42710,166086151.00,1.96,-2.86,-1.14,3.21
2020-03-27,39.36,38.06,39.46,37.90,37533,145645954.00,4.03,-1.78,-0.69,2.82
2020-03-30,37.01,36.06,37.22,35.69,53631,194895017.00,4.02,-5.25,-2.00,4.03
2020-03-31,36.70,35.71,36.90,35.70,40625,147383952.00,3.33,-0.97,-0.35,3.05
2020-04-01,35.80,35.86,36.69,35.38,38195,138294758.00,3.67,0.42,0.15,2.87
2020-04-02,35.87,37.30,37.36,35.82,49042,179886874.00,4.29,4.02,1.44,3.69
2020-04-03,37.09,36.32,37.44,36.20,35444,129874548.00,3.32,-2.63,-0.98,2.66
2020-04-07,37.00,37.25,37.35,36.82,38883,144215569.00,1.46,2.56,0.93,2.92
2020-04-08,36.98,37.82,38.10,36.85,42327,159604489.00,3.36,1.53,0.57,3.18
2020-04-09,38.02,38.38,38.56,37.70,37646,143269379.00,2.27,1.48,0.56,2.83
2020-04-10,37.92,36.86,37.92,36.81,37399,139420858.00,2.89,-3.96,-1.52,2.81
2020-04-13,36.00,35.98,36.70,35.89,23037,83371307.00,2.20,-2.39,-0.88,1.73
2020-04-14,36.08,36.57,36.68,36.08,19335,70286369.00,1.67,1.64,0.59,1.45
2020-04-15,35.73,35.91,36.50,35.58,46987,168948570.00,2.52,-1.80,-0.66,3.53
2020-04-16,35.71,36.20,36.40,35.40,28305,101671327.00,2.78,0.81,0.29,2.13
2020-04-17,36.57,36.47,37.43,36.35,35622,130886089.00,2.98,0.75,0.27,2.68
2020-04-20,36.75,37.60,37.95,36.40,39782,149090630.00,4.25,3.10,1.13,2.99
2020-04-21,37.64,36.84,37.64,36.40,28178,103864574.00,3.30,-2.02,-0.76,2.12
2020-04-22,36.70,36.73,36.96,36.40,20470,75053517.00,1.52,-0.30,-0.11,1.54
2020-04-23,36.76,35.69,36.95,35.65,29496,106423976.00,3.54,-2.83,-1.04,2.22
2020-04-24,35.81,35.11,36.06,34.74,25342,89202966.00,3.70,-1.63,-0.58,1.90
2020-04-27,35.00,34.79,35.28,34.28,23615,81997863.00,2.85,-0.91,-0.32,1.77
2020-04-28,34.70,34.49,34.76,33.61,30975,106057372.00,3.31,-0.86,-0.30,2.33
2020-04-29,34.32,33.80,34.49,33.78,21795,74266120.00,2.06,-2.00,-0.69,1.64
2020-04-30,34.25,35.30,35.45,34.25,32653,114441540.00,3.55,4.44,1.50,2.45
2020-05-06,34.96,35.91,35.94,34.80,33564,119289288.00,3.23,1.73,0.61,2.52
2020-05-07,36.85,36.49,37.63,36.40,53874,198673866.00,3.43,1.62,0.58,4.05
2020-05-08,36.80,36.78,37.23,36.41,31222,114899700.00,2.25,0.79,0.29,2.35
2020-05-11,36.98,36.58,37.12,36.32,23814,87338718.00,2.18,-0.54,-0.20,1.79
2020-05-12,36.64,36.55,36.64,36.01,13746,49914156.00,1.72,-0.08,-0.03,1.03
2020-05-13,36.08,36.29,36.48,36.02,18604,67402908.00,1.26,-0.71,-0.26,1.40
2020-05-14,36.04,35.53,36.23,35.49,26604,95090007.00,2.04,-2.09,-0.76,2.00
2020-05-15,35.62,35.51,35.89,35.39,18310,65219030.00,1.41,-0.06,-0.02,1.38
2020-05-18,35.00,34.08,35.47,33.90,31515,108368937.00,4.42,-4.03,-1.43,2.37
2020-05-19,34.41,34.76,34.84,34.00,20060,69024124.00,2.46,2.00,0.68,1.51
2020-05-20,34.75,34.64,35.20,34.18,18714,64898118.00,2.93,-0.35,-0.12,1.41
2020-05-21,34.98,34.32,35.12,34.10,14510,50215376.00,2.94,-0.92,-0.32,1.09
2020-05-22,34.34,34.94,35.99,34.04,28204,99225663.00,5.68,1.81,0.62,2.08
2020-05-25,34.91,33.24,34.91,33.00,21734,72913987.00,5.47,-4.87,-1.70,1.60
2020-05-26,33.30,34.59,34.59,33.30,17692,60201116.00,3.88,4.06,1.35,1.30
2020-05-27,34.73,34.11,34.73,34.01,11657,39895081.00,2.08,-1.39,-0.48,0.86
2020-05-28,23.00,22.14,23.15,21.75,35483,78857697.00,4.10,-35.09,-11.97,1.74
2020-05-29,22.13,21.66,22.13,21.23,24073,52427798.00,4.07,-2.17,-0.48,1.18
2020-06-01,22.10,22.77,22.85,21.80,39638,89251197.00,4.85,5.12,1.11,1.94
2020-06-02,23.00,23.00,23.16,22.64,27236,62381656.00,2.28,1.01,0.23,1.34
2020-06-03,23.37,23.02,23.50,22.73,35461,82018173.00,3.35,0.09,0.02,1.74
2020-06-04,23.10,22.68,23.19,22.59,21418,48815844.00,2.61,-1.48,-0.34,1.05
2020-06-05,21.93,21.67,22.43,21.22,73135,158072118.00,5.34,-4.45,-1.01,3.59
2020-06-08,21.78,22.55,23.64,21.78,71321,162870030.00,8.58,4.06,0.88,3.37
2020-06-09,22.40,22.07,22.91,21.88,44968,99407944.00,4.57,-2.13,-0.48,2.13
2020-06-10,22.00,21.75,22.00,21.56,23844,51819025.00,1.99,-1.45,-0.32,1.13
2020-06-11,21.71,21.63,21.98,21.57,26204,56978011.00,1.89,-0.55,-0.12,1.24
2020-06-12,21.20,21.31,21.52,21.00,40012,84731752.00,2.40,-1.48,-0.32,1.89
2020-06-15,21.18,21.06,21.52,21.01,27394,58100643.00,2.39,-1.17,-0.25,1.30
2020-06-16,21.29,21.47,21.57,21.29,30420,65268433.00,1.33,1.95,0.41,1.44
2020-06-17,21.49,21.35,21.61,21.10,26217,55853793.00,2.38,-0.56,-0.12,1.24
2020-06-18,21.35,21.90,22.12,21.32,44658,97212958.00,3.75,2.58,0.55,2.11
2020-06-19,21.84,21.90,22.08,21.56,37162,81042975.00,2.37,0.00,0.00,1.76
2020-06-22,21.83,22.07,22.29,21.76,38742,85106191.00,2.42,0.78,0.17,1.83
2020-06-23,22.07,21.74,22.07,21.58,22712,49466872.00,2.22,-1.50,-0.33,1.07
2020-06-24,21.70,21.68,21.96,21.65,22145,48270338.00,1.43,-0.28,-0.06,1.05
2020-06-29,21.60,20.98,21.60,20.91,44986,95055909.00,3.18,-3.23,-0.70,2.13
2020-06-30,21.10,21.15,21.43,21.00,38315,81252199.00,2.05,0.81,0.17,1.81
2020-07-01,21.37,21.06,21.37,20.78,35844,75321016.00,2.79,-0.43,-0.09,1.69
2020-07-02,21.07,21.31,21.37,20.71,40059,84771199.00,3.13,1.19,0.25,1.89
2020-07-03,21.32,21.35,21.58,21.16,60117,128213310.00,1.97,0.19,0.04,2.84
2020-07-06,21.50,22.67,22.69,21.50,96501,215392263.00,5.57,6.18,1.32,4.56
2020-07-07,22.90,23.24,23.97,22.02,124808,292340272.00,8.60,2.51,0.57,5.90
2020-07-08,23.28,24.78,24.78,23.28,158878,383569504.00,6.45,6.63,1.54,7.50
2020-07-09,24.90,24.70,24.99,24.25,141173,347352048.00,2.99,-0.32,-0.08,6.67
2020-07-10,24.62,24.12,25.03,24.11,106908,261798157.00,3.72,-2.35,-0.58,5.05
2020-07-13,24.32,24.67,24.68,23.80,87825,214611921.00,3.65,2.28,0.55,4.15
2020-07-14,24.90,24.11,24.90,23.77,81498,197131229.00,4.58,-2.27,-0.56,3.85
2020-07-15,24.11,22.99,24.46,22.81,68089,159433152.00,6.84,-4.65,-1.12,3.22
2020-07-16,23.09,21.14,23.21,20.69,78284,173200575.00,10.96,-8.05,-1.85,3.70
2020-07-17,21.29,20.56,21.75,20.29,78849,164841469.00,6.91,-2.74,-0.58,3.72
2020-07-20,20.78,20.98,20.98,20.34,54224,112311209.00,3.11,2.04,0.42,2.56
2020-07-21,20.99,21.25,21.29,20.75,50519,106604190.00,2.57,1.29,0.27,2.39
2020-07-22,21.30,21.46,21.51,20.98,43643,93070610.00,2.49,0.99,0.21,2.06
2020-07-23,21.25,21.27,21.33,20.58,46829,98337707.00,3.49,-0.89,-0.19,2.21
2020-07-24,21.10,20.61,21.47,20.56,42488,88772035.00,4.28,-3.10,-0.66,2.01
2020-07-27,20.67,20.30,20.84,20.20,24973,50818045.00,3.11,-1.50,-0.31,1.18
2020-07-28,20.45,20.37,20.66,20.26,19473,39784132.00,1.97,0.34,0.07,0.92
2020-07-29,20.33,20.82,20.86,20.13,32469,67027772.00,3.58,2.21,0.45,1.53
2020-07-30,20.84,21.68,21.85,20.65,61618,131065399.00,5.76,4.13,0.86,2.91
2020-07-31,21.00,21.21,21.47,20.78,68933,145340850.00,3.18,-2.17,-0.47,3.26
2020-08-03,21.15,21.43,21.45,21.00,74739,158964714.00,2.12,1.04,0.22,3.53
2020-08-04,21.50,21.29,21.66,21.20,60144,128400416.00,2.15,-0.65,-0.14,2.84
2020-08-05,21.35,21.15,21.35,20.97,44071,93007049.00,1.78,-0.66,-0.14,2.08
2020-08-06,21.25,21.03,21.38,20.91,44618,94128228.00,2.22,-0.57,-0.12,2.11
2020-08-07,21.16,20.72,21.16,20.47,42598,88302511.00,3.28,-1.47,-0.31,2.01
2020-08-10,20.73,20.74,20.77,20.20,48542,99358152.00,2.75,0.10,0.02,2.30
2020-08-11,20.88,20.60,20.88,20.43,43687,89821517.00,2.17,-0.68,-0.14,2.07
2020-08-12,20.60,20.41,20.64,20.10,33115,67120247.00,2.62,-0.92,-0.19,1.57
2020-08-13,20.30,20.51,20.75,20.30,24490,50363985.00,2.20,0.49,0.10,1.16
2020-08-14,20.51,20.65,20.69,20.25,22876,47057781.00,2.15,0.68,0.14,1.08
2020-08-17,20.74,20.94,20.99,20.60,39033,81217880.00,1.89,1.40,0.29,1.85
2020-08-18,20.98,20.74,20.98,20.65,29220,60713983.00,1.58,-0.96,-0.20,1.38
2020-08-19,20.74,20.35,20.74,20.26,33604,68684122.00,2.31,-1.88,-0.39,1.59
2020-08-20,20.23,20.32,20.47,20.16,18323,37254459.00,1.52,-0.15,-0.03,0.87
2020-08-21,20.37,20.25,20.55,20.18,20916,42494954.00,1.82,-0.34,-0.07,0.99
2020-08-24,20.55,20.23,20.55,20.12,22014,44609015.00,2.12,-0.10,-0.02,1.04
2020-08-25,20.30,20.50,20.51,20.19,29548,60094233.00,1.58,1.33,0.27,1.40
2020-08-26,20.68,20.37,20.68,20.10,31478,63765142.00,2.83,-0.63,-0.13,1.49
2020-08-27,20.41,20.27,20.41,20.13,17434,35289798.00,1.37,-0.49,-0.10,0.82
2020-08-28,20.21,20.33,20.36,20.10,20019,40526039.00,1.28,0.30,0.06,0.95
2020-08-31,20.33,20.27,20.48,20.26,21931,44698263.00,1.08,-0.30,-0.06,1.04
2020-09-01,20.29,20.18,20.36,20.13,17500,35318646.00,1.13,-0.44,-0.09,0.83
2020-09-02,20.21,19.90,20.25,19.88,42821,85864175.00,1.83,-1.39,-0.28,2.02
2020-09-03,19.95,18.80,19.97,18.40,81262,154316869.00,7.89,-5.53,-1.10,3.84
2020-09-04,18.40,18.73,18.78,18.31,24269,45223084.00,2.50,-0.37,-0.07,1.15
2020-09-07,18.79,18.03,18.85,18.00,46935,86287806.00,4.54,-3.74,-0.70,2.22
2020-09-08,18.06,17.87,18.14,17.45,37661,66888386.00,3.83,-0.89,-0.16,1.78
2020-09-09,17.79,17.70,18.14,17.61,34716,61957153.00,2.97,-0.95,-0.17,1.64
2020-09-10,17.88,16.81,17.95,16.76,46546,80394376.00,6.72,-5.03,-0.89,2.20
2020-09-11,16.82,16.86,16.99,16.27,33755,56599171.00,4.28,0.30,0.05,1.60
2020-09-14,16.98,16.83,17.17,16.67,28291,47843484.00,2.97,-0.18,-0.03,1.34
2020-09-15,16.80,16.64,16.89,16.55,27569,45912190.00,2.02,-1.13,-0.19,1.30
2020-09-16,16.64,16.60,16.70,16.42,19170,31698299.00,1.68,-0.24,-0.04,0.91
2020-09-17,16.61,16.95,17.14,16.44,29726,49888186.00,4.22,2.11,0.35,1.40
2020-09-18,16.96,16.99,17.09,16.86,29094,49450730.00,1.36,0.24,0.04,1.37
2020-09-21,17.01,17.17,17.19,16.84,25635,43782317.00,2.06,1.06,0.18,1.21
2020-09-22,17.13,16.75,17.13,16.62,22917,38688978.00,2.97,-2.45,-0.42,1.08
2020-09-23,16.78,16.86,16.88,16.70,14466,24277172.00,1.07,0.66,0.11,0.68
2020-09-24,16.79,16.38,16.79,16.35,18437,30417327.00,2.61,-2.85,-0.48,0.87
2020-09-25,16.42,16.38,16.53,16.15,13968,22800882.00,2.32,0.00,0.00,0.66
2020-09-28,16.42,16.03,16.50,16.02,12930,20894575.00,2.93,-2.14,-0.35,0.61
2020-09-29,16.05,16.14,16.28,16.02,13312,21527026.00,1.62,0.69,0.11,0.63
2020-09-30,16.33,16.06,16.33,16.03,15901,25626134.00,1.86,-0.50,-0.08,0.75
2020-10-09,16.35,16.42,16.75,16.12,27676,45682271.00,3.92,2.24,0.36,1.31
2020-10-12,16.58,16.90,16.92,16.49,37111,62299059.00,2.62,2.92,0.48,1.75
2020-10-13,16.95,16.84,16.95,16.66,19250,32361150.00,1.72,-0.36,-0.06,0.91
2020-10-14,16.80,16.58,16.86,16.55,18848,31435835.00,1.84,-1.54,-0.26,0.89
2020-10-15,16.25,16.23,16.47,16.22,25541,41660204.00,1.51,-2.11,-0.35,1.21
2020-10-16,16.23,16.00,16.38,15.96,31628,50912901.00,2.59,-1.42,-0.23,1.49
2020-10-19,16.12,15.88,16.16,15.86,23394,37479949.00,1.88,-0.75,-0.12,1.10
2020-10-20,15.82,16.02,16.05,15.62,26940,42594107.00,2.71,0.88,0.14,1.27
2020-10-21,16.06,15.55,16.06,15.45,32903,51466755.00,3.81,-2.93,-0.47,1.55
2020-10-22,15.47,15.30,15.50,15.15,23934,36605001.00,2.25,-1.61,-0.25,1.13
2020-10-23,15.39,14.98,15.49,14.95,25541,38822295.00,3.53,-2.09,-0.32,1.21
2020-10-26,15.03,14.97,15.12,14.67,16438,24483234.00,3.00,-0.07,-0.01,0.78
2020-10-27,14.99,15.14,15.21,14.88,19848,29833632.00,2.20,1.14,0.17,0.94
2020-10-28,15.19,14.99,15.28,14.95,18807,28334247.00,2.18,-0.99,-0.15,0.89
2020-10-29,14.75,14.83,14.98,14.65,19339,28692831.00,2.20,-1.07,-0.16,0.91
2020-10-30,14.90,14.02,14.93,13.92,50444,72453689.00,6.81,-5.46,-0.81,2.38
2020-11-02,14.03,13.71,14.03,13.48,31608,43229353.00,3.92,-2.21,-0.31,1.49
2020-11-03,13.84,14.24,14.59,13.76,67808,97141035.00,6.05,3.87,0.53,3.20
2020-11-04,14.28,14.26,14.47,14.02,29638,42149191.00,3.16,0.14,0.02,1.40
2020-11-05,14.27,15.02,15.15,14.20,60307,89070629.00,6.66,5.33,0.76,2.85
2020-11-06,15.07,14.94,15.12,14.83,36223,54179506.00,1.93,-0.53,-0.08,1.71
2020-11-09,15.08,15.43,15.50,15.00,52053,79726626.00,3.35,3.28,0.49,2.46
2020-11-10,15.46,15.30,15.62,15.19,42192,64990639.00,2.79,-0.84,-0.13,1.99
2020-11-11,15.25,15.00,15.45,14.98,31919,48297941.00,3.07,-1.96,-0.30,1.51
2020-11-12,15.18,14.99,15.28,14.90,27980,42042590.00,2.53,-0.07,-0.01,1.32
2020-11-13,14.87,14.95,15.04,14.70,20325,30255942.00,2.27,-0.27,-0.04,0.96
2020-11-16,15.05,14.80,15.10,14.71,23220,34426880.00,2.61,-1.00,-0.15,1.10
2020-11-17,14.84,14.52,14.93,14.36,26559,38499408.00,3.85,-1.89,-0.28,1.25
2020-11-18,14.54,14.62,14.83,14.40,20106,29439967.00,2.96,0.69,0.10,0.95
2020-11-19,14.65,14.76,14.82,14.40,25319,37097272.00,2.87,0.96,0.14,1.20
2020-11-20,14.79,14.68,14.85,14.47,23831,34887350.00,2.57,-0.54,-0.08,1.13
2020-11-23,14.66,14.44,14.74,14.38,24034,34809029.00,2.45,-1.63,-0.24,1.14
2020-11-24,14.56,14.49,14.68,14.48,20634,30035355.00,1.39,0.35,0.05,0.97
2020-11-25,14.63,14.99,15.37,14.26,81173,121299062.00,7.66,3.45,0.50,3.83
2020-11-26,15.00,14.71,15.30,14.62,61533,91769724.00,4.54,-1.87,-0.28,2.91
2020-11-27,14.74,14.38,14.76,14.14,37935,54731883.00,4.21,-2.24,-0.33,1.79
2020-11-30,14.47,14.32,14.53,14.17,26226,37758634.00,2.50,-0.42,-0.06,1.24
2020-12-01,14.31,14.47,14.54,14.28,25207,36332200.00,1.82,1.05,0.15,1.19
2020-12-02,14.45,14.65,14.73,14.43,34142,49933661.00,2.07,1.24,0.18,1.61
2020-12-03,14.53,14.43,14.71,14.40,26794,39033421.00,2.12,-1.50,-0.22,1.27
2020-12-04,14.47,14.25,14.47,14.22,25160,35944443.00,1.73,-1.25,-0.18,1.19
2020-12-07,14.25,14.75,14.95,14.11,57425,83888486.00,5.89,3.51,0.50,2.71
2020-12-08,14.64,14.44,14.79,14.44,30940,45158334.00,2.37,-2.10,-0.31,1.45
2020-12-09,14.43,13.86,14.43,13.86,36158,50952874.00,3.95,-4.02,-0.58,1.70
2020-12-10,13.86,13.74,13.94,13.55,28909,39707289.00,2.81,-0.87,-0.12,1.36
2020-12-11,13.85,13.09,13.85,12.93,46049,60833628.00,6.70,-4.73,-0.65,2.17
2020-12-14,13.00,12.73,13.00,12.55,33340,42461512.00,3.44,-2.75,-0.36,1.57
2020-12-15,12.73,12.77,12.85,12.66,16266,20749946.00,1.49,0.31,0.04,0.76
2020-12-16,12.78,12.24,12.78,12.22,37768,46767681.00,4.39,-4.15,-0.53,1.78
2020-12-17,12.24,12.51,12.58,11.98,34594,42532143.00,4.90,2.21,0.27,1.63
2020-12-18,12.51,12.41,12.65,12.31,24669,30710425.00,2.72,-0.80,-0.10,1.16
2020-12-21,12.41,12.44,12.61,12.28,18410,22978835.00,2.66,0.24,0.03,0.87
2020-12-22,12.43,12.05,12.48,12.02,31992,38979079.00,3.70,-3.14,-0.39,1.50
2020-12-23,12.04,12.02,12.20,11.84,27562,33083940.00,2.99,-0.25,-0.03,1.30
2020-12-24,12.02,11.53,12.09,11.48,34894,40722949.00,5.07,-4.08,-0.49,1.64
2020-12-25,11.65,12.68,12.68,11.50,35541,44054730.00,10.23,9.97,1.15,1.67
2020-12-28,12.88,12.22,12.96,12.12,79320,98215517.00,6.62,-3.63,-0.46,3.73
2020-12-29,12.15,13.44,13.44,12.15,52907,68807078.00,10.56,9.98,1.22,2.49
2020-12-30,14.50,14.78,14.78,14.10,90357,131712635.00,5.06,9.97,1.34,4.25
2020-12-31,15.94,16.26,16.26,14.76,260223,402644608.00,10.15,10.01,1.48,12.24
2021-01-04,16.00,16.45,17.89,15.56,398654,670741840.00,14.33,1.17,0.19,18.75
2021-01-05,16.00,15.80,16.74,15.51,260657,417483568.00,7.48,-3.95,-0.65,12.26
2021-01-06,15.29,14.83,15.50,14.39,239299,356830432.00,7.03,-6.14,-0.97,11.26
2021-01-07,14.70,14.83,15.19,14.36,167553,247672319.00,5.60,0.00,0.00,7.88
2021-01-08,14.00,14.59,15.35,13.63,170176,249709017.00,11.60,-1.62,-0.24,8.00
2021-01-11,14.30,15.44,15.85,14.02,202271,302524688.00,12.54,5.83,0.85,9.51
2021-01-12,15.00,14.82,15.78,14.48,156222,235235273.00,8.42,-4.02,-0.62,7.35
2021-01-13,14.40,15.25,15.44,14.19,150188,222202106.00,8.43,2.90,0.43,7.06
2021-01-14,14.99,15.60,15.98,14.50,174744,267154516.00,9.70,2.30,0.35,8.22
2021-01-15,15.38,15.10,15.97,15.10,135844,210421429.00,5.58,-3.21,-0.50,6.39
2021-01-18,14.77,15.46,15.49,14.58,111169,168642766.00,6.03,2.38,0.36,5.23
2021-01-19,15.31,14.85,15.39,14.79,88211,132158778.00,3.88,-3.95,-0.61,4.15
2021-01-20,14.74,14.83,15.29,14.58,80411,119884299.00,4.78,-0.13,-0.02,3.78
2021-01-21,14.63,14.00,14.70,13.93,118070,167446279.00,5.19,-5.60,-0.83,5.55
2021-01-22,13.91,13.00,13.95,13.00,97438,130064415.00,6.79,-7.14,-1.00,4.58
2021-01-25,12.71,12.70,13.32,12.20,65051,83727253.00,8.62,-2.31,-0.30,3.03
2021-01-26,12.58,12.82,12.97,12.55,44279,56485295.00,3.31,0.94,0.12,2.06
2021-01-27,12.79,12.52,12.89,12.48,37543,47530229.00,3.20,-2.34,-0.30,1.75
2021-01-28,12.40,12.10,12.70,12.10,43294,53467437.00,4.79,-3.35,-0.42,2.01
2021-01-29,12.20,11.87,12.28,11.77,41436,49725906.00,4.21,-1.90,-0.23,1.93
2021-02-01,11.88,11.67,12.03,11.60,38959,45874483.00,3.62,-1.68,-0.20,1.81
2021-02-02,11.68,11.88,11.88,11.43,40626,47488620.00,3.86,1.80,0.21,1.89
2021-02-03,11.88,11.31,11.88,11.31,42179,48581855.00,4.80,-4.80,-0.57,1.96
2021-02-04,11.32,10.91,11.36,10.66,54531,59746513.00,6.19,-3.54,-0.40,2.54
2021-02-05,10.94,10.55,11.13,10.51,29772,32107302.00,5.68,-3.30,-0.36,1.38
2021-02-08,10.60,10.25,10.76,10.22,35980,37466654.00,5.12,-2.84,-0.30,1.67
2021-02-09,10.26,10.73,11.28,10.23,66121,71676446.00,10.24,4.68,0.48,3.08
2021-02-10,10.69,10.69,10.84,10.48,45031,48186084.00,3.36,-0.37,-0.04,2.09
2021-02-18,10.88,11.28,11.39,10.86,52835,59178043.00,4.96,5.52,0.59,2.46
2021-02-19,11.29,11.67,11.68,11.20,41384,47529137.00,4.26,3.46,0.39,1.93
2021-02-22,11.80,11.75,12.10,11.69,52637,62595383.00,3.51,0.69,0.08,2.45
2021-02-23,11.73,11.66,11.88,11.45,34876,40793501.00,3.66,-0.77,-0.09,1.62
2021-02-24,11.71,11.83,12.15,11.66,35601,42333385.00,4.20,1.46,0.17,1.66
2021-02-25,11.89,11.60,11.92,11.59,25865,30241948.00,2.79,-1.94,-0.23,1.20
2021-02-26,11.43,11.78,12.00,11.43,31872,37644083.00,4.91,1.55,0.18,1.48
2021-03-01,11.63,11.95,11.99,11.63,32751,38870626.00,3.06,1.44,0.17,1.52
2021-03-02,11.94,11.80,11.99,11.66,26285,31009307.00,2.76,-1.26,-0.15,1.22
2021-03-03,11.69,11.83,11.89,11.66,22275,26244468.00,1.95,0.25,0.03,1.04
2021-03-04,11.70,11.64,11.89,11.62,25814,30250694.00,2.28,-1.61,-0.19,1.20
2021-03-05,11.54,11.81,11.87,11.54,26236,30863985.00,2.84,1.46,0.17,1.22
2021-03-08,11.94,11.67,11.97,11.64,29168,34426660.00,2.79,-1.19,-0.14,1.36
2021-03-09,11.61,11.09,11.66,10.95,38228,42991687.00,6.08,-4.97,-0.58,1.78
2021-03-10,11.23,10.90,11.32,10.73,34381,37524526.00,5.32,-1.71,-0.19,1.60
2021-03-11,10.84,11.13,11.23,10.79,28988,31969484.00,4.04,2.11,0.23,1.35
2021-03-12,11.13,11.05,11.18,10.90,19373,21329241.00,2.52,-0.72,-0.08,0.90
2021-03-15,11.05,10.89,11.13,10.80,20402,22334321.00,2.99,-1.45,-0.16,0.95
2021-03-16,10.93,11.20,11.30,10.87,32034,35643208.00,3.95,2.85,0.31,1.49
2021-03-17,11.21,11.32,11.33,11.12,20977,23604888.00,1.88,1.07,0.12,0.98
2021-03-18,11.32,11.10,11.37,11.07,25838,28849951.00,2.65,-1.94,-0.22,1.20
2021-03-19,11.09,11.14,11.33,10.91,23712,26499125.00,3.78,0.36,0.04,1.10
2021-03-22,11.06,11.29,11.30,11.06,22458,25243000.00,2.15,1.35,0.15,1.04
2021-03-23,11.26,11.18,11.34,11.12,20743,23259160.00,1.95,-0.97,-0.11,0.96
2021-03-24,11.16,11.03,11.24,11.00,17593,19548575.00,2.15,-1.34,-0.15,0.82
2021-03-25,11.03,10.88,11.13,10.83,20155,22073704.00,2.72,-1.36,-0.15,0.94
2021-03-26,10.92,11.01,11.08,10.86,19287,21209900.00,2.02,1.19,0.13,0.90
2021-03-29,11.06,10.80,11.16,10.80,30994,33870250.00,3.27,-1.91,-0.21,1.44
2021-03-30,10.72,10.49,10.79,10.41,25416,26720325.00,3.52,-2.87,-0.31,1.18
2021-03-31,10.52,10.52,10.57,10.41,15584,16355866.00,1.53,0.29,0.03,0.72
2021-04-01,10.55,11.04,11.57,10.35,60276,66305076.00,11.60,4.94,0.52,2.80
2021-04-02,10.88,11.15,11.29,10.82,45670,50790551.00,4.26,1.00,0.11,2.12
2021-04-06,11.14,11.04,11.20,11.02,27820,30811108.00,1.61,-0.99,-0.11,1.29
2021-04-07,11.05,11.13,11.15,10.93,22252,24632065.00,1.99,0.82,0.09,1.04
2021-04-08,11.18,10.94,11.18,10.90,23238,25616079.00,2.52,-1.71,-0.19,1.08
2021-04-09,10.90,10.90,11.01,10.81,17102,18644994.00,1.83,-0.37,-0.04,0.80
2021-04-12,10.90,10.67,10.95,10.66,16639,17964223.00,2.66,-2.11,-0.23,0.77
2021-04-13,10.71,10.62,10.72,10.57,14042,14925411.00,1.41,-0.47,-0.05,0.65
2021-04-14,10.58,10.82,10.85,10.57,12626,13555684.00,2.64,1.88,0.20,0.59
2021-04-15,10.82,10.68,10.82,10.55,13389,14279767.00,2.50,-1.29,-0.14,0.62
2021-04-16,10.67,10.98,11.00,10.67,24166,26304595.00,3.09,2.81,0.30,1.12
2021-04-19,10.97,11.12,11.18,10.96,26488,29393664.00,2.00,1.28,0.14,1.23
2021-04-20,11.11,10.97,11.15,10.97,20985,23183766.00,1.62,-1.35,-0.15,0.98
2021-04-21,10.91,10.83,10.98,10.82,14417,15694081.00,1.46,-1.28,-0.14,0.67
2021-04-22,10.85,11.03,11.15,10.85,20591,22648423.00,2.77,1.85,0.20,0.96
2021-04-23,10.92,10.85,11.04,10.79,18086,19628772.00,2.27,-1.63,-0.18,0.84
2021-04-26,10.83,10.97,11.27,10.70,30079,33058074.00,5.25,1.11,0.12,1.40
2021-04-27,10.80,10.00,10.80,9.99,71801,73552015.00,7.38,-8.84,-0.97,3.34
2021-04-28,10.10,9.84,10.15,9.82,25246,24966491.00,3.30,-1.60,-0.16,1.17
2021-04-29,9.86,9.87,9.95,9.68,15441,15238501.00,2.74,0.30,0.03,0.72
2021-04-30,9.87,9.53,9.87,9.51,22700,21928251.00,3.65,-3.44,-0.34,1.06
2021-05-06,9.53,9.56,9.72,9.52,11379,10924582.00,2.10,0.31,0.03,0.53
2021-05-07,9.66,9.63,9.67,9.55,13208,12672782.00,1.26,0.73,0.07,0.61
2021-05-10,9.78,9.53,9.79,9.51,12508,12005043.00,2.91,-1.04,-0.10,0.58
2021-05-11,9.53,9.61,9.65,9.48,16583,15861038.00,1.78,0.84,0.08,0.77
2021-05-12,9.57,9.71,9.72,9.42,17306,16621340.00,3.12,1.04,0.10,0.81
2021-05-13,9.67,9.68,9.76,9.61,13003,12615497.00,1.54,-0.31,-0.03,0.60
2021-05-14,9.69,9.77,9.80,9.69,14455,14094423.00,1.14,0.93,0.09,0.67
2021-05-17,9.77,9.67,9.85,9.64,17239,16687582.00,2.15,-1.02,-0.10,0.80
2021-05-18,9.68,9.59,9.68,9.51,16725,16011042.00,1.76,-0.83,-0.08,0.78
2021-05-19,9.56,9.48,9.59,9.47,16761,15943734.00,1.25,-1.15,-0.11,0.78
2021-05-20,9.48,9.52,9.55,9.42,13826,13133465.00,1.37,0.42,0.04,0.64
2021-05-21,9.65,9.62,9.84,9.61,24763,23988469.00,2.42,1.05,0.10,1.15
2021-05-24,9.62,9.70,9.73,9.52,17247,16627443.00,2.18,0.83,0.08,0.80
2021-05-25,9.78,9.71,9.78,9.65,15631,15158250.00,1.34,0.10,0.01,0.73
2021-05-26,9.66,10.17,10.62,9.66,52202,52783760.00,9.89,4.74,0.46,2.43
2021-05-27,10.05,10.72,11.09,10.02,71951,75700888.00,10.52,5.41,0.55,3.35
2021-05-28,10.62,10.45,10.78,10.41,40101,42131058.00,3.45,-2.52,-0.27,1.87
2021-05-31,10.45,10.39,10.54,10.29,25127,26064218.00,2.39,-0.57,-0.06,1.17
2021-06-01,10.28,10.45,10.48,10.22,24827,25814323.00,2.50,0.58,0.06,1.15
2021-06-02,10.45,10.37,10.56,10.33,24697,25801904.00,2.20,-0.77,-0.08,1.15
2021-06-03,10.34,10.63,10.88,10.29,43316,46244919.00,5.69,2.51,0.26,2.01
2021-06-04,10.59,10.51,10.86,10.42,28754,30505442.00,4.14,-1.13,-0.12,1.34
2021-06-07,10.45,10.73,10.75,10.42,26557,28205562.00,3.14,2.09,0.22,1.24
2021-06-08,10.72,10.87,11.15,10.62,42058,45664800.00,4.94,1.30,0.14,1.96
2021-06-09,10.87,10.73,10.94,10.66,27700,29856976.00,2.58,-1.29,-0.14,1.29
2021-06-10,10.68,10.74,10.87,10.61,28254,30368591.00,2.42,0.09,0.01,1.31
2021-06-11,10.73,10.54,10.94,10.54,34794,37440314.00,3.72,-1.86,-0.20,1.62
2021-06-15,10.54,10.89,11.18,10.54,44642,48628007.00,6.07,3.32,0.35,2.08
2021-06-16,10.81,10.94,11.10,10.57,44813,49070064.00,4.87,0.46,0.05,2.08
2021-06-17,10.93,10.79,11.07,10.63,33721,36476630.00,4.02,-1.37,-0.15,1.57
2021-06-18,10.80,10.73,10.83,10.63,29138,31183017.00,1.85,-0.56,-0.06,1.36
2021-06-21,10.72,11.16,11.19,10.63,59553,65586596.00,5.22,4.01,0.43,2.77
2021-06-22,11.12,11.09,11.13,10.95,30410,33598100.00,1.61,-0.63,-0.07,1.41
2021-06-23,11.27,10.91,11.27,10.86,34973,38407686.00,3.70,-1.62,-0.18,1.63
2021-06-24,10.91,10.74,10.98,10.73,21934,23733236.00,2.29,-1.56,-0.17,1.02
2021-06-25,10.74,10.52,10.81,10.48,29364,31101874.00,3.07,-2.05,-0.22,1.33
2021-06-28,10.57,10.95,11.09,10.52,39488,42973378.00,5.42,4.09,0.43,1.79
2021-06-29,10.98,10.68,10.99,10.67,19967,21490763.00,2.92,-2.47,-0.27,0.90
2021-06-30,10.62,10.81,11.05,10.61,24339,26449540.00,4.12,1.22,0.13,1.10
2021-07-01,10.96,11.89,11.89,10.78,63149,73319367.00,10.27,9.99,1.08,2.86
2021-07-02,11.70,11.59,12.09,11.42,129649,151345518.00,5.63,-2.52,-0.30,5.86
2021-07-05,11.36,11.50,11.77,11.36,52342,60126315.00,3.54,-0.78,-0.09,2.37
2021-07-06,11.52,11.35,11.63,11.09,52604,59326195.00,4.70,-1.30,-0.15,2.38
2021-07-07,11.20,11.26,11.40,11.14,31290,35275264.00,2.29,-0.79,-0.09,1.42
2021-07-08,11.26,11.04,11.36,11.04,34178,38124864.00,2.84,-1.95,-0.22,1.55
2021-07-09,11.07,11.32,11.67,11.05,53469,60686761.00,5.62,2.54,0.28,2.42
2021-07-12,11.22,11.92,12.20,11.20,109956,129412464.00,8.83,5.30,0.60,4.97
2021-07-13,11.70,11.79,11.99,11.65,59414,70106618.00,2.85,-1.09,-0.13,2.69
2021-07-14,11.79,11.57,12.18,11.56,57985,68600800.00,5.26,-1.87,-0.22,2.62
2021-07-15,11.18,10.41,11.18,10.41,81253,86296235.00,6.66,-10.03,-1.16,3.68
2021-07-16,10.37,10.02,10.37,9.51,50085,50383031.00,8.26,-3.75,-0.39,2.27
