2016-03-14,35.68,35.68,35.68,35.68,76,271168.00,0.00,9.99,3.24,0.04
2016-03-15,39.25,39.25,39.25,39.25,103,404275.00,0.00,10.01,3.57,0.05
2016-03-16,43.18,43.18,43.18,43.18,197,850818.00,0.00,10.01,3.93,0.10
2016-03-17,47.50,47.50,47.50,47.50,234,1111500.00,0.00,10.00,4.32,0.12
2016-03-18,52.25,52.25,52.25,52.25,337,1760825.00,0.00,10.00,4.75,0.17
2016-03-21,57.48,57.48,57.48,57.48,1690,9715557.00,0.00,10.01,5.23,0.83
2016-03-22,63.19,60.21,63.19,59.00,112893,686354384.00,7.29,4.75,2.73,55.61
2016-03-23,59.00,59.46,60.68,57.98,73097,431681664.00,4.48,-1.25,-0.75,36.01
2016-03-24,58.10,65.38,65.41,57.80,104465,644060288.00,12.80,9.96,5.92,51.46
2016-03-25,64.03,60.94,64.72,60.53,70987,445217200.00,6.41,-6.79,-4.44,34.97
2016-03-28,59.70,58.58,61.25,58.20,42509,254598373.00,5.00,-3.87,-2.36,20.94
2016-03-29,58.27,54.58,58.28,53.81,54035,300984256.00,7.63,-6.83,-4.00,26.62
2016-03-30,55.48,56.20,56.60,54.81,35405,197311543.00,3.28,2.97,1.62,17.44
2016-03-31,56.88,55.65,57.35,55.53,37295,210267492.00,3.24,-0.98,-0.55,18.37
2016-04-01,55.75,57.26,58.29,55.75,41846,239086211.00,4.56,2.89,1.61,20.61
2016-04-05,56.66,57.32,57.97,55.51,36828,208997711.00,4.30,0.10,0.06,18.14
2016-04-06,57.01,56.86,57.29,56.20,29494,167405032.00,1.90,-0.80,-0.46,14.53
2016-04-07,57.11,57.00,59.40,57.00,36965,214553526.00,4.22,0.25,0.14,18.21
2016-04-08,56.00,58.26,58.39,54.82,39699,226933106.00,6.26,2.21,1.26,19.56
2016-04-11,58.79,61.48,62.78,58.31,48149,290565536.00,7.67,5.53,3.22,23.72
2016-04-12,60.50,59.79,62.57,59.00,43011,261465240.00,5.81,-2.75,-1.69,21.19
2016-04-13,60.35,60.97,61.18,60.06,34383,208890547.00,1.87,1.97,1.18,16.94
2016-04-14,61.00,66.46,67.07,60.56,77776,502202080.00,10.68,9.00,5.49,38.31
2016-04-15,64.00,62.67,65.08,62.54,74050,470401056.00,3.82,-5.70,-3.79,36.48
2016-04-18,61.16,59.18,61.43,58.70,41453,247150655.00,4.36,-5.57,-3.49,20.42
2016-04-19,59.40,59.59,60.94,59.01,28945,173665956.00,3.26,0.69,0.41,14.26
2016-04-20,60.00,56.63,60.18,54.88,42521,244387573.00,8.89,-4.97,-2.96,20.95
2016-04-21,56.45,56.22,57.59,55.56,23355,132546937.00,3.58,-0.72,-0.41,11.51
2016-04-22,55.87,57.57,57.88,55.69,22536,128775247.00,3.90,2.40,1.35,11.10
2016-04-25,57.00,57.10,57.28,55.62,16614,94284413.00,2.88,-0.82,-0.47,8.18
2016-04-26,56.90,58.36,58.40,56.70,19855,114201714.00,2.98,2.21,1.26,9.78
2016-04-27,58.19,58.45,58.90,57.66,23567,137258184.00,2.12,0.15,0.09,11.61
2016-04-28,58.18,57.35,58.48,55.80,20900,119402323.00,4.59,-1.88,-1.10,10.30
2016-04-29,57.49,56.75,58.17,56.68,16493,94479714.00,2.60,-1.05,-0.60,8.12
2016-05-03,56.41,58.25,58.34,56.19,21810,125801654.00,3.79,2.64,1.50,10.74
2016-05-04,58.29,59.33,60.28,58.25,34275,203879883.00,3.48,1.85,1.08,16.88
2016-05-05,58.41,59.53,59.69,58.03,23355,137836515.00,2.80,0.34,0.20,11.51
2016-05-06,59.50,60.16,62.63,59.23,56235,339816112.00,5.71,1.06,0.63,27.70
2016-05-09,58.97,59.87,60.65,55.50,42037,248848502.00,8.56,-0.48,-0.29,20.71
2016-05-10,59.01,62.05,63.50,59.01,59316,363746800.00,7.50,3.64,2.18,29.22
2016-05-11,61.68,55.88,62.68,55.85,56750,336810336.00,11.01,-9.94,-6.17,27.96
2016-05-12,53.00,52.63,53.67,51.30,33236,174458686.00,4.24,-5.82,-3.25,16.37
2016-05-13,52.20,52.09,53.44,51.76,18799,98723008.00,3.19,-1.03,-0.54,9.26
2016-05-16,52.09,54.90,54.99,52.09,30139,162425635.00,5.57,5.39,2.81,14.85
2016-05-17,54.23,53.70,54.42,53.26,23261,125073000.00,2.11,-2.19,-1.20,11.46
2016-05-18,52.81,50.88,53.81,50.08,20148,103910425.00,6.95,-5.25,-2.82,9.93
2016-05-19,51.19,51.02,52.20,50.77,14471,74479114.00,2.81,0.28,0.14,7.13
2016-05-20,50.47,51.90,51.97,50.00,14719,75131443.00,3.86,1.72,0.88,7.25
2016-05-23,51.98,53.05,53.87,51.80,21345,113346583.00,3.99,2.22,1.15,10.51
2016-05-24,53.00,54.28,54.30,51.70,22829,120106904.00,4.90,2.32,1.23,11.25
2016-05-25,54.00,54.21,55.30,53.81,29331,160019355.00,2.75,-0.13,-0.07,14.45
2016-05-26,53.98,54.85,54.97,52.23,24653,132032645.00,5.05,1.18,0.64,12.14
2016-05-27,54.44,54.70,56.45,54.10,36003,200072227.00,4.28,-0.27,-0.15,17.74
2016-05-30,53.41,54.30,55.99,53.00,23217,126787981.00,5.47,-0.73,-0.40,11.44
2016-05-31,54.30,57.08,57.88,54.02,34724,195989287.00,7.11,5.12,2.78,17.11
2016-06-01,56.93,57.08,58.50,56.73,33443,192491367.00,3.10,0.00,0.00,16.47
2016-06-02,57.13,60.71,61.77,57.13,48878,289652752.00,8.13,6.36,3.63,24.08
2016-06-03,60.05,63.00,66.55,59.08,61005,381278848.00,12.30,3.77,2.29,30.05
2016-06-06,63.59,65.20,65.99,62.20,52710,336256032.00,6.02,3.49,2.20,25.97
2016-06-07,65.00,66.75,67.20,64.02,58084,381116720.00,4.88,2.38,1.55,28.61
2016-06-08,65.33,63.07,65.90,62.44,45394,290387312.00,5.18,-5.51,-3.68,22.36
2016-06-13,61.00,62.02,65.50,60.31,54658,344875072.00,8.23,-1.66,-1.05,26.93
2016-06-14,62.20,68.11,68.11,60.60,105018,701330880.00,12.11,9.82,6.09,51.73
2016-06-15,66.48,70.79,73.86,66.10,97181,679542816.00,11.39,3.93,2.68,47.87
2016-06-16,69.50,70.29,74.57,68.80,80146,571065472.00,8.15,-0.71,-0.50,39.48
2016-06-17,70.28,73.33,73.67,70.20,62623,449881584.00,4.94,4.32,3.04,30.85
2016-06-20,72.88,73.74,77.50,72.22,66341,497402032.00,7.20,0.56,0.41,32.68
2016-06-21,73.31,70.19,74.70,69.36,63794,460580032.00,7.24,-4.81,-3.55,31.43
2016-06-22,69.71,72.11,73.35,69.56,44583,319486928.00,5.40,2.74,1.92,21.96
2016-06-23,71.52,71.02,73.00,70.31,33367,238648899.00,3.73,-1.51,-1.09,16.44
2016-06-24,71.97,72.39,73.63,66.85,51203,367521616.00,9.55,1.93,1.37,25.22
2016-06-27,72.08,75.89,77.50,71.05,53938,405561648.00,8.91,4.83,3.50,26.57
2016-06-28,75.02,75.81,77.80,73.50,50294,379640064.00,5.67,-0.11,-0.08,24.78
2016-06-29,75.81,78.12,78.30,73.85,56869,434358816.00,5.87,3.05,2.31,28.01
2016-06-30,75.00,71.68,77.14,70.89,51976,384040656.00,8.00,-8.24,-6.44,25.60
2016-07-01,72.00,75.28,75.91,72.00,44685,333093248.00,5.45,5.02,3.60,22.01
2016-07-04,74.80,82.81,82.81,74.53,68349,548313888.00,11.00,10.00,7.53,33.67
2016-07-05,82.81,83.35,84.88,81.00,62060,515107440.00,4.69,0.65,0.54,30.57
2016-07-06,83.00,85.65,90.00,82.10,67132,575294480.00,9.48,2.76,2.30,33.07
2016-07-07,85.58,84.75,85.58,82.07,42897,360271632.00,4.10,-1.05,-0.90,21.13
2016-07-08,84.75,82.88,86.28,82.88,37079,314205360.00,4.01,-2.21,-1.87,18.27
2016-07-11,82.50,78.08,83.70,77.01,40823,323317328.00,8.07,-5.79,-4.80,20.11
2016-07-12,79.06,80.68,80.72,74.08,43798,340986816.00,8.50,3.33,2.60,21.58
2016-07-13,79.50,81.95,84.65,78.51,44063,361175088.00,7.61,1.57,1.27,21.71
2016-07-14,81.15,83.53,84.28,81.11,28712,237541341.00,3.87,1.93,1.58,14.14
2016-07-15,83.00,83.35,86.60,82.90,36936,313149888.00,4.43,-0.22,-0.18,18.20
2016-07-18,82.00,79.15,82.00,78.70,36413,292926128.00,3.96,-5.04,-4.20,17.94
2016-07-19,79.62,79.80,80.59,78.00,24388,193609403.00,3.27,0.82,0.65,12.01
2016-07-20,80.00,81.25,81.50,79.00,24025,192903565.00,3.13,1.82,1.45,11.84
2016-07-21,82.00,79.80,84.58,79.50,47190,390258240.00,6.25,-1.78,-1.45,23.25
2016-07-22,78.70,75.00,78.70,74.75,40879,311740336.00,4.95,-6.02,-4.80,20.14
2016-07-25,74.02,77.88,78.20,73.02,39177,298801232.00,6.91,3.84,2.88,19.30
2016-07-26,77.12,82.16,82.88,77.10,55712,452514128.00,7.42,5.50,4.28,27.44
2016-07-27,82.46,78.50,83.29,75.00,52514,423367856.00,10.09,-4.45,-3.66,25.87
2016-07-28,76.51,82.15,82.15,75.50,53842,421219120.00,8.47,4.65,3.65,26.52
2016-07-29,81.11,82.40,85.45,80.80,62484,519516960.00,5.66,0.30,0.25,30.78
2016-08-01,79.99,74.16,79.99,74.16,57447,437774688.00,7.08,-10.00,-8.24,28.30
2016-08-02,72.86,73.13,74.68,70.45,45159,326082736.00,5.70,-1.39,-1.03,22.25
2016-08-03,72.40,74.60,75.70,72.01,37075,274214048.00,5.05,2.01,1.47,18.26
2016-08-04,74.51,72.98,74.74,72.80,25526,187340847.00,2.60,-2.17,-1.62,12.57
2016-08-05,73.00,72.90,74.27,72.51,17798,130607730.00,2.41,-0.11,-0.08,8.77
2016-08-08,72.00,74.25,74.25,70.30,25480,184732423.00,5.42,1.85,1.35,12.55
2016-08-09,74.42,74.70,75.23,73.70,24690,183847296.00,2.06,0.61,0.45,12.16
2016-08-10,74.64,74.71,75.80,73.90,25965,194624353.00,2.54,0.01,0.01,12.79
2016-08-11,74.00,71.40,74.64,71.40,24201,176602770.00,4.34,-4.43,-3.31,11.92
2016-08-12,71.12,72.15,72.49,70.91,14910,107050714.00,2.21,1.05,0.75,7.34
2016-08-15,72.13,74.21,74.80,71.01,25277,185751251.00,5.25,2.86,2.06,12.45
2016-08-16,74.25,75.83,76.95,74.01,30568,231613439.00,3.96,2.18,1.62,15.06
2016-08-17,75.00,76.62,77.70,74.52,28442,217519329.00,4.19,1.04,0.79,14.01
2016-08-18,76.55,76.60,78.42,75.81,28396,218904994.00,3.41,-0.03,-0.02,13.99
2016-08-19,77.00,80.99,83.99,76.49,47046,379296592.00,9.79,5.73,4.39,23.18
2016-08-22,80.99,78.75,84.60,78.51,49634,407431632.00,7.52,-2.77,-2.24,24.45
2016-08-23,77.00,80.60,81.50,76.50,33253,263963773.00,6.35,2.35,1.85,16.38
2016-08-24,80.99,80.00,83.37,79.08,30797,249859125.00,5.32,-0.74,-0.60,15.17
2016-08-25,78.70,78.48,79.40,75.50,30271,233687031.00,4.88,-1.90,-1.52,14.91
2016-08-26,77.70,76.27,78.68,76.24,20122,155500166.00,3.11,-2.82,-2.21,9.91
2016-08-29,73.16,72.36,74.16,72.20,28477,207164245.00,2.57,-5.13,-3.91,14.03
2016-08-30,72.60,72.13,73.37,71.93,14011,101481882.00,1.99,-0.32,-0.23,6.90
2016-08-31,72.20,72.56,72.85,71.19,14666,105751908.00,2.30,0.60,0.43,7.22
2016-09-01,72.60,72.23,73.33,72.08,11912,86634444.00,1.72,-0.45,-0.33,5.87
2016-09-02,72.00,70.60,72.19,69.00,14960,106309993.00,4.42,-2.26,-1.63,7.37
2016-09-05,70.60,70.88,72.19,70.59,9482,67741589.00,2.27,0.40,0.28,4.67
2016-09-06,70.57,72.90,72.90,70.13,16127,115921816.00,3.91,2.85,2.02,7.94
2016-09-07,72.75,72.18,74.00,72.00,15364,112452168.00,2.74,-0.99,-0.72,7.57
2016-09-08,71.90,72.47,72.52,71.90,9237,66764367.00,0.86,0.40,0.29,4.55
2016-09-09,72.47,70.97,72.49,70.89,10248,73240514.00,2.21,-2.07,-1.50,5.05
2016-09-12,68.99,67.90,69.43,67.90,12656,86777343.00,2.16,-4.33,-3.07,6.23
2016-09-13,68.77,67.97,68.96,67.12,9213,62572757.00,2.71,0.10,0.07,4.54
2016-09-14,67.35,67.81,68.36,67.27,5283,35851959.00,1.60,-0.24,-0.16,2.60
2016-09-19,67.81,69.50,70.09,67.81,11424,79064224.00,3.36,2.49,1.69,5.63
2016-09-20,69.70,69.37,70.00,69.15,8899,61941140.00,1.22,-0.19,-0.13,4.38
2016-09-21,69.01,70.50,71.75,69.01,15601,110319752.00,3.95,1.63,1.13,7.69
2016-09-22,70.98,71.06,71.85,70.63,11824,84173762.00,1.73,0.79,0.56,5.82
2016-09-23,71.45,72.90,74.89,71.45,22488,164903200.00,4.84,2.59,1.84,11.08
2016-09-26,72.40,72.06,73.88,71.52,17359,125690361.00,3.24,-1.15,-0.84,8.55
2016-09-27,71.99,73.19,73.55,70.01,17537,125527563.00,4.91,1.57,1.13,8.64
2016-09-28,73.00,73.19,73.98,72.60,14216,104162081.00,1.89,0.00,0.00,7.00
2016-09-29,73.37,71.88,73.37,69.00,13554,97800569.00,5.97,-1.79,-1.31,6.68
2016-09-30,71.77,72.75,73.20,71.08,9673,70202611.00,2.95,1.21,0.87,4.77
2016-10-10,73.90,76.99,78.00,73.70,27401,207707066.00,5.91,5.83,4.24,13.50
2016-10-11,76.10,76.69,78.53,76.00,22850,176955200.00,3.29,-0.39,-0.30,11.26
2016-10-12,76.00,80.00,80.00,76.00,36151,284587344.00,5.22,4.32,3.31,17.81
2016-10-13,79.50,80.93,81.50,79.15,25525,204626588.00,2.94,1.16,0.93,12.57
2016-10-14,80.49,81.21,82.50,80.08,24999,203635839.00,2.99,0.35,0.28,12.31
2016-10-17,80.79,79.10,81.80,79.08,23735,190185397.00,3.35,-2.60,-2.11,11.69
2016-10-18,79.10,80.47,80.80,79.10,15868,126771782.00,2.15,1.73,1.37,7.82
2016-10-19,80.48,79.84,81.30,79.71,14811,118955039.00,1.98,-0.78,-0.63,7.30
2016-10-20,79.40,78.74,79.80,77.90,19358,152553986.00,2.38,-1.38,-1.10,9.54
2016-10-21,78.69,81.46,82.00,78.50,31156,251499426.00,4.45,3.45,2.72,15.35
2016-10-24,81.95,81.70,82.50,80.40,16792,136581612.00,2.58,0.29,0.24,8.27
2016-10-25,81.49,80.07,83.18,79.50,27065,219861070.00,4.50,-2.00,-1.63,13.33
2016-10-26,80.00,81.85,82.49,78.53,25800,207611166.00,4.95,2.22,1.78,12.71
2016-10-27,81.38,80.70,81.99,80.07,14246,115477545.00,2.35,-1.41,-1.15,7.02
2016-10-28,80.70,79.09,81.30,78.91,18022,143991064.00,2.96,-2.00,-1.61,8.88
2016-10-31,78.00,81.39,81.60,77.45,20650,164481784.00,5.25,2.91,2.30,10.17
2016-11-01,81.58,86.83,89.00,81.58,46251,397099808.00,9.12,6.68,5.44,22.78
2016-11-02,85.89,86.02,88.49,85.60,34469,300101264.00,3.33,-0.93,-0.81,16.98
2016-11-03,85.61,89.30,94.62,85.61,47416,432000768.00,10.47,3.81,3.28,23.36
2016-11-04,88.50,93.16,95.00,88.26,48892,449580272.00,7.55,4.32,3.86,24.08
2016-11-07,92.10,89.65,92.90,89.10,27375,248814437.00,4.08,-3.77,-3.51,13.49
2016-11-08,90.00,90.20,90.30,87.32,24621,219565702.00,3.32,0.61,0.55,12.13
2016-11-09,89.40,89.70,94.35,88.01,32913,299127872.00,7.03,-0.55,-0.50,16.21
2016-11-10,91.10,90.65,91.80,88.00,33058,297972832.00,4.24,1.06,0.95,16.28
2016-11-11,90.00,89.26,91.00,89.00,20876,187653180.00,2.21,-1.53,-1.39,10.28
2016-11-14,89.31,90.66,92.28,89.10,24793,224965105.00,3.56,1.57,1.40,12.21
2016-11-15,90.46,88.78,90.89,87.51,21479,190350107.00,3.73,-2.07,-1.88,10.58
2016-11-16,88.78,86.50,89.50,86.04,16528,144526774.00,3.90,-2.57,-2.28,8.14
2016-11-17,86.23,83.60,87.40,81.01,20481,172885039.00,7.39,-3.35,-2.90,10.09
2016-11-18,86.94,91.96,91.96,86.11,63993,583995712.00,7.00,10.00,8.36,31.52
2016-11-21,93.01,94.25,97.10,90.83,75624,708910144.00,6.82,2.49,2.29,37.25
2016-11-22,93.24,93.88,96.18,92.32,50242,473248096.00,4.10,-0.39,-0.37,24.75
2016-11-23,92.56,99.18,99.47,92.00,58736,562444592.00,7.96,5.65,5.30,28.93
2016-11-24,96.37,95.11,97.68,94.03,39270,377288400.00,3.68,-4.10,-4.07,19.34
2016-11-25,93.00,93.88,94.96,87.20,30193,278242928.00,8.16,-1.29,-1.23,14.87
2016-11-28,92.95,89.10,93.50,88.80,22180,201620824.00,5.01,-5.09,-4.78,10.93
2016-11-29,89.59,89.14,91.56,89.01,16622,150107003.00,2.86,0.04,0.04,8.19
2016-11-30,88.00,90.41,90.98,87.90,16251,145406595.00,3.46,1.42,1.27,8.01
2016-12-01,89.50,90.02,92.68,89.10,21674,197479034.00,3.96,-0.43,-0.39,10.68
2016-12-02,89.66,85.33,90.88,85.00,26134,227396579.00,6.53,-5.21,-4.69,12.87
2016-12-05,83.03,85.50,86.54,82.50,11832,100822589.00,4.73,0.20,0.17,5.83
2016-12-06,86.30,84.39,86.60,84.15,9835,83684069.00,2.87,-1.30,-1.11,4.84
2016-12-07,84.39,85.80,85.80,83.65,11344,96404958.00,2.55,1.67,1.41,5.59
2016-12-08,85.70,82.95,85.98,82.68,13822,116076433.00,3.85,-3.32,-2.85,6.81
2016-12-09,82.50,81.82,83.49,81.15,12059,99106011.00,2.82,-1.36,-1.13,5.94
2016-12-12,81.13,73.64,81.83,73.64,23139,177596165.00,10.01,-10.00,-8.18,11.40
2016-12-13,73.00,74.11,74.96,72.00,13584,100313907.00,4.02,0.64,0.47,6.69
2016-12-14,73.99,71.70,74.44,71.18,13253,96366923.00,4.40,-3.25,-2.41,6.53
2016-12-15,71.70,73.53,75.23,71.63,15381,113600734.00,5.02,2.55,1.83,7.58
2016-12-16,73.67,73.90,74.28,73.00,9854,72524451.00,1.74,0.50,0.37,4.85
2016-12-19,73.86,71.93,73.86,71.75,11625,84292080.00,2.86,-2.67,-1.97,5.73
2016-12-20,71.62,72.99,72.99,71.62,8650,62791214.00,1.90,1.47,1.06,4.26
2016-12-21,73.40,74.06,75.00,73.40,15555,115361707.00,2.19,1.47,1.07,7.66
2016-12-22,74.00,74.95,75.10,73.50,11181,83247180.00,2.16,1.20,0.89,5.51
2016-12-23,75.05,73.49,75.24,72.13,12254,89799055.00,4.15,-1.95,-1.46,6.04
2016-12-26,72.40,75.00,75.45,71.51,12273,90656522.00,5.36,2.05,1.51,6.05
2016-12-27,74.85,77.61,78.78,74.30,24211,187572280.00,5.97,3.48,2.61,11.93
2016-12-28,77.01,77.92,79.10,77.01,17080,134023560.00,2.69,0.40,0.31,8.41
2016-12-29,77.80,77.50,78.17,76.70,9898,76613449.00,1.89,-0.54,-0.42,4.88
2016-12-30,77.99,78.81,79.98,77.30,14542,114936146.00,3.46,1.69,1.31,7.16
2017-01-03,78.50,79.28,79.79,78.18,8786,69268054.00,2.04,0.60,0.47,4.33
2017-01-04,79.28,78.60,79.39,78.05,7612,59720011.00,1.69,-0.86,-0.68,3.75
2017-01-05,76.50,77.58,78.71,76.50,7867,61045894.00,2.81,-1.30,-1.02,3.88
2017-01-06,76.75,79.49,80.08,76.75,16802,132826396.00,4.29,2.46,1.91,8.28
2017-01-09,79.40,78.70,79.98,78.40,8131,64293351.00,1.99,-0.99,-0.79,4.01
2017-01-10,78.10,78.59,79.22,78.02,4536,35671712.00,1.52,-0.14,-0.11,2.23
2017-01-11,78.15,77.00,79.00,76.80,7553,58525516.00,2.80,-2.02,-1.59,3.72
2017-01-12,77.20,80.28,80.50,77.20,13734,108571176.00,4.29,4.26,3.28,6.77
2017-01-13,80.00,79.99,82.83,79.26,22515,183032681.00,4.45,-0.36,-0.29,11.09
2017-01-16,80.00,78.98,81.50,71.99,27033,202644598.00,11.89,-1.26,-1.01,13.32
2017-01-17,75.79,77.05,78.00,73.10,11184,84741751.00,6.20,-2.44,-1.93,5.51
2017-01-18,76.10,76.88,76.98,72.70,7962,59195710.00,5.55,-0.22,-0.17,3.92
2017-01-19,74.10,74.72,75.47,73.60,5501,41025451.00,2.43,-2.81,-2.16,2.71
2017-01-20,74.40,74.73,75.65,73.00,5913,44326063.00,3.55,0.01,0.01,2.91
2017-01-23,74.75,73.60,75.80,67.26,8245,60685922.00,11.43,-1.51,-1.13,4.06
2017-01-24,72.96,74.40,74.50,70.00,14486,104510493.00,6.11,1.09,0.80,7.14
2017-01-25,73.78,74.94,76.00,73.02,9181,68676126.00,4.01,0.73,0.54,4.52
2017-01-26,75.52,75.50,75.52,74.25,3373,25258993.00,1.69,0.75,0.56,1.66
2017-02-03,74.88,74.30,75.45,73.75,2363,17599888.00,2.25,-1.59,-1.20,1.16
2017-02-06,74.20,74.42,74.88,73.61,3431,25493872.00,1.71,0.16,0.12,1.69
2017-02-07,74.32,73.34,74.52,72.00,5000,36737748.00,3.39,-1.45,-1.08,2.46
2017-02-08,73.18,74.30,74.30,72.20,5514,40254743.00,2.86,1.31,0.96,2.72
2017-02-09,73.98,74.18,74.72,73.51,5050,37416806.00,1.63,-0.16,-0.12,2.49
2017-02-10,74.18,73.70,75.99,73.21,6129,45492481.00,3.75,-0.65,-0.48,3.02
2017-02-13,73.00,73.89,74.23,72.00,5919,43581234.00,3.03,0.26,0.19,2.92
2017-02-14,74.01,73.70,74.20,73.46,3992,29442271.00,1.00,-0.26,-0.19,1.97
2017-02-15,73.70,73.12,74.20,72.76,4382,32164093.00,1.95,-0.79,-0.58,2.16
2017-02-16,72.30,72.29,73.11,72.15,4447,32212298.00,1.31,-1.14,-0.83,2.19
2017-02-17,72.29,72.27,72.53,69.81,9410,66725837.00,3.76,-0.03,-0.02,4.64
2017-02-20,71.01,71.80,71.80,70.00,6187,43688890.00,2.49,-0.65,-0.47,3.05
2017-02-21,71.00,71.90,72.00,70.64,4990,35615078.00,1.89,0.14,0.10,2.46
2017-02-22,71.87,71.28,71.87,70.71,4151,29534364.00,1.61,-0.86,-0.62,2.04
2017-02-23,71.30,71.72,72.08,70.33,7367,52531946.00,2.46,0.62,0.44,3.63
2017-02-24,71.66,72.54,72.95,71.50,6457,46792832.00,2.02,1.14,0.82,3.18
2017-02-27,72.45,72.80,73.50,72.09,6148,44899853.00,1.94,0.36,0.26,3.03
2017-02-28,72.78,72.82,73.26,71.10,7103,51137961.00,2.97,0.03,0.02,3.50
2017-03-01,72.50,71.88,73.00,71.81,5852,42207549.00,1.63,-1.29,-0.94,2.88
2017-03-02,71.88,71.05,71.95,70.50,6230,44190617.00,2.02,-1.15,-0.83,3.07
2017-03-03,70.01,70.00,71.14,69.56,7995,56033084.00,2.22,-1.48,-1.05,3.94
2017-03-06,69.61,68.80,69.97,66.81,30477,207614224.00,4.51,-1.71,-1.20,15.01
2017-03-07,68.04,67.32,68.50,66.80,25471,171669940.00,2.47,-2.15,-1.48,12.55
2017-03-08,67.33,67.60,67.67,67.26,12583,84927329.00,0.61,0.42,0.28,6.20
2017-03-09,67.70,67.11,67.70,66.80,9336,62683614.00,1.33,-0.72,-0.49,4.60
2017-03-10,66.83,67.27,67.48,66.13,12918,86209059.00,2.01,0.24,0.16,6.36
2017-03-13,66.52,68.51,68.73,66.26,18774,127311410.00,3.67,1.84,1.24,5.06
2017-03-14,68.40,68.28,68.76,67.88,12977,88582697.00,1.28,-0.34,-0.23,3.50
2017-03-15,68.01,67.28,68.01,66.83,9420,63357679.00,1.73,-1.46,-1.00,2.54
2017-03-16,67.30,68.86,69.48,67.20,19464,133632422.00,3.39,2.35,1.58,5.25
2017-03-17,68.81,69.65,71.59,68.81,25385,178760555.00,4.04,1.15,0.79,6.84
2017-03-20,69.99,70.55,71.44,69.70,15983,112731967.00,2.50,1.29,0.90,4.31
2017-03-21,71.70,73.82,77.60,71.69,32183,239240548.00,8.38,4.64,3.27,8.67
2017-03-22,73.94,74.68,75.20,72.50,22584,166967000.00,3.66,1.16,0.86,6.09
2017-03-23,74.70,75.84,76.87,73.01,29420,220958941.00,5.17,1.55,1.16,7.93
2017-03-24,75.97,79.30,79.38,74.85,30754,234758831.00,5.97,4.56,3.46,8.29
2017-03-27,77.50,73.29,77.96,73.00,36873,278397456.00,6.25,-7.58,-6.01,9.94
2017-03-28,67.90,66.07,68.90,66.00,51813,347422944.00,3.96,-9.85,-7.22,13.96
2017-03-29,65.21,63.90,65.79,63.50,27198,174973079.00,3.47,-3.28,-2.17,7.33
2017-03-30,63.88,60.66,63.88,60.22,24142,148498081.00,5.73,-5.07,-3.24,6.51
2017-03-31,60.66,61.00,61.70,60.45,12274,75006257.00,2.06,0.56,0.34,3.31
2017-04-05,61.00,61.84,62.25,60.71,11044,67914976.00,2.52,1.38,0.84,2.98
2017-04-06,62.00,61.42,62.00,60.89,10118,62112849.00,1.79,-0.68,-0.42,2.73
2017-04-07,61.32,60.49,61.43,60.38,10335,62804227.00,1.71,-1.51,-0.93,2.79
2017-04-10,60.45,55.99,60.45,55.81,18942,108659277.00,7.67,-7.44,-4.50,5.11
2017-04-11,56.08,57.02,57.41,55.79,10568,59912171.00,2.89,1.84,1.03,2.85
2017-04-12,56.92,56.15,56.92,55.89,9340,52482426.00,1.81,-1.53,-0.87,2.52
2017-04-13,56.20,56.17,56.96,56.02,5891,33309481.00,1.67,0.04,0.02,1.59
2017-04-14,56.15,54.84,56.16,54.62,9904,54617418.00,2.74,-2.37,-1.33,2.67
2017-04-17,54.47,52.62,54.47,52.30,9161,48472094.00,3.96,-4.05,-2.22,2.47
2017-04-18,52.67,51.80,53.38,51.75,6673,35088036.00,3.10,-1.56,-0.82,1.80
2017-04-19,52.90,52.50,52.90,51.85,7945,41600235.00,2.03,1.35,0.70,2.14
2017-04-20,52.50,51.32,52.55,50.50,9274,47780999.00,3.90,-2.25,-1.18,2.50
2017-04-21,51.33,50.86,51.80,50.80,4895,25060544.00,1.95,-0.90,-0.46,1.32
2017-04-24,50.80,49.00,51.22,49.00,7669,38059062.00,4.36,-3.66,-1.86,2.07
2017-04-25,49.30,49.22,50.35,49.03,5561,27593718.00,2.69,0.45,0.22,1.50
2017-04-26,49.19,49.95,50.30,49.15,6870,34270260.00,2.34,1.48,0.73,1.85
2017-04-27,49.82,50.80,50.80,48.00,10572,52641837.00,5.61,1.70,0.85,2.85
2017-04-28,50.87,51.50,51.80,50.38,9077,46730790.00,2.80,1.38,0.70,2.45
2017-05-02,51.88,51.71,51.95,51.09,5706,29491672.00,1.67,0.41,0.21,1.54
2017-05-03,51.87,51.38,52.00,51.00,5969,30664004.00,1.93,-0.64,-0.33,1.61
2017-05-04,51.40,50.68,51.44,50.34,6339,32244559.00,2.14,-1.36,-0.70,1.71
2017-05-05,50.60,50.71,51.48,50.28,6887,35123886.00,2.37,0.06,0.03,1.86
2017-05-08,50.00,49.50,50.80,49.20,5066,25369057.00,3.16,-2.39,-1.21,1.37
2017-05-09,49.45,49.60,49.76,48.20,6287,30792979.00,3.15,0.20,0.10,1.69
2017-05-10,49.65,49.70,50.80,49.46,8263,41477980.00,2.70,0.20,0.10,2.23
2017-05-11,49.24,49.65,49.75,48.09,7553,36900952.00,3.34,-0.10,-0.05,2.04
2017-05-12,49.40,49.37,50.25,49.08,5717,28290229.00,2.36,-0.56,-0.28,1.54
2017-05-15,49.20,49.39,49.56,48.41,4433,21784745.00,2.33,0.04,0.02,1.19
2017-05-16,49.54,51.12,51.32,49.03,8754,43928557.00,4.64,3.50,1.73,2.36
2017-05-17,51.29,51.54,52.10,51.08,9454,48662975.00,2.00,0.82,0.42,2.55
2017-05-18,51.15,51.13,51.96,50.95,6775,34839291.00,1.96,-0.80,-0.41,1.83
2017-05-19,51.10,50.50,51.48,50.18,6399,32412285.00,2.54,-1.23,-0.63,1.72
2017-05-22,50.49,47.69,50.74,47.51,8427,41357427.00,6.40,-5.56,-2.81,2.27
2017-05-23,47.69,44.00,47.97,43.97,10335,47096696.00,8.39,-7.74,-3.69,2.79
2017-05-24,43.98,44.18,44.50,42.51,7139,31173866.00,4.52,0.41,0.18,1.92
2017-05-25,44.36,44.17,44.36,42.65,7655,33463707.00,3.87,-0.02,-0.01,2.06
2017-05-26,44.20,45.08,46.48,44.20,6531,29398311.00,5.16,2.06,0.91,1.76
2017-05-31,46.88,45.40,46.88,44.80,7852,35963937.00,4.61,0.71,0.32,2.12
2017-06-01,45.40,42.81,45.44,42.81,7603,33738917.00,5.79,-5.70,-2.59,2.05
2017-06-02,42.32,43.91,45.00,42.32,6731,29364998.00,6.26,2.57,1.10,1.81
2017-06-05,43.90,44.45,44.90,43.90,5265,23401388.00,2.28,1.23,0.54,1.42
2017-06-06,44.38,44.80,44.85,43.71,4893,21794074.00,2.56,0.79,0.35,1.32
2017-06-07,45.10,46.18,46.31,45.01,9018,41374869.00,2.90,3.08,1.38,2.43
2017-06-08,46.20,50.80,50.80,46.20,13124,64650343.00,9.96,10.00,4.62,3.54
2017-06-09,52.05,53.00,55.88,51.71,43179,230337216.00,8.21,4.33,2.20,11.64
2017-06-12,52.97,50.40,52.97,50.10,23098,118971913.00,5.42,-4.91,-2.60,6.23
2017-06-13,50.57,51.10,51.66,49.97,17533,89371171.00,3.35,1.39,0.70,4.73
2017-06-14,50.05,50.07,50.97,49.90,13387,67450270.00,2.09,-2.02,-1.03,3.61
2017-06-15,50.00,50.70,52.28,50.00,14445,74029241.00,4.55,1.26,0.63,3.89
2017-06-16,50.70,50.91,51.68,50.55,10984,56141821.00,2.23,0.41,0.21,2.96
2017-06-19,51.03,51.72,52.00,51.03,11202,57746209.00,1.91,1.59,0.81,3.02
2017-06-20,51.60,51.08,52.13,51.00,11537,59311179.00,2.18,-1.24,-0.64,3.11
2017-06-21,51.11,50.27,51.46,48.95,13042,65307022.00,4.91,-1.59,-0.81,3.51
2017-06-22,50.00,49.10,50.39,49.00,8270,41121174.00,2.77,-2.33,-1.17,2.23
2017-06-23,49.25,49.68,49.74,48.55,9811,48211557.00,2.42,1.18,0.58,2.64
2017-06-26,49.80,49.96,50.29,49.04,7899,39249480.00,2.52,0.56,0.28,2.13
2017-06-27,49.84,50.79,51.02,49.70,11119,56166586.00,2.64,1.66,0.83,3.00
2017-06-28,50.53,52.11,52.79,50.51,21128,109761275.00,4.49,2.60,1.32,5.69
2017-06-29,52.38,51.69,54.88,51.38,20864,110430047.00,6.72,-0.81,-0.42,5.62
2017-06-30,51.01,51.30,52.02,50.68,11636,59672609.00,2.59,-0.75,-0.39,3.14
2017-07-03,51.02,51.65,51.74,50.88,8702,44631259.00,1.68,0.68,0.35,2.35
2017-07-04,52.02,52.25,52.93,51.60,13270,69267262.00,2.58,1.16,0.60,3.58
2017-07-05,52.23,51.92,52.23,51.29,10294,53173497.00,1.80,-0.63,-0.33,2.77
2017-07-06,51.85,51.32,51.88,51.10,9514,48965193.00,1.50,-1.16,-0.60,2.56
2017-07-07,51.55,52.87,53.48,51.55,18269,96314301.00,3.76,3.02,1.55,4.92
2017-07-10,52.33,51.32,52.67,51.27,11663,60557411.00,2.65,-2.93,-1.55,3.14
2017-07-11,51.34,49.50,51.57,49.50,10599,53376270.00,4.03,-3.55,-1.82,2.86
2017-07-12,49.53,50.08,50.19,47.70,11212,54683832.00,5.03,1.17,0.58,3.02
2017-07-13,49.70,49.11,49.89,48.85,7377,36256962.00,2.08,-1.94,-0.97,1.99
2017-07-14,48.51,47.91,48.98,47.80,7366,35548624.00,2.40,-2.44,-1.20,1.99
2017-07-17,45.91,43.12,46.99,43.12,13132,58145156.00,8.08,-10.00,-4.79,3.54
2017-07-18,42.99,43.75,43.98,42.60,6480,28143163.00,3.20,1.46,0.63,1.75
2017-07-19,43.83,43.95,44.12,43.23,6056,26477632.00,2.03,0.46,0.20,1.63
2017-07-20,44.10,45.07,46.28,44.08,10609,48245054.00,5.01,2.55,1.12,2.86
2017-07-21,45.11,44.38,45.11,43.70,5226,23193244.00,3.13,-1.53,-0.69,1.41
2017-07-24,44.14,44.72,44.95,43.81,4880,21680316.00,2.57,0.77,0.34,1.32
2017-07-25,44.74,44.39,44.93,44.05,4164,18512155.00,1.97,-0.74,-0.33,1.12
2017-07-26,44.39,44.26,44.85,44.01,3670,16269871.00,1.89,-0.29,-0.13,0.99
2017-07-27,44.50,45.64,45.75,44.09,8755,39498542.00,3.75,3.12,1.38,2.36
2017-07-28,45.71,44.98,45.71,44.73,5714,25789366.00,2.15,-1.45,-0.66,1.54
2017-07-31,45.20,44.82,45.20,44.65,3795,17033373.00,1.22,-0.36,-0.16,1.02
2017-08-01,44.80,44.40,45.04,44.00,4454,19823347.00,2.32,-0.94,-0.42,1.20
2017-08-02,44.40,43.79,44.70,43.79,4769,21074772.00,2.05,-1.37,-0.61,1.29
2017-08-03,43.71,44.22,44.66,43.52,4839,21421035.00,2.60,0.98,0.43,1.30
2017-08-04,44.22,44.00,44.70,43.94,4830,21351255.00,1.72,-0.50,-0.22,1.30
2017-08-07,44.20,44.54,44.93,44.00,5291,23599532.00,2.11,1.23,0.54,1.43
2017-08-08,44.68,44.72,44.86,44.18,5138,22869627.00,1.53,0.40,0.18,1.38
2017-08-09,44.54,44.53,44.98,44.24,4465,19955538.00,1.65,-0.42,-0.19,1.20
2017-08-10,44.54,43.84,44.73,43.51,5512,24286658.00,2.74,-1.55,-0.69,1.49
2017-08-11,43.70,43.83,44.13,43.01,4149,18114997.00,2.55,-0.02,-0.01,1.12
2017-08-14,43.82,44.91,44.91,43.52,5175,23031063.00,3.17,2.46,1.08,1.39
2017-08-15,44.91,44.82,45.06,44.44,5027,22475729.00,1.38,-0.20,-0.09,1.35
2017-08-16,44.96,45.28,45.57,44.75,7391,33461231.00,1.83,1.03,0.46,1.99
2017-08-17,45.40,45.28,45.40,45.06,4362,19731090.00,0.75,0.00,0.00,1.18
2017-08-18,45.06,45.51,45.64,44.88,5093,23103994.00,1.68,0.51,0.23,1.37
2017-08-21,45.10,45.81,45.95,45.10,5299,24216444.00,1.87,0.66,0.30,1.43
2017-08-22,45.96,46.97,47.81,45.53,13480,63315183.00,4.98,2.53,1.16,3.63
2017-08-23,46.91,46.05,46.99,45.92,6953,32169193.00,2.28,-1.96,-0.92,1.87
2017-08-24,46.35,45.44,46.35,45.34,4424,20192384.00,2.19,-1.32,-0.61,1.19
2017-08-25,45.50,46.12,46.42,45.25,6577,30138903.00,2.57,1.50,0.68,1.77
2017-08-28,46.38,47.73,48.48,46.13,16859,80182192.00,5.10,3.49,1.61,4.54
2017-08-29,47.00,46.60,47.00,46.06,15429,71794300.00,1.97,-2.37,-1.13,4.16
2017-08-30,46.31,46.33,46.78,46.10,7666,35484711.00,1.46,-0.58,-0.27,2.07
2017-08-31,46.00,46.58,46.58,46.00,7005,32512612.00,1.25,0.54,0.25,1.89
2017-09-01,46.61,46.20,46.79,46.03,7863,36381931.00,1.63,-0.82,-0.38,2.12
2017-09-04,46.19,46.06,46.19,45.80,6708,30833633.00,0.84,-0.30,-0.14,1.81
2017-09-05,45.96,46.21,46.40,45.85,5841,26911362.00,1.19,0.33,0.15,1.57
2017-09-06,46.20,45.87,46.20,45.58,6055,27706456.00,1.34,-0.74,-0.34,1.63
2017-09-07,45.97,46.65,47.20,45.92,14760,68755601.00,2.79,1.70,0.78,3.98
2017-09-08,46.60,46.89,46.98,46.19,9448,44013746.00,1.69,0.51,0.24,2.55
2017-09-11,47.09,48.53,50.50,47.00,26311,129025446.00,7.46,3.50,1.64,7.09
2017-09-12,48.02,48.08,49.54,48.02,16114,78356725.00,3.13,-0.93,-0.45,4.34
2017-09-13,48.03,47.61,48.09,47.24,8915,42422030.00,1.77,-0.98,-0.47,2.40
2017-09-14,47.62,47.16,47.67,47.05,6567,31045588.00,1.30,-0.95,-0.45,1.77
2017-09-15,47.16,47.38,47.88,47.06,5841,27755487.00,1.74,0.47,0.22,1.57
2017-09-18,47.66,48.14,48.18,47.11,7564,36069054.00,2.26,1.60,0.76,2.04
2017-09-19,48.26,48.16,48.99,47.68,10652,51472538.00,2.72,0.04,0.02,2.87
2017-09-20,48.13,48.44,48.60,48.02,5908,28552838.00,1.20,0.58,0.28,1.59
2017-09-21,48.59,47.92,48.59,47.70,7663,36894957.00,1.84,-1.07,-0.52,2.07
2017-09-22,47.77,48.15,48.19,47.35,5558,26583548.00,1.75,0.48,0.23,1.50
2017-09-25,47.88,46.30,48.13,46.23,6859,32460025.00,3.95,-3.84,-1.85,1.85
2017-09-26,46.41,44.91,46.60,44.51,10310,46709958.00,4.51,-3.00,-1.39,2.78
2017-09-27,44.95,45.28,45.50,44.52,5886,26583344.00,2.18,0.82,0.37,1.59
2017-09-28,45.40,45.19,45.58,45.07,5482,24853924.00,1.13,-0.20,-0.09,1.48
2017-09-29,45.31,45.46,45.53,44.89,5954,26999639.00,1.42,0.60,0.27,1.60
2017-10-09,46.05,47.40,48.50,46.05,18061,85715668.00,5.39,4.27,1.94,4.87
2017-10-10,47.05,48.15,48.50,46.73,15789,75791705.00,3.73,1.58,0.75,4.26
2017-10-11,47.88,48.34,48.87,47.88,12541,60766381.00,2.06,0.39,0.19,3.38
2017-10-12,48.20,49.46,50.00,47.56,20284,99516441.00,5.05,2.32,1.12,5.47
2017-10-13,49.00,49.99,50.18,48.84,19867,98516604.00,2.71,1.07,0.53,5.35
2017-10-16,49.51,48.30,49.70,47.55,16517,79965844.00,4.30,-3.38,-1.69,4.45
2017-10-17,48.39,50.36,53.00,48.15,32886,166740659.00,10.04,4.27,2.06,8.86
2017-10-18,50.30,49.38,51.48,49.33,20997,105380706.00,4.27,-1.95,-0.98,5.66
2017-10-19,49.30,50.18,50.50,48.53,19478,96975376.00,3.99,1.62,0.80,5.25
2017-10-20,49.80,52.39,52.80,49.58,36156,186142473.00,6.42,4.40,2.21,9.74
2017-10-23,52.01,52.54,52.98,51.63,23986,125483160.00,2.58,0.29,0.15,6.46
2017-10-24,52.54,51.10,52.54,49.58,23355,119139736.00,5.63,-2.74,-1.44,6.29
2017-10-25,50.89,52.40,52.88,50.89,22872,119060716.00,3.89,2.54,1.30,6.16
2017-10-26,52.68,52.62,52.80,51.50,19228,100026086.00,2.48,0.42,0.22,5.18
2017-10-27,52.21,51.39,52.61,50.95,20151,103931895.00,3.15,-2.34,-1.23,5.43
2017-10-30,50.60,49.03,51.29,48.50,16280,80986813.00,5.43,-4.59,-2.36,4.39
2017-10-31,48.71,49.60,50.01,48.71,11170,55378606.00,2.65,1.16,0.57,3.01
2017-11-01,49.65,49.80,50.44,49.39,13912,69676845.00,2.12,0.40,0.20,3.75
2017-11-02,49.50,48.78,49.80,48.78,11792,57951354.00,2.05,-2.05,-1.02,3.18
2017-11-03,48.77,49.07,50.10,48.77,13365,66029463.00,2.73,0.59,0.29,3.60
2017-11-06,48.95,49.26,49.47,48.55,13600,66639391.00,1.87,0.39,0.19,3.67
2017-11-07,49.40,49.32,49.49,48.52,12567,61599824.00,1.97,0.12,0.06,3.39
2017-11-08,49.16,50.40,50.68,48.83,22160,110791514.00,3.75,2.19,1.08,5.97
2017-11-09,50.01,51.10,51.15,49.90,15990,80866949.00,2.48,1.39,0.70,4.31
2017-11-10,50.74,50.83,51.70,50.74,17563,89911455.00,1.88,-0.53,-0.27,4.73
2017-11-13,50.90,51.30,51.30,50.42,18802,95706758.00,1.73,0.92,0.47,5.07
2017-11-14,51.30,49.56,51.30,49.50,16207,81712465.00,3.51,-3.39,-1.74,4.37
2017-11-15,49.40,47.61,49.40,47.28,18919,91625369.00,4.28,-3.93,-1.95,5.10
2017-11-16,47.59,46.95,48.18,46.81,12667,60079740.00,2.88,-1.39,-0.66,3.41
2017-11-17,46.87,43.85,47.13,43.00,17533,79321761.00,8.80,-6.60,-3.10,4.73
2017-11-20,43.91,45.00,45.00,43.74,10702,47677744.00,2.87,2.62,1.15,2.88
2017-11-21,45.33,47.79,49.00,45.33,26368,125413368.00,8.16,6.20,2.79,7.11
2017-11-22,47.79,47.97,48.00,46.72,13339,63184737.00,2.68,0.38,0.18,3.59
2017-11-23,47.66,46.48,48.45,46.48,12984,61613442.00,4.11,-3.11,-1.49,3.50
2017-11-24,46.02,46.33,46.94,46.02,7868,36582544.00,1.98,-0.32,-0.15,2.12
2017-11-27,46.30,44.38,46.30,44.08,8853,39797378.00,4.79,-4.21,-1.95,2.39
2017-11-28,44.30,45.18,45.30,44.30,7045,31647477.00,2.25,1.80,0.80,1.90
2017-11-29,45.13,45.00,45.18,44.06,7103,31720042.00,2.48,-0.40,-0.18,1.91
2017-11-30,45.14,45.52,46.18,44.82,8314,37854855.00,3.02,1.16,0.52,2.24
2017-12-01,45.30,46.23,46.23,45.18,7442,34022775.00,2.31,1.56,0.71,2.01
2017-12-04,45.78,43.19,45.78,42.50,17288,75818570.00,7.09,-6.58,-3.04,4.66
2017-12-05,42.88,41.33,43.14,39.00,10053,42296755.00,9.59,-4.31,-1.86,2.71
2017-12-06,41.29,42.22,42.22,40.88,5699,23738918.00,3.24,2.15,0.89,1.54
2017-12-07,42.09,42.27,42.94,42.01,3809,16155979.00,2.20,0.12,0.05,1.03
2017-12-08,42.40,42.80,43.08,42.02,4396,18782680.00,2.51,1.25,0.53,1.18
2017-12-11,42.90,42.88,43.01,42.54,4311,18429062.00,1.10,0.19,0.08,1.16
2017-12-12,42.94,43.88,45.00,42.10,13358,58621634.00,6.76,2.33,1.00,3.60
2017-12-13,43.17,43.53,43.87,43.02,7408,32201210.00,1.94,-0.80,-0.35,2.00
2017-12-14,43.00,42.30,43.13,41.83,9087,38349316.00,2.99,-2.83,-1.23,2.45
2017-12-15,42.23,41.85,42.24,41.70,4357,18268956.00,1.28,-1.06,-0.45,1.17
2017-12-18,41.85,41.61,42.25,41.52,4348,18162463.00,1.74,-0.57,-0.24,1.17
2017-12-19,41.50,41.76,41.99,41.43,4164,17358263.00,1.35,0.36,0.15,1.12
2017-12-20,41.77,40.00,41.80,39.95,8108,32891700.00,4.43,-4.21,-1.76,2.19
2017-12-21,39.80,39.95,40.37,39.48,5238,20954984.00,2.23,-0.13,-0.05,1.41
2017-12-22,39.90,39.69,40.17,39.65,4156,16579959.00,1.30,-0.65,-0.26,1.12
2017-12-25,39.69,39.21,39.91,39.00,3598,14143069.00,2.29,-1.21,-0.48,0.97
2017-12-26,39.15,40.00,40.49,39.15,5591,22278446.00,3.42,2.01,0.79,1.51
2017-12-27,39.83,39.67,40.18,39.52,5421,21592298.00,1.65,-0.83,-0.33,1.46
2017-12-28,39.65,39.76,40.35,39.51,5566,22221362.00,2.12,0.23,0.09,1.50
2017-12-29,39.49,40.19,40.19,39.48,4713,18800262.00,1.79,1.08,0.43,1.27
2018-01-02,39.98,40.28,40.40,39.81,5726,23008631.00,1.47,0.22,0.09,1.55
2018-01-03,40.15,40.50,40.99,40.15,5937,24062668.00,2.09,0.55,0.22,1.60
2018-01-04,40.55,40.74,40.82,40.35,5526,22441063.00,1.16,0.59,0.24,1.49
2018-01-05,40.59,40.98,40.99,40.57,5945,24240098.00,1.03,0.59,0.24,1.60
2018-01-08,40.96,40.54,41.07,40.40,4992,20274108.00,1.63,-1.07,-0.44,1.35
2018-01-09,40.66,40.36,40.84,40.05,6096,24608623.00,1.95,-0.44,-0.18,1.65
2018-01-10,40.40,39.80,40.40,39.10,7739,30816707.00,3.22,-1.39,-0.56,2.09
2018-01-11,39.76,40.10,40.30,39.37,3800,15177994.00,2.34,0.75,0.30,1.03
2018-01-12,40.25,40.31,40.59,40.10,7603,30648515.00,1.22,0.52,0.21,2.05
2018-01-15,40.02,38.67,40.21,38.41,8386,32846659.00,4.47,-4.07,-1.64,2.26
2018-01-16,38.43,39.61,39.96,38.43,7658,30105661.00,3.96,2.43,0.94,2.07
2018-01-17,39.40,40.82,41.98,39.10,13775,56073141.00,7.27,3.05,1.21,3.72
2018-01-18,40.71,42.10,42.30,40.11,24609,102192029.00,5.37,3.14,1.28,6.64
2018-01-19,41.78,41.80,42.85,41.31,18704,78551125.00,3.66,-0.71,-0.30,5.05
2018-01-22,41.41,41.46,42.01,41.05,8945,37075365.00,2.30,-0.81,-0.34,2.41
2018-01-23,41.43,40.96,41.87,40.81,9464,39078313.00,2.56,-1.21,-0.50,2.56
2018-01-24,41.04,41.29,41.44,40.80,7847,32296451.00,1.56,0.81,0.33,2.12
2018-01-25,41.02,39.50,41.02,39.45,20260,80767895.00,3.80,-4.34,-1.79,5.47
2018-01-26,39.45,39.19,39.77,39.11,6599,26001738.00,1.67,-0.78,-0.31,1.78
2018-01-29,39.05,38.90,39.38,38.60,5886,22903602.00,1.99,-0.74,-0.29,1.59
2018-01-30,38.89,38.98,39.07,38.72,3717,14460475.00,0.90,0.21,0.08,1.00
2018-01-31,38.98,37.33,39.00,37.08,11406,43238936.00,4.93,-4.23,-1.65,3.08
2018-02-01,37.35,35.57,37.60,35.40,8630,31284236.00,5.89,-4.71,-1.76,2.33
2018-02-02,35.51,34.68,35.51,34.10,6716,23398763.00,3.96,-2.50,-0.89,1.81
2018-02-05,33.90,34.05,34.33,33.71,4896,16650015.00,1.79,-1.82,-0.63,1.32
2018-02-06,33.97,33.00,34.56,32.62,7378,24803609.00,5.70,-3.08,-1.05,1.99
2018-02-07,33.55,33.33,33.78,32.10,6009,20014327.00,5.09,1.00,0.33,1.62
2018-02-08,33.38,33.69,33.89,33.00,4322,14541461.00,2.67,1.08,0.36,1.17
2018-02-09,32.99,33.04,33.45,32.55,6030,19886314.00,2.67,-1.93,-0.65,1.63
2018-02-12,33.11,33.83,33.90,33.11,4677,15746526.00,2.39,2.39,0.79,1.26
2018-02-13,37.21,37.21,37.21,36.34,14628,54393184.00,2.57,9.99,3.38,3.95
2018-02-14,36.00,35.80,36.50,35.22,14416,51614058.00,3.44,-3.79,-1.41,3.89
2018-02-22,35.89,35.86,36.18,35.27,9258,33046793.00,2.54,0.17,0.06,2.50
2018-02-23,35.55,35.48,35.88,35.32,6240,22178135.00,1.56,-1.06,-0.38,1.68
2018-02-26,35.64,36.73,36.80,35.55,12537,45393232.00,3.52,3.52,1.25,3.38
2018-02-27,36.71,36.25,36.99,36.20,9565,35068446.00,2.15,-1.31,-0.48,2.58
2018-02-28,35.65,35.39,35.88,34.88,10373,36624473.00,2.76,-2.37,-0.86,2.80
2018-03-01,35.10,36.20,36.20,35.10,9081,32480823.00,3.11,2.29,0.81,2.45
2018-03-02,35.81,36.15,36.55,35.64,6190,22283508.00,2.51,-0.14,-0.05,1.67
2018-03-05,35.88,37.25,39.77,35.70,14131,52705065.00,11.26,3.04,1.10,3.81
2018-03-06,37.08,37.00,37.49,36.88,8128,30122216.00,1.64,-0.67,-0.25,2.19
2018-03-07,37.00,37.60,37.98,36.73,14247,53567083.00,3.38,1.62,0.60,3.85
2018-03-08,37.55,37.60,37.78,37.31,10666,40070430.00,1.25,0.00,0.00,2.88
2018-03-09,37.85,38.02,38.20,37.50,11415,43223042.00,1.86,1.12,0.42,3.08
2018-03-12,38.20,38.04,38.50,37.82,11065,42084820.00,1.79,0.05,0.02,2.99
2018-03-13,37.85,37.44,38.29,37.44,11144,42116357.00,2.23,-1.58,-0.60,3.01
2018-03-14,37.06,36.88,37.40,36.82,6737,24999650.00,1.55,-1.50,-0.56,1.82
2018-03-15,36.89,35.55,36.96,34.90,9792,35099857.00,5.59,-3.61,-1.33,2.64
2018-03-16,35.35,35.50,35.80,35.35,5092,18126768.00,1.27,-0.14,-0.05,1.37
2018-03-19,35.78,35.91,36.17,35.36,5540,19916652.00,2.28,1.15,0.41,1.50
2018-03-20,35.77,36.05,36.15,35.44,3987,14303733.00,1.98,0.39,0.14,1.08
2018-03-21,36.28,36.24,36.50,35.70,7034,25489112.00,2.22,0.53,0.19,1.90
2018-03-22,35.80,36.98,37.45,35.36,14964,54870945.00,5.77,2.04,0.74,4.04
2018-03-23,36.02,34.42,36.98,34.01,9801,34884008.00,8.03,-6.92,-2.56,2.65
2018-03-26,33.98,34.59,34.85,33.30,6044,20565435.00,4.50,0.49,0.17,1.63
2018-03-27,34.88,35.98,36.96,34.88,7698,27527569.00,6.01,4.02,1.39,2.03
2018-03-28,35.74,35.96,36.18,35.25,7284,26161922.00,2.58,-0.06,-0.02,1.92
2018-03-29,35.76,36.18,36.60,35.76,5787,20905673.00,2.34,0.61,0.22,1.53
2018-03-30,36.42,37.00,37.50,36.42,10875,40187229.00,2.99,2.27,0.82,2.87
2018-04-02,37.28,37.46,38.00,36.73,10055,37494784.00,3.43,1.24,0.46,2.65
2018-04-03,36.65,37.90,38.15,36.55,11489,43047098.00,4.27,1.17,0.44,3.03
2018-04-04,37.95,37.25,37.96,37.25,8843,33241144.00,1.87,-1.72,-0.65,2.33
2018-04-09,37.03,36.89,37.10,36.45,6954,25616664.00,1.74,-0.97,-0.36,1.84
2018-04-10,37.19,36.70,37.45,35.00,7622,27999384.00,6.64,-0.52,-0.19,2.01
2018-04-11,36.85,37.91,37.98,36.42,14494,54358430.00,4.25,3.30,1.21,3.83
2018-04-12,37.76,37.98,38.99,37.70,17347,66448396.00,3.40,0.18,0.07,4.58
2018-04-13,37.83,38.69,39.20,37.83,18126,70098676.00,3.61,1.87,0.71,4.79
2018-04-16,38.47,38.31,38.70,38.00,9084,34824214.00,1.81,-0.98,-0.38,2.40
2018-04-17,38.40,37.10,38.90,36.83,11052,41670796.00,5.40,-3.16,-1.21,2.92
2018-04-18,37.42,36.40,37.50,35.07,12798,46085615.00,6.55,-1.89,-0.70,3.38
2018-04-19,36.40,36.01,36.68,35.75,9308,33639571.00,2.55,-1.07,-0.39,2.46
2018-04-20,36.01,34.40,36.01,34.40,7814,27508635.00,4.47,-4.47,-1.61,2.06
2018-04-23,34.74,34.70,34.99,34.20,4964,17159820.00,2.30,0.87,0.30,1.31
2018-04-24,34.95,35.91,36.00,34.73,6349,22562964.00,3.66,3.49,1.21,1.68
2018-04-25,35.66,36.90,37.45,35.66,11334,41519544.00,4.98,2.76,0.99,2.99
2018-04-26,36.90,35.71,36.92,35.68,5652,20400996.00,3.36,-3.22,-1.19,1.49
2018-04-27,35.77,36.18,36.55,35.55,4509,16242003.00,2.80,1.32,0.47,1.19
2018-05-02,36.18,35.75,36.45,35.00,4055,14548186.00,4.01,-1.19,-0.43,1.07
2018-05-03,35.52,36.00,36.05,34.68,4927,17413920.00,3.83,0.70,0.25,1.30
2018-05-04,35.90,36.90,37.32,35.70,10510,38680782.00,4.50,2.50,0.90,2.77
2018-05-07,36.90,37.41,37.45,36.70,10918,40621367.00,2.03,1.38,0.51,2.88
2018-05-08,37.27,37.37,37.69,37.01,8078,30128889.00,1.82,-0.11,-0.04,2.13
2018-05-09,37.38,38.00,38.20,37.15,13580,51350401.00,2.81,1.69,0.63,3.59
2018-05-10,38.28,38.90,38.95,37.66,19632,75212343.00,3.39,2.37,0.90,5.18
2018-05-11,38.99,38.44,39.00,37.88,19306,74353554.00,2.88,-1.18,-0.46,5.10
2018-05-14,36.50,36.00,37.04,35.79,18289,66640264.00,3.25,-6.35,-2.44,4.83
2018-05-15,36.10,36.43,36.56,35.87,7331,26534168.00,1.92,1.19,0.43,1.94
2018-05-16,36.43,36.10,36.66,36.06,5095,18491765.00,1.65,-0.91,-0.33,1.35
2018-05-17,36.00,36.29,36.76,36.00,6453,23468193.00,2.11,0.53,0.19,1.70
2018-05-18,36.28,36.30,36.49,35.96,5912,21427758.00,1.46,0.03,0.01,1.56
2018-05-21,36.49,37.41,38.26,36.42,14002,52218638.00,5.07,3.06,1.11,3.70
2018-05-22,37.41,37.65,37.77,37.09,11356,42518475.00,1.82,0.64,0.24,3.00
2018-05-23,37.59,37.37,37.76,37.31,7436,27915096.00,1.20,-0.74,-0.28,1.96
2018-05-24,37.25,38.39,38.40,37.11,15427,58695741.00,3.45,2.73,1.02,4.07
2018-05-25,38.38,39.17,39.47,37.82,24571,95508907.00,4.30,2.03,0.78,6.49
2018-05-28,39.04,37.81,39.15,37.81,11502,44227108.00,3.42,-3.47,-1.36,3.04
2018-05-29,37.91,38.35,39.48,37.70,18624,72232791.00,4.71,1.43,0.54,4.92
2018-05-30,37.40,36.16,37.74,36.00,12521,46293878.00,4.54,-5.71,-2.19,3.31
2018-05-31,36.50,38.64,39.06,36.20,16310,61555023.00,7.91,6.86,2.48,4.31
2018-06-01,38.31,39.30,39.31,38.00,23658,92066985.00,3.39,1.71,0.66,6.25
2018-06-04,39.49,39.61,39.80,38.61,18065,70920175.00,3.03,0.79,0.31,4.77
2018-06-05,39.34,40.46,41.48,38.86,34088,137706431.00,6.61,2.15,0.85,9.00
2018-06-06,40.00,40.55,40.79,39.67,23885,95764107.00,2.77,0.22,0.09,6.31
2018-06-07,40.40,39.25,40.55,39.24,18474,73389202.00,3.23,-3.21,-1.30,4.88
2018-06-08,39.39,39.00,39.39,38.39,11582,44838706.00,2.55,-0.64,-0.25,3.06
2018-06-11,38.84,39.39,39.99,38.45,14033,55324685.00,3.95,1.00,0.39,3.71
2018-06-12,39.40,40.85,41.00,39.22,24751,99850203.00,4.52,3.71,1.46,6.53
2018-06-13,40.53,40.50,41.25,39.81,21743,88108469.00,3.53,-0.86,-0.35,5.74
2018-06-14,39.93,40.58,40.67,39.20,15838,63332152.00,3.63,0.20,0.08,4.18
2018-06-15,40.30,38.77,40.85,38.60,16653,66000124.00,5.54,-4.46,-1.81,4.40
2018-06-19,37.50,34.89,38.12,34.89,18582,67118662.00,8.33,-10.01,-3.88,4.91
2018-06-20,34.69,35.08,35.88,34.00,10557,36982928.00,5.39,0.54,0.19,2.79
2018-06-21,34.98,32.63,35.49,32.56,15030,51022216.00,8.35,-6.98,-2.45,3.97
2018-06-22,32.00,33.00,33.30,31.50,10057,32957269.00,5.52,1.13,0.37,2.66
2018-06-25,33.70,33.14,33.77,33.00,6445,21458762.00,2.33,0.42,0.14,1.70
2018-06-26,33.00,33.63,34.14,32.10,7703,25906983.00,6.16,1.48,0.49,2.03
2018-06-27,33.62,33.68,34.36,33.41,6746,22828233.00,2.82,0.15,0.05,1.78
2018-06-28,33.50,33.80,34.39,33.26,6705,22836680.00,3.36,0.36,0.12,1.77
2018-06-29,34.18,34.70,34.90,33.81,8899,30690863.00,3.22,2.66,0.90,2.35
2018-07-02,35.06,33.60,35.06,33.20,7004,23864949.00,5.36,-3.17,-1.10,1.81
2018-07-03,33.60,34.15,34.35,33.00,8789,29684923.00,4.02,1.64,0.55,2.28
2018-07-04,33.80,32.61,34.00,32.50,7418,24559922.00,4.39,-4.51,-1.54,1.92
2018-07-05,32.61,31.70,33.06,31.50,6978,22633977.00,4.78,-2.79,-0.91,1.81
2018-07-06,31.71,32.28,32.77,30.85,7874,25270936.00,6.06,1.83,0.58,2.04
2018-07-09,32.48,33.25,33.25,32.10,6446,21232426.00,3.56,3.00,0.97,1.67
2018-07-10,33.25,33.62,33.85,33.13,8990,30135438.00,2.17,1.11,0.37,2.33
2018-07-11,33.40,33.20,33.40,32.01,9428,30809471.00,4.13,-1.25,-0.42,2.44
2018-07-12,32.81,34.03,34.07,32.80,11572,39079069.00,3.83,2.50,0.83,3.00
2018-07-13,34.15,34.13,34.49,33.82,9985,34083231.00,1.97,0.29,0.10,2.59
2018-07-16,34.30,33.68,34.30,33.50,6195,20933807.00,2.34,-1.32,-0.45,1.61
2018-07-17,33.54,34.30,34.30,33.33,5626,18926007.00,2.88,1.84,0.62,1.46
2018-07-18,33.97,33.80,34.17,33.72,5129,17385090.00,1.31,-1.46,-0.50,1.33
2018-07-19,33.80,33.46,33.88,33.03,4555,15292148.00,2.51,-1.01,-0.34,1.18
2018-07-20,33.26,34.01,34.11,33.21,6844,23084758.00,2.69,1.64,0.55,1.77
2018-07-23,33.80,33.91,33.97,33.44,5855,19738238.00,1.56,-0.29,-0.10,1.52
2018-07-24,33.80,34.93,35.48,33.78,14156,49272016.00,5.01,3.01,1.02,3.67
2018-07-25,34.95,36.12,36.17,34.70,16546,58816646.00,4.21,3.41,1.19,4.29
2018-07-26,35.90,35.11,35.90,35.00,10230,36168520.00,2.49,-2.80,-1.01,2.65
2018-07-27,35.20,35.08,35.45,34.89,5710,20050323.00,1.59,-0.09,-0.03,1.48
2018-07-30,35.00,34.60,35.19,34.16,5129,17805370.00,2.94,-1.37,-0.48,1.33
2018-07-31,34.50,34.50,34.69,34.12,5610,19296373.00,1.65,-0.29,-0.10,1.45
2018-08-01,34.63,34.15,34.87,34.15,5143,17751907.00,2.09,-1.01,-0.35,1.33
2018-08-02,34.14,32.98,34.14,31.74,10256,33319695.00,7.03,-3.43,-1.17,2.66
2018-08-03,32.53,32.05,32.97,32.05,3239,10533179.00,2.79,-2.82,-0.93,0.84
2018-08-06,32.02,31.57,32.13,31.25,4112,12992186.00,2.75,-1.50,-0.48,1.07
2018-08-07,31.64,32.65,32.65,31.45,5428,17482990.00,3.80,3.42,1.08,1.41
2018-08-08,32.47,31.74,32.68,31.72,4864,15645897.00,2.94,-2.79,-0.91,1.26
2018-08-09,31.75,32.85,32.96,31.65,5406,17640644.00,4.13,3.50,1.11,1.40
2018-08-10,32.79,34.04,34.14,32.75,9829,33051718.00,4.23,3.62,1.19,2.55
2018-08-13,33.58,34.95,35.00,33.39,11526,39701349.00,4.73,2.67,0.91,2.99
2018-08-14,34.70,34.85,35.00,34.40,7795,27071019.00,1.72,-0.29,-0.10,2.02
2018-08-15,34.99,35.00,35.85,34.81,17671,62468088.00,2.98,0.43,0.15,4.58
2018-08-16,34.00,33.33,34.58,32.90,20781,70395619.00,4.80,-4.77,-1.67,5.38
2018-08-17,33.73,34.33,36.18,33.73,21682,75366530.00,7.35,3.00,1.00,5.62
2018-08-20,34.45,35.14,35.39,34.12,17998,62648034.00,3.70,2.36,0.81,4.66
2018-08-21,34.54,34.80,34.99,34.23,14012,48613992.00,2.16,-0.97,-0.34,3.63
2018-08-22,34.89,33.10,34.99,32.91,16539,55542197.00,5.98,-4.89,-1.70,4.29
2018-08-23,34.78,34.38,34.78,33.22,19830,67411965.00,4.71,3.87,1.28,5.14
2018-08-24,19.68,19.52,22.00,18.80,36654,73203675.00,9.31,-43.22,-14.86,5.59
2018-08-27,19.80,20.00,20.50,19.07,35234,70527596.00,7.33,2.46,0.48,5.37
2018-08-28,19.74,19.59,20.00,18.91,39497,76384789.00,5.45,-2.05,-0.41,6.02
2018-08-29,19.40,18.89,19.45,18.85,20364,38729368.00,3.06,-3.57,-0.70,3.10
2018-08-30,18.80,17.47,18.80,17.00,36014,63554390.00,9.53,-7.52,-1.42,5.49
2018-08-31,17.28,16.61,17.28,16.50,22317,37417931.00,4.46,-4.92,-0.86,3.40
2018-09-03,16.57,16.42,16.57,16.00,14114,22913293.00,3.43,-1.14,-0.19,2.15
2018-09-04,16.53,16.69,16.98,16.50,15123,25309882.00,2.92,1.64,0.27,2.30
2018-09-05,16.51,16.16,16.58,16.13,11552,18949880.00,2.70,-3.18,-0.53,1.76
2018-09-06,16.11,15.94,16.40,15.76,12701,20403529.00,3.96,-1.36,-0.22,1.94
2018-09-07,15.89,15.83,16.16,15.60,10255,16340023.00,3.51,-0.69,-0.11,1.56
2018-09-10,15.94,15.22,15.94,15.19,11215,17277590.00,4.74,-3.85,-0.61,1.71
2018-09-11,15.24,15.19,15.34,15.08,10959,16634448.00,1.71,-0.20,-0.03,1.67
2018-09-12,15.19,15.25,15.32,15.10,7953,12092382.00,1.45,0.39,0.06,1.21
2018-09-13,15.39,15.30,15.43,15.12,9584,14621804.00,2.03,0.33,0.05,1.46
2018-09-14,15.30,15.09,15.35,14.95,10343,15616723.00,2.61,-1.37,-0.21,1.58
2018-09-17,15.10,14.65,15.10,14.56,9483,13964212.00,3.58,-2.92,-0.44,1.45
2018-09-18,14.60,14.96,14.96,14.40,15151,22463528.00,3.82,2.12,0.31,2.31
2018-09-19,14.84,15.10,15.25,14.80,12598,18911069.00,3.01,0.94,0.14,1.92
2018-09-20,15.12,15.18,15.21,14.75,14183,21284387.00,3.05,0.53,0.08,2.16
2018-09-21,15.23,15.22,15.33,15.00,11236,17036927.00,2.17,0.26,0.04,1.71
2018-09-25,15.20,15.10,15.20,14.92,8099,12202184.00,1.84,-0.79,-0.12,1.23
2018-09-26,15.15,15.04,15.18,15.01,8808,13290942.00,1.13,-0.40,-0.06,1.34
2018-09-27,15.03,15.20,15.22,14.70,14082,21092826.00,3.46,1.06,0.16,2.15
2018-09-28,15.26,16.05,16.18,15.04,25691,40207783.00,7.50,5.59,0.85,3.92
2018-10-08,16.00,15.96,16.04,15.60,15641,24712596.00,2.74,-0.56,-0.09,2.38
2018-10-09,16.15,16.55,16.59,15.90,24251,39724133.00,4.32,3.70,0.59,3.70
2018-10-10,16.85,16.53,16.85,16.34,12899,21296780.00,3.08,-0.12,-0.02,1.97
2018-10-11,16.00,16.19,16.26,15.60,22804,36378036.00,3.99,-2.06,-0.34,3.48
2018-10-12,16.29,16.47,16.53,15.63,15224,24645198.00,5.56,1.73,0.28,2.32
2018-10-15,16.43,16.48,16.68,16.05,11285,18540190.00,3.83,0.06,0.01,1.72
2018-10-16,16.44,16.19,16.60,15.81,12341,20011715.00,4.79,-1.76,-0.29,1.88
2018-10-17,16.39,16.40,16.41,15.70,11410,18349452.00,4.39,1.30,0.21,1.74
2018-10-18,16.03,15.76,16.25,15.72,5353,8568011.00,3.23,-3.90,-0.64,0.82
2018-10-19,15.80,16.04,16.07,15.42,7449,11807930.00,4.12,1.78,0.28,1.14
2018-10-22,16.22,16.55,16.79,16.02,22614,37237093.00,4.80,3.18,0.51,3.45
2018-10-23,16.40,16.11,16.46,15.89,14777,23828513.00,3.44,-2.66,-0.44,2.25
2018-10-24,16.14,15.92,16.14,15.40,12763,20162775.00,4.59,-1.18,-0.19,1.95
2018-10-25,15.75,15.86,15.94,15.21,11950,18740915.00,4.59,-0.38,-0.06,1.82
2018-10-26,15.99,15.93,16.07,15.70,8483,13495243.00,2.33,0.44,0.07,1.29
2018-10-29,16.00,15.43,16.00,15.35,4372,6826054.00,4.08,-3.14,-0.50,0.67
2018-10-30,15.51,15.57,15.84,15.29,8834,13757463.00,3.56,0.91,0.14,1.35
2018-10-31,15.69,16.00,16.49,15.60,13061,21044875.00,5.72,2.76,0.43,1.99
2018-11-01,15.99,16.30,17.00,15.80,13003,21320474.00,7.50,1.88,0.30,1.98
2018-11-02,16.33,16.41,16.64,16.21,18048,29496372.00,2.64,0.67,0.11,2.75
2018-11-05,16.41,16.33,16.64,16.13,11000,17986180.00,3.11,-0.49,-0.08,1.68
2018-11-06,16.33,16.16,16.39,15.89,9370,15065607.00,3.06,-1.04,-0.17,1.43
2018-11-07,16.22,16.24,16.38,16.13,7760,12608138.00,1.55,0.50,0.08,1.18
2018-11-08,16.45,16.33,16.78,16.27,14748,24276823.00,3.14,0.55,0.09,2.25
2018-11-09,16.30,16.17,16.33,16.04,5538,8962897.00,1.78,-0.98,-0.16,0.84
2018-11-12,16.28,16.50,16.57,16.04,9607,15740672.00,3.28,2.04,0.33,1.46
2018-11-13,16.38,16.78,16.90,16.30,16795,27994357.00,3.64,1.70,0.28,2.56
2018-11-14,16.74,16.58,16.80,16.48,11386,18938779.00,1.91,-1.19,-0.20,1.74
2018-11-15,16.46,16.89,16.91,16.41,15994,26806174.00,3.02,1.87,0.31,2.44
2018-11-16,16.89,16.89,17.18,16.88,17183,29220617.00,1.78,0.00,0.00,2.62
2018-11-19,16.93,17.09,17.13,16.61,13087,22135335.00,3.08,1.18,0.20,1.99
2018-11-20,17.06,16.53,17.06,16.45,10596,17749423.00,3.57,-3.28,-0.56,1.61
2018-11-21,16.33,16.58,16.58,16.00,8700,14244813.00,3.51,0.30,0.05,1.33
2018-11-22,16.62,16.93,16.99,16.55,13190,22161678.00,2.65,2.11,0.35,2.01
2018-11-23,16.79,16.05,16.95,16.02,13071,21531847.00,5.49,-5.20,-0.88,1.99
2018-11-26,16.00,16.15,16.41,16.00,6696,10858296.00,2.55,0.62,0.10,1.02
2018-11-27,16.21,16.12,16.35,15.96,7572,12216319.00,2.41,-0.19,-0.03,1.15
2018-11-28,16.27,16.55,16.58,15.92,11294,18435399.00,4.09,2.67,0.43,1.72
2018-11-29,16.93,17.10,18.21,16.76,34092,59035659.00,8.76,3.32,0.55,5.20
2018-11-30,17.10,17.71,17.97,16.88,38437,67215357.00,6.37,3.57,0.61,5.86
2018-12-03,17.80,17.92,18.20,17.40,46945,83780433.00,4.52,1.19,0.21,7.15
2018-12-04,17.69,17.80,17.92,17.48,27817,49178041.00,2.46,-0.67,-0.12,4.24
2018-12-05,17.51,17.78,18.05,17.35,27961,49824365.00,3.93,-0.11,-0.02,4.26
2018-12-06,17.68,17.53,17.98,17.33,16801,29681336.00,3.66,-1.41,-0.25,2.56
2018-12-07,17.84,18.37,18.37,17.55,37427,67574218.00,4.68,4.79,0.84,5.70
2018-12-10,18.34,17.62,18.34,17.58,25617,45858641.00,4.14,-4.08,-0.75,3.90
2018-12-11,17.51,18.11,18.29,17.25,39634,70743860.00,5.90,2.78,0.49,6.04
2018-12-12,18.12,18.75,18.97,17.96,67911,125473216.00,5.58,3.53,0.64,10.35
2018-12-13,18.53,18.95,19.35,18.25,61392,115738139.00,5.87,1.07,0.20,9.36
2018-12-14,18.28,17.47,18.30,17.42,47376,84887931.00,4.64,-7.81,-1.48,7.22
2018-12-17,17.39,17.53,17.72,17.11,19289,33659422.00,3.49,0.34,0.06,2.94
2018-12-18,17.29,16.84,17.51,16.75,21327,36443169.00,4.34,-3.94,-0.69,3.25
2018-12-19,16.63,16.68,17.06,16.58,14224,23800705.00,2.85,-0.95,-0.16,2.17
2018-12-20,16.70,16.74,16.85,16.59,11467,19162172.00,1.56,0.36,0.06,1.75
2018-12-21,16.70,16.34,16.73,16.09,14367,23586935.00,3.82,-2.39,-0.40,2.19
2018-12-24,16.32,16.37,16.45,16.21,8379,13696396.00,1.47,0.18,0.03,1.28
2018-12-25,16.03,16.25,16.36,15.70,14790,23724494.00,4.03,-0.73,-0.12,2.25
2018-12-26,16.27,16.55,16.65,16.18,10854,17788060.00,2.89,1.85,0.30,1.65
2018-12-27,16.67,16.26,16.77,16.25,9907,16316499.00,3.14,-1.75,-0.29,1.51
2018-12-28,16.25,16.31,16.48,16.11,6268,10206663.00,2.28,0.31,0.05,0.96
2019-01-02,16.19,15.77,16.32,15.77,9033,14394826.00,3.37,-3.31,-0.54,1.38
2019-01-03,15.71,15.78,16.13,15.51,10269,16183726.00,3.93,0.06,0.01,1.57
2019-01-04,15.60,15.99,15.99,15.33,12032,18983332.00,4.18,1.33,0.21,1.83
2019-01-07,16.09,16.13,16.27,15.85,14639,23520219.00,2.63,0.88,0.14,2.23
2019-01-08,16.20,15.98,16.20,15.96,11752,18859662.00,1.49,-0.93,-0.15,1.79
2019-01-09,16.01,16.04,16.24,15.94,11497,18509420.00,1.88,0.38,0.06,1.75
2019-01-10,16.10,16.30,16.38,15.76,21896,35138951.00,3.87,1.62,0.26,3.34
2019-01-11,16.33,16.60,16.85,16.33,23953,39736193.00,3.19,1.84,0.30,3.65
2019-01-14,16.28,16.12,16.28,16.02,17077,27550369.00,1.57,-2.89,-0.48,2.60
2019-01-15,15.98,16.18,16.22,15.98,11293,18201221.00,1.49,0.37,0.06,1.72
2019-01-16,16.19,16.04,16.25,15.92,12259,19695604.00,2.04,-0.87,-0.14,1.87
2019-01-17,16.04,15.80,16.05,15.80,9863,15686805.00,1.56,-1.50,-0.24,1.50
2019-01-18,15.80,16.03,16.17,15.65,14223,22678863.00,3.29,1.46,0.23,2.17
2019-01-21,16.01,16.11,16.24,15.95,8771,14121288.00,1.81,0.50,0.08,1.34
2019-01-22,16.18,15.96,16.18,15.95,6971,11187292.00,1.43,-0.93,-0.15,1.06
2019-01-23,15.97,16.07,16.15,15.95,6044,9695117.00,1.25,0.69,0.11,0.92
2019-01-24,16.10,16.30,16.30,16.01,10565,17122768.00,1.80,1.43,0.23,1.61
2019-01-25,16.40,16.35,16.44,16.15,10209,16637017.00,1.78,0.31,0.05,1.56
2019-01-28,16.15,16.11,16.34,16.08,7371,11953287.00,1.59,-1.47,-0.24,1.12
2019-01-29,16.05,15.81,16.10,15.30,9376,14785437.00,4.97,-1.86,-0.30,1.43
2019-01-30,15.75,15.75,15.90,15.60,3071,4842893.00,1.90,-0.38,-0.06,0.47
2019-01-31,15.75,15.40,15.87,14.18,13386,20507031.00,10.73,-2.22,-0.35,2.04
2019-02-01,15.46,15.64,15.95,13.87,10923,17067154.00,13.51,1.56,0.24,1.66
2019-02-11,15.67,16.18,16.18,15.67,7390,11803615.00,3.26,3.45,0.54,1.13
2019-02-12,16.21,16.37,16.44,16.01,9763,15867530.00,2.66,1.17,0.19,1.49
2019-02-13,16.39,16.67,16.67,16.16,13351,21994308.00,3.12,1.83,0.30,2.03
2019-02-14,16.44,16.48,16.61,16.35,12542,20646842.00,1.56,-1.14,-0.19,1.91
2019-02-15,16.47,16.21,16.55,16.20,11014,17986914.00,2.12,-1.64,-0.27,1.68
2019-02-18,16.35,16.63,16.70,16.33,14396,23839809.00,2.28,2.59,0.42,2.19
2019-02-19,16.88,16.33,16.95,16.33,15931,26551874.00,3.73,-1.80,-0.30,2.43
2019-02-20,16.22,17.96,17.96,16.22,77227,134920163.00,10.66,9.98,1.63,11.77
2019-02-21,17.61,17.45,17.88,17.30,59247,103808453.00,3.23,-2.84,-0.51,9.03
2019-02-22,17.29,17.95,18.24,17.23,46376,82944546.00,5.79,2.87,0.50,7.07
2019-02-25,17.98,18.68,18.85,17.98,49824,91911889.00,4.85,4.07,0.73,7.59
2019-02-26,19.06,18.38,19.35,18.09,52096,97146211.00,6.75,-1.61,-0.30,7.94
2019-02-27,18.20,18.73,18.80,18.12,30933,56989374.00,3.70,1.90,0.35,4.71
2019-02-28,18.80,18.37,18.86,18.34,20566,37992663.00,2.78,-1.92,-0.36,3.13
2019-03-01,18.53,18.18,18.53,17.98,20021,36319058.00,2.99,-1.03,-0.19,3.05
2019-03-04,18.18,18.13,18.58,18.02,29073,53129231.00,3.08,-0.28,-0.05,4.43
2019-03-05,18.13,18.28,18.32,18.06,19460,35398208.00,1.43,0.83,0.15,2.97
2019-03-06,18.29,19.01,19.25,18.14,47482,88487557.00,6.07,3.99,0.73,7.24
2019-03-07,18.88,19.35,19.90,18.29,51553,98044753.00,8.47,1.79,0.34,7.30
2019-03-08,18.95,17.99,19.16,17.90,35969,66940060.00,6.51,-7.03,-1.36,5.09
2019-03-11,18.06,18.68,18.69,18.06,23374,42989142.00,3.50,3.84,0.69,2.98
2019-03-12,18.72,18.64,19.15,18.23,48447,90979036.00,4.93,-0.21,-0.04,6.17
2019-03-13,18.77,18.41,18.85,18.28,35585,66302743.00,3.06,-1.23,-0.23,4.53
2019-03-14,19.70,18.60,19.70,18.42,55817,105507705.00,6.95,1.03,0.19,7.11
2019-03-15,18.34,18.90,18.90,18.24,39714,73685060.00,3.55,1.61,0.30,5.06
2019-03-18,18.86,19.15,19.30,18.59,43810,82916671.00,3.76,1.32,0.25,5.58
2019-03-19,19.15,18.87,19.28,18.77,31478,59565067.00,2.66,-1.46,-0.28,4.01
2019-03-20,18.92,18.76,19.29,18.53,34008,64294356.00,4.03,-0.58,-0.11,4.33
2019-03-21,19.42,19.18,20.18,19.16,66331,128999154.00,5.44,2.24,0.42,8.44
2019-03-22,18.95,19.64,19.81,18.66,53520,103097161.00,6.00,2.40,0.46,6.81
2019-03-25,19.30,19.24,19.75,19.12,38205,74132824.00,3.21,-2.04,-0.40,4.86
2019-03-26,19.30,18.67,19.43,18.53,29646,56212449.00,4.68,-2.96,-0.57,3.77
2019-03-27,18.20,17.49,18.40,17.24,44894,79381166.00,6.21,-6.32,-1.18,3.26
2019-03-28,17.35,17.30,17.63,17.19,18486,32176607.00,2.52,-1.09,-0.19,1.34
2019-03-29,17.27,17.65,17.70,17.00,27473,47737271.00,4.05,2.02,0.35,1.99
2019-04-01,17.71,18.00,18.13,17.71,25458,45713116.00,2.38,1.98,0.35,1.84
2019-04-02,18.20,18.70,18.88,18.02,40004,74031777.00,4.78,3.89,0.70,2.90
2019-04-03,18.61,19.05,19.46,18.37,47039,89120321.00,5.83,1.87,0.35,3.41
2019-04-04,19.03,18.69,19.29,18.65,38447,72517941.00,3.36,-1.89,-0.36,2.79
2019-04-08,18.78,18.94,19.02,18.60,37408,70329477.00,2.25,1.34,0.25,2.71
2019-04-09,18.90,18.65,18.90,18.38,25156,46773448.00,2.75,-1.53,-0.29,1.82
2019-04-10,18.50,18.43,18.66,18.20,19883,36637072.00,2.47,-1.18,-0.22,1.44
2019-04-11,18.42,18.52,18.97,18.05,28542,52665368.00,4.99,0.49,0.09,2.07
2019-04-12,18.28,19.08,19.28,18.13,48230,90635301.00,6.21,3.02,0.56,3.49
2019-04-15,18.75,18.65,19.00,18.64,40706,76636010.00,1.89,-2.25,-0.43,2.95
2019-04-16,18.40,18.68,18.78,18.20,21355,39422253.00,3.11,0.16,0.03,1.55
2019-04-17,18.52,18.87,19.08,18.52,27523,51849230.00,3.00,1.02,0.19,1.99
2019-04-18,18.89,19.19,19.24,18.62,31185,59028510.00,3.29,1.70,0.32,2.26
2019-04-19,19.11,19.11,19.29,18.87,28202,53879634.00,2.19,-0.42,-0.08,2.04
2019-04-22,19.27,18.59,19.30,18.52,22998,43377791.00,4.08,-2.72,-0.52,1.67
2019-04-23,18.71,18.81,18.97,18.43,20535,38450898.00,2.90,1.18,0.22,1.49
2019-04-24,18.81,19.57,19.57,18.72,46443,89454701.00,4.52,4.04,0.76,3.36
2019-04-25,19.19,18.13,19.44,18.10,45212,85504948.00,6.85,-7.36,-1.44,3.28
2019-04-26,18.15,18.14,18.50,17.80,18433,33497102.00,3.86,0.06,0.01,1.34
2019-04-29,18.21,17.29,18.47,17.21,22464,40017496.00,6.95,-4.69,-0.85,1.63
2019-04-30,17.15,17.48,17.70,17.12,13192,22991913.00,3.35,1.10,0.19,0.96
2019-05-06,17.00,16.04,17.00,15.84,22926,37849842.00,6.64,-8.24,-1.44,1.66
2019-05-07,16.25,16.43,16.56,16.21,9828,16090178.00,2.18,2.43,0.39,0.71
2019-05-08,16.18,16.35,16.57,15.52,8025,13042884.00,6.39,-0.49,-0.08,0.58
2019-05-09,16.35,16.34,16.54,16.10,6400,10488501.00,2.69,-0.06,-0.01,0.46
2019-05-10,16.54,16.75,16.79,16.02,11146,18472543.00,4.71,2.51,0.41,0.81
2019-05-13,16.64,17.14,17.47,16.50,14340,24408452.00,5.79,2.33,0.39,1.04
2019-05-14,16.45,16.58,17.10,16.45,12856,21499918.00,3.79,-3.27,-0.56,0.93
2019-05-15,16.66,16.70,16.81,16.55,11255,18786328.00,1.57,0.72,0.12,0.82
2019-05-16,16.68,16.50,16.68,16.40,12195,20168429.00,1.68,-1.20,-0.20,0.88
2019-05-17,16.35,15.90,16.63,15.81,11902,19238627.00,4.97,-3.64,-0.60,0.86
2019-05-20,16.04,15.88,16.20,15.63,8961,14207425.00,3.58,-0.13,-0.02,0.65
2019-05-21,15.88,16.19,16.23,15.83,7110,11414602.00,2.52,1.95,0.31,0.52
2019-05-22,16.18,16.04,16.26,15.87,7794,12523298.00,2.41,-0.93,-0.15,0.56
2019-05-23,16.11,15.86,16.11,15.70,15232,24286054.00,2.56,-1.12,-0.18,1.10
2019-05-24,15.93,16.16,16.26,15.70,8926,14279099.00,3.53,1.89,0.30,0.65
2019-05-27,16.16,16.46,16.49,16.00,8632,14076673.00,3.03,1.86,0.30,0.63
2019-05-28,16.50,16.35,16.66,16.23,9951,16380128.00,2.61,-0.67,-0.11,0.72
2019-05-29,16.35,17.43,17.90,16.01,35682,61363225.00,11.56,6.61,1.08,2.58
2019-05-30,17.50,17.68,17.76,17.22,24884,43727098.00,3.10,1.43,0.25,1.80
2019-05-31,17.86,18.60,18.99,17.86,40360,75169998.00,6.39,5.20,0.92,2.92
2019-06-03,18.85,18.25,18.85,17.74,18384,33844714.00,5.97,-1.88,-0.35,1.33
2019-06-04,18.25,18.25,18.77,18.08,13923,25611722.00,3.78,0.00,0.00,1.01
2019-06-05,18.60,18.52,18.79,18.30,13691,25377608.00,2.68,1.48,0.27,0.99
2019-06-06,18.69,18.33,18.70,17.95,16473,30205566.00,4.05,-1.03,-0.19,1.19
2019-06-10,18.19,18.32,18.55,18.08,14363,26337954.00,2.56,-0.05,-0.01,1.04
2019-06-11,18.41,18.80,18.80,18.23,23174,43022735.00,3.11,2.62,0.48,1.68
2019-06-12,18.79,18.86,19.06,18.40,30267,56921018.00,3.51,0.32,0.06,2.19
2019-06-13,18.86,18.24,18.88,18.12,24323,44609644.00,4.03,-3.29,-0.62,1.76
2019-06-14,18.33,17.90,18.45,17.80,12215,22216010.00,3.56,-1.86,-0.34,0.88
2019-06-17,17.88,18.28,18.33,17.88,9989,18209944.00,2.51,2.12,0.38,0.72
2019-06-18,18.54,18.19,18.54,18.16,6366,11647964.00,2.08,-0.49,-0.09,0.46
2019-06-19,18.36,18.17,18.60,18.11,7461,13631776.00,2.69,-0.11,-0.02,0.54
2019-06-20,18.03,17.81,18.20,17.68,14880,26601470.00,2.86,-1.98,-0.36,1.08
2019-06-21,18.10,17.99,18.26,17.82,12823,23109485.00,2.47,1.01,0.18,0.93
2019-06-24,18.09,17.74,18.09,17.66,9482,16851283.00,2.39,-1.39,-0.25,0.69
2019-06-25,17.78,18.08,18.08,17.50,12705,22594707.00,3.27,1.92,0.34,0.92
2019-06-26,18.08,17.88,18.08,17.83,8743,15689170.00,1.38,-1.11,-0.20,0.63
2019-06-27,18.09,17.94,18.09,17.83,7222,12959576.00,1.45,0.34,0.06,0.52
2019-06-28,18.02,17.81,18.02,17.73,5426,9683819.00,1.62,-0.72,-0.13,0.39
2019-07-01,18.00,18.13,18.22,17.99,10577,19121033.00,1.29,1.80,0.32,1.30
2019-07-02,18.13,17.93,18.13,17.89,6694,12023345.00,1.32,-1.10,-0.20,0.82
2019-07-03,18.05,17.73,18.05,17.73,5574,9910759.00,1.78,-1.12,-0.20,0.69
2019-07-04,17.86,18.32,18.65,17.74,23041,42310457.00,5.13,3.33,0.59,2.84
2019-07-05,18.25,18.42,18.65,18.12,19949,36764880.00,2.89,0.55,0.10,2.46
2019-07-08,18.22,17.66,18.40,17.63,13032,23398384.00,4.18,-4.13,-0.76,1.60
2019-07-09,17.82,17.76,17.90,17.62,5013,8897039.00,1.59,0.57,0.10,0.62
2019-07-10,17.80,17.15,17.80,17.06,9634,16705572.00,4.17,-3.43,-0.61,1.19
2019-07-11,17.15,16.98,17.43,16.84,6924,11820773.00,3.44,-0.99,-0.17,0.85
2019-07-12,17.11,17.24,17.27,16.74,5493,9433095.00,3.12,1.53,0.26,0.68
2019-07-15,17.24,17.15,17.31,16.97,5181,8882362.00,1.97,-0.52,-0.09,0.64
2019-07-16,17.15,17.22,17.40,17.13,4703,8107674.00,1.57,0.41,0.07,0.58
2019-07-17,17.28,17.40,17.62,17.01,5949,10262809.00,3.54,1.05,0.18,0.73
2019-07-18,17.40,16.82,17.40,16.80,8243,13970505.00,3.45,-3.33,-0.58,1.01
2019-07-19,16.80,16.80,17.08,16.75,3427,5793320.00,1.96,-0.12,-0.02,0.42
2019-07-22,16.93,16.30,16.93,16.30,5960,9824482.00,3.75,-2.98,-0.50,0.73
2019-07-23,16.66,16.36,16.66,16.25,3340,5478877.00,2.52,0.37,0.06,0.41
2019-07-24,16.36,16.49,16.79,16.36,5722,9468398.00,2.63,0.79,0.13,0.70
2019-07-25,16.60,16.60,16.65,16.45,3239,5372124.00,1.21,0.67,0.11,0.40
2019-07-26,16.65,16.76,16.84,16.30,4101,6841313.00,3.25,0.96,0.16,0.50
2019-07-29,17.05,17.08,17.30,16.70,8713,14913235.00,3.58,1.91,0.32,1.07
2019-07-30,17.10,17.05,17.34,17.00,7363,12675108.00,1.99,-0.18,-0.03,0.91
2019-07-31,17.05,16.90,17.20,16.90,4553,7726017.00,1.76,-0.88,-0.15,0.56
2019-08-01,16.90,16.92,17.05,16.75,2814,4760970.00,1.78,0.12,0.02,0.35
2019-08-02,16.81,16.64,16.81,16.35,5181,8606860.00,2.72,-1.65,-0.28,0.64
2019-08-05,16.61,16.77,16.95,16.50,6004,10044956.00,2.70,0.78,0.13,0.74
2019-08-06,16.51,17.15,18.45,16.36,16494,28084439.00,12.46,2.27,0.38,2.03
2019-08-07,17.33,16.61,17.37,16.60,9946,16781952.00,4.49,-3.15,-0.54,1.22
2019-08-08,16.61,16.54,16.79,16.45,4939,8208194.00,2.05,-0.42,-0.07,0.61
2019-08-09,16.69,16.55,16.69,16.41,2947,4871941.00,1.69,0.06,0.01,0.36
2019-08-12,16.60,16.59,16.60,16.48,2131,3529036.00,0.73,0.24,0.04,0.26
2019-08-13,16.74,16.57,16.74,16.51,3746,6229671.00,1.39,-0.12,-0.02,0.46
2019-08-14,16.70,16.79,16.84,16.62,4419,7407783.00,1.33,1.33,0.22,0.54
2019-08-15,16.50,16.70,16.72,16.36,3287,5452939.00,2.14,-0.54,-0.09,0.40
2019-08-16,16.84,16.55,16.84,16.55,4398,7318389.00,1.74,-0.90,-0.15,0.54
2019-08-19,16.88,17.12,17.25,16.85,9387,16018712.00,2.42,3.44,0.57,1.16
2019-08-20,17.20,17.33,17.66,16.96,13964,24136135.00,4.09,1.23,0.21,1.72
2019-08-21,17.16,17.30,17.70,17.16,9377,16329997.00,3.12,-0.17,-0.03,1.15
2019-08-22,17.30,17.45,17.48,17.05,9677,16697800.00,2.49,0.87,0.15,1.19
2019-08-23,17.73,17.60,18.50,17.58,20856,37295090.00,5.27,0.86,0.15,2.57
2019-08-26,17.09,17.00,17.21,16.88,10845,18467005.00,1.88,-3.41,-0.60,1.34
2019-08-27,17.08,17.09,17.22,16.94,6922,11833239.00,1.65,0.53,0.09,0.85
2019-08-28,17.15,17.28,17.50,17.03,8728,15069424.00,2.75,1.11,0.19,1.07
2019-08-29,17.20,17.04,17.20,17.03,7364,12594600.00,0.98,-1.39,-0.24,0.91
2019-08-30,17.20,16.79,17.20,16.70,8448,14274226.00,2.93,-1.47,-0.25,1.04
2019-09-02,16.79,17.07,17.08,16.79,7510,12730565.00,1.73,1.67,0.28,0.92
2019-09-03,17.11,17.22,17.58,17.11,14146,24552035.00,2.75,0.88,0.15,1.74
2019-09-04,17.22,17.23,17.27,17.05,8052,13798818.00,1.28,0.06,0.01,0.99
2019-09-05,17.49,17.21,17.49,17.18,11815,20449445.00,1.80,-0.12,-0.02,1.45
2019-09-06,17.27,17.18,17.30,17.07,9995,17163702.00,1.34,-0.17,-0.03,1.23
2019-09-09,17.29,17.35,17.37,17.17,11816,20382678.00,1.16,0.99,0.17,1.45
2019-09-10,17.37,17.85,17.97,17.23,25971,45893139.00,4.27,2.88,0.50,3.20
2019-09-11,17.72,17.45,17.79,17.43,16697,29366958.00,2.02,-2.24,-0.40,2.06
2019-09-12,17.48,17.45,17.59,17.20,10657,18525553.00,2.23,0.00,0.00,1.31
2019-09-16,17.47,17.49,17.56,17.25,12448,21711937.00,1.78,0.23,0.04,1.53
2019-09-17,17.40,17.10,17.42,17.06,13093,22490410.00,2.06,-2.23,-0.39,1.61
2019-09-18,17.10,17.13,17.33,17.10,6570,11296059.00,1.35,0.18,0.03,0.81
2019-09-19,17.24,17.33,17.43,17.10,8759,15131778.00,1.93,1.17,0.20,1.08
2019-09-20,17.38,17.36,17.53,17.30,14007,24455206.00,1.33,0.17,0.03,1.72
2019-09-23,17.33,17.16,17.33,17.05,7806,13370558.00,1.61,-1.15,-0.20,0.96
2019-09-24,17.20,16.94,17.23,16.94,10518,17971582.00,1.69,-1.28,-0.22,1.30
2019-09-25,16.80,16.55,16.97,16.55,11927,19871619.00,2.48,-2.30,-0.39,1.47
2019-09-26,16.54,16.35,16.66,16.24,7757,12695399.00,2.54,-1.21,-0.20,0.96
2019-09-27,16.36,16.40,16.50,16.30,3470,5699368.00,1.22,0.31,0.05,0.43
2019-09-30,16.40,16.62,16.78,16.40,4585,7605392.00,2.32,1.34,0.22,0.56
2019-10-08,16.40,16.61,16.75,16.18,6632,10931904.00,3.43,-0.06,-0.01,0.82
2019-10-09,16.55,16.68,16.75,16.42,4298,7148727.00,1.99,0.42,0.07,0.53
2019-10-10,16.76,16.78,16.79,16.63,4313,7219047.00,0.96,0.60,0.10,0.53
2019-10-11,16.72,16.81,16.94,16.66,7017,11797179.00,1.67,0.18,0.03,0.86
2019-10-14,16.98,17.15,17.15,16.75,11572,19693079.00,2.38,2.02,0.34,1.42
2019-10-15,17.18,17.51,17.53,16.48,17948,30997874.00,6.12,2.10,0.36,2.21
2019-10-16,17.30,17.29,17.51,17.14,12553,21720756.00,2.11,-1.26,-0.22,1.55
2019-10-17,17.27,17.01,17.30,16.99,7084,12114982.00,1.79,-1.62,-0.28,0.87
2019-10-18,17.13,17.00,17.20,16.97,6589,11245487.00,1.35,-0.06,-0.01,0.81
2019-10-21,17.09,16.94,17.09,16.72,5223,8816164.00,2.18,-0.35,-0.06,0.64
2019-10-22,17.05,17.24,17.28,16.94,7340,12584319.00,2.01,1.77,0.30,0.90
2019-10-23,17.24,16.91,17.37,16.86,6597,11289845.00,2.96,-1.91,-0.33,0.81
2019-10-24,16.97,16.70,16.97,16.58,5086,8512581.00,2.31,-1.24,-0.21,0.63
2019-10-25,16.88,16.63,16.96,16.50,7909,13147345.00,2.75,-0.42,-0.07,0.97
2019-10-28,16.62,16.64,16.84,16.52,10258,17131487.00,1.92,0.06,0.01,1.26
2019-10-29,16.64,16.67,16.75,16.58,6801,11332471.00,1.02,0.18,0.03,0.84
2019-10-30,16.62,16.36,16.68,16.30,8471,13884593.00,2.28,-1.86,-0.31,1.04
2019-10-31,16.36,16.33,16.47,16.17,6938,11295728.00,1.83,-0.18,-0.03,0.85
2019-11-01,16.19,16.39,16.40,16.09,8305,13508521.00,1.90,0.37,0.06,1.02
2019-11-04,16.39,16.38,16.57,16.30,6821,11211497.00,1.65,-0.06,-0.01,0.84
2019-11-05,16.29,16.27,16.45,16.20,5193,8453349.00,1.53,-0.67,-0.11,0.64
2019-11-06,16.35,16.40,16.42,16.23,4109,6725483.00,1.17,0.80,0.13,0.51
2019-11-07,16.29,16.10,16.39,16.00,7793,12609428.00,2.38,-1.83,-0.30,0.96
2019-11-08,16.01,16.06,16.18,16.01,6245,10048997.00,1.06,-0.25,-0.04,0.77
2019-11-11,15.90,16.17,16.17,15.82,8333,13341688.00,2.18,0.68,0.11,1.03
2019-11-12,16.10,16.28,16.35,16.08,4603,7471563.00,1.67,0.68,0.11,0.57
2019-11-13,16.35,16.38,16.39,16.20,4358,7101154.00,1.17,0.61,0.10,0.54
2019-11-14,16.36,16.32,16.36,16.21,2902,4728132.00,0.92,-0.37,-0.06,0.36
2019-11-15,16.30,16.28,16.30,15.88,3937,6376437.00,2.57,-0.25,-0.04,0.48
2019-11-18,16.23,16.16,16.30,16.11,6124,9926851.00,1.17,-0.74,-0.12,0.75
2019-11-19,16.16,16.29,16.29,16.11,3819,6191172.00,1.11,0.80,0.13,0.47
2019-11-20,16.38,16.37,16.39,16.15,6493,10614343.00,1.47,0.49,0.08,0.80
2019-11-21,16.34,16.51,16.53,16.33,8910,14670193.00,1.22,0.86,0.14,1.10
2019-11-22,16.69,16.57,16.80,16.49,7814,12953885.00,1.88,0.36,0.06,0.96
2019-11-25,16.62,16.68,16.71,16.41,7898,13118915.00,1.81,0.66,0.11,0.97
2019-11-26,16.72,16.75,16.80,16.55,9377,15644697.00,1.50,0.42,0.07,1.15
2019-11-27,16.90,16.80,16.95,16.75,11923,20089918.00,1.19,0.30,0.05,1.47
2019-11-28,16.80,16.88,16.88,16.67,9444,15858881.00,1.25,0.48,0.08,1.16
2019-11-29,16.51,17.37,17.42,16.51,23429,40225415.00,5.39,2.90,0.49,2.88
2019-12-02,17.70,18.38,18.45,17.60,48264,87547168.00,4.89,5.81,1.01,5.94
2019-12-03,18.42,18.58,18.60,18.16,34101,62873566.00,2.39,1.09,0.20,4.20
2019-12-04,18.24,18.34,18.51,18.03,23343,42705792.00,2.58,-1.29,-0.24,2.87
2019-12-05,18.42,17.15,18.62,16.71,66602,116401399.00,10.41,-6.49,-1.19,8.20
2019-12-06,16.87,16.56,16.90,16.43,38874,64612329.00,2.74,-3.44,-0.59,4.79
2019-12-09,16.48,16.55,16.60,16.25,21270,34974547.00,2.11,-0.06,-0.01,2.62
2019-12-10,16.59,16.44,16.71,16.42,12482,20602022.00,1.75,-0.66,-0.11,1.54
2019-12-11,16.49,16.34,16.52,16.29,10801,17679276.00,1.40,-0.61,-0.10,1.33
2019-12-12,16.33,16.34,16.52,16.29,10618,17371628.00,1.41,0.00,0.00,1.31
2019-12-13,16.39,16.38,16.46,16.29,10946,17909719.00,1.04,0.24,0.04,1.35
2019-12-16,16.39,16.51,16.54,16.35,11145,18341881.00,1.16,0.79,0.13,1.37
2019-12-17,16.50,16.48,16.53,16.38,23481,38641916.00,0.91,-0.18,-0.03,2.89
2019-12-18,16.44,16.51,16.61,16.41,19970,32999585.00,1.21,0.18,0.03,2.46
2019-12-19,16.58,16.73,16.75,16.46,18700,30976824.00,1.76,1.33,0.22,2.30
2019-12-20,16.73,16.76,16.79,16.60,16168,26961027.00,1.14,0.18,0.03,1.99
2019-12-23,16.70,16.41,16.74,16.41,13153,21737694.00,1.97,-2.09,-0.35,1.62
2019-12-24,16.43,16.43,16.50,16.28,9599,15732422.00,1.34,0.12,0.02,1.18
2019-12-25,16.48,16.38,16.49,16.36,7481,12271084.00,0.79,-0.30,-0.05,0.92
2019-12-26,16.38,16.44,16.55,16.32,6786,11127174.00,1.40,0.37,0.06,0.84
2019-12-27,16.43,16.34,16.48,16.28,9620,15765208.00,1.22,-0.61,-0.10,1.18
2019-12-30,16.30,16.49,16.54,15.98,14444,23522808.00,3.43,0.92,0.15,1.78
2019-12-31,16.49,16.55,16.57,16.38,10713,17662015.00,1.15,0.36,0.06,1.29
2020-01-02,16.73,16.80,16.98,16.58,18414,30821491.00,2.42,1.51,0.25,2.21
2020-01-03,16.95,16.78,16.95,16.71,12447,20922642.00,1.43,-0.12,-0.02,1.49
2020-01-06,16.79,16.83,16.99,16.69,20020,33691442.00,1.79,0.30,0.05,2.40
2020-01-07,16.85,16.91,16.95,16.76,23229,39125491.00,1.13,0.48,0.08,2.79
2020-01-08,16.90,16.77,16.95,16.64,12962,21742301.00,1.83,-0.83,-0.14,1.56
2020-01-09,16.70,16.84,16.90,16.66,15754,26434059.00,1.43,0.42,0.07,1.89
2020-01-10,16.86,16.85,16.95,16.74,11596,19498792.00,1.25,0.06,0.01,1.39
2020-01-13,16.81,17.08,17.18,16.81,22640,38469404.00,2.20,1.36,0.23,2.72
2020-01-14,17.11,17.07,17.15,16.93,13062,22205643.00,1.29,-0.06,-0.01,1.57
2020-01-15,17.14,16.89,17.14,16.77,10096,17005562.00,2.17,-1.05,-0.18,1.21
2020-01-16,16.95,16.80,16.95,16.72,9019,15127923.00,1.36,-0.53,-0.09,1.08
2020-01-17,16.80,16.55,16.80,16.55,10145,16872774.00,1.49,-1.49,-0.25,1.22
2020-01-20,16.51,16.33,16.53,16.17,17236,28006490.00,2.18,-1.33,-0.22,2.07
2020-01-21,16.25,15.99,16.28,15.99,15919,25609959.00,1.78,-2.08,-0.34,1.91
2020-01-22,15.97,15.96,16.00,15.66,17743,28035635.00,2.13,-0.19,-0.03,2.13
2020-01-23,15.80,15.79,15.88,15.30,16400,25616594.00,3.63,-1.07,-0.17,1.97
2020-02-03,14.21,14.21,14.21,14.21,1992,2830632.00,0.00,-10.01,-1.58,0.24
2020-02-04,12.79,13.12,13.50,12.79,29007,37941939.00,5.00,-7.67,-1.09,3.48
2020-02-05,13.11,13.31,13.98,13.04,18581,24727808.00,7.16,1.45,0.19,2.23
2020-02-06,13.31,13.33,13.48,13.11,18102,24092411.00,2.78,0.15,0.02,2.17
2020-02-07,13.40,13.46,13.59,13.26,20689,27737781.00,2.48,0.98,0.13,2.48
2020-02-10,13.38,13.70,13.80,13.18,19116,25914574.00,4.61,1.78,0.24,2.30
2020-02-11,13.76,13.76,13.96,13.63,16572,22812586.00,2.41,0.44,0.06,1.99
2020-02-12,13.67,13.89,14.19,13.67,19167,26606793.00,3.78,0.94,0.13,2.30
2020-02-13,13.81,13.62,13.89,13.59,17088,23453806.00,2.16,-1.94,-0.27,2.05
2020-02-14,13.61,13.81,13.88,13.54,12341,16913211.00,2.50,1.40,0.19,1.48
2020-02-17,13.83,14.09,14.15,13.81,15506,21718682.00,2.46,2.03,0.28,1.86
2020-02-18,14.10,14.13,14.18,13.91,15898,22382245.00,1.92,0.28,0.04,1.91
2020-02-19,14.10,14.20,14.40,14.09,23341,33257991.00,2.19,0.50,0.07,2.80
2020-02-20,14.17,14.35,14.38,14.08,22349,31875860.00,2.11,1.06,0.15,2.68
2020-02-21,14.35,14.79,15.18,14.27,49626,73051051.00,6.34,3.07,0.44,5.96
2020-02-24,14.64,14.85,15.14,14.62,34565,51439319.00,3.52,0.41,0.06,4.15
2020-02-25,14.59,14.76,14.83,14.11,34132,49325091.00,4.85,-0.61,-0.09,4.10
2020-02-26,14.52,14.84,15.15,14.32,34283,50650062.00,5.62,0.54,0.08,4.12
2020-02-27,14.90,14.91,15.29,14.90,30208,45564081.00,2.63,0.47,0.07,3.63
2020-02-28,14.40,14.25,14.77,14.20,22340,32215671.00,3.82,-4.43,-0.66,2.68
2020-03-02,14.30,14.95,15.48,14.30,34492,51138412.00,8.28,4.91,0.70,4.14
2020-03-03,15.05,14.81,15.28,14.67,30463,45420810.00,4.08,-0.94,-0.14,3.66
2020-03-04,14.67,14.89,14.94,14.57,22147,32600747.00,2.50,0.54,0.08,2.66
2020-03-05,14.99,15.06,15.15,14.84,27152,40675022.00,2.08,1.14,0.17,3.26
2020-03-06,14.85,14.94,15.01,14.85,15722,23498714.00,1.06,-0.80,-0.12,1.89
2020-03-09,14.83,14.44,14.86,14.43,23093,33613456.00,2.88,-3.35,-0.50,2.77
2020-03-10,14.20,14.59,14.67,14.19,17915,25849489.00,3.32,1.04,0.15,2.15
2020-03-11,14.62,14.38,14.70,14.36,12626,18396556.00,2.33,-1.44,-0.21,1.52
2020-03-12,14.31,14.33,14.39,14.10,20659,29382604.00,2.02,-0.35,-0.05,2.48
2020-03-13,13.49,14.26,14.50,13.49,13467,18839078.00,7.05,-0.49,-0.07,1.62
2020-03-16,14.50,13.84,14.55,13.83,14313,20281049.00,5.05,-2.95,-0.42,1.72
2020-03-17,13.82,13.82,14.09,13.56,15938,21943477.00,3.83,-0.14,-0.02,1.91
2020-03-18,14.00,13.79,14.04,13.75,11312,15689939.00,2.10,-0.22,-0.03,1.36
2020-03-19,13.90,13.84,13.90,13.50,16422,22485941.00,2.90,0.36,0.05,1.97
2020-03-20,13.86,14.01,14.19,13.71,15579,21579450.00,3.47,1.23,0.17,1.87
2020-03-23,13.79,13.78,13.90,13.55,21086,28890740.00,2.50,-1.64,-0.23,2.53
2020-03-24,14.18,13.89,14.18,13.68,10848,15053406.00,3.63,0.80,0.11,1.30
2020-03-25,13.99,14.02,14.15,13.92,16022,22403930.00,1.66,0.94,0.13,1.92
2020-03-26,13.90,13.86,14.01,13.73,10935,15130151.00,2.00,-1.14,-0.16,1.31
2020-03-27,13.97,14.25,15.25,13.91,27443,38953804.00,9.67,2.81,0.39,3.30
2020-03-30,14.24,13.99,14.24,13.90,14840,20777314.00,2.39,-1.82,-0.26,1.78
2020-03-31,14.10,13.91,14.11,13.81,12054,16814122.00,2.14,-0.57,-0.08,1.45
2020-04-01,13.90,13.83,13.99,13.75,11964,16559538.00,1.73,-0.58,-0.08,1.44
2020-04-02,13.83,13.90,13.95,13.70,11114,15383260.00,1.81,0.51,0.07,1.33
2020-04-03,13.89,13.89,13.90,13.76,9533,13200717.00,1.01,-0.07,-0.01,1.14
2020-04-07,14.09,14.00,14.39,13.97,18172,25525256.00,3.02,0.79,0.11,2.18
2020-04-08,13.99,14.04,14.07,13.90,11994,16755997.00,1.21,0.29,0.04,1.44
2020-04-09,14.02,14.03,14.07,13.94,12950,18147594.00,0.93,-0.07,-0.01,1.56
2020-04-10,14.00,13.88,14.04,13.76,14838,20591476.00,2.00,-1.07,-0.15,1.78
2020-04-13,13.88,13.76,13.88,13.59,7964,10887980.00,2.09,-0.86,-0.12,0.96
2020-04-14,13.72,13.76,13.87,13.67,10674,14652595.00,1.45,0.00,0.00,1.28
2020-04-15,13.71,13.52,13.74,13.51,11515,15675190.00,1.67,-1.74,-0.24,1.38
2020-04-16,13.40,13.48,13.56,13.31,9812,13142462.00,1.85,-0.30,-0.04,1.18
2020-04-17,13.39,13.54,13.64,13.39,8530,11557766.00,1.85,0.45,0.06,1.02
2020-04-20,13.59,13.65,13.67,13.49,7182,9762920.00,1.33,0.81,0.11,0.86
2020-04-21,13.65,13.59,13.65,13.41,7414,10018779.00,1.76,-0.44,-0.06,0.89
2020-04-22,13.57,13.64,13.78,13.44,8601,11719933.00,2.50,0.37,0.05,1.03
2020-04-23,13.58,13.55,13.66,13.50,6052,8196853.00,1.17,-0.66,-0.09,0.73
2020-04-24,13.55,13.50,13.55,13.30,8212,10996366.00,1.85,-0.37,-0.05,0.99
2020-04-27,13.45,13.48,13.55,13.37,4583,6164195.00,1.33,-0.15,-0.02,0.55
2020-04-28,13.44,13.38,13.47,13.01,7052,9346348.00,3.41,-0.74,-0.10,0.85
2020-04-29,13.24,13.33,13.50,13.24,6467,8609615.00,1.94,-0.37,-0.05,0.78
2020-04-30,13.30,13.49,13.51,13.28,8907,11961282.00,1.73,1.20,0.16,1.07
2020-05-06,13.44,13.56,13.58,13.34,6409,8650991.00,1.78,0.52,0.07,0.77
2020-05-07,13.56,13.43,13.56,13.43,5270,7101527.00,0.96,-0.96,-0.13,0.63
2020-05-08,13.59,13.72,13.72,13.48,14148,19264100.00,1.79,2.16,0.29,1.70
2020-05-11,13.77,13.69,13.80,13.61,8659,11850281.00,1.38,-0.22,-0.03,1.04
2020-05-12,13.65,13.62,13.67,13.43,7735,10484193.00,1.75,-0.51,-0.07,0.93
2020-05-13,13.72,13.67,13.72,13.54,3552,4842390.00,1.32,0.37,0.05,0.43
2020-05-14,13.55,13.59,13.65,13.50,5164,6998552.00,1.10,-0.59,-0.08,0.62
2020-05-15,13.59,13.64,13.65,13.52,9133,12425034.00,0.96,0.37,0.05,1.10
2020-05-18,13.66,14.25,14.94,13.48,33696,47920927.00,10.70,4.47,0.61,4.05
2020-05-19,14.53,14.60,15.32,14.05,60564,89216459.00,8.91,2.46,0.35,7.27
2020-05-20,14.40,14.18,14.58,14.02,30805,43591889.00,3.84,-2.88,-0.42,3.70
2020-05-21,14.07,13.84,14.17,13.80,17318,24271844.00,2.61,-2.40,-0.34,2.08
2020-05-22,13.78,13.65,13.84,13.40,13872,18880394.00,3.18,-1.37,-0.19,1.67
2020-05-25,13.49,13.58,13.66,13.47,8173,11072942.00,1.39,-0.51,-0.07,0.98
2020-05-26,13.60,13.79,13.80,13.55,11522,15759313.00,1.84,1.55,0.21,1.38
2020-05-27,13.76,13.93,14.01,13.68,18302,25336952.00,2.39,1.02,0.14,2.20
2020-05-28,13.91,13.74,14.03,13.60,9752,13441341.00,3.09,-1.36,-0.19,1.17
2020-05-29,13.70,13.78,13.88,13.63,8218,11304765.00,1.82,0.29,0.04,0.99
2020-06-01,13.78,14.05,14.14,13.78,12941,18079631.00,2.61,1.96,0.27,1.55
2020-06-02,14.05,14.14,14.24,13.88,11902,16764236.00,2.56,0.64,0.09,1.43
2020-06-03,14.17,14.14,14.17,14.00,11491,16151268.00,1.20,0.00,0.00,1.38
2020-06-04,14.15,14.32,14.40,14.10,20740,29613169.00,2.12,1.27,0.18,2.49
2020-06-05,14.48,14.42,14.48,14.18,19477,27967178.00,2.09,0.70,0.10,2.34
2020-06-08,14.55,14.33,14.55,14.22,7824,11226588.00,2.29,-0.62,-0.09,0.94
2020-06-09,14.42,14.25,14.42,14.18,6539,9298195.00,1.67,-0.56,-0.08,0.79
2020-06-10,14.23,14.19,14.23,14.14,5097,7221154.00,0.63,-0.42,-0.06,0.61
2020-06-11,14.23,14.13,14.34,14.13,6527,9263234.00,1.48,-0.42,-0.06,0.78
2020-06-12,13.96,14.17,14.51,13.83,12580,17779859.00,4.81,0.28,0.04,1.51
2020-06-15,14.08,14.22,14.44,14.01,10324,14742312.00,3.03,0.35,0.05,1.24
2020-06-16,14.22,14.30,14.49,14.21,11992,17146740.00,1.97,0.56,0.08,1.44
2020-06-17,14.39,14.39,14.46,14.31,14769,21271576.00,1.05,0.63,0.09,1.77
2020-06-18,14.38,14.33,14.43,14.22,10498,15011232.00,1.46,-0.42,-0.06,1.26
2020-06-19,14.36,14.10,14.36,14.10,13509,19222554.00,1.81,-1.61,-0.23,1.62
2020-06-22,14.22,14.61,14.68,14.13,29125,42133972.00,3.90,3.62,0.51,3.50
2020-06-23,14.67,14.55,14.67,14.47,15195,22156489.00,1.37,-0.41,-0.06,1.82
2020-06-24,14.57,14.50,14.59,14.41,9534,13782106.00,1.24,-0.34,-0.05,1.14
2020-06-29,14.41,14.30,14.46,14.26,6841,9809397.00,1.38,-1.38,-0.20,0.82
2020-06-30,14.31,14.35,14.44,14.25,7411,10631414.00,1.33,0.35,0.05,0.86
2020-07-01,14.36,14.22,14.42,14.07,10855,15429747.00,2.44,-0.91,-0.13,1.26
2020-07-02,14.29,14.40,14.45,14.17,14541,20732432.00,1.97,1.27,0.18,1.69
2020-07-03,14.45,14.59,14.62,14.34,19299,28031083.00,1.94,1.32,0.19,2.24
2020-07-06,14.58,14.97,14.99,14.58,29869,44281295.00,2.81,2.60,0.38,3.47
2020-07-07,15.15,14.89,15.23,14.80,29061,43395268.00,2.87,-0.53,-0.08,3.38
2020-07-08,14.76,14.86,14.92,14.63,22968,33993172.00,1.95,-0.20,-0.03,2.67
2020-07-09,14.83,14.99,15.10,14.78,23194,34649872.00,2.15,0.87,0.13,2.69
2020-07-10,14.96,14.93,15.28,14.87,26385,39713346.00,2.74,-0.40,-0.06,3.06
2020-07-13,14.93,15.19,15.19,14.83,37063,55877020.00,2.41,1.74,0.26,4.30
2020-07-14,15.00,15.13,15.29,14.85,27888,42008073.00,2.90,-0.39,-0.06,3.24
2020-07-15,15.19,14.88,15.34,14.88,21353,32264005.00,3.04,-1.65,-0.25,2.48
2020-07-16,14.92,14.29,15.00,14.02,22566,32977626.00,6.59,-3.97,-0.59,2.62
2020-07-17,14.38,14.18,14.44,14.03,14040,19975815.00,2.87,-0.77,-0.11,1.63
2020-07-20,14.22,14.67,14.72,14.20,14802,21548836.00,3.67,3.46,0.49,1.72
2020-07-21,14.79,16.14,16.14,14.49,85865,132703100.00,11.25,10.02,1.47,9.97
2020-07-22,15.52,16.76,17.07,15.50,122224,201076507.00,9.73,3.84,0.62,14.19
2020-07-23,16.24,16.08,17.28,15.85,91047,149880530.00,8.53,-4.06,-0.68,10.57
2020-07-24,15.76,14.97,15.77,14.91,52012,80135853.00,5.35,-6.90,-1.11,6.04
2020-07-27,14.81,15.21,15.21,14.63,22535,33657542.00,3.87,1.60,0.24,2.62
2020-07-28,15.13,14.95,15.28,14.82,20418,30670491.00,3.02,-1.71,-0.26,2.37
2020-07-29,14.95,15.13,15.25,14.67,19776,29669337.00,3.88,1.20,0.18,2.30
2020-07-30,15.11,14.90,15.27,14.88,17182,25833973.00,2.58,-1.52,-0.23,2.00
2020-07-31,14.90,15.01,15.11,14.86,16096,24154280.00,1.68,0.74,0.11,1.87
2020-08-03,15.10,15.54,15.65,15.01,32222,49508762.00,4.26,3.53,0.53,3.74
2020-08-04,15.35,15.50,15.69,15.35,18905,29297473.00,2.19,-0.26,-0.04,2.20
2020-08-05,15.48,15.59,15.75,15.30,19997,31038148.00,2.90,0.58,0.09,2.32
2020-08-06,15.51,15.48,15.65,15.35,15516,23982340.00,1.92,-0.71,-0.11,1.80
2020-08-07,15.47,15.16,15.64,15.00,15919,24225840.00,4.13,-2.07,-0.32,1.85
2020-08-10,15.12,15.70,15.78,15.10,27432,42704486.00,4.49,3.56,0.54,3.19
2020-08-11,15.80,15.53,16.15,15.47,30653,48665379.00,4.33,-1.08,-0.17,3.56
2020-08-12,15.50,16.22,16.30,15.33,32632,51987424.00,6.25,4.44,0.69,3.79
2020-08-13,16.27,16.18,16.50,16.00,30152,48896629.00,3.08,-0.25,-0.04,3.50
2020-08-14,16.19,16.16,16.46,15.94,19585,31519956.00,3.21,-0.12,-0.02,2.27
2020-08-17,16.21,16.25,16.46,16.12,22589,36832922.00,2.10,0.56,0.09,2.62
2020-08-18,16.25,16.14,16.45,16.02,18748,30312556.00,2.65,-0.68,-0.11,2.18
2020-08-19,16.18,16.02,16.32,15.82,22090,35718148.00,3.10,-0.74,-0.12,2.57
2020-08-20,15.99,16.05,16.34,15.83,14016,22458675.00,3.18,0.19,0.03,1.63
2020-08-21,15.98,16.19,16.43,15.98,10289,16651259.00,2.80,0.87,0.14,1.19
2020-08-24,16.23,16.11,16.35,16.03,11263,18237103.00,1.98,-0.49,-0.08,1.31
2020-08-25,16.12,16.14,17.00,15.98,37450,61213014.00,6.33,0.19,0.03,4.35
2020-08-26,16.10,15.89,16.16,15.77,17400,27669292.00,2.42,-1.55,-0.25,2.02
2020-08-27,15.84,16.09,16.20,15.70,14295,22869053.00,3.15,1.26,0.20,1.66
2020-08-28,16.09,16.08,16.28,15.99,9136,14707970.00,1.80,-0.06,-0.01,1.06
2020-08-31,16.08,16.08,16.22,16.05,7291,11752335.00,1.06,0.00,0.00,0.85
2020-09-01,16.08,15.98,16.10,15.85,7071,11264584.00,1.55,-0.62,-0.10,0.82
2020-09-02,15.98,16.10,16.22,15.89,16706,26827738.00,2.07,0.75,0.12,1.94
2020-09-03,16.10,15.87,16.17,15.82,8668,13820047.00,2.17,-1.43,-0.23,1.01
2020-09-04,15.65,15.96,16.25,15.58,13912,22277882.00,4.22,0.57,0.09,1.62
2020-09-07,15.95,15.87,16.13,15.80,9615,15323727.00,2.07,-0.56,-0.09,1.12
2020-09-08,15.86,16.03,16.19,15.69,10775,17234916.00,3.15,1.01,0.16,1.25
2020-09-09,15.95,15.79,16.09,15.76,11447,18219750.00,2.06,-1.50,-0.24,1.33
2020-09-10,15.85,15.51,16.05,15.49,13419,21066168.00,3.55,-1.77,-0.28,1.56
2020-09-11,15.51,15.57,15.70,14.80,16229,25196127.00,5.80,0.39,0.06,1.88
2020-09-14,15.56,15.79,15.90,15.50,6478,10200920.00,2.57,1.41,0.22,0.75
2020-09-15,15.84,15.75,15.89,15.67,5410,8514573.00,1.39,-0.25,-0.04,0.63
2020-09-16,15.86,15.75,15.86,15.65,4692,7386621.00,1.33,0.00,0.00,0.54
2020-09-17,16.09,15.77,16.09,15.63,6079,9587514.00,2.92,0.13,0.02,0.71
2020-09-18,15.79,16.13,16.15,15.65,10611,16934099.00,3.17,2.28,0.36,1.23
2020-09-21,16.13,16.01,16.33,15.98,10468,16921290.00,2.17,-0.74,-0.12,1.22
2020-09-22,15.96,15.71,16.00,15.63,6258,9916478.00,2.31,-1.87,-0.30,0.73
2020-09-23,15.79,16.03,16.16,15.71,7656,12223541.00,2.86,2.04,0.32,0.89
2020-09-24,16.02,15.85,16.02,15.71,5784,9154539.00,1.93,-1.12,-0.18,0.67
2020-09-25,15.80,15.27,15.96,15.20,10456,16214466.00,4.79,-3.66,-0.58,1.21
2020-09-28,15.49,15.59,16.12,15.09,10871,16994409.00,6.75,2.10,0.32,1.26
2020-09-29,15.58,15.64,15.73,15.51,6335,9893691.00,1.41,0.32,0.05,0.74
2020-09-30,15.55,15.78,15.79,15.55,4436,6949210.00,1.53,0.90,0.14,0.52
2020-10-09,15.78,16.07,16.12,15.78,8564,13703128.00,2.15,1.84,0.29,0.99
2020-10-12,16.07,16.22,16.30,15.97,12043,19470870.00,2.05,0.93,0.15,1.40
2020-10-13,16.25,16.16,16.28,16.11,12269,19837667.00,1.05,-0.37,-0.06,1.42
2020-10-14,16.21,16.14,16.28,16.11,6469,10447432.00,1.05,-0.12,-0.02,0.75
2020-10-15,16.15,15.93,16.16,15.88,7437,11879318.00,1.73,-1.30,-0.21,0.86
2020-10-16,15.86,16.33,16.46,15.86,14128,22944890.00,3.77,2.51,0.40,1.64
2020-10-19,16.30,16.54,16.69,16.29,16823,27763022.00,2.45,1.29,0.21,1.95
2020-10-20,16.61,16.51,16.77,16.42,13767,22837163.00,2.12,-0.18,-0.03,1.60
2020-10-21,16.60,16.80,16.80,16.36,20157,33557939.00,2.67,1.76,0.29,2.34
2020-10-22,16.80,16.64,16.92,15.14,18526,30787744.00,10.60,-0.95,-0.16,2.15
2020-10-23,16.84,16.65,16.87,16.59,11627,19406084.00,1.68,0.06,0.01,1.35
2020-10-26,16.60,16.46,16.63,16.30,15312,25168211.00,1.98,-1.14,-0.19,1.78
2020-10-27,16.50,16.68,16.83,16.32,14141,23475364.00,3.10,1.34,0.22,1.64
2020-10-28,16.67,16.75,16.78,16.54,9119,15221712.00,1.44,0.42,0.07,1.06
2020-10-29,16.59,16.81,16.98,16.44,14648,24565926.00,3.22,0.36,0.06,1.70
2020-10-30,16.80,16.75,17.13,16.56,15883,26663340.00,3.39,-0.36,-0.06,1.84
2020-11-02,16.77,16.80,16.98,16.57,16939,28462762.00,2.45,0.30,0.05,1.97
2020-11-03,16.85,16.89,16.93,16.75,13976,23527142.00,1.07,0.54,0.09,1.62
2020-11-04,16.89,17.26,17.53,16.78,23171,39778511.00,4.44,2.19,0.37,2.69
2020-11-05,17.41,17.55,17.70,17.27,18188,31944115.00,2.49,1.68,0.29,2.11
2020-11-06,17.55,17.42,17.65,17.28,12945,22574487.00,2.11,-0.74,-0.13,1.50
2020-11-09,17.53,17.87,17.87,17.44,16893,29918676.00,2.47,2.58,0.45,1.96
2020-11-10,17.87,17.71,18.08,17.65,15480,27591598.00,2.41,-0.90,-0.16,1.80
2020-11-11,17.61,17.68,17.79,17.46,13329,23500194.00,1.86,-0.17,-0.03,1.55
2020-11-12,17.65,17.73,17.88,17.48,10546,18598780.00,2.26,0.28,0.05,1.22
2020-11-13,17.78,17.89,17.89,17.55,9912,17589555.00,1.92,0.90,0.16,1.15
2020-11-16,17.88,17.89,18.07,17.61,12396,22052546.00,2.57,0.00,0.00,1.44
2020-11-17,17.85,17.86,17.99,17.62,11687,20801317.00,2.07,-0.17,-0.03,1.36
2020-11-18,17.96,17.83,18.23,17.69,17957,32185634.00,3.02,-0.17,-0.03,2.09
2020-11-19,17.79,17.80,17.92,17.57,11928,21138081.00,1.96,-0.17,-0.03,1.39
2020-11-20,17.68,17.92,17.99,17.68,9804,17465087.00,1.74,0.67,0.12,1.14
2020-11-23,17.95,17.87,18.03,17.66,15626,27819866.00,2.06,-0.28,-0.05,1.81
2020-11-24,17.80,18.07,18.18,17.76,13185,23742438.00,2.35,1.12,0.20,1.53
2020-11-25,18.07,18.07,18.33,17.65,17621,31652128.00,3.76,0.00,0.00,2.05
2020-11-26,17.99,17.91,18.04,17.73,6534,11677536.00,1.72,-0.89,-0.16,0.76
2020-11-27,17.91,18.02,18.08,17.78,10913,19571003.00,1.68,0.61,0.11,1.27
2020-11-30,18.02,17.96,18.06,17.83,10748,19295470.00,1.28,-0.33,-0.06,1.25
2020-12-01,17.91,18.12,18.20,17.85,9082,16411521.00,1.95,0.89,0.16,1.05
2020-12-02,18.13,18.13,18.26,18.03,7739,14019923.00,1.27,0.06,0.01,0.90
2020-12-03,18.10,18.43,19.51,17.98,34609,64230827.00,8.44,1.65,0.30,4.02
2020-12-04,18.44,18.70,18.89,18.22,16140,30015410.00,3.64,1.47,0.27,1.87
2020-12-07,18.70,18.59,18.98,18.50,15023,28087439.00,2.57,-0.59,-0.11,1.74
2020-12-08,18.62,18.60,18.88,18.25,10145,18846956.00,3.39,0.05,0.01,1.18
2020-12-09,18.60,17.94,18.79,17.83,18470,33672817.00,5.16,-3.55,-0.66,2.15
2020-12-10,17.86,17.85,18.03,17.62,11030,19619332.00,2.29,-0.50,-0.09,1.28
2020-12-11,17.90,17.50,17.92,17.34,11342,19892070.00,3.25,-1.96,-0.35,1.32
2020-12-14,17.59,17.71,17.79,17.31,7374,12943321.00,2.74,1.20,0.21,0.86
2020-12-15,17.68,17.58,17.73,17.40,7443,13078023.00,1.86,-0.73,-0.13,0.86
2020-12-16,17.76,17.35,17.76,17.29,7252,12645022.00,2.67,-1.31,-0.23,0.84
2020-12-17,17.36,17.23,17.36,16.39,26947,46017332.00,5.59,-0.69,-0.12,3.13
2020-12-18,17.23,17.56,17.58,17.23,8540,14882687.00,2.03,1.92,0.33,0.99
2020-12-21,17.45,17.41,17.76,17.36,12097,21242439.00,2.28,-0.85,-0.15,1.40
2020-12-22,17.40,17.73,17.90,17.21,19111,33826060.00,3.96,1.84,0.32,2.22
2020-12-23,17.80,17.70,17.88,17.63,11408,20234365.00,1.41,-0.17,-0.03,1.32
2020-12-24,17.71,17.63,17.86,17.48,12276,21676414.00,2.15,-0.40,-0.07,1.43
2020-12-25,17.54,17.66,17.84,17.52,9508,16876580.00,1.82,0.17,0.03,1.10
2020-12-28,17.47,17.60,17.88,17.47,13122,23223201.00,2.32,-0.34,-0.06,1.52
2020-12-29,17.60,17.52,17.73,17.40,14262,25059303.00,1.88,-0.45,-0.08,1.66
2020-12-30,17.55,17.52,17.57,17.46,5900,10342393.00,0.63,0.00,0.00,0.69
2020-12-31,17.60,17.69,17.69,17.45,9299,16338815.00,1.37,0.97,0.17,1.07
2021-01-04,17.51,17.72,17.93,17.51,8199,14573482.00,2.37,0.17,0.03,0.95
2021-01-05,17.71,17.60,17.73,17.28,12595,22035836.00,2.54,-0.68,-0.12,1.46
2021-01-06,17.50,17.55,17.64,17.45,32344,56813055.00,1.08,-0.28,-0.05,3.74
2021-01-07,17.42,15.80,17.55,15.80,29580,49673216.00,9.97,-9.97,-1.75,3.42
2021-01-08,14.22,16.09,16.67,14.22,47714,70206744.00,15.51,1.84,0.29,5.52
2021-01-11,15.94,15.75,16.10,15.40,24736,39108931.00,4.35,-2.11,-0.34,2.86
2021-01-12,15.50,15.52,17.33,15.11,17165,26820437.00,14.10,-1.46,-0.23,1.98
2021-01-13,15.46,14.89,15.70,14.80,21101,32121966.00,5.80,-4.06,-0.63,2.44
2021-01-14,14.92,14.88,15.39,14.86,8520,12748208.00,3.56,-0.07,-0.01,0.98
2021-01-15,14.70,14.90,15.02,14.70,18097,27010039.00,2.15,0.13,0.02,2.09
2021-01-18,14.90,14.93,15.11,14.90,5381,8079723.00,1.41,0.20,0.03,0.62
2021-01-19,14.98,15.12,15.31,14.90,7527,11365561.00,2.75,1.27,0.19,0.87
2021-01-20,15.12,15.06,15.40,15.00,8704,13223285.00,2.65,-0.40,-0.06,1.01
2021-01-21,14.99,15.03,15.21,14.89,8114,12207452.00,2.12,-0.20,-0.03,0.94
2021-01-22,15.07,15.42,15.50,15.03,14566,22174898.00,3.13,2.59,0.39,1.68
2021-01-25,15.42,15.32,15.42,15.10,14706,22428629.00,2.08,-0.65,-0.10,1.70
2021-01-26,15.30,15.19,15.37,15.18,4493,6851125.00,1.24,-0.85,-0.13,0.52
2021-01-27,15.20,14.99,15.23,14.95,4877,7368374.00,1.84,-1.32,-0.20,0.56
2021-01-28,14.86,14.28,14.86,13.70,10512,15210715.00,7.74,-4.74,-0.71,1.22
2021-01-29,14.33,12.85,14.33,12.85,14792,19517511.00,10.36,-10.01,-1.43,1.71
2021-02-01,12.85,14.14,14.14,12.85,12427,16916968.00,10.04,10.04,1.29,1.44
2021-02-02,14.46,14.79,15.40,14.46,14920,22057736.00,6.65,4.60,0.65,1.72
2021-02-03,14.82,15.16,15.34,14.54,15614,23561282.00,5.41,2.50,0.37,1.80
2021-02-04,15.03,14.92,15.29,14.71,8320,12420554.00,3.83,-1.58,-0.24,0.96
2021-02-05,14.80,15.00,15.29,14.80,7453,11194505.00,3.28,0.54,0.08,0.86
2021-02-08,15.14,15.00,15.16,14.59,11577,17288678.00,3.80,0.00,0.00,1.34
2021-02-09,15.00,14.89,15.02,14.71,9735,14466540.00,2.07,-0.73,-0.11,1.13
2021-02-10,15.02,14.97,15.15,14.62,5041,7536263.00,3.56,0.54,0.08,0.58
2021-02-18,15.18,15.22,15.28,14.84,14849,22368278.00,2.94,1.67,0.25,1.72
2021-02-19,15.38,15.67,15.77,15.12,13310,20508123.00,4.27,2.96,0.45,1.54
2021-02-22,15.67,15.72,16.15,15.60,18150,28697142.00,3.51,0.32,0.05,2.10
2021-02-23,15.80,15.73,15.81,15.50,18796,29421035.00,1.97,0.06,0.01,2.17
2021-02-24,15.72,15.56,15.95,15.37,17108,26880042.00,3.69,-1.08,-0.17,1.98
2021-02-25,15.55,15.39,15.71,15.20,10930,16927925.00,3.28,-1.09,-0.17,1.26
2021-02-26,15.46,15.31,15.46,15.00,8592,13139419.00,2.99,-0.52,-0.08,0.99
2021-03-01,15.30,15.14,15.39,15.10,10777,16359861.00,1.89,-1.11,-0.17,1.25
2021-03-02,15.18,15.15,15.34,14.60,16621,24887539.00,4.89,0.07,0.01,1.92
2021-03-03,15.14,14.98,15.16,14.78,8455,12676640.00,2.51,-1.12,-0.17,0.98
2021-03-04,15.00,15.40,15.58,14.97,17282,26501354.00,4.07,2.80,0.42,2.00
2021-03-05,15.37,15.40,15.67,15.26,13019,20084314.00,2.66,0.00,0.00,1.50
2021-03-08,15.34,15.03,15.49,14.91,7033,10669758.00,3.77,-2.40,-0.37,0.81
2021-03-09,14.95,14.70,15.28,14.45,7596,11198584.00,5.52,-2.20,-0.33,0.88
2021-03-10,14.88,14.27,14.88,14.25,4428,6442185.00,4.29,-2.93,-0.43,0.51
2021-03-11,14.48,14.28,14.53,14.13,10626,15259869.00,2.80,0.07,0.01,1.23
2021-03-12,14.38,14.19,14.38,13.99,5876,8311430.00,2.73,-0.63,-0.09,0.68
2021-03-15,14.19,14.29,14.45,14.12,5576,7981850.00,2.33,0.70,0.10,0.64
2021-03-16,14.30,14.20,14.45,14.15,3132,4454521.00,2.10,-0.63,-0.09,0.36
2021-03-17,14.19,14.05,14.35,13.76,11313,15798843.00,4.15,-1.06,-0.15,1.31
2021-03-18,14.01,14.20,14.67,14.01,15497,22074454.00,4.70,1.07,0.15,1.79
2021-03-19,14.27,14.45,14.70,14.15,8756,12583250.00,3.87,1.76,0.25,1.01
2021-03-22,14.45,15.33,15.35,14.33,13475,20206957.00,7.06,6.09,0.88,1.56
2021-03-23,15.41,15.17,15.75,15.17,13577,20970295.00,3.78,-1.04,-0.16,1.57
2021-03-24,15.11,14.92,15.33,14.85,7212,10852928.00,3.16,-1.65,-0.25,0.83
2021-03-25,14.91,14.68,15.09,14.67,5026,7470302.00,2.82,-1.61,-0.24,0.58
2021-03-26,14.63,14.78,15.05,14.63,4321,6406139.00,2.86,0.68,0.10,0.50
2021-03-29,14.80,14.85,14.89,14.68,3157,4674297.00,1.42,0.47,0.07,0.36
2021-03-30,14.76,14.44,15.88,14.25,11804,17177004.00,10.98,-2.76,-0.41,1.36
2021-03-31,14.11,14.58,14.65,14.01,3467,5031806.00,4.43,0.97,0.14,0.40
2021-04-01,14.67,14.38,14.67,14.32,3919,5643811.00,2.40,-1.37,-0.20,0.45
2021-04-02,14.31,14.44,14.45,14.17,2830,4057975.00,1.95,0.42,0.06,0.33
2021-04-06,14.46,14.71,15.02,14.38,6745,9940570.00,4.43,1.87,0.27,0.78
2021-04-07,14.99,14.66,14.99,14.58,2682,3936023.00,2.79,-0.34,-0.05,0.31
2021-04-08,14.61,14.48,14.65,14.39,4975,7210285.00,1.77,-1.23,-0.18,0.58
2021-04-09,14.48,14.49,14.58,14.31,3109,4482626.00,1.86,0.07,0.01,0.36
2021-04-12,14.50,14.57,14.88,14.26,4030,5876532.00,4.28,0.55,0.08,0.47
2021-04-13,14.12,14.60,14.68,14.12,2504,3634522.00,3.84,0.21,0.03,0.29
2021-04-14,14.57,14.68,14.70,14.47,6088,8879687.00,1.58,0.55,0.08,0.70
2021-04-15,14.68,14.54,14.73,14.49,3304,4824316.00,1.63,-0.95,-0.14,0.38
2021-04-16,14.39,14.63,14.71,14.39,5182,7576931.00,2.20,0.62,0.09,0.60
2021-04-19,14.76,14.58,14.76,14.56,5474,8010564.00,1.37,-0.34,-0.05,0.63
2021-04-20,14.68,14.70,15.58,14.56,12166,17971300.00,7.00,0.82,0.12,1.41
2021-04-21,14.65,14.53,14.74,14.51,3530,5152508.00,1.56,-1.16,-0.17,0.41
2021-04-22,14.50,14.33,14.66,14.31,6183,8920888.00,2.41,-1.38,-0.20,0.71
2021-04-23,14.24,13.95,14.39,13.76,8422,11849451.00,4.40,-2.65,-0.38,0.97
2021-04-26,12.60,13.34,14.29,12.60,14826,19783846.00,12.11,-4.37,-0.61,1.71
2021-04-27,13.01,13.25,13.54,13.01,9336,12367241.00,3.97,-0.67,-0.09,1.08
2021-04-28,13.29,12.97,13.29,12.92,4846,6328015.00,2.79,-2.11,-0.28,0.56
2021-04-29,12.97,13.28,13.74,12.68,38178,50123148.00,8.17,2.39,0.31,4.41
2021-04-30,13.14,12.78,13.32,12.76,6777,8793430.00,4.22,-3.77,-0.50,0.78
2021-05-06,12.36,13.02,13.19,12.36,5827,7537800.00,6.49,1.88,0.24,0.67
2021-05-07,13.05,12.68,13.14,12.67,3730,4780998.00,3.61,-2.61,-0.34,0.43
2021-05-10,12.78,13.10,13.25,12.71,4482,5822448.00,4.26,3.31,0.42,0.52
2021-05-11,13.10,13.15,13.23,12.92,2871,3774372.00,2.37,0.38,0.05,0.33
2021-05-12,13.15,13.17,13.23,13.03,2366,3109189.00,1.52,0.15,0.02,0.27
2021-05-13,13.16,13.25,13.54,13.02,3680,4915762.00,3.95,0.61,0.08,0.43
2021-05-14,13.26,13.51,13.57,13.12,3795,5116811.00,3.40,1.96,0.26,0.44
2021-05-17,13.58,13.43,13.60,13.27,5991,8038761.00,2.44,-0.59,-0.08,0.69
2021-05-18,13.58,13.00,13.58,12.89,9866,12902054.00,5.14,-3.20,-0.43,1.14
2021-05-19,13.00,13.12,13.19,12.81,10012,12986976.00,2.92,0.92,0.12,1.16
2021-05-20,13.11,13.30,13.95,12.96,17220,23025518.00,7.55,1.37,0.18,1.99
2021-05-21,13.16,12.78,13.22,12.76,10959,14117462.00,3.46,-3.91,-0.52,1.27
2021-05-24,12.90,12.49,12.90,12.38,14446,18179994.00,4.07,-2.27,-0.29,1.67
2021-05-25,12.49,12.49,12.54,12.26,14988,18594550.00,2.24,0.00,0.00,1.73
2021-05-26,12.46,12.31,12.46,12.25,16318,20070871.00,1.68,-1.44,-0.18,1.89
2021-05-27,12.30,12.32,12.42,12.22,16455,20212437.00,1.62,0.08,0.01,1.90
2021-05-28,12.27,12.18,12.33,12.15,13449,16442702.00,1.46,-1.14,-0.14,1.55
2021-05-31,12.22,12.11,12.22,12.05,16873,20422443.00,1.40,-0.57,-0.07,1.95
2021-06-01,12.10,12.15,12.17,12.05,15440,18701004.00,0.99,0.33,0.04,1.78
2021-06-02,12.14,12.12,12.15,11.99,23346,28137410.00,1.32,-0.25,-0.03,2.70
2021-06-03,12.12,12.12,12.15,12.04,16648,20150496.00,0.91,0.00,0.00,1.92
2021-06-04,12.11,11.99,12.26,11.91,21533,25932074.00,2.89,-1.07,-0.13,2.49
2021-06-07,11.95,11.64,11.95,11.60,27342,32072240.00,2.92,-2.92,-0.35,3.16
2021-06-08,11.59,11.75,11.77,11.25,66376,76274325.00,4.47,0.95,0.11,7.67
2021-06-09,11.66,11.60,11.85,11.44,58188,67564626.00,3.49,-1.28,-0.15,6.73
2021-06-10,11.51,11.38,11.60,11.33,52491,59956764.00,2.33,-1.90,-0.22,6.07
2021-06-11,11.36,11.25,11.47,11.19,42027,47508092.00,2.46,-1.14,-0.13,4.86
2021-06-15,11.15,11.19,11.51,10.73,51823,57073164.00,6.93,-0.53,-0.06,5.99
2021-06-16,11.02,10.90,11.07,10.80,29156,31850390.00,2.41,-2.59,-0.29,3.37
2021-06-17,10.83,11.14,11.19,10.83,39098,43267977.00,3.30,2.20,0.24,4.52
2021-06-18,11.15,11.25,11.33,11.08,27809,31172992.00,2.24,0.99,0.11,3.21
2021-06-21,11.13,11.29,11.34,11.13,18159,20443627.00,1.87,0.36,0.04,2.10
2021-06-22,11.31,11.28,11.46,11.27,24375,27613412.00,1.68,-0.09,-0.01,2.82
2021-06-23,11.29,11.27,11.38,11.16,23986,26961487.00,1.95,-0.09,-0.01,2.77
2021-06-24,11.32,11.35,11.48,11.26,37260,42370882.00,1.95,0.71,0.08,4.31
2021-06-25,11.44,11.40,11.54,11.28,30135,34379563.00,2.29,0.44,0.05,3.48
2021-06-28,11.46,11.24,11.46,11.16,25176,28306086.00,2.63,-1.40,-0.16,2.91
2021-06-29,11.23,10.98,11.23,10.93,25990,28702151.00,2.67,-2.31,-0.26,3.00
2021-06-30,10.99,11.00,11.18,10.89,21636,23735339.00,2.64,0.18,0.02,2.50
2021-07-01,11.00,11.28,11.47,10.90,56444,63419926.00,5.18,2.55,0.28,6.52
2021-07-02,11.23,11.43,11.50,11.20,59450,67733283.00,2.66,1.33,0.15,6.87
2021-07-05,11.35,11.72,11.75,11.22,54524,62686584.00,4.64,2.54,0.29,6.30
2021-07-06,11.60,11.73,11.77,11.51,43423,50625136.00,2.22,0.09,0.01,5.02
2021-07-07,11.71,11.64,11.76,11.56,31913,37221800.00,1.71,-0.77,-0.09,3.69
2021-07-08,11.70,11.55,11.72,11.40,37190,42953103.00,2.75,-0.77,-0.09,4.30
2021-07-09,11.63,11.80,11.94,11.40,46650,54919028.00,4.68,2.16,0.25,5.39
2021-07-12,11.79,11.90,11.98,11.67,48199,57020015.00,2.63,0.85,0.10,5.57
2021-07-13,11.97,11.87,12.07,11.81,39334,46822682.00,2.18,-0.25,-0.03,4.55
2021-07-14,11.85,11.67,11.85,11.65,31555,36959670.00,1.68,-1.68,-0.20,3.65
2021-07-15,11.61,11.77,11.85,11.33,56035,65073709.00,4.46,0.86,0.10,6.48
2021-07-16,11.71,11.62,11.77,11.53,30092,34988271.00,2.04,-1.27,-0.15,3.48
