2019-06-20,58.07,58.07,58.07,58.07,364,2114096.00,0.00,10.00,5.28,0.18
2019-06-21,63.88,63.88,63.88,63.88,842,5381826.00,0.00,10.01,5.81,0.42
2019-06-24,66.66,67.00,70.00,63.00,110597,727248736.00,10.96,4.88,3.12,55.30
2019-06-25,64.64,64.40,66.20,63.50,58101,375260816.00,4.03,-3.88,-2.60,29.05
2019-06-26,63.80,65.86,68.28,63.80,62917,417509792.00,6.96,2.27,1.46,31.46
2019-06-27,66.48,65.00,67.00,63.78,47878,310023024.00,4.89,-1.31,-0.86,23.94
2019-06-28,64.40,64.21,66.35,63.90,38301,248918876.00,3.77,-1.22,-0.79,19.15
2019-07-01,65.01,68.10,69.66,64.28,69306,464243232.00,8.38,6.06,3.89,34.65
2019-07-02,67.18,67.77,68.59,66.20,52564,353252336.00,3.51,-0.48,-0.33,26.28
2019-07-03,67.91,70.44,72.18,66.70,84750,590944624.00,8.09,3.94,2.67,42.38
2019-07-04,68.12,65.26,68.76,64.86,49089,325034368.00,5.54,-7.35,-5.18,24.54
2019-07-05,65.15,66.04,66.68,64.72,27823,183023466.00,3.00,1.20,0.78,13.91
2019-07-08,65.60,59.79,65.95,59.50,45970,285793344.00,9.77,-9.46,-6.25,22.98
2019-07-09,58.60,59.08,60.70,58.08,23763,140679924.00,4.38,-1.19,-0.71,11.88
2019-07-10,59.19,59.00,59.71,58.75,13532,79956259.00,1.62,-0.14,-0.08,6.77
2019-07-11,59.70,56.40,59.70,54.85,34431,196710529.00,8.22,-4.41,-2.60,17.22
2019-07-12,56.00,55.51,56.09,54.90,18610,103204703.00,2.11,-1.58,-0.89,9.30
2019-07-15,55.01,55.97,56.54,54.01,18978,105248429.00,4.56,0.83,0.46,9.49
2019-07-16,55.76,56.96,57.38,55.68,16991,96637746.00,3.04,1.77,0.99,8.50
2019-07-17,56.54,55.86,56.54,55.04,14358,80102813.00,2.63,-1.93,-1.10,7.18
2019-07-18,54.94,54.73,55.75,54.61,10880,59917603.00,2.04,-2.02,-1.13,5.44
2019-07-19,54.77,54.30,55.72,54.25,11722,64381614.00,2.69,-0.79,-0.43,5.86
2019-07-22,54.36,50.45,54.69,50.38,20108,103988435.00,7.94,-7.09,-3.85,10.05
2019-07-23,50.40,50.86,51.63,50.40,10258,52198287.00,2.44,0.81,0.41,5.13
2019-07-24,50.87,51.31,51.98,50.87,10491,54019093.00,2.18,0.88,0.45,5.25
2019-07-25,51.01,54.16,54.58,50.83,23911,126947298.00,7.31,5.55,2.85,11.96
2019-07-26,53.59,53.50,54.46,53.09,12461,67041187.00,2.53,-1.22,-0.66,6.23
2019-07-29,53.56,54.63,54.97,52.70,11958,64709651.00,4.24,2.11,1.13,5.98
2019-07-30,54.54,53.83,54.80,53.82,8983,48647419.00,1.79,-1.46,-0.80,4.49
2019-07-31,53.81,52.43,54.35,52.08,10401,55157180.00,4.22,-2.60,-1.40,5.20
2019-08-01,52.10,52.60,52.98,51.76,6849,35932648.00,2.33,0.32,0.17,3.42
2019-08-02,51.51,52.25,52.59,50.98,9445,48871667.00,3.06,-0.67,-0.35,4.72
2019-08-05,52.35,52.41,53.50,52.25,9971,52739609.00,2.39,0.31,0.16,4.99
2019-08-06,51.07,50.89,51.46,49.29,15593,78535741.00,4.14,-2.90,-1.52,7.80
2019-08-07,50.99,49.94,51.35,49.80,9011,45570032.00,3.05,-1.87,-0.95,4.51
2019-08-08,50.00,50.20,50.93,49.61,7992,40139335.00,2.64,0.52,0.26,4.00
2019-08-09,50.24,48.74,50.50,48.55,11421,56357988.00,3.88,-2.91,-1.46,5.71
2019-08-12,48.73,49.48,49.55,48.69,6980,34365775.00,1.76,1.52,0.74,3.49
2019-08-13,49.04,50.95,51.28,48.76,13548,68247596.00,5.09,2.97,1.47,6.77
2019-08-14,51.30,51.08,51.53,50.70,8754,44806990.00,1.63,0.26,0.13,4.38
2019-08-15,50.18,51.08,51.11,49.61,8298,41967096.00,2.94,0.00,0.00,4.15
2019-08-16,51.16,51.46,52.48,51.16,8824,45645616.00,2.58,0.74,0.38,4.41
2019-08-19,51.40,52.86,52.87,51.40,11554,60257608.00,2.86,2.72,1.40,5.78
2019-08-20,52.57,51.90,52.99,51.31,14059,73048481.00,3.18,-1.82,-0.96,7.03
2019-08-21,51.63,50.80,51.63,50.55,10349,52555912.00,2.08,-2.12,-1.10,5.17
2019-08-22,50.75,50.27,50.78,49.80,6991,35052443.00,1.93,-1.04,-0.53,3.50
2019-08-23,50.27,50.28,50.79,49.82,8472,42520892.00,1.93,0.02,0.01,4.24
2019-08-26,49.39,49.60,50.12,49.00,6838,33825351.00,2.23,-1.35,-0.68,3.42
2019-08-27,49.70,50.08,50.41,49.52,9923,49652718.00,1.79,0.97,0.48,4.96
2019-08-28,50.20,53.66,53.88,50.00,25544,132484012.00,7.75,7.15,3.58,12.77
2019-08-29,53.00,52.12,53.10,51.76,17435,91389860.00,2.50,-2.87,-1.54,8.72
2019-08-30,52.19,51.75,52.77,51.40,12934,67369588.00,2.63,-0.71,-0.37,6.47
2019-09-02,51.60,52.60,52.97,51.42,13936,73163088.00,3.00,1.64,0.85,6.97
2019-09-03,52.59,53.06,53.50,51.82,14897,78682373.00,3.19,0.87,0.46,7.45
2019-09-04,52.77,52.47,52.78,51.87,13070,68322638.00,1.72,-1.11,-0.59,6.53
2019-09-05,52.46,52.88,53.28,52.46,16859,89039175.00,1.56,0.78,0.41,8.43
2019-09-06,52.89,52.53,53.56,52.25,11821,62495084.00,2.48,-0.66,-0.35,5.91
2019-09-09,52.65,53.67,53.80,52.43,17661,93901300.00,2.61,2.17,1.14,8.83
2019-09-10,53.64,54.05,54.47,52.87,17356,92796804.00,2.98,0.71,0.38,8.68
2019-09-11,54.00,53.39,55.00,53.36,16727,90720084.00,3.03,-1.22,-0.66,8.36
2019-09-12,53.33,55.75,56.49,53.10,34000,188302334.00,6.35,4.42,2.36,17.00
2019-09-16,55.70,57.20,58.28,55.25,30813,175546885.00,5.43,2.60,1.45,15.41
2019-09-17,57.22,57.64,58.15,55.81,24112,137562895.00,4.09,0.77,0.44,12.06
2019-09-18,57.30,58.72,61.20,57.29,37997,226577083.00,6.78,1.87,1.08,19.00
2019-09-19,58.45,59.99,60.06,57.45,29076,171131654.00,4.44,2.16,1.27,14.54
2019-09-20,59.94,57.75,60.15,57.62,24290,143226529.00,4.22,-3.73,-2.24,12.14
2019-09-23,56.70,55.26,57.30,54.71,25129,139308300.00,4.48,-4.31,-2.49,12.56
2019-09-24,55.42,56.75,57.18,55.30,20285,114168571.00,3.40,2.70,1.49,10.14
2019-09-25,56.69,57.25,58.50,55.50,20856,119581371.00,5.29,0.88,0.50,10.43
2019-09-26,57.24,53.98,57.40,53.89,21396,117919897.00,6.13,-5.71,-3.27,10.70
2019-09-27,53.67,54.44,54.88,53.16,10842,59067946.00,3.19,0.85,0.46,5.42
2019-09-30,54.40,53.41,54.45,53.30,8905,47904319.00,2.11,-1.89,-1.03,4.45
2019-10-08,53.40,51.11,53.87,50.82,13671,71218583.00,5.71,-4.31,-2.30,6.84
2019-10-09,51.00,51.60,51.84,50.63,7985,40990465.00,2.37,0.96,0.49,3.99
2019-10-10,51.30,52.20,52.52,51.30,9172,47649906.00,2.36,1.16,0.60,4.59
2019-10-11,52.39,51.13,52.39,50.68,14298,73476283.00,3.28,-2.05,-1.07,7.15
2019-10-14,51.51,51.98,52.29,51.25,10381,53742242.00,2.03,1.66,0.85,5.19
2019-10-15,51.65,52.98,53.38,51.42,13097,68798758.00,3.77,1.92,1.00,6.55
2019-10-16,52.97,53.90,54.86,52.40,20422,109581269.00,4.64,1.74,0.92,10.21
2019-10-17,53.37,52.82,53.64,52.50,12406,65731370.00,2.12,-2.00,-1.08,6.20
2019-10-18,52.91,53.26,54.30,52.62,16336,87612328.00,3.18,0.83,0.44,8.17
2019-10-21,52.60,51.10,52.88,50.68,12487,64063760.00,4.13,-4.06,-2.16,6.24
2019-10-22,51.10,51.18,51.59,50.36,7689,39178179.00,2.41,0.16,0.08,3.84
2019-10-23,51.28,50.94,51.59,50.72,6431,32960580.00,1.70,-0.47,-0.24,3.22
2019-10-24,51.28,50.51,51.28,50.18,9368,47265837.00,2.16,-0.84,-0.43,4.68
2019-10-25,50.23,51.30,51.42,50.20,6804,34561833.00,2.42,1.56,0.79,3.40
2019-10-28,51.15,52.37,52.43,50.75,9771,50633442.00,3.27,2.09,1.07,4.89
2019-10-29,52.52,52.53,53.56,52.10,12628,66884147.00,2.79,0.31,0.16,6.31
2019-10-30,52.75,53.10,53.45,52.00,8665,45775898.00,2.76,1.09,0.57,4.33
2019-10-31,53.11,50.95,53.12,50.60,10126,52504046.00,4.75,-4.05,-2.15,5.06
2019-11-01,50.95,52.05,52.48,50.15,8604,44402159.00,4.57,2.16,1.10,4.30
2019-11-04,52.05,52.68,52.85,51.85,8312,43541150.00,1.92,1.21,0.63,4.16
2019-11-05,52.60,52.80,53.19,52.25,8815,46617144.00,1.78,0.23,0.12,4.41
2019-11-06,53.08,52.00,53.08,51.84,7264,38057582.00,2.35,-1.52,-0.80,3.63
2019-11-07,52.36,51.99,52.45,51.66,6206,32248014.00,1.52,-0.02,-0.01,3.10
2019-11-08,52.20,54.04,54.84,52.16,23678,127467002.00,5.15,3.94,2.05,11.84
2019-11-11,53.76,55.23,56.42,53.14,28788,158925131.00,6.07,2.20,1.19,14.39
2019-11-12,54.32,54.80,55.99,54.30,20317,111940749.00,3.06,-0.78,-0.43,10.16
2019-11-13,54.80,54.26,55.50,53.81,14636,79622019.00,3.08,-0.99,-0.54,7.32
2019-11-14,54.39,56.60,56.60,54.04,24561,136562701.00,4.72,4.31,2.34,12.28
2019-11-15,56.08,55.80,57.30,55.55,18554,104317788.00,3.09,-1.41,-0.80,9.28
2019-11-18,55.00,56.62,56.87,54.60,18262,102219807.00,4.07,1.47,0.82,9.13
2019-11-19,56.12,56.58,56.92,55.99,16577,93553814.00,1.64,-0.07,-0.04,8.29
2019-11-20,56.50,55.30,56.55,55.22,15019,83572345.00,2.35,-2.26,-1.28,7.51
2019-11-21,54.80,54.45,54.94,53.86,14629,79518363.00,1.95,-1.54,-0.85,7.31
2019-11-22,54.38,52.65,54.76,52.33,15381,82482801.00,4.46,-3.31,-1.80,7.69
2019-11-25,52.67,51.41,52.88,51.01,10845,55806810.00,3.55,-2.36,-1.24,5.42
2019-11-26,51.78,51.75,52.43,51.30,7357,38199084.00,2.20,0.66,0.34,3.68
2019-11-27,51.75,51.91,52.10,51.26,5345,27656192.00,1.62,0.31,0.16,2.67
2019-11-28,51.63,51.72,51.99,51.41,4168,21545800.00,1.12,-0.37,-0.19,2.08
2019-11-29,51.60,51.99,52.45,51.20,6240,32335709.00,2.42,0.52,0.27,3.12
2019-12-02,51.73,51.59,51.99,51.42,4184,21630245.00,1.10,-0.77,-0.40,2.09
2019-12-03,51.60,51.03,51.60,50.22,6894,34959021.00,2.67,-1.09,-0.56,3.45
2019-12-04,50.55,50.69,50.95,50.41,4700,23822301.00,1.06,-0.67,-0.34,2.35
2019-12-05,50.70,51.23,51.35,50.70,5736,29297870.00,1.28,1.07,0.54,2.87
2019-12-06,51.18,51.43,51.68,51.03,5023,25746890.00,1.27,0.39,0.20,2.51
2019-12-09,51.49,50.91,51.53,50.89,5607,28640432.00,1.24,-1.01,-0.52,2.80
2019-12-10,50.80,51.16,51.36,50.60,6350,32396448.00,1.49,0.49,0.25,3.18
2019-12-11,51.26,51.25,51.68,51.13,5642,28992020.00,1.08,0.18,0.09,2.82
2019-12-12,51.45,50.61,51.45,50.60,6138,31179274.00,1.66,-1.25,-0.64,3.07
2019-12-13,50.67,50.95,51.09,50.60,6347,32252440.00,0.97,0.67,0.34,3.17
2019-12-16,50.77,52.54,52.92,50.77,12487,64930117.00,4.22,3.12,1.59,6.24
2019-12-17,52.47,52.72,52.83,52.20,10442,54826755.00,1.20,0.34,0.18,5.22
2019-12-18,52.52,52.90,53.20,52.23,9437,49762802.00,1.84,0.34,0.18,4.72
2019-12-19,52.36,52.63,52.70,52.00,7915,41464182.00,1.32,-0.51,-0.27,3.96
2019-12-20,52.61,53.07,53.79,52.00,14576,77178627.00,3.40,0.84,0.44,7.29
2019-12-23,53.00,53.02,54.35,52.65,14830,79392369.00,3.20,-0.09,-0.05,7.42
2019-12-24,53.02,53.52,53.83,52.41,11418,60776232.00,2.68,0.94,0.50,5.71
2019-12-25,53.40,53.15,53.40,52.72,8841,46852449.00,1.27,-0.69,-0.37,4.42
2019-12-26,52.98,53.35,53.38,52.80,7157,38005335.00,1.09,0.38,0.20,3.58
2019-12-27,53.35,54.16,54.88,53.32,18563,100303315.00,2.92,1.52,0.81,9.28
2019-12-30,54.32,55.57,55.95,54.00,18788,103981737.00,3.60,2.60,1.41,9.39
2019-12-31,55.00,54.69,55.15,54.35,13210,72191162.00,1.44,-1.58,-0.88,6.61
2020-01-02,54.91,55.02,55.16,54.38,14485,79215147.00,1.43,0.60,0.33,7.24
2020-01-03,55.00,53.78,55.11,53.78,15901,86134239.00,2.42,-2.25,-1.24,7.95
2020-01-06,53.07,53.26,53.69,52.93,12081,64304335.00,1.41,-0.97,-0.52,6.04
2020-01-07,53.29,53.79,53.79,53.20,8612,46135982.00,1.11,1.00,0.53,4.31
2020-01-08,53.45,52.11,53.65,52.11,13639,72020050.00,2.86,-3.12,-1.68,6.82
2020-01-09,52.51,52.79,52.80,52.25,9739,51182566.00,1.06,1.30,0.68,4.87
2020-01-10,53.14,53.65,53.76,52.91,12121,64742820.00,1.61,1.63,0.86,6.06
2020-01-13,53.65,53.50,53.65,52.79,10655,56686100.00,1.60,-0.28,-0.15,5.33
2020-01-14,53.53,53.10,53.55,52.83,9608,51011556.00,1.35,-0.75,-0.40,4.80
2020-01-15,53.00,52.74,53.34,52.59,6119,32353429.00,1.41,-0.68,-0.36,3.06
2020-01-16,52.54,51.98,52.63,51.88,10071,52551143.00,1.42,-1.44,-0.76,5.04
2020-01-17,52.08,52.15,52.42,51.88,4722,24612879.00,1.04,0.33,0.17,2.36
2020-01-20,52.09,52.44,52.45,51.56,7167,37239600.00,1.71,0.56,0.29,3.58
2020-01-21,52.43,51.69,52.43,51.66,4845,25104710.00,1.47,-1.43,-0.75,2.42
2020-01-22,51.09,51.36,51.50,50.80,6948,35523997.00,1.35,-0.64,-0.33,3.47
2020-01-23,51.40,49.30,51.40,49.16,11745,58803428.00,4.36,-4.01,-2.06,5.87
2020-02-03,44.37,44.37,44.37,44.37,3824,16967088.00,0.00,-10.00,-4.93,1.91
2020-02-04,41.11,43.27,43.80,41.11,10851,46558039.00,6.06,-2.48,-1.10,5.43
2020-02-05,43.27,44.82,46.00,43.22,10182,45561088.00,6.42,3.58,1.55,5.09
2020-02-06,44.18,45.52,45.80,44.18,9631,43647848.00,3.61,1.56,0.70,4.82
2020-02-07,45.47,46.15,46.17,45.05,8286,37747127.00,2.46,1.38,0.63,4.14
2020-02-10,45.80,46.98,47.25,45.40,8921,41267464.00,4.01,1.80,0.83,4.46
2020-02-11,46.98,46.36,46.98,46.32,5728,26659965.00,1.40,-1.32,-0.62,2.86
2020-02-12,46.02,46.50,46.61,46.02,6175,28616146.00,1.27,0.30,0.14,3.09
2020-02-13,46.49,45.57,46.50,45.31,8547,39137762.00,2.56,-2.00,-0.93,4.27
2020-02-14,45.55,45.03,45.56,44.97,5323,24068458.00,1.29,-1.18,-0.54,2.66
2020-02-17,45.02,46.61,46.70,44.95,7768,35870613.00,3.89,3.51,1.58,3.88
2020-02-18,46.57,46.95,47.00,46.42,8624,40343952.00,1.24,0.73,0.34,4.31
2020-02-19,46.95,48.14,50.00,46.78,18014,86586620.00,6.86,2.53,1.19,9.01
2020-02-20,48.12,48.66,49.38,47.81,15035,73134393.00,3.26,1.08,0.52,7.52
2020-02-21,48.66,48.39,48.94,47.86,11788,57020288.00,2.22,-0.55,-0.27,5.89
2020-02-24,48.01,47.84,48.15,47.29,11121,52982486.00,1.78,-1.14,-0.55,5.56
2020-02-25,47.01,46.84,47.39,46.07,9574,44780188.00,2.76,-2.09,-1.00,4.79
2020-02-26,46.50,47.14,47.25,46.00,8668,40500534.00,2.67,0.64,0.30,4.33
2020-02-27,47.17,48.68,49.80,47.16,20076,97686505.00,5.60,3.27,1.54,10.04
2020-02-28,47.99,47.50,48.60,46.69,13082,61986164.00,3.92,-2.42,-1.18,6.54
2020-03-02,48.06,48.68,48.86,47.05,14976,72214701.00,3.81,2.48,1.18,7.49
2020-03-03,49.23,48.51,49.34,48.21,12236,59871624.00,2.32,-0.35,-0.17,6.12
2020-03-04,48.52,50.15,50.35,48.42,14963,74050225.00,3.98,3.38,1.64,7.48
2020-03-05,50.31,51.72,53.20,50.30,22471,116263962.00,5.78,3.13,1.57,11.24
2020-03-06,51.15,50.30,51.50,50.21,12433,63132744.00,2.49,-2.75,-1.42,6.22
2020-03-09,49.70,48.57,49.70,48.55,11510,56444999.00,2.29,-3.44,-1.73,5.76
2020-03-10,48.00,49.51,49.68,47.88,9463,46179144.00,3.71,1.94,0.94,4.73
2020-03-11,49.40,48.88,49.86,48.88,7905,39052438.00,1.98,-1.27,-0.63,3.95
2020-03-12,48.35,47.07,48.60,46.98,9957,47423863.00,3.31,-3.70,-1.81,4.98
2020-03-13,45.01,47.00,47.70,44.13,8320,38567252.00,7.58,-0.15,-0.07,4.16
2020-03-16,47.47,45.00,47.63,44.68,7635,35264922.00,6.28,-4.26,-2.00,3.82
2020-03-17,45.00,45.53,45.80,44.44,6502,29339547.00,3.02,1.18,0.53,3.25
2020-03-18,45.98,47.60,48.89,45.41,17505,83377949.00,7.64,4.55,2.07,8.75
2020-03-19,47.86,48.94,49.38,47.01,13900,67496468.00,4.98,2.82,1.34,6.95
2020-03-20,48.94,49.05,49.33,48.01,11066,53818553.00,2.70,0.22,0.11,5.53
2020-03-23,48.00,46.90,48.96,46.80,9359,45055535.00,4.40,-4.38,-2.15,4.68
2020-03-24,47.61,51.59,51.59,47.61,26075,131019784.00,8.49,10.00,4.69,13.04
2020-03-25,53.08,54.25,55.80,52.30,37920,204492324.00,6.78,5.16,2.66,18.96
2020-03-26,54.11,55.68,56.44,53.71,34315,189816859.00,5.03,2.64,1.43,17.16
2020-03-27,56.13,52.92,56.20,52.88,27202,148046686.00,5.96,-4.96,-2.76,13.60
2020-03-30,53.42,53.05,55.17,52.86,23446,126097973.00,4.37,0.25,0.13,11.72
2020-03-31,53.70,55.20,55.99,53.01,29062,159416881.00,5.62,4.05,2.15,14.53
2020-04-01,54.62,53.37,54.86,53.01,20851,112242203.00,3.35,-3.32,-1.83,10.43
2020-04-02,53.03,52.49,53.52,51.82,15506,81357980.00,3.19,-1.65,-0.88,7.75
2020-04-03,52.55,54.50,56.42,52.50,25777,141590408.00,7.47,3.83,2.01,12.89
2020-04-07,55.50,57.59,58.45,54.20,33148,186900930.00,7.80,5.67,3.09,16.57
2020-04-08,56.79,55.59,56.88,55.50,21467,120036196.00,2.40,-3.47,-2.00,10.73
2020-04-09,55.80,55.23,56.50,54.20,19153,105799833.00,4.14,-0.65,-0.36,9.58
2020-04-10,55.33,53.41,55.73,52.88,18205,98480304.00,5.16,-3.30,-1.82,9.10
2020-04-13,53.09,54.00,54.80,53.00,12029,64983560.00,3.37,1.10,0.59,6.01
2020-04-14,53.99,54.45,54.78,53.15,13297,71848042.00,3.02,0.83,0.45,6.65
2020-04-15,54.31,53.46,54.79,53.25,11377,61307952.00,2.83,-1.82,-0.99,5.69
2020-04-16,53.46,57.36,58.58,53.38,30859,173140334.00,9.73,7.30,3.90,15.43
2020-04-17,57.48,56.99,58.28,55.88,24600,140345905.00,4.18,-0.65,-0.37,12.30
2020-04-20,62.69,62.69,62.69,61.68,15199,95089195.00,1.77,10.00,5.70,7.60
2020-04-21,63.73,64.72,66.67,62.68,52174,336181088.00,6.36,3.24,2.03,26.09
2020-04-22,63.29,66.66,67.50,63.15,41733,273680368.00,6.72,3.00,1.94,20.87
2020-04-23,65.65,63.10,66.95,63.00,39005,252916008.00,5.93,-5.34,-3.56,19.50
2020-04-24,63.11,60.83,63.90,60.35,25926,160355257.00,5.63,-3.60,-2.27,12.96
2020-04-27,60.81,58.91,61.48,58.89,22217,133382636.00,4.26,-3.16,-1.92,11.11
2020-04-28,58.69,59.80,61.13,57.50,26083,155225127.00,6.16,1.51,0.89,13.04
2020-04-29,59.25,60.52,61.00,58.77,19939,119682444.00,3.73,1.20,0.72,9.97
2020-04-30,58.51,57.90,59.50,56.11,39797,228271879.00,5.60,-4.33,-2.62,19.90
2020-05-06,56.95,58.26,58.45,56.60,17165,99179286.00,3.20,0.62,0.36,8.58
2020-05-07,58.67,60.22,60.65,58.08,24493,146694885.00,4.41,3.36,1.96,12.25
2020-05-08,60.28,60.36,61.00,59.45,19189,115629349.00,2.57,0.23,0.14,9.59
2020-05-11,60.02,60.80,61.97,60.02,15768,96241687.00,3.23,0.73,0.44,7.88
2020-05-12,60.70,62.33,62.41,59.80,19420,119297803.00,4.29,2.52,1.53,9.71
2020-05-13,61.70,64.48,65.00,61.70,26917,172236769.00,5.29,3.45,2.15,13.46
2020-05-14,64.08,64.02,65.26,63.35,23168,148594015.00,2.96,-0.71,-0.46,11.58
2020-05-15,63.89,64.76,64.92,63.27,17041,109034084.00,2.58,1.16,0.74,8.52
2020-05-18,64.65,64.51,66.10,64.10,17014,110296300.00,3.09,-0.39,-0.25,8.51
2020-05-19,64.32,64.00,64.64,62.88,18187,116183872.00,2.73,-0.79,-0.51,9.09
2020-05-20,64.00,62.75,65.57,62.65,21357,136983233.00,4.56,-1.95,-1.25,10.68
2020-05-21,63.06,64.30,66.60,62.40,27473,177503424.00,6.69,2.47,1.55,13.74
2020-05-22,64.35,66.72,69.60,64.35,34263,228753696.00,8.16,3.76,2.42,17.13
2020-05-25,65.68,67.99,68.43,64.84,24893,165955539.00,5.38,1.90,1.27,12.45
2020-05-26,67.68,69.02,69.65,66.31,22588,153608479.00,4.91,1.51,1.03,11.29
2020-05-27,69.20,75.92,75.92,68.61,27024,199755846.00,10.59,10.00,6.90,13.51
2020-05-28,75.94,74.20,78.50,72.50,37882,284482352.00,7.90,-2.27,-1.72,18.94
2020-05-29,74.00,77.61,79.10,73.46,33468,255716975.00,7.60,4.60,3.41,16.73
2020-06-01,77.61,78.84,80.60,77.07,24272,191098066.00,4.55,1.58,1.23,12.14
2020-06-02,78.61,75.80,79.54,75.28,24412,187622125.00,5.40,-3.86,-3.04,12.21
2020-06-03,76.40,75.51,76.40,74.50,13753,103848972.00,2.51,-0.38,-0.29,6.88
2020-06-04,75.95,76.66,77.48,74.80,15140,115335224.00,3.55,1.52,1.15,7.57
2020-06-05,76.51,74.61,76.92,73.68,16518,123489448.00,4.23,-2.67,-2.05,8.26
2020-06-08,74.58,75.05,76.52,72.68,14356,106858676.00,5.15,0.59,0.44,7.18
2020-06-09,74.95,77.18,78.40,74.55,16060,123205978.00,5.13,2.84,2.13,8.03
2020-06-10,76.80,80.36,81.28,75.99,18577,146676310.00,6.85,4.12,3.18,9.29
2020-06-11,79.89,82.67,84.80,79.35,18269,149915874.00,6.78,2.87,2.31,9.13
2020-06-12,79.50,82.80,84.36,79.50,12275,100663727.00,5.88,0.16,0.13,6.14
2020-06-15,82.94,77.85,83.77,77.76,20103,161050340.00,7.26,-5.98,-4.95,10.05
2020-06-16,79.17,84.40,85.10,77.80,21738,178243926.00,9.38,8.41,6.55,10.87
2020-06-17,83.68,81.60,84.40,81.10,14067,115723243.00,3.91,-3.32,-2.80,7.03
2020-06-18,81.78,81.78,82.33,79.62,9182,74321786.00,3.32,0.22,0.18,4.59
2020-06-19,81.26,80.19,83.11,80.00,21412,172850133.00,3.80,-1.94,-1.59,6.13
2020-06-22,79.51,83.20,83.56,79.42,17457,141805200.00,5.16,3.75,3.01,5.00
2020-06-23,83.12,90.50,91.52,82.58,25210,222154824.00,10.75,8.77,7.30,7.22
2020-06-24,90.47,92.33,94.20,90.01,18678,172631138.00,4.63,2.02,1.83,5.35
2020-06-29,92.52,99.92,101.30,92.52,20163,196404194.00,9.51,8.22,7.59,5.78
2020-06-30,100.12,109.00,109.91,100.12,24120,256567576.00,9.80,9.09,9.08,6.91
2020-07-01,104.00,109.40,110.93,104.00,37189,401141056.00,6.36,0.37,0.40,10.65
2020-07-02,109.40,106.00,111.58,105.49,24986,268494240.00,5.57,-3.11,-3.40,7.16
2020-07-03,51.00,51.80,53.99,50.96,43502,227220614.00,2.86,-51.13,-54.20,6.23
2020-07-06,52.00,51.02,52.84,49.55,58465,297899760.00,6.35,-1.51,-0.78,8.37
2020-07-07,50.66,52.33,53.52,50.52,52319,271995184.00,5.88,2.57,1.31,7.49
2020-07-08,52.31,51.68,52.66,51.00,30152,156050106.00,3.17,-1.24,-0.65,4.32
2020-07-09,52.51,53.54,54.49,51.43,43850,232158129.00,5.92,3.60,1.86,6.28
2020-07-10,53.00,55.80,56.60,52.65,42853,236657580.00,7.38,4.22,2.26,6.14
2020-07-13,55.89,58.00,58.05,53.70,71049,395777440.00,7.80,3.94,2.20,10.18
2020-07-14,57.99,54.31,57.99,52.68,51250,284913920.00,9.16,-6.36,-3.69,7.34
2020-07-15,54.35,55.56,57.20,53.41,42966,237445005.00,6.98,2.30,1.25,6.15
2020-07-16,55.56,50.00,55.90,50.00,45632,238452941.00,10.62,-10.01,-5.56,6.54
2020-07-17,49.80,49.60,51.05,46.80,30675,150633723.00,8.50,-0.80,-0.40,4.39
2020-07-20,49.58,48.71,50.36,47.62,32055,155809589.00,5.52,-1.79,-0.89,4.59
2020-07-21,49.00,49.51,50.35,48.00,27125,134127411.00,4.82,1.64,0.80,3.88
2020-07-22,49.45,49.60,50.33,48.32,22933,113580624.00,4.06,0.18,0.09,3.28
2020-07-23,49.62,49.52,50.14,48.30,24843,122094281.00,3.71,-0.16,-0.08,3.56
2020-07-24,49.21,47.17,49.37,46.74,31936,152766246.00,5.31,-4.75,-2.35,4.57
2020-07-27,46.97,47.09,47.81,46.64,17167,80924289.00,2.48,-0.17,-0.08,2.46
2020-07-28,47.50,48.77,49.30,47.04,20107,97284451.00,4.80,3.57,1.68,2.88
2020-07-29,49.00,49.04,49.30,48.36,17734,86683711.00,1.93,0.55,0.27,2.54
2020-07-30,49.10,50.95,53.88,48.60,45838,235862319.00,10.77,3.89,1.91,6.56
2020-07-31,51.00,51.28,52.10,50.10,22696,115893534.00,3.93,0.65,0.33,3.25
2020-08-03,52.45,50.99,52.45,50.29,29761,151004504.00,4.21,-0.57,-0.29,4.26
2020-08-04,50.75,50.18,51.50,50.00,20001,101510474.00,2.94,-1.59,-0.81,2.86
2020-08-05,50.29,51.23,51.59,49.38,24127,121605829.00,4.40,2.09,1.05,3.46
2020-08-06,50.99,48.88,51.16,48.80,23090,114242293.00,4.61,-4.59,-2.35,3.31
2020-08-07,48.83,47.82,49.43,47.06,17722,85116674.00,4.85,-2.17,-1.06,2.54
2020-08-10,47.69,48.12,48.54,47.21,11997,57393543.00,2.78,0.63,0.30,1.72
2020-08-11,47.98,48.37,49.29,47.70,16950,82281864.00,3.30,0.52,0.25,2.43
2020-08-12,48.37,47.40,48.58,46.87,14061,66595621.00,3.54,-2.01,-0.97,2.01
2020-08-13,47.30,47.42,47.96,47.09,7786,36963354.00,1.84,0.04,0.02,1.12
2020-08-14,47.43,47.69,47.99,47.08,7664,36484783.00,1.92,0.57,0.27,1.10
2020-08-17,47.99,48.66,49.13,47.80,16666,81179182.00,2.79,2.03,0.97,2.39
2020-08-18,49.07,51.42,51.96,48.30,33211,168813734.00,7.52,5.67,2.76,4.76
2020-08-19,51.36,53.24,55.55,51.00,51608,277905984.00,8.85,3.54,1.82,7.39
2020-08-20,52.55,50.78,52.64,50.63,23092,118622664.00,3.78,-4.62,-2.46,3.31
2020-08-21,51.06,51.82,52.80,51.06,21590,111965788.00,3.43,2.05,1.04,3.09
2020-08-24,51.85,50.49,52.42,49.50,19844,100389298.00,5.63,-2.57,-1.33,2.84
2020-08-25,50.92,49.70,50.92,49.56,15538,77938878.00,2.69,-1.56,-0.79,2.23
2020-08-26,49.54,47.25,49.66,47.00,19582,94109298.00,5.35,-4.93,-2.45,2.80
2020-08-27,47.60,51.98,51.98,46.82,42883,217062622.00,10.92,10.01,4.73,6.14
2020-08-28,53.50,55.30,56.80,52.35,67008,367531120.00,8.56,6.39,3.32,9.60
2020-08-31,55.59,53.86,56.29,52.10,45549,248964253.00,7.58,-2.60,-1.44,6.52
2020-09-01,53.01,53.40,53.74,51.84,28586,150595935.00,3.53,-0.85,-0.46,4.09
2020-09-02,54.00,52.91,56.50,52.86,39679,216794883.00,6.82,-0.92,-0.49,5.68
2020-09-03,52.90,52.01,54.31,51.71,25159,132866212.00,4.91,-1.70,-0.90,3.60
2020-09-04,50.56,50.12,50.73,48.79,29426,145558937.00,3.73,-3.63,-1.89,4.21
2020-09-07,49.58,49.63,51.60,49.20,20232,101873982.00,4.79,-0.98,-0.49,2.90
2020-09-08,49.80,48.87,50.49,48.33,13114,64152429.00,4.35,-1.53,-0.76,1.88
2020-09-09,48.50,47.94,49.47,47.60,15803,76527473.00,3.83,-1.90,-0.93,2.26
2020-09-10,48.48,48.71,49.50,48.16,12328,60203412.00,2.80,1.61,0.77,1.77
2020-09-11,48.25,49.29,49.58,47.68,9401,45949971.00,3.90,1.19,0.58,1.35
2020-09-14,49.25,49.58,50.00,48.20,12464,61129558.00,3.65,0.59,0.29,1.79
2020-09-15,49.56,49.98,50.19,49.06,8423,41900554.00,2.28,0.81,0.40,1.21
2020-09-16,49.98,48.61,49.98,48.39,8739,42782430.00,3.18,-2.74,-1.37,1.25
2020-09-17,48.50,46.80,48.50,46.30,18835,88528821.00,4.53,-3.72,-1.81,2.70
2020-09-18,46.90,47.05,47.29,46.36,9674,45271817.00,1.99,0.53,0.25,1.39
2020-09-21,47.06,45.88,47.06,45.55,14455,66606338.00,3.21,-2.49,-1.17,2.07
2020-09-22,45.80,44.93,45.81,44.50,14670,66074567.00,2.86,-2.07,-0.95,2.10
2020-09-23,44.58,44.88,45.39,44.14,9435,42212658.00,2.78,-0.11,-0.05,1.35
2020-09-24,44.40,43.99,45.20,43.94,8166,36199458.00,2.81,-1.98,-0.89,1.17
2020-09-25,43.90,43.86,44.47,43.51,6586,28915194.00,2.18,-0.30,-0.13,0.94
2020-09-28,43.52,43.28,44.26,42.80,7404,32238522.00,3.33,-1.32,-0.58,1.06
2020-09-29,43.43,43.55,43.85,43.10,5993,26075270.00,1.73,0.62,0.27,0.86
2020-09-30,43.19,43.78,44.44,43.18,6910,30310188.00,2.89,0.53,0.23,0.99
2020-10-09,44.15,44.14,44.93,44.00,7528,33391534.00,2.12,0.82,0.36,1.08
2020-10-12,44.20,46.42,46.45,44.20,16609,75724042.00,5.10,5.17,2.28,2.38
2020-10-13,46.42,45.30,46.43,44.80,11979,54409728.00,3.51,-2.41,-1.12,1.72
2020-10-14,45.33,45.40,46.48,44.69,9290,42430227.00,3.95,0.22,0.10,1.33
2020-10-15,45.58,44.09,45.78,44.01,11516,51372527.00,3.90,-2.89,-1.31,1.65
2020-10-16,44.09,44.18,44.88,43.81,4540,20108007.00,2.43,0.20,0.09,0.65
2020-10-19,44.18,43.70,44.68,43.54,5964,26297552.00,2.58,-1.09,-0.48,0.85
2020-10-20,43.50,44.18,44.20,43.15,4959,21716087.00,2.40,1.10,0.48,0.71
2020-10-21,44.18,43.70,44.27,43.50,5704,24933489.00,1.74,-1.09,-0.48,0.82
2020-10-22,43.69,43.65,43.99,43.01,4347,18848297.00,2.24,-0.11,-0.05,0.62
2020-10-23,43.63,41.87,43.80,41.50,7766,33163280.00,5.27,-4.08,-1.78,1.11
2020-10-26,41.91,41.41,42.28,40.51,6998,28915917.00,4.23,-1.10,-0.46,1.00
2020-10-27,41.40,41.94,42.39,40.93,5833,24360937.00,3.53,1.28,0.53,0.84
2020-10-28,41.94,40.82,42.35,40.42,9761,40017155.00,4.60,-2.67,-1.12,1.40
2020-10-29,39.42,41.04,41.46,39.31,8682,35446800.00,5.27,0.54,0.22,1.24
2020-10-30,40.01,36.94,40.99,36.94,25042,94323837.00,9.87,-9.99,-4.10,3.59
2020-11-02,34.59,35.35,36.46,34.59,23430,83174880.00,5.06,-4.30,-1.59,3.36
2020-11-03,35.91,36.43,36.80,35.02,17118,61471802.00,5.04,3.06,1.08,2.45
2020-11-04,36.42,35.53,36.68,35.17,14995,53435048.00,4.14,-2.47,-0.90,2.15
2020-11-05,35.72,35.93,36.79,35.72,11815,42599030.00,3.01,1.13,0.40,1.69
2020-11-06,35.93,35.49,36.04,35.01,11949,42324269.00,2.87,-1.22,-0.44,1.71
2020-11-09,35.69,36.50,36.90,35.56,13717,49884805.00,3.78,2.85,1.01,1.96
2020-11-10,36.57,36.16,37.00,35.60,11842,42751306.00,3.84,-0.93,-0.34,1.70
2020-11-11,36.16,35.50,36.95,35.39,15921,57245655.00,4.31,-1.83,-0.66,2.28
2020-11-12,35.00,35.75,36.68,35.00,11592,41607030.00,4.73,0.70,0.25,1.66
2020-11-13,35.75,35.47,36.47,35.10,5650,20000429.00,3.83,-0.78,-0.28,0.81
2020-11-16,35.58,36.08,36.33,35.38,8763,31436765.00,2.68,1.72,0.61,1.26
2020-11-17,36.12,34.91,36.12,34.77,11919,41966884.00,3.74,-3.24,-1.17,1.71
2020-11-18,34.95,35.23,35.65,34.95,7016,24739180.00,2.01,0.92,0.32,1.00
2020-11-19,35.26,35.35,35.55,34.30,13235,46316505.00,3.55,0.34,0.12,1.90
2020-11-20,35.50,34.93,35.74,34.80,10687,37541129.00,2.66,-1.19,-0.42,1.53
2020-11-23,35.30,34.52,35.48,34.47,13153,45760859.00,2.89,-1.17,-0.41,1.88
2020-11-24,34.41,33.76,34.98,33.41,13507,45541087.00,4.55,-2.20,-0.76,1.93
2020-11-25,33.99,32.55,33.99,32.50,11878,39109362.00,4.41,-3.58,-1.21,1.70
2020-11-26,32.55,32.05,33.06,32.00,9898,31991000.00,3.26,-1.54,-0.50,1.42
2020-11-27,32.15,31.50,32.29,31.12,13279,41869998.00,3.65,-1.72,-0.55,1.90
2020-11-30,31.40,31.60,31.85,31.05,13629,42977868.00,2.54,0.32,0.10,1.95
2020-12-01,31.60,33.62,33.95,31.40,23260,76647487.00,8.07,6.39,2.02,3.33
2020-12-02,33.30,33.55,34.65,33.03,23235,78922450.00,4.82,-0.21,-0.07,3.33
2020-12-03,33.55,34.82,34.92,33.20,18327,62931562.00,5.13,3.79,1.27,2.62
2020-12-04,34.78,35.32,35.42,34.40,17653,61812035.00,2.93,1.44,0.50,2.53
2020-12-07,35.32,34.92,35.66,34.77,13566,47679675.00,2.52,-1.13,-0.40,1.94
2020-12-08,34.66,35.15,35.47,34.43,12815,44897268.00,2.98,0.66,0.23,1.84
2020-12-09,35.79,34.49,35.79,34.13,13943,48363240.00,4.72,-1.88,-0.66,2.00
2020-12-10,34.21,34.35,35.00,34.02,9574,33055289.00,2.84,-0.41,-0.14,1.37
2020-12-11,34.35,33.08,34.35,32.80,13775,45961689.00,4.51,-3.70,-1.27,1.97
2020-12-14,33.08,35.15,35.31,32.86,20260,69449972.00,7.41,6.26,2.07,2.90
2020-12-15,35.16,34.56,35.50,34.20,13068,45277671.00,3.70,-1.68,-0.59,1.87
2020-12-16,34.41,36.68,36.68,34.11,34371,122881010.00,7.44,6.13,2.12,4.92
2020-12-17,36.40,37.40,37.97,36.00,45360,168062804.00,5.37,1.96,0.72,6.50
2020-12-18,37.03,35.68,37.40,35.56,29796,107273429.00,4.92,-4.60,-1.72,4.27
2020-12-21,35.20,35.41,35.67,34.39,20572,72094218.00,3.59,-0.76,-0.27,2.95
2020-12-22,35.09,35.55,36.55,35.03,25005,89384411.00,4.29,0.40,0.14,3.58
2020-12-23,35.50,32.70,35.90,32.00,42834,144631589.00,10.97,-8.02,-2.85,6.13
2020-12-24,32.50,30.02,32.50,29.99,35677,108954505.00,7.68,-8.20,-2.68,5.11
2020-12-25,29.90,29.71,30.40,29.17,18110,54128843.00,4.10,-1.03,-0.31,2.59
2020-12-28,29.74,28.32,30.19,28.02,25499,72521381.00,7.30,-4.68,-1.39,3.65
2020-12-29,28.30,28.70,28.88,27.80,16719,47451280.00,3.81,1.34,0.38,2.39
2020-12-30,28.60,28.45,29.14,28.22,11759,33625556.00,3.21,-0.87,-0.25,1.68
2020-12-31,28.49,28.31,28.67,28.19,16008,45495996.00,1.69,-0.49,-0.14,2.29
2021-01-04,28.30,28.42,28.66,27.80,28359,80278755.00,3.04,0.39,0.11,4.06
2021-01-05,28.40,30.24,30.24,28.11,53113,155231269.00,7.49,6.40,1.82,7.61
2021-01-06,30.01,28.97,30.03,28.83,33441,97544381.00,3.97,-4.20,-1.27,4.79
2021-01-07,28.70,26.07,28.77,26.07,58579,157306091.00,9.32,-10.01,-2.90,8.39
2021-01-08,25.98,26.11,26.33,24.54,31578,80360930.00,6.87,0.15,0.04,4.52
2021-01-11,26.04,24.39,26.07,24.06,37153,92033748.00,7.70,-6.59,-1.72,5.32
2021-01-12,24.40,25.28,25.58,24.20,23325,58683336.00,5.66,3.65,0.89,3.34
2021-01-13,25.35,25.01,25.58,24.50,20335,50550151.00,4.27,-1.07,-0.27,2.91
2021-01-14,25.36,25.32,25.85,24.87,19449,49347006.00,3.92,1.24,0.31,2.79
2021-01-15,25.33,26.26,26.50,25.02,22630,58187429.00,5.85,3.71,0.94,3.24
2021-01-18,26.20,26.05,26.65,25.88,19005,49666503.00,2.93,-0.80,-0.21,2.72
2021-01-19,26.07,26.03,26.49,25.93,18277,47926346.00,2.15,-0.08,-0.02,2.62
2021-01-20,25.94,26.19,26.35,25.30,12307,32031446.00,4.03,0.61,0.16,1.76
2021-01-21,26.00,26.22,26.43,25.75,25586,66957452.00,2.60,0.11,0.03,3.66
2021-01-22,26.36,26.24,26.68,25.85,23818,62502957.00,3.17,0.08,0.02,3.41
2021-01-25,26.20,25.46,26.34,25.20,21226,54606929.00,4.34,-2.97,-0.78,3.04
2021-01-26,25.38,25.30,26.15,25.11,13170,33705785.00,4.08,-0.63,-0.16,1.89
2021-01-27,25.30,25.02,25.40,24.69,11043,27510921.00,2.81,-1.11,-0.28,1.58
2021-01-28,24.82,24.36,25.05,24.23,19282,47386821.00,3.28,-2.64,-0.66,2.76
2021-01-29,24.36,23.90,24.66,23.73,14865,35764775.00,3.82,-1.89,-0.46,2.13
2021-02-01,23.90,23.23,23.90,22.40,36121,83234051.00,6.28,-2.80,-0.67,5.17
2021-02-02,23.10,24.82,24.85,23.02,27984,67666993.00,7.88,6.84,1.59,4.01
2021-02-03,24.88,25.45,26.20,24.71,33914,86571254.00,6.00,2.54,0.63,4.86
2021-02-04,25.70,28.00,28.00,25.61,34994,96636105.00,9.39,10.02,2.55,5.01
2021-02-05,28.80,28.55,30.79,27.25,97933,283968688.00,12.64,1.96,0.55,14.03
2021-02-08,27.63,26.84,27.68,25.70,69840,184506135.00,6.94,-5.99,-1.71,10.00
2021-02-09,26.45,26.86,27.57,26.02,39782,106632267.00,5.77,0.07,0.02,5.70
2021-02-10,26.86,25.56,26.86,25.21,41615,107407482.00,6.14,-4.84,-1.30,5.96
2021-02-18,25.70,28.12,28.12,25.70,37715,103584711.00,9.47,10.02,2.56,5.40
2021-02-19,29.02,30.55,30.70,28.76,80551,239523188.00,6.90,8.64,2.43,11.54
2021-02-22,30.39,31.24,32.50,29.28,66272,203786412.00,10.54,2.26,0.69,9.49
2021-02-23,30.99,29.74,31.00,29.62,40983,123146507.00,4.42,-4.80,-1.50,5.87
2021-02-24,29.77,30.40,31.41,29.77,38618,117978437.00,5.51,2.22,0.66,5.53
2021-02-25,30.19,29.73,30.46,29.28,24091,71587920.00,3.88,-2.20,-0.67,3.45
2021-02-26,29.36,28.33,29.36,28.20,27496,79083524.00,3.90,-4.71,-1.40,3.94
2021-03-01,28.62,30.75,30.90,28.62,40369,121702926.00,8.05,8.54,2.42,5.78
2021-03-02,30.67,30.00,30.80,29.43,34215,102530836.00,4.46,-2.44,-0.75,4.90
2021-03-03,29.82,31.95,32.80,29.35,57287,179034444.00,11.50,6.50,1.95,8.20
2021-03-04,31.67,31.43,32.66,30.80,42960,135235223.00,5.82,-1.63,-0.52,6.15
2021-03-05,30.97,30.88,31.25,30.10,23369,71939212.00,3.66,-1.75,-0.55,3.35
2021-03-08,30.91,30.80,31.50,29.86,31723,96888126.00,5.31,-0.26,-0.08,4.54
2021-03-09,30.30,28.22,30.50,28.20,37833,109887421.00,7.47,-8.38,-2.58,5.42
2021-03-10,28.76,26.61,28.87,26.50,31843,86472025.00,8.40,-5.71,-1.61,4.56
2021-03-11,26.44,27.94,28.50,26.44,26756,73696290.00,7.74,5.00,1.33,3.83
2021-03-12,27.89,27.75,27.89,27.22,18243,50153741.00,2.40,-0.68,-0.19,2.61
2021-03-15,27.75,27.53,28.05,27.10,13904,38421110.00,3.42,-0.79,-0.22,1.99
2021-03-16,27.67,28.61,28.62,27.67,17771,50268342.00,3.45,3.92,1.08,2.55
2021-03-17,28.49,28.70,29.18,28.23,14467,41653226.00,3.32,0.31,0.09,2.07
2021-03-18,28.70,28.41,28.96,28.38,13054,37294144.00,2.02,-1.01,-0.29,1.87
2021-03-19,27.71,28.00,28.40,27.70,13049,36623555.00,2.46,-1.44,-0.41,1.87
2021-03-22,27.89,27.78,28.73,27.66,12581,35173400.00,3.82,-0.79,-0.22,1.80
2021-03-23,27.77,27.61,27.98,27.30,11435,31597141.00,2.45,-0.61,-0.17,1.64
2021-03-24,27.61,27.22,27.75,26.69,13997,37867999.00,3.84,-1.41,-0.39,2.00
2021-03-25,26.96,27.23,27.53,26.88,8717,23734271.00,2.39,0.04,0.01,1.25
2021-03-26,27.28,27.31,27.47,27.04,7989,21793606.00,1.58,0.29,0.08,1.14
2021-03-29,27.32,27.43,27.72,27.22,8604,23643568.00,1.83,0.44,0.12,1.23
2021-03-30,27.42,26.57,27.42,26.52,14432,38734656.00,3.28,-3.14,-0.86,2.07
2021-03-31,26.56,26.76,27.09,26.02,11890,31653135.00,4.03,0.72,0.19,1.70
2021-04-01,26.76,26.81,26.98,26.49,8314,22272122.00,1.83,0.19,0.05,1.19
2021-04-02,26.80,27.23,27.44,26.61,11662,31626733.00,3.10,1.57,0.42,1.67
2021-04-06,28.21,27.88,28.22,27.50,13271,36995669.00,2.64,2.39,0.65,1.90
2021-04-07,27.89,28.36,28.75,27.71,14889,42141127.00,3.73,1.72,0.48,2.13
2021-04-08,28.25,29.04,29.76,27.96,27418,79696710.00,6.35,2.40,0.68,3.93
2021-04-09,28.90,28.59,29.15,28.25,16134,46151787.00,3.10,-1.55,-0.45,2.31
2021-04-12,28.39,27.80,28.81,27.78,12069,34010893.00,3.60,-2.76,-0.79,1.73
2021-04-13,27.61,27.50,28.18,27.26,9924,27497202.00,3.31,-1.08,-0.30,1.42
2021-04-14,27.40,27.74,27.85,26.91,9194,25242857.00,3.42,0.87,0.24,1.32
2021-04-15,28.03,27.97,28.44,27.75,13179,37027129.00,2.49,0.83,0.23,1.89
2021-04-16,27.96,28.15,28.30,27.58,11826,33100187.00,2.57,0.64,0.18,1.69
2021-04-19,28.16,27.97,28.16,27.43,14991,41708801.00,2.59,-0.64,-0.18,2.15
2021-04-20,27.97,28.59,29.20,27.90,24094,69043009.00,4.65,2.22,0.62,3.45
2021-04-21,28.47,28.92,29.38,28.31,24137,69804182.00,3.74,1.15,0.33,3.46
2021-04-22,28.93,29.86,29.92,28.68,33133,97485811.00,4.29,3.25,0.94,4.75
2021-04-23,29.46,29.02,29.85,28.55,30190,87833450.00,4.35,-2.81,-0.84,4.32
2021-04-26,28.97,29.08,29.51,28.61,18865,54696733.00,3.10,0.21,0.06,2.70
2021-04-27,28.98,28.17,28.98,28.15,14109,40076586.00,2.85,-3.13,-0.91,2.02
2021-04-28,28.00,27.84,28.07,27.11,18332,50366799.00,3.41,-1.17,-0.33,2.63
2021-04-29,28.11,28.95,30.00,28.11,28305,82346296.00,6.79,3.99,1.11,4.05
2021-04-30,28.94,28.92,29.45,28.60,20970,60959282.00,2.94,-0.10,-0.03,3.00
2021-05-06,28.91,30.28,30.29,28.91,45752,137030393.00,4.77,4.70,1.36,6.55
2021-05-07,30.00,29.89,30.15,29.48,26931,80138365.00,2.21,-1.29,-0.39,3.86
2021-05-10,29.89,28.47,29.97,28.10,31810,91808423.00,6.26,-4.75,-1.42,4.56
2021-05-11,28.47,28.96,29.65,28.22,25222,73224939.00,5.02,1.72,0.49,3.61
2021-05-12,28.79,28.71,28.99,27.74,24197,68380762.00,4.32,-0.86,-0.25,3.47
2021-05-13,28.36,31.58,31.58,28.21,72738,223267283.00,11.74,10.00,2.87,10.42
2021-05-14,34.74,34.74,34.74,34.74,9392,32628398.00,0.00,10.01,3.16,1.35
2021-05-17,38.21,35.91,38.21,35.10,180333,662046592.00,8.95,3.37,1.17,25.83
2021-05-18,35.30,33.76,35.50,33.08,114035,387150000.00,6.74,-5.99,-2.15,16.33
2021-05-19,33.10,34.38,34.98,32.51,89563,303249936.00,7.32,1.84,0.62,12.83
2021-05-20,33.50,33.26,34.37,33.03,56660,189789353.00,3.90,-3.26,-1.12,8.11
2021-05-21,33.46,32.55,34.00,32.52,55364,184196898.00,4.45,-2.13,-0.71,7.93
2021-05-24,31.87,31.33,32.20,31.29,52584,165999106.00,2.80,-3.75,-1.22,7.53
2021-05-25,31.30,32.40,32.84,31.02,54515,175424496.00,5.81,3.42,1.07,7.81
2021-05-26,32.11,32.70,33.05,31.60,41854,136092896.00,4.48,0.93,0.30,5.99
2021-05-27,32.44,32.22,33.20,32.16,36345,118189154.00,3.18,-1.47,-0.48,5.21
2021-05-28,32.20,32.73,32.73,31.76,32047,103466457.00,3.01,1.58,0.51,4.69
2021-05-31,32.70,33.79,34.35,32.48,53057,177081065.00,5.71,3.24,1.06,7.76
2021-06-01,33.51,33.00,33.76,32.38,39660,130578267.00,4.08,-2.34,-0.79,5.80
2021-06-02,32.96,32.53,33.33,32.34,34562,113508664.00,3.00,-1.42,-0.47,5.05
2021-06-03,32.53,31.33,32.72,31.27,41587,130959814.00,4.46,-3.69,-1.20,6.08
2021-06-04,31.12,31.39,31.68,31.01,17657,55411324.00,2.14,0.19,0.06,2.58
2021-06-07,31.35,31.53,31.70,30.81,19683,61544606.00,2.84,0.45,0.14,2.88
2021-06-08,31.34,30.66,31.48,30.41,19593,60344673.00,3.39,-2.76,-0.87,2.86
2021-06-09,30.78,31.48,31.66,30.51,20822,65129685.00,3.75,2.67,0.82,3.04
2021-06-10,31.41,31.51,32.21,31.40,22121,70402217.00,2.57,0.10,0.03,3.23
2021-06-11,31.56,31.07,31.82,30.86,15042,46766286.00,3.05,-1.40,-0.44,2.20
2021-06-15,31.17,31.74,31.88,30.81,18275,57561674.00,3.44,2.16,0.67,2.67
2021-06-16,31.67,31.56,32.00,31.31,15272,48309078.00,2.17,-0.57,-0.18,2.23
2021-06-17,31.45,32.60,32.95,31.10,28499,92579869.00,5.86,3.30,1.04,4.17
2021-06-18,32.37,32.22,32.71,31.86,20733,66731347.00,2.61,-1.17,-0.38,3.03
2021-06-21,31.98,31.82,32.22,31.55,16136,51479590.00,2.08,-1.24,-0.40,2.36
2021-06-22,31.70,30.82,31.70,30.30,31463,96475420.00,4.40,-3.14,-1.00,4.60
2021-06-23,30.75,30.48,30.79,30.21,16348,49854222.00,1.88,-1.10,-0.34,2.39
2021-06-24,30.48,30.56,31.10,30.20,12429,38129473.00,2.95,0.26,0.08,1.82
2021-06-25,30.50,30.12,30.51,29.82,17874,53718001.00,2.26,-1.44,-0.44,2.61
2021-06-28,30.13,29.30,30.49,29.23,22889,67639097.00,4.18,-2.72,-0.82,3.35
2021-06-29,29.34,29.29,29.48,29.11,10495,30774227.00,1.26,-0.03,-0.01,1.53
2021-06-30,29.37,29.62,29.66,29.12,9874,29051943.00,1.84,1.13,0.33,1.44
2021-07-01,29.46,29.56,29.90,29.15,12274,36151149.00,2.53,-0.20,-0.06,1.80
2021-07-02,29.25,28.66,29.36,28.34,15964,46132287.00,3.45,-3.04,-0.90,2.34
2021-07-05,28.71,28.81,28.99,28.20,11620,33239610.00,2.76,0.52,0.15,1.70
2021-07-06,28.90,28.51,28.90,28.30,9229,26275948.00,2.08,-1.04,-0.30,1.35
2021-07-07,28.60,28.79,29.14,28.56,9993,28849142.00,2.03,0.98,0.28,1.46
2021-07-08,28.79,28.88,28.98,27.88,19020,53857011.00,3.82,0.31,0.09,2.78
2021-07-09,29.00,31.77,31.77,29.00,38409,119311100.00,9.59,10.01,2.89,5.62
2021-07-12,31.88,32.08,32.43,30.89,52852,167304269.00,4.85,0.98,0.31,7.73
2021-07-13,31.86,32.47,32.49,31.55,30408,97467677.00,2.93,1.22,0.39,4.45
2021-07-14,32.80,32.20,32.80,31.82,22183,71440985.00,3.02,-0.83,-0.27,3.24
2021-07-15,32.01,31.35,32.68,31.35,27520,88030188.00,4.13,-2.64,-0.85,4.03
2021-07-16,22.20,21.44,22.28,21.30,27644,59986680.00,3.13,-31.61,-9.91,2.89
