2017-11-01,11.81,11.81,11.81,11.81,52,61128.00,0.00,9.96,1.07,0.01
2017-11-02,12.99,12.99,12.99,12.99,53,68847.00,0.00,9.99,1.18,0.01
2017-11-03,14.29,14.29,14.29,14.29,128,183040.00,0.00,10.01,1.30,0.03
2017-11-06,15.72,15.72,15.72,15.72,175,275100.00,0.00,10.01,1.43,0.04
2017-11-07,17.29,17.29,17.29,17.29,191,330169.00,0.00,9.99,1.57,0.04
2017-11-08,19.02,19.02,19.02,19.02,543,1033698.00,0.00,10.01,1.73,0.12
2017-11-09,20.92,20.92,20.92,20.92,786,1643998.00,0.00,9.99,1.90,0.17
2017-11-10,23.01,23.01,23.01,23.01,1161,2671507.00,0.00,9.99,2.09,0.25
2017-11-15,25.31,25.31,25.31,25.31,2862,7244101.00,0.00,10.00,2.30,0.61
2017-11-16,27.84,27.84,27.84,27.84,13331,37114255.00,0.00,10.00,2.53,2.85
2017-11-17,27.63,30.62,30.62,25.70,318722,888754704.00,17.67,9.99,2.78,68.04
2017-11-20,29.77,31.67,33.68,29.51,346170,1105200000.00,13.62,3.43,1.05,73.90
2017-11-21,28.50,28.50,28.50,28.50,52707,150214950.00,0.00,-10.01,-3.17,11.25
2017-11-22,27.96,26.09,28.50,25.65,285335,763947648.00,10.00,-8.46,-2.41,60.92
2017-11-23,24.22,23.48,25.14,23.48,206974,502364240.00,6.36,-10.00,-2.61,44.19
2017-11-24,22.85,22.04,23.39,21.80,155366,350918944.00,6.77,-6.13,-1.44,33.17
2017-11-27,22.12,22.73,23.06,21.55,145959,327966528.00,6.85,3.13,0.69,31.16
2017-11-28,22.32,22.90,23.50,21.84,141561,323085200.00,7.30,0.75,0.17,30.22
2017-11-29,22.42,21.66,22.58,21.00,137520,299017680.00,6.90,-5.41,-1.24,29.36
2017-11-30,21.74,22.09,22.47,21.60,118757,262173312.00,4.02,1.99,0.43,25.35
2017-12-01,22.00,21.23,22.00,20.82,98139,209379723.00,5.34,-3.89,-0.86,20.95
2017-12-04,20.48,19.11,20.65,19.11,101887,200229795.00,7.25,-9.99,-2.12,21.75
2017-12-05,18.50,17.88,18.85,17.72,95729,174945347.00,5.91,-6.44,-1.23,20.44
2017-12-06,17.91,18.63,18.73,17.91,90406,166024477.00,4.59,4.19,0.75,19.30
2017-12-07,18.30,18.01,18.60,17.90,70721,129475650.00,3.76,-3.33,-0.62,15.10
2017-12-08,17.98,18.60,18.96,17.78,97125,180049094.00,6.55,3.28,0.59,20.74
2017-12-11,18.45,18.76,18.88,18.21,72721,135667207.00,3.60,0.86,0.16,15.53
2017-12-12,18.67,17.49,18.67,17.22,88250,157906894.00,7.73,-6.77,-1.27,18.84
2017-12-13,17.41,17.70,17.88,17.40,51608,91209961.00,2.74,1.20,0.21,11.02
2017-12-14,17.68,18.01,18.20,17.60,62878,112885417.00,3.39,1.75,0.31,13.42
2017-12-15,17.93,18.17,18.40,17.52,78958,141589877.00,4.89,0.89,0.16,16.86
2017-12-18,18.08,17.83,18.19,17.45,61187,108995702.00,4.07,-1.87,-0.34,13.06
2017-12-19,17.81,18.34,18.85,17.72,95850,175172201.00,6.34,2.86,0.51,20.46
2017-12-20,18.10,17.69,18.28,17.60,68352,122252296.00,3.71,-3.54,-0.65,14.59
2017-12-21,17.40,17.38,17.71,16.71,68296,118115972.00,5.65,-1.75,-0.31,14.58
2017-12-22,17.37,17.44,17.92,17.36,51651,90938254.00,3.22,0.35,0.06,11.03
2017-12-25,17.15,19.18,19.18,17.08,144778,266843667.00,12.04,9.98,1.74,30.91
2017-12-26,18.73,21.10,21.10,18.73,247355,496612352.00,12.36,10.01,1.92,52.81
2017-12-27,21.01,21.53,23.05,20.91,262765,570717408.00,10.14,2.04,0.43,56.10
2017-12-28,21.00,22.00,22.58,20.13,212214,449755024.00,11.38,2.18,0.47,45.31
2017-12-29,21.52,20.60,21.83,20.39,129660,274425136.00,6.55,-6.36,-1.40,27.68
2018-01-02,20.77,21.33,21.73,20.20,124893,264947442.00,7.43,3.54,0.73,26.66
2018-01-03,21.12,21.06,21.39,20.66,101435,212438389.00,3.42,-1.27,-0.27,21.66
2018-01-04,21.20,20.78,21.77,20.70,105241,222762896.00,5.08,-1.33,-0.28,22.47
2018-01-05,20.31,21.10,21.55,19.72,124049,255986059.00,8.81,1.54,0.32,26.48
2018-01-08,20.62,22.14,22.53,20.46,169079,362877792.00,9.81,4.93,1.04,36.10
2018-01-09,22.00,23.64,24.33,21.70,231822,536266608.00,11.88,6.78,1.50,49.49
2018-01-10,22.98,22.98,23.49,22.28,153641,351499136.00,5.12,-2.79,-0.66,32.80
2018-01-11,22.25,24.44,25.26,22.25,203941,488699456.00,13.10,6.35,1.46,43.54
2018-01-12,24.00,23.50,25.20,23.50,139851,338119920.00,6.96,-3.85,-0.94,29.86
2018-01-15,22.87,21.86,22.87,21.30,120733,267360937.00,6.68,-6.98,-1.64,25.78
2018-01-16,21.86,22.72,23.39,21.65,119913,272399456.00,7.96,3.93,0.86,25.60
2018-01-17,22.42,24.99,24.99,22.10,187378,449030832.00,12.72,9.99,2.27,40.00
2018-01-18,24.90,24.47,25.87,24.00,205044,511694832.00,7.48,-2.08,-0.52,43.78
2018-01-19,24.56,24.76,24.93,23.84,128298,312974416.00,4.45,1.19,0.29,27.39
2018-01-22,24.05,23.40,24.30,22.28,101493,236275776.00,8.16,-5.49,-1.36,21.67
2018-01-23,23.20,24.72,25.49,23.02,145414,355852192.00,10.56,5.64,1.32,31.04
2018-01-24,24.64,25.43,25.99,24.11,177986,448036720.00,7.61,2.87,0.71,38.00
2018-01-25,25.01,24.21,25.98,24.06,134998,336222992.00,7.55,-4.80,-1.22,28.82
2018-01-26,23.55,24.20,24.86,23.55,89115,215452959.00,5.41,-0.04,-0.01,19.03
2018-01-29,24.00,24.41,24.58,23.30,83135,199668302.00,5.29,0.87,0.21,17.75
2018-01-30,24.16,23.43,24.66,23.42,67729,162268249.00,5.08,-4.01,-0.98,14.46
2018-01-31,23.00,21.09,23.00,21.09,93529,202712453.00,8.15,-9.99,-2.34,19.97
2018-02-01,20.80,19.62,21.60,19.26,78461,160600420.00,11.10,-6.97,-1.47,16.75
2018-02-02,19.66,19.47,20.00,18.52,58640,114207191.00,7.54,-0.76,-0.15,12.52
2018-02-05,19.00,19.58,20.40,18.78,55979,111218727.00,8.32,0.56,0.11,11.95
2018-02-06,18.39,17.62,18.54,17.62,59108,106446234.00,4.70,-10.01,-1.96,12.62
2018-02-07,18.03,17.88,18.35,16.40,76504,134776532.00,11.07,1.48,0.26,16.33
2018-02-08,17.59,17.80,18.18,17.45,40050,71693371.00,4.08,-0.45,-0.08,8.55
2018-02-09,17.00,16.02,17.17,16.02,54636,90186710.00,6.46,-10.00,-1.78,11.66
2018-02-12,16.41,16.53,16.69,16.22,32453,53461866.00,2.93,3.18,0.51,6.93
2018-02-13,16.78,16.30,16.79,16.30,31932,52776654.00,2.96,-1.39,-0.23,6.82
2018-02-14,16.38,16.14,16.58,16.03,20108,32503055.00,3.37,-0.98,-0.16,4.29
2018-02-22,16.32,16.71,16.80,16.32,34312,57062734.00,2.97,3.53,0.57,7.33
2018-02-23,16.63,17.83,18.30,16.56,69196,120840982.00,10.41,6.70,1.12,14.77
2018-02-26,18.10,18.40,18.58,17.96,64797,118396023.00,3.48,3.20,0.57,13.83
2018-02-27,18.30,18.45,18.96,18.03,59707,109619661.00,5.05,0.27,0.05,12.75
2018-02-28,17.97,17.88,18.12,17.62,39488,70720170.00,2.71,-3.09,-0.57,8.43
2018-03-01,17.68,17.98,18.08,17.48,36426,65103157.00,3.36,0.56,0.10,7.78
2018-03-02,17.72,17.47,17.90,17.42,35549,62895254.00,2.67,-2.84,-0.51,7.59
2018-03-05,17.46,18.18,18.27,17.41,49796,89693839.00,4.92,4.06,0.71,10.63
2018-03-06,18.11,18.96,19.06,18.00,81373,150833455.00,5.83,4.29,0.78,17.37
2018-03-07,18.80,18.52,18.89,18.35,52247,97068662.00,2.85,-2.32,-0.44,11.15
2018-03-08,18.46,19.30,19.40,18.46,76983,146189827.00,5.08,4.21,0.78,16.44
2018-03-09,19.10,19.41,19.88,18.90,76116,146973447.00,5.08,0.57,0.11,16.25
2018-03-12,19.40,19.45,19.70,19.12,61598,119271412.00,2.99,0.21,0.04,13.15
2018-03-13,19.40,18.67,19.60,18.66,60467,115922848.00,4.83,-4.01,-0.78,12.91
2018-03-14,18.57,18.82,19.16,18.28,52004,97929061.00,4.71,0.80,0.15,11.10
2018-03-15,18.40,17.36,18.63,17.00,67046,118562403.00,8.66,-7.76,-1.46,14.31
2018-03-16,17.22,17.35,17.85,17.20,34652,60843840.00,3.74,-0.06,-0.01,7.40
2018-03-19,17.77,18.57,18.85,17.36,66005,121307066.00,8.59,7.03,1.22,14.09
2018-03-20,18.28,18.40,18.52,17.91,45013,82160890.00,3.28,-0.92,-0.17,9.61
2018-03-21,18.47,18.66,19.48,18.31,72001,136010178.00,6.36,1.41,0.26,15.37
2018-03-22,18.38,19.66,20.53,18.02,127162,245120648.00,13.45,5.36,1.00,27.15
2018-03-23,19.29,21.63,21.63,19.29,247205,517786016.00,11.90,10.02,1.97,52.78
2018-03-26,22.00,22.36,23.38,19.61,241327,525211888.00,17.43,3.37,0.73,51.52
2018-03-27,21.21,23.58,24.60,21.21,239294,539908192.00,15.16,5.46,1.22,51.09
2018-03-28,22.58,21.22,23.25,21.22,168514,376075024.00,8.61,-10.01,-2.36,35.98
2018-03-29,20.82,20.97,21.49,20.45,103034,214691056.00,4.90,-1.18,-0.25,22.00
2018-03-30,20.98,20.78,21.45,20.61,83284,174431957.00,4.01,-0.91,-0.19,17.78
2018-04-02,21.30,22.19,22.65,21.00,141629,307325040.00,7.94,6.79,1.41,30.24
2018-04-03,21.70,22.94,23.54,21.51,188935,426267568.00,9.15,3.38,0.75,40.34
2018-04-04,22.50,24.40,25.23,22.09,253961,609157728.00,13.69,6.36,1.46,54.22
2018-04-09,24.49,24.84,25.84,23.61,209739,522653936.00,9.14,1.80,0.44,44.78
2018-04-10,24.01,23.05,24.53,22.80,140475,330175104.00,6.96,-7.21,-1.79,29.99
2018-04-11,22.93,23.98,24.08,22.81,87907,206550509.00,5.51,4.03,0.93,18.77
2018-04-12,23.37,23.06,23.98,22.85,69943,162902664.00,4.71,-3.84,-0.92,14.93
2018-04-13,23.31,23.37,23.47,22.92,47457,109981690.00,2.39,1.34,0.31,10.13
2018-04-16,23.10,21.03,23.30,21.03,70096,153894720.00,9.71,-10.01,-2.34,14.97
2018-04-17,20.41,22.31,23.00,19.40,136067,287898784.00,17.12,6.09,1.28,29.05
2018-04-18,21.30,22.15,22.64,20.79,100301,218984677.00,8.29,-0.72,-0.16,21.41
2018-04-19,21.63,21.57,22.27,21.41,56512,123305015.00,3.88,-2.62,-0.58,12.06
2018-04-20,21.65,20.51,22.28,20.46,59962,128380417.00,8.44,-4.91,-1.06,12.80
2018-04-23,19.80,19.36,20.28,18.80,55822,109127053.00,7.22,-5.61,-1.15,11.92
2018-04-24,19.41,19.94,20.30,19.41,40535,80651719.00,4.60,3.00,0.58,8.65
2018-04-25,20.04,20.42,21.00,20.04,50500,103699301.00,4.81,2.41,0.48,10.78
2018-04-26,20.17,19.52,20.89,19.50,45259,91476404.00,6.81,-4.41,-0.90,9.66
2018-04-27,19.91,19.39,20.11,19.15,32576,63706058.00,4.92,-0.67,-0.13,6.95
2018-05-02,19.67,19.97,20.30,19.17,36561,72032497.00,5.83,2.99,0.58,7.81
2018-05-03,19.85,19.92,20.15,19.21,44896,88488457.00,4.71,-0.25,-0.05,9.59
2018-05-04,19.80,20.58,20.99,19.70,74009,150753846.00,6.48,3.31,0.66,15.80
2018-05-07,20.20,20.77,20.87,20.14,57000,117351782.00,3.55,0.92,0.19,12.17
2018-05-08,20.60,21.00,21.45,20.50,68759,145189032.00,4.57,1.11,0.23,14.68
2018-05-09,20.89,20.75,21.11,20.53,42217,87525392.00,2.76,-1.19,-0.25,9.01
2018-05-10,20.79,21.21,21.34,20.62,55062,115832832.00,3.47,2.22,0.46,11.76
2018-05-11,21.12,20.50,21.12,20.41,44177,91547001.00,3.35,-3.35,-0.71,9.43
2018-05-14,20.46,20.16,20.65,19.80,36010,72621794.00,4.15,-1.66,-0.34,7.69
2018-05-15,20.18,21.10,21.10,20.00,60548,125429099.00,5.46,4.66,0.94,12.93
2018-05-16,21.06,22.42,22.98,20.85,148251,325675168.00,10.09,6.26,1.32,31.65
2018-05-17,22.00,22.04,22.23,21.66,87900,192899047.00,2.54,-1.69,-0.38,18.77
2018-05-18,21.88,22.50,22.88,21.50,117550,262961383.00,6.26,2.09,0.46,25.10
2018-05-21,21.79,22.72,22.88,21.40,109189,241641973.00,6.58,0.98,0.22,23.31
2018-05-22,22.50,24.09,24.99,22.06,209576,495005872.00,12.90,6.03,1.37,44.74
2018-05-23,23.60,24.75,26.00,23.31,219939,538627184.00,11.17,2.74,0.66,46.96
2018-05-24,27.23,27.23,27.23,25.60,199098,536512560.00,6.59,10.02,2.48,42.51
2018-05-25,27.70,29.95,29.95,27.70,246390,718283888.00,8.26,9.99,2.72,52.60
2018-05-28,29.00,27.02,29.60,26.96,277514,764733776.00,8.81,-9.78,-2.93,59.25
2018-05-29,25.49,24.32,26.32,24.32,199364,504036080.00,7.40,-9.99,-2.70,42.56
2018-05-30,23.85,23.81,25.50,23.42,183857,452451776.00,8.55,-2.10,-0.51,39.25
2018-05-31,23.78,24.76,25.48,23.50,180320,442794848.00,8.32,3.99,0.95,38.50
2018-06-01,24.07,23.01,24.56,22.28,145774,342545056.00,9.21,-7.07,-1.75,31.12
2018-06-04,23.07,23.30,23.58,22.50,91843,212258670.00,4.69,1.26,0.29,19.61
2018-06-05,23.37,24.20,24.43,22.90,116850,279047488.00,6.57,3.86,0.90,24.95
2018-06-06,24.11,24.60,24.73,23.60,118961,287649472.00,4.67,1.65,0.40,25.40
2018-06-07,24.42,24.00,24.59,23.80,86760,209371215.00,3.21,-2.44,-0.60,18.52
2018-06-08,23.24,23.35,23.75,22.80,71864,166264468.00,3.96,-2.71,-0.65,15.34
2018-06-11,23.48,24.05,24.08,23.06,68394,161892741.00,4.37,3.00,0.70,14.60
2018-06-12,25.31,24.90,26.46,24.50,188251,474753744.00,8.15,3.53,0.85,40.19
2018-06-13,25.19,25.50,25.84,24.56,186842,472963824.00,5.14,2.41,0.60,39.89
2018-06-14,24.00,23.83,24.50,22.95,134998,320859552.00,6.08,-6.55,-1.67,28.82
2018-06-15,23.48,21.51,24.04,21.49,98484,220888613.00,10.70,-9.74,-2.32,21.03
2018-06-19,21.60,20.11,22.52,19.50,92604,196426773.00,14.04,-6.51,-1.40,19.77
2018-06-20,19.66,20.66,20.82,19.58,70962,144006430.00,6.17,2.73,0.55,15.15
2018-06-21,20.50,18.97,20.78,18.89,71523,141469477.00,9.15,-8.18,-1.69,15.27
2018-06-22,18.61,19.07,19.31,18.00,54125,102331828.00,6.91,0.53,0.10,11.56
2018-06-25,19.28,19.19,19.56,19.09,50950,98646822.00,2.46,0.63,0.12,10.88
2018-06-26,18.52,19.70,20.10,18.31,55382,107436651.00,9.33,2.66,0.51,11.82
2018-06-27,20.00,19.56,20.15,19.51,45569,90031917.00,3.25,-0.71,-0.14,9.73
2018-06-28,19.54,20.86,21.47,19.42,114017,234435159.00,10.48,6.65,1.30,24.34
2018-06-29,20.51,21.03,21.25,20.35,93994,196246852.00,4.31,0.81,0.17,20.07
2018-07-02,21.00,20.71,21.69,20.40,69564,146176582.00,6.13,-1.52,-0.32,14.85
2018-07-03,20.88,20.94,21.07,19.86,53012,109325369.00,5.84,1.11,0.23,11.32
2018-07-04,20.78,21.64,21.96,20.71,111192,239099520.00,5.97,3.34,0.70,23.74
2018-07-05,21.31,20.14,21.75,19.54,81595,170362552.00,10.21,-6.93,-1.50,17.42
2018-07-06,20.12,21.14,21.49,19.50,87964,180952178.00,9.88,4.97,1.00,18.78
2018-07-09,20.98,21.63,21.79,20.60,96983,207028528.00,5.63,2.32,0.49,20.71
2018-07-10,21.41,21.80,21.88,21.20,78895,169988073.00,3.14,0.79,0.17,16.84
2018-07-11,21.48,21.20,21.75,20.75,64324,137236584.00,4.59,-2.75,-0.60,13.73
2018-07-12,20.88,21.64,21.85,20.88,73851,158988082.00,4.58,2.08,0.44,15.77
2018-07-13,21.56,21.51,22.23,21.01,83208,180103361.00,5.64,-0.60,-0.13,17.76
2018-07-16,21.30,20.96,21.45,20.72,50283,106134457.00,3.39,-2.56,-0.55,10.74
2018-07-17,20.81,21.17,21.26,20.80,37107,78304971.00,2.19,1.00,0.21,7.92
2018-07-18,21.18,23.29,23.29,20.85,151475,343946736.00,11.53,10.01,2.12,32.34
2018-07-19,23.70,23.28,24.88,23.12,233933,559940192.00,7.56,-0.04,-0.01,49.94
2018-07-20,22.60,22.78,22.99,22.22,118915,268688304.00,3.31,-2.15,-0.50,25.39
2018-07-23,22.43,22.27,22.74,22.11,84786,189705647.00,2.77,-2.24,-0.51,18.10
2018-07-24,22.28,22.56,22.65,21.86,81170,181436028.00,3.55,1.30,0.29,17.33
2018-07-25,22.50,22.81,22.88,22.22,82255,185754375.00,2.93,1.11,0.25,17.56
2018-07-26,22.58,21.80,22.72,21.75,65754,145566157.00,4.25,-4.43,-1.01,14.04
2018-07-27,21.92,23.45,23.98,21.50,188806,444440656.00,11.38,7.57,1.65,40.31
2018-07-30,23.20,24.00,24.25,22.31,185888,434723104.00,8.27,2.35,0.55,39.69
2018-07-31,23.30,24.27,24.40,22.90,167637,399612288.00,6.25,1.13,0.27,35.79
2018-08-01,24.27,23.59,24.30,23.45,108271,258093573.00,3.50,-2.80,-0.68,23.12
2018-08-02,23.00,23.97,24.28,22.64,129109,305549936.00,6.95,1.61,0.38,27.56
2018-08-03,23.59,22.03,23.60,21.57,100534,229124421.00,8.47,-8.09,-1.94,21.46
2018-08-06,21.29,19.83,21.59,19.83,87457,177606421.00,7.99,-9.99,-2.20,18.67
2018-08-07,19.40,20.03,20.36,19.00,72361,142967116.00,6.86,1.01,0.20,15.45
2018-08-08,19.60,20.25,21.20,19.10,87460,176993811.00,10.48,1.10,0.22,18.67
2018-08-09,19.85,20.10,20.60,19.51,68465,138254877.00,5.38,-0.74,-0.15,14.62
2018-08-10,20.10,20.45,21.28,20.10,68985,142164832.00,5.87,1.74,0.35,14.73
2018-08-13,20.08,20.28,20.45,19.85,49573,99830294.00,2.93,-0.83,-0.17,10.58
2018-08-14,19.68,20.32,20.95,19.50,64668,131164323.00,7.15,0.20,0.04,13.81
2018-08-15,20.19,19.39,20.36,19.35,57816,114214169.00,4.97,-4.58,-0.93,12.34
2018-08-16,19.02,18.85,19.84,18.57,43773,83827408.00,6.55,-2.78,-0.54,9.35
2018-08-17,18.99,17.75,19.24,17.21,48484,88794175.00,10.77,-5.84,-1.10,10.35
2018-08-20,17.36,17.59,17.78,17.12,43064,74943308.00,3.72,-0.90,-0.16,9.19
2018-08-21,17.60,17.82,17.96,17.21,37240,66070539.00,4.26,1.31,0.23,7.95
2018-08-22,17.70,18.85,19.08,17.50,77734,142668913.00,8.87,5.78,1.03,16.60
2018-08-23,18.40,18.48,18.98,18.38,56807,105510796.00,3.18,-1.96,-0.37,12.13
2018-08-24,18.30,17.95,18.66,17.82,38432,69804861.00,4.55,-2.87,-0.53,8.20
2018-08-27,17.95,18.15,18.25,17.88,29439,53324260.00,2.06,1.11,0.20,6.29
2018-08-28,18.23,18.54,18.84,18.18,46080,85130085.00,3.64,2.15,0.39,9.84
2018-08-29,18.45,18.42,18.66,18.23,29624,54678673.00,2.32,-0.65,-0.12,6.32
2018-08-30,18.49,18.52,18.97,18.28,44468,82677949.00,3.75,0.54,0.10,9.49
2018-08-31,18.40,17.64,18.58,17.51,35444,63933549.00,5.78,-4.75,-0.88,7.57
2018-09-03,17.64,18.02,18.17,17.64,30522,54767499.00,3.00,2.15,0.38,6.52
2018-09-04,18.00,18.36,18.65,17.80,43547,79053015.00,4.72,1.89,0.34,9.30
2018-09-05,18.21,18.49,18.80,18.09,64643,119845480.00,3.87,0.71,0.13,13.80
2018-09-06,18.20,18.19,18.60,18.00,47003,85958049.00,3.24,-1.62,-0.30,10.03
2018-09-07,18.15,17.80,18.44,17.62,34816,62857937.00,4.51,-2.14,-0.39,7.43
2018-09-10,17.80,17.00,17.90,16.88,35806,62067455.00,5.73,-4.49,-0.80,7.64
2018-09-11,16.84,16.99,17.17,16.50,23763,40181499.00,3.94,-0.06,-0.01,5.07
2018-09-12,17.00,17.10,17.20,16.83,21014,35830783.00,2.18,0.65,0.11,4.49
2018-09-13,17.12,17.11,17.36,16.91,22159,37878696.00,2.63,0.06,0.01,4.73
2018-09-14,17.13,16.34,17.16,16.30,35857,59549709.00,5.03,-4.50,-0.77,7.66
2018-09-17,16.31,15.94,16.53,15.90,20186,32717845.00,3.86,-2.45,-0.40,4.31
2018-09-18,15.96,16.15,16.19,15.80,24703,39655426.00,2.45,1.32,0.21,5.27
2018-09-19,16.05,16.35,16.46,16.05,28502,46446601.00,2.54,1.24,0.20,6.08
2018-09-20,16.35,16.11,16.35,15.92,26194,42298713.00,2.63,-1.47,-0.24,5.59
2018-09-21,16.12,16.41,16.83,16.12,31435,51770010.00,4.41,1.86,0.30,6.71
2018-09-25,16.20,16.37,16.56,16.10,19735,32107301.00,2.80,-0.24,-0.04,4.21
2018-09-26,16.26,16.31,16.50,16.18,27021,44241617.00,1.95,-0.37,-0.06,5.77
2018-09-27,16.33,15.53,16.46,15.50,32186,51440086.00,5.89,-4.78,-0.78,6.87
2018-09-28,15.58,15.81,15.85,15.58,17971,28317118.00,1.74,1.80,0.28,3.84
2018-10-08,15.68,14.48,15.68,14.33,32993,49405081.00,8.54,-8.41,-1.33,7.04
2018-10-09,14.64,14.73,14.96,14.60,20299,29980439.00,2.49,1.73,0.25,4.33
2018-10-10,14.75,15.17,15.18,14.59,25718,38700694.00,4.01,2.99,0.44,5.49
2018-10-11,14.62,13.65,14.75,13.65,35033,49525869.00,7.25,-10.02,-1.52,7.48
2018-10-12,13.60,13.09,13.64,12.29,34941,45076503.00,9.89,-4.10,-0.56,7.46
2018-10-15,13.21,13.12,13.45,13.10,19068,25303250.00,2.67,0.23,0.03,4.07
2018-10-16,13.15,12.64,13.40,12.35,22303,28584931.00,8.00,-3.66,-0.48,4.76
2018-10-17,12.69,12.84,13.22,12.41,23782,30542973.00,6.41,1.58,0.20,5.08
2018-10-18,12.80,12.73,13.40,12.32,44299,57436544.00,8.41,-0.86,-0.11,9.46
2018-10-19,12.19,12.84,12.95,12.16,25727,32568280.00,6.21,0.86,0.11,5.49
2018-10-22,12.89,13.36,13.52,12.89,36217,48033846.00,4.91,4.05,0.52,7.73
2018-10-23,13.24,14.05,14.70,13.05,72624,100273628.00,12.35,5.16,0.69,15.50
2018-10-24,13.67,13.50,13.85,13.36,45571,61952451.00,3.49,-3.91,-0.55,9.73
2018-10-25,13.00,12.87,13.05,12.33,32333,41366037.00,5.33,-4.67,-0.63,6.90
2018-10-26,12.82,13.19,13.50,12.77,43397,56845485.00,5.67,2.49,0.32,9.26
2018-10-29,12.87,12.54,13.15,12.50,27907,35473198.00,4.93,-4.93,-0.65,5.96
2018-10-30,12.47,12.53,12.65,12.17,30167,37521500.00,3.83,-0.08,-0.01,6.44
2018-10-31,12.45,12.70,12.86,12.45,34792,44121505.00,3.27,1.36,0.17,7.43
2018-11-01,12.79,12.88,13.16,12.66,50884,65506769.00,3.94,1.42,0.18,6.87
2018-11-02,12.95,13.14,13.25,12.88,58298,75970185.00,2.87,2.02,0.26,7.87
2018-11-05,13.08,13.27,13.33,13.00,54047,71157662.00,2.51,0.99,0.13,7.29
2018-11-06,13.18,12.88,13.19,12.60,38108,48992958.00,4.45,-2.94,-0.39,5.14
2018-11-07,12.98,13.20,13.20,12.90,50709,66294423.00,2.33,2.48,0.32,6.84
2018-11-08,13.22,13.09,13.35,12.98,48944,64668226.00,2.80,-0.83,-0.11,6.60
2018-11-09,13.07,12.73,13.08,12.72,29822,38248181.00,2.75,-2.75,-0.36,4.02
2018-11-12,12.70,13.08,13.11,12.60,36557,47371260.00,4.01,2.75,0.35,4.93
2018-11-13,13.05,13.50,13.56,12.97,78399,104616865.00,4.51,3.21,0.42,10.58
2018-11-14,13.70,13.33,13.72,13.22,56087,75306047.00,3.70,-1.26,-0.17,7.57
2018-11-15,13.59,13.75,13.90,13.39,69672,94953668.00,3.83,3.15,0.42,9.40
2018-11-16,13.90,13.65,13.92,13.59,51604,70756959.00,2.40,-0.73,-0.10,6.96
2018-11-19,13.68,13.61,13.69,13.38,38197,51703066.00,2.27,-0.29,-0.04,5.15
2018-11-20,13.62,13.70,14.08,13.50,77982,107685162.00,4.26,0.66,0.09,10.52
2018-11-21,13.46,14.12,14.37,13.11,80656,110883804.00,9.20,3.07,0.42,10.88
2018-11-22,13.99,13.89,14.19,13.83,57224,79910983.00,2.55,-1.63,-0.23,7.72
2018-11-23,14.00,13.20,14.00,13.18,48275,65417701.00,5.90,-4.97,-0.69,6.51
2018-11-26,13.19,12.87,13.44,12.68,31259,41073174.00,5.76,-2.50,-0.33,4.22
2018-11-27,12.89,12.67,13.10,12.60,32679,41944147.00,3.89,-1.55,-0.20,4.41
2018-11-28,12.62,12.88,12.91,12.47,30569,39029309.00,3.47,1.66,0.21,4.12
2018-11-29,12.92,13.33,13.98,12.86,85481,114437109.00,8.70,3.49,0.45,11.53
2018-11-30,13.02,13.56,13.75,13.00,74001,99382146.00,5.63,1.73,0.23,9.98
2018-12-03,13.54,13.76,14.00,13.42,76220,104956406.00,4.28,1.47,0.20,10.28
2018-12-04,13.65,13.62,13.85,13.54,46558,63652394.00,2.25,-1.02,-0.14,6.28
2018-12-05,13.16,13.87,13.99,13.04,75487,103325480.00,6.98,1.84,0.25,10.18
2018-12-06,13.80,13.42,13.93,13.41,48373,65873796.00,3.75,-3.24,-0.45,6.53
2018-12-07,13.38,13.24,13.58,13.23,30683,41023343.00,2.61,-1.34,-0.18,4.14
2018-12-10,13.05,12.89,13.19,12.58,32910,42418084.00,4.61,-2.64,-0.35,4.44
2018-12-11,12.89,12.86,12.98,12.76,26064,33526198.00,1.71,-0.23,-0.03,3.52
2018-12-12,12.86,12.88,12.97,12.78,20136,25939619.00,1.48,0.16,0.02,2.72
2018-12-13,12.96,13.05,13.15,12.70,29050,37617717.00,3.49,1.32,0.17,3.92
2018-12-14,13.10,12.57,13.10,12.49,30777,39246607.00,4.67,-3.68,-0.48,4.15
2018-12-17,12.45,12.61,12.70,12.40,14116,17786853.00,2.39,0.32,0.04,1.90
2018-12-18,12.61,12.66,12.78,12.45,15776,19920923.00,2.62,0.40,0.05,2.13
2018-12-19,12.75,12.39,12.75,12.35,17068,21338564.00,3.16,-2.13,-0.27,2.30
2018-12-20,12.37,12.34,12.46,12.24,16968,20927611.00,1.78,-0.40,-0.05,2.29
2018-12-21,12.43,12.29,12.43,12.20,15373,18896011.00,1.86,-0.41,-0.05,2.07
2018-12-24,12.25,12.51,12.51,12.21,20343,25280712.00,2.44,1.79,0.22,2.74
2018-12-25,12.30,12.05,12.37,11.61,30840,37052975.00,6.08,-3.68,-0.46,4.16
2018-12-26,11.95,12.49,12.98,11.95,44540,55251462.00,8.55,3.65,0.44,6.01
2018-12-27,12.55,12.03,12.60,12.01,31834,39431130.00,4.72,-3.68,-0.46,4.30
2018-12-28,12.02,11.84,12.17,11.78,21975,26348480.00,3.24,-1.58,-0.19,2.96
2019-01-02,12.06,11.84,12.13,11.80,13568,16237680.00,2.79,0.00,0.00,1.83
2019-01-03,11.84,11.72,12.05,11.72,14537,17238141.00,2.79,-1.01,-0.12,1.96
2019-01-04,11.55,11.90,11.96,11.37,22707,26762499.00,5.03,1.54,0.18,3.06
2019-01-07,12.00,12.13,12.28,11.94,25096,30346762.00,2.86,1.93,0.23,3.39
2019-01-08,12.13,12.07,12.30,12.06,22610,27502804.00,1.98,-0.49,-0.06,3.05
2019-01-09,12.07,12.18,12.88,12.05,43003,53130906.00,6.88,0.91,0.11,5.80
2019-01-10,12.13,12.26,12.49,11.97,44791,54594262.00,4.27,0.66,0.08,6.04
2019-01-11,12.10,12.29,12.37,12.06,31518,38494777.00,2.53,0.24,0.03,4.25
2019-01-14,12.30,12.27,12.45,12.20,26122,32194304.00,2.03,-0.16,-0.02,3.52
2019-01-15,12.25,12.34,12.41,12.07,32057,39375844.00,2.77,0.57,0.07,4.33
2019-01-16,12.30,12.41,12.55,12.21,33944,42121848.00,2.76,0.57,0.07,4.58
2019-01-17,12.44,12.23,12.50,12.13,35787,44023943.00,2.98,-1.45,-0.18,4.83
2019-01-18,12.21,12.19,12.32,12.12,25689,31378611.00,1.64,-0.33,-0.04,3.47
2019-01-21,12.19,12.27,12.44,12.09,22273,27333487.00,2.87,0.66,0.08,3.01
2019-01-22,12.27,12.46,12.59,12.15,47894,59386617.00,3.59,1.55,0.19,6.46
2019-01-23,12.46,12.60,12.68,12.23,57831,72144544.00,3.61,1.12,0.14,7.80
2019-01-24,12.51,12.48,12.80,12.39,49756,62504947.00,3.25,-0.95,-0.12,6.71
2019-01-25,12.36,11.97,12.50,11.97,39498,48311250.00,4.25,-4.09,-0.51,5.33
2019-01-28,12.01,11.75,12.09,11.63,24038,28457249.00,3.84,-1.84,-0.22,3.24
2019-01-29,11.75,11.16,11.83,10.80,25764,28997792.00,8.77,-5.02,-0.59,3.48
2019-01-30,11.20,10.87,11.27,10.82,15137,16732745.00,4.03,-2.60,-0.29,2.04
2019-01-31,10.91,10.23,11.07,10.06,34882,36744873.00,9.29,-5.89,-0.64,4.71
2019-02-01,10.40,10.80,10.83,10.27,27070,28703066.00,5.47,5.57,0.57,3.65
2019-02-11,10.87,11.16,11.18,10.85,21756,24096391.00,3.06,3.33,0.36,2.94
2019-02-12,11.18,11.43,11.59,11.18,26747,30533939.00,3.67,2.42,0.27,3.61
2019-02-13,11.40,11.56,11.62,11.33,26379,30364931.00,2.54,1.14,0.13,3.56
2019-02-14,11.54,11.58,11.75,11.48,26942,31310996.00,2.34,0.17,0.02,3.64
2019-02-15,11.65,11.87,12.18,11.58,50423,60134825.00,5.18,2.50,0.29,6.80
2019-02-18,11.83,12.18,12.20,11.83,43146,52013534.00,3.12,2.61,0.31,5.82
2019-02-19,12.11,12.12,12.24,11.95,40963,49652646.00,2.38,-0.49,-0.06,5.53
2019-02-20,13.27,12.67,13.33,12.60,159286,208009547.00,6.02,4.54,0.55,21.49
2019-02-21,12.32,12.32,12.52,12.00,117808,144299878.00,4.10,-2.76,-0.35,15.89
2019-02-22,12.16,12.22,12.25,12.00,64444,78151288.00,2.03,-0.81,-0.10,8.69
2019-02-25,12.24,12.69,12.70,12.11,97621,121745794.00,4.83,3.85,0.47,13.17
2019-02-26,12.64,12.82,13.18,12.47,111663,142764069.00,5.59,1.02,0.13,15.07
2019-02-27,12.78,12.81,12.98,12.58,68995,88332849.00,3.12,-0.08,-0.01,9.31
2019-02-28,12.76,12.80,12.93,12.65,47188,60309621.00,2.19,-0.08,-0.01,6.37
2019-03-01,12.85,12.80,12.89,12.63,44135,56347690.00,2.03,0.00,0.00,5.95
2019-03-04,12.82,12.92,13.10,12.82,72600,93994708.00,2.19,0.94,0.12,9.80
2019-03-05,12.98,13.17,13.18,12.79,71032,92317412.00,3.02,1.93,0.25,9.58
2019-03-06,13.17,13.69,13.80,13.17,111401,150891238.00,4.78,3.95,0.52,15.03
2019-03-07,13.70,14.14,14.35,13.46,98383,136811849.00,6.50,3.29,0.45,13.27
2019-03-08,14.16,13.61,14.89,13.60,169303,242253429.00,9.12,-3.75,-0.53,22.84
2019-03-11,13.40,14.16,14.17,13.38,85289,118608588.00,5.80,4.04,0.55,11.51
2019-03-12,14.18,14.36,14.50,13.96,107264,152242533.00,3.81,1.41,0.20,14.47
2019-03-13,14.20,13.73,14.23,13.52,70160,97756116.00,4.94,-4.39,-0.63,9.47
2019-03-14,13.73,13.07,13.87,12.45,57041,75046971.00,10.34,-4.81,-0.66,7.70
2019-03-15,13.10,13.12,13.26,12.90,35916,47153735.00,2.75,0.38,0.05,4.85
2019-03-18,13.13,13.51,13.58,13.06,41920,55923154.00,3.96,2.97,0.39,5.66
2019-03-19,13.51,13.82,13.98,13.45,68821,94437364.00,3.92,2.29,0.31,9.29
2019-03-20,13.72,14.13,14.13,13.42,90787,125637992.00,5.14,2.24,0.31,12.25
2019-03-21,14.07,14.11,14.29,13.94,90268,127901636.00,2.48,-0.14,-0.02,12.18
2019-03-22,14.18,14.13,14.24,13.70,54489,76358477.00,3.83,0.14,0.02,7.35
2019-03-25,13.81,13.65,14.08,13.62,37940,52566350.00,3.26,-3.40,-0.48,5.12
2019-03-26,13.85,13.32,14.14,13.21,62300,85610811.00,6.81,-2.42,-0.33,8.41
2019-03-27,13.38,14.14,14.23,13.22,80816,111208776.00,7.58,6.16,0.82,10.90
2019-03-28,14.15,14.86,14.88,13.93,170317,248309229.00,6.72,5.09,0.72,22.98
2019-03-29,14.90,15.26,15.55,14.48,188531,285113360.00,7.20,2.69,0.40,25.44
2019-04-01,15.00,15.77,15.98,14.95,163962,251666091.00,6.75,3.34,0.51,22.12
2019-04-02,15.68,15.31,15.69,15.10,106822,164885449.00,3.74,-2.92,-0.46,14.41
2019-04-03,15.20,14.98,15.20,14.76,89506,134160007.00,2.87,-2.16,-0.33,12.08
2019-04-04,14.93,14.98,15.15,14.84,64346,96356250.00,2.07,0.00,0.00,8.68
2019-04-08,14.95,14.92,15.22,14.62,61685,91901150.00,4.01,-0.40,-0.06,8.32
2019-04-09,14.99,14.99,15.09,14.84,46125,69041575.00,1.68,0.47,0.07,6.22
2019-04-10,14.99,14.58,14.99,14.53,48166,70541618.00,3.07,-2.74,-0.41,6.50
2019-04-11,14.59,14.06,14.65,13.99,46822,66970142.00,4.53,-3.57,-0.52,6.32
2019-04-12,14.07,14.15,14.40,13.97,31537,44675073.00,3.06,0.64,0.09,4.26
2019-04-15,14.36,14.07,14.58,14.07,34836,50001996.00,3.60,-0.57,-0.08,4.70
2019-04-16,14.00,14.18,14.21,13.52,38328,53195136.00,4.90,0.78,0.11,5.17
2019-04-17,14.03,14.16,14.32,14.02,32744,46474047.00,2.12,-0.14,-0.02,4.42
2019-04-18,14.20,14.18,14.35,14.02,34468,48999556.00,2.33,0.14,0.02,4.65
2019-04-19,14.19,14.13,14.27,13.89,27142,38226444.00,2.68,-0.35,-0.05,3.66
2019-04-22,14.20,14.56,14.64,14.10,63699,92098625.00,3.82,3.04,0.43,8.59
2019-04-23,14.55,14.20,14.59,14.01,52914,75348839.00,3.98,-2.47,-0.36,7.14
2019-04-24,14.14,14.44,14.64,14.05,66213,95501525.00,4.15,1.69,0.24,8.93
2019-04-25,14.44,15.37,15.88,14.30,265776,405987952.00,10.94,6.44,0.93,35.86
2019-04-26,14.92,14.70,15.26,14.34,181069,268473632.00,5.99,-4.36,-0.67,24.43
2019-04-29,14.45,14.25,14.60,13.23,108224,151119808.00,9.32,-3.06,-0.45,14.60
2019-04-30,14.00,14.88,15.19,13.80,84397,124408709.00,9.75,4.42,0.63,11.39
2019-05-06,14.60,15.42,15.77,14.50,174863,267211668.00,8.53,3.63,0.54,23.59
2019-05-07,15.07,16.96,16.96,14.89,253650,406751584.00,13.42,9.99,1.54,34.22
2019-05-08,16.10,16.64,17.50,15.88,225491,377432432.00,9.55,-1.89,-0.32,30.42
2019-05-09,16.14,16.47,16.47,14.98,189942,297106480.00,8.95,-1.02,-0.17,25.63
2019-05-10,15.82,17.10,17.50,15.82,246129,411806288.00,10.20,3.83,0.63,33.21
2019-05-13,16.70,16.38,17.28,15.87,155868,259688774.00,8.25,-4.21,-0.72,21.03
2019-05-14,16.28,15.66,16.70,15.12,170326,270705808.00,9.65,-4.40,-0.72,22.98
2019-05-15,15.67,16.00,16.26,15.28,157648,250372521.00,6.26,2.17,0.34,21.27
2019-05-16,15.91,15.90,16.24,15.55,127441,202845743.00,4.31,-0.63,-0.10,17.19
2019-05-17,15.78,16.71,17.19,15.41,283823,467058624.00,11.19,5.09,0.81,38.29
2019-05-20,16.24,15.04,16.47,15.04,146340,223934736.00,8.56,-9.99,-1.67,19.74
2019-05-21,14.50,14.63,14.88,13.80,109442,158298528.00,7.18,-2.73,-0.41,14.77
2019-05-22,14.60,14.53,14.80,14.20,77571,113040556.00,4.10,-0.68,-0.10,10.47
2019-05-23,14.45,13.08,14.45,13.08,133131,179286554.00,9.43,-9.98,-1.45,17.96
2019-05-24,12.62,12.24,13.19,12.12,86663,108930881.00,8.18,-6.42,-0.84,11.69
2019-05-27,12.36,12.54,12.67,12.18,61908,77013516.00,4.00,2.45,0.30,8.35
2019-05-28,12.45,12.81,12.98,12.38,77166,98665902.00,4.78,2.15,0.27,10.41
2019-05-29,12.70,12.90,12.96,12.60,63679,81470391.00,2.81,0.70,0.09,8.59
2019-05-30,12.80,13.10,13.34,12.74,87328,114069595.00,4.65,1.55,0.20,11.78
2019-05-31,13.00,12.80,13.08,12.72,62687,80668322.00,2.75,-2.29,-0.30,8.46
2019-06-03,12.70,12.97,13.30,12.26,92159,118054809.00,8.13,1.33,0.17,12.43
2019-06-04,12.77,12.34,12.90,12.31,59380,74350662.00,4.55,-4.86,-0.63,8.01
2019-06-05,12.45,12.47,12.75,12.40,52654,66188719.00,2.84,1.05,0.13,7.10
2019-06-06,12.51,12.04,12.52,12.00,51333,62558304.00,4.17,-3.45,-0.43,6.93
2019-06-10,12.10,12.34,12.64,12.10,44978,55544052.00,4.49,2.49,0.30,6.07
2019-06-11,12.40,12.94,13.00,12.29,94709,121251074.00,5.75,4.86,0.60,12.78
2019-06-12,12.94,13.29,13.44,12.75,120977,158763746.00,5.33,2.70,0.35,16.32
2019-06-13,13.11,13.04,13.17,12.90,75477,98456331.00,2.03,-1.88,-0.25,10.18
2019-06-14,13.04,12.46,13.12,12.41,55912,71360706.00,5.44,-4.45,-0.58,7.54
2019-06-17,12.40,13.03,13.13,12.31,79064,102175600.00,6.58,4.57,0.57,10.67
2019-06-18,13.07,12.85,13.10,12.75,44033,56953050.00,2.69,-1.38,-0.18,5.94
2019-06-19,13.00,12.87,13.22,12.86,45735,59421265.00,2.80,0.16,0.02,6.17
2019-06-20,12.77,12.90,13.00,12.59,52213,66973618.00,3.19,0.23,0.03,7.04
2019-06-21,12.90,13.14,13.38,12.90,72543,94965111.00,3.72,1.86,0.24,9.79
2019-06-24,13.16,13.54,13.54,12.94,113228,150462716.00,4.57,3.04,0.40,15.28
2019-06-25,13.39,13.17,13.48,13.01,70017,92377275.00,3.47,-2.73,-0.37,9.45
2019-06-26,13.10,13.16,13.48,12.94,58052,76640639.00,4.10,-0.08,-0.01,7.83
2019-06-27,13.06,13.26,13.43,13.06,67015,88549223.00,2.81,0.76,0.10,9.04
2019-06-28,13.22,12.84,13.25,12.82,54548,70786615.00,3.24,-3.17,-0.42,7.36
2019-07-01,13.02,13.10,13.17,12.91,53569,69874829.00,2.02,2.02,0.26,7.23
2019-07-02,13.09,13.28,13.35,13.02,62010,82065960.00,2.52,1.37,0.18,8.37
2019-07-03,13.23,13.66,14.36,13.18,177204,243095811.00,8.89,2.86,0.38,23.91
2019-07-04,13.45,13.37,13.79,13.25,86334,115831299.00,3.95,-2.12,-0.29,11.65
2019-07-05,13.42,13.26,13.49,13.04,55004,72783886.00,3.37,-0.82,-0.11,7.42
2019-07-08,13.25,12.60,13.25,12.48,65245,83319734.00,5.81,-4.98,-0.66,8.80
2019-07-09,12.58,12.58,12.61,12.19,38965,48335330.00,3.33,-0.16,-0.02,5.26
2019-07-10,12.48,12.25,12.56,12.19,35694,44093574.00,2.94,-2.62,-0.33,4.82
2019-07-11,12.26,12.29,12.51,12.15,32512,40057798.00,2.94,0.33,0.04,4.39
2019-07-12,12.24,12.29,12.34,12.19,23528,28864859.00,1.22,0.00,0.00,3.17
2019-07-15,12.29,12.31,12.42,11.31,40459,49052691.00,9.03,0.16,0.02,5.46
2019-07-16,12.33,12.49,12.53,12.27,33904,42256133.00,2.11,1.46,0.18,4.57
2019-07-17,12.60,12.36,12.60,12.32,30322,37618920.00,2.24,-1.04,-0.13,4.09
2019-07-18,12.30,12.34,12.65,12.25,39764,49608094.00,3.24,-0.16,-0.02,5.36
2019-07-19,12.30,12.17,12.47,12.11,30997,37975633.00,2.92,-1.38,-0.17,4.18
2019-07-22,12.19,11.60,12.27,11.43,32624,38246294.00,6.90,-4.68,-0.57,4.40
2019-07-23,11.60,11.68,11.75,11.46,18918,21963822.00,2.50,0.69,0.08,2.55
2019-07-24,11.72,11.79,11.93,11.66,24287,28681543.00,2.31,0.94,0.11,3.28
2019-07-25,11.85,11.88,11.94,11.75,22341,26452758.00,1.61,0.76,0.09,3.01
2019-07-26,11.90,11.86,12.05,11.81,21031,25046101.00,2.02,-0.17,-0.02,2.84
2019-07-29,11.80,11.90,11.96,11.57,31686,37320126.00,3.29,0.34,0.04,4.28
2019-07-30,11.90,11.80,11.97,11.76,26412,31320693.00,1.76,-0.84,-0.10,3.56
2019-07-31,11.78,11.78,11.83,11.62,22456,26336892.00,1.78,-0.17,-0.02,3.03
2019-08-01,11.68,11.91,12.12,11.68,38302,45685926.00,3.74,1.10,0.13,5.17
2019-08-02,11.60,11.74,11.90,11.51,24904,29144845.00,3.27,-1.43,-0.17,3.36
2019-08-05,11.62,11.56,11.79,11.50,21889,25498095.00,2.47,-1.53,-0.18,2.95
2019-08-06,11.53,11.01,11.53,10.66,45069,49975506.00,7.53,-4.76,-0.55,6.08
2019-08-07,11.08,11.47,11.75,11.06,58500,66977964.00,6.27,4.18,0.46,7.89
2019-08-08,11.71,11.41,11.71,11.35,31243,35898059.00,3.14,-0.52,-0.06,4.22
2019-08-09,11.50,12.06,12.55,11.42,105078,127404872.00,9.90,5.70,0.65,14.18
2019-08-12,11.73,12.54,12.60,11.71,132058,162956161.00,7.38,3.98,0.48,17.82
2019-08-13,12.40,12.44,12.75,12.21,100708,125739828.00,4.31,-0.80,-0.10,13.59
2019-08-14,12.49,12.82,12.96,12.25,122366,154649921.00,5.71,3.05,0.38,16.51
2019-08-15,12.48,12.60,12.82,12.28,80908,101513277.00,4.21,-1.72,-0.22,10.92
2019-08-16,12.48,12.27,12.60,12.23,72442,89689837.00,2.94,-2.62,-0.33,9.77
2019-08-19,12.19,12.34,12.34,11.93,80696,97932758.00,3.34,0.57,0.07,10.89
2019-08-20,12.27,13.05,13.33,12.18,137107,173275655.00,9.32,5.75,0.71,18.50
2019-08-21,12.94,12.71,13.03,12.70,103572,133058698.00,2.53,-2.61,-0.34,13.97
2019-08-22,12.72,12.99,13.20,12.60,74236,95461572.00,4.72,2.20,0.28,10.02
2019-08-23,12.90,12.34,12.90,12.32,75191,94534517.00,4.46,-5.00,-0.65,10.14
2019-08-26,11.97,12.06,12.26,11.96,39337,47663249.00,2.43,-2.27,-0.28,5.31
2019-08-27,12.11,12.29,12.33,12.11,38118,46661427.00,1.82,1.91,0.23,5.14
2019-08-28,12.25,12.70,12.74,12.21,60582,75818562.00,4.31,3.34,0.41,8.17
2019-08-29,12.59,12.32,12.59,12.31,41715,51830607.00,2.20,-2.99,-0.38,5.63
2019-08-30,12.38,11.81,12.42,11.80,47701,57669304.00,5.03,-4.14,-0.51,6.44
2019-09-02,11.79,12.06,12.15,11.64,28220,33858457.00,4.32,2.12,0.25,3.81
2019-09-03,12.06,12.09,12.17,12.03,25617,30958288.00,1.16,0.25,0.03,3.46
2019-09-04,12.05,12.11,12.13,11.95,26406,31755264.00,1.49,0.17,0.02,3.56
2019-09-05,12.16,12.17,12.31,12.10,42544,51976122.00,1.73,0.50,0.06,5.74
2019-09-06,12.25,12.34,12.40,12.13,41442,50801072.00,2.22,1.40,0.17,5.59
2019-09-09,12.38,12.54,12.54,12.32,45222,56313042.00,1.78,1.62,0.20,6.10
2019-09-10,12.54,12.68,12.79,12.46,58402,73894232.00,2.63,1.12,0.14,7.88
2019-09-11,12.68,12.44,12.69,12.42,38658,48447553.00,2.13,-1.89,-0.24,5.22
2019-09-12,12.43,12.49,12.63,12.40,29647,37058666.00,1.85,0.40,0.05,4.00
2019-09-16,12.50,12.65,12.67,12.45,40717,51197027.00,1.76,1.28,0.16,5.49
2019-09-17,12.62,12.20,12.63,12.12,41868,51548405.00,4.03,-3.56,-0.45,5.65
2019-09-18,12.22,12.87,12.95,12.19,94388,119137856.00,6.23,5.49,0.67,12.73
2019-09-19,12.79,12.86,12.91,12.66,63916,81681253.00,1.94,-0.08,-0.01,8.62
2019-09-20,12.85,12.98,13.10,12.68,79991,103162991.00,3.27,0.93,0.12,10.79
2019-09-23,12.92,12.70,12.92,12.52,48683,61475413.00,3.08,-2.16,-0.28,6.57
2019-09-24,12.69,12.57,12.77,12.50,41429,52348222.00,2.13,-1.02,-0.13,5.59
2019-09-25,12.49,12.28,12.50,12.15,35251,43329704.00,2.78,-2.31,-0.29,4.76
2019-09-26,12.30,11.80,12.40,11.76,39862,47753808.00,5.21,-3.91,-0.48,5.38
2019-09-27,11.80,11.92,12.08,11.80,18202,21781115.00,2.37,1.02,0.12,2.46
2019-09-30,11.92,11.70,12.03,11.66,21515,25344392.00,3.10,-1.85,-0.22,2.90
2019-10-08,11.70,11.66,11.82,11.60,13529,15822221.00,1.88,-0.34,-0.04,1.83
2019-10-09,11.61,11.81,11.94,11.52,16946,19906283.00,3.60,1.29,0.15,2.29
2019-10-10,11.80,12.10,12.18,11.76,26862,32207880.00,3.56,2.46,0.29,3.62
2019-10-11,12.10,11.93,12.10,11.85,25330,30232490.00,2.07,-1.40,-0.17,3.42
2019-10-14,11.95,12.09,12.18,11.95,27431,33100790.00,1.93,1.34,0.16,3.70
2019-10-15,12.03,12.20,12.22,11.96,24499,29685208.00,2.15,0.91,0.11,3.31
2019-10-16,12.20,11.89,12.24,11.86,24423,29325992.00,3.11,-2.54,-0.31,3.30
2019-10-17,11.92,11.88,11.98,11.78,14547,17276367.00,1.68,-0.08,-0.01,1.96
2019-10-18,11.79,12.01,12.45,11.79,43577,52908853.00,5.56,1.09,0.13,5.88
2019-10-21,11.85,11.62,11.95,11.41,33773,39189039.00,4.50,-3.25,-0.39,4.56
2019-10-22,11.62,11.72,11.76,11.52,15794,18462947.00,2.07,0.86,0.10,2.13
2019-10-23,11.72,11.74,11.88,11.69,18075,21313705.00,1.62,0.17,0.02,2.44
2019-10-24,11.78,11.80,11.80,11.54,19874,23171935.00,2.21,0.51,0.06,2.68
2019-10-25,11.75,12.00,12.08,11.66,33190,39557951.00,3.56,1.69,0.20,4.48
2019-10-28,11.90,12.19,12.21,11.83,37701,45683354.00,3.17,1.58,0.19,5.09
2019-10-29,12.20,12.08,12.37,12.08,32634,39859116.00,2.38,-0.90,-0.11,4.40
2019-10-30,12.10,12.35,12.48,11.95,58100,71173760.00,4.39,2.24,0.27,7.84
2019-10-31,12.24,11.82,12.26,11.71,47599,57010568.00,4.45,-4.29,-0.53,6.42
2019-11-01,11.72,11.90,11.98,11.65,24453,28933755.00,2.79,0.68,0.08,3.30
2019-11-04,11.90,12.10,12.18,11.80,33792,40756954.00,3.19,1.68,0.20,4.56
2019-11-05,12.10,12.02,12.12,11.90,24631,29576370.00,1.82,-0.66,-0.08,3.32
2019-11-06,11.93,11.97,12.12,11.83,19181,22948152.00,2.41,-0.42,-0.05,2.59
2019-11-07,11.97,11.91,11.98,11.65,21652,25594410.00,2.76,-0.50,-0.06,2.92
2019-11-08,11.98,11.68,12.03,11.68,23062,27346632.00,2.94,-1.93,-0.23,3.11
2019-11-11,11.68,11.13,11.74,11.11,31691,35906727.00,5.39,-4.71,-0.55,4.28
2019-11-12,11.13,11.15,11.22,10.88,16363,18106022.00,3.05,0.18,0.02,2.21
2019-11-13,11.07,11.19,11.29,11.04,14813,16587936.00,2.24,0.36,0.04,2.00
2019-11-14,11.18,11.25,11.28,11.11,14463,16214808.00,1.52,0.54,0.06,1.95
2019-11-15,11.25,11.20,11.36,11.06,14949,16802077.00,2.67,-0.44,-0.05,2.02
2019-11-18,11.21,11.23,11.35,11.21,11075,12455340.00,1.25,0.27,0.03,1.49
2019-11-19,11.23,11.34,11.42,11.15,16205,18377979.00,2.40,0.98,0.11,2.19
2019-11-20,11.31,11.52,11.66,11.28,26797,30661863.00,3.35,1.59,0.18,3.62
2019-11-21,11.41,11.25,11.41,11.17,18920,21336932.00,2.08,-2.34,-0.27,2.55
2019-11-22,11.22,11.00,11.30,10.93,17572,19505299.00,3.29,-2.22,-0.25,2.37
2019-11-25,11.00,11.03,11.10,10.81,13207,14456828.00,2.64,0.27,0.03,1.78
2019-11-26,11.00,11.03,11.07,10.96,6579,7251132.00,1.00,0.00,0.00,0.89
2019-11-27,11.09,10.99,11.15,10.98,7873,8704302.00,1.54,-0.36,-0.04,1.06
2019-11-28,10.88,10.92,11.10,10.88,8614,9467984.00,2.00,-0.64,-0.07,1.16
2019-11-29,10.93,10.96,11.04,10.88,7812,8557109.00,1.47,0.37,0.04,1.05
2019-12-02,10.95,10.99,11.10,10.90,7951,8725013.00,1.82,0.27,0.03,1.07
2019-12-03,10.92,11.06,11.07,10.89,8750,9597975.00,1.64,0.64,0.07,1.18
2019-12-04,10.96,11.15,11.18,10.96,13483,14966278.00,1.99,0.81,0.09,1.82
2019-12-05,11.15,11.15,11.21,11.08,12864,14314585.00,1.17,0.00,0.00,1.74
2019-12-06,11.16,11.17,11.17,11.07,10785,11995701.00,0.90,0.18,0.02,1.46
2019-12-09,11.17,11.08,11.17,11.04,10086,11184022.00,1.16,-0.81,-0.09,1.36
2019-12-10,11.09,11.00,11.09,10.95,10706,11762073.00,1.26,-0.72,-0.08,1.44
2019-12-11,10.99,10.93,11.04,10.89,11193,12256883.00,1.36,-0.64,-0.07,1.51
2019-12-12,10.93,10.97,10.98,10.89,9573,10461966.00,0.82,0.37,0.04,1.29
2019-12-13,10.98,11.09,11.13,10.96,15487,17115729.00,1.55,1.09,0.12,2.09
2019-12-16,11.09,11.19,11.19,11.06,16448,18341422.00,1.17,0.90,0.10,2.22
2019-12-17,11.19,11.32,11.35,11.19,21316,24056025.00,1.43,1.16,0.13,2.88
2019-12-18,11.38,11.29,11.44,11.28,19689,22363964.00,1.41,-0.27,-0.03,2.66
2019-12-19,11.28,11.37,11.42,11.28,13832,15701388.00,1.24,0.71,0.08,1.87
2019-12-20,11.39,11.19,11.45,11.17,17453,19729344.00,2.46,-1.58,-0.18,2.35
2019-12-23,11.19,11.02,11.30,11.00,16260,18163231.00,2.68,-1.52,-0.17,2.19
2019-12-24,11.02,11.15,11.19,10.98,10451,11578301.00,1.91,1.18,0.13,1.41
2019-12-25,11.11,11.19,11.24,11.11,9689,10824322.00,1.17,0.36,0.04,1.31
2019-12-26,11.18,11.21,11.23,11.10,8958,10023146.00,1.16,0.18,0.02,1.21
2019-12-27,11.21,11.27,11.37,11.20,23369,26382616.00,1.52,0.54,0.06,3.15
2019-12-30,11.23,11.31,11.33,11.05,18387,20583708.00,2.48,0.35,0.04,2.48
2019-12-31,11.31,11.45,11.49,11.28,20279,23137679.00,1.86,1.24,0.14,2.74
2020-01-02,11.51,11.63,11.88,11.42,48511,56421522.00,4.02,1.57,0.18,6.55
2020-01-03,11.63,11.70,11.75,11.48,36697,42599078.00,2.32,0.60,0.07,4.95
2020-01-06,11.62,11.72,11.81,11.51,31570,36840666.00,2.56,0.17,0.02,4.26
2020-01-07,11.67,11.82,11.85,11.67,32966,38869953.00,1.54,0.85,0.10,4.45
2020-01-08,11.80,11.54,11.80,11.48,27049,31428863.00,2.71,-2.37,-0.28,3.65
2020-01-09,11.65,11.68,11.78,11.61,20985,24522431.00,1.47,1.21,0.14,2.83
2020-01-10,11.73,11.87,12.18,11.64,49143,58472762.00,4.62,1.63,0.19,6.63
2020-01-13,11.81,11.89,12.00,11.76,26562,31467282.00,2.02,0.17,0.02,3.58
2020-01-14,11.87,11.79,11.96,11.79,23756,28176357.00,1.43,-0.84,-0.10,3.21
2020-01-15,11.81,11.67,11.84,11.58,21864,25485650.00,2.21,-1.02,-0.12,2.95
2020-01-16,11.71,11.54,11.75,11.51,16551,19204661.00,2.06,-1.11,-0.13,2.23
2020-01-17,11.57,11.51,11.60,11.50,10363,11970212.00,0.87,-0.26,-0.03,1.40
2020-01-20,11.58,11.50,11.58,11.35,16453,18795303.00,2.00,-0.09,-0.01,2.22
2020-01-21,11.50,11.23,11.50,11.21,17133,19369761.00,2.52,-2.35,-0.27,2.31
2020-01-22,11.20,11.27,11.31,11.06,14694,16450692.00,2.23,0.36,0.04,1.98
2020-01-23,11.19,10.90,11.25,10.80,18830,20716327.00,3.99,-3.28,-0.37,2.54
2020-02-03,9.81,9.81,9.81,9.81,6908,6776748.00,0.00,-10.00,-1.09,0.93
2020-02-04,8.91,9.31,9.43,8.91,32125,29753750.00,5.30,-5.10,-0.50,4.33
2020-02-05,9.35,9.51,9.68,9.35,24849,23703795.00,3.54,2.15,0.20,3.35
2020-02-06,9.55,9.69,9.78,9.43,33990,32865922.00,3.68,1.89,0.18,4.59
2020-02-07,9.69,9.94,9.95,9.63,28476,27837523.00,3.30,2.58,0.25,3.84
2020-02-10,9.94,10.28,10.28,9.82,31203,31559684.00,4.63,3.42,0.34,4.21
2020-02-11,10.26,10.03,10.26,10.03,23823,24094721.00,2.24,-2.43,-0.25,3.21
2020-02-12,10.03,10.17,10.27,10.03,18788,19055183.00,2.39,1.40,0.14,2.53
2020-02-13,10.20,9.95,10.24,9.92,30995,31149149.00,3.15,-2.16,-0.22,4.18
2020-02-14,10.00,9.88,10.09,9.80,23809,23635009.00,2.91,-0.70,-0.07,3.21
2020-02-17,9.86,10.30,10.31,9.86,39805,40530056.00,4.55,4.25,0.42,5.37
2020-02-18,10.33,10.50,10.54,10.21,34663,36072427.00,3.20,1.94,0.20,4.68
2020-02-19,10.41,10.40,10.60,10.37,23633,24749469.00,2.19,-0.95,-0.10,3.19
2020-02-20,10.52,10.70,10.77,10.36,37174,39502754.00,3.94,2.88,0.30,5.02
2020-02-21,10.68,10.66,10.79,10.60,34057,36333326.00,1.78,-0.37,-0.04,4.59
2020-02-24,10.65,10.63,10.72,10.47,26663,28234671.00,2.35,-0.28,-0.03,3.60
2020-02-25,10.34,10.46,10.58,10.13,32901,34183346.00,4.23,-1.60,-0.17,4.44
2020-02-26,10.33,10.51,10.79,10.33,35472,37684958.00,4.40,0.48,0.05,4.79
2020-02-27,10.49,10.69,10.94,10.45,38974,41648044.00,4.66,1.71,0.18,5.26
2020-02-28,10.34,9.95,10.45,9.87,40618,41237960.00,5.43,-6.92,-0.74,5.48
2020-03-02,10.06,10.39,10.46,9.96,27541,28345672.00,5.03,4.42,0.44,3.72
2020-03-03,10.51,10.75,10.93,10.50,50765,54402011.00,4.14,3.46,0.36,6.85
2020-03-04,10.82,10.90,10.90,10.64,36406,39307999.00,2.42,1.40,0.15,4.91
2020-03-05,11.00,11.18,11.38,10.88,73603,81881905.00,4.59,2.57,0.28,9.93
2020-03-06,11.01,10.97,11.15,10.90,37408,41166833.00,2.24,-1.88,-0.21,5.05
2020-03-09,10.79,10.68,11.14,10.68,28560,30980785.00,4.19,-2.64,-0.29,3.85
2020-03-10,10.61,10.73,10.76,10.15,40771,42756122.00,5.71,0.47,0.05,5.50
2020-03-11,10.73,10.70,11.08,10.66,31692,34378365.00,3.91,-0.28,-0.03,4.28
2020-03-12,10.60,10.39,10.60,10.29,24155,25245427.00,2.90,-2.90,-0.31,3.26
2020-03-13,10.12,10.16,10.29,9.80,24311,24381440.00,4.72,-2.21,-0.23,3.28
2020-03-16,10.27,10.03,10.64,10.01,28790,29860881.00,6.20,-1.28,-0.13,3.88
2020-03-17,10.06,9.90,10.22,9.50,23585,23235055.00,7.18,-1.30,-0.13,3.18
2020-03-18,9.99,9.62,10.05,9.61,19702,19469765.00,4.44,-2.83,-0.28,2.66
2020-03-19,9.54,9.62,9.69,9.40,20274,19360598.00,3.01,0.00,0.00,2.74
2020-03-20,9.71,10.58,10.58,9.57,51348,51664037.00,10.50,9.98,0.96,6.93
2020-03-23,10.55,11.27,11.60,10.40,168711,189245916.00,11.34,6.52,0.69,22.76
2020-03-24,11.26,12.10,12.27,11.18,187088,217875274.00,9.67,7.36,0.83,25.24
2020-03-25,11.96,12.02,12.42,11.55,149541,179267172.00,7.19,-0.66,-0.08,20.18
2020-03-26,11.82,11.02,11.87,10.95,131366,149872490.00,7.65,-8.32,-1.00,17.72
2020-03-27,11.10,11.50,11.94,11.07,150740,174693418.00,7.89,4.36,0.48,20.34
2020-03-30,11.30,11.65,12.20,11.30,178653,210708061.00,7.83,1.30,0.15,24.10
2020-03-31,11.40,12.39,12.39,11.15,231183,277696864.00,10.64,6.35,0.74,31.19
2020-04-01,12.16,12.49,13.38,11.80,262678,325905888.00,12.75,0.81,0.10,35.44
2020-04-02,12.05,11.91,12.40,11.68,172832,206592849.00,5.76,-4.64,-0.58,23.32
2020-04-03,11.66,11.90,12.28,11.41,143590,171163895.00,7.30,-0.08,-0.01,19.37
2020-04-07,11.67,12.69,12.72,11.49,225706,276817552.00,10.34,6.64,0.79,30.45
2020-04-08,12.38,12.10,12.72,12.08,169141,208416589.00,5.04,-4.65,-0.59,22.82
2020-04-09,12.10,12.16,12.45,11.78,143174,172904670.00,5.54,0.50,0.06,19.32
2020-04-10,12.06,11.68,12.16,11.43,103420,121887500.00,6.00,-3.95,-0.48,13.95
2020-04-13,11.50,11.57,11.85,11.44,54260,62838193.00,3.51,-0.94,-0.11,7.32
2020-04-14,11.56,11.49,11.62,11.24,71980,82319942.00,3.28,-0.69,-0.08,9.71
2020-04-15,11.15,10.60,11.15,10.57,120920,130754629.00,5.05,-7.75,-0.89,16.31
2020-04-16,10.47,10.39,10.61,10.25,63469,66043825.00,3.40,-1.98,-0.21,8.56
2020-04-17,10.40,10.23,10.51,10.20,69694,71982485.00,2.98,-1.54,-0.16,9.40
2020-04-20,10.24,10.42,10.43,10.11,50599,52203090.00,3.13,1.86,0.19,6.83
2020-04-21,10.33,10.46,10.57,10.19,57393,59664683.00,3.65,0.38,0.04,7.74
2020-04-22,10.37,10.74,10.77,10.30,77451,82205439.00,4.49,2.68,0.28,10.45
2020-04-23,10.65,10.87,11.13,10.54,102745,110976645.00,5.49,1.21,0.13,13.86
2020-04-24,10.71,10.17,10.71,10.15,77654,80880085.00,5.15,-6.44,-0.70,10.48
2020-04-27,10.16,10.01,10.16,9.75,50699,50437072.00,4.03,-1.57,-0.16,6.84
2020-04-28,9.99,9.71,10.06,9.41,43280,42305706.00,6.49,-3.00,-0.30,5.84
2020-04-29,9.75,9.88,9.90,9.52,38513,37334365.00,3.91,1.75,0.17,5.20
2020-04-30,9.74,9.88,9.94,9.71,36966,36376012.00,2.33,0.00,0.00,4.99
2020-05-06,9.79,10.03,10.08,9.75,36731,36628788.00,3.34,1.52,0.15,4.96
2020-05-07,10.03,9.91,10.15,9.89,40893,40948297.00,2.59,-1.20,-0.12,5.52
2020-05-08,9.97,10.00,10.09,9.81,36676,36607463.00,2.83,0.91,0.09,4.95
2020-05-11,9.99,9.97,10.12,9.83,30689,30579106.00,2.90,-0.30,-0.03,4.14
2020-05-12,9.91,10.03,10.04,9.89,29179,29093659.00,1.50,0.60,0.06,3.94
2020-05-13,10.02,10.42,10.50,9.93,71974,73919141.00,5.68,3.89,0.39,9.71
2020-05-14,10.25,10.14,10.38,10.10,45885,46853230.00,2.69,-2.69,-0.28,6.19
2020-05-15,10.17,10.20,10.38,10.06,36093,36881019.00,3.16,0.59,0.06,4.87
2020-05-18,10.35,10.69,10.80,10.22,109443,115889421.00,5.69,4.80,0.49,14.77
2020-05-19,10.70,10.58,10.71,10.42,68792,72491360.00,2.71,-1.03,-0.11,9.28
2020-05-20,10.50,10.47,10.84,10.31,67081,71117009.00,5.01,-1.04,-0.11,9.05
2020-05-21,10.47,10.11,10.55,10.10,51143,52509268.00,4.30,-3.44,-0.36,6.90
2020-05-22,10.08,10.46,10.79,9.92,87734,91563834.00,8.61,3.46,0.35,11.84
2020-05-25,10.35,11.07,11.48,10.28,138332,150458630.00,11.47,5.83,0.61,18.66
2020-05-26,11.00,10.96,11.19,10.72,110874,121290079.00,4.25,-0.99,-0.11,14.96
2020-05-27,10.98,11.50,11.66,10.85,143815,163252451.00,7.39,4.93,0.54,19.40
2020-05-28,11.35,10.99,11.42,10.75,100343,110939680.00,5.83,-4.43,-0.51,13.54
2020-05-29,10.86,11.16,11.43,10.83,92026,102969580.00,5.46,1.55,0.17,12.42
2020-06-01,11.06,11.25,11.38,10.89,85416,95361959.00,4.39,0.81,0.09,11.52
2020-06-02,11.25,11.10,11.31,10.92,75624,83773247.00,3.47,-1.33,-0.15,10.20
2020-06-03,11.05,10.80,11.07,10.77,62339,68042089.00,2.70,-2.70,-0.30,8.41
2020-06-04,10.80,10.97,10.97,10.73,51433,55986760.00,2.22,1.57,0.17,6.94
2020-06-05,10.91,10.58,10.91,10.50,58908,62640066.00,3.74,-3.56,-0.39,7.95
2020-06-08,10.58,10.43,10.70,10.42,36536,38518446.00,2.65,-1.42,-0.15,4.93
2020-06-09,10.47,10.50,10.54,10.32,29269,30549859.00,2.11,0.67,0.07,3.95
2020-06-10,10.45,10.46,10.54,10.40,22680,23734192.00,1.33,-0.38,-0.04,3.06
2020-06-11,10.45,10.11,10.45,10.08,42483,43568518.00,3.54,-3.35,-0.35,5.73
2020-06-12,9.95,10.14,10.18,9.94,24344,24566773.00,2.37,0.30,0.03,3.28
2020-06-15,10.12,10.16,10.33,10.09,24880,25387812.00,2.37,0.20,0.02,3.36
2020-06-16,10.11,10.28,10.30,10.11,25654,26235574.00,1.87,1.18,0.12,3.46
2020-06-17,10.31,10.40,10.44,10.15,36922,38119802.00,2.82,1.17,0.12,4.98
2020-06-18,10.37,10.34,10.45,10.28,22045,22821780.00,1.63,-0.58,-0.06,2.97
2020-06-19,10.34,10.35,10.44,10.30,21883,22663159.00,1.35,0.10,0.01,2.95
2020-06-22,10.34,10.25,10.34,10.20,26066,26773039.00,1.35,-0.97,-0.10,3.52
2020-06-23,10.24,10.24,10.33,10.20,16341,16739883.00,1.27,-0.10,-0.01,2.20
2020-06-24,10.25,10.10,10.25,10.08,26645,27000793.00,1.66,-1.37,-0.14,3.59
2020-06-29,10.08,10.24,10.24,10.00,23539,23868418.00,2.38,1.39,0.14,3.18
2020-06-30,10.22,10.39,10.49,10.22,34938,36211414.00,2.64,1.46,0.15,4.71
2020-07-01,10.39,10.37,10.49,10.29,24552,25504608.00,1.92,-0.19,-0.02,3.31
2020-07-02,10.38,10.41,10.43,10.34,33584,34888474.00,0.87,0.39,0.04,4.53
2020-07-03,10.40,10.59,10.61,10.37,41419,43467740.00,2.31,1.73,0.18,5.59
2020-07-06,10.57,10.79,10.85,10.56,59444,63923256.00,2.74,1.89,0.20,8.02
2020-07-07,10.82,10.91,11.14,10.69,76174,83003931.00,4.17,1.11,0.12,10.28
2020-07-08,10.81,10.95,11.08,10.76,63943,69739758.00,2.93,0.37,0.04,8.63
2020-07-09,10.99,11.19,11.28,10.91,82989,92106974.00,3.38,2.19,0.24,11.20
2020-07-10,11.10,10.88,11.20,10.88,66365,73096984.00,2.86,-2.77,-0.31,8.95
2020-07-13,10.90,11.45,11.46,10.88,103360,116498802.00,5.33,5.24,0.57,13.95
2020-07-14,11.40,11.28,11.55,11.05,74241,83920023.00,4.37,-1.48,-0.17,10.02
2020-07-15,11.31,11.02,11.33,10.82,55919,62000794.00,4.52,-2.30,-0.26,7.54
2020-07-16,11.03,10.50,11.03,10.48,54175,58356244.00,4.99,-4.72,-0.52,7.31
2020-07-17,10.53,10.68,10.70,10.18,34980,36993916.00,4.95,1.71,0.18,4.72
2020-07-20,10.71,10.94,10.96,10.70,39246,42628757.00,2.43,2.43,0.26,5.30
2020-07-21,10.92,11.00,11.13,10.87,39117,43004879.00,2.38,0.55,0.06,5.28
2020-07-22,11.07,11.05,11.24,10.90,58928,65320063.00,3.09,0.45,0.05,7.95
2020-07-23,11.05,10.96,11.15,10.57,49681,53944077.00,5.25,-0.81,-0.09,6.70
2020-07-24,10.90,10.50,11.30,10.50,65807,71842698.00,7.30,-4.20,-0.46,8.88
2020-07-27,10.50,10.70,10.93,10.42,49127,52307160.00,4.86,1.90,0.20,6.63
2020-07-28,10.62,11.77,11.77,10.62,192393,218899751.00,10.75,10.00,1.07,25.96
2020-07-29,11.77,12.07,12.14,11.39,235890,277538640.00,6.37,2.55,0.30,31.83
2020-07-30,11.70,11.55,11.92,11.53,153844,179846406.00,3.23,-4.31,-0.52,20.76
2020-07-31,11.43,11.59,11.78,11.31,120922,139842253.00,4.07,0.35,0.04,16.31
2020-08-03,11.61,12.26,12.48,11.56,171006,205186681.00,7.94,5.78,0.67,23.07
2020-08-04,12.15,12.58,13.37,12.05,235957,298081104.00,10.77,2.61,0.32,31.84
2020-08-05,12.40,12.31,12.56,12.08,138509,170575963.00,3.82,-2.15,-0.27,18.69
2020-08-06,12.29,11.99,12.52,11.83,106311,127813616.00,5.61,-2.60,-0.32,14.34
2020-08-07,11.90,11.77,12.22,11.58,102212,121817476.00,5.34,-1.83,-0.22,13.79
2020-08-10,11.88,11.88,12.01,11.60,77202,91356237.00,3.48,0.93,0.11,10.42
2020-08-11,11.80,11.51,11.97,11.44,80534,94644867.00,4.46,-3.11,-0.37,10.87
2020-08-12,11.45,11.62,11.68,11.28,60503,69464302.00,3.48,0.96,0.11,8.16
2020-08-13,11.67,12.00,12.36,11.56,110764,133115666.00,6.88,3.27,0.38,14.94
2020-08-14,11.90,11.89,12.00,11.62,57389,67841138.00,3.17,-0.92,-0.11,7.74
2020-08-17,11.95,12.12,12.33,11.89,82834,100410531.00,3.70,1.93,0.23,11.18
2020-08-18,12.11,12.52,12.57,11.92,130975,161563322.00,5.36,3.30,0.40,17.67
2020-08-19,12.48,12.21,12.65,12.15,102888,127385114.00,3.99,-2.48,-0.31,13.88
2020-08-20,12.17,12.08,12.65,11.90,68010,83163641.00,6.14,-1.06,-0.13,9.18
2020-08-21,12.35,12.56,12.97,12.28,139200,175428693.00,5.71,3.97,0.48,18.78
2020-08-24,12.37,12.85,12.99,12.37,125392,159591565.00,4.94,2.31,0.29,16.92
2020-08-25,12.72,12.66,13.16,12.53,107255,136634365.00,4.90,-1.48,-0.19,14.47
2020-08-26,12.62,12.18,12.98,12.06,90007,111526235.00,7.27,-3.79,-0.48,12.14
2020-08-27,12.12,12.26,12.42,12.07,75916,92937758.00,2.87,0.66,0.08,10.24
2020-08-28,12.20,12.79,13.10,12.10,130869,165625663.00,8.16,4.32,0.53,17.66
2020-08-31,12.80,13.04,13.57,12.78,140158,184090744.00,6.18,1.95,0.25,18.91
2020-09-01,13.30,12.94,13.32,12.70,81588,105626236.00,4.75,-0.77,-0.10,11.01
2020-09-02,13.05,13.12,13.55,12.98,120703,159952765.00,4.40,1.39,0.18,16.29
2020-09-03,13.10,13.37,13.96,12.96,145332,196641751.00,7.62,1.91,0.25,19.61
2020-09-04,13.10,12.69,13.26,12.54,117667,150874018.00,5.39,-5.09,-0.68,15.88
2020-09-07,12.69,12.08,13.01,12.06,106184,132712731.00,7.49,-4.81,-0.61,14.33
2020-09-08,12.03,12.02,12.15,11.77,67909,81029696.00,3.15,-0.50,-0.06,9.16
2020-09-09,11.83,11.71,12.13,11.61,64672,76981048.00,4.33,-2.58,-0.31,8.73
2020-09-10,11.78,11.28,11.85,11.18,68860,78839399.00,5.72,-3.67,-0.43,9.29
2020-09-11,11.16,11.36,11.40,11.07,35557,40032628.00,2.93,0.71,0.08,4.80
2020-09-14,11.34,11.48,11.56,11.30,36781,41969257.00,2.29,1.06,0.12,4.96
2020-09-15,11.38,11.28,11.43,11.23,29401,33247845.00,1.74,-1.74,-0.20,3.97
2020-09-16,11.25,11.10,11.26,10.97,32379,35931119.00,2.57,-1.60,-0.18,4.37
2020-09-17,11.21,11.26,11.52,11.11,40959,46136643.00,3.69,1.44,0.16,5.53
2020-09-18,11.19,11.38,11.40,11.06,36649,41096018.00,3.02,1.07,0.12,4.94
2020-09-21,11.31,11.22,11.32,11.15,28977,32492731.00,1.49,-1.41,-0.16,3.91
2020-09-22,11.18,10.83,11.18,10.80,39829,43695736.00,3.39,-3.48,-0.39,5.37
2020-09-23,10.88,10.85,10.94,10.76,21997,23831600.00,1.66,0.18,0.02,2.97
2020-09-24,10.79,10.61,10.80,10.49,28597,30343887.00,2.86,-2.21,-0.24,3.86
2020-09-25,10.73,10.56,10.78,10.46,19111,20237995.00,3.02,-0.47,-0.05,2.58
2020-09-28,10.56,10.37,10.68,10.32,17966,18832783.00,3.41,-1.80,-0.19,2.42
2020-09-29,10.32,10.38,10.58,10.32,27963,29191560.00,2.51,0.10,0.01,3.77
2020-09-30,10.43,10.45,10.54,10.32,21850,22767241.00,2.12,0.67,0.07,2.95
2020-10-09,10.52,10.72,10.79,10.52,23909,25504464.00,2.58,2.58,0.27,3.23
2020-10-12,10.67,10.92,11.00,10.67,31372,34177759.00,3.08,1.87,0.20,4.23
2020-10-13,10.88,10.93,10.98,10.80,21352,23265447.00,1.65,0.09,0.01,2.88
2020-10-14,10.93,10.77,10.94,10.74,19165,20733956.00,1.83,-1.46,-0.16,2.59
2020-10-15,10.77,10.76,10.81,10.64,15584,16714150.00,1.58,-0.09,-0.01,2.10
2020-10-16,10.77,10.98,11.00,10.68,24848,27065857.00,2.97,2.04,0.22,3.35
2020-10-19,11.01,10.75,11.04,10.74,25093,27263399.00,2.73,-2.09,-0.23,3.39
2020-10-20,10.80,11.01,11.30,10.70,34039,37457687.00,5.58,2.42,0.26,4.59
2020-10-21,11.12,11.48,11.50,10.90,103146,116257454.00,5.45,4.27,0.47,13.92
2020-10-22,11.36,11.27,11.59,11.15,71215,80711306.00,3.83,-1.83,-0.21,9.61
2020-10-23,11.22,10.99,11.26,10.92,43111,47689044.00,3.02,-2.48,-0.28,5.82
2020-10-26,10.81,10.68,10.89,10.58,26169,28036692.00,2.82,-2.82,-0.31,3.53
2020-10-27,10.63,10.74,10.94,10.60,18599,19960311.00,3.18,0.56,0.06,2.51
2020-10-28,10.73,10.70,10.82,10.57,21300,22725650.00,2.33,-0.37,-0.04,2.87
2020-10-29,10.50,11.09,11.22,10.35,46214,50544407.00,8.13,3.64,0.39,6.24
2020-10-30,11.09,10.70,11.27,10.66,44595,49106441.00,5.50,-3.52,-0.39,6.02
2020-11-02,10.72,10.65,10.94,10.63,26321,28423166.00,2.90,-0.47,-0.05,2.06
2020-11-03,10.60,10.79,10.90,10.57,18018,19398920.00,3.10,1.31,0.14,1.41
2020-11-04,10.76,10.80,10.86,10.51,20273,21677506.00,3.24,0.09,0.01,1.58
2020-11-05,10.80,10.88,10.92,10.74,17810,19294113.00,1.67,0.74,0.08,1.39
2020-11-06,10.87,10.71,10.88,10.61,17868,19150251.00,2.48,-1.56,-0.17,1.40
2020-11-09,10.73,10.94,11.10,10.72,44381,48514595.00,3.55,2.15,0.23,3.47
2020-11-10,10.94,11.10,11.12,10.83,34270,37675418.00,2.65,1.46,0.16,2.68
2020-11-11,11.05,11.01,11.18,10.90,27450,30235166.00,2.52,-0.81,-0.09,2.14
2020-11-12,10.96,11.34,11.36,10.90,52128,58330412.00,4.18,3.00,0.33,4.07
2020-11-13,11.25,11.24,11.28,11.08,29999,33519004.00,1.76,-0.88,-0.10,2.34
2020-11-16,11.24,11.14,11.27,11.00,26630,29685006.00,2.40,-0.89,-0.10,2.08
2020-11-17,11.14,11.23,11.24,10.96,28185,31345363.00,2.51,0.81,0.09,2.20
2020-11-18,11.24,11.04,11.24,11.00,25991,28811791.00,2.14,-1.69,-0.19,2.03
2020-11-19,11.00,11.16,11.27,10.78,39171,43398112.00,4.44,1.09,0.12,3.06
2020-11-20,11.19,11.18,11.20,11.09,19428,21658080.00,0.99,0.18,0.02,1.52
2020-11-23,11.19,11.19,11.25,11.11,23166,25905825.00,1.25,0.09,0.01,1.81
2020-11-24,11.21,11.11,11.23,11.09,17195,19162345.00,1.25,-0.71,-0.08,1.34
2020-11-25,11.10,10.74,11.10,10.73,38336,41700412.00,3.33,-3.33,-0.37,2.99
2020-11-26,10.73,10.74,10.82,10.65,16011,17194193.00,1.58,0.00,0.00,1.25
2020-11-27,10.77,10.80,10.83,10.65,15048,16183634.00,1.68,0.56,0.06,1.18
2020-11-30,10.80,10.72,10.88,10.71,15355,16586023.00,1.57,-0.74,-0.08,1.20
2020-12-01,10.72,10.79,10.82,10.65,13126,14140773.00,1.59,0.65,0.07,1.02
2020-12-02,10.89,10.83,10.89,10.74,14133,15255058.00,1.39,0.37,0.04,1.10
2020-12-03,10.75,10.89,10.94,10.72,15394,16654178.00,2.03,0.55,0.06,1.20
2020-12-04,10.88,11.07,11.10,10.81,29133,32025236.00,2.66,1.65,0.18,2.27
2020-12-07,11.02,11.23,11.35,10.96,57163,64127338.00,3.52,1.45,0.16,4.46
2020-12-08,11.19,11.17,11.35,11.10,44899,50392484.00,2.23,-0.53,-0.06,3.51
2020-12-09,11.18,11.13,11.46,11.13,47813,53864310.00,2.95,-0.36,-0.04,3.73
2020-12-10,11.13,11.43,11.50,11.00,65993,74735996.00,4.49,2.70,0.30,5.15
2020-12-11,11.34,11.19,11.37,10.86,53787,59764998.00,4.46,-2.10,-0.24,4.20
2020-12-14,11.16,11.67,11.75,11.08,88221,101975773.00,5.99,4.29,0.48,6.89
2020-12-15,11.54,11.67,11.73,11.39,61799,71551042.00,2.91,0.00,0.00,4.83
2020-12-16,11.54,11.92,12.03,11.53,98435,116329324.00,4.28,2.14,0.25,7.69
2020-12-17,11.77,11.71,11.92,11.40,68900,80086764.00,4.36,-1.76,-0.21,5.38
2020-12-18,11.60,11.85,11.95,11.41,70598,82557501.00,4.61,1.20,0.14,5.51
2020-12-21,11.99,11.72,12.10,11.51,64170,75140149.00,4.98,-1.10,-0.13,5.01
2020-12-22,11.58,11.51,11.88,11.42,66277,77080236.00,3.92,-1.79,-0.21,5.18
2020-12-23,11.49,11.59,11.93,11.41,75049,87508938.00,4.52,0.70,0.08,5.86
2020-12-24,11.46,10.43,11.63,10.43,94084,103091384.00,10.35,-10.01,-1.16,7.35
2020-12-25,9.99,9.44,9.99,9.40,96080,92067688.00,5.66,-9.49,-0.99,7.50
2020-12-28,9.37,9.36,9.60,9.31,49844,47200748.00,3.07,-0.85,-0.08,3.89
2020-12-29,9.35,9.38,9.50,9.28,34430,32338224.00,2.35,0.21,0.02,2.69
2020-12-30,9.46,9.24,9.46,9.11,35150,32615883.00,3.73,-1.49,-0.14,2.74
2020-12-31,9.20,9.26,9.33,9.19,27632,25644164.00,1.52,0.22,0.02,2.16
2021-01-04,9.27,9.53,9.53,9.25,40997,38532060.00,3.02,2.92,0.27,3.20
2021-01-05,9.44,10.28,10.46,9.44,107694,107930684.00,10.70,7.87,0.75,8.41
2021-01-06,10.66,11.31,11.31,10.42,61754,68978622.00,8.66,10.02,1.03,4.82
2021-01-07,12.44,12.44,12.44,12.44,40475,50350825.00,0.00,9.99,1.13,3.16
2021-01-08,13.68,12.67,13.68,12.13,362697,471414320.00,12.46,1.85,0.23,28.32
2021-01-11,11.65,11.40,11.92,11.40,55001,63419425.00,4.10,-10.02,-1.27,4.29
2021-01-12,10.26,10.26,10.26,10.26,32044,32877144.00,0.00,-10.00,-1.14,2.50
2021-01-13,9.54,9.65,10.32,9.54,229159,224826209.00,7.60,-5.95,-0.61,17.89
2021-01-14,9.38,9.03,9.43,8.90,142506,130078505.00,5.49,-6.42,-0.62,11.13
2021-01-15,9.01,9.25,9.31,9.01,79226,72827969.00,3.32,2.44,0.22,6.19
2021-01-18,9.15,10.18,10.18,9.10,73420,71595023.00,11.68,10.05,0.93,5.73
2021-01-19,10.31,10.16,10.68,9.96,140084,144112614.00,7.07,-0.20,-0.02,10.94
2021-01-20,10.31,9.96,10.32,9.86,69679,69800059.00,4.53,-1.97,-0.20,5.44
2021-01-21,9.96,10.08,10.23,9.86,80467,81138109.00,3.71,1.20,0.12,6.28
2021-01-22,10.00,10.09,10.46,9.98,90408,92410303.00,4.76,0.10,0.01,7.06
2021-01-25,11.10,10.40,11.10,10.38,147141,157288387.00,7.14,3.07,0.31,11.49
2021-01-26,10.30,10.18,10.92,10.13,104801,110147775.00,7.60,-2.12,-0.22,8.18
2021-01-27,9.96,9.85,10.36,9.75,92941,92695075.00,5.99,-3.24,-0.33,7.26
2021-01-28,9.71,10.20,10.72,9.70,115736,119565802.00,10.36,3.55,0.35,9.04
2021-01-29,10.23,9.91,10.30,9.63,82786,81516641.00,6.57,-2.84,-0.29,6.46
2021-02-01,9.83,9.49,9.83,9.38,58302,55692256.00,4.54,-4.24,-0.42,4.55
2021-02-02,9.54,9.64,9.67,9.38,39298,37426901.00,3.06,1.58,0.15,3.07
2021-02-03,9.60,9.37,9.63,9.28,43906,41351156.00,3.63,-2.80,-0.27,3.43
2021-02-04,9.33,9.16,9.39,8.96,40734,37286853.00,4.59,-2.24,-0.21,3.18
2021-02-05,9.22,9.08,9.32,8.98,30854,28189335.00,3.71,-0.87,-0.08,2.41
2021-02-08,9.40,9.22,9.62,9.16,40613,37701473.00,5.07,1.54,0.14,3.17
2021-02-09,9.20,9.25,9.25,9.03,35536,32566992.00,2.39,0.33,0.03,2.77
2021-02-10,9.25,9.20,9.32,9.12,29233,26854727.00,2.16,-0.54,-0.05,2.28
2021-02-18,9.24,9.39,9.47,9.24,45960,42954656.00,2.50,2.07,0.19,3.59
2021-02-19,9.38,9.81,9.90,9.36,61032,58876100.00,5.75,4.47,0.42,4.77
2021-02-22,9.87,9.79,10.15,9.77,73171,72500733.00,3.87,-0.20,-0.02,5.71
2021-02-23,9.88,9.73,9.93,9.59,41647,40546852.00,3.47,-0.61,-0.06,3.25
2021-02-24,9.75,9.61,9.82,9.57,40156,38869572.00,2.57,-1.23,-0.12,3.14
2021-02-25,9.61,9.44,9.69,9.42,33936,32250591.00,2.81,-1.77,-0.17,2.65
2021-02-26,9.32,9.48,9.52,9.27,25407,23887868.00,2.65,0.42,0.04,1.98
2021-03-01,9.52,9.60,9.62,9.45,31517,30092648.00,1.79,1.27,0.12,2.46
2021-03-02,9.63,9.40,9.67,9.32,31437,29791614.00,3.65,-2.08,-0.20,2.45
2021-03-03,9.37,9.51,9.57,9.32,30783,29083342.00,2.66,1.17,0.11,2.40
2021-03-04,9.49,9.34,9.51,9.31,32536,30573714.00,2.10,-1.79,-0.17,2.54
2021-03-05,9.28,9.40,9.46,9.22,27335,25602757.00,2.57,0.64,0.06,2.13
2021-03-08,9.42,9.29,9.53,9.28,32163,30226250.00,2.66,-1.17,-0.11,2.51
2021-03-09,9.29,9.13,9.35,8.89,44461,40566193.00,4.95,-1.72,-0.16,3.47
2021-03-10,9.19,9.01,9.19,8.99,24558,22246643.00,2.19,-1.31,-0.12,1.92
2021-03-11,9.00,9.12,9.15,8.90,20242,18297559.00,2.77,1.22,0.11,1.58
2021-03-12,9.12,9.16,9.23,9.01,18937,17250703.00,2.41,0.44,0.04,1.48
2021-03-15,9.13,9.04,9.16,8.97,18945,17169261.00,2.07,-1.31,-0.12,1.48
2021-03-16,9.03,9.18,9.22,9.01,22572,20584214.00,2.32,1.55,0.14,1.76
2021-03-17,9.15,9.30,9.35,9.14,25888,23945094.00,2.29,1.31,0.12,2.02
2021-03-18,9.28,9.16,9.28,9.13,21446,19700551.00,1.61,-1.51,-0.14,1.67
2021-03-19,9.12,9.21,9.23,9.02,20078,18390045.00,2.29,0.55,0.05,1.57
2021-03-22,9.20,9.26,9.28,9.16,19165,17675512.00,1.30,0.54,0.05,1.50
2021-03-23,9.26,9.21,9.30,9.18,23632,21807965.00,1.30,-0.54,-0.05,1.85
2021-03-24,9.15,9.44,9.58,9.11,58234,54594749.00,5.10,2.50,0.23,4.55
2021-03-25,9.32,9.37,9.52,9.28,42880,40204800.00,2.54,-0.74,-0.07,3.35
2021-03-26,9.34,9.29,9.36,9.18,31653,29324052.00,1.92,-0.85,-0.08,2.47
2021-03-29,9.30,9.30,9.38,9.22,28782,26705719.00,1.72,0.11,0.01,2.25
2021-03-30,9.28,9.11,9.29,9.11,32501,29830140.00,1.94,-2.04,-0.19,2.54
2021-03-31,9.15,9.17,9.21,9.07,17386,15915480.00,1.54,0.66,0.06,1.36
2021-04-01,9.15,9.08,9.17,9.04,19788,17970353.00,1.42,-0.98,-0.09,1.55
2021-04-02,9.06,9.10,9.16,9.03,16924,15388732.00,1.43,0.22,0.02,1.32
2021-04-06,9.13,9.21,9.28,9.06,24539,22496393.00,2.42,1.21,0.11,1.92
2021-04-07,9.18,9.24,9.25,9.14,21583,19859207.00,1.19,0.33,0.03,1.69
2021-04-08,9.22,9.24,9.39,9.21,33588,31242591.00,1.95,0.00,0.00,2.62
2021-04-09,9.23,9.35,9.49,9.12,43899,40930118.00,4.00,1.19,0.11,3.43
2021-04-12,9.34,9.30,9.44,9.25,32230,30138452.00,2.03,-0.53,-0.05,2.52
2021-04-13,9.29,9.58,9.66,9.29,62103,59106181.00,3.98,3.01,0.28,4.85
2021-04-14,9.56,9.46,9.60,9.40,40015,37935188.00,2.09,-1.25,-0.12,3.12
2021-04-15,9.80,9.90,10.41,9.59,114494,113730841.00,8.67,4.65,0.44,8.94
2021-04-16,9.69,9.93,10.04,9.66,72400,71495358.00,3.84,0.30,0.03,5.65
2021-04-19,10.00,9.84,10.00,9.80,53084,52254504.00,2.01,-0.91,-0.09,4.15
2021-04-20,9.81,9.84,9.96,9.76,49943,49307183.00,2.03,0.00,0.00,3.90
2021-04-21,9.83,10.00,10.29,9.79,69716,70371948.00,5.08,1.63,0.16,5.44
2021-04-22,9.94,10.04,10.21,9.86,46706,46652192.00,3.50,0.40,0.04,3.65
2021-04-23,9.95,9.69,10.00,9.66,43813,42827339.00,3.39,-3.49,-0.35,3.42
2021-04-26,9.70,9.64,9.85,9.62,27036,26298551.00,2.37,-0.52,-0.05,2.11
2021-04-27,9.61,9.73,9.78,9.46,31808,30585811.00,3.32,0.93,0.09,2.48
2021-04-28,9.71,9.91,9.92,9.65,30398,29911723.00,2.77,1.85,0.18,2.37
2021-04-29,10.03,9.73,10.16,9.72,38344,37929626.00,4.44,-1.82,-0.18,2.99
2021-04-30,9.69,9.74,9.80,9.67,26319,25630675.00,1.34,0.10,0.01,2.06
2021-05-06,9.75,9.91,10.03,9.72,37216,36759482.00,3.18,1.75,0.17,2.91
2021-05-07,9.91,10.09,10.15,9.73,47698,47401736.00,4.24,1.82,0.18,3.72
2021-05-10,9.98,9.99,10.05,9.87,41075,40839246.00,1.78,-0.99,-0.10,3.21
2021-05-11,10.07,10.03,10.34,9.99,54404,55102785.00,3.50,0.40,0.04,4.25
2021-05-12,10.06,10.32,10.45,9.91,66308,68023512.00,5.38,2.89,0.29,5.18
2021-05-13,10.26,10.24,10.38,10.16,41315,42388540.00,2.13,-0.78,-0.08,3.23
2021-05-14,10.34,10.32,10.56,10.25,61403,63871889.00,3.03,0.78,0.08,4.79
2021-05-17,10.26,10.11,10.34,10.08,53084,54069207.00,2.52,-2.03,-0.21,4.15
2021-05-18,10.15,10.21,10.33,10.11,31940,32675994.00,2.18,0.99,0.10,2.49
2021-05-19,10.23,10.10,10.23,10.00,32824,33084417.00,2.25,-1.08,-0.11,2.56
2021-05-20,10.10,10.16,10.25,10.01,32600,32994468.00,2.38,0.59,0.06,2.55
2021-05-21,10.18,10.27,10.44,10.11,38041,39180906.00,3.25,1.08,0.11,2.97
2021-05-24,10.20,10.34,10.42,10.20,37328,38486503.00,2.14,0.68,0.07,2.91
2021-05-25,10.38,10.37,10.45,10.26,35596,36893196.00,1.84,0.29,0.03,2.78
2021-05-26,10.32,10.38,10.44,10.31,31593,32720463.00,1.25,0.10,0.01,2.47
2021-05-27,10.30,10.29,10.39,10.26,28244,29165525.00,1.25,-0.87,-0.09,2.21
2021-05-28,10.27,10.30,10.37,10.18,28451,29251313.00,1.85,0.10,0.01,2.22
2021-05-31,10.30,10.20,10.30,10.13,25768,26246394.00,1.65,-0.97,-0.10,2.01
2021-06-01,10.44,10.42,10.78,10.32,68598,71992318.00,4.51,2.16,0.22,5.36
2021-06-02,10.36,10.37,10.64,10.32,44623,46686414.00,3.07,-0.48,-0.05,3.48
2021-06-03,10.32,10.33,10.51,10.30,31389,32651485.00,2.03,-0.39,-0.04,2.45
2021-06-04,10.33,10.29,10.48,10.25,30551,31622037.00,2.23,-0.39,-0.04,2.39
2021-06-07,10.29,10.18,10.33,10.05,36767,37400728.00,2.72,-1.07,-0.11,2.87
2021-06-08,10.16,10.20,10.28,10.08,24521,24951903.00,1.96,0.20,0.02,1.91
2021-06-09,10.21,11.22,11.22,10.11,150526,166187631.00,10.88,10.00,1.02,11.75
2021-06-10,11.00,10.80,11.17,10.68,170369,185143171.00,4.37,-3.74,-0.42,13.30
2021-06-11,10.83,10.68,10.90,10.65,75779,81418595.00,2.31,-1.11,-0.12,5.92
2021-06-15,10.66,10.54,10.69,10.43,54427,57238658.00,2.43,-1.31,-0.14,4.25
2021-06-16,10.55,10.37,10.61,10.32,38337,39945162.00,2.75,-1.61,-0.17,2.99
2021-06-17,10.32,10.20,10.44,10.11,44142,45296030.00,3.18,-1.64,-0.17,3.45
2021-06-18,10.16,10.24,10.26,10.04,29988,30493300.00,2.16,0.39,0.04,2.34
2021-06-21,10.25,10.38,10.57,10.25,58115,60455114.00,3.13,1.37,0.14,4.54
2021-06-22,10.49,11.42,11.42,10.45,100732,111303075.00,9.34,10.02,1.04,7.87
2021-06-23,11.38,11.05,11.38,10.92,120505,133558994.00,4.03,-3.24,-0.37,9.41
2021-06-24,10.95,11.68,11.98,10.87,166791,191269084.00,10.05,5.70,0.63,13.02
2021-06-25,11.35,11.36,11.53,11.18,83381,94547153.00,3.00,-2.74,-0.32,6.51
2021-06-28,11.36,11.24,11.36,11.02,49604,55702653.00,2.99,-1.06,-0.12,2.90
2021-06-29,11.28,11.33,11.96,11.17,92775,107142856.00,7.03,0.80,0.09,5.42
2021-06-30,11.41,11.33,11.60,11.15,61422,69475672.00,3.97,0.00,0.00,3.59
2021-07-01,11.38,10.95,11.38,10.90,46057,51173627.00,4.24,-3.35,-0.38,2.69
2021-07-02,11.02,11.28,11.55,10.90,80136,90540147.00,5.94,3.01,0.33,4.68
2021-07-05,11.15,11.48,11.63,11.13,86949,99278300.00,4.43,1.77,0.20,5.08
2021-07-06,11.45,11.64,11.84,11.10,111717,128155496.00,6.45,1.39,0.16,6.53
2021-07-07,11.38,11.49,11.87,11.29,87131,99897388.00,4.98,-1.29,-0.15,5.09
2021-07-08,11.40,11.21,11.40,11.05,71402,79909543.00,3.05,-2.44,-0.28,4.17
2021-07-09,11.20,11.14,11.22,10.89,58777,64750772.00,2.94,-0.62,-0.07,3.44
2021-07-12,11.27,11.32,11.55,11.17,68390,77335637.00,3.41,1.62,0.18,4.00
2021-07-13,11.24,11.19,11.31,11.08,41845,46761525.00,2.03,-1.15,-0.13,2.45
2021-07-14,11.18,11.07,11.18,10.95,43469,47946076.00,2.06,-1.07,-0.12,2.54
2021-07-15,10.93,10.39,10.93,10.34,74020,77915440.00,5.33,-6.14,-0.68,4.33
2021-07-16,10.31,10.43,10.49,10.23,32422,33705312.00,2.50,0.38,0.04,1.90
