2018-08-29,35.56,35.56,35.56,35.56,92,326796.00,0.00,9.99,3.23,0.03
2018-08-30,39.12,39.12,39.12,39.12,86,334867.00,0.00,10.01,3.56,0.03
2018-08-31,43.03,43.03,43.03,43.03,478,2058856.00,0.00,9.99,3.91,0.16
2018-09-03,47.33,47.33,47.33,47.33,576,2727012.00,0.00,9.99,4.30,0.20
2018-09-04,52.06,52.06,52.06,52.06,624,3249324.00,0.00,9.99,4.73,0.21
2018-09-05,57.27,57.27,57.27,57.27,734,4205908.00,0.00,10.01,5.21,0.25
2018-09-06,63.00,63.00,63.00,63.00,5066,31913343.00,0.00,10.01,5.73,1.73
2018-09-07,69.30,69.30,69.30,69.30,14159,98124780.00,0.00,10.00,6.30,4.82
2018-09-10,73.00,69.22,73.95,68.74,191806,1361199840.00,7.52,-0.12,-0.08,65.35
2018-09-11,66.14,65.09,68.00,63.70,132595,876088208.00,6.21,-5.97,-4.13,45.18
2018-09-12,64.00,66.53,66.80,63.10,111888,733352272.00,5.68,2.21,1.44,38.12
2018-09-13,67.21,68.31,69.88,65.55,131751,892820768.00,6.51,2.68,1.78,44.89
2018-09-14,66.33,61.48,66.98,61.48,118679,754311936.00,8.05,-10.00,-6.83,40.44
2018-09-17,58.81,61.88,61.88,58.11,87885,525600464.00,6.13,0.65,0.40,29.94
2018-09-18,60.80,61.88,62.40,58.70,91568,558892368.00,5.98,0.00,0.00,31.20
2018-09-19,61.08,59.77,61.99,59.60,82311,499551936.00,3.86,-3.41,-2.11,28.04
2018-09-20,59.20,57.61,61.20,57.15,83999,496554880.00,6.78,-3.61,-2.16,28.62
2018-09-21,57.20,59.03,59.03,56.03,79364,459774272.00,5.21,2.46,1.42,27.04
2018-09-25,63.00,59.22,64.80,59.02,118077,734536432.00,9.79,0.32,0.19,40.23
2018-09-26,60.24,61.68,62.60,59.01,112131,684627696.00,6.06,4.15,2.46,38.20
2018-09-27,60.31,56.58,60.60,55.56,110106,636310592.00,8.17,-8.27,-5.10,37.51
2018-09-28,56.99,56.40,57.90,55.30,67153,381857184.00,4.60,-0.32,-0.18,22.88
2018-10-08,53.58,51.70,54.13,51.30,56315,297483376.00,5.02,-8.33,-4.70,19.19
2018-10-09,52.10,52.31,53.60,51.28,49103,257673454.00,4.49,1.18,0.61,16.73
2018-10-10,52.20,52.89,53.38,52.18,47261,249806386.00,2.29,1.11,0.58,16.10
2018-10-11,49.80,47.60,49.99,47.60,42910,207679913.00,4.52,-10.00,-5.29,14.62
2018-10-12,45.22,45.16,46.25,44.20,59400,268648320.00,4.31,-5.13,-2.44,20.24
2018-10-15,45.76,46.00,47.38,45.30,55290,255465816.00,4.61,1.86,0.84,18.84
2018-10-16,47.50,45.28,48.76,45.28,65676,308366896.00,7.57,-1.57,-0.72,22.38
2018-10-17,46.18,46.00,47.70,44.53,64634,298877456.00,7.00,1.59,0.72,22.02
2018-10-18,44.88,41.40,44.90,41.40,64242,271608000.00,7.61,-10.00,-4.60,21.89
2018-10-19,40.20,42.35,42.80,39.80,46198,193001416.00,7.25,2.29,0.95,15.74
2018-10-22,43.00,45.04,46.24,42.32,80760,357343664.00,9.26,6.35,2.69,27.52
2018-10-23,44.49,44.60,45.98,44.15,71787,324693664.00,4.06,-0.98,-0.44,24.46
2018-10-24,44.00,44.90,45.90,43.80,51990,234278743.00,4.71,0.67,0.30,17.71
2018-10-25,42.05,43.53,43.53,41.90,46979,200686423.00,3.63,-3.05,-1.37,16.01
2018-10-26,44.40,45.02,47.50,44.35,69726,318326464.00,7.24,3.42,1.49,23.76
2018-10-29,45.00,45.62,46.80,44.61,59081,271246160.00,4.86,1.33,0.60,20.13
2018-10-30,44.80,46.36,46.40,42.34,68291,302790480.00,8.90,1.62,0.74,23.27
2018-10-31,45.90,47.20,48.99,45.58,83861,398163712.00,7.36,1.81,0.84,28.57
2018-11-01,46.66,47.75,49.97,46.66,92938,447727040.00,7.01,1.17,0.55,31.67
2018-11-02,48.00,49.73,49.80,47.75,87806,430752240.00,4.29,4.15,1.98,29.92
2018-11-05,51.61,48.30,51.93,47.21,96597,476626448.00,9.49,-2.88,-1.43,32.91
2018-11-06,46.60,45.14,46.60,43.95,81917,370236736.00,5.49,-6.54,-3.16,27.91
2018-11-07,44.70,44.51,45.61,44.40,51095,230468682.00,2.68,-1.40,-0.63,17.41
2018-11-08,44.70,43.54,45.17,43.02,46646,205020686.00,4.83,-2.18,-0.97,15.89
2018-11-09,43.13,43.26,43.88,42.93,30125,130694500.00,2.18,-0.64,-0.28,10.26
2018-11-12,42.89,44.85,44.87,42.80,42899,189599620.00,4.79,3.68,1.59,14.62
2018-11-13,44.18,46.13,46.60,44.03,65436,298138576.00,5.73,2.85,1.28,22.30
2018-11-14,45.94,45.93,47.40,45.54,59173,274447728.00,4.03,-0.43,-0.20,20.16
2018-11-15,46.37,48.60,48.75,45.81,89492,423648304.00,6.40,5.81,2.67,30.49
2018-11-16,48.00,48.01,48.90,47.81,64344,310598320.00,2.24,-1.21,-0.59,21.92
2018-11-19,48.12,48.70,49.35,47.30,59815,290499712.00,4.27,1.44,0.69,20.38
2018-11-20,48.00,46.75,49.80,46.53,62472,300115840.00,6.71,-4.00,-1.95,21.29
2018-11-21,45.86,46.12,46.35,44.60,42158,192661156.00,3.74,-1.35,-0.63,14.36
2018-11-22,46.59,44.94,46.83,44.88,34914,159058299.00,4.23,-2.56,-1.18,11.90
2018-11-23,44.90,43.66,45.68,43.66,34502,153950102.00,4.49,-2.85,-1.28,11.76
2018-11-26,43.96,42.72,44.28,42.20,32378,139379748.00,4.76,-2.15,-0.94,11.03
2018-11-27,43.00,43.97,43.99,42.72,29912,129977656.00,2.97,2.93,1.25,10.19
2018-11-28,43.93,44.00,44.07,42.90,28718,125220124.00,2.66,0.07,0.03,9.78
2018-11-29,44.20,41.20,44.66,41.20,37766,162124396.00,7.86,-6.36,-2.80,12.87
2018-11-30,40.75,41.29,41.46,39.92,29159,119104447.00,3.74,0.22,0.09,9.93
2018-12-03,42.23,42.91,43.27,41.61,29783,127168799.00,4.02,3.92,1.62,10.15
2018-12-04,42.69,43.02,43.02,42.13,24490,104322862.00,2.07,0.26,0.11,8.34
2018-12-05,42.16,42.10,42.68,41.55,19896,83605460.00,2.63,-2.14,-0.92,6.78
2018-12-06,41.76,41.95,43.05,41.76,21822,92433160.00,3.06,-0.36,-0.15,7.44
2018-12-07,41.99,41.35,42.27,41.21,18319,76346860.00,2.53,-1.43,-0.60,6.24
2018-12-10,40.53,40.43,40.96,40.11,14969,60612866.00,2.06,-2.22,-0.92,5.10
2018-12-11,40.59,41.32,41.41,40.52,15882,65028581.00,2.20,2.20,0.89,5.41
2018-12-12,41.32,41.35,41.98,41.10,18736,77851206.00,2.13,0.07,0.03,6.38
2018-12-13,41.56,41.48,41.65,40.61,18618,76857714.00,2.52,0.31,0.13,6.34
2018-12-14,41.20,40.32,41.51,40.17,17206,70149340.00,3.23,-2.80,-1.16,5.86
2018-12-17,39.88,41.05,41.07,39.86,16110,65404020.00,3.00,1.81,0.73,5.49
2018-12-18,40.55,41.49,42.03,40.32,28138,116137199.00,4.17,1.07,0.44,9.59
2018-12-19,41.06,40.41,41.49,40.36,18951,77407586.00,2.72,-2.60,-1.08,6.46
2018-12-20,40.35,40.75,40.94,40.19,14062,57096924.00,1.86,0.84,0.34,4.79
2018-12-21,40.50,41.25,41.32,40.00,19920,81502408.00,3.24,1.23,0.50,6.79
2018-12-24,41.40,42.97,43.86,41.27,43294,185969503.00,6.28,4.17,1.72,14.75
2018-12-25,42.15,42.59,42.74,41.14,34097,142743129.00,3.72,-0.88,-0.38,11.62
2018-12-26,42.17,42.17,43.18,42.02,25243,107452648.00,2.72,-0.99,-0.42,8.60
2018-12-27,42.72,41.50,43.14,41.50,25156,107017960.00,3.89,-1.59,-0.67,8.57
2018-12-28,41.75,40.22,42.12,40.00,27166,111645692.00,5.11,-3.08,-1.28,9.26
2019-01-02,40.19,39.38,40.20,38.51,22434,88041806.00,4.20,-2.09,-0.84,7.64
2019-01-03,39.36,40.59,43.00,39.16,41501,170637283.00,9.75,3.07,1.21,14.14
2019-01-04,39.85,41.48,41.66,39.51,35262,144593894.00,5.30,2.19,0.89,12.01
2019-01-07,42.44,43.61,43.88,41.80,62299,267784786.00,5.01,5.14,2.13,21.23
2019-01-08,43.10,42.40,43.30,42.00,40691,173306616.00,2.98,-2.77,-1.21,13.86
2019-01-09,42.21,41.93,43.35,41.90,35829,152541310.00,3.42,-1.11,-0.47,12.21
2019-01-10,41.81,41.94,42.50,41.66,25721,108021055.00,2.00,0.02,0.01,8.76
2019-01-11,41.89,44.62,45.67,41.75,68600,299884944.00,9.35,6.39,2.68,23.37
2019-01-14,44.68,42.97,44.96,42.57,54211,236025548.00,5.36,-3.70,-1.65,18.47
2019-01-15,42.41,43.32,43.51,42.05,33239,142246833.00,3.40,0.81,0.35,11.32
2019-01-16,43.16,44.48,45.28,42.88,58202,257982757.00,5.54,2.68,1.16,19.83
2019-01-17,44.16,43.00,44.38,42.89,36067,157137571.00,3.35,-3.33,-1.48,12.29
2019-01-18,43.04,43.68,44.46,43.00,41124,179884594.00,3.40,1.58,0.68,14.01
2019-01-21,43.39,44.48,44.48,42.80,35373,154686844.00,3.85,1.83,0.80,12.05
2019-01-22,44.78,45.95,47.98,44.61,85374,394499488.00,7.58,3.30,1.47,29.09
2019-01-23,45.51,46.98,46.98,45.06,57306,264184264.00,4.18,2.24,1.03,19.53
2019-01-24,46.35,46.12,47.62,46.03,57042,266667607.00,3.38,-1.83,-0.86,19.44
2019-01-25,45.90,44.40,46.48,44.40,42178,191293703.00,4.51,-3.73,-1.72,14.37
2019-01-28,44.90,45.23,45.49,44.45,31715,142828068.00,2.34,1.87,0.83,10.81
2019-01-29,44.59,42.60,44.69,41.11,38879,167598654.00,7.92,-5.81,-2.63,13.25
2019-01-30,42.50,41.92,43.58,41.86,26499,113199364.00,4.04,-1.60,-0.68,9.03
2019-01-31,41.93,40.27,42.29,39.39,39731,161410681.00,6.92,-3.94,-1.65,13.54
2019-02-01,40.38,41.39,41.44,40.38,18019,73937595.00,2.63,2.78,1.12,6.14
2019-02-11,41.50,42.69,42.74,41.50,26063,110108165.00,3.00,3.14,1.30,8.88
2019-02-12,42.61,42.91,43.20,42.45,25112,107474754.00,1.76,0.52,0.22,8.56
2019-02-13,42.91,44.06,44.20,42.70,40413,175982429.00,3.50,2.68,1.15,13.77
2019-02-14,43.80,43.94,44.15,43.51,27913,122335431.00,1.45,-0.27,-0.12,9.51
2019-02-15,43.88,44.15,44.39,43.71,28033,123437407.00,1.55,0.48,0.21,9.55
2019-02-18,44.55,45.13,45.30,43.87,42731,190514448.00,3.24,2.22,0.98,14.56
2019-02-19,44.81,45.28,45.28,43.87,43928,195909570.00,3.12,0.33,0.15,14.97
2019-02-20,45.08,45.11,45.95,44.52,40511,183207872.00,3.16,-0.38,-0.17,13.80
2019-02-21,44.73,44.30,45.85,44.21,46825,211247594.00,3.64,-1.80,-0.81,15.95
2019-02-22,43.99,44.69,44.84,43.53,33922,150048266.00,2.96,0.88,0.39,11.56
2019-02-25,46.45,47.25,47.79,45.60,65313,303447728.00,4.90,5.73,2.56,22.25
2019-02-26,47.00,49.43,51.97,46.60,85214,419315376.00,11.37,4.61,2.18,29.03
2019-02-27,49.24,53.12,54.30,49.02,94705,495521728.00,10.68,7.47,3.69,32.27
2019-02-28,53.12,51.50,53.23,50.81,56945,294543280.00,4.56,-3.05,-1.62,19.40
2019-03-01,51.55,52.25,52.99,50.53,50194,260167105.00,4.78,1.46,0.75,17.10
2019-03-04,52.33,52.24,53.80,51.74,60088,317089536.00,3.94,-0.02,-0.01,20.47
2019-03-05,51.98,52.31,52.31,50.78,49328,253462554.00,2.93,0.13,0.07,16.81
2019-03-06,52.50,52.87,53.19,51.42,54578,286201568.00,3.38,1.07,0.56,18.60
2019-03-07,52.50,54.76,56.49,52.00,69472,377063328.00,8.49,3.57,1.89,23.67
2019-03-08,53.00,51.48,54.13,51.36,50530,266487802.00,5.06,-5.99,-3.28,17.22
2019-03-11,51.28,53.10,53.19,51.24,37016,193839075.00,3.79,3.15,1.62,12.61
2019-03-12,53.60,54.10,55.58,53.12,55219,300039296.00,4.63,1.88,1.00,18.81
2019-03-13,54.25,54.79,57.50,53.85,63903,355984176.00,6.75,1.28,0.69,21.77
2019-03-14,53.80,52.06,54.49,50.75,41869,219131094.00,6.83,-4.98,-2.73,14.27
2019-03-15,52.33,52.60,53.11,51.84,28622,150084096.00,2.44,1.04,0.54,9.75
2019-03-18,52.45,53.84,53.85,52.00,31175,165564860.00,3.52,2.36,1.24,10.62
2019-03-19,54.20,54.92,56.33,54.01,43968,242471582.00,4.31,2.01,1.08,14.98
2019-03-20,54.98,53.84,54.99,52.67,29018,155900542.00,4.22,-1.97,-1.08,9.89
2019-03-21,53.90,54.90,55.15,53.70,30446,165355542.00,2.69,1.97,1.06,10.37
2019-03-22,54.89,57.23,58.40,54.79,63240,358242528.00,6.58,4.24,2.33,21.55
2019-03-25,56.80,58.34,60.96,56.55,65102,385462576.00,7.71,1.94,1.11,22.18
2019-03-26,58.34,54.77,58.58,54.70,49575,278225440.00,6.65,-6.12,-3.57,16.89
2019-03-27,54.90,53.20,55.20,52.25,30962,165360841.00,5.39,-2.87,-1.57,10.55
2019-03-28,53.16,52.71,54.75,52.67,25813,138761521.00,3.91,-0.92,-0.49,8.79
2019-03-29,52.80,53.98,54.08,52.65,27128,145203209.00,2.71,2.41,1.27,9.24
2019-04-01,54.45,56.30,56.46,54.40,36534,202830521.00,3.82,4.30,2.32,12.45
2019-04-02,56.32,56.75,57.85,55.80,40380,229507510.00,3.64,0.80,0.45,13.76
2019-04-03,56.75,57.25,58.54,56.51,38697,223138370.00,3.58,0.88,0.50,13.18
2019-04-04,57.21,56.92,57.72,55.74,31943,180605314.00,3.46,-0.58,-0.33,10.88
2019-04-08,57.33,55.84,57.58,54.90,27797,156450515.00,4.71,-1.90,-1.08,9.47
2019-04-09,55.70,56.36,56.76,54.96,25031,139803322.00,3.22,0.93,0.52,8.53
2019-04-10,53.80,51.77,53.80,51.07,51903,270355104.00,4.84,-8.14,-4.59,17.68
2019-04-11,51.75,50.75,52.17,50.60,23765,121395663.00,3.03,-1.97,-1.02,8.10
2019-04-12,50.75,51.06,51.50,50.70,13266,67708273.00,1.58,0.61,0.31,4.52
2019-04-15,51.55,50.30,51.82,50.30,16930,86890934.00,2.98,-1.49,-0.76,5.77
2019-04-16,49.93,51.37,51.47,49.59,19635,98994904.00,3.74,2.13,1.07,6.69
2019-04-17,51.50,51.41,51.69,51.11,15956,82051650.00,1.13,0.08,0.04,5.44
2019-04-18,51.39,50.51,51.39,50.50,16510,83919919.00,1.73,-1.75,-0.90,5.63
2019-04-19,50.58,51.20,51.28,50.23,12589,63731008.00,2.08,1.37,0.69,4.29
2019-04-22,51.33,50.61,51.80,50.50,17301,88645765.00,2.54,-1.15,-0.59,5.89
2019-04-23,50.49,47.81,50.99,47.70,27514,134738252.00,6.50,-5.53,-2.80,9.37
2019-04-24,47.99,48.45,48.50,47.40,15089,72556833.00,2.30,1.34,0.64,5.14
2019-04-25,48.00,45.80,48.01,45.80,25932,121710142.00,4.56,-5.47,-2.65,8.84
2019-04-26,45.99,45.20,46.00,45.00,14215,64470247.00,2.18,-1.31,-0.60,4.84
2019-04-29,45.16,43.85,45.50,43.00,17798,78516287.00,5.53,-2.99,-1.35,6.06
2019-04-30,43.80,44.22,44.48,43.66,9472,41769648.00,1.87,0.84,0.37,3.23
2019-05-06,42.37,40.13,43.44,40.00,16976,70660553.00,7.78,-9.25,-4.09,5.78
2019-05-07,40.50,41.17,41.27,40.47,13073,53551544.00,1.99,2.59,1.04,4.45
2019-05-08,40.40,42.33,42.99,40.00,17561,73196732.00,7.26,2.82,1.16,5.98
2019-05-09,41.80,41.60,42.37,41.50,13744,57588205.00,2.06,-1.72,-0.73,4.68
2019-05-10,42.00,43.98,44.44,41.72,27897,120128680.00,6.54,5.72,2.38,9.50
2019-05-13,43.50,43.47,44.29,43.16,14008,61081312.00,2.57,-1.16,-0.51,4.77
2019-05-14,42.94,43.97,44.65,42.91,18999,83705955.00,4.00,1.15,0.50,6.47
2019-05-15,44.02,44.14,44.33,43.67,15157,66717833.00,1.50,0.39,0.17,5.16
2019-05-16,44.08,44.39,44.68,43.55,16167,71414409.00,2.56,0.57,0.25,5.51
2019-05-17,44.37,42.17,44.62,41.83,17578,76063980.00,6.29,-5.00,-2.22,5.99
2019-05-20,42.17,43.24,43.36,42.07,12423,53206936.00,3.06,2.54,1.07,4.23
2019-05-21,43.24,43.55,43.79,42.70,10024,43492331.00,2.52,0.72,0.31,3.42
2019-05-22,43.68,42.83,43.78,42.50,9938,42814832.00,2.94,-1.65,-0.72,3.39
2019-05-23,42.80,42.60,43.37,41.90,11492,49007990.00,3.43,-0.54,-0.23,3.92
2019-05-24,42.15,41.80,42.60,41.30,10365,43403208.00,3.05,-1.88,-0.80,3.53
2019-05-27,41.97,42.86,42.98,41.74,11700,49596171.00,2.97,2.54,1.06,3.99
2019-05-28,42.86,42.72,43.29,42.50,11699,50225881.00,1.84,-0.33,-0.14,3.99
2019-05-29,42.70,43.89,44.19,42.35,20281,88600030.00,4.31,2.74,1.17,6.91
2019-05-30,43.60,44.32,44.35,43.10,16955,74007135.00,2.85,0.98,0.43,5.78
2019-05-31,44.32,46.09,47.36,43.80,38451,175407862.00,8.03,3.99,1.77,13.10
2019-06-03,47.47,45.56,48.80,45.52,42016,197798900.00,7.12,-1.15,-0.53,14.32
2019-06-04,45.02,44.30,45.05,43.54,23318,103003867.00,3.31,-2.77,-1.26,7.94
2019-06-05,44.77,43.62,44.78,43.50,16251,71445887.00,2.89,-1.53,-0.68,5.54
2019-06-06,43.58,41.71,43.59,41.67,16613,70152920.00,4.40,-4.38,-1.91,5.66
2019-06-10,41.80,42.15,42.46,41.50,9416,39653523.00,2.30,1.05,0.44,3.21
2019-06-11,42.40,43.80,43.85,42.29,12956,56026454.00,3.70,3.91,1.65,4.41
2019-06-12,43.80,44.80,45.38,43.61,21073,93778123.00,4.04,2.28,1.00,7.18
2019-06-13,44.80,44.59,44.93,44.11,13925,62077456.00,1.83,-0.47,-0.21,4.74
2019-06-14,44.51,44.91,46.28,44.31,27279,124360765.00,4.42,0.72,0.32,9.29
2019-06-17,44.20,44.30,44.65,43.61,9879,43608630.00,2.32,-1.36,-0.61,3.37
2019-06-18,44.05,45.35,45.63,44.05,13666,61561596.00,3.57,2.37,1.05,4.66
2019-06-19,46.00,45.57,46.18,45.21,18470,84250674.00,2.14,0.49,0.22,6.29
2019-06-20,44.80,45.68,46.78,44.35,25627,117374255.00,5.33,0.24,0.11,8.73
2019-06-21,45.53,45.75,46.28,45.30,20745,94888128.00,2.15,0.15,0.07,7.07
2019-06-24,44.98,44.93,45.41,44.56,14214,63902801.00,1.86,-1.79,-0.82,4.84
2019-06-25,44.97,44.25,45.00,43.91,11417,50660266.00,2.43,-1.51,-0.68,3.89
2019-06-26,43.95,44.52,44.60,43.85,8207,36379077.00,1.69,0.61,0.27,2.80
2019-06-27,44.52,44.92,45.08,44.31,11603,52002359.00,1.73,0.90,0.40,3.95
2019-06-28,44.93,43.20,44.93,43.05,15835,69042227.00,4.19,-3.83,-1.72,5.40
2019-07-01,44.28,44.66,44.68,43.75,16635,73433368.00,2.15,3.38,1.46,5.67
2019-07-02,44.62,45.10,45.50,44.50,16833,75890781.00,2.24,0.99,0.44,5.74
2019-07-03,44.73,46.89,47.10,44.58,40047,184711960.00,5.59,3.97,1.79,13.64
2019-07-04,46.80,46.10,48.09,45.83,45807,215072176.00,4.82,-1.68,-0.79,15.61
2019-07-05,45.93,47.45,47.97,45.65,32636,153401091.00,5.03,2.93,1.35,11.12
2019-07-08,47.21,45.33,47.35,44.80,26134,119531235.00,5.37,-4.47,-2.12,8.90
2019-07-09,44.90,44.61,45.46,44.04,15029,67201582.00,3.13,-1.59,-0.72,5.12
2019-07-10,45.51,46.66,47.22,44.82,31730,146697655.00,5.38,4.60,2.05,10.81
2019-07-11,46.40,45.65,46.55,45.34,20130,92525832.00,2.59,-2.16,-1.01,6.86
2019-07-12,45.66,44.88,45.66,44.62,13591,61110014.00,2.28,-1.69,-0.77,4.63
2019-07-15,44.88,46.36,46.40,44.58,19129,87715732.00,4.06,3.30,1.48,6.52
2019-07-16,46.10,46.30,46.75,45.93,13612,62916454.00,1.77,-0.13,-0.06,4.64
2019-07-17,46.28,46.32,47.38,46.00,19802,92512179.00,2.98,0.04,0.02,6.75
2019-07-18,46.26,45.22,46.26,45.01,15044,68332188.00,2.70,-2.37,-1.10,5.13
2019-07-19,45.50,45.11,46.33,45.07,11500,52376984.00,2.79,-0.24,-0.11,3.92
2019-07-22,44.88,42.65,45.30,42.50,18410,80076168.00,6.21,-5.45,-2.46,6.27
2019-07-23,42.30,43.49,43.50,42.30,8011,34592843.00,2.81,1.97,0.84,2.73
2019-07-24,43.51,44.74,44.98,43.51,15074,67109228.00,3.38,2.87,1.25,5.14
2019-07-25,44.69,45.14,45.39,44.56,14750,66370249.00,1.86,0.89,0.40,5.03
2019-07-26,44.93,46.03,46.29,44.93,18552,85100523.00,3.01,1.97,0.89,6.32
2019-07-29,46.18,46.40,46.70,45.63,14396,66382687.00,2.32,0.80,0.37,4.90
2019-07-30,46.13,45.78,46.68,45.78,13712,63366841.00,1.94,-1.34,-0.62,4.67
2019-07-31,45.75,46.06,46.66,45.60,15910,73580989.00,2.32,0.61,0.28,5.42
2019-08-01,45.61,45.68,46.39,45.25,11839,54191103.00,2.48,-0.83,-0.38,4.03
2019-08-02,44.16,44.90,45.16,44.10,13575,60761257.00,2.32,-1.71,-0.78,4.63
2019-08-05,45.15,49.39,49.39,45.15,30729,149343027.00,9.44,10.00,4.49,10.47
2019-08-06,49.80,48.74,49.80,47.51,72910,356269072.00,4.64,-1.32,-0.65,24.84
2019-08-07,48.20,47.70,48.77,47.28,43513,209017735.00,3.06,-2.13,-1.04,14.83
2019-08-08,46.71,45.99,46.80,45.30,47647,219335388.00,3.14,-3.58,-1.71,16.23
2019-08-09,46.03,44.60,46.39,44.51,35201,160206354.00,4.09,-3.02,-1.39,11.99
2019-08-12,44.20,45.23,45.27,43.43,24977,110383799.00,4.13,1.41,0.63,8.51
2019-08-13,44.61,45.63,46.36,44.30,26233,119409136.00,4.55,0.88,0.40,8.94
2019-08-14,46.00,46.06,46.17,45.35,22546,103327953.00,1.80,0.94,0.43,7.68
2019-08-15,44.60,45.49,45.97,44.60,18279,82715649.00,2.97,-1.24,-0.57,6.23
2019-08-16,45.49,46.09,46.48,45.16,24470,112472080.00,2.90,1.32,0.60,8.34
2019-08-19,46.10,47.47,47.62,45.86,33861,159080649.00,3.82,2.99,1.38,11.54
2019-08-20,47.10,46.81,47.45,46.52,26779,125700379.00,1.96,-1.39,-0.66,9.12
2019-08-21,46.46,47.12,47.12,46.06,24737,115087077.00,2.26,0.66,0.31,8.43
2019-08-22,47.30,48.03,48.50,47.16,39874,191052245.00,2.84,1.93,0.91,13.59
2019-08-23,47.84,46.86,47.84,46.69,25871,121930386.00,2.39,-2.44,-1.17,8.81
2019-08-26,45.99,46.48,46.82,45.52,14970,69319858.00,2.77,-0.81,-0.38,5.10
2019-08-27,46.31,47.36,47.48,46.23,25823,121278089.00,2.69,1.89,0.88,8.80
2019-08-28,47.10,49.15,51.50,46.90,55457,273937056.00,9.71,3.78,1.79,13.03
2019-08-29,48.10,48.43,48.68,47.60,42478,204578120.00,2.20,-1.46,-0.72,9.98
2019-08-30,48.66,50.48,50.69,47.90,61105,304051680.00,5.76,4.23,2.05,14.36
2019-09-02,51.12,51.61,53.50,50.30,66772,347802688.00,6.34,2.24,1.13,15.69
2019-09-03,51.10,51.69,52.20,50.50,42097,215884316.00,3.29,0.16,0.08,9.89
2019-09-04,51.34,50.15,51.37,49.40,39773,199755810.00,3.81,-2.98,-1.54,9.35
2019-09-05,50.70,50.32,51.19,50.00,34722,175285955.00,2.37,0.34,0.17,8.16
2019-09-06,50.01,50.98,51.05,50.01,29656,149998873.00,2.07,1.31,0.66,6.97
2019-09-09,52.22,51.51,52.38,51.22,37040,191093024.00,2.28,1.04,0.53,8.71
2019-09-10,51.55,51.67,53.19,51.23,35324,183967944.00,3.81,0.31,0.16,8.30
2019-09-11,51.61,50.09,51.69,50.02,27216,138446483.00,3.23,-3.06,-1.58,6.40
2019-09-12,50.22,50.53,50.70,50.06,13138,66238053.00,1.28,0.88,0.44,3.09
2019-09-16,50.89,50.60,51.48,50.40,15737,80150939.00,2.14,0.14,0.07,3.70
2019-09-17,50.60,48.95,50.60,48.88,21715,107376771.00,3.40,-3.26,-1.65,5.10
2019-09-18,49.01,49.10,49.41,48.67,11144,54721490.00,1.51,0.31,0.15,2.62
2019-09-19,49.30,50.00,50.06,48.88,14035,69412708.00,2.40,1.83,0.90,3.30
2019-09-20,50.19,49.32,50.23,49.10,13928,68898617.00,2.26,-1.36,-0.68,3.27
2019-09-23,49.20,48.70,49.20,48.45,12040,58522583.00,1.52,-1.26,-0.62,2.83
2019-09-24,48.65,49.20,49.23,48.35,14509,70849563.00,1.81,1.03,0.50,3.41
2019-09-25,49.20,49.63,51.20,48.88,30423,152630910.00,4.72,0.87,0.43,7.15
2019-09-26,48.50,44.67,48.56,44.67,41060,187184903.00,7.84,-9.99,-4.96,9.65
2019-09-27,43.21,43.75,44.49,43.21,15622,68830117.00,2.87,-2.06,-0.92,3.67
2019-09-30,43.26,41.77,43.45,40.05,22019,92180750.00,7.77,-4.53,-1.98,4.60
2019-10-08,41.97,41.25,42.18,41.18,9088,37739536.00,2.39,-1.24,-0.52,1.90
2019-10-09,41.00,42.38,42.48,40.85,10295,43121220.00,3.95,2.74,1.13,2.15
2019-10-10,42.42,42.43,42.58,42.01,7279,30840011.00,1.34,0.12,0.05,1.52
2019-10-11,42.44,41.89,42.47,41.55,9926,41517071.00,2.17,-1.27,-0.54,2.07
2019-10-14,42.05,42.52,42.85,42.05,9915,42200624.00,1.91,1.50,0.63,2.07
2019-10-15,42.65,42.02,42.65,41.88,8619,36367265.00,1.81,-1.18,-0.50,1.80
2019-10-16,42.15,41.62,42.46,41.59,7040,29471112.00,2.07,-0.95,-0.40,1.47
2019-10-17,41.88,42.19,42.19,41.50,6485,27230133.00,1.66,1.37,0.57,1.35
2019-10-18,42.01,41.00,42.20,40.80,9859,40885711.00,3.32,-2.82,-1.19,2.06
2019-10-21,41.12,40.53,41.12,40.15,7236,29244099.00,2.37,-1.15,-0.47,1.51
2019-10-22,40.39,40.92,41.18,40.28,8380,34179306.00,2.22,0.96,0.39,1.75
2019-10-23,40.85,40.50,41.16,40.41,7241,29512982.00,1.83,-1.03,-0.42,1.51
2019-10-24,40.44,40.44,40.91,40.08,8903,36082084.00,2.05,-0.15,-0.06,1.86
2019-10-25,40.44,40.40,40.56,39.91,10012,40258686.00,1.61,-0.10,-0.04,2.09
2019-10-28,40.28,40.54,40.69,40.10,15784,63905703.00,1.46,0.35,0.14,3.30
2019-10-29,40.90,40.26,40.91,40.23,13699,55511282.00,1.68,-0.69,-0.28,2.86
2019-10-30,40.16,39.28,40.16,39.15,12148,47848509.00,2.51,-2.43,-0.98,2.54
2019-10-31,39.28,38.68,39.56,38.61,9643,37613522.00,2.42,-1.53,-0.60,2.01
2019-11-01,38.68,38.90,38.90,38.26,8177,31554963.00,1.65,0.57,0.22,1.71
2019-11-04,38.96,38.86,39.24,38.80,6746,26348198.00,1.13,-0.10,-0.04,1.41
2019-11-05,38.85,39.32,39.68,38.42,12097,47507375.00,3.24,1.18,0.46,2.53
2019-11-06,39.34,40.01,40.38,39.34,12457,49715950.00,2.64,1.75,0.69,2.60
2019-11-07,40.01,39.50,40.01,39.22,7861,31036167.00,1.97,-1.27,-0.51,1.64
2019-11-08,39.10,39.38,39.74,39.10,8685,34247132.00,1.62,-0.30,-0.12,1.81
2019-11-11,39.39,37.61,39.39,37.58,11143,42527117.00,4.60,-4.49,-1.77,2.33
2019-11-12,37.63,37.73,38.00,37.15,6762,25389433.00,2.26,0.32,0.12,1.41
2019-11-13,37.72,37.71,38.09,37.51,5390,20407138.00,1.54,-0.05,-0.02,1.13
2019-11-14,37.98,37.57,37.98,37.53,5931,22367891.00,1.19,-0.37,-0.14,1.24
2019-11-15,37.55,36.66,37.82,36.66,8702,32128427.00,3.09,-2.42,-0.91,1.82
2019-11-18,36.94,36.88,37.00,36.68,4418,16271993.00,0.87,0.60,0.22,0.92
2019-11-19,37.01,37.63,37.73,36.91,7459,27949263.00,2.22,2.03,0.75,1.56
2019-11-20,37.43,37.67,37.96,37.43,7028,26515553.00,1.41,0.11,0.04,1.47
2019-11-21,37.61,38.00,38.45,37.40,9158,34922185.00,2.79,0.88,0.33,1.91
2019-11-22,37.89,37.62,38.18,37.53,7723,29247069.00,1.71,-1.00,-0.38,1.61
2019-11-25,37.66,37.04,37.67,36.68,5110,18917213.00,2.63,-1.54,-0.58,1.07
2019-11-26,37.12,37.07,37.46,37.04,3156,11731219.00,1.13,0.08,0.03,0.66
2019-11-27,37.00,36.69,37.08,36.40,4971,18281805.00,1.83,-1.03,-0.38,1.04
2019-11-28,36.87,36.43,36.87,36.40,4616,16872827.00,1.28,-0.71,-0.26,0.96
2019-11-29,36.50,36.82,37.06,36.41,5123,18851056.00,1.78,1.07,0.39,1.07
2019-12-02,36.82,36.81,37.25,36.66,3762,13865613.00,1.60,-0.03,-0.01,0.79
2019-12-03,36.60,37.04,37.06,36.20,5671,20788935.00,2.34,0.62,0.23,1.18
2019-12-04,36.74,37.29,37.29,36.71,7406,27458110.00,1.57,0.67,0.25,1.55
2019-12-05,37.29,37.82,37.95,37.07,8615,32359925.00,2.36,1.42,0.53,1.80
2019-12-06,37.82,37.78,37.89,37.50,5780,21776246.00,1.03,-0.11,-0.04,1.21
2019-12-09,37.79,37.68,37.86,37.61,4770,17987611.00,0.66,-0.26,-0.10,1.00
2019-12-10,37.66,37.82,37.85,37.28,6733,25258447.00,1.51,0.37,0.14,1.41
2019-12-11,37.75,38.09,38.45,37.63,8994,34315076.00,2.17,0.71,0.27,1.88
2019-12-12,38.10,38.22,38.50,37.90,6219,23764751.00,1.58,0.34,0.13,1.30
2019-12-13,38.31,38.58,38.60,38.22,6929,26642377.00,0.99,0.94,0.36,1.45
2019-12-16,38.20,38.98,39.09,37.80,14501,55799919.00,3.34,1.04,0.40,3.03
2019-12-17,38.79,39.05,39.22,38.70,11000,42898778.00,1.33,0.18,0.07,2.30
2019-12-18,39.04,39.25,39.75,38.94,11862,46739003.00,2.07,0.51,0.20,2.48
2019-12-19,39.89,39.49,39.89,39.15,9299,36691793.00,1.89,0.61,0.24,1.94
2019-12-20,39.48,38.73,39.57,38.71,9282,36238993.00,2.18,-1.92,-0.76,1.94
2019-12-23,38.66,37.89,38.67,37.86,7665,29368911.00,2.09,-2.17,-0.84,1.60
2019-12-24,38.05,39.00,39.01,37.80,7470,28794534.00,3.19,2.93,1.11,1.56
2019-12-25,38.85,39.27,39.65,38.85,9213,36189503.00,2.05,0.69,0.27,1.92
2019-12-26,39.37,39.20,39.44,38.89,7159,28015268.00,1.40,-0.18,-0.07,1.50
2019-12-27,39.69,39.22,39.95,39.11,9697,38355804.00,2.14,0.05,0.02,2.03
2019-12-30,39.18,39.39,39.50,38.27,8815,34369581.00,3.14,0.43,0.17,1.84
2019-12-31,39.38,39.00,39.39,38.78,7193,28100075.00,1.55,-0.99,-0.39,1.50
2020-01-02,39.30,39.40,39.57,39.04,10275,40437940.00,1.36,1.03,0.40,2.15
2020-01-03,39.38,40.01,40.18,39.22,19496,77637065.00,2.44,1.55,0.61,4.07
2020-01-06,41.28,40.47,42.10,40.35,32344,132551219.00,4.37,1.15,0.46,6.76
2020-01-07,40.18,40.44,40.50,40.01,19206,77251456.00,1.21,-0.07,-0.03,4.01
2020-01-08,41.18,42.31,42.68,40.68,59475,249667515.00,4.95,4.62,1.87,12.43
2020-01-09,41.15,41.32,41.66,40.91,29839,122964411.00,1.77,-2.34,-0.99,6.23
2020-01-10,41.27,40.40,41.27,40.26,20824,84435905.00,2.44,-2.23,-0.92,4.35
2020-01-13,40.29,40.27,40.29,39.68,15047,60146092.00,1.51,-0.32,-0.13,3.14
2020-01-14,40.27,39.98,40.44,39.85,13635,54546440.00,1.47,-0.72,-0.29,2.85
2020-01-15,39.98,39.53,40.09,39.43,11450,45481972.00,1.65,-1.13,-0.45,2.39
2020-01-16,39.69,39.73,40.16,39.47,10639,42450407.00,1.75,0.51,0.20,2.22
2020-01-17,39.71,39.87,40.10,39.71,8309,33144467.00,0.98,0.35,0.14,1.74
2020-01-20,39.84,40.17,40.23,39.75,9810,39253943.00,1.20,0.75,0.30,2.05
2020-01-21,40.46,39.63,40.46,39.55,11612,46321971.00,2.27,-1.34,-0.54,2.43
2020-01-22,39.70,39.42,39.70,39.02,7720,30335992.00,1.72,-0.53,-0.21,1.61
2020-01-23,39.11,38.01,39.76,37.68,12033,46535145.00,5.28,-3.58,-1.41,2.51
2020-02-03,34.21,34.21,34.21,34.21,3288,11248248.00,0.00,-10.00,-3.80,0.69
2020-02-04,31.06,32.63,33.98,31.06,17350,56573893.00,8.54,-4.62,-1.58,3.62
2020-02-05,32.62,33.29,33.78,32.52,13669,45434889.00,3.86,2.02,0.66,2.86
2020-02-06,33.14,33.74,33.80,33.00,13513,45381384.00,2.40,1.35,0.45,2.82
2020-02-07,33.75,34.59,34.59,33.53,15748,53611983.00,3.14,2.52,0.85,3.29
2020-02-10,34.53,35.67,35.86,34.10,15934,56097341.00,5.09,3.12,1.08,3.33
2020-02-11,35.50,35.32,35.67,35.12,10361,36613961.00,1.54,-0.98,-0.35,2.16
2020-02-12,35.10,36.77,37.25,35.10,18884,68827034.00,6.09,4.11,1.45,3.95
2020-02-13,36.90,36.77,37.10,36.26,13448,49364697.00,2.28,0.00,0.00,2.81
2020-02-14,36.80,36.46,37.10,36.20,9822,36010295.00,2.45,-0.84,-0.31,2.05
2020-02-17,36.95,38.29,38.42,36.61,19999,75742751.00,4.96,5.02,1.83,4.18
2020-02-18,37.98,38.48,38.88,37.91,17081,65657008.00,2.53,0.50,0.19,3.57
2020-02-19,38.15,38.90,39.15,38.11,19430,75404834.00,2.70,1.09,0.42,4.06
2020-02-20,38.89,38.85,39.34,38.10,16514,63745136.00,3.19,-0.13,-0.05,3.45
2020-02-21,39.18,39.35,39.76,38.67,18655,73385802.00,2.81,1.29,0.50,3.90
2020-02-24,39.18,39.56,39.71,38.76,15549,60959731.00,2.41,0.53,0.21,3.25
2020-02-25,38.98,39.06,39.34,37.73,18681,72425837.00,4.07,-1.26,-0.50,3.90
2020-02-26,38.58,39.28,40.55,38.55,22943,90931482.00,5.12,0.56,0.22,4.79
2020-02-27,39.28,38.85,39.79,38.15,12862,50028060.00,4.18,-1.09,-0.43,2.69
2020-02-28,37.47,36.12,38.15,35.88,16396,60732029.00,5.84,-7.03,-2.73,3.43
2020-03-02,36.38,37.34,37.58,36.38,10053,37259759.00,3.32,3.38,1.22,2.10
2020-03-03,37.93,38.27,38.80,37.53,15952,61158311.00,3.40,2.49,0.93,3.33
2020-03-04,38.00,38.65,38.87,37.82,11827,45502082.00,2.74,0.99,0.38,2.47
2020-03-05,39.18,38.93,39.20,38.66,12973,50492289.00,1.40,0.72,0.28,2.71
2020-03-06,38.36,39.33,39.58,38.36,14197,55439181.00,3.13,1.03,0.40,2.97
2020-03-09,38.35,37.81,38.93,37.66,13491,51727613.00,3.23,-3.86,-1.52,2.82
2020-03-10,37.40,38.74,38.78,36.70,12243,46391423.00,5.50,2.46,0.93,2.56
2020-03-11,38.98,38.55,39.48,38.55,15836,62036999.00,2.40,-0.49,-0.19,3.31
2020-03-12,37.88,37.24,38.11,36.89,10774,40397345.00,3.16,-3.40,-1.31,2.25
2020-03-13,35.00,36.27,36.56,34.98,12161,43525691.00,4.24,-2.60,-0.97,2.54
2020-03-16,36.67,34.53,36.80,34.50,10460,37228555.00,6.34,-4.80,-1.74,2.19
2020-03-17,35.00,34.24,35.27,33.35,8525,29225917.00,5.56,-0.84,-0.29,1.78
2020-03-18,34.97,33.98,35.16,33.90,6881,23799740.00,3.68,-0.76,-0.26,1.44
2020-03-19,34.00,34.33,34.46,33.66,6789,23139111.00,2.35,1.03,0.35,1.42
2020-03-20,34.59,34.95,34.97,34.25,5926,20564344.00,2.10,1.81,0.62,1.24
2020-03-23,34.45,34.50,35.57,34.29,9762,34161615.00,3.66,-1.29,-0.45,2.04
2020-03-24,35.38,34.67,35.38,33.88,9869,34078407.00,4.35,0.49,0.17,2.06
2020-03-25,35.15,35.26,35.48,34.96,8034,28279573.00,1.50,1.70,0.59,1.68
2020-03-26,35.30,34.62,35.30,34.35,7298,25350090.00,2.69,-1.82,-0.64,1.52
2020-03-27,34.84,34.03,35.03,34.00,7915,27274192.00,2.98,-1.70,-0.59,1.65
2020-03-30,33.49,33.41,33.90,32.73,7984,26469319.00,3.44,-1.82,-0.62,1.67
2020-03-31,33.42,32.89,34.00,32.84,5239,17373535.00,3.47,-1.56,-0.52,1.09
2020-04-01,32.88,32.60,33.16,32.58,4736,15576004.00,1.76,-0.88,-0.29,0.99
2020-04-02,32.60,33.23,33.23,32.33,5390,17664861.00,2.76,1.93,0.63,1.13
2020-04-03,33.12,33.03,33.48,32.78,5124,16985841.00,2.11,-0.60,-0.20,1.07
2020-04-07,33.50,34.28,34.50,33.50,8633,29463295.00,3.03,3.78,1.25,1.80
2020-04-08,34.16,34.91,35.60,34.06,15519,54169258.00,4.49,1.84,0.63,3.24
2020-04-09,35.09,35.18,35.37,34.79,10147,35555166.00,1.66,0.77,0.27,2.12
2020-04-10,35.03,35.31,35.62,34.70,9925,34920074.00,2.62,0.37,0.13,2.07
2020-04-13,34.89,35.09,35.29,34.37,6579,22903810.00,2.61,-0.62,-0.22,1.37
2020-04-14,34.99,35.09,35.19,34.62,6054,21184863.00,1.62,0.00,0.00,1.26
2020-04-15,35.07,34.64,35.18,34.63,5544,19352126.00,1.57,-1.28,-0.45,1.16
2020-04-16,34.85,34.60,34.85,33.90,6312,21710301.00,2.74,-0.12,-0.04,1.32
2020-04-17,34.77,34.66,35.30,34.51,5560,19383334.00,2.28,0.17,0.06,1.16
2020-04-20,34.66,35.07,35.08,34.28,5914,20596701.00,2.31,1.18,0.41,1.24
2020-04-21,34.84,35.35,35.80,34.56,11089,39163022.00,3.54,0.80,0.28,2.32
2020-04-22,35.06,35.71,36.00,34.81,13346,47502158.00,3.37,1.02,0.36,2.79
2020-04-23,35.55,36.30,36.50,35.55,13109,47373117.00,2.66,1.65,0.59,2.74
2020-04-24,36.36,36.93,37.11,35.73,21017,76678680.00,3.80,1.74,0.63,4.39
2020-04-27,36.48,34.86,36.68,34.77,16881,59873442.00,5.17,-5.61,-2.07,3.53
2020-04-28,34.13,33.07,34.68,31.68,12674,42264437.00,8.61,-5.13,-1.79,2.65
2020-04-29,33.00,32.90,33.48,32.60,5593,18505237.00,2.66,-0.51,-0.17,1.17
2020-04-30,33.35,34.00,34.10,32.88,8440,28368698.00,3.71,3.34,1.10,1.76
2020-05-06,33.86,34.68,34.71,33.49,8234,28357870.00,3.59,2.00,0.68,1.72
2020-05-07,34.82,34.83,35.25,34.54,7892,27569248.00,2.05,0.43,0.15,1.65
2020-05-08,34.85,35.06,35.20,34.84,7676,26872156.00,1.03,0.66,0.23,1.60
2020-05-11,35.50,35.08,35.50,34.80,8319,29249111.00,2.00,0.06,0.02,1.74
2020-05-12,35.10,34.77,35.10,34.48,8390,29095918.00,1.77,-0.88,-0.31,1.75
2020-05-13,34.60,34.83,35.03,34.52,5337,18589548.00,1.47,0.17,0.06,1.11
2020-05-14,34.83,34.76,35.34,34.36,8993,31361096.00,2.81,-0.20,-0.07,1.88
2020-05-15,34.71,35.16,35.30,34.71,8048,28281314.00,1.70,1.15,0.40,1.68
2020-05-18,35.34,35.96,36.28,34.51,16196,57725203.00,5.03,2.28,0.80,3.38
2020-05-19,35.87,35.40,35.94,35.00,11233,39693547.00,2.61,-1.56,-0.56,2.35
2020-05-20,35.40,34.18,35.40,34.04,12074,41797746.00,3.84,-3.45,-1.22,2.52
2020-05-21,34.16,33.95,34.58,33.87,6617,22636756.00,2.08,-0.67,-0.23,1.38
2020-05-22,34.07,33.70,34.35,33.23,6118,20653097.00,3.30,-0.74,-0.25,1.28
2020-05-25,33.71,33.46,34.17,33.36,5063,17009922.00,2.40,-0.71,-0.24,1.06
2020-05-26,35.96,34.49,35.96,33.88,9210,31745101.00,6.22,3.08,1.03,1.92
2020-05-27,34.36,34.26,34.86,34.11,6775,23318613.00,2.17,-0.67,-0.23,1.42
2020-05-28,34.26,33.96,34.46,33.67,8221,27925398.00,2.31,-0.88,-0.30,1.72
2020-05-29,33.67,34.17,34.31,33.67,5330,18143324.00,1.88,0.62,0.21,1.11
2020-06-01,34.20,34.79,34.85,34.06,9853,34078459.00,2.31,1.81,0.62,2.06
2020-06-02,34.84,35.10,35.35,34.66,12906,45321570.00,1.98,0.89,0.31,2.70
2020-06-03,35.17,34.64,35.30,34.61,9576,33423090.00,1.97,-1.31,-0.46,2.00
2020-06-04,34.80,34.73,34.95,34.51,6237,21639165.00,1.27,0.26,0.09,1.30
2020-06-05,34.75,34.69,34.77,34.38,5866,20265474.00,1.12,-0.12,-0.04,1.23
2020-06-08,34.69,34.90,35.14,34.66,6900,24071337.00,1.38,0.61,0.21,1.44
2020-06-09,34.98,34.73,35.10,34.53,5289,18345762.00,1.63,-0.49,-0.17,1.10
2020-06-10,34.60,34.40,34.85,34.20,5882,20342292.00,1.87,-0.95,-0.33,1.23
2020-06-11,34.40,33.97,34.55,33.86,7583,25938929.00,2.01,-1.25,-0.43,1.58
2020-06-12,33.40,33.79,33.88,33.22,6284,21091824.00,1.94,-0.53,-0.18,1.31
2020-06-15,33.70,33.72,33.97,33.55,4914,16612668.00,1.24,-0.21,-0.07,1.02
2020-06-16,33.80,34.26,34.30,33.74,5831,19895062.00,1.66,1.60,0.54,1.22
2020-06-17,35.39,36.68,37.69,35.05,53109,195903931.00,7.71,7.06,2.42,11.08
2020-06-18,35.80,35.37,35.80,35.08,29484,104393842.00,1.96,-3.57,-1.31,6.15
2020-06-19,34.90,34.50,34.90,34.36,15387,53147451.00,1.53,-2.46,-0.87,3.21
2020-06-22,34.50,35.14,35.43,34.45,17882,62221068.00,2.84,1.86,0.64,3.73
2020-06-23,35.15,34.72,35.29,34.64,14392,50057330.00,1.85,-1.20,-0.42,3.00
2020-06-24,34.72,34.43,34.80,34.41,11249,38826636.00,1.12,-0.84,-0.29,2.35
2020-06-29,34.44,34.55,34.78,33.94,10964,37755765.00,2.44,0.35,0.12,2.29
2020-06-30,34.50,35.09,35.10,34.50,12850,44798759.00,1.74,1.56,0.54,2.68
2020-07-01,35.04,35.15,35.66,34.75,12537,44155370.00,2.59,0.17,0.06,2.61
2020-07-02,35.10,35.54,35.57,35.00,15278,54038899.00,1.62,1.11,0.39,3.19
2020-07-03,35.58,35.84,36.20,35.58,17719,63562834.00,1.74,0.84,0.30,3.70
2020-07-06,35.89,37.21,37.35,35.89,26196,96503645.00,4.07,3.82,1.37,5.46
2020-07-07,37.52,37.70,39.15,37.01,35172,134206507.00,5.75,1.32,0.49,7.34
2020-07-08,37.57,39.91,40.00,37.56,42180,164817062.00,6.47,5.86,2.21,8.80
2020-07-09,40.10,40.28,40.71,39.38,45278,181559495.00,3.33,0.93,0.37,9.44
2020-07-10,40.10,39.32,41.00,39.30,31495,125795769.00,4.22,-2.38,-0.96,6.57
2020-07-13,39.32,39.77,39.95,38.69,24583,97073230.00,3.20,1.14,0.45,5.13
2020-07-14,39.08,39.20,40.81,38.48,33553,132302094.00,5.86,-1.43,-0.57,7.00
2020-07-15,38.98,37.90,39.46,37.63,23523,90257757.00,4.67,-3.32,-1.30,4.91
2020-07-16,37.89,36.51,38.20,36.51,19212,71767569.00,4.46,-3.67,-1.39,4.01
2020-07-17,36.70,37.05,37.70,36.16,15681,57792188.00,4.22,1.48,0.54,3.27
2020-07-20,37.21,39.82,39.82,37.21,28805,111966821.00,7.04,7.48,2.77,6.01
2020-07-21,40.07,39.09,40.10,38.34,25862,100594538.00,4.42,-1.83,-0.73,5.39
2020-07-22,39.50,40.05,42.28,39.11,45763,186855477.00,8.11,2.46,0.96,9.54
2020-07-23,40.80,40.97,41.82,40.04,57092,234348193.00,4.44,2.30,0.92,11.91
2020-07-24,42.49,40.05,43.74,40.05,81835,344194208.00,9.01,-2.25,-0.92,17.07
2020-07-27,39.71,38.32,39.98,36.80,45471,174833132.00,7.94,-4.32,-1.73,9.48
2020-07-28,38.00,40.49,41.36,37.99,50832,204861187.00,8.79,5.66,2.17,10.60
2020-07-29,40.90,40.72,40.97,39.12,39147,156779847.00,4.57,0.57,0.23,8.16
2020-07-30,40.36,39.64,41.20,39.42,31328,125879438.00,4.37,-2.65,-1.08,6.53
2020-07-31,39.73,39.51,40.05,39.00,26419,104293268.00,2.65,-0.33,-0.13,5.51
2020-08-03,40.09,43.21,43.46,40.09,72307,305846784.00,8.53,9.36,3.70,15.08
2020-08-04,42.86,41.60,42.86,41.38,46277,193974047.00,3.43,-3.73,-1.61,9.65
2020-08-05,41.99,42.22,42.56,41.08,34890,146527519.00,3.56,1.49,0.62,7.28
2020-08-06,42.82,42.47,43.16,41.50,40673,172703634.00,3.93,0.59,0.25,8.48
2020-08-07,42.81,44.69,45.17,42.14,79109,347030064.00,7.13,5.23,2.22,16.50
2020-08-10,44.86,43.76,46.97,43.39,64349,289755184.00,8.01,-2.08,-0.93,13.42
2020-08-11,44.00,42.96,45.05,42.28,42620,186192110.00,6.33,-1.83,-0.80,8.89
2020-08-12,42.58,41.70,42.86,40.77,32868,136575039.00,4.86,-2.93,-1.26,6.85
2020-08-13,41.70,42.25,43.10,41.32,30242,128266234.00,4.27,1.32,0.55,6.31
2020-08-14,42.00,43.86,45.55,41.82,49565,220051369.00,8.83,3.81,1.61,10.34
2020-08-17,44.01,44.39,45.20,40.04,45351,200576042.00,11.76,1.21,0.53,9.46
2020-08-18,44.03,45.04,46.25,43.73,43419,196051260.00,5.68,1.46,0.65,9.06
2020-08-19,45.28,43.15,45.49,43.08,33624,148071894.00,5.35,-4.20,-1.89,7.01
2020-08-20,42.95,42.11,43.38,41.90,21969,93392711.00,3.43,-2.41,-1.04,4.58
2020-08-21,42.20,43.07,43.27,42.20,21192,90585791.00,2.54,2.28,0.96,4.42
2020-08-24,43.32,42.01,43.40,41.81,20352,85993557.00,3.69,-2.46,-1.06,4.24
2020-08-25,41.94,40.20,41.94,40.13,28808,117703036.00,4.31,-4.31,-1.81,6.01
2020-08-26,40.20,39.40,40.64,39.10,18861,75388528.00,3.83,-1.99,-0.80,3.93
2020-08-27,39.50,39.91,40.12,39.31,13910,55309530.00,2.06,1.29,0.51,2.90
2020-08-28,39.79,40.04,40.67,39.40,17402,69651927.00,3.18,0.33,0.13,3.26
2020-08-31,40.04,39.99,40.88,39.92,18772,75556666.00,2.40,-0.12,-0.05,3.52
2020-09-01,39.82,40.47,40.75,39.81,21659,87242675.00,2.35,1.20,0.48,4.06
2020-09-02,40.18,39.93,40.66,39.60,16797,67225726.00,2.62,-1.33,-0.54,3.15
2020-09-03,40.23,39.83,40.44,39.72,15255,61059993.00,1.80,-0.25,-0.10,2.86
2020-09-04,39.29,39.81,39.93,39.04,11395,44937786.00,2.23,-0.05,-0.02,2.14
2020-09-07,39.83,38.98,40.31,38.79,14834,58847141.00,3.82,-2.08,-0.83,2.78
2020-09-08,38.81,38.88,39.32,38.10,12533,48442569.00,3.13,-0.26,-0.10,2.35
2020-09-09,38.58,38.00,38.99,37.66,16022,61308453.00,3.42,-2.26,-0.88,3.00
2020-09-10,38.42,36.64,38.54,36.64,15363,57400253.00,5.00,-3.58,-1.36,2.88
2020-09-11,36.30,36.80,37.00,35.87,11242,41097024.00,3.08,0.44,0.16,2.11
2020-09-14,36.85,37.21,37.44,36.85,9237,34332002.00,1.60,1.11,0.41,1.73
2020-09-15,37.22,37.64,37.82,36.95,9813,36829034.00,2.34,1.16,0.43,1.84
2020-09-16,37.65,37.42,37.68,36.92,10487,38999282.00,2.02,-0.58,-0.22,1.97
2020-09-17,37.35,37.16,37.47,36.90,8146,30267386.00,1.52,-0.69,-0.26,1.53
2020-09-18,37.06,37.93,37.93,37.06,10340,38878122.00,2.34,2.07,0.77,1.94
2020-09-21,38.09,38.90,39.27,37.95,19046,74031933.00,3.48,2.56,0.97,3.57
2020-09-22,38.90,38.30,38.90,38.16,10187,39278365.00,1.90,-1.54,-0.60,1.91
2020-09-23,38.50,38.97,39.17,38.10,10343,40036697.00,2.79,1.75,0.67,1.94
2020-09-24,38.35,37.36,38.88,37.33,10852,41025989.00,3.98,-4.13,-1.61,2.03
2020-09-25,37.49,37.35,37.92,37.10,7412,27809630.00,2.19,-0.03,-0.01,1.39
2020-09-28,37.40,37.93,38.27,37.00,10461,39478873.00,3.40,1.55,0.58,1.96
2020-09-29,37.82,39.09,39.15,37.82,19193,74398307.00,3.51,3.06,1.16,3.60
2020-09-30,40.40,39.77,40.80,39.20,31313,125459455.00,4.09,1.74,0.68,5.87
2020-10-09,39.82,40.76,41.19,39.82,27174,109929209.00,3.44,2.49,0.99,5.09
2020-10-12,40.76,41.46,41.73,40.10,29168,119865558.00,4.00,1.72,0.70,5.47
2020-10-13,41.33,41.34,41.73,40.46,22391,92355531.00,3.06,-0.29,-0.12,4.20
2020-10-14,41.28,41.23,43.00,40.80,20404,84476597.00,5.32,-0.27,-0.11,3.82
2020-10-15,40.78,40.31,41.24,40.22,12587,51140239.00,2.47,-2.23,-0.92,2.36
2020-10-16,39.90,39.71,40.48,39.36,13767,54664713.00,2.78,-1.49,-0.60,2.58
2020-10-19,39.79,41.14,41.77,39.79,24775,101714554.00,4.99,3.60,1.43,4.64
2020-10-20,40.73,41.28,41.29,40.06,18947,77238902.00,2.99,0.34,0.14,3.55
2020-10-21,40.83,40.81,41.69,40.62,12836,52550382.00,2.59,-1.14,-0.47,2.41
2020-10-22,40.91,41.52,41.67,40.33,20561,84868852.00,3.28,1.74,0.71,3.85
2020-10-23,41.70,40.63,42.40,40.00,24713,101357525.00,5.78,-2.14,-0.89,4.63
2020-10-26,40.00,40.38,40.61,39.25,12855,51510995.00,3.35,-0.62,-0.25,2.41
2020-10-27,40.50,40.67,41.64,40.02,15316,62661683.00,4.01,0.72,0.29,2.87
2020-10-28,40.58,39.73,40.68,39.55,14059,56074979.00,2.78,-2.31,-0.94,2.63
2020-10-29,39.26,38.90,39.73,38.89,13124,51495139.00,2.11,-2.09,-0.83,2.46
2020-10-30,38.00,36.00,38.20,35.47,37582,137946263.00,7.02,-7.46,-2.90,7.04
2020-11-02,35.51,34.90,35.99,34.78,17599,61741050.00,3.36,-3.06,-1.10,3.30
2020-11-03,35.00,35.29,35.55,34.92,15559,54945547.00,1.81,1.12,0.39,2.92
2020-11-04,35.29,34.92,35.35,34.70,16039,56185679.00,1.84,-1.05,-0.37,3.01
2020-11-05,35.05,35.21,35.31,34.78,13300,46659334.00,1.52,0.83,0.29,2.49
2020-11-06,35.23,34.81,35.25,34.62,11946,41645462.00,1.79,-1.14,-0.40,2.24
2020-11-09,35.10,35.44,35.48,34.74,16935,59675427.00,2.13,1.81,0.63,3.17
2020-11-10,35.54,35.66,36.33,35.19,21919,78190163.00,3.22,0.62,0.22,4.11
2020-11-11,35.78,34.82,35.79,34.68,16513,58001687.00,3.11,-2.36,-0.84,3.09
2020-11-12,34.78,34.35,34.96,34.29,9458,32767918.00,1.92,-1.35,-0.47,1.77
2020-11-13,34.23,34.95,35.28,34.01,11660,40494442.00,3.70,1.75,0.60,2.19
2020-11-16,34.96,35.01,35.17,34.53,8973,31363175.00,1.83,0.17,0.06,1.68
2020-11-17,35.03,34.74,35.03,34.50,8485,29390566.00,1.51,-0.77,-0.27,1.59
2020-11-18,34.74,34.77,34.96,34.55,6044,21011478.00,1.18,0.09,0.03,1.13
2020-11-19,34.70,35.55,35.70,34.54,17404,61413695.00,3.34,2.24,0.78,3.26
2020-11-20,35.62,35.37,35.83,35.17,11827,41872949.00,1.86,-0.51,-0.18,2.22
2020-11-23,35.40,35.46,35.68,35.20,11460,40688626.00,1.36,0.25,0.09,2.15
2020-11-24,35.51,35.65,36.18,35.41,11856,42305486.00,2.17,0.54,0.19,2.22
2020-11-25,35.60,34.93,35.72,34.88,12646,44668612.00,2.36,-2.02,-0.72,2.37
2020-11-26,34.93,35.50,35.85,34.78,12757,45061873.00,3.06,1.63,0.57,2.39
2020-11-27,35.44,35.93,36.48,34.89,18124,64868057.00,4.48,1.21,0.43,3.40
2020-11-30,36.08,35.72,36.68,35.69,16532,59865613.00,2.76,-0.58,-0.21,3.10
2020-12-01,35.49,35.73,35.95,35.35,12164,43334890.00,1.68,0.03,0.01,2.28
2020-12-02,35.72,35.67,35.90,35.35,9653,34327491.00,1.54,-0.17,-0.06,1.81
2020-12-03,35.67,34.98,35.72,34.78,12680,44445388.00,2.64,-1.93,-0.69,2.38
2020-12-04,34.97,35.20,35.26,34.82,8980,31481377.00,1.26,0.63,0.22,1.68
2020-12-07,35.25,34.86,35.28,34.85,6323,22139733.00,1.22,-0.97,-0.34,1.19
2020-12-08,34.98,34.24,34.98,34.10,10526,36292356.00,2.52,-1.78,-0.62,1.97
2020-12-09,34.24,33.97,34.68,33.97,8483,29103312.00,2.07,-0.79,-0.27,1.59
2020-12-10,33.97,33.15,33.97,32.92,13881,46332434.00,3.09,-2.41,-0.82,2.60
2020-12-11,33.10,32.01,33.13,31.88,11897,38455064.00,3.77,-3.44,-1.14,2.23
2020-12-14,32.17,32.50,32.86,31.91,8508,27637622.00,2.97,1.53,0.49,1.59
2020-12-15,32.50,32.76,33.05,32.37,9917,32542420.00,2.09,0.80,0.26,1.86
2020-12-16,32.75,32.28,32.84,32.10,7303,23721656.00,2.26,-1.47,-0.48,1.37
2020-12-17,32.19,32.38,32.64,31.52,8372,26895362.00,3.47,0.31,0.10,1.57
2020-12-18,32.54,32.24,32.61,32.17,6310,20415668.00,1.36,-0.43,-0.14,1.18
2020-12-21,32.24,32.54,32.70,31.98,6882,22338214.00,2.23,0.93,0.30,1.29
2020-12-22,32.45,31.79,32.59,31.70,8425,27063115.00,2.74,-2.30,-0.75,1.58
2020-12-23,31.79,32.20,32.37,31.63,8725,27983458.00,2.33,1.29,0.41,1.64
2020-12-24,32.35,33.10,34.98,32.30,30213,101648947.00,8.32,2.80,0.90,5.66
2020-12-25,33.01,34.50,34.74,32.88,27522,94012257.00,5.62,4.23,1.40,5.16
2020-12-28,34.67,33.52,34.88,33.37,19838,67584724.00,4.38,-2.84,-0.98,3.72
2020-12-29,33.51,33.35,34.10,33.00,12899,43328926.00,3.28,-0.51,-0.17,2.42
2020-12-30,33.65,34.02,34.08,33.15,12334,41529058.00,2.79,2.01,0.67,2.31
2020-12-31,33.89,34.54,34.67,33.70,18607,63636560.00,2.85,1.53,0.52,3.66
2021-01-04,34.61,35.50,35.66,34.54,25045,88219905.00,3.24,2.78,0.96,4.92
2021-01-05,35.22,35.40,36.08,35.12,18950,67304683.00,2.70,-0.28,-0.10,3.72
2021-01-06,35.02,36.11,36.30,34.78,31149,111207388.00,4.29,2.01,0.71,6.12
2021-01-07,35.85,34.75,35.88,34.47,22339,78343519.00,3.90,-3.77,-1.36,4.39
2021-01-08,35.22,33.95,35.31,33.80,15206,52059842.00,4.35,-2.30,-0.80,2.99
2021-01-11,34.13,32.99,34.87,32.70,18990,64222285.00,6.39,-2.83,-0.96,3.73
2021-01-12,32.67,34.35,34.39,32.67,19081,64853426.00,5.21,4.12,1.36,3.75
2021-01-13,34.03,32.76,34.29,32.71,18110,60273976.00,4.60,-4.63,-1.59,3.56
2021-01-14,32.70,32.27,32.70,31.72,14081,45222618.00,2.99,-1.50,-0.49,2.77
2021-01-15,32.32,32.65,32.88,32.05,8843,28681002.00,2.57,1.18,0.38,1.74
2021-01-18,32.50,33.35,33.85,32.50,9906,33053155.00,4.13,2.14,0.70,1.95
2021-01-19,33.35,33.40,33.58,33.00,8335,27724015.00,1.74,0.15,0.05,1.64
2021-01-20,33.53,33.02,33.53,32.82,7596,25157651.00,2.13,-1.14,-0.38,1.49
2021-01-21,33.00,33.19,33.62,32.91,10669,35503568.00,2.15,0.51,0.17,2.10
2021-01-22,33.09,32.13,33.09,32.03,11628,37571787.00,3.19,-3.19,-1.06,2.28
2021-01-25,32.15,31.84,32.60,31.80,9727,31184010.00,2.49,-0.90,-0.29,1.91
2021-01-26,31.86,31.94,32.16,31.32,7883,25102344.00,2.64,0.31,0.10,1.55
2021-01-27,31.95,30.22,31.99,30.15,17594,54385134.00,5.76,-5.39,-1.72,3.46
2021-01-28,30.17,29.61,30.46,29.51,9056,27167145.00,3.14,-2.02,-0.61,1.78
2021-01-29,29.95,28.72,29.95,28.51,12141,35155772.00,4.86,-3.01,-0.89,2.39
2021-02-01,28.78,28.86,28.98,28.63,5929,17076424.00,1.22,0.49,0.14,1.17
2021-02-02,28.98,28.89,29.17,28.79,6162,17855073.00,1.32,0.10,0.03,1.21
2021-02-03,28.97,27.70,29.15,26.49,8794,24874463.00,9.21,-4.12,-1.19,1.73
2021-02-04,27.67,26.67,27.79,26.00,9262,24824456.00,6.46,-3.72,-1.03,1.82
2021-02-05,26.67,26.31,27.50,26.30,6565,17546849.00,4.50,-1.35,-0.36,1.29
2021-02-08,26.39,26.22,26.60,25.91,4365,11462315.00,2.62,-0.34,-0.09,0.86
2021-02-09,26.33,26.78,26.90,26.01,8147,21600272.00,3.39,2.14,0.56,1.60
2021-02-10,26.78,26.94,27.15,26.64,6633,17844496.00,1.90,0.60,0.16,1.30
2021-02-18,26.99,27.60,27.96,26.99,6924,19090109.00,3.60,2.45,0.66,1.36
2021-02-19,27.60,28.32,28.35,27.50,5547,15563848.00,3.08,2.61,0.72,1.09
2021-02-22,28.33,28.28,29.10,28.20,8562,24551377.00,3.18,-0.14,-0.04,1.68
2021-02-23,28.28,28.54,28.66,27.98,8426,23957195.00,2.40,0.92,0.26,1.66
2021-02-24,28.84,29.18,29.80,28.66,13353,39181965.00,3.99,2.24,0.64,2.62
2021-02-25,29.18,28.89,29.56,28.80,8375,24421910.00,2.60,-0.99,-0.29,1.65
2021-02-26,28.71,28.89,29.29,28.57,5064,14691250.00,2.49,0.00,0.00,1.00
2021-03-01,28.82,29.54,29.68,28.73,6539,19245219.00,3.29,2.25,0.65,1.28
2021-03-02,29.52,29.62,30.21,29.52,8465,25235286.00,2.34,0.27,0.08,1.66
2021-03-03,29.62,30.01,30.15,29.52,5777,17312651.00,2.13,1.32,0.39,1.14
2021-03-04,30.05,30.00,30.50,29.78,6931,20921421.00,2.40,-0.03,-0.01,1.36
2021-03-05,29.82,30.32,30.46,29.66,5386,16243563.00,2.67,1.07,0.32,1.06
2021-03-08,30.31,29.52,30.65,29.37,8470,25462071.00,4.22,-2.64,-0.80,1.66
2021-03-09,29.52,28.28,29.52,28.10,8649,24797919.00,4.81,-4.20,-1.24,1.70
2021-03-10,28.52,27.57,28.99,27.41,6036,16834765.00,5.59,-2.51,-0.71,1.19
2021-03-11,27.86,27.92,28.00,27.42,5468,15165647.00,2.10,1.27,0.35,1.07
2021-03-12,27.95,28.11,28.21,27.79,5256,14736269.00,1.50,0.68,0.19,1.03
2021-03-15,28.00,28.22,28.41,27.59,4418,12431191.00,2.92,0.39,0.11,0.87
2021-03-16,28.13,29.01,29.07,28.10,6268,17952070.00,3.44,2.80,0.79,1.23
2021-03-17,29.18,29.01,29.30,28.82,4711,13674748.00,1.65,0.00,0.00,0.93
2021-03-18,29.10,28.64,29.10,28.51,6020,17292124.00,2.03,-1.28,-0.37,1.18
2021-03-19,28.38,29.02,29.97,28.11,13354,39004354.00,6.49,1.33,0.38,2.62
2021-03-22,28.97,28.97,29.19,28.69,8206,23716832.00,1.72,-0.17,-0.05,1.61
2021-03-23,28.83,28.38,28.95,28.27,7906,22569312.00,2.35,-2.04,-0.59,1.55
2021-03-24,28.30,27.85,28.49,27.68,6011,16869587.00,2.85,-1.87,-0.53,1.18
2021-03-25,27.80,27.97,28.20,27.61,6233,17453643.00,2.12,0.43,0.12,1.22
2021-03-26,27.97,28.21,28.43,27.88,4073,11486571.00,1.97,0.86,0.24,0.80
2021-03-29,28.12,28.45,28.59,28.12,5831,16580438.00,1.67,0.85,0.24,1.15
2021-03-30,28.20,28.54,29.10,28.20,9432,27086174.00,3.16,0.32,0.09,1.85
2021-03-31,28.30,28.01,28.30,27.71,7345,20549961.00,2.07,-1.86,-0.53,1.44
2021-04-01,28.01,27.80,28.14,27.68,5551,15424859.00,1.64,-0.75,-0.21,1.09
2021-04-02,27.68,27.56,27.99,27.41,7324,20189077.00,2.09,-0.86,-0.24,1.44
2021-04-06,27.69,28.27,28.27,27.51,8381,23423554.00,2.76,2.58,0.71,1.65
2021-04-07,28.08,28.38,28.46,28.08,7870,22282689.00,1.34,0.39,0.11,1.55
2021-04-08,28.27,28.21,28.64,28.09,6895,19544749.00,1.94,-0.60,-0.17,1.35
2021-04-09,28.20,28.49,28.56,28.14,6624,18810613.00,1.49,0.99,0.28,1.26
2021-04-12,28.49,27.68,28.68,27.60,6617,18627112.00,3.79,-2.84,-0.81,1.25
2021-04-13,26.63,24.91,26.92,24.91,28948,73169579.00,7.26,-10.01,-2.77,5.49
2021-04-14,24.11,24.47,24.64,24.11,17427,42431002.00,2.13,-1.77,-0.44,3.30
2021-04-15,24.48,24.70,24.85,24.18,9583,23530179.00,2.74,0.94,0.23,1.82
2021-04-16,24.99,25.65,25.73,24.75,12671,32049281.00,3.97,3.85,0.95,2.40
2021-04-19,25.60,25.65,26.07,25.50,11239,28953554.00,2.22,0.00,0.00,2.13
2021-04-20,25.65,25.53,25.84,25.43,7933,20334062.00,1.60,-0.47,-0.12,1.50
2021-04-21,25.43,25.28,25.62,25.05,7210,18267867.00,2.23,-0.98,-0.25,1.37
2021-04-22,25.34,25.44,25.65,25.19,5662,14406143.00,1.82,0.63,0.16,1.07
2021-04-23,25.36,24.97,25.39,24.85,5864,14700630.00,2.12,-1.85,-0.47,1.11
2021-04-26,24.80,24.76,25.17,24.69,6138,15297673.00,1.92,-0.84,-0.21,1.16
2021-04-27,24.72,24.50,24.73,24.25,5176,12651839.00,1.94,-1.05,-0.26,0.98
2021-04-28,24.50,24.45,24.60,24.31,4988,12197075.00,1.18,-0.20,-0.05,0.95
2021-04-29,24.45,24.21,24.50,24.16,8257,20047295.00,1.39,-0.98,-0.24,1.57
2021-04-30,24.11,23.24,24.19,22.94,13018,30453444.00,5.16,-4.01,-0.97,2.47
2021-05-06,23.23,23.12,23.50,23.08,6846,15918064.00,1.81,-0.52,-0.12,1.30
2021-05-07,23.13,23.05,23.26,23.00,5726,13227446.00,1.12,-0.30,-0.07,1.09
2021-05-10,23.04,23.03,23.32,22.84,5807,13391735.00,2.08,-0.09,-0.02,1.10
2021-05-11,22.99,23.78,23.79,22.88,8598,20136001.00,3.95,3.26,0.75,1.63
2021-05-12,23.68,23.81,23.85,23.43,5390,12729810.00,1.77,0.13,0.03,1.02
2021-05-13,23.78,23.74,24.11,23.55,7269,17309985.00,2.35,-0.29,-0.07,1.38
2021-05-14,23.76,24.12,24.12,23.60,9466,22662384.00,2.19,1.60,0.38,1.79
2021-05-17,24.15,23.67,24.22,23.53,10101,24014439.00,2.86,-1.87,-0.45,1.91
2021-05-18,23.81,24.00,24.11,23.56,9893,23688577.00,2.32,1.39,0.33,1.88
2021-05-19,23.99,24.21,24.46,23.88,9316,22467077.00,2.42,0.88,0.21,1.77
2021-05-20,24.10,24.33,24.45,23.95,8723,21166000.00,2.07,0.50,0.12,1.65
2021-05-21,24.68,24.25,24.74,24.16,6240,15232659.00,2.38,-0.33,-0.08,1.18
2021-05-24,24.25,24.69,24.92,24.24,8306,20458394.00,2.80,1.81,0.44,1.57
2021-05-25,24.69,24.69,25.30,24.31,7483,18423620.00,4.01,0.00,0.00,1.42
2021-05-26,24.60,24.58,24.97,24.55,6779,16730654.00,1.70,-0.45,-0.11,1.29
2021-05-27,24.61,25.00,25.19,24.40,9471,23515063.00,3.21,1.71,0.42,1.80
2021-05-28,24.98,24.83,25.10,24.69,5795,14406623.00,1.64,-0.68,-0.17,1.10
2021-05-31,24.78,25.05,25.16,24.66,8212,20451257.00,2.01,0.89,0.22,1.56
2021-06-01,25.20,25.22,25.47,25.00,7779,19609829.00,1.88,0.68,0.17,1.47
2021-06-02,25.23,24.95,25.30,24.87,6882,17207283.00,1.70,-1.07,-0.27,1.30
2021-06-03,25.13,24.74,25.16,24.70,5746,14333001.00,1.84,-0.84,-0.21,1.09
2021-06-04,24.61,24.44,24.80,24.38,4361,10692586.00,1.70,-1.21,-0.30,0.83
2021-06-07,24.48,24.85,24.89,24.44,6559,16217134.00,1.84,1.68,0.41,1.24
2021-06-08,24.88,25.10,25.36,24.62,11632,29030588.00,2.98,1.01,0.25,2.21
2021-06-09,25.25,25.26,25.48,25.10,10121,25629630.00,1.51,0.64,0.16,1.92
2021-06-10,25.16,25.33,25.42,24.98,8529,21496719.00,1.74,0.28,0.07,1.62
2021-06-11,25.33,24.91,25.47,24.89,7937,19935062.00,2.29,-1.66,-0.42,1.50
2021-06-15,24.81,25.44,27.40,24.51,26325,67048073.00,11.60,2.13,0.53,4.99
2021-06-16,25.35,24.55,25.35,24.35,17321,43138149.00,3.93,-3.50,-0.89,3.28
2021-06-17,24.34,23.95,24.98,23.70,14024,33880011.00,5.21,-2.44,-0.60,2.66
2021-06-18,23.96,24.40,24.61,23.82,10926,26605213.00,3.30,1.88,0.45,2.07
2021-06-21,24.30,25.73,25.80,24.21,23898,60254949.00,6.52,5.45,1.33,4.53
2021-06-22,25.73,26.20,26.65,25.35,29796,77566495.00,5.05,1.83,0.47,5.65
2021-06-23,26.10,25.73,26.43,25.66,17688,45841454.00,2.94,-1.79,-0.47,3.35
2021-06-24,25.91,25.99,26.57,25.60,16890,44133258.00,3.77,1.01,0.26,3.20
2021-06-25,26.02,26.15,26.36,25.58,14656,37966137.00,3.00,0.62,0.16,2.78
2021-06-28,26.12,26.19,26.40,25.91,12650,33143616.00,1.87,0.15,0.04,2.40
2021-06-29,25.79,25.38,26.23,25.25,11319,28964162.00,3.74,-3.09,-0.81,2.15
2021-06-30,25.39,25.57,25.63,25.07,8245,20925859.00,2.21,0.75,0.19,1.56
2021-07-01,25.57,24.58,25.80,24.56,10229,25670334.00,4.85,-3.87,-0.99,1.94
2021-07-02,24.38,24.39,24.80,24.21,5658,13861013.00,2.40,-0.77,-0.19,1.07
2021-07-05,24.56,24.62,24.79,24.33,7137,17547765.00,1.89,0.94,0.23,1.35
2021-07-06,24.66,24.67,25.25,24.52,6786,16785490.00,2.97,0.20,0.05,1.29
2021-07-07,24.60,24.71,24.90,24.49,6490,15999815.00,1.66,0.16,0.04,1.23
2021-07-08,24.72,24.98,25.27,24.61,11914,29790375.00,2.67,1.09,0.27,2.26
2021-07-09,24.75,25.12,25.48,24.70,12843,32358202.00,3.12,0.56,0.14,2.43
2021-07-12,24.60,25.32,25.94,24.01,29284,73951871.00,7.68,0.80,0.20,5.55
2021-07-13,25.61,27.13,27.65,25.46,59172,157588211.00,8.65,7.15,1.81,11.22
2021-07-14,27.20,28.45,28.90,27.20,46701,132386441.00,6.27,4.87,1.32,8.85
2021-07-15,28.33,28.48,28.78,27.52,30172,84826412.00,4.43,0.11,0.03,5.72
2021-07-16,28.34,29.80,29.99,27.90,40335,118226411.00,7.34,4.63,1.32,7.65
