2017-03-22,10.36,10.36,10.36,10.36,42,43895.00,0.00,9.98,0.94,0.01
2017-03-23,11.40,11.40,11.40,11.40,51,58607.00,0.00,10.04,1.04,0.01
2017-03-24,12.54,12.54,12.54,12.54,88,109725.00,0.00,10.00,1.14,0.01
2017-03-27,13.79,13.79,13.79,13.79,150,206822.00,0.00,9.97,1.25,0.02
2017-03-28,15.17,15.17,15.17,15.17,69,103975.00,0.00,10.01,1.38,0.01
2017-03-29,16.69,16.69,16.69,16.69,126,210294.00,0.00,10.02,1.52,0.02
2017-03-30,18.36,18.36,18.36,18.36,402,737613.00,0.00,10.01,1.67,0.07
2017-03-31,20.20,20.20,20.20,20.20,796,1608526.00,0.00,10.02,1.84,0.13
2017-04-05,22.22,22.22,22.22,22.22,1531,3401904.00,0.00,10.00,2.02,0.26
2017-04-06,24.44,24.44,24.44,24.44,2642,6457145.00,0.00,9.99,2.22,0.44
2017-04-07,26.88,26.88,26.88,26.88,2742,7370065.00,0.00,9.98,2.44,0.46
2017-04-10,29.57,28.31,29.57,28.20,333073,955089088.00,5.10,5.32,1.43,55.51
2017-04-11,26.50,26.49,26.79,25.48,226826,588490896.00,4.63,-6.43,-1.82,37.80
2017-04-12,25.64,24.36,25.84,24.23,148824,373542032.00,6.08,-8.04,-2.13,24.80
2017-04-13,24.00,24.38,25.29,23.66,90160,222454986.00,6.69,0.08,0.02,15.03
2017-04-14,24.35,23.38,24.35,23.20,87215,206216991.00,4.72,-4.10,-1.00,14.54
2017-04-17,22.00,21.04,22.00,21.04,94477,201605188.00,4.11,-10.01,-2.34,15.75
2017-04-18,20.92,19.88,21.37,19.62,75882,156028619.00,8.32,-5.51,-1.16,12.65
2017-04-19,20.10,21.50,21.62,19.68,105082,217494711.00,9.76,8.15,1.62,17.51
2017-04-20,21.48,20.76,21.48,20.25,75477,157690736.00,5.72,-3.44,-0.74,12.58
2017-04-21,20.61,20.92,21.43,20.60,58462,123122009.00,4.00,0.77,0.16,9.74
2017-04-24,20.60,19.77,20.80,19.48,49172,98242961.00,6.31,-5.50,-1.15,8.20
2017-04-25,20.00,19.90,20.50,19.81,46926,94678266.00,3.49,0.66,0.13,7.82
2017-04-26,19.90,20.52,20.98,19.72,69299,142093483.00,6.33,3.12,0.62,11.55
2017-04-27,20.35,22.06,22.49,20.13,123646,265492613.00,11.50,7.50,1.54,20.61
2017-04-28,21.70,22.13,22.52,21.66,92417,204343904.00,3.90,0.32,0.07,15.40
2017-05-02,22.11,21.58,22.11,21.31,67172,145428408.00,3.62,-2.49,-0.55,11.20
2017-05-03,21.61,22.61,22.61,21.61,106042,234985327.00,4.63,4.77,1.03,17.67
2017-05-04,22.47,21.94,22.47,21.73,70317,155153280.00,3.27,-2.96,-0.67,11.72
2017-05-05,21.72,20.22,21.93,20.05,70099,149100436.00,8.57,-7.84,-1.72,11.68
2017-05-08,20.28,19.15,20.49,19.15,58262,115357162.00,6.63,-5.29,-1.07,9.71
2017-05-09,19.16,19.69,19.88,19.02,46014,89711531.00,4.49,2.82,0.54,7.67
2017-05-10,19.66,19.20,20.28,19.20,60270,119358138.00,5.49,-2.49,-0.49,10.04
2017-05-11,19.16,20.05,20.09,18.20,65069,126736208.00,9.84,4.43,0.85,10.84
2017-05-12,19.96,20.30,20.47,19.63,66378,133350487.00,4.19,1.25,0.25,11.06
2017-05-15,20.31,20.00,20.54,19.95,45728,92034936.00,2.91,-1.48,-0.30,7.62
2017-05-16,19.85,20.71,20.80,19.50,66059,132452497.00,6.50,3.55,0.71,11.01
2017-05-17,20.60,20.73,21.20,20.52,69344,144793922.00,3.28,0.10,0.02,11.56
2017-05-18,20.25,20.03,20.67,20.00,44001,89381253.00,3.23,-3.38,-0.70,7.33
2017-05-19,20.05,19.50,20.19,19.33,40635,79971104.00,4.29,-2.65,-0.53,6.77
2017-05-22,19.46,18.43,19.74,18.27,49885,94281145.00,7.54,-5.49,-1.07,8.31
2017-05-23,18.11,17.32,18.58,17.23,43863,78150331.00,7.33,-6.02,-1.11,7.31
2017-05-24,17.29,17.52,17.68,16.90,29003,50402762.00,4.50,1.15,0.20,4.83
2017-05-25,17.48,17.45,17.79,16.81,39111,67508547.00,5.59,-0.40,-0.07,6.52
2017-05-26,17.53,17.72,18.13,17.34,36050,63895767.00,4.53,1.55,0.27,6.01
2017-05-31,18.30,17.79,18.79,17.73,47027,86329395.00,5.98,0.40,0.07,7.84
2017-06-01,17.60,16.60,17.60,16.57,41406,70601105.00,5.79,-6.69,-1.19,6.90
2017-06-02,16.50,17.03,17.18,16.20,28920,48438901.00,5.90,2.59,0.43,4.82
2017-06-05,17.35,17.05,17.45,17.04,27869,48085300.00,2.41,0.12,0.02,4.64
2017-06-06,16.78,17.10,17.16,16.65,18304,31086242.00,2.99,0.29,0.05,3.05
2017-06-07,17.16,17.79,17.97,17.06,43813,77169940.00,5.32,4.04,0.69,7.30
2017-06-08,17.78,17.52,17.95,17.35,32693,57636874.00,3.37,-1.52,-0.27,5.45
2017-06-09,17.46,17.71,17.75,17.30,26040,45654028.00,2.57,1.08,0.19,4.34
2017-06-12,17.26,16.90,17.40,16.85,30465,52202079.00,3.11,-4.57,-0.81,5.08
2017-06-13,16.90,17.27,17.36,16.82,23257,40015067.00,3.20,2.19,0.37,3.88
2017-06-14,17.20,17.43,17.60,17.16,33943,59144755.00,2.55,0.93,0.16,5.66
2017-06-15,17.45,17.87,18.18,17.43,64136,114830040.00,4.30,2.52,0.44,10.69
2017-06-16,17.79,17.60,17.87,17.53,31993,56456609.00,1.90,-1.51,-0.27,5.33
2017-06-19,17.61,17.61,17.75,17.43,20442,35918178.00,1.82,0.06,0.01,3.41
2017-06-20,17.70,17.46,17.76,17.44,22654,39878141.00,1.82,-0.85,-0.15,3.78
2017-06-21,17.47,17.28,17.59,17.08,22010,38192271.00,2.92,-1.03,-0.18,3.67
2017-06-22,17.28,17.01,17.35,17.01,26595,45793277.00,1.97,-1.56,-0.27,4.43
2017-06-23,17.10,16.97,17.13,16.50,24124,40582965.00,3.70,-0.24,-0.04,4.02
2017-06-26,16.92,17.03,17.06,16.72,15754,26661903.00,2.00,0.35,0.06,2.63
2017-06-27,17.06,17.05,17.29,17.02,17092,29314269.00,1.59,0.12,0.02,2.85
2017-06-28,17.00,16.71,17.00,16.65,16874,28297046.00,2.05,-1.99,-0.34,2.81
2017-06-29,16.77,16.85,17.03,16.71,14699,24869725.00,1.92,0.84,0.14,2.45
2017-06-30,16.55,17.16,17.30,16.55,26673,45469505.00,4.45,1.84,0.31,4.45
2017-07-03,17.14,17.22,17.27,17.01,14741,25301425.00,1.52,0.35,0.06,2.46
2017-07-04,17.23,17.25,17.35,17.11,17004,29287692.00,1.39,0.17,0.03,2.83
2017-07-05,17.33,17.65,17.65,17.25,37944,66562810.00,2.32,2.32,0.40,6.32
2017-07-06,17.68,17.66,17.75,17.36,33566,59104430.00,2.21,0.06,0.01,5.59
2017-07-07,17.51,17.93,18.16,17.50,50223,90115398.00,3.74,1.53,0.27,8.37
2017-07-10,17.66,17.18,17.79,17.17,38361,66943019.00,3.46,-4.18,-0.75,6.39
2017-07-11,17.23,16.85,17.23,16.83,24831,42260959.00,2.33,-1.92,-0.33,4.14
2017-07-12,16.80,16.96,16.99,16.56,19751,33093639.00,2.55,0.65,0.11,3.29
2017-07-13,16.88,16.74,16.90,16.67,13252,22238400.00,1.36,-1.30,-0.22,2.21
2017-07-14,16.77,16.69,16.85,16.65,10544,17665508.00,1.19,-0.30,-0.05,1.76
2017-07-17,16.83,15.02,16.83,15.02,34091,52777359.00,10.84,-10.01,-1.67,5.68
2017-07-18,14.99,15.12,15.24,14.78,14518,21833353.00,3.06,0.67,0.10,2.42
2017-07-19,15.11,15.11,15.14,14.82,16479,24714878.00,2.12,-0.07,-0.01,2.75
2017-07-20,15.00,14.92,15.35,14.91,18306,27704294.00,2.91,-1.26,-0.19,3.05
2017-07-21,14.86,14.77,15.03,14.74,15602,23152054.00,1.94,-1.01,-0.15,2.60
2017-07-24,14.68,14.78,14.88,14.49,17776,26026908.00,2.64,0.07,0.01,2.96
2017-07-25,14.83,14.88,14.96,14.79,12077,17969967.00,1.15,0.68,0.10,2.01
2017-07-26,14.88,14.52,14.93,14.52,13343,19596605.00,2.76,-2.42,-0.36,2.22
2017-07-27,14.52,14.94,14.99,14.49,22217,32873260.00,3.44,2.89,0.42,3.70
2017-07-28,14.93,14.79,14.93,14.78,13516,20052272.00,1.00,-1.00,-0.15,2.25
2017-07-31,14.79,14.87,14.98,14.77,10577,15724965.00,1.42,0.54,0.08,1.76
2017-08-01,14.87,15.01,15.07,14.84,15618,23335977.00,1.55,0.94,0.14,2.60
2017-08-02,15.00,14.82,15.08,14.81,15430,23076864.00,1.80,-1.27,-0.19,2.57
2017-08-03,14.79,14.94,15.20,14.75,19022,28534593.00,3.04,0.81,0.12,3.17
2017-08-04,14.90,14.96,15.17,14.86,14938,22398316.00,2.07,0.13,0.02,2.49
2017-08-07,14.97,15.22,15.25,14.97,22604,34270233.00,1.87,1.74,0.26,3.77
2017-08-08,15.20,15.00,15.28,14.91,17063,25650894.00,2.43,-1.45,-0.22,2.84
2017-08-09,14.97,14.90,14.99,14.88,11580,17277043.00,0.73,-0.67,-0.10,1.93
2017-08-10,14.89,14.59,14.99,14.51,13009,19154118.00,3.22,-2.08,-0.31,2.17
2017-08-11,14.58,14.60,14.70,14.41,14823,21555300.00,1.99,0.07,0.01,2.47
2017-08-14,14.52,14.93,15.10,14.46,16775,24984321.00,4.38,2.26,0.33,2.80
2017-08-15,14.90,15.01,15.07,14.85,16131,24128780.00,1.47,0.54,0.08,2.69
2017-08-16,15.01,15.44,15.52,14.95,36210,55279046.00,3.80,2.86,0.43,6.04
2017-08-17,15.46,15.33,15.49,15.28,22908,35158522.00,1.36,-0.71,-0.11,3.82
2017-08-18,15.27,15.25,15.46,15.18,13866,21180643.00,1.83,-0.52,-0.08,2.31
2017-08-21,15.27,15.46,15.51,15.26,19964,30775947.00,1.64,1.38,0.21,3.33
2017-08-22,15.42,15.40,15.89,15.39,33898,52934532.00,3.23,-0.39,-0.06,5.65
2017-08-23,15.21,15.80,16.30,15.10,59855,94159404.00,7.79,2.60,0.40,9.98
2017-08-24,15.69,15.40,15.83,15.40,36101,56297338.00,2.72,-2.53,-0.40,6.02
2017-08-25,15.30,15.87,16.10,15.30,43240,68168277.00,5.19,3.05,0.47,7.21
2017-08-28,15.92,16.56,16.79,15.92,69869,114905310.00,5.48,4.35,0.69,11.64
2017-08-29,16.46,16.65,17.00,16.21,70145,116338221.00,4.77,0.54,0.09,11.69
2017-08-30,16.50,16.27,16.58,16.19,33565,55049498.00,2.34,-2.28,-0.38,5.59
2017-08-31,16.25,16.65,16.95,16.18,45793,75979219.00,4.73,2.34,0.38,7.63
2017-09-01,16.68,16.61,16.80,16.46,34664,57467115.00,2.04,-0.24,-0.04,5.78
2017-09-04,16.51,16.45,16.59,16.31,24714,40562848.00,1.69,-0.96,-0.16,4.12
2017-09-05,16.40,16.48,16.55,16.35,19846,32600980.00,1.22,0.18,0.03,3.31
2017-09-06,16.48,16.24,16.49,16.06,23841,38711195.00,2.61,-1.46,-0.24,3.97
2017-09-07,16.14,16.54,16.75,16.14,41207,68081297.00,3.76,1.85,0.30,6.87
2017-09-08,16.70,16.31,16.74,16.23,22537,36986144.00,3.08,-1.39,-0.23,3.76
2017-09-11,16.28,16.79,16.90,16.20,38042,63128219.00,4.29,2.94,0.48,6.34
2017-09-12,16.74,16.37,16.82,16.31,37318,61636518.00,3.04,-2.50,-0.42,6.22
2017-09-13,16.37,16.38,16.46,16.30,12379,20292423.00,0.98,0.06,0.01,2.06
2017-09-14,16.40,16.39,16.60,16.24,20583,33745695.00,2.20,0.06,0.01,3.43
2017-09-15,16.38,16.06,16.38,16.03,20327,32854940.00,2.14,-2.01,-0.33,3.39
2017-09-18,16.03,16.10,16.14,15.91,13346,21352618.00,1.43,0.25,0.04,2.22
2017-09-19,16.09,16.21,16.36,16.01,16991,27570501.00,2.17,0.68,0.11,2.83
2017-09-20,16.19,16.35,16.40,16.03,22729,36964885.00,2.28,0.86,0.14,3.79
2017-09-21,16.34,16.35,16.51,16.23,24690,40441446.00,1.71,0.00,0.00,4.11
2017-09-22,16.32,16.98,17.25,16.32,97560,164340892.00,5.69,3.85,0.63,16.26
2017-09-25,16.81,16.48,16.92,16.47,46892,78341990.00,2.65,-2.94,-0.50,7.82
2017-09-26,16.54,15.57,16.58,15.40,47193,74683607.00,7.16,-5.52,-0.91,7.87
2017-09-27,15.62,15.66,15.78,15.40,16213,25384061.00,2.44,0.58,0.09,2.70
2017-09-28,15.66,15.73,15.89,15.60,16312,25747166.00,1.85,0.45,0.07,2.72
2017-09-29,15.73,15.71,15.87,15.62,16880,26559383.00,1.59,-0.13,-0.02,2.81
2017-10-09,15.92,15.89,16.00,15.81,12373,19671754.00,1.21,1.15,0.18,2.06
2017-10-10,15.89,16.25,16.25,15.84,22069,35500473.00,2.58,2.27,0.36,3.68
2017-10-11,16.25,16.09,16.30,16.01,18919,30574999.00,1.78,-0.98,-0.16,3.15
2017-10-12,16.08,16.27,16.29,16.03,21606,34958984.00,1.62,1.12,0.18,3.60
2017-10-13,16.22,16.54,16.56,16.18,26809,44049864.00,2.34,1.66,0.27,4.47
2017-10-16,16.47,15.80,16.53,15.73,28366,45552013.00,4.84,-4.47,-0.74,4.73
2017-10-17,15.84,15.94,16.02,15.76,11001,17507419.00,1.65,0.89,0.14,1.83
2017-10-18,15.86,15.55,16.06,15.53,17310,27364531.00,3.32,-2.45,-0.39,2.89
2017-10-19,15.54,15.22,15.59,15.17,14860,22768368.00,2.70,-2.12,-0.33,2.48
2017-10-20,15.22,15.49,15.53,15.22,7960,12258446.00,2.04,1.77,0.27,1.33
2017-10-23,15.36,15.51,15.57,15.36,10839,16780529.00,1.36,0.13,0.02,1.81
2017-10-24,15.49,15.32,15.51,15.10,10187,15576999.00,2.64,-1.23,-0.19,1.70
2017-10-25,15.22,15.63,15.65,15.22,20841,32369498.00,2.81,2.02,0.31,3.47
2017-10-26,15.61,15.63,15.70,15.44,17556,27315460.00,1.66,0.00,0.00,2.93
2017-10-27,15.63,15.69,15.91,15.50,15444,24282914.00,2.62,0.38,0.06,2.57
2017-10-30,15.64,14.88,15.64,14.88,20314,30729684.00,4.84,-5.16,-0.81,3.39
2017-10-31,14.90,15.08,15.09,14.85,11965,17917235.00,1.61,1.34,0.20,1.99
2017-11-01,15.13,15.06,15.15,15.01,9813,14799250.00,0.93,-0.13,-0.02,1.64
2017-11-02,15.01,14.74,15.15,14.70,12050,17879915.00,2.99,-2.12,-0.32,2.01
2017-11-03,14.75,14.57,14.78,14.49,11973,17488729.00,1.97,-1.15,-0.17,2.00
2017-11-06,14.72,14.76,14.80,14.58,8500,12496323.00,1.51,1.30,0.19,1.42
2017-11-07,14.73,14.80,14.88,14.55,10626,15593643.00,2.24,0.27,0.04,1.77
2017-11-08,14.79,14.92,15.12,14.72,14437,21597886.00,2.70,0.81,0.12,2.41
2017-11-09,14.89,15.01,15.03,14.84,8913,13322300.00,1.27,0.60,0.09,1.49
2017-11-10,15.00,15.07,15.19,14.92,11634,17523646.00,1.80,0.40,0.06,1.94
2017-11-13,15.03,14.90,15.20,14.87,12431,18597125.00,2.19,-1.13,-0.17,2.07
2017-11-14,14.93,14.81,14.96,14.65,12855,18994781.00,2.08,-0.60,-0.09,2.14
2017-11-15,14.71,14.93,15.08,14.69,14426,21454889.00,2.63,0.81,0.12,2.40
2017-11-16,14.88,15.10,15.37,14.70,29935,44826834.00,4.49,1.14,0.17,4.99
2017-11-17,15.16,14.03,15.26,13.92,35508,52212163.00,8.87,-7.09,-1.07,5.92
2017-11-20,13.90,13.65,13.90,12.80,18989,25423994.00,7.84,-2.71,-0.38,3.16
2017-11-21,13.64,13.36,13.65,13.23,12331,16573115.00,3.08,-2.12,-0.29,2.06
2017-11-22,13.35,13.36,13.52,13.28,8100,10851915.00,1.80,0.00,0.00,1.35
2017-11-23,13.31,12.91,13.36,12.91,10194,13419625.00,3.37,-3.37,-0.45,1.70
2017-11-24,12.91,12.94,13.06,12.89,5758,7460871.00,1.32,0.23,0.03,0.96
2017-11-27,12.97,12.66,12.97,12.66,6687,8552365.00,2.40,-2.16,-0.28,1.11
2017-11-28,12.62,13.06,13.35,12.62,11955,15563990.00,5.77,3.16,0.40,1.99
2017-11-29,13.02,13.02,13.09,12.70,7882,10222926.00,2.99,-0.31,-0.04,1.31
2017-11-30,13.02,13.04,13.19,12.96,6370,8314346.00,1.77,0.15,0.02,1.06
2017-12-01,13.08,13.14,13.18,12.91,7338,9608001.00,2.07,0.77,0.10,1.22
2017-12-04,13.16,12.71,13.16,12.69,9140,11790990.00,3.58,-3.27,-0.43,1.52
2017-12-05,12.71,12.25,12.84,12.15,8061,10057019.00,5.43,-3.62,-0.46,1.34
2017-12-06,12.21,12.39,12.40,12.00,7838,9606560.00,3.27,1.14,0.14,1.31
2017-12-07,12.38,12.41,12.48,12.25,7169,8879686.00,1.86,0.16,0.02,1.19
2017-12-08,12.41,12.85,13.18,12.33,17971,23103979.00,6.85,3.55,0.44,3.00
2017-12-11,12.82,12.92,12.96,12.76,9571,12314189.00,1.56,0.54,0.07,1.60
2017-12-12,12.94,12.64,12.94,12.63,7057,9004981.00,2.40,-2.17,-0.28,1.18
2017-12-13,12.64,12.81,12.85,12.61,5203,6642798.00,1.90,1.34,0.17,0.87
2017-12-14,12.88,12.81,12.88,12.67,5536,7055760.00,1.64,0.00,0.00,0.92
2017-12-15,12.83,12.80,12.83,12.71,4696,5995024.00,0.94,-0.08,-0.01,0.78
2017-12-18,12.79,12.70,12.83,12.66,5286,6740075.00,1.33,-0.78,-0.10,0.88
2017-12-19,12.71,12.83,12.87,12.71,5831,7460793.00,1.26,1.02,0.13,0.97
2017-12-20,12.86,12.51,12.86,12.50,7987,10119991.00,2.81,-2.49,-0.32,1.33
2017-12-21,12.50,12.49,12.56,12.18,5693,7057376.00,3.04,-0.16,-0.02,0.95
2017-12-22,12.43,12.49,12.55,12.40,3719,4643849.00,1.20,0.00,0.00,0.62
2017-12-25,12.48,12.76,13.11,12.28,20630,26186328.00,6.65,2.16,0.27,3.44
2017-12-26,12.66,13.27,13.34,12.66,31833,41562710.00,5.33,4.00,0.51,5.31
2017-12-27,13.28,13.03,13.28,12.98,19152,25046633.00,2.26,-1.81,-0.24,3.19
2017-12-28,12.90,13.12,13.25,12.88,15082,19769283.00,2.84,0.69,0.09,2.51
2017-12-29,13.12,12.98,13.20,12.94,11298,14704098.00,1.98,-1.07,-0.14,1.88
2018-01-02,12.98,13.01,13.08,12.93,6802,8844582.00,1.16,0.23,0.03,1.13
2018-01-03,13.01,13.04,13.08,12.90,8669,11255203.00,1.38,0.23,0.03,1.44
2018-01-04,13.04,13.03,13.08,12.97,7296,9492764.00,0.84,-0.08,-0.01,1.22
2018-01-05,13.07,13.04,13.08,12.98,6300,8198569.00,0.77,0.08,0.01,1.05
2018-01-08,13.04,12.94,13.07,12.80,9049,11657863.00,2.07,-0.77,-0.10,1.51
2018-01-09,12.90,12.82,12.97,12.77,9824,12618882.00,1.55,-0.93,-0.12,1.64
2018-01-10,12.83,12.50,12.83,12.41,11139,14008316.00,3.28,-2.50,-0.32,1.86
2018-01-11,12.50,12.74,12.80,12.46,11901,15062937.00,2.72,1.92,0.24,1.98
2018-01-12,12.70,12.76,12.77,12.61,8463,10732594.00,1.26,0.16,0.02,1.41
2018-01-15,12.76,12.47,12.79,12.42,8136,10199696.00,2.90,-2.27,-0.29,1.36
2018-01-16,12.55,12.95,13.28,12.51,30426,39403965.00,6.17,3.85,0.48,5.07
2018-01-17,12.87,13.12,13.25,12.84,30225,39552531.00,3.17,1.31,0.17,5.04
2018-01-18,13.03,13.49,13.56,13.00,42389,56555790.00,4.27,2.82,0.37,7.06
2018-01-19,13.50,13.13,13.50,13.11,27419,36264007.00,2.89,-2.67,-0.36,4.57
2018-01-22,13.12,13.02,13.14,12.80,17466,22608666.00,2.59,-0.84,-0.11,2.91
2018-01-23,13.00,13.02,13.15,12.91,12170,15838552.00,1.84,0.00,0.00,2.03
2018-01-24,13.04,13.03,13.09,12.90,12050,15678849.00,1.46,0.08,0.01,2.01
2018-01-25,13.00,12.90,13.12,12.89,14822,19265364.00,1.77,-1.00,-0.13,2.47
2018-01-26,12.89,12.63,12.97,12.63,13918,17801797.00,2.64,-2.09,-0.27,2.32
2018-01-29,12.70,12.55,12.78,12.54,8063,10204743.00,1.90,-0.63,-0.08,1.34
2018-01-30,12.64,12.68,12.69,12.53,6796,8567609.00,1.27,1.04,0.13,1.13
2018-01-31,12.65,12.15,12.65,12.15,11927,14794550.00,3.94,-4.18,-0.53,1.99
2018-02-01,12.10,11.45,12.21,11.42,16150,18946723.00,6.50,-5.76,-0.70,2.69
2018-02-02,11.40,11.10,11.40,10.94,9797,10934117.00,4.02,-3.06,-0.35,1.63
2018-02-05,11.05,10.91,11.08,10.80,6974,7631079.00,2.52,-1.71,-0.19,1.16
2018-02-06,10.80,10.13,10.83,10.11,11875,12464715.00,6.60,-7.15,-0.78,1.98
2018-02-07,10.13,10.21,10.50,9.88,10640,10864094.00,6.12,0.79,0.08,1.77
2018-02-08,10.00,10.36,10.47,10.00,7056,7297353.00,4.60,1.47,0.15,1.18
2018-02-09,10.20,10.06,10.20,9.91,8442,8503635.00,2.80,-2.90,-0.30,1.41
2018-02-12,10.14,10.35,10.40,10.14,5966,6158329.00,2.58,2.88,0.29,0.99
2018-02-13,10.42,10.27,10.56,10.26,6584,6836793.00,2.90,-0.77,-0.08,1.10
2018-02-14,10.22,10.27,10.39,10.21,3220,3312350.00,1.75,0.00,0.00,0.54
2018-02-22,10.32,10.41,10.43,10.32,3842,3994025.00,1.07,1.36,0.14,0.64
2018-02-23,10.43,10.44,10.53,10.30,6817,7093266.00,2.21,0.29,0.03,1.14
2018-02-26,10.50,10.72,10.88,10.48,12098,12920514.00,3.83,2.68,0.28,2.02
2018-02-27,10.79,10.73,10.79,10.63,8706,9328932.00,1.49,0.09,0.01,1.45
2018-02-28,10.72,10.66,10.75,10.52,7573,8062980.00,2.14,-0.65,-0.07,1.26
2018-03-01,10.66,10.86,10.87,10.59,8542,9208460.00,2.63,1.88,0.20,1.42
2018-03-02,10.82,10.85,10.99,10.78,10647,11586886.00,1.93,-0.09,-0.01,1.77
2018-03-05,10.80,10.88,10.95,10.75,8674,9400070.00,1.84,0.28,0.03,1.45
2018-03-06,10.89,11.03,11.18,10.81,11335,12496015.00,3.40,1.38,0.15,1.89
2018-03-07,10.99,11.24,11.28,10.93,14374,15917713.00,3.17,1.90,0.21,2.40
2018-03-08,11.35,11.53,12.00,11.30,40635,47311672.00,6.23,2.58,0.29,6.77
2018-03-09,11.31,11.57,11.69,11.23,29970,34258498.00,3.99,0.35,0.04,4.99
2018-03-12,11.53,11.71,11.86,11.53,22883,26735470.00,2.85,1.21,0.14,3.81
2018-03-13,11.71,11.54,11.73,11.51,14058,16285015.00,1.88,-1.45,-0.17,2.34
2018-03-14,11.50,11.35,11.55,11.30,14575,16614479.00,2.17,-1.65,-0.19,2.43
2018-03-15,11.35,11.03,11.39,10.86,14268,15826945.00,4.67,-2.82,-0.32,2.38
2018-03-16,11.00,11.11,11.24,10.98,8934,9956536.00,2.36,0.73,0.08,1.49
2018-03-19,11.14,11.33,11.37,11.09,8594,9668198.00,2.52,1.98,0.22,1.43
2018-03-20,11.29,11.29,11.35,11.13,9334,10476664.00,1.94,-0.35,-0.04,1.56
2018-03-21,11.22,11.36,11.58,11.22,13532,15466691.00,3.19,0.62,0.07,2.26
2018-03-22,11.30,11.41,11.48,11.28,11775,13395491.00,1.76,0.44,0.05,1.96
2018-03-23,11.28,10.50,11.28,10.32,19564,21094380.00,8.41,-7.98,-0.91,2.53
2018-03-26,10.30,10.57,10.57,10.08,8341,8638148.00,4.67,0.67,0.07,1.08
2018-03-27,10.59,10.84,10.89,10.59,11362,12256588.00,2.84,2.55,0.27,1.47
2018-03-28,10.71,10.95,10.97,10.62,12286,13333368.00,3.23,1.01,0.11,1.59
2018-03-29,10.97,11.30,11.48,10.90,23391,26338646.00,5.30,3.20,0.35,3.02
2018-03-30,11.31,11.48,11.60,11.23,18775,21473468.00,3.27,1.59,0.18,2.43
2018-04-02,11.30,11.38,11.47,11.20,22968,25998219.00,2.35,-0.87,-0.10,2.97
2018-04-03,11.42,11.28,11.42,11.09,13750,15411578.00,2.90,-0.88,-0.10,1.78
2018-04-04,11.30,11.26,11.47,11.26,15537,17614249.00,1.86,-0.18,-0.02,2.01
2018-04-09,11.17,11.66,11.73,11.05,25671,29347552.00,6.04,3.55,0.40,3.32
2018-04-10,11.57,11.44,11.64,11.21,24538,27976195.00,3.69,-1.89,-0.22,3.17
2018-04-11,11.42,11.69,11.79,11.40,31828,37084503.00,3.41,2.19,0.25,4.11
2018-04-12,11.68,11.86,12.14,11.57,45439,54020920.00,4.88,1.45,0.17,5.87
2018-04-13,11.83,11.75,11.95,11.70,21644,25544120.00,2.11,-0.93,-0.11,2.80
2018-04-16,11.68,11.38,11.70,11.31,20844,23897143.00,3.32,-3.15,-0.37,2.69
2018-04-17,11.39,10.86,11.58,10.86,14078,15803402.00,6.33,-4.57,-0.52,1.82
2018-04-18,10.95,11.03,11.06,10.50,18445,19850311.00,5.16,1.57,0.17,2.38
2018-04-19,10.98,10.98,11.14,10.90,10430,11490904.00,2.18,-0.45,-0.05,1.35
2018-04-20,10.93,10.60,10.97,10.55,12179,13071394.00,3.83,-3.46,-0.38,1.57
2018-04-23,10.65,10.64,10.69,10.55,7815,8304994.00,1.32,0.38,0.04,1.01
2018-04-24,10.69,11.33,11.61,10.65,28602,32038162.00,9.02,6.48,0.69,3.70
2018-04-25,11.20,11.24,11.35,11.15,18337,20590844.00,1.77,-0.79,-0.09,2.37
2018-04-26,11.27,10.99,11.33,10.95,13702,15197764.00,3.38,-2.22,-0.25,1.77
2018-04-27,11.05,11.08,11.15,10.98,8966,9924934.00,1.55,0.82,0.09,1.16
2018-05-02,11.12,10.74,11.12,10.61,12030,13012719.00,4.60,-3.07,-0.34,1.55
2018-05-03,10.75,11.08,11.09,10.55,14415,15702485.00,5.03,3.17,0.34,1.86
2018-05-04,11.04,11.33,11.38,10.94,24414,27518762.00,3.97,2.26,0.25,3.15
2018-05-07,11.38,11.54,11.87,11.26,28805,33345294.00,5.38,1.85,0.21,3.72
2018-05-08,11.46,11.85,11.98,11.46,41725,49228500.00,4.51,2.69,0.31,5.39
2018-05-09,11.78,11.98,12.39,11.73,45275,54464800.00,5.57,1.10,0.13,5.85
2018-05-10,12.08,12.45,12.58,11.90,62560,76939275.00,5.68,3.92,0.47,8.08
2018-05-11,12.35,11.88,12.35,11.79,42196,50867018.00,4.50,-4.58,-0.57,5.45
2018-05-14,11.88,12.05,12.24,11.69,29699,35556005.00,4.63,1.43,0.17,3.84
2018-05-15,11.91,12.40,12.44,11.81,42262,51564248.00,5.23,2.90,0.35,5.46
2018-05-16,12.48,12.10,12.48,12.02,30422,37151920.00,3.71,-2.42,-0.30,3.93
2018-05-17,12.09,12.16,12.16,11.92,19331,23275378.00,1.98,0.50,0.06,2.50
2018-05-18,12.10,11.97,12.15,11.80,18987,22685233.00,2.88,-1.56,-0.19,2.45
2018-05-21,11.96,12.23,12.30,11.93,26386,32007865.00,3.09,2.17,0.26,3.41
2018-05-22,12.30,12.25,12.36,12.08,24519,29922153.00,2.29,0.16,0.02,3.17
2018-05-23,12.05,12.01,12.11,11.83,28882,34588588.00,2.29,-1.96,-0.24,3.73
2018-05-24,11.99,12.74,13.21,11.91,136139,175993277.00,10.82,6.08,0.73,17.59
2018-05-25,12.40,12.46,12.67,12.28,91204,113188124.00,3.06,-2.20,-0.28,11.78
2018-05-28,12.35,11.97,12.36,11.92,45177,54610648.00,3.53,-3.93,-0.49,5.84
2018-05-29,11.88,11.68,12.05,11.65,30636,36333738.00,3.34,-2.42,-0.29,3.96
2018-05-30,11.31,10.74,11.39,10.69,41136,45400392.00,5.99,-8.05,-0.94,5.31
2018-05-31,10.94,10.99,11.14,10.71,19583,21417572.00,4.00,2.33,0.25,2.53
2018-06-01,11.03,10.98,11.23,10.90,15686,17309404.00,3.00,-0.09,-0.01,2.03
2018-06-04,10.96,11.06,11.15,10.90,9184,10141402.00,2.28,0.73,0.08,1.19
2018-06-05,11.06,11.30,11.32,11.06,13982,15684255.00,2.35,2.17,0.24,1.81
2018-06-06,11.23,11.39,11.42,11.23,13115,14851499.00,1.68,0.80,0.09,1.69
2018-06-07,11.38,11.07,11.40,11.02,15628,17470371.00,3.34,-2.81,-0.32,2.02
2018-06-08,10.99,10.91,11.14,10.83,14247,15600108.00,2.80,-1.45,-0.16,1.84
2018-06-11,10.80,10.96,11.13,10.77,10097,11094202.00,3.30,0.46,0.05,1.30
2018-06-12,11.00,11.13,11.17,10.72,16901,18586786.00,4.11,1.55,0.17,2.18
2018-06-13,11.18,10.71,11.18,10.70,15514,16962008.00,4.31,-3.77,-0.42,2.00
2018-06-14,10.69,10.73,10.88,10.62,10637,11432162.00,2.43,0.19,0.02,1.37
2018-06-15,10.73,10.14,10.84,10.02,19833,20405470.00,7.64,-5.50,-0.59,2.56
2018-06-19,9.97,9.13,9.98,9.13,22354,21086842.00,8.38,-9.96,-1.01,2.89
2018-06-20,8.95,9.27,9.48,8.90,11805,10890179.00,6.35,1.53,0.14,1.53
2018-06-21,9.27,9.03,9.48,9.01,11227,10349821.00,5.07,-2.59,-0.24,1.45
2018-06-22,8.90,9.19,9.29,8.85,9705,8868350.00,4.87,1.77,0.16,1.25
2018-06-25,9.28,9.06,9.34,9.01,7624,7030419.00,3.59,-1.41,-0.13,0.99
2018-06-26,8.99,9.24,9.29,8.90,11863,10914533.00,4.30,1.99,0.18,1.53
2018-06-27,9.20,9.30,9.44,9.20,11816,11011903.00,2.60,0.65,0.06,1.53
2018-06-28,9.28,9.42,9.56,9.28,15396,14536860.00,3.01,1.29,0.12,1.99
2018-06-29,9.36,9.68,9.73,9.36,16327,15656888.00,3.93,2.76,0.26,2.11
2018-07-02,9.65,9.38,9.65,9.28,11276,10701432.00,3.82,-3.10,-0.30,1.35
2018-07-03,9.38,9.70,9.73,9.37,15171,14491940.00,3.84,3.41,0.32,1.82
2018-07-04,10.18,10.67,10.67,10.18,88905,94477231.00,5.05,10.00,0.97,10.66
2018-07-05,9.60,10.35,10.48,9.60,88730,89571403.00,8.25,-3.00,-0.32,10.64
2018-07-06,10.15,10.02,10.35,9.67,62931,63403540.00,6.57,-3.19,-0.33,7.55
2018-07-09,9.82,10.39,10.88,9.82,65535,68196678.00,10.58,3.69,0.37,7.86
2018-07-10,10.20,10.30,10.33,10.03,42284,43116507.00,2.89,-0.87,-0.09,5.07
2018-07-11,10.10,9.67,10.12,9.29,42040,41052788.00,8.06,-6.12,-0.63,5.04
2018-07-12,9.75,10.07,10.10,9.75,32077,31959403.00,3.62,4.14,0.40,3.85
2018-07-13,10.00,9.85,10.02,9.78,28195,27902602.00,2.38,-2.18,-0.22,3.38
2018-07-16,9.95,9.93,9.97,9.82,12843,12718704.00,1.52,0.81,0.08,1.54
2018-07-17,9.89,9.95,9.99,9.78,15648,15495510.00,2.11,0.20,0.02,1.88
2018-07-18,9.98,10.00,10.30,9.91,28899,29248236.00,3.92,0.50,0.05,3.47
2018-07-19,10.00,9.75,10.00,9.69,17459,17136214.00,3.10,-2.50,-0.25,2.09
2018-07-20,9.80,9.89,9.95,9.70,11889,11685321.00,2.56,1.44,0.14,1.43
2018-07-23,9.88,10.02,10.02,9.81,15244,15181722.00,2.12,1.31,0.13,1.83
2018-07-24,10.00,10.11,10.16,9.93,20603,20755155.00,2.30,0.90,0.09,2.47
2018-07-25,10.11,10.05,10.14,9.99,14176,14258938.00,1.48,-0.59,-0.06,1.70
2018-07-26,10.05,10.06,10.11,9.93,12804,12797052.00,1.79,0.10,0.01,1.54
2018-07-27,10.03,9.83,10.06,9.81,9525,9471280.00,2.49,-2.29,-0.23,1.14
2018-07-30,9.83,9.45,9.85,9.43,15936,15278259.00,4.27,-3.87,-0.38,1.91
2018-07-31,9.46,9.50,9.57,9.43,6116,5808719.00,1.48,0.53,0.05,0.73
2018-08-01,9.51,9.44,9.62,9.44,8591,8180134.00,1.89,-0.63,-0.06,1.03
2018-08-02,9.43,9.09,9.46,8.88,14515,13219341.00,6.14,-3.71,-0.35,1.74
2018-08-03,9.10,9.00,9.17,8.99,5201,4728960.00,1.98,-0.99,-0.09,0.62
2018-08-06,9.05,8.87,9.05,8.87,6197,5541534.00,2.00,-1.44,-0.13,0.74
2018-08-07,8.90,9.16,9.18,8.90,6765,6140834.00,3.16,3.27,0.29,0.81
2018-08-08,9.16,8.98,9.18,8.98,6096,5530763.00,2.18,-1.97,-0.18,0.73
2018-08-09,8.97,9.37,9.40,8.93,13909,12873541.00,5.23,4.34,0.39,1.67
2018-08-10,9.35,9.43,9.55,9.31,10550,9925868.00,2.56,0.64,0.06,1.26
2018-08-13,9.38,9.44,9.52,9.25,8426,7900467.00,2.86,0.11,0.01,1.01
2018-08-14,9.44,9.54,9.58,9.35,13183,12478400.00,2.44,1.06,0.10,1.58
2018-08-15,9.49,9.27,9.65,9.21,10375,9731374.00,4.61,-2.83,-0.27,1.24
2018-08-16,9.21,9.28,9.39,9.15,7104,6612825.00,2.59,0.11,0.01,0.85
2018-08-17,9.30,9.04,9.37,9.01,7678,7054714.00,3.88,-2.59,-0.24,0.92
2018-08-20,9.04,9.17,9.20,8.98,7025,6374633.00,2.43,1.44,0.13,0.84
2018-08-21,9.18,9.27,9.35,9.11,8286,7664448.00,2.62,1.09,0.10,0.99
2018-08-22,9.25,9.05,9.25,9.00,6752,6156879.00,2.70,-2.37,-0.22,0.81
2018-08-23,9.08,9.16,9.23,9.06,6734,6168416.00,1.88,1.22,0.11,0.81
2018-08-24,9.18,9.27,9.48,9.15,11000,10257798.00,3.60,1.20,0.11,1.32
2018-08-27,9.27,9.38,9.41,9.20,9528,8893097.00,2.27,1.19,0.11,1.14
2018-08-28,9.41,9.40,9.43,9.31,7511,7039559.00,1.28,0.21,0.02,0.90
2018-08-29,9.35,9.30,9.38,9.25,6736,6270601.00,1.38,-1.06,-0.10,0.81
2018-08-30,9.30,9.15,9.34,9.15,6861,6349608.00,2.04,-1.61,-0.15,0.82
2018-08-31,9.15,9.05,9.22,9.05,4455,4061284.00,1.86,-1.09,-0.10,0.53
2018-09-03,9.05,9.06,9.09,8.91,5468,4925423.00,1.99,0.11,0.01,0.66
2018-09-04,9.09,9.16,9.19,9.04,5644,5155696.00,1.66,1.10,0.10,0.68
2018-09-05,9.16,9.07,9.21,9.02,5050,4610614.00,2.07,-0.98,-0.09,0.61
2018-09-06,9.04,9.02,9.18,9.01,5229,4753425.00,1.87,-0.55,-0.05,0.63
2018-09-07,9.01,9.09,9.17,9.01,5598,5102892.00,1.77,0.78,0.07,0.67
2018-09-10,9.09,8.86,9.09,8.85,8176,7318386.00,2.64,-2.53,-0.23,0.98
2018-09-11,8.95,8.95,9.09,8.85,5136,4591150.00,2.71,1.02,0.09,0.62
2018-09-12,8.98,9.02,9.09,8.98,4316,3897848.00,1.23,0.78,0.07,0.52
2018-09-13,9.03,9.17,9.20,9.03,8378,7642694.00,1.88,1.66,0.15,1.00
2018-09-14,9.17,9.18,9.20,9.00,8414,7671977.00,2.18,0.11,0.01,1.01
2018-09-17,9.18,8.96,9.20,8.96,6068,5492161.00,2.61,-2.40,-0.22,0.73
2018-09-18,8.93,9.16,9.18,8.90,6062,5490019.00,3.13,2.23,0.20,0.73
2018-09-19,9.16,9.19,9.30,9.06,8327,7665043.00,2.62,0.33,0.03,1.00
2018-09-20,9.19,9.19,9.24,9.12,5946,5449350.00,1.31,0.00,0.00,0.71
2018-09-21,9.15,9.27,9.40,9.15,9001,8321399.00,2.72,0.87,0.08,1.08
2018-09-25,9.26,9.23,9.26,9.12,5337,4904898.00,1.51,-0.43,-0.04,0.64
2018-09-26,9.20,9.27,9.44,9.20,7344,6824307.00,2.60,0.43,0.04,0.88
2018-09-27,9.32,9.11,9.32,9.05,6067,5549787.00,2.91,-1.73,-0.16,0.73
2018-09-28,9.12,9.14,9.22,9.07,4896,4470456.00,1.65,0.33,0.03,0.59
2018-10-08,9.10,8.96,9.20,8.86,6440,5785470.00,3.72,-1.97,-0.18,0.77
2018-10-09,8.96,8.99,9.15,8.91,3860,3471191.00,2.68,0.33,0.03,0.46
2018-10-10,8.95,9.04,9.09,8.95,5695,5148453.00,1.56,0.56,0.05,0.68
2018-10-11,8.86,8.32,8.87,8.19,11796,10115694.00,7.52,-7.96,-0.72,1.41
2018-10-12,8.32,8.19,8.49,7.91,9881,8034998.00,6.97,-1.56,-0.13,1.18
2018-10-15,8.29,8.26,8.42,8.17,4501,3715671.00,3.05,0.85,0.07,0.54
2018-10-16,8.26,8.11,8.40,8.02,5066,4162041.00,4.60,-1.82,-0.15,0.61
2018-10-17,8.20,8.18,8.27,8.03,5353,4354134.00,2.96,0.86,0.07,0.64
2018-10-18,8.18,8.06,8.18,8.02,4816,3894851.00,1.96,-1.47,-0.12,0.58
2018-10-19,7.98,8.20,8.23,7.94,6947,5653434.00,3.60,1.74,0.14,0.83
2018-10-22,8.28,8.48,8.58,8.20,14409,12193269.00,4.63,3.41,0.28,1.73
2018-10-23,8.42,8.40,8.68,8.39,12042,10210652.00,3.42,-0.94,-0.08,1.44
2018-10-24,8.42,8.39,8.51,8.30,8910,7476373.00,2.50,-0.12,-0.01,1.07
2018-10-25,8.21,8.30,8.45,8.08,9033,7424293.00,4.41,-1.07,-0.09,1.08
2018-10-26,8.35,8.40,8.55,8.26,9929,8352470.00,3.49,1.20,0.10,1.19
2018-10-29,8.33,8.35,8.42,8.25,3993,3331132.00,2.02,-0.60,-0.05,0.48
2018-10-30,8.30,8.46,8.56,8.30,11037,9293967.00,3.11,1.32,0.11,1.32
2018-10-31,8.45,8.62,8.65,8.40,14568,12433584.00,2.96,1.89,0.16,1.75
2018-11-01,8.69,8.60,8.82,8.52,15341,13222343.00,3.48,-0.23,-0.02,1.84
2018-11-02,8.62,8.76,8.77,8.61,17895,15515189.00,1.86,1.86,0.16,2.15
2018-11-05,8.72,8.74,8.95,8.60,12416,10837203.00,4.00,-0.23,-0.02,1.49
2018-11-06,8.74,8.66,8.74,8.53,8073,6955629.00,2.40,-0.92,-0.08,0.97
2018-11-07,8.68,8.64,8.74,8.59,9760,8466639.00,1.73,-0.23,-0.02,1.17
2018-11-08,8.68,8.75,8.90,8.62,29837,26199255.00,3.24,1.27,0.11,3.58
2018-11-09,8.78,8.83,8.83,8.71,16891,14848362.00,1.37,0.91,0.08,2.03
2018-11-12,8.80,9.15,9.29,8.80,45075,41188627.00,5.55,3.62,0.32,5.40
2018-11-13,9.01,9.77,9.89,8.98,61445,58302516.00,9.95,6.78,0.62,7.37
2018-11-14,9.69,9.40,10.00,9.37,90579,87811591.00,6.45,-3.79,-0.37,10.86
2018-11-15,9.32,9.31,9.32,9.16,36892,34091649.00,1.70,-0.96,-0.09,4.42
2018-11-16,9.28,9.33,9.35,9.18,24294,22563862.00,1.83,0.21,0.02,2.91
2018-11-19,9.33,9.34,9.38,9.21,13590,12629582.00,1.82,0.11,0.01,1.63
2018-11-20,9.35,9.02,9.35,9.00,14774,13557873.00,3.75,-3.43,-0.32,1.77
2018-11-21,9.00,9.12,9.16,8.95,12279,11114563.00,2.33,1.11,0.10,1.47
2018-11-22,9.12,9.12,9.18,9.07,8452,7711020.00,1.21,0.00,0.00,1.01
2018-11-23,9.13,8.67,9.13,8.60,15100,13332762.00,5.81,-4.93,-0.45,1.81
2018-11-26,8.70,8.66,8.80,8.51,7373,6386674.00,3.34,-0.12,-0.01,0.88
2018-11-27,8.69,8.75,8.77,8.64,7140,6224442.00,1.50,1.04,0.09,0.86
2018-11-28,8.75,8.86,8.87,8.63,7979,7009007.00,2.74,1.26,0.11,0.96
2018-11-29,8.89,8.62,9.02,8.58,7474,6596470.00,4.97,-2.71,-0.24,0.90
2018-11-30,8.66,8.68,8.79,8.53,5795,4991751.00,3.02,0.70,0.06,0.69
2018-12-03,8.82,8.95,8.98,8.82,12083,10773137.00,1.84,3.11,0.27,1.45
2018-12-04,8.95,9.07,9.08,8.90,10281,9265947.00,2.01,1.34,0.12,1.23
2018-12-05,8.94,8.96,9.02,8.83,7964,7105861.00,2.09,-1.21,-0.11,0.95
2018-12-06,8.95,8.79,8.99,8.78,7034,6231901.00,2.34,-1.90,-0.17,0.84
2018-12-07,8.80,8.82,8.90,8.78,4861,4292283.00,1.37,0.34,0.03,0.58
2018-12-10,8.78,8.71,8.79,8.68,4550,3977030.00,1.25,-1.25,-0.11,0.55
2018-12-11,8.73,8.77,8.84,8.71,4891,4284890.00,1.49,0.69,0.06,0.59
2018-12-12,8.77,8.98,9.04,8.77,15263,13594077.00,3.08,2.39,0.21,1.83
2018-12-13,9.00,9.12,9.16,8.91,22119,20057486.00,2.78,1.56,0.14,2.65
2018-12-14,9.27,8.74,9.27,8.71,27039,24245476.00,6.14,-4.17,-0.38,3.24
2018-12-17,8.61,8.57,8.76,8.52,12180,10449575.00,2.75,-1.95,-0.17,1.46
2018-12-18,8.54,8.54,8.59,8.46,5676,4842600.00,1.52,-0.35,-0.03,0.68
2018-12-19,8.68,8.54,8.77,8.52,8502,7376585.00,2.93,0.00,0.00,1.02
2018-12-20,8.45,8.52,8.55,8.33,8208,6927468.00,2.58,-0.23,-0.02,0.98
2018-12-21,8.47,8.48,8.57,8.44,4482,3810896.00,1.53,-0.47,-0.04,0.54
2018-12-24,8.53,8.72,8.73,8.53,8863,7669306.00,2.36,2.83,0.24,1.06
2018-12-25,8.67,8.85,8.95,8.39,11795,10205823.00,6.42,1.49,0.13,1.41
2018-12-26,8.76,8.82,8.89,8.75,9067,7998026.00,1.58,-0.34,-0.03,1.09
2018-12-27,8.88,8.52,8.95,8.52,8209,7209016.00,4.88,-3.40,-0.30,0.98
2018-12-28,8.55,8.56,8.66,8.47,6639,5677284.00,2.23,0.47,0.04,0.80
2019-01-02,8.56,8.83,9.02,8.50,10993,9637813.00,6.07,3.15,0.27,1.32
2019-01-03,8.86,8.84,8.94,8.72,13155,11598620.00,2.49,0.11,0.01,1.58
2019-01-04,8.88,9.14,9.16,8.76,29267,26474893.00,4.52,3.39,0.30,3.51
2019-01-07,9.14,9.15,9.20,8.97,24269,22032539.00,2.52,0.11,0.01,2.91
2019-01-08,9.07,8.91,9.11,8.88,15966,14347789.00,2.51,-2.62,-0.24,1.91
2019-01-09,8.94,8.96,9.12,8.90,15188,13706755.00,2.47,0.56,0.05,1.82
2019-01-10,8.96,9.00,9.07,8.88,11569,10415209.00,2.12,0.45,0.04,1.39
2019-01-11,9.05,9.05,9.14,8.97,11648,10537520.00,1.89,0.56,0.05,1.40
2019-01-14,9.00,9.16,9.23,9.00,23026,21062661.00,2.54,1.22,0.11,2.76
2019-01-15,9.15,9.14,9.17,9.01,19087,17362363.00,1.75,-0.22,-0.02,2.29
2019-01-16,9.13,9.01,9.17,9.00,16921,15350972.00,1.86,-1.42,-0.13,2.03
2019-01-17,9.03,8.80,9.03,8.75,13526,12002731.00,3.11,-2.33,-0.21,1.62
2019-01-18,8.78,8.74,8.84,8.69,10792,9439167.00,1.70,-0.68,-0.06,1.29
2019-01-21,8.71,8.76,8.83,8.70,11179,9785781.00,1.49,0.23,0.02,1.34
2019-01-22,8.76,8.76,9.01,8.64,15104,13240845.00,4.22,0.00,0.00,1.81
2019-01-23,8.74,8.74,8.87,8.68,7970,6959895.00,2.17,-0.23,-0.02,0.96
2019-01-24,8.73,8.71,8.84,8.62,14800,12946700.00,2.52,-0.34,-0.03,1.77
2019-01-25,8.71,8.68,8.79,8.66,6930,6056014.00,1.49,-0.34,-0.03,0.83
2019-01-28,8.75,8.74,8.79,8.66,7316,6383788.00,1.50,0.69,0.06,0.88
2019-01-29,8.72,8.40,8.75,8.01,14162,11921170.00,8.47,-3.89,-0.34,1.70
2019-01-30,8.42,8.28,8.50,8.13,8665,7201507.00,4.40,-1.43,-0.12,1.04
2019-01-31,8.27,8.03,8.36,7.98,10262,8353271.00,4.59,-3.02,-0.25,1.23
2019-02-01,8.14,8.32,8.32,8.07,10806,8864631.00,3.11,3.61,0.29,1.30
2019-02-11,8.35,8.48,8.55,8.29,9467,7968570.00,3.13,1.92,0.16,1.14
2019-02-12,8.48,8.57,8.62,8.41,8303,7080929.00,2.48,1.06,0.09,1.00
2019-02-13,8.60,8.75,8.75,8.34,16156,13991149.00,4.78,2.10,0.18,1.94
2019-02-14,8.71,8.81,9.06,8.69,17492,15436955.00,4.23,0.69,0.06,2.10
2019-02-15,8.80,8.77,8.87,8.60,13154,11571213.00,3.06,-0.45,-0.04,1.58
2019-02-18,8.90,9.27,9.27,8.82,39870,36132521.00,5.13,5.70,0.50,4.78
2019-02-19,9.50,9.14,9.54,9.06,42461,39436207.00,5.18,-1.40,-0.13,5.09
2019-02-20,9.00,9.04,9.09,8.95,25393,22921679.00,1.53,-1.09,-0.10,3.04
2019-02-21,9.06,8.99,9.19,8.98,20074,18215379.00,2.32,-0.55,-0.05,2.41
2019-02-22,8.97,9.20,9.21,8.94,21129,19209851.00,3.00,2.34,0.21,2.53
2019-02-25,10.00,9.59,10.00,9.28,44224,42164819.00,7.83,4.24,0.39,5.30
2019-02-26,9.45,9.51,9.72,9.42,37364,35739297.00,3.13,-0.83,-0.08,4.48
2019-02-27,9.46,9.36,9.59,9.33,24817,23483741.00,2.73,-1.58,-0.15,2.98
2019-02-28,9.38,9.44,9.55,9.35,12196,11488772.00,2.14,0.85,0.08,1.46
2019-03-01,9.49,9.43,9.52,9.28,17114,16047170.00,2.54,-0.11,-0.01,2.05
2019-03-04,9.51,9.50,9.68,9.41,28586,27299201.00,2.86,0.74,0.07,3.43
2019-03-05,9.48,9.68,9.70,9.45,25403,24336751.00,2.63,1.89,0.18,3.05
2019-03-06,9.69,10.00,10.00,9.69,42267,41756643.00,3.20,3.31,0.32,5.07
2019-03-07,9.93,10.18,10.32,9.90,48052,48525651.00,4.20,1.80,0.18,5.76
2019-03-08,10.05,9.58,10.28,9.54,41198,40970008.00,7.27,-5.89,-0.60,4.94
2019-03-11,9.69,10.10,10.19,9.69,31431,31293205.00,5.22,5.43,0.52,3.77
2019-03-12,10.22,10.25,10.44,10.10,41149,42335161.00,3.37,1.49,0.15,4.93
2019-03-13,10.27,10.13,10.45,10.09,31919,32717603.00,3.51,-1.17,-0.12,3.83
2019-03-14,10.10,9.80,10.16,9.61,25600,25206516.00,5.43,-3.26,-0.33,3.07
2019-03-15,9.80,9.93,10.01,9.75,18797,18591239.00,2.65,1.33,0.13,2.25
2019-03-18,9.93,10.16,10.16,9.85,18257,18279751.00,3.12,2.32,0.23,2.19
2019-03-19,10.16,10.21,10.27,10.04,19214,19524213.00,2.26,0.49,0.05,2.30
2019-03-20,10.23,10.54,10.60,10.00,39360,40528279.00,5.88,3.23,0.33,4.72
2019-03-21,10.44,11.52,11.54,10.40,100983,111954816.00,10.82,9.30,0.98,12.11
2019-03-22,11.26,12.20,12.60,10.88,171193,204759578.00,14.93,5.90,0.68,20.53
2019-03-25,11.48,11.04,11.89,11.00,84855,97234112.00,7.30,-9.51,-1.16,10.17
2019-03-26,11.10,10.69,11.19,10.60,50896,55056225.00,5.34,-3.17,-0.35,6.10
2019-03-27,10.80,10.61,10.82,10.27,36037,37931647.00,5.14,-0.75,-0.08,4.32
2019-03-28,10.50,10.42,10.74,10.40,26943,28420041.00,3.20,-1.79,-0.19,3.23
2019-03-29,10.46,10.66,10.70,10.36,30253,31965943.00,3.26,2.30,0.24,3.63
2019-04-01,10.68,10.95,11.05,10.68,37170,40550394.00,3.47,2.72,0.29,4.46
2019-04-02,11.01,11.15,11.25,10.91,39476,43795231.00,3.11,1.83,0.20,4.73
2019-04-03,11.13,11.21,11.28,10.98,35725,39711487.00,2.69,0.54,0.06,4.28
2019-04-04,11.16,11.04,11.25,11.03,27791,30908618.00,1.96,-1.52,-0.17,3.33
2019-04-08,11.07,11.15,11.18,10.83,27345,30193661.00,3.17,1.00,0.11,3.28
2019-04-09,11.10,11.40,11.50,10.99,41099,46390773.00,4.57,2.24,0.25,4.93
2019-04-10,11.41,11.74,11.74,11.29,53457,61591451.00,3.95,2.98,0.34,6.41
2019-04-11,11.71,11.58,12.16,11.53,55801,65881381.00,5.37,-1.36,-0.16,6.69
2019-04-12,11.61,11.57,11.76,11.27,33933,39007688.00,4.23,-0.09,-0.01,4.07
2019-04-15,11.76,12.73,12.73,11.66,109424,135695789.00,9.25,10.03,1.16,13.12
2019-04-16,13.00,12.75,13.11,12.52,202808,260013084.00,4.63,0.16,0.02,24.32
2019-04-17,12.44,12.22,12.50,12.00,140654,171756753.00,3.92,-4.16,-0.53,16.87
2019-04-18,12.02,12.03,12.40,11.91,99900,121752893.00,4.01,-1.55,-0.19,11.98
2019-04-19,12.03,12.11,12.27,11.70,66869,80461396.00,4.74,0.67,0.08,8.02
2019-04-22,12.30,11.99,12.49,11.89,77682,94418511.00,4.95,-0.99,-0.12,9.31
2019-04-23,12.05,11.04,12.05,10.95,68709,77863274.00,9.17,-7.92,-0.95,8.24
2019-04-24,11.02,10.90,11.17,10.64,37848,41191065.00,4.80,-1.27,-0.14,4.54
2019-04-25,10.90,10.35,11.04,10.30,35428,37790277.00,6.79,-5.05,-0.55,4.25
2019-04-26,10.43,10.46,10.58,10.21,22332,23273615.00,3.57,1.06,0.11,2.68
2019-04-29,10.48,9.96,10.58,9.90,25948,26282122.00,6.50,-4.78,-0.50,3.11
2019-04-30,9.88,10.15,10.16,9.88,12726,12822908.00,2.81,1.91,0.19,1.53
2019-05-06,9.99,9.14,9.99,9.14,27271,25870276.00,8.37,-9.95,-1.01,3.27
2019-05-07,9.24,9.33,9.46,9.10,15245,14128334.00,3.94,2.08,0.19,1.83
2019-05-08,9.20,9.34,9.47,9.03,15486,14479175.00,4.72,0.11,0.01,1.86
2019-05-09,9.22,9.34,9.43,9.20,10009,9354000.00,2.46,0.00,0.00,1.20
2019-05-10,9.43,9.68,9.72,9.36,24136,23105868.00,3.85,3.64,0.34,2.89
2019-05-13,9.59,9.66,9.70,9.50,12538,12093532.00,2.07,-0.21,-0.02,1.50
2019-05-14,9.47,9.59,9.68,9.47,12640,12131116.00,2.17,-0.72,-0.07,1.52
2019-05-15,9.78,9.79,9.82,9.65,15519,15089863.00,1.77,2.09,0.20,1.86
2019-05-16,9.80,9.83,10.06,9.76,19863,19690443.00,3.06,0.41,0.04,2.38
2019-05-17,10.81,10.81,10.81,10.81,30026,32458214.00,0.00,9.97,0.98,3.60
2019-05-20,11.89,11.89,11.89,11.70,130577,155199190.00,1.76,9.99,1.08,15.66
2019-05-21,11.91,11.75,12.48,11.18,237362,279845088.00,10.93,-1.18,-0.14,28.46
2019-05-22,11.53,11.74,12.13,11.22,170943,199729243.00,7.74,-0.09,-0.01,20.50
2019-05-23,11.44,10.57,11.60,10.57,115486,126893134.00,8.77,-9.97,-1.17,13.85
2019-05-24,9.86,9.51,10.15,9.51,103794,101657698.00,6.05,-10.03,-1.06,12.45
2019-05-27,9.56,9.93,9.97,9.43,64592,62994223.00,5.68,4.42,0.42,7.74
2019-05-28,9.93,9.88,10.10,9.81,57468,57025917.00,2.92,-0.50,-0.05,6.89
2019-05-29,9.83,10.25,10.30,9.81,63868,64174754.00,4.96,3.74,0.37,7.66
2019-05-30,10.20,10.13,10.20,9.79,58679,58596151.00,4.00,-1.17,-0.12,7.04
2019-05-31,10.02,10.03,10.32,9.98,42163,42741824.00,3.36,-0.99,-0.10,5.06
2019-06-03,9.98,9.86,10.12,9.69,39282,38831995.00,4.29,-1.69,-0.17,4.71
2019-06-04,9.82,9.61,9.96,9.51,30842,30121688.00,4.56,-2.54,-0.25,3.70
2019-06-05,9.73,10.26,10.50,9.68,82396,83541833.00,8.53,6.76,0.65,9.88
2019-06-06,10.23,9.95,10.23,9.88,42718,42703505.00,3.41,-3.02,-0.31,5.12
2019-06-10,10.03,10.45,10.49,9.88,51043,52287622.00,6.13,5.03,0.50,6.12
2019-06-11,10.49,10.62,10.65,10.25,64543,67738289.00,3.83,1.63,0.17,7.74
2019-06-12,10.58,10.42,10.68,10.39,39108,41060876.00,2.73,-1.88,-0.20,4.69
2019-06-13,10.42,10.43,10.49,10.27,31539,32697450.00,2.11,0.10,0.01,3.78
2019-06-14,10.40,9.99,10.40,9.92,32828,33246232.00,4.60,-4.22,-0.44,3.94
2019-06-17,9.90,10.01,10.08,9.83,14008,13991895.00,2.50,0.20,0.02,1.68
2019-06-18,10.00,10.02,10.22,9.97,17914,18119249.00,2.50,0.10,0.01,2.15
2019-06-19,10.24,10.13,10.32,10.10,31439,32156044.00,2.20,1.10,0.11,3.77
2019-06-20,10.12,10.23,10.28,10.04,30863,31425021.00,2.37,0.99,0.10,3.70
2019-06-21,10.17,10.32,10.45,10.17,41691,43041800.00,2.74,0.88,0.09,5.00
2019-06-24,10.26,10.22,10.42,10.13,27474,28284171.00,2.81,-0.97,-0.10,3.29
2019-06-25,10.33,10.16,10.35,9.98,19786,20012455.00,3.62,-0.59,-0.06,2.37
2019-06-26,10.08,10.05,10.20,10.04,16371,16559080.00,1.57,-1.08,-0.11,1.96
2019-06-27,10.09,10.26,10.50,10.01,31609,32373961.00,4.88,2.09,0.21,3.79
2019-06-28,10.26,10.02,10.37,9.88,24193,24199795.00,4.78,-2.34,-0.24,2.90
2019-07-01,10.29,10.58,10.59,10.17,52197,54336830.00,4.19,5.59,0.56,6.26
2019-07-02,10.43,10.34,10.53,10.24,37699,39157839.00,2.74,-2.27,-0.24,4.52
2019-07-03,10.31,10.12,10.31,10.07,20805,21128995.00,2.32,-2.13,-0.22,2.49
2019-07-04,10.13,10.13,10.20,10.03,15156,15322570.00,1.68,0.10,0.01,1.82
2019-07-05,10.13,10.16,10.19,10.06,12855,13011886.00,1.28,0.30,0.03,1.54
2019-07-08,10.09,9.60,10.09,9.59,24354,23802045.00,4.92,-5.51,-0.56,2.92
2019-07-09,9.59,9.69,9.76,9.58,9750,9415087.00,1.88,0.94,0.09,1.17
2019-07-10,9.80,9.66,9.80,9.60,7936,7707878.00,2.06,-0.31,-0.03,0.95
2019-07-11,9.66,9.71,9.78,9.62,8181,7932100.00,1.66,0.52,0.05,0.98
2019-07-12,9.71,9.77,9.80,9.62,10720,10450678.00,1.85,0.62,0.06,1.29
2019-07-15,9.78,9.87,9.94,9.61,12149,11917004.00,3.38,1.02,0.10,1.46
2019-07-16,9.86,9.98,9.99,9.76,12283,12161981.00,2.33,1.11,0.11,1.47
2019-07-17,9.94,9.92,10.07,9.88,12722,12689603.00,1.90,-0.60,-0.06,1.53
2019-07-18,9.89,9.85,10.00,9.60,16667,16378726.00,4.03,-0.71,-0.07,2.00
2019-07-19,9.93,9.75,9.97,9.74,9281,9141036.00,2.34,-1.02,-0.10,1.11
2019-07-22,9.72,9.42,9.83,9.42,12090,11480734.00,4.21,-3.38,-0.33,1.45
2019-07-23,9.50,9.76,9.80,9.45,13031,12542105.00,3.72,3.61,0.34,1.56
2019-07-24,9.78,9.80,9.94,9.70,14535,14334907.00,2.46,0.41,0.04,1.74
2019-07-25,9.74,9.94,10.09,9.74,24693,24639854.00,3.57,1.43,0.14,2.96
2019-07-26,9.90,10.93,10.93,9.90,41232,44798099.00,10.36,9.96,0.99,4.94
2019-07-29,10.86,10.87,11.15,10.59,139996,152501038.00,5.12,-0.55,-0.06,16.79
2019-07-30,10.76,10.66,10.78,10.58,61492,65694685.00,1.84,-1.93,-0.21,7.37
2019-07-31,10.69,10.89,11.17,10.64,98251,107471256.00,4.97,2.16,0.23,11.78
2019-08-01,10.77,11.29,11.62,10.48,117162,129992454.00,10.47,3.67,0.40,14.05
2019-08-02,10.90,10.85,11.10,10.60,73577,79935081.00,4.43,-3.90,-0.44,8.82
2019-08-05,10.95,10.70,11.02,10.60,58036,62644295.00,3.87,-1.38,-0.15,6.96
2019-08-06,10.34,10.07,10.38,9.64,68809,68878228.00,6.92,-5.89,-0.63,8.25
2019-08-07,10.15,9.78,10.30,9.76,43922,43951807.00,5.36,-2.88,-0.29,5.27
2019-08-08,9.90,10.14,10.17,9.78,43027,43215779.00,3.99,3.68,0.36,5.16
2019-08-09,10.13,10.19,10.45,10.12,43597,44715164.00,3.25,0.49,0.05,5.23
2019-08-12,10.31,10.50,10.50,10.15,43530,45079583.00,3.43,3.04,0.31,5.22
2019-08-13,10.38,10.72,10.80,10.27,54883,58220268.00,5.05,2.10,0.22,6.58
2019-08-14,11.00,11.41,11.79,10.68,194740,223525632.00,10.35,6.44,0.69,23.35
2019-08-15,10.80,11.61,11.76,10.50,144748,159060725.00,11.04,1.75,0.20,17.36
2019-08-16,11.39,11.28,11.75,11.23,119247,137020775.00,4.48,-2.84,-0.33,14.30
2019-08-19,11.66,12.00,12.28,11.41,164040,195955241.00,7.71,6.38,0.72,19.67
2019-08-20,12.03,13.20,13.20,11.92,97590,125772456.00,10.67,10.00,1.20,11.70
2019-08-21,13.45,13.23,14.00,12.60,201596,267507373.00,10.61,0.23,0.03,24.17
2019-08-22,12.99,13.14,13.49,12.82,107757,141021377.00,5.06,-0.68,-0.09,12.92
2019-08-23,13.04,12.50,13.05,12.30,101915,128940649.00,5.71,-4.87,-0.64,12.22
2019-08-26,12.17,12.49,12.94,12.17,73458,92765056.00,6.16,-0.08,-0.01,8.81
2019-08-27,12.64,12.43,12.84,12.32,73150,91889526.00,4.16,-0.48,-0.06,8.77
2019-08-28,12.35,12.35,12.66,12.13,47530,58950735.00,4.26,-0.64,-0.08,5.70
2019-08-29,12.42,12.36,12.60,12.15,41119,50992183.00,3.64,0.08,0.01,4.93
2019-08-30,12.38,11.80,12.52,11.55,77134,92862703.00,7.85,-4.53,-0.56,9.25
2019-09-02,11.91,12.00,12.11,11.82,63389,76073046.00,2.46,1.69,0.20,7.60
2019-09-03,12.10,12.06,12.29,11.80,78579,94232866.00,4.08,0.50,0.06,9.42
2019-09-04,12.13,11.97,12.13,11.81,56334,67261891.00,2.65,-0.75,-0.09,6.75
2019-09-05,12.13,12.35,12.57,11.91,106159,130471287.00,5.51,3.17,0.38,12.73
2019-09-06,12.32,12.31,12.59,12.12,87386,107793604.00,3.81,-0.32,-0.04,10.48
2019-09-09,12.40,12.86,12.98,12.30,116462,147362930.00,5.52,4.47,0.55,13.96
2019-09-10,12.78,12.44,12.80,12.31,91751,114788631.00,3.81,-3.27,-0.42,11.00
2019-09-11,12.45,12.04,12.46,12.02,64189,78134010.00,3.54,-3.22,-0.40,7.70
2019-09-12,12.11,12.22,12.25,12.02,34904,42393562.00,1.91,1.50,0.18,4.19
2019-09-16,12.32,12.57,12.57,12.14,69234,85936123.00,3.52,2.86,0.35,8.30
2019-09-17,12.53,12.01,12.57,11.90,50304,61198597.00,5.33,-4.46,-0.56,6.03
2019-09-18,12.02,11.98,12.25,11.95,33388,40379596.00,2.50,-0.25,-0.03,4.00
2019-09-19,12.15,12.80,12.94,12.13,123594,156560654.00,6.76,6.84,0.82,14.82
2019-09-20,12.75,13.13,13.44,12.59,137457,179717300.00,6.64,2.58,0.33,16.48
2019-09-23,12.96,13.32,13.38,12.93,102279,134996502.00,3.43,1.45,0.19,12.26
2019-09-24,13.22,13.12,13.28,12.94,83467,109461949.00,2.55,-1.50,-0.20,10.01
2019-09-25,13.21,12.79,13.25,12.61,62704,80690753.00,4.88,-2.52,-0.33,7.52
2019-09-26,12.82,11.60,12.91,11.51,75622,91127303.00,10.95,-9.30,-1.19,9.07
2019-09-27,11.62,12.38,12.53,11.55,73626,89706460.00,8.45,6.72,0.78,8.83
2019-09-30,12.58,11.97,12.75,11.90,48046,58582727.00,6.87,-3.31,-0.41,5.76
2019-10-08,12.00,11.68,12.28,11.56,42476,50312887.00,6.02,-2.42,-0.29,5.09
2019-10-09,11.60,11.69,11.69,11.35,29598,34069696.00,2.91,0.09,0.01,3.55
2019-10-10,11.78,11.82,11.91,11.62,29689,35008580.00,2.48,1.11,0.13,3.56
2019-10-11,11.80,11.88,12.10,11.78,35015,41736729.00,2.71,0.51,0.06,4.20
2019-10-14,11.94,11.95,12.10,11.86,39446,47179457.00,2.02,0.59,0.07,4.73
2019-10-15,11.86,12.16,12.24,11.50,44997,53233779.00,6.19,1.76,0.21,5.40
2019-10-16,12.10,11.66,12.10,11.66,38955,46023978.00,3.62,-4.11,-0.50,4.67
2019-10-17,11.59,11.32,11.72,11.29,31445,36081140.00,3.69,-2.92,-0.34,3.77
2019-10-18,11.32,11.05,11.45,11.00,27465,30784350.00,3.98,-2.39,-0.27,3.29
2019-10-21,11.14,10.88,11.14,10.75,20457,22252617.00,3.53,-1.54,-0.17,2.45
2019-10-22,10.96,11.45,11.54,10.89,39825,45073721.00,5.97,5.24,0.57,4.78
2019-10-23,11.38,11.48,11.67,11.35,30449,35102724.00,2.79,0.26,0.03,3.65
2019-10-24,11.52,11.50,11.68,11.43,25799,29815792.00,2.18,0.17,0.02,3.09
2019-10-25,11.60,11.57,11.65,11.30,19141,22045550.00,3.04,0.61,0.07,2.30
2019-10-28,11.56,11.88,11.93,11.56,25660,30337900.00,3.20,2.68,0.31,3.08
2019-10-29,11.87,11.80,11.89,11.60,24867,29193231.00,2.44,-0.67,-0.08,2.98
2019-10-30,12.00,11.59,12.38,11.51,57675,68992764.00,7.37,-1.78,-0.21,6.92
2019-10-31,11.59,11.23,11.75,11.13,38346,43796877.00,5.35,-3.11,-0.36,4.60
2019-11-01,11.12,11.66,11.77,11.08,40247,46468084.00,6.14,3.83,0.43,4.83
2019-11-04,11.60,11.77,11.96,11.58,25841,30464010.00,3.26,0.94,0.11,3.10
2019-11-05,11.79,11.72,11.85,11.58,19597,22907738.00,2.29,-0.42,-0.05,2.35
2019-11-06,11.73,11.57,11.76,11.38,22593,26152767.00,3.24,-1.28,-0.15,2.71
2019-11-07,11.65,11.40,11.65,11.32,17912,20467362.00,2.85,-1.47,-0.17,2.15
2019-11-08,11.42,11.45,11.84,11.42,22119,25692743.00,3.68,0.44,0.05,2.65
2019-11-11,11.79,11.86,12.29,11.45,92310,110240840.00,7.34,3.58,0.41,11.07
2019-11-12,11.86,11.36,11.86,10.87,78077,87866652.00,8.35,-4.22,-0.50,9.36
2019-11-13,11.22,10.99,11.25,10.87,42376,46541265.00,3.35,-3.26,-0.37,5.08
2019-11-14,10.96,11.38,11.58,10.83,50618,56666496.00,6.82,3.55,0.39,6.07
2019-11-15,11.43,11.51,11.85,11.37,58939,68437615.00,4.22,1.14,0.13,7.07
2019-11-18,11.40,11.77,11.96,11.36,65248,76784984.00,5.21,2.26,0.26,7.82
2019-11-19,11.87,12.00,12.14,11.75,56449,67531700.00,3.31,1.95,0.23,6.77
2019-11-20,12.03,11.83,12.15,11.76,40808,48733580.00,3.25,-1.42,-0.17,4.89
2019-11-21,11.69,11.71,11.90,11.61,28430,33348230.00,2.45,-1.01,-0.12,3.41
2019-11-22,11.76,11.44,11.88,11.33,38669,44786745.00,4.70,-2.31,-0.27,4.64
2019-11-25,11.35,11.03,11.41,10.96,32297,35823763.00,3.93,-3.58,-0.41,3.87
2019-11-26,11.12,10.93,11.18,10.90,26028,28619390.00,2.54,-0.91,-0.10,3.12
2019-11-27,10.94,11.04,11.04,10.83,25602,28055768.00,1.92,1.01,0.11,3.07
2019-11-28,11.03,10.83,11.11,10.80,24784,27083716.00,2.81,-1.90,-0.21,2.97
2019-11-29,10.83,10.87,10.94,10.71,18879,20406055.00,2.12,0.37,0.04,2.26
2019-12-02,10.88,10.96,11.04,10.78,20283,22137882.00,2.39,0.83,0.09,2.43
2019-12-03,10.88,10.97,10.99,10.81,16675,18212828.00,1.64,0.09,0.01,2.00
2019-12-04,10.92,10.99,11.05,10.87,18167,19942469.00,1.64,0.18,0.02,2.18
2019-12-05,11.01,12.09,12.09,11.01,86238,100562175.00,9.83,10.01,1.10,10.34
2019-12-06,12.05,12.59,13.30,11.95,237643,301960016.00,11.17,4.14,0.50,28.49
2019-12-09,12.41,12.41,12.94,12.37,151824,190961478.00,4.53,-1.43,-0.18,18.20
2019-12-10,12.40,12.80,13.04,12.18,160216,203494386.00,6.93,3.14,0.39,19.21
2019-12-11,12.75,13.07,13.25,12.60,157938,205144756.00,5.08,2.11,0.27,18.94
2019-12-12,12.95,13.00,13.23,12.72,109530,141795242.00,3.90,-0.54,-0.07,13.13
2019-12-13,12.93,12.96,13.06,12.77,88901,114872548.00,2.23,-0.31,-0.04,10.66
2019-12-16,13.01,13.26,13.55,13.00,119208,157600457.00,4.24,2.31,0.30,14.29
2019-12-17,13.34,14.59,14.59,13.22,91756,129982136.00,10.33,10.03,1.33,11.00
2019-12-18,15.00,15.66,15.98,14.80,279959,434109904.00,8.09,7.33,1.07,33.57
2019-12-19,15.33,14.65,15.48,14.55,190662,283210784.00,5.94,-6.45,-1.01,22.86
2019-12-20,14.51,14.00,14.73,13.91,138442,197589495.00,5.60,-4.44,-0.65,16.60
2019-12-23,13.98,13.92,14.25,13.80,94173,132086246.00,3.21,-0.57,-0.08,11.29
2019-12-24,13.85,14.08,14.08,13.43,90852,124822760.00,4.67,1.15,0.16,10.89
2019-12-25,13.99,14.13,14.34,13.80,94057,132918170.00,3.84,0.36,0.05,11.28
2019-12-26,13.90,13.98,14.03,13.66,77639,107474069.00,2.62,-1.06,-0.15,9.31
2019-12-27,14.04,13.67,14.28,13.67,82549,115786210.00,4.36,-2.22,-0.31,9.90
2019-12-30,13.32,13.34,13.48,12.73,72232,94932922.00,5.49,-2.41,-0.33,8.66
2019-12-31,13.42,13.15,13.49,13.05,47344,62520820.00,3.30,-1.42,-0.19,5.68
2020-01-02,13.31,13.55,13.74,13.15,69865,94269225.00,4.49,3.04,0.40,8.38
2020-01-03,13.71,13.85,13.97,13.50,74278,102239716.00,3.47,2.21,0.30,8.91
2020-01-06,13.68,13.75,13.91,13.43,65256,89217975.00,3.47,-0.72,-0.10,7.82
2020-01-07,13.75,14.15,14.19,13.63,81997,114544540.00,4.07,2.91,0.40,9.83
2020-01-08,13.95,13.38,13.99,13.38,68741,94247636.00,4.31,-5.44,-0.77,8.24
2020-01-09,13.54,13.60,13.76,13.50,39084,53207625.00,1.94,1.64,0.22,4.69
2020-01-10,13.62,14.19,14.36,13.62,104961,147752919.00,5.44,4.34,0.59,12.59
2020-01-13,14.15,14.30,14.32,13.76,71300,99997805.00,3.95,0.78,0.11,8.55
2020-01-14,14.33,13.90,14.35,13.90,58687,82497439.00,3.15,-2.80,-0.40,7.04
2020-01-15,13.83,14.09,14.14,13.64,46344,64366145.00,3.60,1.37,0.19,5.56
2020-01-16,14.13,14.01,14.20,13.83,46177,64758640.00,2.63,-0.57,-0.08,5.54
2020-01-17,13.93,13.46,14.08,13.45,49686,68190546.00,4.50,-3.93,-0.55,5.96
2020-01-20,13.42,13.83,13.88,13.13,42336,57766623.00,5.57,2.75,0.37,5.08
2020-01-21,14.06,14.08,14.35,13.97,79396,112290867.00,2.75,1.81,0.25,9.52
2020-01-22,14.02,14.35,14.35,13.40,84501,118089810.00,6.75,1.92,0.27,10.13
2020-01-23,14.12,13.95,14.86,13.52,105987,152151012.00,9.34,-2.79,-0.40,12.71
2020-02-03,12.56,12.56,12.56,12.56,5677,7130312.00,0.00,-9.96,-1.39,0.68
2020-02-04,11.30,11.87,12.15,11.30,90315,106625991.00,6.77,-5.49,-0.69,10.83
2020-02-05,11.87,11.97,12.46,11.85,69789,84505323.00,5.14,0.84,0.10,8.37
2020-02-06,11.89,12.32,12.35,11.70,73662,88663833.00,5.43,2.92,0.35,8.83
2020-02-07,12.19,12.45,12.50,12.03,66289,81099072.00,3.81,1.06,0.13,7.95
2020-02-10,12.15,12.55,12.56,12.09,54650,67599415.00,3.78,0.80,0.10,6.55
2020-02-11,12.45,12.55,12.78,12.29,68223,85416511.00,3.90,0.00,0.00,8.18
2020-02-12,12.56,12.71,12.72,12.36,62440,78598841.00,2.87,1.27,0.16,7.49
2020-02-13,12.60,12.40,12.76,12.40,53421,66982018.00,2.83,-2.44,-0.31,6.41
2020-02-14,12.36,12.63,12.74,12.34,60084,75418948.00,3.23,1.85,0.23,7.20
2020-02-17,12.69,13.23,13.23,12.69,70405,91432146.00,4.28,4.75,0.60,8.44
2020-02-18,13.18,13.89,13.89,13.10,83862,114259017.00,5.97,4.99,0.66,10.06
2020-02-19,13.66,13.70,14.07,13.59,82706,114208011.00,3.46,-1.37,-0.19,9.92
2020-02-20,13.87,14.75,14.80,13.68,141658,203761701.00,8.18,7.66,1.05,16.99
2020-02-21,14.60,14.60,15.16,14.35,121643,178592961.00,5.49,-1.02,-0.15,14.59
2020-02-24,14.43,15.09,15.38,14.43,117106,174474043.00,6.51,3.36,0.49,14.04
2020-02-25,14.69,15.38,15.38,13.87,126936,186829722.00,10.01,1.92,0.29,15.22
2020-02-26,15.13,14.30,15.39,14.17,100813,148789381.00,7.93,-7.02,-1.08,12.09
2020-02-27,14.67,14.42,15.09,14.37,72815,107040217.00,5.03,0.84,0.12,8.73
2020-02-28,13.76,13.40,14.16,13.39,69191,95448973.00,5.34,-7.07,-1.02,8.30
2020-03-02,13.61,14.12,14.16,13.61,51625,71931149.00,4.10,5.37,0.72,6.19
2020-03-03,14.33,13.94,14.58,13.90,68239,97366420.00,4.82,-1.27,-0.18,8.18
2020-03-04,13.90,13.93,14.21,13.57,45250,62746512.00,4.59,-0.07,-0.01,5.43
2020-03-05,14.18,13.99,14.24,13.83,39872,55794541.00,2.94,0.43,0.06,4.78
2020-03-06,13.90,13.72,13.90,13.58,40867,56095442.00,2.29,-1.93,-0.27,4.90
2020-03-09,13.63,12.76,13.63,12.59,63086,82700891.00,7.58,-7.00,-0.96,7.56
2020-03-10,12.44,13.20,13.24,12.44,48149,62325469.00,6.27,3.45,0.44,5.77
2020-03-11,13.37,12.90,13.46,12.80,49316,64853030.00,5.00,-2.27,-0.30,5.91
2020-03-12,12.58,12.72,12.92,12.58,30713,39067763.00,2.64,-1.40,-0.18,3.68
2020-03-13,12.25,12.59,12.75,11.85,35343,43616074.00,7.08,-1.02,-0.13,4.24
2020-03-16,12.80,12.07,12.97,12.06,38257,47588774.00,7.23,-4.13,-0.52,4.59
2020-03-17,12.15,12.00,12.43,11.54,28388,33863905.00,7.37,-0.58,-0.07,3.40
2020-03-18,12.18,11.98,12.47,11.98,36820,44910232.00,4.08,-0.17,-0.02,4.41
2020-03-19,11.93,12.17,12.29,11.80,30635,36959410.00,4.09,1.59,0.19,3.67
2020-03-20,12.36,12.30,12.36,12.07,28647,35012761.00,2.38,1.07,0.13,3.43
2020-03-23,11.91,11.76,12.15,11.72,20699,24694493.00,3.50,-4.39,-0.54,2.48
2020-03-24,11.99,12.12,12.14,11.71,25778,30892904.00,3.66,3.06,0.36,3.09
2020-03-25,12.60,12.45,12.60,12.35,38983,48420302.00,2.06,2.72,0.33,3.22
2020-03-26,12.25,12.16,12.48,12.13,26957,33112064.00,2.81,-2.33,-0.29,2.23
2020-03-27,12.37,12.00,12.38,11.99,17323,21094097.00,3.21,-1.32,-0.16,1.43
2020-03-30,11.95,11.47,11.95,11.25,27735,31851813.00,5.83,-4.42,-0.53,2.29
2020-03-31,11.52,11.14,11.65,11.00,31212,35239030.00,5.67,-2.88,-0.33,2.58
2020-04-01,11.24,11.23,11.50,11.02,24595,27901300.00,4.31,0.81,0.09,2.03
2020-04-02,11.33,11.58,11.60,11.13,21402,24479136.00,4.19,3.12,0.35,1.77
2020-04-03,11.58,11.41,11.68,11.34,17603,20231257.00,2.94,-1.47,-0.17,1.45
2020-04-07,11.60,11.73,11.84,11.60,23716,27816296.00,2.10,2.80,0.32,1.96
2020-04-08,11.68,11.81,11.92,11.65,28667,33846532.00,2.30,0.68,0.08,2.37
2020-04-09,11.81,11.95,12.02,11.80,25309,30204533.00,1.86,1.19,0.14,2.09
2020-04-10,11.95,11.50,11.97,11.47,21408,24916696.00,4.18,-3.77,-0.45,1.77
2020-04-13,11.51,11.55,11.79,11.21,21565,24921329.00,5.04,0.43,0.05,1.78
2020-04-14,11.55,11.88,11.94,11.55,22005,25963983.00,3.38,2.86,0.33,1.82
2020-04-15,11.72,11.55,11.85,11.54,21746,25446384.00,2.61,-2.78,-0.33,1.80
2020-04-16,11.66,11.41,11.66,11.29,21457,24443780.00,3.20,-1.21,-0.14,1.77
2020-04-17,11.45,11.25,11.59,11.23,20780,23701824.00,3.16,-1.40,-0.16,1.72
2020-04-20,11.28,11.24,11.37,11.12,19443,21816562.00,2.22,-0.09,-0.01,1.61
2020-04-21,11.20,11.11,11.22,11.00,19550,21654903.00,1.96,-1.16,-0.13,1.61
2020-04-22,11.00,11.21,11.23,10.88,16752,18612782.00,3.15,0.90,0.10,1.38
2020-04-23,11.32,10.94,11.32,10.92,21122,23357426.00,3.57,-2.41,-0.27,1.74
2020-04-24,10.98,10.66,11.05,10.62,23142,24925386.00,3.93,-2.56,-0.28,1.91
2020-04-27,10.73,10.44,10.73,10.38,14965,15769278.00,3.28,-2.06,-0.22,1.24
2020-04-28,10.45,10.10,10.55,9.40,23462,23606429.00,11.02,-3.26,-0.34,1.94
2020-04-29,10.25,10.11,10.29,9.94,16551,16801243.00,3.47,0.10,0.01,1.37
2020-04-30,10.15,10.40,10.46,10.14,21877,22574396.00,3.17,2.87,0.29,1.81
2020-05-06,10.42,10.53,10.72,10.28,23687,24929960.00,4.23,1.25,0.13,1.96
2020-05-07,10.61,10.54,10.84,10.48,21297,22659055.00,3.42,0.09,0.01,1.76
2020-05-08,10.60,10.69,10.74,10.52,18375,19600872.00,2.09,1.42,0.15,1.52
2020-05-11,10.61,10.56,10.81,10.45,16208,17242525.00,3.37,-1.22,-0.13,1.34
2020-05-12,10.56,10.44,10.56,10.15,17808,18442746.00,3.88,-1.14,-0.12,1.47
2020-05-13,10.44,10.42,10.63,10.34,11663,12166865.00,2.78,-0.19,-0.02,0.96
2020-05-14,10.41,10.20,10.41,10.14,19495,19954518.00,2.59,-2.11,-0.22,0.81
2020-05-15,10.31,10.10,10.38,10.08,16241,16587045.00,2.94,-0.98,-0.10,0.67
2020-05-18,10.10,9.88,10.19,9.85,19977,19878982.00,3.37,-2.18,-0.22,0.82
2020-05-19,9.95,9.99,10.05,9.89,12819,12779864.00,1.62,1.11,0.11,0.53
2020-05-20,9.99,9.96,10.00,9.78,12155,12039405.00,2.20,-0.30,-0.03,0.50
2020-05-21,9.99,9.78,10.03,9.74,14383,14193192.00,2.91,-1.81,-0.18,0.59
2020-05-22,9.78,9.56,9.81,9.53,14019,13506901.00,2.86,-2.25,-0.22,0.58
2020-05-25,9.59,9.45,9.64,9.41,13093,12422133.00,2.41,-1.15,-0.11,0.54
2020-05-26,9.54,9.97,10.05,9.48,28273,27815045.00,6.03,5.50,0.52,1.16
2020-05-27,10.05,9.93,10.05,9.78,21981,21852280.00,2.71,-0.40,-0.04,0.90
2020-05-28,9.92,9.80,9.95,9.56,15976,15600289.00,3.93,-1.31,-0.13,0.66
2020-05-29,9.76,9.64,9.88,9.63,14876,14494622.00,2.55,-1.63,-0.16,0.61
2020-06-01,9.73,10.17,10.18,9.65,31044,31138311.00,5.50,5.50,0.53,1.28
2020-06-02,10.25,10.43,10.50,10.17,31518,32651822.00,3.24,2.56,0.26,1.30
2020-06-03,10.43,10.27,10.52,10.26,22931,23760032.00,2.49,-1.53,-0.16,0.94
2020-06-04,10.29,10.28,10.42,10.21,14290,14683316.00,2.04,0.10,0.01,0.59
2020-06-05,10.29,10.28,10.35,10.12,22066,22556183.00,2.24,0.00,0.00,0.91
2020-06-08,10.28,10.42,10.49,10.21,25903,26866865.00,2.72,1.36,0.14,1.06
2020-06-09,10.35,10.40,10.44,10.00,22906,23647165.00,4.22,-0.19,-0.02,0.94
2020-06-10,10.35,10.37,10.46,10.18,18654,19251492.00,2.69,-0.29,-0.03,0.77
2020-06-11,10.42,10.35,10.42,10.21,23552,24325806.00,2.03,-0.19,-0.02,0.97
2020-06-12,10.21,10.22,10.31,10.13,17709,18067248.00,1.74,-1.26,-0.13,0.73
2020-06-15,10.21,10.14,10.33,10.13,18125,18533089.00,1.96,-0.78,-0.08,0.75
2020-06-16,10.21,10.39,10.39,10.19,20767,21408223.00,1.97,2.47,0.25,0.85
2020-06-17,10.42,10.66,10.79,10.28,42773,45101277.00,4.91,2.60,0.27,1.76
2020-06-18,10.68,10.58,10.76,10.52,25138,26653000.00,2.25,-0.75,-0.08,1.03
2020-06-19,10.59,10.57,10.67,10.50,23200,24569223.00,1.61,-0.09,-0.01,0.95
2020-06-22,10.62,10.61,10.70,10.52,23599,25040635.00,1.70,0.38,0.04,0.97
2020-06-23,10.58,10.46,10.68,10.40,21584,22655394.00,2.64,-1.41,-0.15,0.89
2020-06-24,10.55,10.41,10.57,10.35,16622,17342530.00,2.10,-0.48,-0.05,0.68
2020-06-29,10.36,10.21,10.37,10.18,15388,15780374.00,1.83,-1.92,-0.20,0.63
2020-06-30,10.29,10.49,10.49,10.28,21240,22130280.00,2.06,2.74,0.28,0.87
2020-07-01,10.57,10.42,10.57,10.25,22836,23736268.00,3.05,-0.67,-0.07,0.94
2020-07-02,10.42,10.72,10.74,10.31,41156,43585817.00,4.13,2.88,0.30,1.69
2020-07-03,10.76,10.71,10.76,10.58,29620,31608144.00,1.68,-0.09,-0.01,1.22
2020-07-06,10.74,11.17,11.29,10.74,50442,55791999.00,5.14,4.30,0.46,2.07
2020-07-07,11.21,11.52,11.72,11.10,62372,71450160.00,5.55,3.13,0.35,2.56
2020-07-08,11.46,12.60,12.62,11.36,104196,125191707.00,10.94,9.38,1.08,4.28
2020-07-09,12.50,12.69,13.20,12.25,132822,169604876.00,7.54,0.71,0.09,5.46
2020-07-10,12.51,12.26,12.54,12.16,52323,64574856.00,2.99,-3.39,-0.43,2.15
2020-07-13,12.27,12.51,12.58,12.26,41906,52099774.00,2.61,2.04,0.25,1.72
2020-07-14,12.51,12.17,12.51,12.06,44666,54793402.00,3.60,-2.72,-0.34,1.84
2020-07-15,12.17,11.63,12.25,11.60,41103,48737888.00,5.34,-4.44,-0.54,1.69
2020-07-16,11.63,11.15,11.78,11.12,27987,32038550.00,5.67,-4.13,-0.48,1.15
2020-07-17,11.16,11.07,11.28,10.94,18323,20335920.00,3.05,-0.72,-0.08,0.75
2020-07-20,11.07,11.36,11.36,11.07,23348,26246671.00,2.62,2.62,0.29,0.96
2020-07-21,11.39,11.44,11.44,11.25,19508,22166943.00,1.67,0.70,0.08,0.80
2020-07-22,11.45,11.28,11.46,11.21,36368,41265454.00,2.19,-1.40,-0.16,1.50
2020-07-23,11.30,11.23,11.40,10.87,26151,29146822.00,4.70,-0.44,-0.05,1.08
2020-07-24,11.13,10.68,11.35,10.65,25759,28253277.00,6.23,-4.90,-0.55,1.06
2020-07-27,10.61,10.66,10.79,10.46,10565,11185608.00,3.09,-0.19,-0.02,0.43
2020-07-28,10.65,10.82,10.85,10.65,14204,15312627.00,1.88,1.50,0.16,0.58
2020-07-29,10.80,10.91,10.96,10.73,24148,26225709.00,2.13,0.83,0.09,0.99
2020-07-30,10.94,10.82,11.03,10.75,25260,27387646.00,2.57,-0.82,-0.09,1.04
2020-07-31,10.82,10.97,11.01,10.78,22610,24673819.00,2.13,1.39,0.15,0.93
2020-08-03,10.87,11.34,11.56,10.87,32931,37114878.00,6.29,3.37,0.37,1.35
2020-08-04,11.27,11.30,11.39,11.13,20939,23546574.00,2.29,-0.35,-0.04,0.86
2020-08-05,11.35,11.29,11.41,11.13,25056,28291703.00,2.48,-0.09,-0.01,1.03
2020-08-06,11.29,11.62,11.65,11.29,39314,45181971.00,3.19,2.92,0.33,1.62
2020-08-07,11.62,11.26,11.62,11.10,27067,30642908.00,4.48,-3.10,-0.36,1.11
2020-08-10,11.31,11.35,11.46,11.16,17039,19360470.00,2.66,0.80,0.09,0.70
2020-08-11,11.35,11.02,11.43,11.00,19577,21898243.00,3.79,-2.91,-0.33,0.80
2020-08-12,11.01,11.00,11.03,10.75,19119,20808351.00,2.54,-0.18,-0.02,0.79
2020-08-13,11.05,11.20,11.28,11.05,21738,24318489.00,2.09,1.82,0.20,0.89
2020-08-14,11.17,11.35,11.35,11.06,16491,18481207.00,2.59,1.34,0.15,0.68
2020-08-17,11.35,11.56,11.62,11.35,31499,36306119.00,2.38,1.85,0.21,1.29
2020-08-18,11.51,11.54,11.68,11.48,25706,29755825.00,1.73,-0.17,-0.02,1.06
2020-08-19,11.55,11.33,11.55,11.28,18767,21332487.00,2.34,-1.82,-0.21,0.77
2020-08-20,11.20,11.32,11.42,11.13,13815,15581263.00,2.56,-0.09,-0.01,0.57
2020-08-21,11.39,11.39,11.60,11.31,14830,16983809.00,2.56,0.62,0.07,0.61
2020-08-24,11.31,11.70,11.90,11.25,34624,40054655.00,5.71,2.72,0.31,1.42
2020-08-25,12.55,12.87,12.87,12.40,73537,93498158.00,4.02,10.00,1.17,3.02
2020-08-26,12.68,12.20,12.68,11.79,120525,146487811.00,6.92,-5.21,-0.67,4.95
2020-08-27,11.93,11.91,12.11,11.53,56925,67242888.00,4.75,-2.38,-0.29,2.34
2020-08-28,11.79,11.71,11.97,11.53,41325,48257849.00,3.69,-1.68,-0.20,1.70
2020-08-31,11.66,11.90,11.90,11.63,33544,39493185.00,2.31,1.62,0.19,1.38
2020-09-01,11.79,11.84,11.88,11.54,26348,30959068.00,2.86,-0.50,-0.06,1.08
2020-09-02,11.86,11.92,11.97,11.66,35478,41972474.00,2.62,0.68,0.08,1.46
2020-09-03,12.00,11.60,12.00,11.60,24929,29304326.00,3.36,-2.68,-0.32,1.02
2020-09-04,11.41,11.78,11.84,11.32,26966,31295856.00,4.48,1.55,0.18,1.11
2020-09-07,11.71,11.90,12.15,11.71,36047,43031685.00,3.74,1.02,0.12,1.48
2020-09-08,11.89,12.03,12.14,11.81,34276,41151555.00,2.77,1.09,0.13,1.41
2020-09-09,11.90,11.97,12.16,11.80,38144,45848809.00,2.99,-0.50,-0.06,1.57
2020-09-10,12.00,11.15,12.10,11.01,40124,46302823.00,9.11,-6.85,-0.82,1.65
2020-09-11,11.15,11.53,11.60,11.08,31606,35920657.00,4.66,3.41,0.38,1.30
2020-09-14,11.62,11.90,12.09,11.53,38267,45359327.00,4.86,3.21,0.37,1.57
2020-09-15,12.06,11.89,12.06,11.61,24712,29333111.00,3.78,-0.08,-0.01,1.02
2020-09-16,11.81,11.72,11.98,11.53,26515,31177483.00,3.78,-1.43,-0.17,1.09
2020-09-17,11.77,11.40,11.77,11.29,22194,25401961.00,4.10,-2.73,-0.32,0.91
2020-09-18,11.43,11.63,11.68,11.24,22598,25857372.00,3.86,2.02,0.23,0.93
2020-09-21,11.62,11.27,11.65,11.25,24476,27893776.00,3.44,-3.10,-0.36,1.01
2020-09-22,11.24,11.14,11.37,11.06,16916,18929697.00,2.75,-1.15,-0.13,0.70
2020-09-23,11.14,11.05,11.23,11.00,14858,16457865.00,2.06,-0.81,-0.09,0.61
2020-09-24,11.01,10.92,11.20,10.76,33454,36581999.00,3.98,-1.18,-0.13,1.38
2020-09-25,10.97,10.79,10.97,10.70,10567,11407503.00,2.47,-1.19,-0.13,0.43
2020-09-28,10.93,10.57,10.94,10.54,17710,18938652.00,3.71,-2.04,-0.22,0.73
2020-09-29,10.61,10.64,10.76,10.54,11036,11768804.00,2.08,0.66,0.07,0.45
2020-09-30,10.69,10.42,10.69,10.37,11421,11995667.00,3.01,-2.07,-0.22,0.47
2020-10-09,10.63,10.82,10.86,10.53,13391,14365940.00,3.17,3.84,0.40,0.55
2020-10-12,10.82,11.07,11.10,10.82,18380,20237426.00,2.59,2.31,0.25,0.76
2020-10-13,11.05,11.00,11.11,10.81,13809,15180249.00,2.71,-0.63,-0.07,0.57
2020-10-14,10.95,10.73,10.97,10.70,13018,14083366.00,2.45,-2.45,-0.27,0.54
2020-10-15,11.43,11.17,11.80,11.04,47419,53569733.00,7.08,4.10,0.44,1.95
2020-10-16,10.95,11.28,11.38,10.95,37761,42278064.00,3.85,0.98,0.11,1.55
2020-10-19,11.32,11.28,11.49,11.15,26439,30007920.00,3.01,0.00,0.00,1.09
2020-10-20,11.30,11.55,11.69,11.20,35357,40570642.00,4.34,2.39,0.27,1.45
2020-10-21,11.58,11.66,11.70,11.33,30099,34887099.00,3.20,0.95,0.11,1.24
2020-10-22,11.62,11.74,11.85,11.41,35307,41299358.00,3.77,0.69,0.08,1.45
2020-10-23,11.80,11.73,11.87,11.60,25277,29690696.00,2.30,-0.09,-0.01,1.04
2020-10-26,11.60,11.94,12.00,11.50,34998,41463125.00,4.26,1.79,0.21,1.44
2020-10-27,11.94,11.72,11.94,11.65,23727,27875986.00,2.43,-1.84,-0.22,0.98
2020-10-28,11.72,11.91,11.99,11.61,37600,44585631.00,3.24,1.62,0.19,1.55
2020-10-29,11.86,11.76,11.97,11.71,18542,21936019.00,2.18,-1.26,-0.15,0.76
2020-10-30,11.86,11.67,11.89,11.54,25362,29718952.00,2.98,-0.77,-0.09,1.04
2020-11-02,11.67,11.72,11.88,11.56,25858,30258479.00,2.74,0.43,0.05,1.06
2020-11-03,11.72,11.82,11.96,11.69,32146,38117863.00,2.30,0.85,0.10,1.32
2020-11-04,11.83,11.78,11.85,11.63,18888,22146101.00,1.86,-0.34,-0.04,0.78
2020-11-05,11.75,11.90,11.91,11.71,33622,39816802.00,1.70,1.02,0.12,1.38
2020-11-06,11.96,11.77,11.96,11.66,22091,26025893.00,2.52,-1.09,-0.13,0.91
2020-11-09,11.77,12.34,12.40,11.77,58917,72274949.00,5.35,4.84,0.57,2.42
2020-11-10,12.34,12.19,12.49,12.14,35455,43457900.00,2.84,-1.22,-0.15,1.46
2020-11-11,12.29,12.21,12.39,12.07,34282,41899876.00,2.63,0.16,0.02,1.41
2020-11-12,12.21,11.93,12.32,11.89,29006,34941385.00,3.52,-2.29,-0.28,1.19
2020-11-13,11.90,12.04,12.05,11.81,20445,24424327.00,2.01,0.92,0.11,0.84
2020-11-16,12.00,12.07,12.29,12.00,25437,30764201.00,2.41,0.25,0.03,1.05
2020-11-17,12.05,12.00,12.12,11.79,22495,26840098.00,2.73,-0.58,-0.07,0.92
2020-11-18,11.94,12.09,12.24,11.94,19419,23553071.00,2.50,0.75,0.09,0.80
2020-11-19,12.03,12.40,12.45,12.00,42761,52671609.00,3.72,2.56,0.31,1.76
2020-11-20,12.35,12.38,12.49,12.20,28308,34926025.00,2.34,-0.16,-0.02,1.16
2020-11-23,12.42,12.38,12.42,12.15,22803,28012888.00,2.18,0.00,0.00,0.94
2020-11-24,12.38,12.15,12.38,12.13,21807,26636739.00,2.02,-1.86,-0.23,0.90
2020-11-25,12.15,12.11,12.30,11.99,21515,26081952.00,2.55,-0.33,-0.04,0.88
2020-11-26,12.20,11.83,12.20,11.83,17996,21514423.00,3.06,-2.31,-0.28,0.74
2020-11-27,11.95,11.99,12.06,11.65,20161,23927097.00,3.47,1.35,0.16,0.83
2020-11-30,12.08,11.82,12.10,11.80,18708,22354299.00,2.50,-1.42,-0.17,0.77
2020-12-01,11.83,12.64,12.79,11.75,74451,93009804.00,8.80,6.94,0.82,3.06
2020-12-02,12.60,12.44,12.61,12.44,34158,42702844.00,1.34,-1.58,-0.20,1.40
2020-12-03,12.41,12.45,12.67,12.33,30811,38552246.00,2.73,0.08,0.01,1.27
2020-12-04,12.35,12.76,12.84,12.35,40776,51640208.00,3.94,2.49,0.31,1.68
2020-12-07,12.88,12.44,12.88,12.42,28920,36520894.00,3.61,-2.51,-0.32,1.19
2020-12-08,12.55,12.74,12.80,12.38,36587,46246706.00,3.38,2.41,0.30,1.50
2020-12-09,12.66,12.27,12.82,12.25,36414,45557510.00,4.47,-3.69,-0.47,1.50
2020-12-10,12.22,12.17,12.68,12.14,26746,33004649.00,4.40,-0.81,-0.10,1.10
2020-12-11,12.04,11.47,12.25,11.42,38613,45231942.00,6.82,-5.75,-0.70,1.59
2020-12-14,11.44,11.20,11.44,11.12,25656,28862306.00,2.79,-2.35,-0.27,1.05
2020-12-15,11.10,11.09,11.23,11.07,18282,20325668.00,1.43,-0.98,-0.11,0.75
2020-12-16,11.16,10.86,11.25,10.85,21134,23382844.00,3.61,-2.07,-0.23,0.87
2020-12-17,10.97,11.13,11.14,10.77,19929,21906863.00,3.41,2.49,0.27,0.82
2020-12-18,11.11,11.09,11.21,11.00,11863,13160871.00,1.89,-0.36,-0.04,0.49
2020-12-21,10.99,11.03,11.12,10.90,16830,18534587.00,1.98,-0.54,-0.06,0.69
2020-12-22,10.97,10.73,11.01,10.68,18493,20034597.00,2.99,-2.72,-0.30,0.76
2020-12-23,10.73,10.77,10.85,10.62,15148,16259817.00,2.14,0.37,0.04,0.62
2020-12-24,10.73,10.42,10.74,10.34,17627,18487527.00,3.71,-3.25,-0.35,0.72
2020-12-25,10.35,10.52,10.63,10.32,13858,14599040.00,2.98,0.96,0.10,0.57
2020-12-28,10.63,10.16,10.63,10.15,21436,21975010.00,4.56,-3.42,-0.36,0.88
2020-12-29,10.21,10.25,10.55,10.14,15601,16097664.00,4.04,0.89,0.09,0.64
2020-12-30,10.33,10.24,10.44,10.20,13898,14326659.00,2.34,-0.10,-0.01,0.57
2020-12-31,10.39,10.39,10.45,10.25,12100,12558070.00,1.95,1.46,0.15,0.50
2021-01-04,10.39,10.57,10.61,10.33,19324,20281867.00,2.69,1.73,0.18,0.79
2021-01-05,10.59,10.46,10.61,10.40,20204,21175183.00,1.99,-1.04,-0.11,0.83
2021-01-06,10.48,10.08,10.48,10.02,25382,25753457.00,4.40,-3.63,-0.38,1.04
2021-01-07,10.02,9.63,10.14,9.50,32925,32097943.00,6.35,-4.46,-0.45,1.35
2021-01-08,9.50,9.62,9.77,9.32,22614,21667374.00,4.67,-0.10,-0.01,0.93
2021-01-11,9.68,9.46,9.84,9.40,21209,20315188.00,4.57,-1.66,-0.16,0.87
2021-01-12,9.40,9.27,9.57,9.04,22804,21222595.00,5.60,-2.01,-0.19,0.94
2021-01-13,9.29,9.08,9.30,8.98,21584,19604080.00,3.45,-2.05,-0.19,0.89
2021-01-14,9.08,9.26,9.39,8.98,15161,13987146.00,4.52,1.98,0.18,0.62
2021-01-15,9.26,9.45,9.60,9.26,15925,15088131.00,3.67,2.05,0.19,0.65
2021-01-18,9.49,9.69,9.72,9.45,13904,13384038.00,2.86,2.54,0.24,0.57
2021-01-19,9.67,9.63,9.73,9.57,15673,15126975.00,1.65,-0.62,-0.06,0.64
2021-01-20,9.68,9.72,9.74,9.56,13115,12671730.00,1.87,0.93,0.09,0.54
2021-01-21,9.62,9.63,9.79,9.62,12579,12187432.00,1.75,-0.93,-0.09,0.52
2021-01-22,9.63,9.49,9.63,9.38,13546,12840524.00,2.60,-1.45,-0.14,0.56
2021-01-25,9.54,9.20,9.55,9.15,16059,14848948.00,4.21,-3.06,-0.29,0.66
2021-01-26,9.08,9.23,9.40,9.08,11178,10368406.00,3.48,0.33,0.03,0.46
2021-01-27,9.49,9.35,9.66,9.31,27263,25812987.00,3.79,1.30,0.12,1.12
2021-01-28,9.24,9.39,9.68,9.24,22872,21733025.00,4.71,0.43,0.04,0.94
2021-01-29,9.39,9.79,9.98,9.27,42746,41328996.00,7.56,4.26,0.40,1.76
2021-02-01,9.68,10.00,10.06,9.55,37688,37021095.00,5.21,2.15,0.21,1.55
2021-02-02,10.07,9.79,10.07,9.73,24432,24061466.00,3.40,-2.10,-0.21,1.00
2021-02-03,9.84,9.65,9.89,9.52,22024,21262646.00,3.78,-1.43,-0.14,0.91
2021-02-04,9.50,9.24,9.59,9.15,23617,21940006.00,4.56,-4.25,-0.41,0.97
2021-02-05,9.18,9.09,9.45,9.06,13608,12562216.00,4.22,-1.62,-0.15,0.56
2021-02-08,9.18,9.15,9.24,9.00,9730,8878706.00,2.64,0.66,0.06,0.40
2021-02-09,9.18,9.26,9.32,9.06,13021,11961387.00,2.84,1.20,0.11,0.54
2021-02-10,9.38,9.19,9.38,9.13,10424,9586846.00,2.70,-0.76,-0.07,0.43
2021-02-18,9.21,9.45,9.52,9.21,15381,14471742.00,3.37,2.83,0.26,0.63
2021-02-19,9.44,9.82,9.84,9.36,18224,17639100.00,5.08,3.92,0.37,0.75
2021-02-22,9.92,9.88,10.12,9.84,26170,26123612.00,2.85,0.61,0.06,1.08
2021-02-23,9.80,9.92,10.00,9.71,14942,14736296.00,2.94,0.40,0.04,0.61
2021-02-24,9.93,9.95,10.06,9.84,16537,16486449.00,2.22,0.30,0.03,0.68
2021-02-25,9.96,9.86,10.01,9.81,13297,13138538.00,2.01,-0.90,-0.09,0.55
2021-02-26,9.80,10.00,10.05,9.66,17463,17401511.00,3.96,1.42,0.14,0.72
2021-03-01,10.00,10.22,10.27,10.00,15274,15556160.00,2.70,2.20,0.22,0.63
2021-03-02,10.24,10.20,10.29,10.10,17107,17409408.00,1.86,-0.20,-0.02,0.70
2021-03-03,10.20,10.18,10.29,10.10,11520,11719797.00,1.86,-0.20,-0.02,0.47
2021-03-04,10.14,10.12,10.27,10.09,13364,13622179.00,1.77,-0.59,-0.06,0.55
2021-03-05,10.10,10.22,10.26,10.06,10248,10458189.00,1.98,0.99,0.10,0.42
2021-03-08,10.30,10.01,10.44,10.01,18485,18928399.00,4.21,-2.05,-0.21,0.76
2021-03-09,10.19,9.95,10.30,9.80,21885,22005576.00,5.00,-0.60,-0.06,0.90
2021-03-10,9.94,9.87,10.07,9.73,15066,14818555.00,3.42,-0.80,-0.08,0.62
2021-03-11,9.83,9.98,9.98,9.68,12821,12629374.00,3.04,1.11,0.11,0.53
2021-03-12,9.88,9.85,9.97,9.76,11870,11665511.00,2.10,-1.30,-0.13,0.49
2021-03-15,9.94,9.78,9.94,9.72,10404,10185515.00,2.23,-0.71,-0.07,0.43
2021-03-16,9.79,10.05,10.06,9.72,13506,13401211.00,3.48,2.76,0.27,0.56
2021-03-17,10.05,10.01,10.12,9.85,11953,11954263.00,2.69,-0.40,-0.04,0.49
2021-03-18,10.04,9.93,10.04,9.85,10613,10525148.00,1.90,-0.80,-0.08,0.44
2021-03-19,9.86,10.11,10.18,9.64,15796,15827237.00,5.44,1.81,0.18,0.65
2021-03-22,10.12,10.26,10.30,10.02,16517,16841280.00,2.77,1.48,0.15,0.68
2021-03-23,10.29,10.21,10.30,10.07,14592,14868664.00,2.24,-0.49,-0.05,0.60
2021-03-24,10.21,10.21,10.29,10.11,11129,11369766.00,1.76,0.00,0.00,0.46
2021-03-25,10.21,10.10,10.26,10.08,7595,7728196.00,1.76,-1.08,-0.11,0.31
2021-03-26,10.08,10.08,10.17,10.05,9194,9279120.00,1.19,-0.20,-0.02,0.38
2021-03-29,10.02,10.01,10.13,9.96,7282,7313644.00,1.69,-0.69,-0.07,0.30
2021-03-30,9.93,9.89,10.09,9.81,9696,9579198.00,2.80,-1.20,-0.12,0.40
2021-03-31,9.91,10.01,10.06,9.84,9679,9625197.00,2.22,1.21,0.12,0.40
2021-04-01,9.99,9.86,10.05,9.85,10012,9944893.00,2.00,-1.50,-0.15,0.41
2021-04-02,9.86,9.97,10.10,9.83,10630,10625462.00,2.74,1.12,0.11,0.44
2021-04-06,10.02,9.98,10.14,9.90,10978,10973927.00,2.41,0.10,0.01,0.45
2021-04-07,9.97,10.04,10.05,9.94,7693,7688909.00,1.10,0.60,0.06,0.32
2021-04-08,10.00,9.79,10.03,9.77,13411,13314459.00,2.59,-2.49,-0.25,0.55
2021-04-09,9.79,10.00,10.04,9.72,14662,14609891.00,3.27,2.15,0.21,0.60
2021-04-12,10.05,9.95,10.06,9.91,8881,8866212.00,1.50,-0.50,-0.05,0.37
2021-04-13,9.94,10.03,10.09,9.82,9664,9643091.00,2.71,0.80,0.08,0.40
2021-04-14,10.03,10.17,10.24,9.96,13366,13555971.00,2.79,1.40,0.14,0.55
2021-04-15,10.17,10.09,10.23,9.97,20297,20481273.00,2.56,-0.79,-0.08,0.84
2021-04-16,10.05,10.00,10.11,9.83,25731,25718790.00,2.78,-0.89,-0.09,1.06
2021-04-19,10.00,10.23,10.33,10.00,21580,22063800.00,3.30,2.30,0.23,0.89
2021-04-20,10.18,10.16,10.31,10.12,13363,13653244.00,1.86,-0.68,-0.07,0.55
2021-04-21,10.08,10.13,10.20,10.03,11275,11384307.00,1.67,-0.30,-0.03,0.46
2021-04-22,10.13,9.99,10.15,9.95,14855,14866193.00,1.97,-1.38,-0.14,0.61
2021-04-23,10.06,9.89,10.06,9.86,10616,10521008.00,2.00,-1.00,-0.10,0.44
2021-04-26,9.87,9.77,9.96,9.74,11432,11268658.00,2.22,-1.21,-0.12,0.47
2021-04-27,9.78,9.77,9.89,9.71,12014,11768250.00,1.84,0.00,0.00,0.49
2021-04-28,9.90,9.18,9.90,9.12,30765,28752741.00,7.98,-6.04,-0.59,1.27
2021-04-29,9.30,9.05,9.30,9.03,22646,20678055.00,2.94,-1.42,-0.13,0.93
2021-04-30,9.02,8.82,9.08,8.80,17272,15367592.00,3.09,-2.54,-0.23,0.71
2021-05-06,8.86,8.95,9.03,8.78,15986,14183129.00,2.83,1.47,0.13,0.66
2021-05-07,8.89,8.94,9.11,8.79,12260,10970317.00,3.58,-0.11,-0.01,0.50
2021-05-10,8.93,9.00,9.04,8.85,12947,11590880.00,2.13,0.67,0.06,0.53
2021-05-11,8.95,9.17,9.22,8.93,16574,15072764.00,3.22,1.89,0.17,0.67
2021-05-12,9.17,9.08,9.37,9.04,11522,10485999.00,3.60,-0.98,-0.09,0.47
2021-05-13,9.08,8.92,9.12,8.91,13881,12514320.00,2.31,-1.76,-0.16,0.56
2021-05-14,8.95,9.06,9.08,8.94,9318,8414756.00,1.57,1.57,0.14,0.38
2021-05-17,9.06,8.97,9.06,8.96,7956,7162692.00,1.10,-0.99,-0.09,0.32
2021-05-18,8.93,8.98,9.00,8.90,5975,5357217.00,1.11,0.11,0.01,0.24
2021-05-19,8.98,9.00,9.02,8.92,5098,4581245.00,1.11,0.22,0.02,0.21
2021-05-20,9.00,8.92,9.05,8.90,7999,7140204.00,1.67,-0.89,-0.08,0.32
2021-05-21,8.92,8.99,9.06,8.92,8765,7879789.00,1.57,0.78,0.07,0.36
2021-05-24,9.03,9.08,9.10,8.96,9606,8680689.00,1.56,1.00,0.09,0.39
2021-05-25,9.10,9.07,9.11,8.98,8300,7527653.00,1.43,-0.11,-0.01,0.34
2021-05-26,9.02,9.16,9.21,9.00,11588,10578792.00,2.32,0.99,0.09,0.47
2021-05-27,9.04,9.14,9.18,9.04,9735,8886020.00,1.53,-0.22,-0.02,0.40
2021-05-28,9.09,9.01,9.14,8.97,9229,8351495.00,1.86,-1.42,-0.13,0.37
2021-05-31,9.04,9.08,9.08,8.92,8471,7645851.00,1.78,0.78,0.07,0.34
2021-06-01,9.08,9.12,9.13,9.01,8940,8125301.00,1.32,0.44,0.04,0.36
2021-06-02,9.08,8.99,9.11,8.96,10892,9823537.00,1.64,-1.43,-0.13,0.44
2021-06-03,9.02,8.99,9.07,8.98,15008,13527085.00,1.00,0.00,0.00,0.61
2021-06-04,8.91,8.96,9.00,8.90,8410,7532244.00,1.11,-0.33,-0.03,0.34
2021-06-07,8.96,8.98,9.04,8.95,9927,8919996.00,1.00,0.22,0.02,0.40
2021-06-08,9.02,9.08,9.08,8.95,13219,11930162.00,1.45,1.11,0.10,0.54
2021-06-09,9.06,9.18,9.20,9.06,16178,14804108.00,1.54,1.10,0.10,0.66
2021-06-10,9.22,9.32,9.32,9.13,17465,16120169.00,2.07,1.53,0.14,0.71
2021-06-11,9.32,9.25,9.46,9.15,19795,18358825.00,3.33,-0.75,-0.07,0.80
2021-06-15,9.24,9.21,9.35,9.16,12658,11685584.00,2.05,-0.43,-0.04,0.51
2021-06-16,9.19,9.23,9.34,9.16,15655,14489257.00,1.95,0.22,0.02,0.64
2021-06-17,9.23,9.36,9.44,9.19,17794,16600783.00,2.71,1.41,0.13,0.72
2021-06-18,9.36,9.38,9.40,9.23,13626,12700177.00,1.82,0.21,0.02,0.55
2021-06-21,9.38,9.37,9.42,9.33,11769,11033893.00,0.96,-0.11,-0.01,0.48
2021-06-22,9.37,9.55,9.55,9.34,16959,16047653.00,2.24,1.92,0.18,0.69
2021-06-23,9.55,9.52,9.57,9.44,8882,8426928.00,1.36,-0.31,-0.03,0.36
2021-06-24,9.57,9.51,9.57,9.46,9771,9288235.00,1.16,-0.11,-0.01,0.40
2021-06-25,9.57,9.35,9.57,9.31,14695,13768267.00,2.73,-1.68,-0.16,0.60
2021-06-28,9.30,9.46,9.48,9.26,10035,9446329.00,2.35,1.18,0.11,0.41
2021-06-29,9.47,9.31,9.47,9.27,11694,10899181.00,2.11,-1.59,-0.15,0.47
2021-06-30,9.35,9.43,9.48,9.27,9026,8494891.00,2.26,1.29,0.12,0.37
2021-07-01,9.39,9.17,9.47,9.16,12334,11492616.00,3.29,-2.76,-0.26,0.50
2021-07-02,9.23,9.17,9.31,9.12,9479,8718720.00,2.07,0.00,0.00,0.39
2021-07-05,9.20,9.40,9.43,9.20,12355,11541029.00,2.51,2.51,0.23,0.50
2021-07-06,9.43,9.49,9.54,9.33,14170,13411910.00,2.23,0.96,0.09,0.58
2021-07-07,9.49,9.50,9.52,9.40,11379,10781377.00,1.26,0.11,0.01,0.46
2021-07-08,9.53,9.49,9.53,9.37,12035,11364749.00,1.68,-0.11,-0.01,0.49
2021-07-09,9.44,9.50,9.53,9.34,14407,13612728.00,2.00,0.11,0.01,0.59
2021-07-12,9.53,9.58,9.59,9.43,18575,17708316.00,1.68,0.84,0.08,0.75
2021-07-13,9.55,9.52,9.61,9.45,15177,14455812.00,1.67,-0.63,-0.06,0.62
2021-07-14,9.45,9.32,9.52,9.31,18919,17721959.00,2.21,-2.10,-0.20,0.77
2021-07-15,9.32,8.89,9.34,8.85,35170,31603185.00,5.26,-4.61,-0.43,1.43
2021-07-16,8.89,8.83,8.92,8.76,19009,16780600.00,1.80,-0.67,-0.06,0.77
