2016-10-28,22.79,22.79,22.79,22.79,2636,6007991.00,0.00,9.99,2.07,0.10
2016-10-31,25.07,25.07,25.07,25.07,79579,199505531.00,0.00,10.00,2.28,3.04
2016-11-01,26.50,27.58,27.58,26.18,955216,2599903952.00,5.58,10.01,2.51,36.49
2016-11-02,28.21,29.06,30.29,27.86,1401002,4070404688.00,8.81,5.37,1.48,53.52
2016-11-03,28.00,27.76,28.49,27.60,799483,2232413104.00,3.06,-4.47,-1.30,30.54
2016-11-04,27.80,26.93,27.98,26.66,636671,1723018688.00,4.76,-2.99,-0.83,24.32
2016-11-07,26.67,26.76,27.16,26.21,363545,967753808.00,3.53,-0.63,-0.17,13.89
2016-11-08,26.86,26.72,26.93,26.47,316659,845769200.00,1.72,-0.15,-0.04,12.10
2016-11-09,26.50,25.75,26.59,25.51,459969,1197431472.00,4.04,-3.63,-0.97,17.57
2016-11-10,26.09,26.73,27.20,25.62,634739,1690276416.00,6.14,3.81,0.98,24.25
2016-11-11,26.50,26.57,26.87,26.25,440952,1169257536.00,2.32,-0.60,-0.16,16.85
2016-11-14,26.45,26.99,27.79,26.30,522527,1414187360.00,5.61,1.58,0.42,19.96
2016-11-15,26.78,26.67,26.79,26.50,259979,691544688.00,1.07,-1.19,-0.32,9.93
2016-11-16,26.77,26.53,26.91,26.50,221793,590323360.00,1.54,-0.52,-0.14,8.47
2016-11-17,26.40,26.05,26.50,25.92,232119,606093344.00,2.19,-1.81,-0.48,8.87
2016-11-18,26.01,25.59,26.02,25.56,254912,656070752.00,1.77,-1.77,-0.46,9.74
2016-11-21,25.52,25.45,25.80,25.31,190884,486854752.00,1.91,-0.55,-0.14,7.29
2016-11-22,25.38,25.53,25.60,25.33,181148,461331296.00,1.06,0.31,0.08,6.92
2016-11-23,25.54,25.45,25.94,25.38,231900,595691392.00,2.19,-0.31,-0.08,8.86
2016-11-24,25.36,24.75,25.37,24.71,283867,708961184.00,2.59,-2.75,-0.70,10.84
2016-11-25,24.75,24.63,24.97,24.37,148422,365052416.00,2.42,-0.48,-0.12,5.67
2016-11-28,24.64,24.76,24.96,24.52,147529,365805552.00,1.79,0.53,0.13,5.64
2016-11-29,24.62,23.95,24.64,23.94,234903,569283072.00,2.83,-3.27,-0.81,8.97
2016-11-30,23.92,23.29,23.95,23.23,174816,411369392.00,3.01,-2.76,-0.66,6.68
2016-12-01,23.30,23.46,23.65,23.30,112145,263348480.00,1.50,0.73,0.17,4.28
2016-12-02,23.40,23.16,23.46,23.12,121296,281883584.00,1.45,-1.28,-0.30,4.63
2016-12-05,23.10,23.33,23.35,22.93,95852,222560708.00,1.81,0.73,0.17,3.66
2016-12-06,23.27,23.45,23.62,23.24,96436,226438409.00,1.63,0.51,0.12,3.68
2016-12-07,23.39,23.50,23.52,23.16,91558,213667879.00,1.54,0.21,0.05,3.50
2016-12-08,23.50,24.01,24.29,23.45,279021,669726464.00,3.57,2.17,0.51,10.66
2016-12-09,23.88,23.97,24.27,23.75,187674,452174368.00,2.17,-0.17,-0.04,7.17
2016-12-12,23.85,22.75,24.24,22.70,201285,470803952.00,6.42,-5.09,-1.22,7.69
2016-12-13,22.58,22.32,22.70,21.81,170341,377255520.00,3.91,-1.89,-0.43,6.51
2016-12-14,22.30,22.15,22.49,22.12,106066,236248110.00,1.66,-0.76,-0.17,4.05
2016-12-15,22.09,22.24,22.33,21.99,96405,213972196.00,1.53,0.41,0.09,3.68
2016-12-16,22.14,22.16,22.29,22.01,85752,190056379.00,1.26,-0.36,-0.08,3.28
2016-12-19,22.14,21.77,22.22,21.74,83660,183379880.00,2.17,-1.76,-0.39,3.20
2016-12-20,21.70,21.54,21.88,21.41,79941,172963442.00,2.16,-1.06,-0.23,3.05
2016-12-21,21.63,21.83,21.94,21.50,99582,216232795.00,2.04,1.35,0.29,3.80
2016-12-22,21.75,21.61,21.77,21.51,63104,136401457.00,1.19,-1.01,-0.22,2.41
2016-12-23,21.53,21.38,21.75,21.37,69861,150530101.00,1.76,-1.06,-0.23,2.67
2016-12-26,21.21,21.45,21.48,20.82,92942,196242362.00,3.09,0.33,0.07,3.55
2016-12-27,21.36,21.21,21.42,21.18,52299,111334975.00,1.12,-1.12,-0.24,2.00
2016-12-28,21.29,21.03,21.29,20.98,49260,104004996.00,1.46,-0.85,-0.18,1.88
2016-12-29,21.03,21.01,21.23,20.95,48791,102818785.00,1.33,-0.10,-0.02,1.86
2016-12-30,21.01,20.95,21.13,20.90,59577,125049185.00,1.09,-0.29,-0.06,2.28
2017-01-03,20.95,21.13,21.25,20.94,61949,130966180.00,1.48,0.86,0.18,2.37
2017-01-04,21.15,21.31,21.32,21.12,79544,168892125.00,0.95,0.85,0.18,3.04
2017-01-05,21.33,21.20,21.33,21.18,59932,127263490.00,0.70,-0.52,-0.11,2.29
2017-01-06,21.17,20.88,21.23,20.85,83667,175746533.00,1.79,-1.51,-0.32,3.20
2017-01-09,20.82,20.94,20.97,20.73,52527,109507175.00,1.15,0.29,0.06,2.01
2017-01-10,20.88,20.78,20.93,20.77,49563,103202138.00,0.76,-0.76,-0.16,1.89
2017-01-11,20.81,20.29,20.81,20.28,96444,197620863.00,2.55,-2.36,-0.49,3.68
2017-01-12,20.27,19.96,20.33,19.93,71985,144967417.00,1.97,-1.63,-0.33,2.75
2017-01-13,19.97,19.64,19.99,19.52,87507,172751768.00,2.35,-1.60,-0.32,3.34
2017-01-16,19.53,19.63,19.98,19.17,116280,226680724.00,4.12,-0.05,-0.01,4.44
2017-01-17,19.50,19.72,19.78,19.23,86291,168430177.00,2.80,0.46,0.09,3.30
2017-01-18,19.60,19.38,19.68,19.37,62288,121677393.00,1.57,-1.72,-0.34,2.38
2017-01-19,19.30,19.45,19.69,19.04,85739,166378634.00,3.35,0.36,0.07,3.28
2017-01-20,19.36,19.74,19.86,19.32,92884,182862620.00,2.78,1.49,0.29,3.55
2017-01-23,19.70,19.76,19.93,19.67,78180,154741777.00,1.32,0.10,0.02,2.99
2017-01-24,19.77,19.69,19.78,19.62,39941,78658974.00,0.81,-0.35,-0.07,1.53
2017-01-25,19.63,19.70,19.75,19.60,32832,64640788.00,0.76,0.05,0.01,1.25
2017-01-26,19.68,20.15,20.24,19.68,116835,234372349.00,2.84,2.28,0.45,4.46
2017-02-03,20.17,19.89,20.17,19.87,42005,83786083.00,1.49,-1.29,-0.26,1.60
2017-02-06,19.91,20.10,20.11,19.87,46206,92378168.00,1.21,1.06,0.21,1.77
2017-02-07,20.08,19.92,20.12,19.84,55242,110259027.00,1.39,-0.90,-0.18,2.11
2017-02-08,19.88,20.10,20.15,19.67,99328,197740335.00,2.41,0.90,0.18,3.79
2017-02-09,20.06,20.11,20.19,20.01,72270,145221207.00,0.90,0.05,0.01,2.76
2017-02-10,20.18,20.53,20.77,20.12,206901,425993904.00,3.23,2.09,0.42,7.90
2017-02-13,20.50,21.24,21.86,20.50,298170,635120544.00,6.62,3.46,0.71,11.39
2017-02-14,21.27,21.03,21.35,20.80,157537,330623312.00,2.59,-0.99,-0.21,6.02
2017-02-15,20.95,21.64,22.18,20.93,429416,932670960.00,5.94,2.90,0.61,16.41
2017-02-16,21.55,21.93,22.22,21.44,289718,632640816.00,3.60,1.34,0.29,11.07
2017-02-17,21.72,21.23,22.12,21.20,248865,538731440.00,4.20,-3.19,-0.70,9.51
2017-02-20,21.12,23.13,23.26,21.11,575776,1294653232.00,10.13,8.95,1.90,22.00
2017-02-21,23.15,22.61,23.28,22.40,379094,860172832.00,3.80,-2.25,-0.52,14.48
2017-02-22,22.50,22.25,22.50,21.93,265559,588481040.00,2.52,-1.59,-0.36,10.15
2017-02-23,22.12,22.29,22.41,21.91,173120,384234560.00,2.25,0.18,0.04,6.61
2017-02-24,22.13,22.34,22.44,22.03,150044,333126672.00,1.84,0.22,0.05,5.73
2017-02-27,22.28,21.81,22.28,21.80,165540,363884688.00,2.15,-2.37,-0.53,6.32
2017-02-28,21.78,22.95,23.16,21.72,435408,990939136.00,6.60,5.23,1.14,16.63
2017-03-01,22.72,22.59,23.22,22.53,289128,660139664.00,3.01,-1.57,-0.36,11.05
2017-03-02,22.63,23.14,23.30,22.58,382818,881420800.00,3.19,2.43,0.55,14.63
2017-03-03,22.90,22.57,22.97,22.48,240592,545744304.00,2.12,-2.46,-0.57,9.19
2017-03-06,22.50,22.67,22.98,22.21,168115,380051680.00,3.41,0.44,0.10,6.42
2017-03-07,22.58,22.98,23.00,22.53,202134,460353472.00,2.07,1.37,0.31,7.72
2017-03-08,22.86,22.81,23.18,22.63,198496,454427248.00,2.39,-0.74,-0.17,7.58
2017-03-09,22.66,22.49,22.90,22.33,161021,363588736.00,2.50,-1.40,-0.32,6.15
2017-03-10,22.38,22.26,22.68,22.24,128576,288524144.00,1.96,-1.02,-0.23,4.91
2017-03-13,22.10,22.58,22.61,21.83,161774,359509968.00,3.50,1.44,0.32,6.18
2017-03-14,22.47,22.39,22.78,22.31,90288,203477798.00,2.08,-0.84,-0.19,3.45
2017-03-15,22.30,22.20,22.52,22.16,79056,176242728.00,1.61,-0.85,-0.19,3.02
2017-03-16,22.26,22.79,22.98,22.26,275645,627071216.00,3.24,2.66,0.59,10.53
2017-03-17,22.68,22.32,22.82,22.27,171837,387169984.00,2.41,-2.06,-0.47,6.56
2017-03-20,22.31,22.55,22.56,22.18,108772,243206799.00,1.70,1.03,0.23,4.16
2017-03-21,22.40,22.57,22.60,22.37,80951,181934672.00,1.02,0.09,0.02,3.09
2017-03-22,22.37,21.92,22.49,21.88,168665,373561808.00,2.70,-2.88,-0.65,6.44
2017-03-23,21.93,21.88,22.12,21.51,126636,276788688.00,2.78,-0.18,-0.04,4.84
2017-03-24,21.79,21.83,21.92,21.51,101183,219360674.00,1.87,-0.23,-0.05,3.87
2017-03-27,21.78,21.99,22.24,21.72,103250,227413159.00,2.38,0.73,0.16,3.94
2017-03-28,22.00,21.95,22.13,21.81,57303,125593339.00,1.46,-0.18,-0.04,2.19
2017-03-29,21.92,21.41,22.00,21.40,99390,215018001.00,2.73,-2.46,-0.54,3.80
2017-03-30,21.40,20.64,21.48,20.61,137316,287075696.00,4.06,-3.60,-0.77,5.25
2017-03-31,21.00,22.70,22.70,20.80,274031,612248080.00,9.21,9.98,2.06,10.47
2017-04-05,22.80,22.93,23.18,22.30,502061,1143926912.00,3.88,1.01,0.23,19.18
2017-04-06,22.63,22.72,22.78,22.32,241008,545196864.00,2.01,-0.92,-0.21,9.21
2017-04-07,22.58,22.70,23.18,22.58,266713,610703584.00,2.64,-0.09,-0.02,10.19
2017-04-10,22.47,22.11,22.62,21.93,225702,501128624.00,3.04,-2.60,-0.59,8.62
2017-04-11,21.96,22.77,22.91,21.84,271034,608234352.00,4.84,2.99,0.66,10.35
2017-04-12,22.52,22.08,22.70,22.01,187944,419616928.00,3.03,-3.03,-0.69,7.18
2017-04-13,22.00,21.84,22.34,21.78,127318,279816848.00,2.54,-1.09,-0.24,4.86
2017-04-14,21.71,21.48,21.89,21.45,96339,208426378.00,2.01,-1.65,-0.36,3.68
2017-04-17,21.11,21.04,21.36,20.70,115343,242391443.00,3.07,-2.05,-0.44,4.41
2017-04-18,21.16,20.92,21.18,20.85,67997,142723056.00,1.57,-0.57,-0.12,2.60
2017-04-19,21.18,21.37,21.65,21.08,140072,299277952.00,2.72,2.15,0.45,5.35
2017-04-20,21.15,20.89,21.30,20.75,91966,193057008.00,2.57,-2.25,-0.48,3.51
2017-04-21,20.95,21.08,21.37,20.93,77402,163918492.00,2.11,0.91,0.19,2.96
2017-04-24,21.03,21.06,21.36,20.50,91695,191813940.00,4.08,-0.09,-0.02,3.50
2017-04-25,21.18,21.31,21.65,20.91,111169,237071167.00,3.51,1.19,0.25,4.25
2017-04-26,21.36,21.38,21.64,21.19,108086,232082904.00,2.11,0.33,0.07,4.13
2017-04-27,21.22,21.30,21.38,20.92,104047,219875802.00,2.15,-0.37,-0.08,3.98
2017-04-28,21.20,21.38,21.47,21.16,90008,192030081.00,1.46,0.38,0.08,3.44
2017-05-02,21.25,21.11,21.29,20.95,77163,162927236.00,1.59,-1.26,-0.27,2.95
2017-05-03,21.05,21.45,21.45,20.98,110699,235938475.00,2.23,1.61,0.34,4.23
2017-05-04,21.33,21.68,21.98,21.07,174829,378158064.00,4.24,1.07,0.23,6.68
2017-05-05,21.50,21.60,22.08,21.42,162657,354151312.00,3.04,-0.37,-0.08,6.21
2017-05-08,21.50,21.59,22.00,21.40,118829,258208012.00,2.78,-0.05,-0.01,4.54
2017-05-09,21.60,22.85,23.36,21.60,445926,1011347440.00,8.15,5.84,1.26,17.04
2017-05-10,22.59,23.22,24.44,22.42,606241,1416611648.00,8.84,1.62,0.37,23.16
2017-05-11,22.85,22.62,23.18,22.21,346319,785402480.00,4.18,-2.58,-0.60,13.23
2017-05-12,22.55,23.70,23.80,22.52,451968,1056197856.00,5.66,4.77,1.08,17.27
2017-05-15,23.46,23.56,23.99,23.26,296820,698290704.00,3.08,-0.59,-0.14,11.34
2017-05-16,23.37,23.30,23.45,22.68,275222,633976736.00,3.27,-1.10,-0.26,10.51
2017-05-17,23.10,22.85,23.15,22.62,253890,580382720.00,2.27,-1.93,-0.45,9.70
2017-05-18,22.66,22.06,22.98,21.90,287688,644024016.00,4.73,-3.46,-0.79,10.99
2017-05-19,21.96,21.62,22.18,21.48,207824,451918880.00,3.17,-1.99,-0.44,7.94
2017-05-22,21.51,21.56,21.88,21.23,126777,273647936.00,3.01,-0.28,-0.06,4.84
2017-05-23,21.56,21.68,22.10,21.43,173183,377048512.00,3.11,0.56,0.12,6.62
2017-05-24,21.49,20.54,21.49,20.00,227918,468093744.00,6.87,-5.26,-1.14,8.71
2017-05-25,20.52,21.11,21.20,20.40,203217,425503616.00,3.89,2.78,0.57,7.76
2017-05-26,20.95,20.94,21.19,20.91,111468,234173922.00,1.33,-0.81,-0.17,4.26
2017-05-31,21.32,21.35,21.78,21.21,153925,330868000.00,2.72,1.96,0.41,5.88
2017-06-01,21.24,21.60,21.94,21.22,163287,353963872.00,3.37,1.17,0.25,6.24
2017-06-02,21.63,22.29,22.30,21.60,271096,597302256.00,3.24,3.19,0.69,10.36
2017-06-05,22.15,22.07,22.37,21.85,155907,343714448.00,2.33,-0.99,-0.22,5.96
2017-06-06,15.60,15.44,15.69,15.23,117498,181119562.00,2.08,-30.04,-6.63,3.21
2017-06-07,15.26,15.69,15.79,15.19,297043,462626016.00,3.89,1.62,0.25,8.11
2017-06-08,15.60,15.59,15.68,15.37,207571,321673056.00,1.98,-0.64,-0.10,5.66
2017-06-09,15.56,15.49,15.68,15.40,173317,269445904.00,1.80,-0.64,-0.10,4.73
2017-06-12,15.40,15.36,15.67,15.30,148271,229693168.00,2.39,-0.84,-0.13,4.05
2017-06-13,15.30,15.38,15.45,15.23,117590,180165902.00,1.43,0.13,0.02,3.21
2017-06-14,15.34,15.03,15.39,15.01,170768,258336207.00,2.47,-2.28,-0.35,4.66
2017-06-15,15.04,15.14,15.24,15.00,132802,200808961.00,1.60,0.73,0.11,3.62
2017-06-16,15.08,14.95,15.14,14.94,118579,178054063.00,1.32,-1.25,-0.19,3.24
2017-06-19,14.99,15.01,15.07,14.93,75096,112634898.00,0.94,0.40,0.06,2.05
2017-06-20,15.03,15.02,15.05,14.94,70771,106093390.00,0.73,0.07,0.01,1.93
2017-06-21,15.09,15.02,15.12,14.96,75687,113634054.00,1.07,0.00,0.00,2.07
2017-06-22,15.00,15.16,15.47,14.95,289113,441143552.00,3.46,0.93,0.14,7.89
2017-06-23,15.04,14.95,15.12,14.71,213494,317732656.00,2.70,-1.39,-0.21,5.83
2017-06-26,14.88,14.99,15.03,14.80,94925,141886177.00,1.54,0.27,0.04,2.59
2017-06-27,14.93,14.97,15.01,14.88,100238,149746128.00,0.87,-0.13,-0.02,2.74
2017-06-28,14.91,15.05,15.16,14.87,131906,197974065.00,1.94,0.53,0.08,3.60
2017-06-29,15.00,14.98,15.05,14.92,87543,130999636.00,0.86,-0.47,-0.07,2.39
2017-06-30,14.96,14.85,14.96,14.81,78633,116880208.00,1.00,-0.87,-0.13,2.15
2017-07-03,14.86,14.88,14.90,14.80,53579,79583226.00,0.67,0.20,0.03,1.46
2017-07-04,14.85,14.75,14.88,14.71,81001,119644831.00,1.14,-0.87,-0.13,2.21
2017-07-05,14.75,14.76,14.78,14.62,82266,120954080.00,1.08,0.07,0.01,2.24
2017-07-06,14.75,14.69,14.75,14.65,70036,102894433.00,0.68,-0.47,-0.07,1.91
2017-07-07,14.69,14.74,14.75,14.65,71869,105597263.00,0.68,0.34,0.05,1.96
2017-07-10,14.70,14.62,14.70,14.60,75295,110143503.00,0.68,-0.81,-0.12,2.05
2017-07-11,14.61,14.75,14.92,14.57,182724,270087696.00,2.39,0.89,0.13,4.99
2017-07-12,14.76,14.92,15.02,14.71,222001,330676944.00,2.10,1.15,0.17,6.06
2017-07-13,14.86,15.10,15.13,14.83,187268,280852064.00,2.01,1.21,0.18,5.11
2017-07-14,15.11,15.01,15.20,14.92,162209,244182435.00,1.85,-0.60,-0.09,4.43
2017-07-17,15.06,15.32,15.69,14.70,468813,717842000.00,6.60,2.07,0.31,12.79
2017-07-18,15.13,15.27,15.31,15.02,202467,307111504.00,1.89,-0.33,-0.05,5.53
2017-07-19,15.18,15.62,15.65,15.17,339303,526581472.00,3.14,2.29,0.35,9.26
2017-07-20,15.60,15.49,15.60,15.40,209194,323944016.00,1.28,-0.83,-0.13,5.71
2017-07-21,15.49,15.26,15.56,15.19,164287,252085350.00,2.39,-1.48,-0.23,4.48
2017-07-24,15.19,15.40,15.50,15.11,152036,232489709.00,2.56,0.92,0.14,4.15
2017-07-25,15.32,15.10,15.43,15.07,143416,218411760.00,2.34,-1.95,-0.30,3.91
2017-07-26,15.06,14.98,15.26,14.91,128706,193587478.00,2.32,-0.79,-0.12,3.51
2017-07-27,14.93,14.99,15.00,14.76,129429,192547412.00,1.60,0.07,0.01,3.53
2017-07-28,14.89,14.89,15.04,14.84,78062,116393508.00,1.33,-0.67,-0.10,2.13
2017-07-31,14.88,14.85,14.88,14.71,99277,146941080.00,1.14,-0.27,-0.04,2.71
2017-08-01,14.81,15.13,15.35,14.77,206061,311655344.00,3.91,1.89,0.28,5.62
2017-08-02,15.01,15.10,15.22,14.94,158271,238634597.00,1.85,-0.20,-0.03,4.32
2017-08-03,15.06,14.91,15.12,14.88,104281,156209171.00,1.59,-1.26,-0.19,2.85
2017-08-04,14.89,14.79,14.97,14.77,97987,145517434.00,1.34,-0.80,-0.12,2.67
2017-08-07,14.74,14.86,14.92,14.74,63542,94207581.00,1.22,0.47,0.07,1.73
2017-08-08,14.83,14.81,14.85,14.76,58729,86890686.00,0.61,-0.34,-0.05,1.60
2017-08-09,14.80,14.66,14.82,14.64,98416,144830138.00,1.22,-1.01,-0.15,2.69
2017-08-10,14.69,14.70,14.88,14.65,86620,127744242.00,1.57,0.27,0.04,2.36
2017-08-11,14.67,14.42,14.79,14.39,143016,208158560.00,2.72,-1.90,-0.28,3.90
2017-08-14,14.39,14.46,14.47,14.34,71153,102561130.00,0.90,0.28,0.04,1.94
2017-08-15,14.46,14.55,14.70,14.45,74697,108971997.00,1.73,0.62,0.09,2.04
2017-08-16,14.55,14.50,14.60,14.37,67540,97743845.00,1.58,-0.34,-0.05,1.84
2017-08-17,14.48,14.60,14.64,14.44,78596,114166343.00,1.38,0.69,0.10,2.14
2017-08-18,14.54,14.61,14.74,14.51,92700,135766924.00,1.58,0.07,0.01,2.53
2017-08-21,14.62,14.62,14.68,14.51,56530,82372574.00,1.16,0.07,0.01,1.54
2017-08-22,14.62,14.56,14.66,14.53,54757,79854806.00,0.89,-0.41,-0.06,1.49
2017-08-23,14.56,14.68,14.76,14.53,104212,152683951.00,1.58,0.82,0.12,2.84
2017-08-24,14.68,14.50,14.70,14.49,76638,111649408.00,1.43,-1.23,-0.18,2.09
2017-08-25,14.50,14.67,14.70,14.47,99784,145898797.00,1.59,1.17,0.17,2.72
2017-08-28,14.65,15.09,15.33,14.61,298385,447237248.00,4.91,2.86,0.42,8.14
2017-08-29,15.01,14.91,15.06,14.88,134716,201197625.00,1.19,-1.19,-0.18,3.68
2017-08-30,14.90,14.86,15.05,14.84,99397,148369516.00,1.41,-0.34,-0.05,2.71
2017-08-31,14.85,14.95,15.04,14.81,95828,143018897.00,1.55,0.61,0.09,2.62
2017-09-01,14.90,14.89,14.97,14.81,88899,132104690.00,1.07,-0.40,-0.06,2.43
2017-09-04,14.82,14.79,14.87,14.71,95659,141269279.00,1.07,-0.67,-0.10,2.61
2017-09-05,14.79,14.79,14.88,14.72,81139,120154109.00,1.08,0.00,0.00,2.21
2017-09-06,14.75,14.82,14.84,14.66,83357,122897051.00,1.22,0.20,0.03,2.27
2017-09-07,14.78,14.71,14.82,14.70,54664,80627818.00,0.81,-0.74,-0.11,1.49
2017-09-08,14.68,14.69,14.75,14.64,48433,71134082.00,0.75,-0.14,-0.02,1.32
2017-09-11,14.71,14.71,14.74,14.65,55495,81507724.00,0.61,0.14,0.02,1.51
2017-09-12,14.72,14.61,14.72,14.57,85527,125090089.00,1.02,-0.68,-0.10,2.33
2017-09-13,14.61,14.57,14.69,14.50,102494,149254627.00,1.30,-0.27,-0.04,2.80
2017-09-14,14.54,14.49,14.57,14.48,90191,130871051.00,0.62,-0.55,-0.08,2.46
2017-09-15,14.46,14.53,14.56,14.46,50683,73589646.00,0.69,0.28,0.04,1.38
2017-09-18,14.53,14.55,14.56,14.48,54106,78578894.00,0.55,0.14,0.02,1.48
2017-09-19,14.56,14.59,14.69,14.53,77164,112717449.00,1.10,0.27,0.04,2.11
2017-09-20,14.57,14.57,14.60,14.50,54999,79951273.00,0.69,-0.14,-0.02,1.50
2017-09-21,14.55,14.52,14.64,14.51,58507,85149058.00,0.89,-0.34,-0.05,1.60
2017-09-22,14.51,14.48,14.56,14.48,56817,82397420.00,0.55,-0.28,-0.04,1.55
2017-09-25,14.46,14.24,14.47,14.24,95817,137531546.00,1.59,-1.66,-0.24,2.61
2017-09-26,14.26,14.15,14.30,14.10,69933,99153004.00,1.40,-0.63,-0.09,1.91
2017-09-27,14.12,14.11,14.15,14.02,67501,94982178.00,0.92,-0.28,-0.04,1.84
2017-09-28,14.11,14.00,14.13,13.99,54208,76159664.00,0.99,-0.78,-0.11,1.48
2017-09-29,13.99,13.93,14.09,13.88,83997,117401650.00,1.50,-0.50,-0.07,2.29
2017-10-09,14.22,13.99,14.29,13.96,101031,142365640.00,2.37,0.43,0.06,2.76
2017-10-10,13.95,13.97,13.97,13.81,90158,125212940.00,1.14,-0.14,-0.02,2.46
2017-10-11,13.95,13.95,13.97,13.89,43805,61034513.00,0.57,-0.14,-0.02,1.20
2017-10-12,13.92,13.87,13.94,13.85,45001,62508094.00,0.65,-0.57,-0.08,1.23
2017-10-13,13.86,13.94,13.95,13.85,43774,60928503.00,0.72,0.50,0.07,1.19
2017-10-16,13.94,13.95,13.98,13.87,73417,102374769.00,0.79,0.07,0.01,2.00
2017-10-17,13.95,13.90,13.95,13.88,37098,51569501.00,0.50,-0.36,-0.05,1.01
2017-10-18,13.91,13.77,13.93,13.75,53246,73723952.00,1.29,-0.94,-0.13,1.45
2017-10-19,13.76,13.37,13.76,13.36,114918,154835408.00,2.90,-2.90,-0.40,3.14
2017-10-20,13.31,13.38,13.40,13.31,39473,52750762.00,0.67,0.07,0.01,1.08
2017-10-23,13.36,13.23,13.36,13.21,76141,100944789.00,1.12,-1.12,-0.15,2.08
2017-10-24,13.15,12.97,13.18,12.97,115102,150159864.00,1.59,-1.97,-0.26,3.14
2017-10-25,12.97,13.05,13.13,12.86,83820,108922776.00,2.08,0.62,0.08,2.29
2017-10-26,12.97,12.99,13.02,12.91,80567,104566807.00,0.84,-0.46,-0.06,2.20
2017-10-27,12.80,13.09,13.27,12.71,244317,317159568.00,4.31,0.77,0.10,1.67
2017-10-30,13.00,12.83,13.06,12.73,148884,191611310.00,2.52,-1.99,-0.26,1.02
2017-10-31,12.84,12.86,12.89,12.74,80910,103699560.00,1.17,0.23,0.03,0.55
2017-11-01,12.87,12.96,13.02,12.81,94248,121940241.00,1.63,0.78,0.10,0.64
2017-11-02,12.96,13.07,13.09,12.87,119161,155218082.00,1.70,0.85,0.11,0.81
2017-11-03,13.07,12.93,13.08,12.86,86901,112473618.00,1.68,-1.07,-0.14,0.59
2017-11-06,12.89,12.93,12.94,12.80,54311,69812957.00,1.08,0.00,0.00,0.37
2017-11-07,12.90,13.10,13.16,12.84,144208,188349675.00,2.47,1.31,0.17,0.98
2017-11-08,13.07,13.07,13.15,13.04,112893,147768212.00,0.84,-0.23,-0.03,0.77
2017-11-09,13.05,13.08,13.12,13.02,60018,78424770.00,0.77,0.08,0.01,0.41
2017-11-10,13.08,12.94,13.08,12.92,74742,96897581.00,1.22,-1.07,-0.14,0.51
2017-11-13,12.93,13.15,13.40,12.91,263596,348313088.00,3.79,1.62,0.21,1.80
2017-11-14,13.16,12.96,13.16,12.90,126046,163608372.00,1.98,-1.44,-0.19,0.86
2017-11-15,12.91,12.92,13.05,12.89,65616,85042717.00,1.23,-0.31,-0.04,0.45
2017-11-16,12.87,12.32,12.87,12.31,242488,302528704.00,4.33,-4.64,-0.60,1.65
2017-11-17,12.20,12.27,12.47,12.20,125007,154194540.00,2.19,-0.41,-0.05,0.85
2017-11-20,12.10,12.20,12.28,12.03,116864,142315705.00,2.04,-0.57,-0.07,0.80
2017-11-21,12.20,12.27,12.43,12.16,185540,227800232.00,2.21,0.57,0.07,1.27
2017-11-22,12.30,12.29,12.40,12.23,189453,233357655.00,1.39,0.16,0.02,1.29
2017-11-23,12.29,11.89,12.29,11.88,171494,207541264.00,3.34,-3.25,-0.40,1.17
2017-11-24,11.91,11.88,12.04,11.83,83201,99048659.00,1.77,-0.08,-0.01,0.57
2017-11-27,11.85,11.62,11.86,11.60,107042,125131946.00,2.19,-2.19,-0.26,0.73
2017-11-28,11.69,11.82,11.86,11.56,89584,105141149.00,2.58,1.72,0.20,0.61
2017-11-29,11.80,11.98,12.15,11.68,167403,199557009.00,3.98,1.35,0.16,1.14
2017-11-30,11.85,12.04,12.13,11.83,168404,202065931.00,2.50,0.50,0.06,1.15
2017-12-01,12.01,11.96,12.07,11.92,102613,123049593.00,1.25,-0.66,-0.08,0.70
2017-12-04,11.97,11.82,11.99,11.79,65515,77813708.00,1.67,-1.17,-0.14,0.45
2017-12-05,11.83,11.79,11.96,11.71,103918,122984006.00,2.12,-0.25,-0.03,0.71
2017-12-06,11.79,11.72,11.79,11.64,84957,99354179.00,1.27,-0.59,-0.07,0.58
2017-12-07,11.73,11.74,11.80,11.69,70875,83264579.00,0.94,0.17,0.02,0.48
2017-12-08,11.74,11.79,11.82,11.72,88185,103942834.00,0.85,0.43,0.05,0.60
2017-12-11,11.80,11.80,11.85,11.72,146695,173028518.00,1.10,0.08,0.01,1.00
2017-12-12,11.80,11.63,11.80,11.57,102301,119587214.00,1.95,-1.44,-0.17,0.70
2017-12-13,11.60,11.60,11.66,11.55,91189,105825353.00,0.95,-0.26,-0.03,0.62
2017-12-14,11.60,11.59,11.65,11.56,78263,90758269.00,0.78,-0.09,-0.01,0.53
2017-12-15,11.56,11.46,11.59,11.45,72317,83276077.00,1.21,-1.12,-0.13,0.49
2017-12-18,11.48,11.41,11.55,11.40,60988,69908284.00,1.31,-0.44,-0.05,0.42
2017-12-19,11.41,11.45,11.60,11.39,182935,209847275.00,1.84,0.35,0.04,1.25
2017-12-20,11.45,11.23,11.47,11.22,128103,145327633.00,2.18,-1.92,-0.22,0.87
2017-12-21,11.22,11.21,11.27,11.15,127735,143165586.00,1.07,-0.18,-0.02,0.87
2017-12-22,11.20,11.09,11.20,11.08,94727,105598881.00,1.07,-1.07,-0.12,0.65
2017-12-25,11.05,11.19,11.21,11.03,135180,150603962.00,1.62,0.90,0.10,0.92
2017-12-26,11.16,11.62,11.88,11.12,335352,389423296.00,6.79,3.84,0.43,2.29
2017-12-27,11.57,11.67,11.88,11.47,310201,363556640.00,3.53,0.43,0.05,2.12
2017-12-28,11.61,11.70,11.87,11.52,241671,283139376.00,3.00,0.26,0.03,1.65
2017-12-29,11.67,11.53,11.74,11.51,156957,182125662.00,1.97,-1.45,-0.17,1.07
2018-01-02,11.62,11.65,11.79,11.54,184144,215148275.00,2.17,1.04,0.12,1.26
2018-01-03,11.66,11.72,11.77,11.57,244751,285242672.00,1.72,0.60,0.07,1.67
2018-01-04,11.70,11.94,12.01,11.63,392665,465346112.00,3.24,1.88,0.22,2.68
2018-01-05,11.85,11.88,11.93,11.77,214097,253807621.00,1.34,-0.50,-0.06,1.46
2018-01-08,11.86,11.88,11.92,11.78,174789,207338509.00,1.18,0.00,0.00,1.19
2018-01-09,11.82,11.85,11.98,11.81,120600,143215627.00,1.43,-0.25,-0.03,0.82
2018-01-10,11.80,11.84,11.95,11.72,240016,284108784.00,1.94,-0.08,-0.01,1.64
2018-01-11,11.78,11.73,11.86,11.69,149531,175598358.00,1.44,-0.93,-0.11,1.02
2018-01-12,11.73,11.67,11.80,11.66,93529,109615968.00,1.19,-0.51,-0.06,0.64
2018-01-15,11.66,11.69,11.84,11.58,201906,236603550.00,2.23,0.17,0.02,1.38
2018-01-16,11.66,11.96,11.97,11.62,269016,318007216.00,2.99,2.31,0.27,1.84
2018-01-17,12.15,12.24,12.55,12.12,550816,676766624.00,3.60,2.34,0.28,3.76
2018-01-18,12.14,12.44,12.49,12.14,430693,531353168.00,2.86,1.63,0.20,2.94
2018-01-19,12.53,12.90,13.36,12.52,959777,1237416032.00,6.75,3.70,0.46,6.55
2018-01-22,12.78,12.60,12.86,12.45,480486,608462784.00,3.18,-2.33,-0.30,3.28
2018-01-23,12.51,12.93,13.10,12.42,537479,691107376.00,5.40,2.62,0.33,3.67
2018-01-24,12.90,12.93,13.28,12.82,450363,586123760.00,3.56,0.00,0.00,3.07
2018-01-25,12.86,12.63,12.86,12.53,372030,470870736.00,2.55,-2.32,-0.30,2.54
2018-01-26,12.62,12.74,12.85,12.57,268454,341448128.00,2.22,0.87,0.11,1.83
2018-01-29,12.71,12.78,13.05,12.67,420887,541319920.00,2.98,0.31,0.04,2.87
2018-01-30,12.75,12.52,12.75,12.43,264714,332516736.00,2.50,-2.03,-0.26,1.81
2018-01-31,12.41,12.52,12.60,12.31,228661,285256320.00,2.32,0.00,0.00,1.56
2018-02-01,12.50,12.15,12.60,12.05,321225,395014336.00,4.39,-2.96,-0.37,2.19
2018-02-02,12.10,12.34,12.37,11.93,199076,242512884.00,3.62,1.56,0.19,1.36
2018-02-05,12.21,12.95,13.00,12.16,503634,641241584.00,6.81,4.94,0.61,3.44
2018-02-06,12.79,12.47,13.20,12.44,495128,634911584.00,5.87,-3.71,-0.48,3.38
2018-02-07,12.71,12.60,13.03,12.51,494939,630552640.00,4.17,1.04,0.13,3.38
2018-02-08,12.53,12.20,12.53,12.05,327507,401724112.00,3.81,-3.17,-0.40,2.23
2018-02-09,11.89,11.37,11.96,11.23,368940,425639824.00,5.98,-6.80,-0.83,2.52
2018-02-12,11.40,11.45,11.59,11.35,161576,184839889.00,2.11,0.70,0.08,1.10
2018-02-13,11.53,11.65,11.88,11.53,204409,239234108.00,3.06,1.75,0.20,1.39
2018-02-14,11.69,11.71,11.73,11.54,110537,128809838.00,1.63,0.52,0.06,0.75
2018-02-22,11.85,11.84,11.90,11.76,153754,181766217.00,1.20,1.11,0.13,1.05
2018-02-23,11.80,11.88,11.90,11.71,139211,164518712.00,1.60,0.34,0.04,0.95
2018-02-26,11.90,12.04,12.12,11.81,206759,247612344.00,2.61,1.35,0.16,1.41
2018-02-27,11.99,11.80,12.05,11.76,161714,192368355.00,2.41,-1.99,-0.24,1.10
2018-02-28,11.72,11.75,11.78,11.61,139528,163208298.00,1.44,-0.42,-0.05,0.95
2018-03-01,11.67,11.79,11.82,11.63,111709,131285589.00,1.62,0.34,0.04,0.76
2018-03-02,11.69,11.69,11.83,11.61,134032,156836179.00,1.87,-0.85,-0.10,0.91
2018-03-05,11.68,11.64,11.75,11.59,88263,102731702.00,1.37,-0.43,-0.05,0.60
2018-03-06,11.69,11.75,11.76,11.56,156956,183119996.00,1.72,0.95,0.11,1.07
2018-03-07,11.86,11.73,11.94,11.70,196787,233268513.00,2.04,-0.17,-0.02,1.34
2018-03-08,11.73,11.72,11.76,11.66,104142,121864799.00,0.85,-0.09,-0.01,0.71
2018-03-09,11.72,11.84,11.87,11.68,142195,167381839.00,1.62,1.02,0.12,0.97
2018-03-12,11.88,11.91,11.95,11.80,172630,205168586.00,1.27,0.59,0.07,1.18
2018-03-13,11.90,11.82,12.03,11.81,170629,203440751.00,1.85,-0.76,-0.09,1.16
2018-03-14,11.76,11.67,11.79,11.64,130872,153199008.00,1.27,-1.27,-0.15,0.89
2018-03-15,11.60,11.60,11.70,11.57,102306,118816575.00,1.11,-0.60,-0.07,0.70
2018-03-16,11.63,11.57,11.68,11.56,73911,85932206.00,1.03,-0.26,-0.03,0.50
2018-03-19,11.57,11.57,11.61,11.51,69769,80637403.00,0.86,0.00,0.00,0.48
2018-03-20,11.53,11.59,11.62,11.48,74670,86251059.00,1.21,0.17,0.02,0.51
2018-03-21,11.62,11.58,11.73,11.54,90778,105820235.00,1.64,-0.09,-0.01,0.62
2018-03-22,11.59,11.51,11.61,11.45,87349,100596466.00,1.38,-0.60,-0.07,0.60
2018-03-23,11.29,11.07,11.36,10.94,225519,252254971.00,3.65,-3.82,-0.44,1.54
2018-03-26,10.99,11.05,11.06,10.82,106295,116366378.00,2.17,-0.18,-0.02,0.73
2018-03-27,11.15,11.14,11.19,11.07,98007,108987450.00,1.09,0.81,0.09,0.67
2018-03-28,11.02,11.23,11.42,11.02,128718,144966408.00,3.59,0.81,0.09,0.88
2018-03-29,11.19,11.33,11.38,11.14,113748,128214206.00,2.14,0.89,0.10,0.78
2018-03-30,11.32,11.29,11.38,11.24,85458,96459748.00,1.24,-0.35,-0.04,0.58
2018-04-02,11.30,11.28,11.35,11.23,92410,104340034.00,1.06,-0.09,-0.01,0.63
2018-04-03,11.16,11.08,11.22,11.07,93388,103889352.00,1.33,-1.77,-0.20,0.64
2018-04-04,11.13,11.12,11.23,11.10,83751,93443615.00,1.17,0.36,0.04,0.57
2018-04-09,11.09,11.16,11.17,11.04,64955,72129535.00,1.17,0.36,0.04,0.44
2018-04-10,11.17,11.39,11.40,11.14,137108,155035024.00,2.33,2.06,0.23,0.94
2018-04-11,11.44,11.45,11.54,11.35,171298,196165476.00,1.67,0.53,0.06,1.17
2018-04-12,11.41,11.44,11.50,11.35,109708,125249111.00,1.31,-0.09,-0.01,0.75
2018-04-13,11.51,11.32,11.51,11.31,77586,88432909.00,1.75,-1.05,-0.12,0.53
2018-04-16,11.26,11.10,11.29,11.10,95364,106508252.00,1.68,-1.94,-0.22,0.65
2018-04-17,11.11,11.09,11.21,11.07,67248,74866469.00,1.26,-0.09,-0.01,0.46
2018-04-18,11.26,11.15,11.27,11.05,80368,89621753.00,1.98,0.54,0.06,0.55
2018-04-19,11.12,11.21,11.27,11.11,77981,87145542.00,1.43,0.54,0.06,0.53
2018-04-20,11.19,11.01,11.20,10.99,78970,87363899.00,1.87,-1.78,-0.20,0.54
2018-04-23,11.02,11.09,11.12,11.00,47983,53082875.00,1.09,0.73,0.08,0.33
2018-04-24,11.10,11.21,11.29,11.09,111772,125441055.00,1.80,1.08,0.12,0.76
2018-04-25,11.16,11.10,11.21,11.10,70917,79048168.00,0.98,-0.98,-0.11,0.48
2018-04-26,11.13,11.04,11.16,11.01,59167,65497836.00,1.35,-0.54,-0.06,0.40
2018-04-27,11.23,11.40,11.42,11.18,230281,260296249.00,2.17,3.26,0.36,1.56
2018-05-02,11.55,11.50,11.56,11.41,206201,236944069.00,1.32,0.88,0.10,1.40
2018-05-03,11.46,11.50,11.55,11.38,100796,115545567.00,1.48,0.00,0.00,0.68
2018-05-04,11.45,11.37,11.49,11.30,86303,98568860.00,1.65,-1.13,-0.13,0.59
2018-05-07,11.38,11.52,11.56,11.38,100950,116038358.00,1.58,1.32,0.15,0.68
2018-05-08,11.49,11.57,11.64,11.47,109322,126515071.00,1.48,0.43,0.05,0.74
2018-05-09,11.58,11.64,11.68,11.53,100102,116211398.00,1.30,0.61,0.07,0.68
2018-05-10,11.62,11.58,11.68,11.49,91020,105362504.00,1.63,-0.52,-0.06,0.62
2018-05-11,11.61,11.56,11.67,11.53,77139,89492004.00,1.21,-0.17,-0.02,0.52
2018-05-14,11.51,11.69,11.78,11.51,134457,156870971.00,2.34,1.12,0.13,0.91
2018-05-15,11.74,11.75,11.84,11.66,120923,141938007.00,1.54,0.51,0.06,0.82
2018-05-16,11.72,11.60,11.74,11.60,81294,94865253.00,1.19,-1.28,-0.15,0.55
2018-05-17,11.62,11.72,11.75,11.58,80076,93282580.00,1.47,1.03,0.12,0.54
2018-05-18,11.69,11.85,11.86,11.66,116833,137761083.00,1.71,1.11,0.13,0.79
2018-05-21,11.93,11.89,11.95,11.82,114448,136093759.00,1.10,0.34,0.04,0.78
2018-05-22,11.88,11.87,11.89,11.79,83632,98972904.00,0.84,-0.17,-0.02,0.57
2018-05-23,11.85,11.68,11.88,11.67,89786,105754311.00,1.77,-1.60,-0.19,0.61
2018-05-24,11.69,11.78,11.82,11.67,79406,93413165.00,1.28,0.86,0.10,0.54
2018-05-25,11.77,11.67,11.82,11.59,77449,90532495.00,1.95,-0.93,-0.11,0.53
2018-05-28,11.65,11.55,11.68,11.54,71000,82444985.00,1.20,-1.03,-0.12,0.48
2018-05-29,11.56,11.73,11.75,11.48,103853,120621023.00,2.34,1.56,0.18,0.70
2018-05-30,11.61,11.47,11.65,11.42,131941,152424515.00,1.96,-2.22,-0.26,0.90
2018-05-31,11.51,11.72,11.73,11.49,121467,141173637.00,2.09,2.18,0.25,0.82
2018-06-01,11.65,11.78,11.83,11.60,121296,142401886.00,1.96,0.51,0.06,0.82
2018-06-04,11.79,11.81,11.89,11.74,115175,136167514.00,1.27,0.25,0.03,0.78
2018-06-05,11.81,11.76,11.81,11.68,94582,111072064.00,1.10,-0.42,-0.05,0.64
2018-06-06,11.71,11.72,11.74,11.64,67463,78841988.00,0.85,-0.34,-0.04,0.46
2018-06-07,11.73,11.83,11.86,11.70,113875,134386885.00,1.37,0.94,0.11,0.77
2018-06-08,11.81,11.67,11.83,11.65,151775,178279427.00,1.52,-1.35,-0.16,1.02
2018-06-11,11.65,11.85,11.87,11.60,134429,158664463.00,2.31,1.54,0.18,0.90
2018-06-12,11.85,11.86,11.92,11.76,109486,129600190.00,1.35,0.08,0.01,0.74
2018-06-13,11.83,11.67,11.91,11.63,103443,121766453.00,2.36,-1.60,-0.19,0.70
2018-06-14,11.63,11.53,11.69,11.48,109600,126699003.00,1.80,-1.20,-0.14,0.74
2018-06-15,11.51,11.55,11.61,11.50,123832,142858908.00,0.95,0.17,0.02,0.83
2018-06-19,11.40,11.07,11.63,10.88,159857,180002674.00,6.49,-4.16,-0.48,1.08
2018-06-20,11.03,11.01,11.21,10.89,140015,154470415.00,2.89,-0.54,-0.06,0.94
2018-06-21,11.01,11.00,11.17,10.93,131800,145570767.00,2.18,-0.09,-0.01,0.89
2018-06-22,10.93,11.04,11.04,10.81,144925,158461538.00,2.09,0.36,0.04,0.97
2018-06-25,11.11,10.90,11.14,10.89,111430,122672567.00,2.26,-1.27,-0.14,0.75
2018-06-26,10.89,10.82,10.95,10.75,133934,145168785.00,1.83,-0.73,-0.08,0.90
2018-06-27,10.84,10.85,10.95,10.78,96283,104530159.00,1.57,0.28,0.03,0.65
2018-06-28,10.79,10.87,10.92,10.77,80227,87004077.00,1.38,0.18,0.02,0.54
2018-06-29,10.88,11.09,11.14,10.86,112304,123456731.00,2.58,2.02,0.22,0.76
2018-07-02,11.10,10.92,11.21,10.84,110809,122427024.00,3.34,-1.53,-0.17,0.75
2018-07-03,10.93,11.05,11.05,10.85,98468,108044822.00,1.83,1.19,0.13,0.66
2018-07-04,7.62,7.55,7.68,7.54,90326,68769796.00,1.27,-31.67,-3.50,0.43
2018-07-05,7.50,7.31,7.53,7.30,158381,117230495.00,3.05,-3.18,-0.24,0.76
2018-07-06,7.40,7.43,7.48,7.28,124106,91882335.00,2.74,1.64,0.12,0.60
2018-07-09,7.42,7.58,7.61,7.42,108444,81850213.00,2.56,2.02,0.15,0.52
2018-07-10,7.60,7.60,7.61,7.55,103990,78844943.00,0.79,0.26,0.02,0.50
2018-07-11,7.53,7.56,7.58,7.40,102013,76335382.00,2.37,-0.53,-0.04,0.49
2018-07-12,7.52,7.68,7.72,7.51,163789,125733987.00,2.78,1.59,0.12,0.79
2018-07-13,7.70,7.65,7.71,7.62,76130,58284285.00,1.17,-0.39,-0.03,0.37
2018-07-16,7.64,7.59,7.67,7.54,67379,51090354.00,1.70,-0.78,-0.06,0.32
2018-07-17,7.68,7.71,7.73,7.65,148285,114166478.00,1.05,1.58,0.12,0.71
2018-07-18,7.72,7.68,7.75,7.65,113740,87670025.00,1.30,-0.39,-0.03,0.55
2018-07-19,7.68,7.69,7.72,7.64,82579,63443056.00,1.04,0.13,0.01,0.40
2018-07-20,7.70,8.00,8.09,7.63,340222,270158208.00,5.98,4.03,0.31,1.63
2018-07-23,7.96,8.03,8.09,7.90,319163,255924695.00,2.38,0.38,0.03,1.53
2018-07-24,8.11,8.21,8.33,8.11,447010,367318544.00,2.74,2.24,0.18,2.15
2018-07-25,8.18,8.14,8.22,8.09,184834,150674117.00,1.58,-0.85,-0.07,0.89
2018-07-26,8.19,8.14,8.21,8.10,126234,102783521.00,1.35,0.00,0.00,0.61
2018-07-27,8.12,8.08,8.14,8.03,108293,87511796.00,1.35,-0.74,-0.06,0.52
2018-07-30,8.09,8.12,8.19,8.07,125672,102093243.00,1.49,0.50,0.04,0.60
2018-07-31,8.12,8.13,8.24,8.05,134911,109662421.00,2.34,0.12,0.01,0.65
2018-08-01,8.12,7.94,8.16,7.91,124193,100224499.00,3.08,-2.34,-0.19,0.60
2018-08-02,7.94,7.85,7.97,7.66,143702,112506432.00,3.90,-1.13,-0.09,0.69
2018-08-03,7.83,7.80,7.90,7.76,84535,66228305.00,1.78,-0.64,-0.05,0.41
2018-08-06,7.79,7.83,7.91,7.78,134163,105324842.00,1.67,0.38,0.03,0.64
2018-08-07,7.82,7.97,7.99,7.74,132238,104332663.00,3.19,1.79,0.14,0.64
2018-08-08,7.98,7.89,7.99,7.85,84006,66580018.00,1.76,-1.00,-0.08,0.40
2018-08-09,7.86,8.03,8.06,7.83,130410,104251092.00,2.92,1.77,0.14,0.63
2018-08-10,8.02,8.05,8.06,7.97,84903,68098718.00,1.12,0.25,0.02,0.41
2018-08-13,7.99,7.97,8.01,7.87,91339,72512263.00,1.74,-0.99,-0.08,0.44
2018-08-14,7.95,7.90,7.97,7.88,74224,58719697.00,1.13,-0.88,-0.07,0.36
2018-08-15,7.89,7.79,7.90,7.75,105448,82416579.00,1.90,-1.39,-0.11,0.51
2018-08-16,7.75,7.77,7.82,7.69,72983,56658798.00,1.67,-0.26,-0.02,0.35
2018-08-17,7.80,7.71,7.84,7.67,74554,57671449.00,2.19,-0.77,-0.06,0.36
2018-08-20,7.72,7.73,7.77,7.66,70782,54532938.00,1.43,0.26,0.02,0.34
2018-08-21,7.72,7.76,7.84,7.71,90781,70553543.00,1.68,0.39,0.03,0.44
2018-08-22,7.75,7.71,7.77,7.67,50371,38804868.00,1.29,-0.64,-0.05,0.24
2018-08-23,7.69,7.71,7.75,7.65,70024,54062814.00,1.30,0.00,0.00,0.34
2018-08-24,7.70,7.87,7.99,7.68,177849,139797951.00,4.02,2.08,0.16,0.85
2018-08-27,7.87,7.99,7.99,7.84,156300,123761375.00,1.91,1.52,0.12,0.75
2018-08-28,7.98,7.94,8.01,7.90,96618,76862958.00,1.38,-0.63,-0.05,0.46
2018-08-29,7.92,7.95,7.98,7.90,59323,47103190.00,1.01,0.13,0.01,0.29
2018-08-30,7.92,7.94,7.98,7.90,83988,66661736.00,1.01,-0.13,-0.01,0.40
2018-08-31,7.93,8.02,8.04,7.87,132340,105312419.00,2.14,1.01,0.08,0.64
2018-09-03,7.98,7.88,7.98,7.79,157960,124250728.00,2.37,-1.75,-0.14,0.76
2018-09-04,7.87,7.90,7.97,7.81,106649,84158558.00,2.03,0.25,0.02,0.51
2018-09-05,7.86,7.78,7.90,7.75,103923,81439280.00,1.90,-1.52,-0.12,0.50
2018-09-06,7.75,7.77,7.83,7.72,79515,61707168.00,1.41,-0.13,-0.01,0.38
2018-09-07,7.75,7.78,7.85,7.74,82895,64579714.00,1.42,0.13,0.01,0.40
2018-09-10,7.78,7.71,7.80,7.69,61144,47276741.00,1.41,-0.90,-0.07,0.29
2018-09-11,7.72,7.76,7.78,7.68,65116,50334144.00,1.30,0.65,0.05,0.31
2018-09-12,7.74,7.78,7.81,7.72,43332,33701403.00,1.16,0.26,0.02,0.21
2018-09-13,7.83,7.84,7.86,7.78,76282,59563172.00,1.03,0.77,0.06,0.37
2018-09-14,7.82,7.65,7.83,7.50,264737,201528105.00,4.21,-2.42,-0.19,1.27
2018-09-17,7.59,7.51,7.59,7.51,85675,64779797.00,1.05,-1.83,-0.14,0.41
2018-09-18,7.50,7.57,7.57,7.37,217750,162272503.00,2.66,0.80,0.06,1.05
2018-09-19,7.52,7.58,7.61,7.47,218943,165136478.00,1.85,0.13,0.01,1.05
2018-09-20,7.57,7.54,7.59,7.52,134611,101704703.00,0.92,-0.53,-0.04,0.65
2018-09-21,7.56,7.76,7.80,7.53,263570,201915593.00,3.58,2.92,0.22,1.27
2018-09-25,7.69,7.68,7.72,7.66,121113,93027427.00,0.77,-1.03,-0.08,0.58
2018-09-26,7.68,7.72,7.82,7.68,201135,155932064.00,1.82,0.52,0.04,0.97
2018-09-27,7.72,7.67,7.75,7.65,138210,106345248.00,1.30,-0.65,-0.05,0.66
2018-09-28,7.71,7.82,7.85,7.69,211326,164452486.00,2.09,1.96,0.15,1.02
2018-10-08,7.69,7.62,7.78,7.59,180978,139350553.00,2.43,-2.56,-0.20,0.87
2018-10-09,7.62,7.70,7.71,7.62,88604,67938763.00,1.18,1.05,0.08,0.43
2018-10-10,7.72,7.75,7.76,7.66,88785,68500936.00,1.30,0.65,0.05,0.43
2018-10-11,7.61,7.55,7.66,7.36,198019,149184046.00,3.87,-2.58,-0.20,0.95
2018-10-12,7.49,7.61,7.65,7.40,147896,111748110.00,3.31,0.79,0.06,0.71
2018-10-15,7.64,7.61,7.69,7.49,109333,82798334.00,2.63,0.00,0.00,0.53
2018-10-16,7.58,7.61,7.69,7.56,120909,92182090.00,1.71,0.00,0.00,0.58
2018-10-17,7.65,7.60,7.66,7.48,95101,72061502.00,2.37,-0.13,-0.01,0.46
2018-10-18,7.57,7.44,7.57,7.43,68654,51506337.00,1.84,-2.11,-0.16,0.33
2018-10-19,7.39,7.58,7.59,7.36,97234,72915520.00,3.09,1.88,0.14,0.47
2018-10-22,7.59,7.86,7.95,7.58,263054,205639343.00,4.88,3.69,0.28,1.26
2018-10-23,7.84,7.72,7.89,7.69,140145,108915088.00,2.54,-1.78,-0.14,0.67
2018-10-24,7.71,7.99,8.30,7.69,446889,358777616.00,7.90,3.50,0.27,2.15
2018-10-25,7.80,8.00,8.06,7.76,349225,277170992.00,3.75,0.13,0.01,1.68
2018-10-26,8.01,7.95,8.02,7.88,181597,144346390.00,1.75,-0.63,-0.05,0.87
2018-10-29,8.00,7.90,8.00,7.80,180518,142517260.00,2.52,-0.63,-0.05,0.87
2018-10-30,7.85,8.04,8.10,7.83,463861,372089808.00,3.42,1.77,0.14,2.23
2018-10-31,8.05,7.98,8.05,7.90,249836,199589555.00,1.87,-0.75,-0.06,1.20
2018-11-01,7.96,7.94,8.06,7.93,240522,192306989.00,1.63,-0.50,-0.04,1.16
2018-11-02,8.02,8.09,8.13,7.96,385167,309944624.00,2.14,1.89,0.15,1.85
2018-11-05,8.03,7.97,8.06,7.92,240971,192544378.00,1.73,-1.48,-0.12,1.16
2018-11-06,7.98,7.93,7.98,7.87,133064,105301004.00,1.38,-0.50,-0.04,0.64
2018-11-07,7.93,7.90,7.97,7.88,139972,110875128.00,1.13,-0.38,-0.03,0.67
2018-11-08,7.96,7.91,7.99,7.89,125756,99889716.00,1.27,0.13,0.01,0.60
2018-11-09,7.89,7.73,7.90,7.72,215897,167903282.00,2.28,-2.28,-0.18,1.04
2018-11-12,7.74,7.78,7.78,7.71,148972,115373177.00,0.91,0.65,0.05,0.72
2018-11-13,7.71,7.85,7.86,7.69,226196,175918580.00,2.19,0.90,0.07,1.09
2018-11-14,7.83,7.81,7.90,7.78,151469,118844501.00,1.53,-0.51,-0.04,0.73
2018-11-15,7.82,7.88,7.90,7.80,154246,121213641.00,1.28,0.90,0.07,0.74
2018-11-16,7.86,7.96,8.04,7.84,242937,192997105.00,2.54,1.02,0.08,1.17
2018-11-19,7.98,8.04,8.08,7.95,353827,284078064.00,1.63,1.01,0.08,1.70
2018-11-20,8.00,7.91,8.02,7.90,218470,173790343.00,1.49,-1.62,-0.13,1.05
2018-11-21,7.87,7.96,7.99,7.87,162210,128762582.00,1.52,0.63,0.05,0.78
2018-11-22,7.96,7.91,7.96,7.90,120080,95185795.00,0.75,-0.63,-0.05,0.58
2018-11-23,7.93,7.76,7.95,7.73,163165,127790087.00,2.78,-1.90,-0.15,0.78
2018-11-26,7.77,7.79,7.87,7.75,96285,75141200.00,1.55,0.39,0.03,0.46
2018-11-27,7.84,7.73,7.86,7.71,97651,76088140.00,1.93,-0.77,-0.06,0.47
2018-11-28,7.74,7.78,7.82,7.73,84283,65485007.00,1.16,0.65,0.05,0.40
2018-11-29,7.83,7.72,7.83,7.70,98837,76741857.00,1.67,-0.77,-0.06,0.47
2018-11-30,7.70,7.72,7.76,7.68,82558,63707427.00,1.04,0.00,0.00,0.40
2018-12-03,7.85,7.82,7.88,7.77,157303,123249858.00,1.42,1.30,0.10,0.76
2018-12-04,7.83,7.86,7.86,7.80,94317,73939981.00,0.77,0.51,0.04,0.45
2018-12-05,7.79,7.78,7.81,7.76,79226,61686207.00,0.64,-1.02,-0.08,0.38
2018-12-06,7.77,7.71,7.77,7.70,84774,65468526.00,0.90,-0.90,-0.07,0.41
2018-12-07,7.73,7.71,7.74,7.70,41596,32103267.00,0.52,0.00,0.00,0.20
2018-12-10,7.69,7.61,7.72,7.60,84847,64797724.00,1.56,-1.30,-0.10,0.41
2018-12-11,7.63,7.63,7.66,7.61,67114,51231240.00,0.66,0.26,0.02,0.32
2018-12-12,7.65,7.63,7.67,7.60,65172,49764882.00,0.92,0.00,0.00,0.31
2018-12-13,7.63,7.70,7.74,7.59,109281,83899456.00,1.97,0.92,0.07,0.52
2018-12-14,7.68,7.60,7.68,7.58,77117,58809566.00,1.30,-1.30,-0.10,0.37
2018-12-17,7.58,7.64,7.65,7.57,63156,48134609.00,1.05,0.53,0.04,0.30
2018-12-18,7.62,7.65,7.66,7.59,52023,39700116.00,0.92,0.13,0.01,0.25
2018-12-19,7.65,7.60,7.66,7.58,54418,41422565.00,1.05,-0.65,-0.05,0.26
2018-12-20,7.60,7.46,7.60,7.41,164681,123045569.00,2.50,-1.84,-0.14,0.79
2018-12-21,7.45,7.44,7.46,7.37,98044,72571635.00,1.21,-0.27,-0.02,0.47
2018-12-24,7.40,7.44,7.45,7.38,53065,39350604.00,0.94,0.00,0.00,0.25
2018-12-25,7.40,7.40,7.41,7.32,95152,70031812.00,1.21,-0.54,-0.04,0.46
2018-12-26,7.40,7.39,7.42,7.36,37901,27989242.00,0.81,-0.14,-0.01,0.18
2018-12-27,7.46,7.37,7.47,7.34,97114,71840091.00,1.76,-0.27,-0.02,0.47
2018-12-28,7.36,7.40,7.44,7.35,72130,53390206.00,1.22,0.41,0.03,0.35
2019-01-02,7.41,7.36,7.41,7.30,84923,62401127.00,1.49,-0.54,-0.04,0.41
2019-01-03,7.38,7.41,7.44,7.35,87087,64478379.00,1.22,0.68,0.05,0.42
2019-01-04,7.36,7.57,7.60,7.34,205988,154426038.00,3.51,2.16,0.16,0.99
2019-01-07,7.59,7.54,7.59,7.50,139861,105289187.00,1.19,-0.40,-0.03,0.67
2019-01-08,7.51,7.49,7.53,7.47,88947,66629564.00,0.80,-0.66,-0.05,0.43
2019-01-09,7.49,7.51,7.58,7.49,147993,111740560.00,1.20,0.27,0.02,0.71
2019-01-10,7.50,7.53,7.56,7.48,94109,70760481.00,1.07,0.27,0.02,0.45
2019-01-11,7.52,7.53,7.55,7.50,58799,44228146.00,0.66,0.00,0.00,0.28
2019-01-14,7.55,7.49,7.55,7.46,61402,46006978.00,1.20,-0.53,-0.04,0.29
2019-01-15,7.49,7.55,7.56,7.48,85034,64011879.00,1.07,0.80,0.06,0.41
2019-01-16,7.54,7.54,7.58,7.53,51181,38652987.00,0.66,-0.13,-0.01,0.25
2019-01-17,7.55,7.55,7.60,7.52,87526,66205378.00,1.06,0.13,0.01,0.42
2019-01-18,7.56,7.61,7.63,7.55,93703,71165615.00,1.06,0.79,0.06,0.45
2019-01-21,7.62,7.61,7.66,7.57,96587,73520672.00,1.18,0.00,0.00,0.46
2019-01-22,7.61,7.56,7.61,7.55,61108,46318158.00,0.79,-0.66,-0.05,0.29
2019-01-23,7.54,7.55,7.59,7.53,43986,33240879.00,0.79,-0.13,-0.01,0.21
2019-01-24,7.55,7.57,7.58,7.52,68931,52084036.00,0.79,0.26,0.02,0.33
2019-01-25,7.57,7.63,7.65,7.57,110001,83900469.00,1.06,0.79,0.06,0.53
2019-01-28,7.66,7.58,7.70,7.56,97466,74418651.00,1.83,-0.66,-0.05,0.47
2019-01-29,7.58,7.64,7.65,7.52,154211,117235747.00,1.72,0.79,0.06,0.74
2019-01-30,7.67,7.68,7.74,7.64,192149,147708886.00,1.31,0.52,0.04,0.92
2019-01-31,7.68,7.78,7.79,7.65,246977,191091321.00,1.82,1.30,0.10,1.19
2019-02-01,7.78,7.80,7.81,7.73,163856,127227557.00,1.03,0.26,0.02,0.79
2019-02-11,7.80,7.91,7.92,7.76,211197,166037269.00,2.05,1.41,0.11,1.01
2019-02-12,7.92,7.95,7.95,7.87,201838,159613486.00,1.01,0.51,0.04,0.97
2019-02-13,7.93,7.96,7.98,7.87,357940,283745888.00,1.38,0.13,0.01,1.72
2019-02-14,7.94,7.99,7.99,7.90,332618,264339179.00,1.13,0.38,0.03,1.60
2019-02-15,7.96,7.85,7.97,7.84,191055,151044330.00,1.63,-1.75,-0.14,0.92
2019-02-18,7.86,7.97,7.98,7.85,277956,220005568.00,1.66,1.53,0.12,1.34
2019-02-19,7.96,7.97,8.07,7.92,303621,242195112.00,1.88,0.00,0.00,1.46
2019-02-20,7.95,7.93,7.99,7.90,160603,127508073.00,1.13,-0.50,-0.04,0.77
2019-02-21,7.94,7.88,7.95,7.87,171295,135462447.00,1.01,-0.63,-0.05,0.82
2019-02-22,7.86,8.08,8.08,7.82,326111,259628404.00,3.30,2.54,0.20,1.57
2019-02-25,8.26,8.88,8.89,8.19,1230730,1050859200.00,8.66,9.90,0.80,5.91
2019-02-26,8.91,8.62,8.91,8.59,828334,725906144.00,3.60,-2.93,-0.26,3.98
2019-02-27,8.60,9.02,9.33,8.55,1172167,1049634144.00,9.05,4.64,0.40,5.63
2019-02-28,8.91,8.81,9.10,8.77,530826,472573440.00,3.66,-2.33,-0.21,2.55
2019-03-01,8.89,8.96,8.98,8.70,470461,416307568.00,3.18,1.70,0.15,2.26
2019-03-04,9.08,9.00,9.44,8.90,1040497,948980256.00,6.03,0.45,0.04,5.00
2019-03-05,8.88,8.93,8.99,8.82,510347,454145600.00,1.89,-0.78,-0.07,2.45
2019-03-06,8.90,9.03,9.08,8.87,560417,502808384.00,2.35,1.12,0.10,2.69
2019-03-07,9.07,9.19,9.35,8.95,912027,836324880.00,4.43,1.77,0.16,4.38
2019-03-08,8.96,8.49,8.96,8.49,814869,714003088.00,5.11,-7.62,-0.70,3.91
2019-03-11,8.49,8.65,8.68,8.43,379009,324255824.00,2.94,1.88,0.16,1.82
2019-03-12,8.70,8.66,8.82,8.58,397389,347067680.00,2.77,0.12,0.01,1.91
2019-03-13,8.65,8.91,9.04,8.56,641604,566003856.00,5.54,2.89,0.25,3.08
2019-03-14,8.84,8.62,8.89,8.56,439234,381789408.00,3.70,-3.25,-0.29,2.11
2019-03-15,8.67,8.68,8.76,8.62,276083,239882995.00,1.62,0.70,0.06,1.33
2019-03-18,8.71,8.82,8.90,8.58,411840,361377920.00,3.69,1.61,0.14,1.98
2019-03-19,8.85,8.86,8.92,8.77,345855,306231776.00,1.70,0.45,0.04,1.66
2019-03-20,8.80,8.85,8.92,8.75,292768,258704513.00,1.92,-0.11,-0.01,1.41
2019-03-21,8.87,8.82,8.89,8.80,310843,274988832.00,1.02,-0.34,-0.03,1.49
2019-03-22,8.83,8.73,8.84,8.60,271612,236966466.00,2.72,-1.02,-0.09,1.30
2019-03-25,8.60,8.57,8.69,8.56,253435,218365679.00,1.49,-1.83,-0.16,1.22
2019-03-26,8.60,8.35,8.61,8.34,309621,261949379.00,3.15,-2.57,-0.22,1.49
2019-03-27,8.42,8.39,8.46,8.33,209316,175669081.00,1.56,0.48,0.04,1.01
2019-03-28,8.36,8.32,8.39,8.28,234950,195807927.00,1.31,-0.83,-0.07,1.13
2019-03-29,8.35,8.61,8.63,8.35,392244,334328320.00,3.37,3.49,0.29,1.88
2019-04-01,8.69,8.75,8.80,8.63,465715,407499344.00,1.97,1.63,0.14,2.24
2019-04-02,8.77,8.67,8.81,8.63,483157,420468160.00,2.06,-0.91,-0.08,2.32
2019-04-03,8.60,8.72,8.72,8.57,356125,307834352.00,1.73,0.58,0.05,1.71
2019-04-04,8.73,8.85,8.96,8.72,674643,597125984.00,2.75,1.49,0.13,3.24
2019-04-08,8.91,8.95,9.18,8.86,802834,724323424.00,3.62,1.13,0.10,3.86
2019-04-09,8.95,8.90,8.99,8.82,333776,297011904.00,1.90,-0.56,-0.05,1.60
2019-04-10,8.84,8.79,8.86,8.75,283455,249282597.00,1.24,-1.24,-0.11,1.36
2019-04-11,8.84,8.70,8.92,8.69,282649,248698308.00,2.62,-1.02,-0.09,1.36
2019-04-12,8.67,8.70,8.75,8.64,205207,178270804.00,1.26,0.00,0.00,0.99
2019-04-15,8.84,8.71,8.95,8.71,447082,395846640.00,2.76,0.11,0.01,2.15
2019-04-16,8.69,9.05,9.10,8.63,826164,739399360.00,5.40,3.90,0.34,3.97
2019-04-17,9.06,8.97,9.14,8.91,439633,395678896.00,2.54,-0.88,-0.08,2.11
2019-04-18,9.04,8.97,9.08,8.92,272621,244918252.00,1.78,0.00,0.00,1.31
2019-04-19,8.98,9.01,9.08,8.93,283700,255071072.00,1.67,0.45,0.04,1.36
2019-04-22,9.04,8.82,9.08,8.80,337971,301321024.00,3.11,-2.11,-0.19,1.62
2019-04-23,8.82,8.74,8.85,8.71,262151,230241179.00,1.59,-0.91,-0.08,1.26
2019-04-24,8.76,8.74,8.80,8.65,204265,178471195.00,1.72,0.00,0.00,0.98
2019-04-25,8.74,8.67,8.91,8.62,378412,331823984.00,3.32,-0.80,-0.07,1.82
2019-04-26,8.63,8.54,8.66,8.52,299753,257225625.00,1.61,-1.50,-0.13,1.44
2019-04-29,8.57,8.71,8.82,8.57,492416,429032960.00,2.93,1.99,0.17,2.37
2019-04-30,8.71,8.88,8.89,8.67,393443,346678896.00,2.53,1.95,0.17,1.89
2019-05-06,8.70,8.65,8.95,8.50,554623,484207248.00,5.07,-2.59,-0.23,2.66
2019-05-07,8.70,8.64,8.72,8.57,310233,267999628.00,1.73,-0.12,-0.01,1.49
2019-05-08,8.55,8.54,8.66,8.43,230967,197409115.00,2.66,-1.16,-0.10,1.11
2019-05-09,8.46,8.36,8.54,8.31,196903,165631533.00,2.69,-2.11,-0.18,0.95
2019-05-10,8.40,8.51,8.54,8.29,219713,185766088.00,2.99,1.79,0.15,1.06
2019-05-13,8.43,8.37,8.45,8.34,126381,105925216.00,1.29,-1.65,-0.14,0.61
2019-05-14,8.29,8.32,8.38,8.26,232248,193014451.00,1.43,-0.60,-0.05,1.12
2019-05-15,8.33,8.42,8.45,8.32,178318,149606063.00,1.56,1.20,0.10,0.86
2019-05-16,8.39,8.38,8.41,8.33,169500,141777668.00,0.95,-0.48,-0.04,0.81
2019-05-17,8.40,8.23,8.41,8.20,174917,145132099.00,2.51,-1.79,-0.15,0.84
2019-05-20,8.21,8.19,8.26,8.14,145474,119026816.00,1.46,-0.49,-0.04,0.70
2019-05-21,8.17,8.26,8.32,8.17,125403,103517535.00,1.83,0.85,0.07,0.60
2019-05-22,8.25,8.26,8.30,8.21,101884,84075710.00,1.09,0.00,0.00,0.49
2019-05-23,8.25,8.18,8.28,8.16,103298,84794308.00,1.45,-0.97,-0.08,0.50
2019-05-24,8.19,8.26,8.32,8.19,111703,92207483.00,1.59,0.98,0.08,0.54
2019-05-27,8.24,8.33,8.35,8.13,175392,144712656.00,2.66,0.85,0.07,0.84
2019-05-28,8.35,8.31,8.37,8.22,204040,169571775.00,1.80,-0.24,-0.02,0.98
2019-05-29,8.26,8.26,8.31,8.21,118350,97686549.00,1.20,-0.60,-0.05,0.57
2019-05-30,8.25,8.22,8.25,8.15,84546,69249539.00,1.21,-0.48,-0.04,0.41
2019-05-31,8.24,8.21,8.25,8.17,74792,61430211.00,0.97,-0.12,-0.01,0.36
2019-06-03,8.24,8.20,8.27,8.15,121789,99755289.00,1.46,-0.12,-0.01,0.59
2019-06-04,8.19,8.18,8.21,8.14,82651,67480957.00,0.85,-0.24,-0.02,0.40
2019-06-05,8.21,8.19,8.24,8.11,88358,72445220.00,1.59,0.12,0.01,0.42
2019-06-06,8.20,8.17,8.20,8.14,87670,71586421.00,0.73,-0.24,-0.02,0.42
2019-06-10,8.20,8.19,8.23,8.10,105523,86447909.00,1.59,0.24,0.02,0.51
2019-06-11,8.20,8.32,8.35,8.18,185094,153314214.00,2.08,1.59,0.13,0.89
2019-06-12,8.31,8.28,8.32,8.24,108588,89832005.00,0.96,-0.48,-0.04,0.52
2019-06-13,8.27,8.29,8.34,8.24,95445,79135489.00,1.21,0.12,0.01,0.46
2019-06-14,8.28,8.22,8.33,8.20,99137,81975457.00,1.57,-0.84,-0.07,0.48
2019-06-17,8.25,8.27,8.31,8.23,76309,63094197.00,0.97,0.61,0.05,0.37
2019-06-18,8.26,8.28,8.29,8.23,59088,48840931.00,0.73,0.12,0.01,0.28
2019-06-19,8.39,8.31,8.45,8.31,158795,132629796.00,1.69,0.36,0.03,0.76
2019-06-20,8.31,8.47,8.53,8.28,338847,285739408.00,3.01,1.93,0.16,1.63
2019-06-21,8.45,8.47,8.54,8.43,196450,166355985.00,1.30,0.00,0.00,0.94
2019-06-24,8.46,8.43,8.48,8.42,126031,106312717.00,0.71,-0.47,-0.04,0.61
2019-06-25,8.44,8.36,8.45,8.30,147155,123008100.00,1.78,-0.83,-0.07,0.71
2019-06-26,8.33,8.37,8.40,8.31,85613,71622992.00,1.08,0.12,0.01,0.41
2019-06-27,8.35,8.38,8.45,8.35,97431,81857966.00,1.19,0.12,0.01,0.47
2019-06-28,8.39,8.33,8.40,8.30,84099,70104432.00,1.19,-0.60,-0.05,0.40
2019-07-01,8.40,8.48,8.51,8.40,193290,163039003.00,1.32,1.80,0.15,0.93
2019-07-02,8.47,8.50,8.51,8.42,185350,156893896.00,1.06,0.24,0.02,0.89
2019-07-03,8.48,8.51,8.51,8.45,204191,173189176.00,0.71,0.12,0.01,0.98
2019-07-04,8.25,8.20,8.27,8.18,201848,165898815.00,1.06,-3.64,-0.31,0.97
2019-07-05,8.20,8.19,8.22,8.15,88290,72291353.00,0.85,-0.12,-0.01,0.42
2019-07-08,8.18,8.09,8.19,8.07,153222,124352103.00,1.47,-1.22,-0.10,0.74
2019-07-09,8.08,8.05,8.10,8.01,126477,101860133.00,1.11,-0.49,-0.04,0.61
2019-07-10,8.06,7.99,8.07,7.95,127132,101884730.00,1.49,-0.75,-0.06,0.61
2019-07-11,8.01,7.98,8.03,7.96,89548,71595104.00,0.88,-0.13,-0.01,0.43
2019-07-12,7.97,8.02,8.06,7.96,96426,77289235.00,1.25,0.50,0.04,0.46
2019-07-15,8.01,8.06,8.08,7.94,101656,81494687.00,1.75,0.50,0.04,0.49
2019-07-16,8.18,8.26,8.30,8.18,357415,294469840.00,1.49,2.48,0.20,1.72
2019-07-17,8.24,8.22,8.27,8.19,160492,132002193.00,0.97,-0.48,-0.04,0.77
2019-07-18,8.20,8.15,8.22,8.10,119358,97645842.00,1.46,-0.85,-0.07,0.57
2019-07-19,8.17,8.16,8.24,8.16,122266,100194008.00,0.98,0.12,0.01,0.59
2019-07-22,8.20,8.20,8.27,8.13,170648,140284842.00,1.72,0.49,0.04,0.82
2019-07-23,8.20,8.24,8.25,8.18,98903,81290654.00,0.85,0.49,0.04,0.48
2019-07-24,8.27,8.25,8.33,8.24,163502,135506754.00,1.09,0.12,0.01,0.79
2019-07-25,8.28,8.36,8.43,8.24,349765,291953600.00,2.30,1.33,0.11,1.68
2019-07-26,8.34,8.38,8.39,8.31,201751,168796385.00,0.96,0.24,0.02,0.97
2019-07-29,8.40,8.48,8.57,8.38,410448,348428208.00,2.27,1.19,0.10,1.97
2019-07-30,8.51,8.57,8.63,8.47,360037,307673120.00,1.89,1.06,0.09,1.73
2019-07-31,8.55,8.47,8.57,8.47,200282,170431881.00,1.17,-1.17,-0.10,0.96
2019-08-01,8.44,8.45,8.52,8.38,238112,200907268.00,1.65,-0.24,-0.02,1.14
2019-08-02,8.35,8.38,8.40,8.32,160204,133856238.00,0.95,-0.83,-0.07,0.77
2019-08-05,8.35,8.24,8.38,8.24,160229,132977580.00,1.67,-1.67,-0.14,0.77
2019-08-06,8.15,8.15,8.19,8.04,248588,201769791.00,1.82,-1.09,-0.09,1.19
2019-08-07,8.18,8.08,8.20,8.08,155225,125936087.00,1.47,-0.86,-0.07,0.75
2019-08-08,8.12,8.14,8.21,8.05,199317,162145275.00,1.98,0.74,0.06,0.96
2019-08-09,8.20,8.08,8.21,8.06,149529,121409276.00,1.84,-0.74,-0.06,0.72
2019-08-12,8.07,8.17,8.17,8.05,119819,97235710.00,1.49,1.11,0.09,0.58
2019-08-13,8.12,8.09,8.15,8.07,79374,64300785.00,0.98,-0.98,-0.08,0.38
2019-08-14,8.17,8.08,8.18,8.07,107064,86866023.00,1.36,-0.12,-0.01,0.51
2019-08-15,7.96,8.04,8.06,7.92,127381,101842958.00,1.73,-0.50,-0.04,0.61
2019-08-16,8.06,8.03,8.07,7.99,107699,86571278.00,1.00,-0.12,-0.01,0.52
2019-08-19,8.02,8.13,8.13,7.93,272712,218947056.00,2.49,1.25,0.10,1.31
2019-08-20,8.10,8.06,8.10,8.05,127752,103198233.00,0.62,-0.86,-0.07,0.61
2019-08-21,8.06,8.06,8.12,8.04,89892,72648404.00,0.99,0.00,0.00,0.43
2019-08-22,8.07,8.05,8.08,8.03,66609,53644649.00,0.62,-0.12,-0.01,0.32
2019-08-23,8.06,8.07,8.09,8.03,79159,63872955.00,0.75,0.25,0.02,0.38
2019-08-26,7.99,7.99,8.02,7.95,110943,88529440.00,0.87,-0.99,-0.08,0.53
2019-08-27,7.98,8.05,8.10,7.98,182374,146945999.00,1.50,0.75,0.06,0.88
2019-08-28,8.10,8.05,8.12,8.03,92252,74403678.00,1.12,0.00,0.00,0.44
2019-08-29,8.07,8.06,8.09,8.03,70341,56694127.00,0.75,0.12,0.01,0.34
2019-08-30,8.10,7.98,8.11,7.96,138916,111413208.00,1.86,-0.99,-0.08,0.67
2019-09-02,7.97,8.05,8.07,7.97,155813,125097939.00,1.25,0.88,0.07,0.75
2019-09-03,8.05,8.09,8.13,8.02,142840,115249963.00,1.37,0.50,0.04,0.69
2019-09-04,8.08,8.17,8.26,8.08,196334,160700248.00,2.22,0.99,0.08,0.94
2019-09-05,8.23,8.28,8.38,8.23,321578,267491491.00,1.84,1.35,0.11,1.54
2019-09-06,8.30,8.40,8.42,8.27,231085,192692925.00,1.81,1.45,0.12,1.11
2019-09-09,8.50,8.41,8.53,8.38,280910,237052165.00,1.79,0.12,0.01,1.35
2019-09-10,8.41,8.45,8.47,8.36,179969,151577379.00,1.31,0.48,0.04,0.86
2019-09-11,8.50,8.50,8.53,8.43,239977,203579378.00,1.18,0.59,0.05,1.15
2019-09-12,8.51,8.50,8.52,8.44,125763,106658366.00,0.94,0.00,0.00,0.60
2019-09-16,8.52,8.48,8.53,8.42,107729,91198239.00,1.29,-0.24,-0.02,0.52
2019-09-17,8.46,8.31,8.47,8.28,144122,120400284.00,2.24,-2.00,-0.17,0.69
2019-09-18,8.32,8.30,8.36,8.30,74421,61954097.00,0.72,-0.12,-0.01,0.36
2019-09-19,8.33,8.33,8.35,8.29,61182,50889666.00,0.72,0.36,0.03,0.29
2019-09-20,8.32,8.34,8.36,8.30,84685,70577793.00,0.72,0.12,0.01,0.41
2019-09-23,8.34,8.27,8.35,8.22,97021,80116726.00,1.56,-0.84,-0.07,0.47
2019-09-24,8.29,8.25,8.34,8.25,71954,59686181.00,1.09,-0.24,-0.02,0.35
2019-09-25,8.24,8.37,8.46,8.22,171807,143658901.00,2.91,1.45,0.12,0.83
2019-09-26,8.38,8.44,8.58,8.34,353367,298695616.00,2.87,0.84,0.07,1.70
2019-09-27,8.42,8.44,8.50,8.38,136308,114919199.00,1.42,0.00,0.00,0.65
2019-09-30,8.42,8.45,8.53,8.42,185751,157552940.00,1.30,0.12,0.01,0.89
2019-10-08,8.42,8.52,8.60,8.33,256873,218243541.00,3.20,0.83,0.07,1.23
2019-10-09,8.50,8.59,8.77,8.45,356207,307493152.00,3.76,0.82,0.07,1.71
2019-10-10,8.58,8.61,8.68,8.55,197864,170464784.00,1.51,0.23,0.02,0.95
2019-10-11,8.67,8.69,8.74,8.62,229175,198966071.00,1.39,0.93,0.08,1.10
2019-10-14,8.75,8.85,9.00,8.69,534877,474474128.00,3.57,1.84,0.16,2.57
2019-10-15,8.81,8.84,8.88,8.76,206351,181917573.00,1.36,-0.11,-0.01,0.99
2019-10-16,8.89,8.78,8.94,8.69,294584,259260863.00,2.83,-0.68,-0.06,1.42
2019-10-17,8.76,8.73,8.78,8.66,176824,154208647.00,1.37,-0.57,-0.05,0.85
2019-10-18,8.72,8.59,8.81,8.56,247964,215418695.00,2.86,-1.60,-0.14,1.19
2019-10-21,8.59,8.67,8.71,8.52,206911,178681012.00,2.21,0.93,0.08,0.99
2019-10-22,8.68,8.65,8.71,8.56,153453,132477333.00,1.73,-0.23,-0.02,0.74
2019-10-23,8.63,8.63,8.71,8.59,110589,95657944.00,1.39,-0.23,-0.02,0.53
2019-10-24,8.60,8.65,8.74,8.56,277989,240625846.00,2.09,0.23,0.02,1.34
2019-10-25,8.70,8.77,8.83,8.68,345048,301747392.00,1.73,1.39,0.12,1.66
2019-10-28,8.75,8.96,9.00,8.71,452480,403255600.00,3.31,2.17,0.19,1.07
2019-10-29,8.99,8.96,9.07,8.91,354232,318223440.00,1.79,0.00,0.00,0.84
2019-10-30,8.93,9.10,9.18,8.90,423370,384642096.00,3.13,1.56,0.14,1.00
2019-10-31,9.11,9.00,9.15,8.94,242925,218724340.00,2.31,-1.10,-0.10,0.57
2019-11-01,8.97,9.27,9.31,8.90,439449,403118848.00,4.56,3.00,0.27,1.04
2019-11-04,9.31,9.27,9.41,9.23,331562,308859248.00,1.94,0.00,0.00,0.78
2019-11-05,9.28,9.42,9.50,9.24,410662,386202832.00,2.80,1.62,0.15,0.97
2019-11-06,9.43,9.43,9.54,9.35,227069,214343280.00,2.02,0.11,0.01,0.54
2019-11-07,9.45,9.34,9.49,9.30,304250,285372000.00,2.01,-0.95,-0.09,0.72
2019-11-08,9.41,9.31,9.42,9.27,254180,237374707.00,1.61,-0.32,-0.03,0.60
2019-11-11,9.25,9.10,9.30,9.09,264972,242619025.00,2.26,-2.26,-0.21,0.63
2019-11-12,9.10,9.12,9.18,9.08,216569,197744695.00,1.10,0.22,0.02,0.51
2019-11-13,9.11,9.06,9.13,9.01,134940,122353785.00,1.32,-0.66,-0.06,0.32
2019-11-14,9.08,9.01,9.12,8.98,165624,149696701.00,1.55,-0.55,-0.05,0.39
2019-11-15,9.03,8.95,9.04,8.90,165320,148222396.00,1.55,-0.67,-0.06,0.39
2019-11-18,8.93,9.07,9.08,8.87,207137,185836162.00,2.35,1.34,0.12,0.49
2019-11-19,9.05,9.03,9.09,8.95,210972,190099432.00,1.54,-0.44,-0.04,0.50
2019-11-20,8.99,8.82,9.00,8.81,238203,211451834.00,2.10,-2.33,-0.21,0.56
2019-11-21,8.80,8.82,8.85,8.74,130469,114816702.00,1.25,0.00,0.00,0.31
2019-11-22,8.82,8.72,8.88,8.64,176908,155022749.00,2.72,-1.13,-0.10,0.42
2019-11-25,8.74,8.83,8.88,8.73,161507,142395746.00,1.72,1.26,0.11,0.38
2019-11-26,8.87,8.93,8.93,8.73,285841,252909678.00,2.27,1.13,0.10,0.68
2019-11-27,8.86,8.78,8.91,8.75,220735,194572390.00,1.79,-1.68,-0.15,0.50
2019-11-28,8.78,8.70,8.81,8.65,135835,118376979.00,1.82,-0.91,-0.08,0.31
2019-11-29,8.70,8.71,8.77,8.66,124950,108704676.00,1.26,0.11,0.01,0.28
2019-12-02,8.72,8.74,8.79,8.70,114353,100092470.00,1.03,0.34,0.03,0.26
2019-12-03,8.74,8.76,8.78,8.70,114492,100114426.00,0.92,0.23,0.02,0.26
2019-12-04,8.73,8.64,8.76,8.61,151819,131413079.00,1.71,-1.37,-0.12,0.35
2019-12-05,8.67,8.68,8.71,8.62,132850,115073209.00,1.04,0.46,0.04,0.30
2019-12-06,8.69,8.71,8.72,8.64,105203,91359279.00,0.92,0.35,0.03,0.24
2019-12-09,8.67,8.80,8.81,8.66,152176,133302372.00,1.72,1.03,0.09,0.35
2019-12-10,8.80,8.80,8.85,8.77,138812,122261618.00,0.91,0.00,0.00,0.32
2019-12-11,8.81,8.91,8.95,8.78,175008,155787368.00,1.93,1.25,0.11,0.40
2019-12-12,8.93,8.88,8.94,8.86,157938,140510385.00,0.90,-0.34,-0.03,0.36
2019-12-13,8.93,9.05,9.09,8.92,233249,209974948.00,1.91,1.91,0.17,0.53
2019-12-16,9.05,9.16,9.19,8.98,202758,184528987.00,2.32,1.22,0.11,0.46
2019-12-17,9.16,9.25,9.39,9.13,279548,258810833.00,2.84,0.98,0.09,0.64
2019-12-18,9.20,9.19,9.31,9.16,181144,167259461.00,1.62,-0.65,-0.06,0.41
2019-12-19,9.20,9.18,9.31,9.15,164650,151849210.00,1.74,-0.11,-0.01,0.37
2019-12-20,9.18,9.16,9.27,9.13,156577,143947721.00,1.53,-0.22,-0.02,0.36
2019-12-23,9.18,9.05,9.25,9.04,174407,159289716.00,2.29,-1.20,-0.11,0.40
2019-12-24,9.07,9.12,9.13,9.00,103749,94041075.00,1.44,0.77,0.07,0.24
2019-12-25,9.09,9.06,9.12,9.03,80957,73443107.00,0.99,-0.66,-0.06,0.18
2019-12-26,9.07,9.16,9.16,9.03,87161,79178526.00,1.43,1.10,0.10,0.20
2019-12-27,9.14,9.10,9.23,9.07,157896,144428195.00,1.75,-0.66,-0.06,0.36
2019-12-30,9.02,9.15,9.18,8.98,166003,150822567.00,2.20,0.55,0.05,0.38
2019-12-31,9.11,9.16,9.17,9.09,92989,84916794.00,0.87,0.11,0.01,0.20
2020-01-02,9.27,9.34,9.43,9.26,296975,277632352.00,1.86,1.97,0.18,0.63
2020-01-03,9.33,9.36,9.40,9.29,160715,150038415.00,1.18,0.21,0.02,0.34
2020-01-06,9.31,9.31,9.39,9.27,229910,214922118.00,1.28,-0.53,-0.05,0.49
2020-01-07,9.36,9.38,9.54,9.35,339101,319981648.00,2.04,0.75,0.07,0.72
2020-01-08,9.36,9.26,9.46,9.23,288969,270223632.00,2.45,-1.28,-0.12,0.62
2020-01-09,9.31,9.41,9.41,9.28,188711,176476204.00,1.40,1.62,0.15,0.40
2020-01-10,9.40,9.49,9.53,9.38,273617,258980688.00,1.59,0.85,0.08,0.58
2020-01-13,9.46,9.69,9.71,9.43,346377,333856320.00,2.95,2.11,0.20,0.74
2020-01-14,9.68,9.64,9.78,9.60,199295,192839324.00,1.86,-0.52,-0.05,0.43
2020-01-15,9.64,9.69,9.70,9.51,153511,147835187.00,1.97,0.52,0.05,0.33
2020-01-16,9.72,9.61,9.73,9.57,144511,139135701.00,1.65,-0.83,-0.08,0.31
2020-01-17,9.67,9.49,9.67,9.43,174196,165885153.00,2.50,-1.25,-0.12,0.37
2020-01-20,9.50,9.59,9.59,9.49,105248,100472284.00,1.05,1.05,0.10,0.22
2020-01-21,9.59,9.44,9.62,9.42,156443,148436110.00,2.09,-1.56,-0.15,0.33
2020-01-22,9.39,9.40,9.47,9.32,178888,168105500.00,1.59,-0.42,-0.04,0.38
2020-01-23,9.37,9.17,9.39,9.10,269930,249843367.00,3.09,-2.45,-0.23,0.58
2020-02-03,8.31,8.46,8.74,8.25,437064,368975680.00,5.34,-7.74,-0.71,0.93
2020-02-04,8.48,8.71,8.80,8.47,298300,258524110.00,3.90,2.96,0.25,0.64
2020-02-05,8.71,8.64,8.80,8.60,216954,188201672.00,2.30,-0.80,-0.07,0.46
2020-02-06,8.67,8.70,8.81,8.54,258927,223797426.00,3.13,0.69,0.06,0.55
2020-02-07,8.65,8.65,8.70,8.51,210016,180431895.00,2.18,-0.57,-0.05,0.45
2020-02-10,8.58,8.67,8.69,8.51,170475,146671440.00,2.08,0.23,0.02,0.36
2020-02-11,8.71,8.70,8.77,8.62,242131,210404017.00,1.73,0.35,0.03,0.52
2020-02-12,8.66,8.69,8.70,8.60,187550,162324565.00,1.15,-0.11,-0.01,0.40
2020-02-13,8.67,8.58,8.71,8.56,181344,156345018.00,1.73,-1.27,-0.11,0.39
2020-02-14,8.58,8.64,8.67,8.56,168807,145603003.00,1.28,0.70,0.06,0.36
2020-02-17,8.62,8.93,8.95,8.60,381328,334419408.00,4.05,3.36,0.29,0.81
2020-02-18,8.86,8.83,8.92,8.78,243805,215179811.00,1.57,-1.12,-0.10,0.52
2020-02-19,8.80,8.78,8.86,8.77,203589,179347149.00,1.02,-0.57,-0.05,0.43
2020-02-20,8.80,8.95,9.02,8.76,291929,259492144.00,2.96,1.94,0.17,0.62
2020-02-21,8.92,8.95,9.07,8.89,245747,220113976.00,2.01,0.00,0.00,0.52
2020-02-24,8.90,8.87,8.93,8.81,198130,175678566.00,1.34,-0.89,-0.08,0.42
2020-02-25,8.75,8.72,8.82,8.66,225636,197139284.00,1.80,-1.69,-0.15,0.48
2020-02-26,8.64,8.79,8.95,8.63,279525,246561999.00,3.67,0.80,0.07,0.60
2020-02-27,8.75,8.80,8.88,8.72,156667,137722087.00,1.82,0.11,0.01,0.33
2020-02-28,8.70,8.59,8.79,8.49,238107,204848601.00,3.41,-2.39,-0.21,0.51
2020-03-02,8.58,8.77,8.78,8.56,252429,219761980.00,2.56,2.10,0.18,0.54
2020-03-03,8.85,8.80,8.87,8.75,230298,202983087.00,1.37,0.34,0.03,0.49
2020-03-04,8.75,8.81,8.82,8.72,172581,151452245.00,1.14,0.11,0.01,0.37
2020-03-05,8.86,9.07,9.13,8.81,382927,344907808.00,3.63,2.95,0.26,0.82
2020-03-06,8.97,8.89,9.03,8.89,235470,210774887.00,1.54,-1.98,-0.18,0.50
2020-03-09,8.78,8.57,8.78,8.56,261170,226057840.00,2.47,-3.60,-0.32,0.56
2020-03-10,8.60,8.69,8.72,8.56,224392,194208817.00,1.87,1.40,0.12,0.48
2020-03-11,8.70,8.61,8.73,8.60,149828,129606111.00,1.50,-0.92,-0.08,0.32
2020-03-12,8.61,8.52,8.68,8.49,182326,156076769.00,2.21,-1.05,-0.09,0.39
2020-03-13,8.22,8.42,8.42,8.08,285617,235672577.00,3.99,-1.17,-0.10,0.61
2020-03-16,8.38,8.11,8.40,8.06,263107,216277159.00,4.04,-3.68,-0.31,0.56
2020-03-17,8.15,8.12,8.24,8.04,146879,119445923.00,2.47,0.12,0.01,0.31
2020-03-18,8.13,7.89,8.18,7.87,177652,142867291.00,3.82,-2.83,-0.23,0.38
2020-03-19,7.89,7.74,7.95,7.61,246349,191494362.00,4.31,-1.90,-0.15,0.53
2020-03-20,7.80,7.84,7.91,7.74,157530,123279692.00,2.20,1.29,0.10,0.34
2020-03-23,7.66,7.57,7.70,7.55,175391,133514571.00,1.91,-3.44,-0.27,0.37
2020-03-24,7.66,7.64,7.74,7.50,303791,231092508.00,3.17,0.92,0.07,0.65
2020-03-25,7.77,7.72,7.77,7.65,323879,249824297.00,1.57,1.05,0.08,0.69
2020-03-26,7.69,7.73,7.84,7.65,208734,161560981.00,2.46,0.13,0.01,0.45
2020-03-27,7.78,7.86,8.01,7.75,235372,185282194.00,3.36,1.68,0.13,0.50
2020-03-30,7.74,7.80,7.88,7.71,153279,119264285.00,2.16,-0.76,-0.06,0.33
2020-03-31,7.87,7.70,7.87,7.66,144668,112115261.00,2.69,-1.28,-0.10,0.31
2020-04-01,7.67,7.65,7.79,7.65,110598,85218870.00,1.82,-0.65,-0.05,0.24
2020-04-02,7.61,7.72,7.72,7.61,86555,66345508.00,1.44,0.92,0.07,0.18
2020-04-03,7.72,7.65,7.77,7.60,119082,91340920.00,2.20,-0.91,-0.07,0.25
2020-04-07,7.80,7.84,7.87,7.73,203850,158984909.00,1.83,2.48,0.19,0.44
2020-04-08,7.82,7.80,7.87,7.77,91408,71369092.00,1.28,-0.51,-0.04,0.20
2020-04-09,7.82,7.79,7.85,7.77,94906,74101574.00,1.03,-0.13,-0.01,0.20
2020-04-10,7.79,7.80,7.87,7.77,111945,87356663.00,1.28,0.13,0.01,0.24
2020-04-13,7.75,7.70,7.79,7.69,74938,57967489.00,1.28,-1.28,-0.10,0.16
2020-04-14,7.72,7.75,7.77,7.71,81385,62993720.00,0.78,0.65,0.05,0.17
2020-04-15,7.75,7.72,7.77,7.71,79498,61513062.00,0.77,-0.39,-0.03,0.17
2020-04-16,7.71,7.72,7.74,7.68,78185,60260733.00,0.78,0.00,0.00,0.17
2020-04-17,7.73,7.77,7.84,7.72,155524,120851820.00,1.55,0.65,0.05,0.33
2020-04-20,7.76,7.72,7.78,7.70,124086,95834574.00,1.03,-0.64,-0.05,0.26
2020-04-21,7.69,7.64,7.77,7.60,133222,102134366.00,2.20,-1.04,-0.08,0.28
2020-04-22,7.62,7.64,7.65,7.60,66618,50769423.00,0.65,0.00,0.00,0.14
2020-04-23,7.66,7.60,7.68,7.59,78152,59553337.00,1.18,-0.52,-0.04,0.17
2020-04-24,7.61,7.48,7.63,7.45,147027,110624687.00,2.37,-1.58,-0.12,0.31
2020-04-27,7.52,7.66,7.73,7.51,240359,184145943.00,2.94,2.41,0.18,0.51
2020-04-28,7.68,7.73,7.75,7.56,175829,134784365.00,2.48,0.91,0.07,0.38
2020-04-29,7.75,7.98,7.98,7.73,275740,217807588.00,3.23,3.23,0.25,0.59
2020-04-30,8.29,8.28,8.41,8.23,566000,471467648.00,2.26,3.76,0.30,1.21
2020-05-06,8.21,8.38,8.43,8.18,269393,224197509.00,3.02,1.21,0.10,0.57
2020-05-07,8.38,8.22,8.41,8.22,161593,133913396.00,2.27,-1.91,-0.16,0.34
2020-05-08,8.33,8.47,8.56,8.31,259112,218874753.00,3.04,3.04,0.25,0.55
2020-05-11,8.45,8.55,8.73,8.45,310311,267039735.00,3.31,0.94,0.08,0.66
2020-05-12,8.59,8.47,8.64,8.43,231273,196929989.00,2.46,-0.94,-0.08,0.49
2020-05-13,8.44,8.57,8.60,8.40,130526,110952291.00,2.36,1.18,0.10,0.28
2020-05-14,8.55,8.52,8.56,8.49,152409,129943552.00,0.82,-0.58,-0.05,0.33
2020-05-15,8.57,8.61,8.75,8.57,231494,200597323.00,2.11,1.06,0.09,0.49
2020-05-18,8.57,8.82,8.97,8.57,370668,325726480.00,4.65,2.44,0.21,0.79
2020-05-19,8.90,8.77,8.94,8.75,156704,138106197.00,2.15,-0.57,-0.05,0.33
2020-05-20,8.74,8.75,8.91,8.64,285611,250266562.00,3.08,-0.23,-0.02,0.61
2020-05-21,8.81,8.87,8.94,8.77,224400,199005464.00,1.94,1.37,0.12,0.46
2020-05-22,8.92,8.78,8.94,8.71,197661,174237197.00,2.59,-1.01,-0.09,0.41
2020-05-25,8.73,8.71,8.83,8.63,198546,173650527.00,2.28,-0.80,-0.07,0.41
2020-05-26,8.80,8.72,8.83,8.66,156747,136846059.00,1.95,0.11,0.01,0.32
2020-05-27,8.79,8.90,9.08,8.79,359981,322799312.00,3.33,2.06,0.18,0.74
2020-05-28,8.94,9.03,9.17,8.93,299176,271423536.00,2.70,1.46,0.13,0.62
2020-05-29,8.95,9.10,9.10,8.92,154554,139185613.00,1.99,0.78,0.07,0.32
2020-06-01,9.09,9.15,9.18,9.00,251811,229443746.00,1.98,0.55,0.05,0.52
2020-06-02,9.17,9.12,9.24,9.08,165908,151986665.00,1.75,-0.33,-0.03,0.34
2020-06-03,9.15,9.09,9.30,9.05,245413,225535710.00,2.74,-0.33,-0.03,0.51
2020-06-04,9.09,9.04,9.15,8.97,167563,151351390.00,1.98,-0.55,-0.05,0.35
2020-06-05,9.05,9.01,9.09,8.95,133108,119931610.00,1.55,-0.33,-0.03,0.28
2020-06-08,9.02,9.01,9.13,8.90,309545,278973040.00,2.55,0.00,0.00,0.64
2020-06-09,9.04,8.97,9.04,8.86,260745,232933427.00,2.00,-0.44,-0.04,0.54
2020-06-10,8.98,8.88,8.98,8.81,249833,221707842.00,1.90,-1.00,-0.09,0.52
2020-06-11,8.89,8.88,9.01,8.85,209704,187111565.00,1.80,0.00,0.00,0.43
2020-06-12,8.81,8.91,8.93,8.79,128030,113475276.00,1.58,0.34,0.03,0.25
2020-06-15,8.91,8.68,8.93,8.68,256050,224631277.00,2.81,-2.58,-0.23,0.51
2020-06-16,8.75,8.82,8.87,8.69,134162,117944578.00,2.07,1.61,0.14,0.27
2020-06-17,8.85,9.05,9.06,8.78,257177,230926370.00,3.17,2.61,0.23,0.51
2020-06-18,8.91,9.04,9.09,8.82,220491,197334123.00,2.98,-0.11,-0.01,0.44
2020-06-19,9.05,9.09,9.15,9.02,257444,234420722.00,1.44,0.55,0.05,0.51
2020-06-22,9.10,8.91,9.14,8.90,179363,161698667.00,2.64,-1.98,-0.18,0.36
2020-06-23,8.89,8.84,8.97,8.81,121074,107481200.00,1.80,-0.79,-0.07,0.24
2020-06-24,8.88,9.07,9.12,8.88,214930,194557216.00,2.71,2.60,0.23,0.43
2020-06-29,9.15,8.91,9.16,8.86,171756,153898604.00,3.31,-1.76,-0.16,0.34
2020-06-30,8.98,8.92,8.99,8.79,181649,161148036.00,2.24,0.11,0.01,0.36
2020-07-01,8.96,9.12,9.16,8.85,276013,249647881.00,3.48,2.24,0.20,0.55
2020-07-02,9.12,9.53,9.53,9.11,551995,514019200.00,4.61,4.50,0.41,1.10
2020-07-03,9.60,9.60,9.81,9.42,522376,502486608.00,4.09,0.73,0.07,1.04
2020-07-06,9.70,10.56,10.56,9.69,990383,1013313280.00,9.06,10.00,0.96,1.97
2020-07-07,10.76,10.43,11.15,10.40,995539,1062207648.00,7.10,-1.23,-0.13,1.98
2020-07-08,10.38,10.88,11.03,10.25,795187,848644416.00,7.48,4.31,0.45,1.58
2020-07-09,10.53,10.33,10.57,10.15,673227,695098688.00,3.86,-5.06,-0.55,1.34
2020-07-10,10.26,9.80,10.40,9.79,672191,673020384.00,5.91,-5.13,-0.53,1.34
2020-07-13,9.70,9.93,10.07,9.69,529385,523244720.00,3.88,1.33,0.13,1.05
2020-07-14,9.95,9.94,10.05,9.72,338984,335055808.00,3.32,0.10,0.01,0.67
2020-07-15,9.97,9.69,10.04,9.62,347490,340066208.00,4.23,-2.52,-0.25,0.69
2020-07-16,9.74,9.68,10.05,9.66,439081,432059760.00,4.02,-0.10,-0.01,0.87
2020-07-17,9.75,9.73,9.85,9.63,275493,268739568.00,2.27,0.52,0.05,0.55
2020-07-20,9.84,10.21,10.21,9.79,549771,553621856.00,4.32,4.93,0.48,1.09
2020-07-21,10.14,9.97,10.16,9.88,350150,349567504.00,2.74,-2.35,-0.24,0.70
2020-07-22,9.98,9.83,10.07,9.80,355016,351803776.00,2.71,-1.40,-0.14,0.71
2020-07-23,9.74,9.73,9.85,9.55,260422,252443949.00,3.05,-1.02,-0.10,0.52
2020-07-24,9.70,9.36,9.84,9.31,328125,313644928.00,5.45,-3.80,-0.37,0.65
2020-07-27,9.46,9.47,9.53,9.29,208617,197135730.00,2.56,1.18,0.11,0.42
2020-07-28,9.54,9.38,9.56,9.29,254069,238406409.00,2.85,-0.95,-0.09,0.51
2020-07-29,9.36,9.59,9.67,9.24,230099,218739479.00,4.58,2.24,0.21,0.46
2020-07-30,9.60,9.49,9.65,9.49,148890,141931078.00,1.67,-1.04,-0.10,0.30
2020-07-31,9.48,9.44,9.63,9.35,203501,192976356.00,2.95,-0.53,-0.05,0.41
2020-08-03,9.48,9.70,9.73,9.48,298168,287994384.00,2.65,2.75,0.26,0.59
2020-08-04,9.74,10.03,10.14,9.60,591642,587176176.00,5.57,3.40,0.33,1.18
2020-08-05,9.93,9.86,10.02,9.77,365160,360197648.00,2.49,-1.69,-0.17,0.73
2020-08-06,9.78,10.04,10.05,9.78,355129,353585936.00,2.74,1.83,0.18,0.71
2020-08-07,9.97,10.04,10.24,9.82,381762,383539648.00,4.18,0.00,0.00,0.76
2020-08-10,10.00,10.39,10.57,9.92,625124,645525456.00,6.47,3.49,0.35,1.24
2020-08-11,10.37,10.66,11.20,10.35,916843,1000495840.00,8.18,2.60,0.27,1.83
2020-08-12,10.78,10.72,10.95,10.51,598219,643088720.00,4.13,0.56,0.06,1.19
2020-08-13,10.74,10.96,11.08,10.55,485541,529656096.00,4.94,2.24,0.24,0.97
2020-08-14,10.90,11.64,11.76,10.75,754790,846894512.00,9.22,6.20,0.68,1.50
2020-08-17,11.78,12.40,12.80,11.67,1180078,1459003984.00,9.71,6.53,0.76,2.35
2020-08-18,12.21,11.93,12.37,11.70,880103,1052162176.00,5.40,-3.79,-0.47,1.75
2020-08-19,11.84,11.72,12.11,11.72,502054,597757504.00,3.27,-1.76,-0.21,1.00
2020-08-20,11.70,11.42,11.84,11.38,395292,456736416.00,3.92,-2.56,-0.30,0.79
2020-08-21,11.57,11.53,11.80,11.36,363188,419615616.00,3.85,0.96,0.11,0.72
2020-08-24,11.50,11.42,11.64,11.25,274024,313818224.00,3.38,-0.95,-0.11,0.55
2020-08-25,11.41,11.53,11.83,11.38,326571,378088192.00,3.94,0.96,0.11,0.65
2020-08-26,11.53,11.23,11.58,11.14,329666,372542240.00,3.82,-2.60,-0.30,0.66
2020-08-27,11.23,11.44,11.50,11.13,260768,295800224.00,3.29,1.87,0.21,0.52
2020-08-28,11.62,12.58,12.58,11.62,1031895,1278877552.00,8.39,9.97,1.14,2.05
2020-08-31,12.80,12.95,13.56,12.67,1066180,1402772592.00,7.07,2.94,0.37,2.12
2020-09-01,13.08,12.84,13.17,12.69,587103,756953728.00,3.71,-0.85,-0.11,1.17
2020-09-02,12.98,12.44,13.03,12.30,593549,742300560.00,5.69,-3.12,-0.40,1.18
2020-09-03,12.55,12.53,12.95,12.44,393217,497860144.00,4.10,0.72,0.09,0.78
2020-09-04,12.40,12.50,12.73,12.25,373423,465901840.00,3.83,-0.24,-0.03,0.74
2020-09-07,12.49,12.06,12.55,11.97,334418,410275232.00,4.64,-3.52,-0.44,0.67
2020-09-08,12.09,13.00,13.05,12.06,745012,946461568.00,8.21,7.79,0.94,1.48
2020-09-09,12.68,12.75,12.97,12.55,415229,529352784.00,3.23,-1.92,-0.25,0.83
2020-09-10,12.90,12.63,13.27,12.43,416256,534799152.00,6.59,-0.94,-0.12,0.83
2020-09-11,12.57,12.49,12.76,12.20,381241,473604816.00,4.43,-1.11,-0.14,0.76
2020-09-14,12.49,12.59,12.71,12.23,372059,464033264.00,3.84,0.80,0.10,0.74
2020-09-15,12.48,12.49,12.75,12.28,317436,396592912.00,3.73,-0.79,-0.10,0.63
2020-09-16,12.58,12.67,12.86,12.46,313797,397786272.00,3.20,1.44,0.18,0.62
2020-09-17,12.63,12.41,12.86,12.31,327636,409650448.00,4.34,-2.05,-0.26,0.65
2020-09-18,12.39,12.93,12.97,12.26,482615,610106848.00,5.72,4.19,0.52,0.96
2020-09-21,12.97,12.75,13.07,12.67,350858,448121984.00,3.09,-1.39,-0.18,0.70
2020-09-22,12.56,12.45,12.88,12.41,272242,343249952.00,3.69,-2.35,-0.30,0.54
2020-09-23,12.45,12.35,12.54,12.29,221750,275166624.00,2.01,-0.80,-0.10,0.44
2020-09-24,12.32,12.06,12.37,11.92,337908,407822672.00,3.64,-2.35,-0.29,0.67
2020-09-25,12.09,12.00,12.12,11.88,224972,270046352.00,1.99,-0.50,-0.06,0.45
2020-09-28,11.98,12.10,12.20,11.93,160970,194321217.00,2.25,0.83,0.10,0.32
2020-09-29,12.19,11.88,12.20,11.85,200892,241196519.00,2.89,-1.82,-0.22,0.40
2020-09-30,11.88,11.78,11.98,11.68,301329,355589488.00,2.53,-0.84,-0.10,0.60
2020-10-09,11.82,11.72,11.91,11.65,306108,359887104.00,2.21,-0.51,-0.06,0.61
2020-10-12,11.78,12.09,12.21,11.61,376668,450242400.00,5.12,3.16,0.37,0.75
2020-10-13,12.01,12.27,12.35,11.94,267516,325385488.00,3.39,1.49,0.18,0.53
2020-10-14,12.25,12.42,12.61,12.21,286433,354602736.00,3.26,1.22,0.15,0.57
2020-10-15,12.47,13.08,13.45,12.42,550431,717587152.00,8.29,5.31,0.66,1.10
2020-10-16,12.88,13.25,13.55,12.85,491662,651992256.00,5.35,1.30,0.17,0.98
2020-10-19,13.37,13.49,14.17,13.36,644308,886219392.00,6.11,1.81,0.24,1.28
2020-10-20,13.58,13.62,13.66,13.26,348110,469939648.00,2.97,0.96,0.13,0.69
2020-10-21,13.72,13.94,14.10,13.48,466777,644685200.00,4.55,2.35,0.32,0.93
2020-10-22,13.89,13.52,14.10,13.24,475034,643807744.00,6.17,-3.01,-0.42,0.95
2020-10-23,13.62,13.61,14.00,13.50,412258,566514960.00,3.70,0.67,0.09,0.82
2020-10-26,13.54,13.16,13.77,13.03,319059,423935296.00,5.44,-3.31,-0.45,0.64
2020-10-27,13.16,13.26,13.45,13.07,257542,341440832.00,2.89,0.76,0.10,0.51
2020-10-28,13.39,13.18,13.47,12.96,278402,366600800.00,3.85,-0.60,-0.08,0.55
2020-10-29,12.98,13.33,13.54,12.78,407192,535486400.00,5.77,1.14,0.15,0.81
2020-10-30,13.30,12.97,13.64,12.93,313650,415743712.00,5.33,-2.70,-0.36,0.62
2020-11-02,13.00,13.49,13.63,13.00,683466,913838896.00,4.86,4.01,0.52,1.36
2020-11-03,13.55,13.48,14.08,13.22,553887,758263376.00,6.38,-0.07,-0.01,1.10
2020-11-04,13.64,13.92,13.94,13.33,507715,694355568.00,4.53,3.26,0.44,1.01
2020-11-05,13.88,13.57,13.95,13.41,452572,614972816.00,3.88,-2.51,-0.35,0.90
2020-11-06,13.54,13.23,13.54,13.08,369363,487591936.00,3.39,-2.51,-0.34,0.73
2020-11-09,13.27,13.26,13.35,13.06,387769,511921888.00,2.19,0.23,0.03,0.77
2020-11-10,13.44,12.99,13.54,12.95,398026,525779936.00,4.45,-2.04,-0.27,0.79
2020-11-11,13.00,13.14,13.33,12.72,419646,545620352.00,4.70,1.15,0.15,0.83
2020-11-12,13.02,13.11,13.21,12.87,202536,264345514.00,2.59,-0.23,-0.03,0.40
2020-11-13,13.02,12.79,13.06,12.61,274739,351538224.00,3.43,-2.44,-0.32,0.54
2020-11-16,12.86,13.06,13.23,12.74,305410,398008096.00,3.83,2.11,0.27,0.61
2020-11-17,13.01,13.46,13.57,12.95,419226,559506736.00,4.75,3.06,0.40,0.83
2020-11-18,13.46,13.85,13.98,13.35,482366,662989712.00,4.68,2.90,0.39,0.96
2020-11-19,13.93,14.80,14.88,13.73,760855,1089743456.00,8.30,6.86,0.95,1.51
2020-11-20,14.59,14.65,14.74,14.23,376458,544281904.00,3.45,-1.01,-0.15,0.75
2020-11-23,14.48,15.01,15.21,14.41,461818,685350640.00,5.46,2.46,0.36,0.92
2020-11-24,14.95,14.82,15.00,14.63,261368,385957648.00,2.47,-1.27,-0.19,0.52
2020-11-25,14.87,14.58,15.05,14.45,233797,343168592.00,4.05,-1.62,-0.24,0.46
2020-11-26,14.63,14.64,14.80,14.38,230585,336661504.00,2.88,0.41,0.06,0.46
2020-11-27,14.79,15.19,15.20,14.62,381124,569439360.00,3.96,3.76,0.55,0.76
2020-11-30,15.30,15.20,16.19,15.20,788487,1242816672.00,6.52,0.07,0.01,1.56
2020-12-01,15.09,15.20,15.55,14.82,582510,883733888.00,4.80,0.00,0.00,1.16
2020-12-02,15.07,14.86,15.20,14.70,397762,593424624.00,3.29,-2.24,-0.34,0.79
2020-12-03,14.86,14.64,15.03,14.48,354187,521437376.00,3.70,-1.48,-0.22,0.70
2020-12-04,14.54,14.63,14.72,14.31,266623,386778864.00,2.80,-0.07,-0.01,0.53
2020-12-07,14.89,14.31,14.95,14.27,299303,433363936.00,4.65,-2.19,-0.32,0.59
2020-12-08,14.29,14.32,14.57,14.20,163104,234474235.00,2.59,0.07,0.01,0.32
2020-12-09,14.40,14.59,14.93,14.40,330974,485800160.00,3.70,1.89,0.27,0.66
2020-12-10,14.50,14.33,14.57,14.26,203398,292361760.00,2.12,-1.78,-0.26,0.40
2020-12-11,14.50,14.47,14.68,14.34,292259,423735776.00,2.37,0.98,0.14,0.58
2020-12-14,14.48,14.77,14.78,14.40,222233,324168112.00,2.63,2.07,0.30,0.44
2020-12-15,14.70,14.57,14.70,13.92,429544,614223552.00,5.28,-1.35,-0.20,0.85
2020-12-16,14.50,14.50,14.79,14.43,181660,265156237.00,2.47,-0.48,-0.07,0.36
2020-12-17,14.51,14.60,14.66,14.27,195972,283839552.00,2.69,0.69,0.10,0.39
2020-12-18,14.57,14.32,14.67,14.32,145372,210092417.00,2.40,-1.92,-0.28,0.29
2020-12-21,14.31,14.36,14.63,14.10,240340,345825360.00,3.70,0.28,0.04,0.48
2020-12-22,14.35,14.10,14.54,13.99,234260,332949184.00,3.83,-1.81,-0.26,0.46
2020-12-23,14.10,14.08,14.16,13.94,253726,355781120.00,1.56,-0.14,-0.02,0.50
2020-12-24,14.15,14.66,14.68,14.12,285254,413890032.00,3.98,4.12,0.58,0.57
2020-12-25,14.68,14.90,14.97,14.38,280570,413043936.00,4.02,1.64,0.24,0.56
2020-12-28,14.72,15.06,15.24,14.60,375253,560727408.00,4.30,1.07,0.16,0.74
2020-12-29,15.19,14.79,15.44,14.73,313511,468627504.00,4.71,-1.79,-0.27,0.62
2020-12-30,14.74,14.87,14.93,14.54,228734,337711232.00,2.64,0.54,0.08,0.45
2020-12-31,14.88,14.92,15.14,14.72,286377,427938112.00,2.82,0.34,0.05,0.57
2021-01-04,14.73,14.02,14.75,13.79,824012,1156643280.00,6.43,-6.03,-0.90,1.63
2021-01-05,13.90,13.50,13.93,13.20,626896,846840400.00,5.21,-3.71,-0.52,1.24
2021-01-06,13.54,13.98,14.00,13.42,480329,659282720.00,4.30,3.56,0.48,0.95
2021-01-07,13.99,14.05,14.36,13.74,448874,631740368.00,4.43,0.50,0.07,0.89
2021-01-08,13.91,14.35,14.45,13.82,423219,603315968.00,4.48,2.14,0.30,0.84
2021-01-11,14.35,14.87,15.23,14.26,601776,896076368.00,6.76,3.62,0.52,1.19
2021-01-12,14.92,15.07,15.21,14.73,456972,684986320.00,3.23,1.34,0.20,0.91
2021-01-13,15.07,15.34,15.46,14.93,422712,645074544.00,3.52,1.79,0.27,0.84
2021-01-14,15.44,15.17,15.69,15.01,331467,507868224.00,4.43,-1.11,-0.17,0.66
2021-01-15,15.40,15.55,16.13,15.31,559754,881816800.00,5.41,2.50,0.38,1.11
2021-01-18,15.56,16.03,16.28,15.55,435269,695782704.00,4.69,3.09,0.48,0.86
2021-01-19,15.96,15.52,15.96,15.43,274160,428525728.00,3.31,-3.18,-0.51,0.54
2021-01-20,15.41,15.10,15.61,14.96,297415,451993120.00,4.19,-2.71,-0.42,0.59
2021-01-21,15.15,14.98,15.29,14.90,285225,429039664.00,2.58,-0.79,-0.12,0.57
2021-01-22,15.08,14.60,15.08,14.50,301521,442387008.00,3.87,-2.54,-0.38,0.60
2021-01-25,14.58,14.45,14.60,14.00,427369,612382448.00,4.11,-1.03,-0.15,0.85
2021-01-26,14.39,14.51,14.79,14.34,280678,408045936.00,3.11,0.42,0.06,0.56
2021-01-27,14.41,14.88,14.98,14.37,353463,524960176.00,4.20,2.55,0.37,0.70
2021-01-28,14.77,14.54,14.95,14.45,281114,412222208.00,3.36,-2.28,-0.34,0.56
2021-01-29,14.69,14.70,14.93,14.34,302527,442835536.00,4.06,1.10,0.16,0.60
2021-02-01,14.58,14.72,14.85,14.15,327504,476186560.00,4.76,0.14,0.02,0.65
2021-02-02,14.75,15.37,15.64,14.72,455126,697452256.00,6.25,4.42,0.65,0.90
2021-02-03,15.31,16.17,16.30,15.31,487345,776400272.00,6.44,5.20,0.80,0.97
2021-02-04,16.10,16.44,16.91,16.08,503237,828325504.00,5.13,1.67,0.27,1.00
2021-02-05,16.33,17.10,17.48,16.21,625281,1063334576.00,7.73,4.01,0.66,1.24
2021-02-08,17.10,17.24,17.50,16.50,333725,572432464.00,5.85,0.82,0.14,0.66
2021-02-09,17.25,17.34,17.42,16.90,287472,495989744.00,3.02,0.58,0.10,0.57
2021-02-10,17.39,17.47,18.01,17.08,387502,679415920.00,5.36,0.75,0.13,0.77
2021-02-18,17.72,17.63,17.96,17.16,292567,516046544.00,4.58,0.92,0.16,0.58
2021-02-19,17.56,17.55,18.03,17.48,227778,403362256.00,3.12,-0.45,-0.08,0.45
2021-02-22,17.46,16.51,17.46,16.45,471220,793681168.00,5.75,-5.93,-1.04,0.93
2021-02-23,16.40,16.68,17.12,16.37,309752,520427120.00,4.54,1.03,0.17,0.61
2021-02-24,17.00,16.46,17.28,16.30,338910,567559424.00,5.88,-1.32,-0.22,0.67
2021-02-25,16.74,16.68,17.00,16.41,323633,541251216.00,3.58,1.34,0.22,0.64
2021-02-26,16.55,16.02,16.68,15.85,330896,535411216.00,4.98,-3.96,-0.66,0.66
2021-03-01,16.38,16.71,16.85,16.29,274525,454842288.00,3.50,4.31,0.69,0.54
2021-03-02,16.71,17.01,17.60,16.55,353387,604642144.00,6.28,1.80,0.30,0.70
2021-03-03,16.89,18.20,18.45,16.89,537411,967730320.00,9.17,7.00,1.19,1.07
2021-03-04,18.16,17.90,18.35,17.61,372130,669763056.00,4.07,-1.65,-0.30,0.74
2021-03-05,17.66,17.37,17.85,16.84,416036,717191920.00,5.64,-2.96,-0.53,0.83
2021-03-08,17.20,17.09,17.75,17.00,321424,559093152.00,4.32,-1.61,-0.28,0.64
2021-03-09,17.30,16.29,17.39,16.25,358073,598790544.00,6.67,-4.68,-0.80,0.71
2021-03-10,16.44,15.77,16.44,15.68,365253,582434800.00,4.67,-3.19,-0.52,0.72
2021-03-11,15.99,16.84,16.91,15.92,392986,651795088.00,6.28,6.79,1.07,0.78
2021-03-12,16.92,17.19,17.32,16.75,263850,450534608.00,3.38,2.08,0.35,0.52
2021-03-15,17.10,17.06,17.76,16.91,270746,467338688.00,4.94,-0.76,-0.13,0.54
2021-03-16,17.08,17.62,17.68,16.96,227307,397008816.00,4.22,3.28,0.56,0.45
2021-03-17,17.41,17.42,17.52,17.06,173337,299931616.00,2.61,-1.14,-0.20,0.34
2021-03-18,17.35,17.57,17.74,17.17,164285,286127856.00,3.27,0.86,0.15,0.33
2021-03-19,17.45,16.95,17.80,16.77,248779,425038560.00,5.86,-3.53,-0.62,0.49
2021-03-22,16.55,17.18,17.33,16.53,167066,285358416.00,4.72,1.36,0.23,0.33
2021-03-23,17.10,17.10,17.28,16.78,152061,258331419.00,2.91,-0.47,-0.08,0.30
2021-03-24,16.95,16.54,17.10,16.45,218867,365265968.00,3.80,-3.27,-0.56,0.43
2021-03-25,16.75,16.64,17.01,16.59,293962,494243136.00,2.54,0.60,0.10,0.58
2021-03-26,17.00,17.20,17.48,16.60,324904,552420432.00,5.29,3.37,0.56,0.64
2021-03-29,17.00,17.00,17.08,16.23,411867,687172704.00,4.94,-1.16,-0.20,0.82
2021-03-30,16.66,16.91,16.94,16.36,299549,498538304.00,3.41,-0.53,-0.09,0.59
2021-03-31,16.76,16.89,17.03,16.57,152532,255978842.00,2.72,-0.12,-0.02,0.30
2021-04-01,17.04,17.05,17.08,16.79,108784,184650084.00,1.72,0.95,0.16,0.22
2021-04-02,17.05,16.55,17.09,16.54,178611,298285184.00,3.23,-2.93,-0.50,0.35
2021-04-06,16.33,16.36,16.53,16.24,154766,252968626.00,1.75,-1.15,-0.19,0.31
2021-04-07,16.27,16.50,16.54,16.23,136348,223560529.00,1.89,0.86,0.14,0.27
2021-04-08,16.44,16.43,16.57,16.35,74330,122212094.00,1.33,-0.42,-0.07,0.15
2021-04-09,16.38,16.14,16.41,15.90,181568,292638368.00,3.10,-1.77,-0.29,0.36
2021-04-12,16.08,15.72,16.18,15.59,233793,370245856.00,3.66,-2.60,-0.42,0.46
2021-04-13,15.89,15.59,16.05,15.49,151061,237227790.00,3.56,-0.83,-0.13,0.30
2021-04-14,15.44,15.35,15.69,15.20,227659,350000688.00,3.14,-1.54,-0.24,0.45
2021-04-15,15.44,15.26,15.47,15.01,155533,236418122.00,3.00,-0.59,-0.09,0.31
2021-04-16,15.20,15.05,15.33,15.02,150657,228022572.00,2.03,-1.38,-0.21,0.30
2021-04-19,15.00,15.53,15.62,14.75,261055,399923344.00,5.78,3.19,0.48,0.52
2021-04-20,15.45,15.90,16.30,15.40,225713,359885840.00,5.80,2.38,0.37,0.45
2021-04-21,15.99,16.35,16.44,15.99,282524,460110768.00,2.83,2.83,0.45,0.56
2021-04-22,16.28,16.05,16.37,15.84,181775,291388944.00,3.24,-1.83,-0.30,0.36
2021-04-23,15.94,16.30,16.64,15.94,238869,390708848.00,4.36,1.56,0.25,0.47
2021-04-26,16.50,16.42,16.73,16.33,210645,348351184.00,2.45,0.74,0.12,0.42
2021-04-27,16.40,16.72,16.72,16.35,148002,245175402.00,2.25,1.83,0.30,0.29
2021-04-28,16.87,16.85,17.19,16.43,337222,568932480.00,4.55,0.78,0.13,0.67
2021-04-29,16.83,16.78,16.94,16.40,273303,455204928.00,3.20,-0.42,-0.07,0.54
2021-04-30,16.69,16.54,16.69,16.23,207341,340855984.00,2.74,-1.43,-0.24,0.41
2021-05-06,16.41,17.00,17.07,16.36,231989,391068896.00,4.29,2.78,0.46,0.46
2021-05-07,16.95,16.88,17.39,16.79,216019,368635280.00,3.53,-0.71,-0.12,0.43
2021-05-10,16.90,16.50,17.00,16.19,249717,409916384.00,4.80,-2.25,-0.38,0.50
2021-05-11,16.52,16.88,16.93,16.45,202683,339220064.00,2.91,2.30,0.38,0.40
2021-05-12,16.89,16.76,17.35,16.65,253780,430119216.00,4.15,-0.71,-0.12,0.50
2021-05-13,16.58,16.63,16.92,16.55,154486,257915629.00,2.21,-0.78,-0.13,0.31
2021-05-14,16.68,16.70,16.79,16.42,143043,237872410.00,2.22,0.42,0.07,0.28
2021-05-17,16.73,16.97,17.04,16.56,170958,288999776.00,2.87,1.62,0.27,0.34
2021-05-18,16.62,16.47,16.63,16.14,214740,351706480.00,2.89,-2.95,-0.50,0.43
2021-05-19,16.40,16.61,16.71,16.30,149740,247666293.00,2.49,0.85,0.14,0.30
2021-05-20,16.72,17.28,17.38,16.61,331066,565164048.00,4.64,4.03,0.67,0.66
2021-05-21,17.27,16.46,17.32,16.46,297624,495916528.00,4.98,-4.75,-0.82,0.59
2021-05-24,16.50,16.44,16.83,16.33,167981,277109808.00,3.04,-0.12,-0.02,0.33
2021-05-25,16.40,17.09,17.19,16.39,327194,550771936.00,4.87,3.95,0.65,0.65
2021-05-26,17.08,16.95,17.14,16.73,204965,347293568.00,2.40,-0.82,-0.14,0.41
2021-05-27,16.82,16.70,16.89,16.60,225565,377095424.00,1.71,-1.47,-0.25,0.45
2021-05-28,16.74,16.57,16.84,16.51,144830,240956379.00,1.98,-0.78,-0.13,0.29
2021-05-31,16.60,16.52,16.73,16.35,216708,357470128.00,2.29,-0.30,-0.05,0.43
2021-06-01,16.43,16.27,16.49,16.15,210438,342583536.00,2.06,-1.51,-0.25,0.42
2021-06-02,16.28,16.36,16.44,16.10,130690,212759888.00,2.09,0.55,0.09,0.26
2021-06-03,16.33,16.10,16.44,16.10,117246,190178551.00,2.08,-1.59,-0.26,0.23
2021-06-04,16.08,16.36,16.50,16.02,165448,268610480.00,2.98,1.61,0.26,0.33
2021-06-07,16.26,16.18,16.39,16.12,128671,208749580.00,1.65,-1.10,-0.18,0.26
2021-06-08,16.13,15.90,16.29,15.78,198717,316938800.00,3.15,-1.73,-0.28,0.39
2021-06-09,15.80,15.69,15.89,15.56,184360,288763280.00,2.08,-1.32,-0.21,0.37
2021-06-10,15.73,15.49,16.10,15.36,276992,434665728.00,4.72,-1.27,-0.20,0.55
2021-06-11,15.60,15.35,15.65,15.11,247421,379826096.00,3.49,-0.90,-0.14,0.49
2021-06-15,15.35,14.96,15.36,14.88,201544,303251072.00,3.13,-2.54,-0.39,0.40
2021-06-16,15.00,14.93,15.35,14.92,212952,321588064.00,2.87,-0.20,-0.03,0.42
2021-06-17,15.00,14.66,15.15,14.66,207681,308864352.00,3.28,-1.81,-0.27,0.41
2021-06-18,14.70,14.55,14.81,14.49,244822,357856016.00,2.18,-0.75,-0.11,0.49
2021-06-21,14.56,14.61,14.69,14.07,352016,505928976.00,4.26,0.41,0.06,0.70
2021-06-22,14.60,14.72,15.08,14.53,294343,435593824.00,3.76,0.75,0.11,0.58
2021-06-23,14.75,14.83,14.86,14.40,237767,348068080.00,3.13,0.75,0.11,0.47
2021-06-24,14.83,15.40,15.53,14.75,351426,537220560.00,5.26,3.84,0.57,0.70
2021-06-25,15.20,14.85,15.24,14.77,322618,482798384.00,3.05,-3.57,-0.55,0.64
2021-06-28,14.90,14.77,14.98,14.61,156878,231782608.00,2.49,-0.54,-0.08,0.31
2021-06-29,14.74,14.52,15.10,14.52,152097,223631911.00,3.93,-1.69,-0.25,0.30
2021-06-30,14.51,14.75,14.84,14.51,169191,248779809.00,2.27,1.58,0.23,0.34
2021-07-01,14.80,14.61,14.91,14.52,243157,356626592.00,2.64,-0.95,-0.14,0.48
2021-07-02,14.51,14.33,14.61,14.24,189620,272506928.00,2.53,-1.92,-0.28,0.38
2021-07-05,14.32,14.57,14.62,14.08,165109,236942347.00,3.77,1.67,0.24,0.33
2021-07-06,14.55,14.69,14.76,14.35,241324,352278992.00,2.81,0.82,0.12,0.48
2021-07-07,14.65,15.06,15.08,14.62,306323,458629920.00,3.13,2.52,0.37,0.61
2021-07-08,15.12,14.39,15.15,14.20,266240,386608848.00,6.31,-4.45,-0.67,0.53
2021-07-09,14.20,13.96,14.47,13.91,235238,332012960.00,3.89,-2.99,-0.43,0.47
2021-07-12,14.13,13.14,14.15,13.07,585118,779925696.00,7.74,-5.87,-0.82,1.16
2021-07-13,13.12,13.40,13.50,12.79,351417,465542880.00,5.40,1.98,0.26,0.70
2021-07-14,13.31,12.94,13.32,12.84,317772,411785280.00,3.58,-3.43,-0.46,0.63
2021-07-15,12.90,13.30,13.33,12.83,274198,361466800.00,3.86,2.78,0.36,0.54
2021-07-16,13.21,13.25,13.32,13.03,198624,262380177.00,2.18,-0.38,-0.05,0.39
