2017-09-08,32.76,32.76,32.76,32.76,68,222899.00,0.00,10.01,2.98,0.03
2017-09-11,36.04,36.04,36.04,36.04,25,91793.00,0.00,10.01,3.28,0.01
2017-09-12,39.64,39.64,39.64,39.64,102,403495.00,0.00,9.99,3.60,0.04
2017-09-13,43.60,43.60,43.60,43.60,193,840128.00,0.00,9.99,3.96,0.07
2017-09-14,47.96,47.96,47.96,47.96,326,1562584.00,0.00,10.00,4.36,0.12
2017-09-15,52.76,52.76,52.76,52.76,760,4010604.00,0.00,10.01,4.80,0.29
2017-09-18,58.04,52.00,58.04,52.00,120463,653379824.00,11.45,-1.44,-0.76,45.17
2017-09-19,49.10,52.76,54.22,49.02,80000,419502400.00,10.00,1.46,0.76,30.00
2017-09-20,51.00,57.06,57.85,50.51,104528,574273712.00,13.91,8.15,4.30,39.19
2017-09-21,57.06,57.19,61.16,55.10,114234,666036224.00,10.62,0.23,0.13,42.83
2017-09-22,55.20,60.09,61.98,55.20,114289,684140784.00,11.86,5.07,2.90,42.85
2017-09-25,59.00,58.01,63.58,57.60,115300,699542336.00,9.95,-3.46,-2.08,43.23
2017-09-26,56.00,52.21,56.00,52.21,85103,453650896.00,6.53,-10.00,-5.80,31.91
2017-09-27,50.49,51.31,51.86,49.33,56760,287401136.00,4.85,-1.72,-0.90,21.28
2017-09-28,51.30,49.20,52.80,49.20,55353,281426480.00,7.02,-4.11,-2.11,20.75
2017-09-29,49.12,48.70,50.19,48.00,45686,223468961.00,4.45,-1.02,-0.50,17.13
2017-10-09,49.60,48.76,49.70,47.85,34748,169940416.00,3.80,0.12,0.06,13.03
2017-10-10,48.72,50.84,51.37,48.41,50098,250905453.00,6.07,4.27,2.08,18.78
2017-10-11,50.01,48.24,50.18,48.04,44121,216034701.00,4.21,-5.11,-2.60,16.54
2017-10-12,47.93,47.20,48.16,46.52,29545,140012917.00,3.40,-2.16,-1.04,11.08
2017-10-13,47.63,48.05,48.60,47.54,26146,125715861.00,2.25,1.80,0.85,9.80
2017-10-16,47.73,48.11,48.99,46.13,35377,168382298.00,5.95,0.12,0.06,13.26
2017-10-17,47.45,49.35,50.97,47.10,44928,222062010.00,8.04,2.58,1.24,16.85
2017-10-18,49.00,47.60,50.88,47.50,34747,170507274.00,6.85,-3.55,-1.75,13.03
2017-10-19,47.00,46.95,48.27,46.68,21345,100919298.00,3.34,-1.37,-0.65,8.00
2017-10-20,46.39,46.99,47.26,46.39,17492,81985980.00,1.85,0.09,0.04,6.56
2017-10-23,47.00,48.55,48.59,46.80,25331,121250535.00,3.81,3.32,1.56,9.50
2017-10-24,48.00,46.88,48.08,46.20,25037,117923278.00,3.87,-3.44,-1.67,9.39
2017-10-25,46.88,47.61,47.75,46.51,19719,93541604.00,2.65,1.56,0.73,7.39
2017-10-26,47.50,48.47,48.77,47.50,29280,141731276.00,2.67,1.81,0.86,10.98
2017-10-27,48.10,46.70,48.39,46.60,29311,138173885.00,3.69,-3.65,-1.77,10.99
2017-10-30,46.10,42.52,46.20,42.50,33196,145181433.00,7.92,-8.95,-4.18,12.45
2017-10-31,42.50,43.09,43.30,42.45,12592,54156172.00,2.00,1.34,0.57,4.72
2017-11-01,43.09,43.48,44.20,42.83,16577,72265383.00,3.18,0.91,0.39,6.22
2017-11-02,43.69,44.00,44.27,42.83,20031,87545658.00,3.31,1.20,0.52,7.51
2017-11-03,43.67,43.58,44.25,43.35,13390,58575807.00,2.05,-0.95,-0.42,5.02
2017-11-06,44.04,44.39,44.88,43.85,16341,72288453.00,2.36,1.86,0.81,6.13
2017-11-07,44.41,44.08,44.50,43.11,16587,72394128.00,3.13,-0.70,-0.31,6.22
2017-11-08,44.33,45.40,46.58,44.08,41712,190728594.00,5.67,2.99,1.32,15.64
2017-11-09,44.90,45.96,45.98,44.76,23797,108180286.00,2.69,1.23,0.56,8.92
2017-11-10,45.45,47.28,47.87,45.45,43157,202577950.00,5.27,2.87,1.32,16.18
2017-11-13,47.60,47.55,47.75,46.42,31568,148916893.00,2.81,0.57,0.27,11.84
2017-11-14,47.20,46.43,47.48,45.80,26916,126093560.00,3.53,-2.36,-1.12,10.09
2017-11-15,46.00,48.45,49.94,45.89,49335,238029494.00,8.72,4.35,2.02,18.50
2017-11-16,48.45,46.60,49.00,46.51,33711,160528105.00,5.14,-3.82,-1.85,12.64
2017-11-17,45.71,41.94,45.80,41.94,40466,175607188.00,8.28,-10.00,-4.66,15.17
2017-11-20,41.72,42.11,42.50,39.68,18021,74441107.00,6.72,0.41,0.17,6.76
2017-11-21,42.02,41.53,43.11,40.50,18969,79417991.00,6.20,-1.38,-0.58,7.11
2017-11-22,41.29,41.20,41.96,40.60,16994,70006299.00,3.27,-0.79,-0.33,6.37
2017-11-23,40.85,39.74,41.33,39.41,14832,59915809.00,4.66,-3.54,-1.46,5.56
2017-11-24,39.20,39.19,40.30,39.08,10422,41408057.00,3.07,-1.38,-0.55,3.91
2017-11-27,38.44,37.09,39.32,37.00,14412,54890551.00,5.92,-5.36,-2.10,5.40
2017-11-28,37.09,38.02,38.13,37.07,11913,44971961.00,2.86,2.51,0.93,4.47
2017-11-29,37.99,36.97,37.99,36.19,15089,55653134.00,4.73,-2.76,-1.05,5.66
2017-11-30,37.00,37.12,37.82,36.80,10302,38549313.00,2.76,0.41,0.15,3.86
2017-12-01,37.12,37.76,37.98,37.08,10035,37682073.00,2.42,1.72,0.64,3.76
2017-12-04,37.66,35.00,37.66,34.60,19999,71621805.00,8.10,-7.31,-2.76,7.50
2017-12-05,34.79,33.73,35.49,33.36,12651,43425635.00,6.09,-3.63,-1.27,4.74
2017-12-06,33.80,34.75,34.97,33.54,10184,34846665.00,4.24,3.02,1.02,3.82
2017-12-07,34.72,35.90,36.24,34.41,16532,58966978.00,5.27,3.31,1.15,6.20
2017-12-08,35.74,36.50,37.63,35.55,19577,71906946.00,5.79,1.67,0.60,7.34
2017-12-11,36.50,36.64,37.13,36.30,12255,44871556.00,2.27,0.38,0.14,4.60
2017-12-12,36.38,34.93,36.70,34.88,14830,52846463.00,4.97,-4.67,-1.71,5.56
2017-12-13,35.03,36.49,36.90,35.02,17235,62308996.00,5.38,4.47,1.56,6.46
2017-12-14,36.70,36.50,36.81,35.95,12495,45466252.00,2.36,0.03,0.01,4.69
2017-12-15,36.15,35.64,36.36,35.20,13961,49812107.00,3.18,-2.36,-0.86,5.23
2017-12-18,35.55,35.16,35.85,34.30,12993,45412641.00,4.35,-1.35,-0.48,4.87
2017-12-19,35.70,36.31,36.70,35.20,16746,60475569.00,4.27,3.27,1.15,6.28
2017-12-20,36.03,35.12,36.43,35.01,11263,39948900.00,3.91,-3.28,-1.19,4.22
2017-12-21,35.13,38.63,38.63,34.60,40345,151202427.00,11.47,9.99,3.51,15.13
2017-12-22,38.40,37.74,39.08,37.53,34228,130889372.00,4.01,-2.30,-0.89,12.83
2017-12-25,37.35,37.54,38.36,37.02,25652,96528033.00,3.55,-0.53,-0.20,9.62
2017-12-26,37.30,38.92,39.55,37.30,39956,154856564.00,5.99,3.68,1.38,14.98
2017-12-27,38.83,37.80,38.83,37.62,31012,118486395.00,3.11,-2.88,-1.12,11.63
2017-12-28,37.18,38.07,38.70,37.03,24116,91748750.00,4.42,0.71,0.27,9.04
2017-12-29,38.06,38.82,38.88,37.90,25354,97563645.00,2.57,1.97,0.75,9.51
2018-01-02,38.97,38.58,39.49,38.08,16371,62981477.00,3.63,-0.62,-0.24,6.14
2018-01-03,38.59,38.17,38.59,37.50,20156,76573449.00,2.83,-1.06,-0.41,7.56
2018-01-04,37.95,37.80,38.16,37.39,15985,60348453.00,2.02,-0.97,-0.37,5.99
2018-01-05,37.60,37.50,38.07,37.40,10663,40116172.00,1.77,-0.79,-0.30,4.00
2018-01-08,37.49,38.02,38.05,37.05,16336,61175563.00,2.67,1.39,0.52,6.13
2018-01-09,37.99,38.20,38.38,37.70,17979,68513303.00,1.79,0.47,0.18,6.74
2018-01-10,38.01,36.62,38.36,36.40,18483,68922535.00,5.13,-4.14,-1.58,6.93
2018-01-11,36.20,37.54,38.04,36.13,20355,76183947.00,5.22,2.51,0.92,7.63
2018-01-12,37.68,37.09,37.68,36.68,14804,54858456.00,2.66,-1.20,-0.45,5.55
2018-01-15,36.91,34.73,37.09,34.60,20928,74345871.00,6.71,-6.36,-2.36,7.85
2018-01-16,34.73,35.55,36.16,34.66,15500,55106041.00,4.32,2.36,0.82,5.81
2018-01-17,35.57,39.11,39.11,35.57,52912,204551120.00,9.96,10.01,3.56,19.84
2018-01-18,40.46,39.54,40.88,38.75,72419,287780560.00,5.45,1.10,0.43,27.15
2018-01-19,39.00,39.66,40.63,38.77,53424,212730622.00,4.70,0.30,0.12,20.03
2018-01-22,39.00,38.50,39.35,37.36,33585,128808072.00,5.02,-2.92,-1.16,12.59
2018-01-23,38.16,39.35,39.52,38.16,29450,114587238.00,3.53,2.21,0.85,11.04
2018-01-24,38.73,39.68,40.28,38.73,29375,116100665.00,3.94,0.84,0.33,11.01
2018-01-25,39.50,38.60,40.38,38.60,27112,107465454.00,4.49,-2.72,-1.08,10.17
2018-01-26,38.14,37.30,39.00,37.30,22665,86238557.00,4.40,-3.37,-1.30,8.50
2018-01-29,37.34,37.87,37.93,36.70,19179,71347936.00,3.30,1.53,0.57,7.19
2018-01-30,37.49,36.64,37.50,36.60,15050,55639284.00,2.38,-3.25,-1.23,5.64
2018-01-31,36.50,34.52,36.50,34.01,21671,76348323.00,6.80,-5.79,-2.12,8.13
2018-02-01,34.54,33.10,34.98,33.00,16794,56706999.00,5.74,-4.11,-1.42,6.30
2018-02-02,32.77,32.30,33.17,31.00,9646,31216777.00,6.56,-2.42,-0.80,3.62
2018-02-05,31.45,31.82,32.85,31.45,8472,27297946.00,4.33,-1.49,-0.48,3.18
2018-02-06,33.00,32.10,34.60,32.00,29764,99785678.00,8.17,0.88,0.28,11.16
2018-02-07,33.00,33.65,34.76,31.11,31893,106251675.00,11.37,4.83,1.55,11.96
2018-02-08,32.99,34.35,34.99,32.99,25033,85819648.00,5.94,2.08,0.70,9.39
2018-02-09,33.00,31.70,33.28,31.31,20224,65470460.00,5.74,-7.71,-2.65,7.58
2018-02-12,31.94,33.66,34.35,31.94,18599,61698317.00,7.60,6.18,1.96,6.97
2018-02-13,33.54,32.77,33.79,32.70,14894,49350971.00,3.24,-2.64,-0.89,5.58
2018-02-14,32.88,32.38,33.06,32.33,6798,22137160.00,2.23,-1.19,-0.39,2.55
2018-02-22,32.51,33.04,33.35,32.51,9515,31403028.00,2.59,2.04,0.66,3.57
2018-02-23,33.05,33.55,33.56,33.00,13500,44971197.00,1.69,1.54,0.51,5.06
2018-02-26,34.60,34.77,34.80,33.81,22231,76408409.00,2.95,3.64,1.22,8.34
2018-02-27,34.77,34.81,35.24,34.41,21103,73431399.00,2.39,0.12,0.04,7.91
2018-02-28,34.25,33.96,34.36,33.59,15641,53282484.00,2.21,-2.44,-0.85,5.86
2018-03-01,33.80,35.09,35.18,33.58,19598,67966625.00,4.71,3.33,1.13,7.35
2018-03-02,34.68,34.69,35.55,34.58,25098,87852647.00,2.76,-1.14,-0.40,9.41
2018-03-05,35.08,35.04,35.28,34.34,15127,52694474.00,2.71,1.01,0.35,5.67
2018-03-06,35.55,36.71,37.98,35.30,41985,152553728.00,7.65,4.77,1.67,15.74
2018-03-07,36.44,38.45,38.96,36.35,53594,201728432.00,7.11,4.74,1.74,20.10
2018-03-08,37.86,38.45,38.58,37.20,42764,161946783.00,3.59,0.00,0.00,16.03
2018-03-09,38.34,39.50,39.60,37.81,45122,175281274.00,4.66,2.73,1.05,16.92
2018-03-12,40.00,40.68,40.68,38.98,52182,207045682.00,4.30,2.99,1.18,19.57
2018-03-13,41.20,39.56,42.60,39.30,57892,237503148.00,8.11,-2.75,-1.12,21.71
2018-03-14,38.79,38.50,39.29,38.01,32969,127565905.00,3.24,-2.68,-1.06,12.36
2018-03-15,37.95,36.94,37.95,35.58,40076,147283950.00,6.16,-4.05,-1.56,15.03
2018-03-16,36.85,37.20,37.96,36.63,23445,87752826.00,3.60,0.70,0.26,8.79
2018-03-19,36.80,37.85,38.40,36.80,24444,92796898.00,4.30,1.75,0.65,9.17
2018-03-20,37.16,38.20,38.25,36.76,24694,92709965.00,3.94,0.92,0.35,9.26
2018-03-21,38.35,37.55,39.20,37.53,29287,112995582.00,4.37,-1.70,-0.65,10.98
2018-03-22,37.47,38.29,38.69,37.47,20713,78992031.00,3.25,1.97,0.74,7.77
2018-03-23,34.70,34.65,36.58,34.46,30489,107964248.00,5.54,-9.51,-3.64,11.43
2018-03-26,34.00,35.39,35.44,32.62,15138,51950385.00,8.14,2.14,0.74,5.68
2018-03-27,35.82,36.55,37.08,35.82,21837,79800631.00,3.56,3.28,1.16,8.19
2018-03-28,35.96,38.08,38.50,35.63,36267,136081139.00,7.85,4.19,1.53,13.60
2018-03-29,38.21,37.70,38.32,37.21,21568,81506209.00,2.91,-1.00,-0.38,8.09
2018-03-30,37.75,39.02,39.10,37.75,38363,147860726.00,3.58,3.50,1.32,14.38
2018-04-02,39.20,38.67,39.76,38.40,34465,134414706.00,3.49,-0.90,-0.35,12.92
2018-04-03,37.86,39.25,39.45,37.50,28455,109137927.00,5.04,1.50,0.58,10.67
2018-04-04,39.12,38.63,40.08,38.53,31020,121948547.00,3.95,-1.58,-0.62,11.63
2018-04-09,38.22,40.47,42.20,38.16,57580,233378122.00,10.46,4.76,1.84,21.59
2018-04-10,40.39,39.35,40.57,38.24,45142,177489057.00,5.76,-2.77,-1.12,16.93
2018-04-11,39.64,41.02,41.48,39.53,56272,228717054.00,4.96,4.24,1.67,21.10
2018-04-12,40.70,40.00,41.20,39.60,32930,132832100.00,3.90,-2.49,-1.02,12.35
2018-04-13,40.36,39.40,40.94,39.40,23727,95027037.00,3.85,-1.50,-0.60,8.90
2018-04-16,39.04,38.31,39.60,37.58,22941,88518446.00,5.13,-2.77,-1.09,8.60
2018-04-17,38.82,39.40,42.14,38.82,55790,226526150.00,8.67,2.85,1.09,20.92
2018-04-18,40.42,40.04,40.92,36.60,47945,184484795.00,10.96,1.62,0.64,17.98
2018-04-19,39.66,37.89,39.90,37.89,37030,144566855.00,5.02,-5.37,-2.15,13.88
2018-04-20,37.35,35.78,38.36,35.45,28400,105314375.00,7.68,-5.57,-2.11,10.65
2018-04-23,35.50,36.16,36.67,35.35,16331,58753841.00,3.69,1.06,0.38,6.12
2018-04-24,36.36,37.70,37.89,35.80,21722,81161300.00,5.78,4.26,1.54,8.14
2018-04-25,37.40,41.47,41.47,37.40,49238,200341352.00,10.80,10.00,3.77,18.46
2018-04-26,43.00,39.41,44.77,39.16,101740,428835552.00,13.53,-4.97,-2.06,38.15
2018-04-27,38.50,37.56,40.22,37.22,49202,189106240.00,7.61,-4.69,-1.85,18.45
2018-05-02,37.40,35.60,37.80,35.51,35353,128489647.00,6.10,-5.22,-1.96,13.26
2018-05-03,35.70,37.44,37.85,35.51,33168,121473900.00,6.57,5.17,1.84,12.44
2018-05-04,37.00,36.31,37.40,36.22,22515,82870541.00,3.15,-3.02,-1.13,8.44
2018-05-07,36.66,37.30,37.79,36.66,21473,80014140.00,3.11,2.73,0.99,8.05
2018-05-08,37.10,39.01,39.99,37.06,40165,154562881.00,7.86,4.58,1.71,15.06
2018-05-09,39.10,39.75,39.87,38.45,37213,146171709.00,3.64,1.90,0.74,13.95
2018-05-10,39.45,39.62,39.74,38.85,29430,115570253.00,2.24,-0.33,-0.13,11.04
2018-05-11,39.61,38.90,40.00,38.82,18824,73875883.00,2.98,-1.82,-0.72,7.06
2018-05-14,39.25,38.90,40.40,38.35,27510,108752737.00,5.27,0.00,0.00,10.31
2018-05-15,38.18,39.42,39.43,38.17,23306,90132137.00,3.24,1.34,0.52,8.74
2018-05-16,39.02,38.65,39.40,38.60,15036,58563268.00,2.03,-1.95,-0.77,5.64
2018-05-17,38.68,39.56,39.68,38.51,22300,87438253.00,3.03,2.35,0.91,8.36
2018-05-18,39.47,39.41,39.80,38.86,18510,72698127.00,2.38,-0.38,-0.15,6.94
2018-05-21,39.58,40.66,40.80,39.31,36260,145984897.00,3.78,3.17,1.25,13.60
2018-05-22,41.09,41.85,42.86,40.02,55330,229345465.00,6.98,2.93,1.19,20.75
2018-05-23,41.17,40.98,41.29,40.55,36418,149035981.00,1.77,-2.08,-0.87,13.65
2018-05-24,40.90,40.68,41.33,40.60,25739,105397900.00,1.78,-0.73,-0.30,9.65
2018-05-25,40.67,40.66,41.15,40.12,21936,89313106.00,2.53,-0.05,-0.02,8.23
2018-05-28,40.88,40.77,41.69,40.41,25555,104819324.00,3.15,0.27,0.11,9.58
2018-05-29,40.70,40.92,41.29,40.21,23938,98058525.00,2.65,0.37,0.15,8.98
2018-05-30,39.90,37.00,39.90,36.83,31117,118020545.00,7.50,-9.58,-3.92,11.67
2018-05-31,37.38,37.88,38.24,37.32,16082,60851175.00,2.49,2.38,0.88,6.03
2018-06-01,37.71,38.23,38.67,37.39,16779,63863902.00,3.38,0.92,0.35,6.29
2018-06-04,38.61,40.84,42.05,38.61,41369,168591484.00,9.00,6.83,2.61,15.51
2018-06-05,41.92,44.92,44.92,41.92,90381,390751600.00,7.35,9.99,4.08,33.89
2018-06-06,28.71,29.13,30.54,27.53,225627,662125808.00,6.70,-35.15,-15.79,52.87
2018-06-07,28.15,28.32,28.98,26.81,142925,399600272.00,7.45,-2.78,-0.81,33.49
2018-06-08,27.42,31.15,31.15,27.35,164065,483517552.00,13.42,9.99,2.83,38.45
2018-06-11,34.27,29.92,34.27,29.57,267725,873000336.00,15.09,-3.95,-1.23,62.74
2018-06-12,28.12,28.85,29.92,26.93,193868,545690592.00,9.99,-3.58,-1.07,45.43
2018-06-13,27.61,26.00,27.95,25.97,158584,427215232.00,6.86,-9.88,-2.85,37.16
2018-06-14,26.01,26.50,26.65,25.31,100781,263583908.00,5.15,1.92,0.50,23.62
2018-06-15,26.10,24.95,26.34,24.50,89078,225873067.00,6.94,-5.85,-1.55,20.87
2018-06-19,23.75,22.46,23.99,22.46,53868,124607722.00,6.13,-9.98,-2.49,12.62
2018-06-20,21.60,22.46,23.14,21.41,71592,159392928.00,7.70,0.00,0.00,16.78
2018-06-21,22.25,21.00,22.90,20.96,62038,136618054.00,8.64,-6.50,-1.46,14.54
2018-06-22,20.68,21.80,22.02,20.68,57256,123975026.00,6.38,3.81,0.80,13.42
2018-06-25,22.09,22.02,22.77,21.86,61204,135954062.00,4.17,1.01,0.22,14.34
2018-06-26,21.50,22.74,22.89,21.02,65631,146393713.00,8.49,3.27,0.72,15.38
2018-06-27,22.80,22.48,23.06,22.01,54538,123171828.00,4.62,-1.14,-0.26,12.78
2018-06-28,22.35,23.55,24.00,22.35,98088,228330221.00,7.34,4.76,1.07,22.99
2018-06-29,23.08,23.94,24.40,23.07,97030,229915068.00,5.65,1.66,0.39,22.74
2018-07-02,23.78,22.84,23.90,22.51,68155,158526836.00,5.81,-4.59,-1.10,15.97
2018-07-03,22.80,24.17,24.44,22.52,80213,189267721.00,8.41,5.82,1.33,18.80
2018-07-04,23.81,23.05,23.92,22.67,60890,142141829.00,5.17,-4.63,-1.12,14.27
2018-07-05,23.00,21.10,23.00,20.75,56379,123679058.00,9.76,-8.46,-1.95,13.21
2018-07-06,21.26,21.33,21.94,20.71,49280,105640421.00,5.83,1.09,0.23,11.55
2018-07-09,21.60,22.05,22.15,21.48,39547,86445214.00,3.14,3.38,0.72,9.27
2018-07-10,22.21,22.68,22.83,22.15,49585,111650665.00,3.08,2.86,0.63,11.62
2018-07-11,22.01,21.65,22.26,21.04,48995,106035170.00,5.38,-4.54,-1.03,11.48
2018-07-12,23.82,23.82,23.82,23.82,22688,54043530.00,0.00,10.02,2.17,5.32
2018-07-13,26.20,26.20,26.20,25.11,138771,359217088.00,4.58,9.99,2.38,32.52
2018-07-16,28.58,28.82,28.82,28.00,70910,202804954.00,3.13,10.00,2.62,16.62
2018-07-17,28.93,27.28,31.22,27.10,266900,784078592.00,14.30,-5.34,-1.54,62.55
2018-07-18,26.00,25.19,26.80,24.92,192551,496897152.00,6.89,-7.66,-2.09,45.12
2018-07-19,24.32,26.49,27.42,24.32,187647,489539056.00,12.31,5.16,1.30,43.97
2018-07-20,25.58,25.42,25.95,24.90,120742,306263072.00,3.96,-4.04,-1.07,28.30
2018-07-23,25.61,25.09,26.26,24.79,102903,262416150.00,5.78,-1.30,-0.33,24.11
2018-07-24,25.14,25.45,26.39,25.12,105814,271221200.00,5.06,1.43,0.36,24.80
2018-07-25,25.03,25.14,25.90,24.71,81146,204191388.00,4.68,-1.22,-0.31,19.02
2018-07-26,25.09,23.72,25.24,23.50,87897,212831746.00,6.92,-5.65,-1.42,20.60
2018-07-27,23.98,23.67,24.27,23.63,44367,105962246.00,2.70,-0.21,-0.05,10.40
2018-07-30,23.57,22.71,23.86,22.35,52420,119985035.00,6.38,-4.06,-0.96,12.28
2018-07-31,22.28,22.62,22.84,22.18,30681,69260071.00,2.91,-0.40,-0.09,7.19
2018-08-01,22.62,22.41,23.18,22.38,39146,89308436.00,3.54,-0.93,-0.21,9.17
2018-08-02,22.41,21.83,22.42,20.88,46747,100419004.00,6.87,-2.59,-0.58,10.95
2018-08-03,21.86,21.32,21.89,21.24,24303,52320425.00,2.98,-2.34,-0.51,5.70
2018-08-06,21.30,20.93,21.55,20.71,24099,50697836.00,3.94,-1.83,-0.39,5.65
2018-08-07,20.95,21.69,21.75,20.72,35220,75226697.00,4.92,3.63,0.76,8.25
2018-08-08,21.80,21.92,22.33,21.52,51156,112122794.00,3.73,1.06,0.23,11.99
2018-08-09,21.70,22.70,23.43,21.70,68509,155795641.00,7.89,3.56,0.78,16.05
2018-08-10,22.63,22.98,23.28,22.20,60638,137642702.00,4.76,1.23,0.28,14.21
2018-08-13,22.30,23.00,23.47,22.11,57017,130853553.00,5.92,0.09,0.02,13.36
2018-08-14,22.77,22.59,22.95,22.40,39628,89675384.00,2.39,-1.78,-0.41,9.29
2018-08-15,22.62,21.69,22.74,21.57,34856,77046028.00,5.18,-3.98,-0.90,8.17
2018-08-16,21.18,22.29,23.60,21.18,57976,130371146.00,11.16,2.77,0.60,13.59
2018-08-17,22.60,21.46,22.75,21.45,41162,91110550.00,5.83,-3.72,-0.83,9.65
2018-08-20,21.46,22.46,22.50,21.12,43949,95928889.00,6.43,4.66,1.00,10.30
2018-08-21,22.48,22.85,23.38,22.00,63748,144417668.00,6.14,1.74,0.39,14.94
2018-08-22,22.48,21.95,22.76,21.90,37774,84328725.00,3.76,-3.94,-0.90,8.85
2018-08-23,21.94,24.15,24.15,21.78,69484,161121806.00,10.80,10.02,2.20,16.28
2018-08-24,24.15,24.46,25.52,24.09,162877,404030048.00,5.92,1.28,0.31,38.17
2018-08-27,24.35,25.16,25.36,23.90,121316,302039200.00,5.97,2.86,0.70,28.43
2018-08-28,24.68,24.67,25.36,24.25,88327,218221912.00,4.41,-1.95,-0.49,20.70
2018-08-29,24.51,24.28,24.56,23.93,52616,127316403.00,2.55,-1.58,-0.39,12.33
2018-08-30,24.19,23.20,24.39,23.11,57551,135753257.00,5.27,-4.45,-1.08,13.49
2018-08-31,23.18,22.89,23.66,22.86,49897,116399073.00,3.45,-1.34,-0.31,11.69
2018-09-03,22.19,21.50,22.42,20.60,63687,135213412.00,7.95,-6.07,-1.39,14.92
2018-09-04,21.26,21.94,22.33,21.23,48112,105293540.00,5.12,2.05,0.44,11.27
2018-09-05,22.00,21.77,22.87,21.75,52090,115707001.00,5.10,-0.77,-0.17,12.21
2018-09-06,21.84,21.42,22.17,21.31,45378,98238465.00,3.95,-1.61,-0.35,10.63
2018-09-07,21.29,21.09,21.94,20.92,38360,81941145.00,4.76,-1.54,-0.33,5.70
2018-09-10,20.85,19.21,20.86,19.05,50682,99422192.00,8.58,-8.91,-1.88,7.52
2018-09-11,19.26,19.53,19.69,19.26,28182,54924118.00,2.24,1.67,0.32,4.18
2018-09-12,19.52,19.48,19.77,19.36,23538,46053540.00,2.10,-0.26,-0.05,3.49
2018-09-13,19.70,19.96,19.98,19.58,35459,70247692.00,2.05,2.46,0.48,5.26
2018-09-14,20.03,19.41,20.28,19.35,27414,54023913.00,4.66,-2.76,-0.55,4.07
2018-09-17,19.22,18.90,19.22,18.72,23027,43590586.00,2.58,-2.63,-0.51,3.42
2018-09-18,18.90,19.16,19.20,18.50,24240,45914366.00,3.70,1.38,0.26,3.60
2018-09-19,19.07,19.57,19.60,18.82,37499,72212177.00,4.07,2.14,0.41,5.57
2018-09-20,19.72,19.18,19.72,19.15,28091,54500396.00,2.91,-1.99,-0.39,4.17
2018-09-21,19.26,19.36,19.58,19.02,26144,50447143.00,2.92,0.94,0.18,3.88
2018-09-25,19.37,19.20,19.44,19.14,16676,32130151.00,1.55,-0.83,-0.16,2.48
2018-09-26,19.33,19.37,19.46,19.12,23441,45290187.00,1.77,0.89,0.17,3.48
2018-09-27,19.30,18.08,19.35,18.05,35524,66424774.00,6.71,-6.66,-1.29,5.27
2018-09-28,17.96,18.27,18.38,17.96,18656,34011803.00,2.32,1.05,0.19,2.77
2018-10-08,17.94,16.88,17.94,16.83,25926,44990205.00,6.08,-7.61,-1.39,3.85
2018-10-09,17.05,17.12,17.39,17.02,16377,28120457.00,2.19,1.42,0.24,2.43
2018-10-10,17.22,17.66,17.79,17.12,26547,46483709.00,3.91,3.15,0.54,3.94
2018-10-11,16.50,15.92,16.89,15.89,32806,53289067.00,5.66,-9.85,-1.74,4.87
2018-10-12,16.02,15.64,16.24,14.65,30358,47097730.00,9.99,-1.76,-0.28,4.51
2018-10-15,15.75,15.93,16.75,15.75,32610,52893430.00,6.39,1.85,0.29,4.84
2018-10-16,15.98,15.70,16.36,15.50,22931,36590403.00,5.40,-1.44,-0.23,3.40
2018-10-17,15.81,16.16,16.29,15.58,25931,41580559.00,4.52,2.93,0.46,3.85
2018-10-18,16.10,15.40,16.10,15.23,22492,35030993.00,5.38,-4.70,-0.76,3.34
2018-10-19,14.65,15.65,15.84,14.65,23596,36374559.00,7.73,1.62,0.25,3.50
2018-10-22,15.90,16.38,16.69,15.66,31984,52051969.00,6.58,4.66,0.73,4.75
2018-10-23,16.35,15.95,16.63,15.80,28932,46914867.00,5.07,-2.63,-0.43,4.30
2018-10-24,15.97,16.02,16.30,15.97,19787,31889253.00,2.07,0.44,0.07,2.94
2018-10-25,15.24,15.68,15.75,15.05,22033,33945843.00,4.37,-2.12,-0.34,3.27
2018-10-26,15.86,16.01,16.64,15.56,35923,57805810.00,6.89,2.10,0.33,5.33
2018-10-29,15.88,15.63,16.00,15.35,24655,38800534.00,4.06,-2.37,-0.38,3.66
2018-10-30,15.52,15.64,15.75,14.91,23210,35818333.00,5.37,0.06,0.01,3.45
2018-10-31,15.79,16.00,16.20,15.50,32944,52605888.00,4.48,2.30,0.36,4.89
2018-11-01,16.20,16.02,16.55,16.00,48386,78614926.00,3.44,0.13,0.02,7.18
2018-11-02,16.33,16.61,16.62,16.20,59075,97065211.00,2.62,3.68,0.59,8.77
2018-11-05,16.61,16.60,16.83,16.17,46930,77487132.00,3.97,-0.06,-0.01,6.97
2018-11-06,16.55,16.39,16.58,15.98,41263,66887524.00,3.61,-1.27,-0.21,6.13
2018-11-07,16.43,16.82,17.29,16.30,70724,118345057.00,6.04,2.62,0.43,10.50
2018-11-08,16.82,16.65,17.09,16.51,47589,79868085.00,3.45,-1.01,-0.17,7.07
2018-11-09,16.50,17.08,17.25,16.30,61741,104829909.00,5.71,2.58,0.43,9.17
2018-11-12,17.24,17.52,17.66,17.11,59285,103137499.00,3.22,2.58,0.44,8.80
2018-11-13,17.18,17.52,17.63,17.08,58915,102157532.00,3.14,0.00,0.00,8.75
2018-11-14,17.58,17.70,17.74,17.27,51669,90456932.00,2.68,1.03,0.18,7.67
2018-11-15,17.65,18.32,18.49,17.48,65736,119146259.00,5.71,3.50,0.62,9.76
2018-11-16,18.30,18.10,18.30,17.88,45884,82926025.00,2.29,-1.20,-0.22,6.81
2018-11-19,18.11,17.71,18.11,17.43,42148,74424376.00,3.76,-2.15,-0.39,6.26
2018-11-20,17.56,17.02,17.60,16.92,37876,65614283.00,3.84,-3.90,-0.69,5.62
2018-11-21,16.70,17.32,17.34,16.68,32711,55932760.00,3.88,1.76,0.30,4.86
2018-11-22,17.24,17.53,17.69,17.23,34846,60845754.00,2.66,1.21,0.21,5.17
2018-11-23,17.70,16.90,17.96,16.62,41612,71876740.00,7.64,-3.59,-0.63,6.18
2018-11-26,16.68,16.97,17.22,16.67,28981,49218443.00,3.25,0.41,0.07,4.30
2018-11-27,17.00,18.67,18.67,16.99,69779,125942527.00,9.90,10.02,1.70,10.36
2018-11-28,19.00,19.31,20.46,19.00,157270,307289216.00,7.82,3.43,0.64,23.35
2018-11-29,19.20,18.40,19.32,18.34,95873,180472141.00,5.08,-4.71,-0.91,14.23
2018-11-30,18.09,18.55,18.70,17.86,73619,134865170.00,4.57,0.82,0.15,10.93
2018-12-03,19.16,19.30,19.99,18.80,104607,202487143.00,6.42,4.04,0.75,15.53
2018-12-04,19.01,19.19,19.27,18.80,53725,102326983.00,2.44,-0.57,-0.11,7.98
2018-12-05,18.59,18.70,18.93,18.40,38170,71437101.00,2.76,-2.55,-0.49,5.67
2018-12-06,18.60,17.70,18.60,17.68,45485,81997100.00,4.92,-5.35,-1.00,6.75
2018-12-07,17.85,19.47,19.47,17.85,134253,258568564.00,9.15,10.00,1.77,19.93
2018-12-10,19.27,19.78,20.25,18.88,153910,301477904.00,7.04,1.59,0.31,22.85
2018-12-11,19.68,20.62,21.50,19.34,132956,267038912.00,10.92,4.25,0.84,19.74
2018-12-12,20.15,21.72,22.22,19.36,132422,270454368.00,13.87,5.33,1.10,19.66
2018-12-13,20.75,21.40,21.88,20.58,126868,270101248.00,5.99,-1.47,-0.32,18.84
2018-12-14,21.29,20.06,21.29,20.04,85947,175751329.00,5.84,-6.26,-1.34,12.76
2018-12-17,19.85,19.67,19.85,19.31,55538,108682950.00,2.69,-1.94,-0.39,8.25
2018-12-18,19.55,19.56,20.03,19.43,54353,107065371.00,3.05,-0.56,-0.11,8.07
2018-12-19,19.59,19.79,20.29,19.40,65998,131430232.00,4.55,1.18,0.23,9.80
2018-12-20,19.65,20.31,20.36,19.52,65500,131271922.00,4.24,2.63,0.52,9.72
2018-12-21,20.02,19.86,20.55,19.66,58246,116856406.00,4.38,-2.22,-0.45,8.65
2018-12-24,20.08,20.84,20.95,19.87,83828,172619825.00,5.44,4.93,0.98,12.45
2018-12-25,20.40,21.56,21.62,20.00,109670,230011731.00,7.77,3.45,0.72,16.28
2018-12-26,21.80,20.74,22.22,20.71,110819,237274504.00,7.00,-3.80,-0.82,16.45
2018-12-27,21.00,21.27,21.88,20.80,108537,232220971.00,5.21,2.56,0.53,16.11
2018-12-28,20.90,20.45,21.17,20.38,65425,135540271.00,3.71,-3.86,-0.82,9.71
2019-01-02,20.66,20.65,20.99,20.47,52585,108915844.00,2.54,0.98,0.20,7.81
2019-01-03,20.39,18.61,20.39,18.59,87717,168639918.00,8.72,-9.88,-2.04,13.02
2019-01-04,18.11,18.90,18.99,18.11,48118,89696111.00,4.73,1.56,0.29,7.14
2019-01-07,19.09,19.23,19.55,18.80,54613,105260680.00,3.97,1.75,0.33,8.11
2019-01-08,19.24,19.32,19.66,19.02,50659,98021537.00,3.33,0.47,0.09,7.52
2019-01-09,19.21,19.43,20.20,19.08,66615,131086645.00,5.80,0.57,0.11,9.89
2019-01-10,19.27,19.87,20.24,19.15,68252,134400098.00,5.61,2.26,0.44,10.13
2019-01-11,19.72,20.02,20.68,19.71,69709,140802321.00,4.88,0.75,0.15,10.35
2019-01-14,19.85,19.45,20.01,18.91,55612,107514421.00,5.49,-2.85,-0.57,8.26
2019-01-15,18.80,19.27,19.50,18.61,46461,88850113.00,4.58,-0.93,-0.18,6.90
2019-01-16,19.21,18.89,19.45,18.83,34650,66257314.00,3.22,-1.97,-0.38,5.14
2019-01-17,18.96,18.73,19.23,18.65,28693,54094194.00,3.07,-0.85,-0.16,4.26
2019-01-18,18.78,18.11,18.85,17.55,44857,81368855.00,6.94,-3.31,-0.62,6.66
2019-01-21,18.12,18.72,18.79,17.91,39214,72502927.00,4.86,3.37,0.61,5.82
2019-01-22,18.62,18.44,18.91,18.33,24551,45593389.00,3.10,-1.50,-0.28,3.64
2019-01-23,18.30,18.10,18.34,17.85,23840,42980412.00,2.66,-1.84,-0.34,3.54
2019-01-24,18.20,18.33,18.34,17.85,26113,47472085.00,2.71,1.27,0.23,3.88
2019-01-25,18.34,17.64,18.34,17.62,27208,48938272.00,3.93,-3.76,-0.69,4.04
2019-01-28,17.80,17.69,18.01,17.65,16079,28676235.00,2.04,0.28,0.05,2.39
2019-01-29,17.65,17.06,17.74,16.30,21471,36493457.00,8.14,-3.56,-0.63,3.19
2019-01-30,16.98,16.97,17.45,16.81,16566,28432194.00,3.75,-0.53,-0.09,2.46
2019-01-31,17.19,16.71,17.48,16.50,19413,33051154.00,5.77,-1.53,-0.26,2.88
2019-02-01,16.95,17.22,17.27,16.82,14882,25486898.00,2.69,3.05,0.51,2.21
2019-02-11,17.31,17.90,17.90,17.31,25128,44521796.00,3.43,3.95,0.68,3.73
2019-02-12,17.91,18.02,18.20,17.74,29834,53740458.00,2.57,0.67,0.12,4.43
2019-02-13,18.00,18.61,18.71,17.98,45655,84274016.00,4.05,3.27,0.59,6.78
2019-02-14,18.61,18.42,18.61,18.26,29843,54928377.00,1.88,-1.02,-0.19,4.43
2019-02-15,18.42,18.46,18.68,18.33,25353,46876722.00,1.90,0.22,0.04,3.76
2019-02-18,18.78,19.04,19.05,18.53,48682,91821946.00,2.82,3.14,0.58,7.23
2019-02-19,19.04,19.13,19.40,18.75,50630,96327219.00,3.41,0.47,0.09,7.52
2019-02-20,19.11,19.01,19.11,18.55,37499,70732974.00,2.93,-0.63,-0.12,5.57
2019-02-21,19.00,19.16,19.85,18.85,74948,145357425.00,5.26,0.79,0.15,11.13
2019-02-22,19.22,20.15,20.20,19.22,83836,166049011.00,5.11,5.17,0.99,12.45
2019-02-25,21.06,22.17,22.17,20.68,140434,304150496.00,7.39,10.02,2.02,20.85
2019-02-26,23.17,22.89,23.38,22.30,160869,369113360.00,4.87,3.25,0.72,23.88
2019-02-27,22.67,24.00,25.18,22.45,166514,399652272.00,11.93,4.85,1.11,24.72
2019-02-28,23.25,22.91,23.90,22.91,78200,181324703.00,4.13,-4.54,-1.09,11.61
2019-03-01,23.15,23.99,24.29,22.59,148997,354434096.00,7.42,4.71,1.08,22.12
2019-03-04,23.99,24.30,25.88,22.20,240306,569493920.00,15.34,1.29,0.31,35.68
2019-03-05,23.00,23.65,23.77,22.87,145710,340407856.00,3.70,-2.67,-0.65,21.63
2019-03-06,23.40,23.49,23.51,22.81,106759,247849866.00,2.96,-0.68,-0.16,15.85
2019-03-07,23.38,24.49,24.50,23.16,152018,363467696.00,5.70,4.26,1.00,22.57
2019-03-08,23.66,22.71,24.21,22.70,96287,226101304.00,6.17,-7.27,-1.78,14.29
2019-03-11,22.76,23.41,23.47,22.69,58524,135335889.00,3.43,3.08,0.70,8.69
2019-03-12,23.43,23.85,24.17,23.17,83131,196468449.00,4.27,1.88,0.44,12.34
2019-03-13,23.80,23.10,23.80,22.90,62000,144252907.00,3.77,-3.14,-0.75,9.20
2019-03-14,23.00,21.74,23.00,21.56,48878,108402107.00,6.23,-5.89,-1.36,7.26
2019-03-15,22.00,21.83,22.14,21.56,36052,79024921.00,2.67,0.41,0.09,5.35
2019-03-18,21.85,22.31,22.47,21.72,31155,68943918.00,3.44,2.20,0.48,4.63
2019-03-19,23.23,23.63,24.54,23.23,121672,291013200.00,5.87,5.92,1.32,18.06
2019-03-20,23.00,23.50,23.50,22.81,64562,149442357.00,2.92,-0.55,-0.13,9.59
2019-03-21,23.50,24.03,24.28,23.21,104944,250777219.00,4.55,2.26,0.53,15.58
2019-03-22,24.20,24.27,24.36,23.35,72363,172477765.00,4.20,1.00,0.24,10.74
2019-03-25,23.98,24.97,25.56,23.45,138710,344733152.00,8.69,2.88,0.70,20.59
2019-03-26,24.68,23.20,24.90,22.80,83767,200967667.00,8.41,-7.09,-1.77,12.44
2019-03-27,23.19,23.04,23.60,22.45,50824,116474654.00,4.96,-0.69,-0.16,7.55
2019-03-28,23.04,23.50,24.53,22.61,60760,144462430.00,8.33,2.00,0.46,9.02
2019-03-29,22.40,22.78,23.00,21.24,82859,183866792.00,7.49,-3.06,-0.72,12.30
2019-04-01,22.78,23.52,23.87,22.75,60141,140345571.00,4.92,3.25,0.74,8.93
2019-04-02,24.00,24.09,24.52,23.70,74150,178851756.00,3.49,2.42,0.57,11.01
2019-04-03,23.96,24.70,25.29,23.40,82114,199157127.00,7.85,2.53,0.61,12.19
2019-04-04,24.84,27.17,27.17,24.84,131978,347462096.00,9.43,10.00,2.47,19.59
2019-04-08,28.80,27.77,29.77,27.30,177748,505199888.00,9.09,2.21,0.60,26.39
2019-04-09,28.01,29.69,30.27,27.77,125199,363795680.00,9.00,6.91,1.92,18.59
2019-04-10,28.75,27.76,29.21,27.70,76922,218329851.00,5.09,-6.50,-1.93,11.42
2019-04-11,27.40,26.89,27.49,25.73,77966,206858802.00,6.34,-3.13,-0.87,11.57
2019-04-12,26.72,26.43,27.34,26.08,42912,114197308.00,4.69,-1.71,-0.46,6.37
2019-04-15,27.45,26.10,27.50,25.90,45874,123446574.00,6.05,-1.25,-0.33,6.81
2019-04-16,25.74,27.65,28.50,25.38,87513,236354468.00,11.95,5.94,1.55,12.99
2019-04-17,27.64,27.05,28.20,27.00,53428,147476811.00,4.34,-2.17,-0.60,7.93
2019-04-18,26.57,26.71,27.62,26.45,33954,91635320.00,4.33,-1.26,-0.34,5.04
2019-04-19,26.50,27.03,27.15,25.75,39314,104002951.00,5.24,1.20,0.32,5.84
2019-04-22,27.00,27.20,28.04,26.50,52346,142797199.00,5.70,0.63,0.17,7.77
2019-04-23,27.25,26.06,27.25,25.89,33102,87176299.00,5.00,-4.19,-1.14,4.91
2019-04-24,26.10,26.18,26.43,25.61,22855,59538262.00,3.15,0.46,0.12,3.39
2019-04-25,26.00,23.56,26.00,23.56,58667,144227873.00,9.32,-10.01,-2.62,8.71
2019-04-26,23.16,22.22,23.60,22.00,85981,194110582.00,6.79,-5.69,-1.34,12.76
2019-04-29,22.35,21.59,22.62,21.13,55866,121942517.00,6.71,-2.84,-0.63,8.29
2019-04-30,21.75,22.04,22.18,21.52,30772,67486336.00,3.06,2.08,0.45,4.57
2019-05-06,21.20,19.84,21.48,19.84,39496,80569403.00,7.44,-9.98,-2.20,5.86
2019-05-07,19.84,20.05,20.47,19.53,27002,54162386.00,4.74,1.06,0.21,4.01
2019-05-08,19.19,19.85,20.49,19.19,30223,60277391.00,6.48,-1.00,-0.20,4.49
2019-05-09,19.85,19.99,20.50,19.75,37358,75556426.00,3.78,0.71,0.14,5.55
2019-05-10,20.29,21.06,21.35,19.65,47836,99253006.00,8.50,5.35,1.07,7.10
2019-05-13,20.79,20.78,21.05,20.65,27605,57553031.00,1.90,-1.33,-0.28,4.10
2019-05-14,20.50,20.75,21.05,20.30,29605,61321612.00,3.61,-0.14,-0.03,4.40
2019-05-15,21.15,20.98,21.28,20.76,24991,52376010.00,2.51,1.11,0.23,3.71
2019-05-16,21.00,21.07,21.25,20.55,34152,71503750.00,3.34,0.43,0.09,5.07
2019-05-17,21.15,21.70,22.67,21.15,68329,148174917.00,7.21,2.99,0.63,10.14
2019-05-20,22.80,23.46,23.87,22.48,107734,251184918.00,6.41,8.11,1.76,15.99
2019-05-21,22.50,23.24,23.48,22.01,73771,167760652.00,6.27,-0.94,-0.22,10.95
2019-05-22,22.89,22.67,23.50,22.51,53675,123370467.00,4.26,-2.45,-0.57,7.97
2019-05-23,22.33,20.81,22.45,20.57,49081,105233713.00,8.29,-8.20,-1.86,7.29
2019-05-24,20.96,20.41,21.10,20.30,23530,48863524.00,3.84,-1.92,-0.40,3.49
2019-05-27,20.41,21.08,21.14,20.06,43156,89266459.00,5.29,3.28,0.67,6.41
2019-05-28,21.09,21.00,21.53,20.88,36885,78034367.00,3.08,-0.38,-0.08,5.48
2019-05-29,20.85,22.10,22.65,20.72,54652,118743505.00,9.19,5.24,1.10,8.11
2019-05-30,21.76,21.66,21.93,21.13,39632,85199800.00,3.62,-1.99,-0.44,5.88
2019-05-31,21.93,22.05,22.16,21.63,38811,85220600.00,2.45,1.80,0.39,5.76
2019-06-03,21.89,22.33,22.60,21.09,59386,130492930.00,6.85,1.27,0.28,8.82
2019-06-04,22.65,22.76,23.66,22.36,82709,188962659.00,5.82,1.93,0.43,12.28
2019-06-05,23.03,23.13,23.50,22.32,69437,159377282.00,5.18,1.63,0.37,10.31
2019-06-06,22.84,21.78,22.85,21.73,45274,100354022.00,4.84,-5.84,-1.35,6.72
2019-06-10,22.05,23.09,23.25,21.79,71062,162714586.00,6.70,6.01,1.31,10.55
2019-06-11,22.68,24.24,24.80,22.36,121918,287583024.00,10.57,4.98,1.15,18.10
2019-06-12,23.85,24.12,24.58,23.71,83745,202406222.00,3.59,-0.50,-0.12,12.43
2019-06-13,23.90,23.73,24.32,23.62,49537,118829525.00,2.90,-1.62,-0.39,7.35
2019-06-14,23.70,22.80,23.83,22.68,43872,101664008.00,4.85,-3.92,-0.93,6.51
2019-06-17,22.79,22.96,23.20,22.71,23195,53179828.00,2.15,0.70,0.16,3.44
2019-06-18,22.96,23.09,23.48,22.53,29512,67776596.00,4.14,0.57,0.13,4.38
2019-06-19,23.80,23.30,24.00,23.23,42438,99853868.00,3.33,0.91,0.21,6.30
2019-06-20,23.13,23.32,23.71,22.75,36460,84494177.00,4.12,0.09,0.02,5.41
2019-06-21,23.29,23.80,23.94,23.27,48688,115347489.00,2.87,2.06,0.48,7.23
2019-06-24,23.80,23.35,23.88,23.01,33222,77672933.00,3.66,-1.89,-0.45,4.93
2019-06-25,23.45,23.39,23.50,22.82,20177,46731329.00,2.91,0.17,0.04,3.00
2019-06-26,23.30,23.98,24.28,23.03,58785,140288433.00,5.34,2.52,0.59,8.73
2019-06-27,23.81,24.55,24.77,23.72,78298,190539438.00,4.38,2.38,0.57,11.62
2019-06-28,24.17,23.62,24.36,23.38,41812,99566800.00,3.99,-3.79,-0.93,6.21
2019-07-01,24.60,24.39,24.70,24.01,62668,152487872.00,2.92,3.26,0.77,9.30
2019-07-02,24.25,24.02,24.49,23.83,35396,85117179.00,2.71,-1.52,-0.37,5.25
2019-07-03,23.82,23.27,23.82,22.90,35990,84212048.00,3.83,-3.12,-0.75,5.34
2019-07-04,23.27,23.16,23.44,22.95,21074,48714465.00,2.11,-0.47,-0.11,3.13
2019-07-05,23.24,23.12,23.31,23.00,14338,33221168.00,1.34,-0.17,-0.04,2.13
2019-07-08,23.13,21.75,23.13,21.72,33540,73976587.00,6.10,-5.93,-1.37,4.98
2019-07-09,21.69,21.59,21.90,21.18,18043,38846669.00,3.31,-0.74,-0.16,2.68
2019-07-10,21.65,21.73,21.97,21.56,16378,35627222.00,1.90,0.65,0.14,2.43
2019-07-11,21.99,22.53,22.85,21.97,43568,97169777.00,4.05,3.68,0.80,6.47
2019-07-12,22.10,22.30,22.63,21.92,28789,64068018.00,3.15,-1.02,-0.23,4.27
2019-07-15,22.31,22.32,22.58,21.74,22275,49688398.00,3.77,0.09,0.02,3.31
2019-07-16,21.71,22.08,22.50,21.71,21561,47652432.00,3.54,-1.08,-0.24,3.20
2019-07-17,21.91,22.54,22.58,21.91,27777,62186567.00,3.03,2.08,0.46,4.12
2019-07-18,23.00,22.15,23.07,22.14,27307,61604193.00,4.13,-1.73,-0.39,4.05
2019-07-19,22.09,21.96,22.33,21.90,16434,36273847.00,1.94,-0.86,-0.19,2.44
2019-07-22,22.21,21.39,22.21,21.20,14246,30627052.00,4.60,-2.60,-0.57,2.12
2019-07-23,21.40,21.55,21.70,21.26,11210,24110260.00,2.06,0.75,0.16,1.66
2019-07-24,21.55,22.30,22.35,21.42,32580,72083501.00,4.32,3.48,0.75,4.84
2019-07-25,22.23,22.37,22.56,22.12,24089,53898640.00,1.97,0.31,0.07,3.58
2019-07-26,22.48,22.24,22.51,22.04,17585,39152903.00,2.10,-0.58,-0.13,2.61
2019-07-29,22.30,24.46,24.46,22.25,88599,208579435.00,9.94,9.98,2.22,13.15
2019-07-30,24.93,24.03,24.95,23.81,102461,248946074.00,4.66,-1.76,-0.43,15.21
2019-07-31,23.91,24.12,24.57,23.91,57621,139594232.00,2.75,0.37,0.09,8.55
2019-08-01,23.93,24.47,24.50,23.74,60263,146313995.00,3.15,1.45,0.35,8.95
2019-08-02,23.70,24.74,24.88,23.10,57254,138732955.00,7.27,1.10,0.27,8.50
2019-08-05,24.61,24.09,25.60,23.93,66175,163473059.00,6.75,-2.63,-0.65,9.82
2019-08-06,23.50,25.05,25.60,23.37,92976,228151575.00,9.26,3.99,0.96,13.80
2019-08-07,25.04,24.74,26.21,24.71,108678,276872224.00,5.99,-1.24,-0.31,16.13
2019-08-08,24.40,25.48,25.50,23.98,76656,188983481.00,6.14,2.99,0.74,11.38
2019-08-09,25.21,24.11,25.50,23.62,68800,169237772.00,7.38,-5.38,-1.37,10.21
2019-08-12,24.02,25.34,25.38,23.41,74928,184016609.00,8.17,5.10,1.23,11.12
2019-08-13,24.83,24.96,25.39,24.70,54703,136926392.00,2.72,-1.50,-0.38,8.12
2019-08-14,25.50,25.73,26.10,24.98,94829,242207839.00,4.49,3.08,0.77,14.08
2019-08-15,24.60,26.70,26.95,24.11,100379,260978208.00,11.04,3.77,0.97,14.90
2019-08-16,26.73,26.58,27.27,26.35,88626,236944007.00,3.45,-0.45,-0.12,13.16
2019-08-19,27.02,27.07,27.50,26.51,92147,248918375.00,3.72,1.84,0.49,13.68
2019-08-20,26.90,26.65,27.20,26.50,60432,161781888.00,2.59,-1.55,-0.42,8.97
2019-08-21,26.55,26.08,26.55,26.00,47069,123264740.00,2.06,-2.14,-0.57,6.99
2019-08-22,26.10,26.23,26.78,26.08,37830,99480716.00,2.68,0.58,0.15,5.62
2019-08-23,26.18,25.60,26.22,25.36,50407,129288792.00,3.28,-2.40,-0.63,7.48
2019-08-26,24.61,24.75,25.25,24.50,36111,89887861.00,2.93,-3.32,-0.85,5.36
2019-08-27,24.99,25.06,25.23,24.72,37983,94992889.00,2.06,1.25,0.31,5.64
2019-08-28,24.90,25.20,25.37,24.71,28545,71559485.00,2.63,0.56,0.14,4.24
2019-08-29,25.18,24.51,25.37,24.51,33747,84217116.00,3.41,-2.74,-0.69,5.01
2019-08-30,24.73,24.00,24.85,23.83,37763,91778825.00,4.16,-2.08,-0.51,5.61
2019-09-02,24.05,24.92,25.18,24.00,37336,91868155.00,4.92,3.83,0.92,5.54
2019-09-03,24.84,25.18,25.41,24.84,35649,89703184.00,2.29,1.04,0.26,5.29
2019-09-04,25.05,25.35,25.40,24.93,32297,81359922.00,1.87,0.68,0.17,4.79
2019-09-05,25.36,25.65,26.28,25.17,62366,161178337.00,4.38,1.18,0.30,9.26
2019-09-06,25.95,26.86,27.97,25.81,107614,289102000.00,8.42,4.72,1.21,15.98
2019-09-09,27.40,29.55,29.55,26.96,107292,308111392.00,9.64,10.01,2.69,15.86
2019-09-10,29.90,29.11,30.10,27.61,172166,495935264.00,8.43,-1.49,-0.44,25.45
2019-09-11,29.70,29.05,30.78,28.31,115557,340128608.00,8.49,-0.21,-0.06,17.08
2019-09-12,28.75,28.54,28.98,28.21,66595,190159910.00,2.65,-1.76,-0.51,9.84
2019-09-16,28.69,28.32,28.85,27.83,74307,209627802.00,3.57,-0.77,-0.22,10.98
2019-09-17,28.45,27.38,28.45,26.90,63708,175715119.00,5.47,-3.32,-0.94,9.42
2019-09-18,27.52,27.39,28.24,27.15,49704,137135839.00,3.98,0.04,0.01,7.35
2019-09-19,27.52,27.98,28.08,27.29,46701,129197068.00,2.88,2.15,0.59,6.90
2019-09-20,27.89,27.57,28.26,27.40,48848,135855937.00,3.07,-1.47,-0.41,7.22
2019-09-23,27.40,26.86,27.40,26.00,50742,135243436.00,5.08,-2.58,-0.71,7.50
2019-09-24,26.99,27.20,27.40,26.70,44556,120692280.00,2.61,1.27,0.34,6.59
2019-09-25,27.30,26.02,27.98,26.00,81547,222415069.00,7.28,-4.34,-1.18,12.05
2019-09-26,25.93,24.96,26.48,24.80,59985,153193922.00,6.46,-4.07,-1.06,8.87
2019-09-27,25.10,25.15,25.61,24.52,36576,92087746.00,4.37,0.76,0.19,5.41
2019-09-30,25.35,24.59,25.45,24.30,40003,99471567.00,4.57,-2.23,-0.56,5.91
2019-10-08,24.60,24.42,25.12,24.14,36607,89911934.00,3.99,-0.69,-0.17,5.41
2019-10-09,24.11,24.56,24.70,24.01,34215,83438119.00,2.83,0.57,0.14,5.06
2019-10-10,24.79,24.65,24.91,24.50,44926,110971333.00,1.67,0.37,0.09,6.64
2019-10-11,24.71,24.10,24.88,23.40,62079,149077919.00,6.00,-2.23,-0.55,9.18
2019-10-14,24.29,24.87,25.16,24.29,52950,130769888.00,3.61,3.20,0.77,7.83
2019-10-15,24.60,23.80,24.60,23.53,52046,124130717.00,4.30,-4.30,-1.07,7.69
2019-10-16,23.80,23.28,23.95,23.20,33696,79309304.00,3.15,-2.18,-0.52,4.98
2019-10-17,23.93,23.32,23.93,23.27,20287,47602697.00,2.84,0.17,0.04,3.00
2019-10-18,23.35,23.18,23.72,22.90,28050,65391177.00,3.52,-0.60,-0.14,4.15
2019-10-21,23.21,22.65,23.21,22.36,26730,60453912.00,3.67,-2.29,-0.53,3.95
2019-10-22,22.80,24.12,24.92,22.80,88359,214084044.00,9.36,6.49,1.47,13.06
2019-10-23,23.81,23.60,24.10,23.32,57090,134628026.00,3.23,-2.16,-0.52,8.44
2019-10-24,23.38,23.21,23.41,22.81,36842,85070807.00,2.54,-1.65,-0.39,5.45
2019-10-25,23.20,23.30,23.45,22.90,26748,62219492.00,2.37,0.39,0.09,3.95
2019-10-28,23.48,23.93,23.97,22.40,46800,110842102.00,6.74,2.70,0.63,6.92
2019-10-29,23.90,23.81,24.30,23.65,38846,93249100.00,2.72,-0.50,-0.12,5.74
2019-10-30,23.99,24.25,24.46,23.77,39138,94475267.00,2.90,1.85,0.44,5.79
2019-10-31,24.40,23.50,24.42,23.35,32720,78420476.00,4.41,-3.09,-0.75,4.84
2019-11-01,23.50,24.07,25.16,22.92,48142,115325306.00,9.53,2.43,0.57,7.12
2019-11-04,23.90,24.20,24.35,23.73,36490,87948443.00,2.58,0.54,0.13,5.39
2019-11-05,24.20,23.74,24.36,23.46,34955,83055017.00,3.72,-1.90,-0.46,5.17
2019-11-06,23.48,22.92,23.70,22.81,35966,83217271.00,3.75,-3.45,-0.82,5.32
2019-11-07,24.20,25.21,25.21,24.06,155391,388307712.00,5.02,9.99,2.29,22.97
2019-11-08,26.20,27.73,27.73,25.72,223859,605148224.00,7.97,10.00,2.52,33.09
2019-11-11,27.00,26.15,27.63,25.66,167474,444389728.00,7.10,-5.70,-1.58,24.76
2019-11-12,27.10,26.28,27.48,26.11,165528,441030592.00,5.24,0.50,0.13,24.47
2019-11-13,25.09,24.90,25.28,24.20,138246,341689856.00,4.11,-5.25,-1.38,20.43
2019-11-14,25.10,24.51,25.10,23.92,101196,247542708.00,4.74,-1.57,-0.39,14.96
2019-11-15,23.79,22.99,23.80,22.80,101055,235457007.00,4.08,-6.20,-1.52,14.94
2019-11-18,22.81,22.89,23.15,22.53,58717,134029283.00,2.70,-0.43,-0.10,8.68
2019-11-19,23.00,23.23,23.33,22.86,76509,176774793.00,2.05,1.49,0.34,11.31
2019-11-20,23.24,23.68,24.37,23.12,89288,211908589.00,5.38,1.94,0.45,13.20
2019-11-21,23.23,23.40,23.55,22.92,57064,132715510.00,2.66,-1.18,-0.28,8.43
2019-11-22,23.30,22.89,23.79,22.78,56158,130411082.00,4.32,-2.18,-0.51,8.30
2019-11-25,22.79,21.84,22.94,21.80,52281,115645012.00,4.98,-4.59,-1.05,7.73
2019-11-26,21.77,21.99,22.50,21.77,30336,67017714.00,3.34,0.69,0.15,4.48
2019-11-27,22.15,22.25,22.39,22.01,31549,70159404.00,1.73,1.18,0.26,4.66
2019-11-28,22.23,21.87,22.28,21.78,30690,67442519.00,2.25,-1.71,-0.38,4.54
2019-11-29,21.94,21.80,21.94,21.50,24934,54032597.00,2.01,-0.32,-0.07,3.69
2019-12-02,21.78,22.15,22.28,21.66,28953,63702582.00,2.84,1.61,0.35,4.28
2019-12-03,21.85,22.50,22.58,21.78,35131,78219037.00,3.61,1.58,0.35,5.19
2019-12-04,22.29,23.09,24.31,22.29,60255,140199453.00,8.98,2.62,0.59,8.91
2019-12-05,23.12,24.11,24.20,22.82,101221,240856986.00,5.98,4.42,1.02,14.96
2019-12-06,23.80,23.76,23.90,23.38,71653,169467796.00,2.16,-1.45,-0.35,10.59
2019-12-09,23.92,23.88,24.22,23.56,60447,144547878.00,2.78,0.51,0.12,8.93
2019-12-10,23.62,23.88,23.92,23.34,52268,123554842.00,2.43,0.00,0.00,7.73
2019-12-11,23.80,23.42,24.05,23.38,41571,98291070.00,2.81,-1.93,-0.46,6.14
2019-12-12,23.38,25.76,25.76,23.38,176489,444379968.00,10.16,9.99,2.34,26.09
2019-12-13,25.31,26.01,27.15,25.21,193119,507882000.00,7.53,0.97,0.25,28.55
2019-12-16,26.95,26.83,27.55,26.12,148106,399660576.00,5.50,3.15,0.82,21.89
2019-12-17,27.11,28.33,29.51,27.07,157902,449232880.00,9.09,5.59,1.50,23.34
2019-12-18,28.17,30.46,31.16,27.53,235222,697618288.00,12.81,7.52,2.13,34.77
2019-12-19,29.47,29.33,30.19,28.32,140138,408906656.00,6.14,-3.71,-1.13,20.71
2019-12-20,29.29,28.00,29.66,28.00,91457,261963819.00,5.66,-4.53,-1.33,13.52
2019-12-23,28.23,27.38,28.65,27.22,73088,203365686.00,5.11,-2.21,-0.62,10.80
2019-12-24,27.64,27.63,27.94,26.44,81607,222327939.00,5.48,0.91,0.25,12.06
2019-12-25,27.39,27.79,27.89,27.20,57578,159086580.00,2.50,0.58,0.16,8.51
2019-12-26,27.79,27.70,28.18,27.42,43160,119664318.00,2.73,-0.32,-0.09,6.38
2019-12-27,27.70,27.03,28.10,26.88,52866,145650753.00,4.40,-2.42,-0.67,7.81
2019-12-30,26.69,26.96,27.50,25.80,54011,144826948.00,6.29,-0.26,-0.07,7.98
2019-12-31,27.22,26.83,27.22,26.50,35354,94979776.00,2.67,-0.48,-0.13,5.23
2020-01-02,27.05,27.69,27.85,26.83,66273,182052956.00,3.80,3.21,0.86,9.81
2020-01-03,27.68,27.43,27.92,26.85,65294,178661182.00,3.86,-0.94,-0.26,9.66
2020-01-06,27.01,27.25,27.73,26.51,51218,139717139.00,4.45,-0.66,-0.18,7.58
2020-01-07,27.29,28.35,28.55,27.07,93105,260512615.00,5.43,4.04,1.10,13.78
2020-01-08,28.11,27.12,28.40,27.01,72703,202062773.00,4.90,-4.34,-1.23,10.76
2020-01-09,27.93,28.35,28.42,27.43,58443,163226876.00,3.65,4.54,1.23,8.65
2020-01-10,28.35,31.19,31.19,28.18,179073,535531104.00,10.62,10.02,2.84,26.50
2020-01-13,30.20,30.10,30.68,29.21,125208,373433504.00,4.71,-3.49,-1.09,18.53
2020-01-14,30.02,30.32,30.63,29.52,96403,290486576.00,3.69,0.73,0.22,14.27
2020-01-15,30.29,29.44,30.70,29.21,72592,216152439.00,4.91,-2.90,-0.88,10.74
2020-01-16,29.12,29.03,29.69,28.83,56511,164434959.00,2.92,-1.39,-0.41,8.36
2020-01-17,29.01,29.47,29.59,28.61,49289,143533338.00,3.38,1.52,0.44,7.30
2020-01-20,29.34,29.68,29.98,28.70,61420,180389578.00,4.34,0.71,0.21,9.09
2020-01-21,29.35,28.85,29.69,28.72,39416,114502001.00,3.27,-2.80,-0.83,5.83
2020-01-22,28.50,28.99,29.45,27.44,61010,172889704.00,6.97,0.49,0.14,9.03
2020-01-23,28.39,27.38,29.09,26.55,46094,128582480.00,8.76,-5.55,-1.61,6.82
2020-02-03,24.64,24.64,24.64,24.64,5744,14153216.00,0.00,-10.01,-2.74,0.85
2020-02-04,22.18,23.55,23.95,22.18,73313,171135824.00,7.18,-4.42,-1.09,10.85
2020-02-05,23.56,23.55,24.56,23.25,88189,210039886.00,5.56,0.00,0.00,13.05
2020-02-06,23.40,23.91,23.97,22.90,105908,248358948.00,4.54,1.53,0.36,15.68
2020-02-07,23.59,25.11,25.26,23.44,105476,257142356.00,7.61,5.02,1.20,15.61
2020-02-10,24.86,26.32,27.28,24.75,101778,264559539.00,10.08,4.82,1.21,15.06
2020-02-11,26.30,25.89,26.30,25.33,68148,175237181.00,3.69,-1.63,-0.43,10.09
2020-02-12,27.35,27.90,28.48,26.23,134813,366623024.00,8.69,7.76,2.01,19.95
2020-02-13,27.52,27.02,28.15,26.75,89943,245492859.00,5.02,-3.15,-0.88,13.31
2020-02-14,26.80,26.61,27.49,26.47,69503,187166018.00,3.77,-1.52,-0.41,10.29
2020-02-17,26.80,27.61,27.63,26.77,80414,219452566.00,3.23,3.76,1.00,11.90
2020-02-18,27.61,28.60,28.80,27.27,87784,245120935.00,5.54,3.59,0.99,12.99
2020-02-19,28.20,28.68,29.95,27.86,114603,331376896.00,7.31,0.28,0.08,16.96
2020-02-20,28.68,28.73,29.05,27.68,70743,200827454.00,4.78,0.17,0.05,10.47
2020-02-21,28.53,29.17,29.80,28.41,82788,241427672.00,4.84,1.53,0.44,12.25
2020-02-24,29.21,31.34,32.08,29.21,139935,433120288.00,9.84,7.44,2.17,20.71
2020-02-25,30.52,33.66,33.80,30.30,166372,536558784.00,11.17,7.40,2.32,24.62
2020-02-26,32.38,30.29,32.92,30.29,114908,363411360.00,7.81,-10.01,-3.37,17.01
2020-02-27,29.87,29.20,30.68,28.81,79383,234367472.00,6.17,-3.60,-1.09,11.75
2020-02-28,27.49,26.37,28.12,26.31,80226,219028292.00,6.20,-9.69,-2.83,11.87
2020-03-02,26.90,29.01,29.01,26.89,79402,224365789.00,8.04,10.01,2.64,11.75
2020-03-03,30.71,30.98,31.91,30.31,144002,448808400.00,5.52,6.79,1.97,21.31
2020-03-04,31.54,32.70,33.75,30.31,136854,442664528.00,11.10,5.55,1.72,20.26
2020-03-05,34.18,32.31,35.73,32.00,116446,389208432.00,11.41,-1.19,-0.39,17.24
2020-03-06,32.77,31.48,33.30,31.40,84196,270724240.00,5.88,-2.57,-0.83,12.46
2020-03-09,30.64,31.00,33.68,30.64,118290,383089936.00,9.66,-1.52,-0.48,17.51
2020-03-10,30.46,34.10,34.10,30.37,119966,397619152.00,12.03,10.00,3.10,17.76
2020-03-11,35.00,34.72,37.10,34.16,159326,562350848.00,8.62,1.82,0.62,23.58
2020-03-12,33.65,37.40,38.10,33.65,133904,479868272.00,12.82,7.72,2.68,19.82
2020-03-13,35.50,38.23,39.80,34.76,135963,505596448.00,13.48,2.22,0.83,20.12
2020-03-16,37.90,34.41,37.99,34.41,115623,414400736.00,9.36,-9.99,-3.82,17.11
2020-03-17,34.57,33.65,35.08,31.05,103513,343012128.00,11.71,-2.21,-0.76,15.32
2020-03-18,33.66,31.51,34.83,31.50,87686,291851328.00,9.90,-6.36,-2.14,12.98
2020-03-19,31.89,34.66,34.66,31.70,88385,300340816.00,9.39,10.00,3.15,13.08
2020-03-20,36.49,37.01,38.10,35.27,144750,526335920.00,8.17,6.78,2.35,21.42
2020-03-23,36.30,36.28,38.69,35.56,127899,472014240.00,8.46,-1.97,-0.73,18.93
2020-03-24,37.35,34.87,37.53,32.82,122706,433088752.00,12.98,-3.89,-1.41,18.16
2020-03-25,35.57,35.00,35.99,34.01,87032,302887952.00,5.68,0.37,0.13,12.88
2020-03-26,34.50,33.78,34.84,33.50,65058,221425144.00,3.83,-3.49,-1.22,9.63
2020-03-27,34.50,32.10,34.80,32.00,70161,231456684.00,8.29,-4.97,-1.68,10.38
2020-03-30,30.80,29.76,31.19,29.22,72755,217627848.00,6.14,-7.29,-2.34,10.77
2020-03-31,30.27,29.98,30.60,29.46,54460,163190069.00,3.83,0.74,0.22,8.06
2020-04-01,29.40,29.21,30.59,28.88,60884,181318076.00,5.70,-2.57,-0.77,9.01
2020-04-02,29.06,30.45,30.46,29.06,59297,177176174.00,4.79,4.25,1.24,8.78
2020-04-03,30.18,29.58,30.36,29.29,44477,132584872.00,3.51,-2.86,-0.87,6.58
2020-04-07,30.39,30.73,31.12,30.10,57171,174743976.00,3.45,3.89,1.15,8.46
2020-04-08,30.73,30.36,31.11,30.21,49638,152315147.00,2.93,-1.20,-0.37,7.35
2020-04-09,30.61,30.51,31.08,30.34,43193,132474471.00,2.44,0.49,0.15,6.39
2020-04-10,30.71,29.09,30.71,28.80,55932,164473367.00,6.26,-4.65,-1.42,8.28
2020-04-13,29.07,28.23,29.07,27.73,36336,102475098.00,4.61,-2.96,-0.86,5.38
2020-04-14,28.40,30.66,31.00,28.40,77266,231985180.00,9.21,8.61,2.43,11.44
2020-04-15,31.12,30.27,31.49,29.96,74138,226056757.00,4.99,-1.27,-0.39,10.97
2020-04-16,29.80,30.12,30.56,29.21,49559,148599503.00,4.46,-0.50,-0.15,7.34
2020-04-17,30.40,30.50,31.49,30.16,71595,220046707.00,4.42,1.26,0.38,10.60
2020-04-20,30.80,30.77,30.80,30.31,44534,136339945.00,1.61,0.89,0.27,6.59
2020-04-21,30.40,30.55,30.67,29.60,54685,164759902.00,3.48,-0.71,-0.22,8.09
2020-04-22,30.46,30.95,31.07,30.05,54439,167291338.00,3.34,1.31,0.40,8.06
2020-04-23,30.89,29.74,30.89,29.71,50966,153574479.00,3.81,-3.91,-1.21,7.54
2020-04-24,29.53,28.97,30.12,28.75,37720,110568403.00,4.61,-2.59,-0.77,5.58
2020-04-27,29.01,29.33,29.78,28.55,32770,95547534.00,4.25,1.24,0.36,4.85
2020-04-28,29.10,28.26,29.25,27.20,52395,148017944.00,6.99,-3.65,-1.07,7.75
2020-04-29,28.16,28.36,28.63,27.70,24553,69582449.00,3.29,0.35,0.10,3.63
2020-04-30,28.70,31.20,31.20,28.70,74665,228428754.00,8.82,10.01,2.84,11.05
2020-05-06,31.35,32.66,33.20,31.20,132692,424279776.00,6.41,4.68,1.46,19.64
2020-05-07,33.63,32.80,34.68,32.60,136441,456536880.00,6.37,0.43,0.14,20.19
2020-05-08,33.12,32.57,33.34,32.40,84862,279112560.00,2.87,-0.70,-0.23,12.56
2020-05-11,33.21,32.68,33.58,32.37,61728,202900145.00,3.72,0.34,0.11,9.14
2020-05-12,32.41,32.70,33.06,31.83,51461,167245746.00,3.76,0.06,0.02,7.62
2020-05-13,32.27,32.77,32.98,32.13,51640,168756530.00,2.60,0.21,0.07,7.64
2020-05-14,32.64,32.33,32.93,32.27,38235,124603218.00,2.01,-1.34,-0.44,5.66
2020-05-15,32.78,32.92,33.38,32.30,64058,210872909.00,3.34,1.82,0.59,9.48
2020-05-18,32.87,31.95,32.92,31.48,60210,193938895.00,4.37,-2.95,-0.97,8.91
2020-05-19,32.35,32.63,32.97,32.15,48143,156648744.00,2.57,2.13,0.68,7.13
2020-05-20,32.76,32.73,33.47,31.72,77115,252418464.00,5.36,0.31,0.10,11.41
2020-05-21,32.98,32.25,33.97,31.77,80356,264507180.00,6.72,-1.47,-0.48,11.89
2020-05-22,31.57,30.30,32.23,30.30,64599,201425272.00,5.98,-6.05,-1.95,9.56
2020-05-25,30.18,29.49,30.99,29.29,50973,152967255.00,5.61,-2.67,-0.81,7.54
2020-05-26,29.75,31.18,31.25,29.53,51427,156670430.00,5.83,5.73,1.69,7.61
2020-05-27,31.04,31.12,31.69,30.60,45941,143421050.00,3.50,-0.19,-0.06,6.80
2020-05-28,31.11,30.54,31.18,29.71,48668,148036219.00,4.72,-1.86,-0.58,7.20
2020-05-29,30.20,29.96,30.98,29.63,50346,151290949.00,4.42,-1.90,-0.58,7.45
2020-06-01,30.08,32.10,32.50,30.01,85518,269375952.00,8.31,7.14,2.14,12.66
2020-06-02,32.11,32.35,32.53,31.81,63446,204515774.00,2.24,0.78,0.25,9.39
2020-06-03,32.30,32.45,33.24,32.01,66100,215253426.00,3.80,0.31,0.10,9.78
2020-06-04,32.57,32.09,32.89,32.02,44753,144593959.00,2.68,-1.11,-0.36,6.62
2020-06-05,32.09,32.17,32.39,31.60,36571,117121344.00,2.46,0.25,0.08,5.41
2020-06-08,32.32,32.48,33.18,32.32,55927,182783721.00,2.67,0.96,0.31,8.28
2020-06-09,32.40,32.96,33.17,32.23,59302,194972629.00,2.89,1.48,0.48,8.78
2020-06-10,32.60,32.60,32.81,31.74,53205,171651427.00,3.25,-1.09,-0.36,7.87
2020-06-11,32.36,31.89,32.99,31.81,51310,165781973.00,3.62,-2.18,-0.71,7.59
2020-06-12,31.00,31.41,31.79,30.72,43309,135718280.00,3.36,-1.51,-0.48,6.41
2020-06-15,31.26,30.47,31.61,30.46,43593,135146592.00,3.66,-2.99,-0.94,6.45
2020-06-16,31.00,33.52,33.52,30.98,126084,417886864.00,8.34,10.01,3.05,18.66
2020-06-17,34.03,34.45,34.70,33.56,176303,600934544.00,3.40,2.77,0.93,26.09
2020-06-18,34.13,33.93,35.16,33.60,123624,423343456.00,4.53,-1.51,-0.52,18.30
2020-06-19,34.42,33.33,34.61,33.26,96907,325566368.00,3.98,-1.77,-0.60,14.34
2020-06-22,33.66,33.66,34.44,33.20,82968,278753488.00,3.72,0.99,0.33,12.28
2020-06-23,33.55,33.19,33.68,32.90,70407,234100916.00,2.32,-1.40,-0.47,10.42
2020-06-24,34.00,33.00,34.18,32.79,69855,232290579.00,4.19,-0.57,-0.19,10.34
2020-06-29,32.86,33.47,33.59,32.82,60580,201349201.00,2.33,1.42,0.47,8.97
2020-06-30,33.46,34.25,34.47,33.40,106930,364536496.00,3.20,2.33,0.78,15.77
2020-07-01,34.00,33.89,34.17,33.00,80448,271019152.00,3.42,-1.05,-0.36,11.86
2020-07-02,33.82,35.45,35.55,33.40,125387,435070816.00,6.34,4.60,1.56,18.49
2020-07-03,34.81,35.10,35.19,34.30,95791,333185680.00,2.51,-0.99,-0.35,14.13
2020-07-06,35.30,36.24,36.36,34.89,100276,358565968.00,4.19,3.25,1.14,14.79
2020-07-07,36.33,37.11,37.50,35.70,120729,442445888.00,4.97,2.40,0.87,17.81
2020-07-08,36.95,37.24,37.76,36.80,97781,363978352.00,2.59,0.35,0.13,14.42
2020-07-09,37.00,37.76,38.46,36.75,103567,387084080.00,4.59,1.40,0.52,15.27
2020-07-10,37.47,36.72,37.67,36.36,88898,328203440.00,3.47,-2.75,-1.04,13.11
2020-07-13,38.00,39.08,39.45,37.22,119944,459301680.00,6.07,6.43,2.36,17.69
2020-07-14,38.78,38.00,39.02,36.90,93796,357106304.00,5.42,-2.76,-1.08,13.83
2020-07-15,39.20,38.29,40.98,38.02,192800,761787968.00,7.79,0.76,0.29,28.43
2020-07-16,37.21,34.94,38.21,34.88,119172,435613296.00,8.70,-8.75,-3.35,17.58
2020-07-17,35.08,34.96,35.64,34.18,64801,226673043.00,4.18,0.06,0.02,9.56
2020-07-20,35.50,38.46,38.46,35.37,89141,328709216.00,8.84,10.01,3.50,13.15
2020-07-21,39.15,39.88,40.50,38.64,132101,523326160.00,4.84,3.69,1.42,19.48
2020-07-22,39.90,38.90,40.39,38.78,88125,346678464.00,4.04,-2.46,-0.98,13.00
2020-07-23,39.10,37.50,39.55,36.70,93292,352524160.00,7.33,-3.60,-1.40,13.76
2020-07-24,37.15,34.43,38.14,34.16,109312,391861696.00,10.61,-8.19,-3.07,16.12
2020-07-27,34.60,34.78,34.79,33.70,61976,212580282.00,3.17,1.02,0.35,9.14
2020-07-28,34.83,34.73,35.34,33.85,58351,201973047.00,4.28,-0.14,-0.05,8.61
2020-07-29,34.57,36.93,37.37,34.32,92965,335103904.00,8.78,6.33,2.20,13.71
2020-07-30,36.90,36.65,37.40,36.50,69257,256261607.00,2.44,-0.76,-0.28,10.21
2020-07-31,37.12,37.00,37.68,36.12,60985,225599808.00,4.26,0.95,0.35,8.99
2020-08-03,37.10,37.74,37.79,37.03,63648,238619526.00,2.05,2.00,0.74,9.39
2020-08-04,37.50,37.13,37.74,36.66,54851,204040771.00,2.86,-1.62,-0.61,8.09
2020-08-05,37.24,38.17,39.10,36.92,73485,279958192.00,5.87,2.80,1.04,10.84
2020-08-06,38.11,37.60,38.11,36.65,60806,227057889.00,3.82,-1.49,-0.57,8.97
2020-08-07,37.58,35.89,38.58,35.12,73889,267080190.00,9.20,-4.55,-1.71,10.90
2020-08-10,35.68,35.50,36.15,34.84,50747,179139714.00,3.65,-1.09,-0.39,7.48
2020-08-11,35.63,35.10,35.96,35.02,37526,133398359.00,2.65,-1.13,-0.40,5.53
2020-08-12,35.00,34.88,35.13,33.55,49376,169538655.00,4.50,-0.63,-0.22,7.28
2020-08-13,34.86,35.05,36.00,34.79,36457,128582322.00,3.47,0.49,0.17,5.38
2020-08-14,35.10,35.27,35.45,34.55,30285,105903009.00,2.57,0.63,0.22,4.47
2020-08-17,35.18,35.58,35.90,34.80,43545,154102166.00,3.12,0.88,0.31,6.42
2020-08-18,35.58,35.02,35.60,34.71,40399,141525726.00,2.50,-1.57,-0.56,5.96
2020-08-19,35.02,33.98,35.10,33.94,40076,137090676.00,3.31,-2.97,-1.04,5.91
2020-08-20,33.72,34.09,34.60,33.63,29013,99208698.00,2.85,0.32,0.11,4.28
2020-08-21,34.35,34.09,34.72,33.90,22568,77346928.00,2.41,0.00,0.00,3.33
2020-08-24,34.25,35.21,35.80,34.15,46690,164120832.00,4.84,3.29,1.12,6.89
2020-08-25,35.20,35.38,35.58,35.04,32071,113194782.00,1.53,0.48,0.17,4.73
2020-08-26,35.28,34.29,35.30,34.29,35432,123282008.00,2.85,-3.08,-1.09,5.23
2020-08-27,34.88,35.41,36.18,34.78,80115,285033856.00,4.08,3.27,1.12,11.82
2020-08-28,35.39,36.20,36.50,35.05,66353,238970347.00,4.09,2.23,0.79,9.79
2020-08-31,36.23,35.93,36.48,35.89,53048,191825768.00,1.63,-0.75,-0.27,7.82
2020-09-01,35.75,36.03,36.09,35.00,37936,134990498.00,3.03,0.28,0.10,5.59
2020-09-02,36.15,36.03,36.39,35.38,41930,150608571.00,2.80,0.00,0.00,6.18
2020-09-03,35.88,36.02,37.10,35.71,51889,188932606.00,3.86,-0.03,-0.01,7.65
2020-09-04,35.40,35.36,36.46,35.11,41095,146677322.00,3.75,-1.83,-0.66,6.06
2020-09-07,35.41,35.75,37.00,35.40,57636,209358119.00,4.52,1.10,0.39,8.50
2020-09-08,35.44,36.13,36.42,34.03,58324,205939127.00,6.69,1.06,0.38,8.60
2020-09-09,35.93,34.14,35.93,34.11,48902,169802937.00,5.04,-5.51,-1.99,3.11
2020-09-10,34.09,32.12,34.54,31.85,50081,165698822.00,7.88,-5.92,-2.02,3.19
2020-09-11,32.28,32.30,32.43,31.47,26624,85221188.00,2.99,0.56,0.18,1.70
2020-09-14,32.35,32.54,32.92,32.35,23313,76000130.00,1.76,0.74,0.24,1.48
2020-09-15,32.51,33.69,34.10,31.80,41431,136945652.00,7.07,3.53,1.15,2.64
2020-09-16,33.75,33.71,34.45,33.06,22844,76494307.00,4.13,0.06,0.02,1.45
2020-09-17,33.50,34.00,34.40,33.23,22424,76154697.00,3.47,0.86,0.29,1.43
2020-09-18,33.99,34.50,34.58,33.72,20590,70717706.00,2.53,1.47,0.50,1.31
2020-09-21,34.80,34.51,34.97,34.37,17500,60682127.00,1.74,0.03,0.01,1.11
2020-09-22,34.36,34.12,34.90,33.90,17764,61021091.00,2.90,-1.13,-0.39,1.13
2020-09-23,34.31,34.49,34.75,34.15,18013,62153485.00,1.76,1.08,0.37,1.15
2020-09-24,34.50,33.50,34.50,33.41,19896,67353883.00,3.16,-2.87,-0.99,1.27
2020-09-25,33.80,33.20,34.25,32.95,22998,76898443.00,3.88,-0.90,-0.30,1.46
2020-09-28,33.28,33.28,33.80,33.13,17213,57639355.00,2.02,0.24,0.08,1.10
2020-09-29,33.30,33.92,34.26,33.13,19269,65332130.00,3.40,1.92,0.64,1.23
2020-09-30,33.95,35.00,35.62,33.95,45069,157645837.00,4.92,3.18,1.08,2.87
2020-10-09,36.75,36.99,37.70,36.09,67573,249468736.00,4.60,5.69,1.99,4.30
2020-10-12,37.66,38.12,38.55,37.10,62205,236022816.00,3.92,3.05,1.13,3.96
2020-10-13,37.79,38.90,39.25,37.15,58040,223380971.00,5.51,2.05,0.78,3.70
2020-10-14,38.11,38.82,38.84,37.51,51500,196870152.00,3.42,-0.21,-0.08,3.28
2020-10-15,36.46,34.94,36.70,34.94,34363,121886487.00,4.53,-9.99,-3.88,2.19
2020-10-16,32.95,31.53,33.46,31.50,159634,511126368.00,5.61,-9.76,-3.41,10.17
2020-10-19,31.57,31.39,31.95,31.30,68490,215969134.00,2.06,-0.44,-0.14,4.36
2020-10-20,31.38,31.55,31.56,31.20,37590,118035977.00,1.15,0.51,0.16,2.39
2020-10-21,31.65,30.17,31.65,29.85,69550,210776466.00,5.71,-4.37,-1.38,4.43
2020-10-22,29.99,30.02,30.16,29.66,29355,87772975.00,1.66,-0.50,-0.15,1.87
2020-10-23,29.95,29.66,30.23,29.50,27967,83405559.00,2.43,-1.20,-0.36,1.78
2020-10-26,29.68,29.75,30.02,29.01,25064,74238027.00,3.41,0.30,0.09,1.60
2020-10-27,29.51,29.70,29.74,29.39,17886,52864158.00,1.18,-0.17,-0.05,1.14
2020-10-28,29.57,29.07,29.65,28.74,35090,102222614.00,3.06,-2.12,-0.63,2.23
2020-10-29,28.88,28.50,28.88,28.11,46756,132538505.00,2.65,-1.96,-0.57,2.98
2020-10-30,28.58,28.16,28.86,28.02,37009,105610657.00,2.95,-1.19,-0.34,2.36
2020-11-02,28.17,27.36,28.47,27.16,40745,112146044.00,4.65,-2.84,-0.80,2.60
2020-11-03,27.39,28.34,28.66,27.39,38251,107623064.00,4.64,3.58,0.98,2.44
2020-11-04,28.54,28.09,28.54,27.91,22457,63294591.00,2.22,-0.88,-0.25,1.43
2020-11-05,28.47,29.48,29.49,27.94,54100,156244359.00,5.52,4.95,1.39,3.45
2020-11-06,29.48,29.08,29.57,28.84,35439,103080706.00,2.48,-1.36,-0.40,2.26
2020-11-09,29.50,29.94,30.19,29.31,50145,149443787.00,3.03,2.96,0.86,3.19
2020-11-10,29.92,29.23,29.94,29.00,38404,112790170.00,3.14,-2.37,-0.71,2.45
2020-11-11,29.00,28.24,29.02,28.15,28322,80690687.00,2.98,-3.39,-0.99,1.80
2020-11-12,28.52,27.92,28.60,27.85,26367,74051136.00,2.66,-1.13,-0.32,1.68
2020-11-13,27.76,28.21,28.32,27.55,17988,50406834.00,2.76,1.04,0.29,1.15
2020-11-16,28.50,28.16,28.50,28.01,17152,48336000.00,1.74,-0.18,-0.05,1.09
2020-11-17,28.16,27.87,28.28,27.35,21616,59843899.00,3.30,-1.03,-0.29,1.38
2020-11-18,27.88,27.89,28.17,27.70,16492,46075804.00,1.69,0.07,0.02,1.05
2020-11-19,27.97,28.22,28.40,27.65,19799,55804771.00,2.69,1.18,0.33,1.26
2020-11-20,28.17,28.31,28.36,28.11,15074,42550171.00,0.89,0.32,0.09,0.96
2020-11-23,28.35,28.90,29.05,28.08,29179,83085378.00,3.43,2.08,0.59,1.86
2020-11-24,28.82,28.52,29.23,28.50,29680,85170029.00,2.53,-1.31,-0.38,1.89
2020-11-25,28.65,28.56,28.92,28.30,28108,80509696.00,2.17,0.14,0.04,1.79
2020-11-26,28.89,29.03,29.17,28.70,37993,110033917.00,1.65,1.65,0.47,2.42
2020-11-27,28.90,28.63,28.90,28.42,24355,69609351.00,1.65,-1.38,-0.40,1.55
2020-11-30,28.63,28.50,28.75,28.38,21102,60211535.00,1.29,-0.45,-0.13,1.34
2020-12-01,28.33,28.68,28.80,28.31,21058,60193095.00,1.72,0.63,0.18,1.34
2020-12-02,28.71,28.67,29.07,28.45,35468,101913149.00,2.16,-0.03,-0.01,2.26
2020-12-03,28.65,28.07,28.65,28.03,30739,86732007.00,2.16,-2.09,-0.60,1.96
2020-12-04,28.08,28.07,28.20,27.96,15268,42851598.00,0.86,0.00,0.00,0.97
2020-12-07,28.07,27.73,28.14,27.67,18332,51047113.00,1.67,-1.21,-0.34,1.17
2020-12-08,27.74,27.89,28.08,27.63,13066,36430491.00,1.62,0.58,0.16,0.83
2020-12-09,27.83,26.91,27.83,26.90,23846,65296035.00,3.33,-3.51,-0.98,1.52
2020-12-10,26.80,26.43,26.96,26.41,19857,52897644.00,2.04,-1.78,-0.48,1.26
2020-12-11,26.49,25.20,26.55,24.89,37451,95614617.00,6.28,-4.65,-1.23,2.39
2020-12-14,25.06,25.63,25.83,24.95,20412,51923712.00,3.49,1.71,0.43,1.30
2020-12-15,25.69,25.67,25.83,25.42,16993,43578113.00,1.60,0.16,0.04,1.08
2020-12-16,25.69,25.24,25.72,25.19,15335,38863059.00,2.06,-1.68,-0.43,0.98
2020-12-17,25.23,25.20,25.27,24.11,27599,68288274.00,4.60,-0.16,-0.04,1.76
2020-12-18,25.35,24.96,25.37,24.87,15043,37750932.00,1.98,-0.95,-0.24,0.96
2020-12-21,24.86,25.17,25.44,24.68,17553,44258270.00,3.04,0.84,0.21,1.12
2020-12-22,25.24,24.51,25.24,24.47,21425,53189264.00,3.06,-2.62,-0.66,1.36
2020-12-23,24.49,26.23,26.33,24.41,55934,143174329.00,7.83,7.02,1.72,3.56
2020-12-24,26.25,25.42,26.26,25.35,41204,105714770.00,3.47,-3.09,-0.81,2.62
2020-12-25,25.43,25.71,25.76,24.60,31439,79445405.00,4.56,1.14,0.29,2.00
2020-12-28,25.81,26.95,27.77,25.81,66481,180017246.00,7.62,4.82,1.24,4.23
2020-12-29,27.00,27.06,27.76,26.31,55922,151084797.00,5.38,0.41,0.11,3.56
2020-12-30,26.79,26.67,27.08,26.11,37779,100497060.00,3.58,-1.44,-0.39,2.41
2020-12-31,26.78,26.82,27.07,26.57,30644,82168829.00,1.87,0.56,0.15,1.95
2021-01-04,26.94,27.19,27.25,26.38,40489,108594996.00,3.24,1.38,0.37,2.58
2021-01-05,26.90,26.98,27.12,26.50,40671,109146679.00,2.28,-0.77,-0.21,2.59
2021-01-06,26.86,27.36,27.75,26.85,45161,123804296.00,3.34,1.41,0.38,2.88
2021-01-07,27.38,26.00,27.38,25.85,39002,103047862.00,5.59,-4.97,-1.36,2.48
2021-01-08,25.88,25.74,26.44,25.11,27317,70678252.00,5.12,-1.00,-0.26,1.74
2021-01-11,25.53,25.49,26.17,25.22,25314,64991680.00,3.69,-0.97,-0.25,1.61
2021-01-12,25.28,25.61,25.70,25.22,18765,47918470.00,1.88,0.47,0.12,1.20
2021-01-13,25.61,24.64,25.62,24.45,36593,90966976.00,4.57,-3.79,-0.97,2.33
2021-01-14,24.34,25.45,25.92,24.34,34823,88000906.00,6.41,3.29,0.81,2.22
2021-01-15,25.50,25.85,26.35,25.45,27942,72204922.00,3.54,1.57,0.40,1.78
2021-01-18,26.10,26.69,26.84,25.98,35529,94079488.00,3.33,3.25,0.84,2.26
2021-01-19,26.74,26.56,26.99,26.31,37911,100863047.00,2.55,-0.49,-0.13,2.41
2021-01-20,26.50,26.53,26.69,26.10,22826,60156660.00,2.22,-0.11,-0.03,1.45
2021-01-21,26.58,26.39,26.83,26.31,31844,84619656.00,1.96,-0.53,-0.14,2.03
2021-01-22,26.32,25.89,26.37,25.50,29420,76055089.00,3.30,-1.89,-0.50,1.87
2021-01-25,26.50,26.04,27.18,25.90,56137,148669458.00,4.94,0.58,0.15,3.58
2021-01-26,25.30,24.91,25.64,24.87,34811,87338082.00,2.96,-4.34,-1.13,2.22
2021-01-27,24.90,24.95,25.26,24.70,19422,48508147.00,2.25,0.16,0.04,1.24
2021-01-28,24.85,24.76,25.25,24.57,21273,53012917.00,2.73,-0.76,-0.19,1.35
2021-01-29,24.90,24.07,25.09,23.70,24604,59829944.00,5.61,-2.79,-0.69,1.57
2021-02-01,24.08,24.40,24.49,23.97,12579,30626500.00,2.16,1.37,0.33,0.80
2021-02-02,24.26,24.59,24.98,24.26,13090,32283388.00,2.95,0.78,0.19,0.83
2021-02-03,24.30,23.96,24.55,23.80,15159,36592663.00,3.05,-2.56,-0.63,0.97
2021-02-04,23.90,22.94,23.94,22.53,21821,50347755.00,5.88,-4.26,-1.02,1.39
2021-02-05,22.95,22.12,23.37,22.11,18371,41423435.00,5.49,-3.57,-0.82,1.17
2021-02-08,22.11,21.80,22.16,21.74,12505,27397470.00,1.90,-1.45,-0.32,0.80
2021-02-09,21.77,22.34,22.43,21.65,13449,29766825.00,3.58,2.48,0.54,0.86
2021-02-10,22.32,22.89,23.05,22.11,12712,28941840.00,4.21,2.46,0.55,0.81
2021-02-18,23.00,23.49,23.58,23.00,13654,31993578.00,2.53,2.62,0.60,0.87
2021-02-19,23.49,23.84,23.94,23.08,16287,38622996.00,3.66,1.49,0.35,1.04
2021-02-22,23.95,23.65,24.39,23.65,21539,51924629.00,3.10,-0.80,-0.19,1.37
2021-02-23,23.71,23.74,24.10,23.53,14922,35525593.00,2.41,0.38,0.09,0.95
2021-02-24,23.70,23.50,23.99,23.35,13642,32281996.00,2.70,-1.01,-0.24,0.87
2021-02-25,23.72,23.15,23.85,23.11,12786,29833130.00,3.15,-1.49,-0.35,0.81
2021-02-26,22.97,23.64,23.98,22.60,15545,36570113.00,5.96,2.12,0.49,0.99
2021-03-01,23.89,24.35,24.44,23.81,18858,45567805.00,2.66,3.00,0.71,1.20
2021-03-02,24.35,23.94,24.44,23.82,15436,37055079.00,2.55,-1.68,-0.41,0.98
2021-03-03,23.85,24.19,24.24,23.72,13033,31305365.00,2.17,1.04,0.25,0.83
2021-03-04,23.99,23.71,24.18,23.66,14037,33491650.00,2.15,-1.98,-0.48,0.89
2021-03-05,23.41,23.92,24.02,23.40,10565,25153128.00,2.61,0.89,0.21,0.67
2021-03-08,24.20,23.70,24.41,23.68,13679,32903692.00,3.05,-0.92,-0.22,0.87
2021-03-09,23.70,22.69,23.80,22.67,20071,46271887.00,4.77,-4.26,-1.01,1.28
2021-03-10,22.90,22.55,23.13,22.51,10287,23386797.00,2.73,-0.62,-0.14,0.66
2021-03-11,22.58,22.82,22.84,22.00,10827,24448562.00,3.73,1.20,0.27,0.69
2021-03-12,22.83,22.66,22.85,22.51,8545,19352468.00,1.49,-0.70,-0.16,0.54
2021-03-15,22.61,22.30,22.61,22.23,9062,20300175.00,1.68,-1.59,-0.36,0.58
2021-03-16,22.38,22.67,22.75,22.30,8725,19661440.00,2.02,1.66,0.37,0.56
2021-03-17,22.59,22.77,22.77,22.33,9456,21405682.00,1.94,0.44,0.10,0.60
2021-03-18,22.94,22.48,22.96,22.39,11916,26907561.00,2.50,-1.27,-0.29,0.76
2021-03-19,22.49,23.41,23.96,22.40,29002,67450308.00,6.94,4.14,0.93,1.85
2021-03-22,23.40,23.56,23.82,23.20,15741,37014922.00,2.65,0.64,0.15,1.00
2021-03-23,23.43,23.22,23.59,23.07,12735,29570584.00,2.21,-1.44,-0.34,0.81
2021-03-24,23.21,22.96,23.37,22.95,11007,25473590.00,1.81,-1.12,-0.26,0.70
2021-03-25,22.90,22.98,23.29,22.61,10607,24397352.00,2.96,0.09,0.02,0.68
2021-03-26,22.94,23.45,23.49,22.89,12779,29668802.00,2.61,2.05,0.47,0.81
2021-03-29,23.47,23.25,23.56,23.20,10192,23786440.00,1.54,-0.85,-0.20,0.65
2021-03-30,23.20,22.88,23.23,22.80,10419,23876117.00,1.85,-1.59,-0.37,0.66
2021-03-31,22.68,22.79,22.94,22.66,6135,13979468.00,1.22,-0.39,-0.09,0.39
2021-04-01,22.88,22.84,23.14,22.59,9199,21004644.00,2.41,0.22,0.05,0.59
2021-04-02,22.89,23.33,23.44,22.73,14614,33794504.00,3.11,2.15,0.49,0.93
2021-04-06,23.50,23.52,23.91,23.50,19325,45825198.00,1.76,0.81,0.19,1.23
2021-04-07,23.54,23.70,23.80,23.36,13016,30705566.00,1.87,0.77,0.18,0.83
2021-04-08,23.60,23.32,23.69,23.32,12226,28648659.00,1.56,-1.60,-0.38,0.78
2021-04-09,23.33,22.95,23.53,22.92,12217,28295145.00,2.62,-1.59,-0.37,0.78
2021-04-12,22.90,22.12,22.99,22.00,18550,41671429.00,4.31,-3.62,-0.83,1.18
2021-04-13,22.26,21.98,22.26,21.88,11073,24399382.00,1.72,-0.63,-0.14,0.71
2021-04-14,21.81,22.17,22.19,21.81,7793,17217620.00,1.73,0.86,0.19,0.50
2021-04-15,22.17,22.42,22.48,22.06,10136,22609959.00,1.89,1.13,0.25,0.65
2021-04-16,22.64,23.03,23.06,22.39,13329,30288862.00,2.99,2.72,0.61,0.85
2021-04-19,24.50,24.71,25.16,23.72,65283,159714652.00,6.25,7.29,1.68,4.16
2021-04-20,24.20,23.77,24.71,23.63,45859,110492339.00,4.37,-3.80,-0.94,2.92
2021-04-21,23.77,23.91,24.22,23.59,27142,64996180.00,2.65,0.59,0.14,1.73
2021-04-22,23.83,24.20,24.40,23.70,28681,69175235.00,2.93,1.21,0.29,1.83
2021-04-23,24.00,24.09,24.21,23.71,20211,48296594.00,2.07,-0.45,-0.11,1.29
2021-04-26,24.18,23.71,24.18,23.70,17850,42733706.00,1.99,-1.58,-0.38,1.14
2021-04-27,23.67,23.49,23.85,23.02,19938,46597893.00,3.50,-0.93,-0.22,1.27
2021-04-28,21.76,21.14,22.03,21.14,58809,125196956.00,3.79,-10.00,-2.35,3.75
2021-04-29,20.81,20.59,21.08,20.38,27650,57149089.00,3.31,-2.60,-0.55,1.76
2021-04-30,20.74,20.12,20.77,20.00,18972,38254783.00,3.74,-2.28,-0.47,1.21
2021-05-06,19.99,20.04,20.07,19.80,12820,25580921.00,1.34,-0.40,-0.08,0.82
2021-05-07,20.04,20.03,20.42,19.96,15029,30353538.00,2.30,-0.05,-0.01,0.96
2021-05-10,20.06,20.25,20.32,20.00,10180,20538274.00,1.60,1.10,0.22,0.65
2021-05-11,20.20,19.95,20.20,19.83,15745,31459327.00,1.83,-1.48,-0.30,1.00
2021-05-12,19.95,20.06,20.08,19.20,16743,32933664.00,4.41,0.55,0.11,1.07
2021-05-13,19.85,20.20,20.55,19.84,17407,35291923.00,3.54,0.70,0.14,1.11
2021-05-14,20.12,20.31,20.38,19.73,15284,30762929.00,3.22,0.54,0.11,0.97
2021-05-17,20.35,20.13,20.43,20.01,11095,22345137.00,2.07,-0.89,-0.18,0.71
2021-05-18,20.40,20.40,20.63,20.19,16808,34381371.00,2.19,1.34,0.27,1.07
2021-05-19,20.20,20.02,20.22,20.00,14007,28080688.00,1.08,-1.86,-0.38,0.89
2021-05-20,19.95,19.75,20.08,19.61,13571,26876495.00,2.35,-1.35,-0.27,0.86
2021-05-21,19.84,19.48,19.85,19.48,11082,21743267.00,1.87,-1.37,-0.27,0.71
2021-05-24,19.60,19.89,19.98,19.43,11658,23046703.00,2.82,2.10,0.41,0.74
2021-05-25,19.87,20.02,20.04,19.70,12229,24336867.00,1.71,0.65,0.13,0.78
2021-05-26,20.10,20.05,20.18,19.98,12968,26025370.00,1.00,0.15,0.03,0.83
2021-05-27,19.90,20.22,20.35,19.80,16844,34026518.00,2.74,0.85,0.17,1.07
2021-05-28,20.25,20.29,20.40,20.02,15907,32176711.00,1.88,0.35,0.07,1.01
2021-05-31,20.30,20.65,20.70,20.20,18220,37308564.00,2.46,1.77,0.36,1.16
2021-06-01,20.72,20.56,21.05,20.50,19474,40276181.00,2.66,-0.44,-0.09,1.24
2021-06-02,20.42,20.03,20.56,19.98,17180,34715017.00,2.82,-2.58,-0.53,1.09
2021-06-03,20.29,20.34,20.66,20.15,16773,34304658.00,2.55,1.55,0.31,1.07
2021-06-04,20.45,20.51,20.78,20.30,14149,29071044.00,2.36,0.84,0.17,0.90
2021-06-07,20.90,20.81,21.25,20.58,18642,38874522.00,3.27,1.46,0.30,1.19
2021-06-08,20.80,20.69,20.81,20.50,13101,27038915.00,1.49,-0.58,-0.12,0.83
2021-06-09,20.60,20.62,20.88,20.50,10299,21275617.00,1.84,-0.34,-0.07,0.66
2021-06-10,20.64,21.14,21.23,20.51,27846,58258955.00,3.49,2.52,0.52,1.77
2021-06-11,21.20,20.75,21.45,20.60,26988,56845275.00,4.02,-1.84,-0.39,1.72
2021-06-15,20.62,20.46,20.95,20.42,14785,30575093.00,2.55,-1.40,-0.29,0.94
2021-06-16,20.40,20.35,20.85,20.32,19988,41087408.00,2.59,-0.54,-0.11,1.27
2021-06-17,20.44,20.73,20.98,20.40,17631,36386421.00,2.85,1.87,0.38,1.12
2021-06-18,20.81,20.94,21.00,20.57,18423,38344625.00,2.07,1.01,0.21,1.17
2021-06-21,20.89,21.27,21.29,20.73,19964,42053857.00,2.67,1.58,0.33,1.27
2021-06-22,21.57,21.29,21.74,21.11,26373,56435096.00,2.96,0.09,0.02,1.68
2021-06-23,21.16,21.81,21.88,21.01,33347,71774265.00,4.09,2.44,0.52,2.12
2021-06-24,21.75,22.30,22.43,21.52,38276,84239712.00,4.17,2.25,0.49,2.44
2021-06-25,22.18,21.62,22.18,21.60,34187,74471023.00,2.60,-3.05,-0.68,2.18
2021-06-28,21.51,21.39,21.66,21.25,20202,43272469.00,1.90,-1.06,-0.23,1.29
2021-06-29,21.38,21.10,21.65,20.89,19807,42034272.00,3.55,-1.36,-0.29,1.26
2021-06-30,21.08,21.15,21.29,21.06,15293,32372923.00,1.09,0.24,0.05,0.97
2021-07-01,21.68,20.78,22.40,20.75,36366,78634590.00,7.80,-1.75,-0.37,2.32
2021-07-02,20.51,19.98,20.61,19.98,27734,55854115.00,3.03,-3.85,-0.80,1.77
2021-07-05,19.99,20.90,21.01,19.84,31720,65098443.00,5.86,4.60,0.92,2.02
2021-07-06,20.99,20.83,21.15,20.68,17806,37144946.00,2.25,-0.33,-0.07,1.13
2021-07-07,20.66,20.48,20.79,20.34,15036,30846227.00,2.16,-1.68,-0.35,0.96
2021-07-08,20.48,20.49,20.77,20.26,16446,33690809.00,2.49,0.05,0.01,1.05
2021-07-09,20.33,20.35,20.44,20.06,15430,31220846.00,1.85,-0.68,-0.14,0.98
2021-07-12,20.34,21.08,21.48,20.34,35441,74534074.00,5.60,3.59,0.73,2.26
2021-07-13,21.07,21.00,21.29,20.83,18680,39248425.00,2.18,-0.38,-0.08,1.19
2021-07-14,20.90,20.97,21.26,20.82,17888,37627942.00,2.10,-0.14,-0.03,1.14
2021-07-15,20.02,18.88,20.02,18.87,67955,129690683.00,5.48,-9.97,-2.09,4.33
2021-07-16,18.79,18.61,18.98,18.58,22016,41154355.00,2.12,-1.43,-0.27,1.40
