2018-03-02,9.90,9.90,9.90,9.90,9304,9211396.00,0.00,10.00,0.90,0.15
2018-03-05,10.89,10.89,10.89,10.31,2496214,2671782688.00,5.86,10.00,0.99,39.00
2018-03-06,11.30,11.98,11.98,11.28,1396451,1618029232.00,6.43,10.01,1.09,21.82
2018-03-07,12.00,11.79,12.75,11.11,3195409,3724494608.00,13.69,-1.59,-0.19,49.93
2018-03-08,11.46,11.48,11.94,11.22,1691053,1951570560.00,6.11,-2.63,-0.31,26.42
2018-03-09,11.35,11.72,11.97,11.35,1808322,2115999248.00,5.40,2.09,0.24,28.26
2018-03-12,11.83,12.43,12.82,11.52,2156188,2607583472.00,11.09,6.06,0.71,33.69
2018-03-13,12.20,11.69,12.33,11.66,1699130,2028991568.00,5.39,-5.95,-0.74,26.55
2018-03-14,11.56,11.60,11.77,11.37,909911,1054120112.00,3.42,-0.77,-0.09,14.22
2018-03-15,11.41,10.96,11.50,10.71,1288616,1426941776.00,6.81,-5.52,-0.64,20.13
2018-03-16,10.97,10.99,11.20,10.90,650308,718931776.00,2.74,0.27,0.03,10.16
2018-03-19,10.98,11.06,11.19,10.72,633681,695248352.00,4.28,0.64,0.07,9.90
2018-03-20,10.80,10.85,10.96,10.71,580151,627561824.00,2.26,-1.90,-0.21,9.06
2018-03-21,10.79,10.89,11.33,10.78,843961,935420224.00,5.07,0.37,0.04,13.19
2018-03-22,10.86,10.68,10.96,10.58,699205,749872224.00,3.49,-1.93,-0.21,10.93
2018-03-23,10.14,9.61,10.25,9.61,1012654,1002117232.00,5.99,-10.02,-1.07,15.82
2018-03-26,9.25,9.61,9.65,9.01,569550,533668448.00,6.66,0.00,0.00,8.90
2018-03-27,9.73,9.75,9.93,9.66,582675,570073024.00,2.81,1.46,0.14,9.10
2018-03-28,9.55,9.86,10.25,9.41,729469,725665568.00,8.62,1.13,0.11,11.40
2018-03-29,9.84,9.91,9.99,9.75,467763,462417936.00,2.43,0.51,0.05,7.31
2018-03-30,9.99,9.88,10.04,9.81,430932,425453280.00,2.32,-0.30,-0.03,6.73
2018-04-02,9.84,9.68,9.91,9.64,462787,452890368.00,2.73,-2.02,-0.20,7.23
2018-04-03,9.48,9.46,9.54,9.35,369627,348852736.00,1.96,-2.27,-0.22,5.78
2018-04-04,9.54,9.45,9.72,9.44,358028,342061888.00,2.96,-0.11,-0.01,5.59
2018-04-09,9.30,9.74,9.84,9.23,535927,511247264.00,6.46,3.07,0.29,8.37
2018-04-10,9.74,10.05,10.08,9.66,735371,725834384.00,4.31,3.18,0.31,11.49
2018-04-11,10.08,9.93,10.15,9.90,562184,562050480.00,2.49,-1.19,-0.12,8.78
2018-04-12,10.10,10.92,10.92,10.06,616946,658795744.00,8.66,9.97,0.99,9.64
2018-04-13,12.01,11.22,12.01,11.07,2381691,2772279952.00,8.61,2.75,0.30,37.21
2018-04-16,10.85,10.51,11.13,10.32,1298726,1392271008.00,7.22,-6.33,-0.71,20.29
2018-04-17,10.41,9.99,10.51,9.95,852277,872735728.00,5.33,-4.95,-0.52,13.32
2018-04-18,10.12,10.12,10.17,9.79,660366,660288896.00,3.80,1.30,0.13,10.32
2018-04-19,10.01,9.93,10.10,9.92,516272,516256672.00,1.78,-1.88,-0.19,8.07
2018-04-20,9.83,9.44,9.87,9.37,634228,608456960.00,5.04,-4.93,-0.49,9.91
2018-04-23,9.42,9.57,9.60,9.33,377205,356907472.00,2.86,1.38,0.13,5.89
2018-04-24,9.58,9.84,9.88,9.55,512954,501540208.00,3.45,2.82,0.27,8.01
2018-04-25,9.73,9.80,9.82,9.60,378079,367378544.00,2.24,-0.41,-0.04,5.91
2018-04-26,9.82,9.63,10.09,9.61,496326,489914448.00,4.90,-1.73,-0.17,7.76
2018-04-27,9.59,9.46,9.71,9.38,370808,352622672.00,3.43,-1.77,-0.17,5.79
2018-05-02,9.56,9.51,9.64,9.41,257728,245398318.00,2.43,0.53,0.05,4.03
2018-05-03,9.45,9.70,9.74,9.40,404951,388954960.00,3.58,2.00,0.19,6.33
2018-05-04,9.66,9.55,9.74,9.53,288500,278025616.00,2.16,-1.55,-0.15,4.51
2018-05-07,9.58,9.70,9.75,9.53,332802,321736192.00,2.30,1.57,0.15,5.20
2018-05-08,9.72,9.97,10.09,9.67,616911,611968160.00,4.33,2.78,0.27,9.64
2018-05-09,9.90,9.87,9.94,9.80,355888,350651216.00,1.40,-1.00,-0.10,5.56
2018-05-10,9.91,9.82,9.93,9.72,305130,299461952.00,2.13,-0.51,-0.05,4.77
2018-05-11,9.85,9.73,9.87,9.71,250420,245136634.00,1.63,-0.92,-0.09,3.91
2018-05-14,9.67,9.64,9.78,9.57,258004,249425705.00,2.16,-0.92,-0.09,4.03
2018-05-15,9.62,9.87,9.96,9.55,364829,355679888.00,4.25,2.39,0.23,5.70
2018-05-16,9.78,9.88,10.05,9.76,521931,518823232.00,2.94,0.10,0.01,8.16
2018-05-17,10.01,9.91,10.09,9.85,333198,331228192.00,2.43,0.30,0.03,5.21
2018-05-18,9.84,9.81,9.90,9.65,297405,291024128.00,2.52,-1.01,-0.10,4.65
2018-05-21,9.89,10.00,10.05,9.83,441416,438542128.00,2.24,1.94,0.19,6.90
2018-05-22,9.95,10.38,10.80,9.92,935297,966654272.00,8.80,3.80,0.38,14.61
2018-05-23,10.23,10.06,10.33,10.05,577418,589103392.00,2.70,-3.08,-0.32,9.02
2018-05-24,10.03,10.10,10.35,9.98,413483,420316576.00,3.68,0.40,0.04,6.46
2018-05-25,10.06,10.28,10.51,10.02,642777,661257040.00,4.85,1.78,0.18,10.04
2018-05-28,10.27,10.45,10.69,10.21,699066,731688480.00,4.67,1.65,0.17,10.92
2018-05-29,10.34,10.11,10.43,10.09,505492,516354848.00,3.25,-3.25,-0.34,7.90
2018-05-30,9.84,9.24,9.84,9.14,676158,641527600.00,6.92,-8.61,-0.87,10.56
2018-05-31,9.35,9.40,9.44,9.22,328587,307142256.00,2.38,1.73,0.16,5.13
2018-06-01,9.32,9.37,9.49,9.27,276050,258265045.00,2.34,-0.32,-0.03,4.31
2018-06-04,9.39,9.42,9.57,9.31,240380,227171459.00,2.77,0.53,0.05,3.76
2018-06-05,9.40,9.48,9.48,9.29,282761,265635559.00,2.02,0.64,0.06,4.42
2018-06-06,9.43,9.40,9.47,9.36,211975,199277613.00,1.16,-0.84,-0.08,3.31
2018-06-07,9.44,9.38,9.57,9.37,265805,251282745.00,2.13,-0.21,-0.02,4.15
2018-06-08,9.30,9.10,9.30,9.04,345404,315353952.00,2.77,-2.99,-0.28,5.40
2018-06-11,9.10,9.07,9.14,9.02,160855,145959307.00,1.32,-0.33,-0.03,2.51
2018-06-12,9.09,9.01,9.12,8.72,250209,224003526.00,4.41,-0.66,-0.06,3.91
2018-06-13,9.00,8.80,9.00,8.78,192480,170788618.00,2.44,-2.33,-0.21,3.01
2018-06-14,8.68,8.53,8.74,8.49,183758,158123819.00,2.84,-3.07,-0.27,2.87
2018-06-15,8.52,8.13,8.61,8.01,299281,246901004.00,7.03,-4.69,-0.40,4.68
2018-06-19,7.99,7.44,7.99,7.32,400534,305618032.00,8.24,-8.49,-0.69,6.26
2018-06-20,7.45,7.64,7.72,7.40,247550,187238332.00,4.30,2.69,0.20,3.87
2018-06-21,7.62,7.33,7.71,7.31,248574,186648753.00,5.24,-4.06,-0.31,3.88
2018-06-22,7.23,7.49,7.57,7.13,211035,156140688.00,6.00,2.18,0.16,3.30
2018-06-25,7.65,7.42,7.66,7.39,187781,141347378.00,3.60,-0.93,-0.07,2.93
2018-06-26,7.25,7.53,7.54,7.17,203578,150723505.00,4.99,1.48,0.11,3.18
2018-06-27,7.50,7.40,7.57,7.37,171039,127628602.00,2.66,-1.73,-0.13,2.67
2018-06-28,7.39,7.36,7.55,7.35,182911,135950306.00,2.70,-0.54,-0.04,2.86
2018-06-29,7.38,7.57,7.60,7.37,236377,177397564.00,3.13,2.85,0.21,3.69
2018-07-02,7.57,7.39,7.57,7.32,217113,161706547.00,3.30,-2.38,-0.18,3.39
2018-07-03,7.38,7.50,7.51,7.32,189322,140456246.00,2.57,1.49,0.11,2.96
2018-07-04,7.46,7.28,7.49,7.25,192727,141868475.00,3.20,-2.93,-0.22,3.01
2018-07-05,7.30,7.07,7.40,7.06,180547,130735225.00,4.67,-2.88,-0.21,2.82
2018-07-06,7.11,6.97,7.17,6.72,281070,196499763.00,6.36,-1.41,-0.10,4.39
2018-07-09,6.97,7.12,7.14,6.97,178011,125957046.00,2.44,2.15,0.15,2.78
2018-07-10,7.15,7.14,7.16,7.07,157189,111769278.00,1.26,0.28,0.02,2.46
2018-07-11,7.00,6.84,7.01,6.70,200272,137959108.00,4.34,-4.20,-0.30,3.13
2018-07-12,6.85,7.18,7.24,6.83,323056,229139608.00,5.99,4.97,0.34,5.05
2018-07-13,7.17,7.13,7.22,7.11,194935,139501972.00,1.53,-0.70,-0.05,3.05
2018-07-16,7.16,7.17,7.22,7.11,135882,97196588.00,1.54,0.56,0.04,2.12
2018-07-17,7.14,7.13,7.16,7.04,145040,102785561.00,1.67,-0.56,-0.04,2.27
2018-07-18,7.14,7.27,7.46,7.12,341356,248319157.00,4.77,1.96,0.14,5.33
2018-07-19,7.23,7.11,7.29,7.08,182624,130795780.00,2.89,-2.20,-0.16,2.85
2018-07-20,7.09,7.82,7.82,7.08,446915,339143440.00,10.41,9.99,0.71,6.98
2018-07-23,7.68,7.71,7.84,7.46,641217,492314096.00,4.86,-1.41,-0.11,10.02
2018-07-24,7.61,7.82,7.99,7.61,531998,416463136.00,4.93,1.43,0.11,8.31
2018-07-25,7.78,7.75,7.83,7.69,266990,206606901.00,1.79,-0.90,-0.07,4.17
2018-07-26,7.74,7.66,7.77,7.61,237402,181956162.00,2.06,-1.16,-0.09,3.71
2018-07-27,7.63,7.63,7.73,7.62,163452,125298377.00,1.44,-0.39,-0.03,2.55
2018-07-30,7.61,7.52,7.70,7.44,186509,141430558.00,3.41,-1.44,-0.11,2.91
2018-07-31,7.50,7.68,7.75,7.47,248134,189572085.00,3.72,2.13,0.16,3.88
2018-08-01,7.65,7.46,7.73,7.43,236884,179956569.00,3.91,-2.86,-0.22,3.70
2018-08-02,7.43,7.13,7.43,6.91,263881,189149858.00,6.97,-4.42,-0.33,4.12
2018-08-03,7.14,7.08,7.20,7.07,133018,94937989.00,1.82,-0.70,-0.05,2.08
2018-08-06,7.07,7.03,7.19,6.96,142005,100665468.00,3.25,-0.71,-0.05,2.22
2018-08-07,7.07,7.21,7.21,6.99,173740,123929653.00,3.13,2.56,0.18,2.71
2018-08-08,7.21,7.13,7.24,7.11,140413,100584223.00,1.80,-1.11,-0.08,2.19
2018-08-09,7.11,7.27,7.32,7.07,189718,137523431.00,3.51,1.96,0.14,2.96
2018-08-10,7.27,7.25,7.31,7.19,139403,101043387.00,1.65,-0.28,-0.02,2.18
2018-08-13,7.12,7.20,7.23,7.09,139057,99314379.00,1.93,-0.69,-0.05,2.17
2018-08-14,7.17,7.20,7.24,7.16,102482,73817995.00,1.11,0.00,0.00,1.60
2018-08-15,7.21,7.05,7.22,7.05,141185,100443367.00,2.36,-2.08,-0.15,2.21
2018-08-16,6.98,7.05,7.18,6.91,137442,96876913.00,3.83,0.00,0.00,2.15
2018-08-17,7.12,6.91,7.15,6.90,125718,88287333.00,3.55,-1.99,-0.14,1.96
2018-08-20,6.87,6.98,7.00,6.85,107995,74893437.00,2.17,1.01,0.07,1.69
2018-08-21,6.96,7.03,7.09,6.94,118004,83006323.00,2.15,0.72,0.05,1.84
2018-08-22,7.01,6.96,7.06,6.95,92690,64798050.00,1.56,-1.00,-0.07,1.45
2018-08-23,6.96,7.01,7.08,6.93,112772,78956987.00,2.16,0.72,0.05,1.76
2018-08-24,6.99,7.10,7.23,6.96,198439,140784935.00,3.85,1.28,0.09,3.10
2018-08-27,7.06,7.16,7.19,7.05,189166,135050486.00,1.97,0.85,0.06,2.96
2018-08-28,7.16,7.15,7.19,7.11,121278,86672760.00,1.12,-0.14,-0.01,1.89
2018-08-29,7.15,7.08,7.15,7.07,96726,68689635.00,1.12,-0.98,-0.07,1.51
2018-08-30,7.08,6.91,7.11,6.90,113320,79242285.00,2.97,-2.40,-0.17,1.77
2018-08-31,6.90,6.84,6.95,6.81,106520,73228414.00,2.03,-1.01,-0.07,1.66
2018-09-03,6.84,6.88,6.89,6.75,85426,58185975.00,2.05,0.58,0.04,1.33
2018-09-04,6.87,6.96,7.02,6.84,109430,75903353.00,2.62,1.16,0.08,1.71
2018-09-05,6.94,6.82,6.96,6.81,95485,65753215.00,2.16,-2.01,-0.14,1.49
2018-09-06,6.80,6.85,6.94,6.79,101911,70011249.00,2.20,0.44,0.03,1.59
2018-09-07,6.85,6.90,6.95,6.85,124194,85841236.00,1.46,0.73,0.05,1.94
2018-09-10,6.93,6.78,6.94,6.76,94785,64674970.00,2.61,-1.74,-0.12,1.48
2018-09-11,6.78,6.77,6.82,6.72,78216,52896636.00,1.47,-0.15,-0.01,1.22
2018-09-12,6.78,6.87,6.95,6.75,131042,90071486.00,2.95,1.48,0.10,2.05
2018-09-13,6.92,6.87,6.94,6.78,123241,84293220.00,2.33,0.00,0.00,1.93
2018-09-14,6.88,6.79,6.89,6.77,92970,63473619.00,1.75,-1.16,-0.08,1.45
2018-09-17,6.76,6.68,6.79,6.66,105631,70806400.00,1.91,-1.62,-0.11,1.65
2018-09-18,6.68,6.81,6.83,6.64,115596,78024201.00,2.84,1.95,0.13,1.81
2018-09-19,6.78,6.83,6.89,6.76,145866,99777454.00,1.91,0.29,0.02,2.28
2018-09-20,6.81,6.79,6.86,6.78,94886,64649375.00,1.17,-0.59,-0.04,1.48
2018-09-21,6.80,6.95,6.98,6.78,217837,150372394.00,2.95,2.36,0.16,3.40
2018-09-25,6.87,6.90,6.91,6.86,110036,75712441.00,0.72,-0.72,-0.05,1.72
2018-09-26,6.92,6.88,6.97,6.86,143902,99529061.00,1.59,-0.29,-0.02,2.25
2018-09-27,6.88,6.73,6.90,6.72,161607,109986578.00,2.62,-2.18,-0.15,2.53
2018-09-28,6.74,6.73,6.81,6.71,117388,79264713.00,1.49,0.00,0.00,1.83
2018-10-08,6.63,6.43,6.65,6.42,163998,107463894.00,3.42,-4.46,-0.30,2.56
2018-10-09,6.47,6.43,6.49,6.40,78457,50477027.00,1.40,0.00,0.00,1.23
2018-10-10,6.45,6.40,6.48,6.36,90944,58378430.00,1.87,-0.47,-0.03,1.42
2018-10-11,6.20,5.76,6.20,5.76,258841,153561027.00,6.88,-10.00,-0.64,4.04
2018-10-12,5.71,5.67,5.76,5.35,191081,106589128.00,7.12,-1.56,-0.09,2.99
2018-10-15,5.65,5.50,5.69,5.49,104633,58739449.00,3.53,-3.00,-0.17,1.63
2018-10-16,5.52,5.40,5.59,5.38,106351,58306529.00,3.82,-1.82,-0.10,1.66
2018-10-17,5.49,5.57,5.64,5.38,136647,75324351.00,4.81,3.15,0.17,2.14
2018-10-18,5.55,5.38,5.55,5.38,111193,60518499.00,3.05,-3.41,-0.19,1.74
2018-10-19,5.28,5.57,5.57,5.21,141053,76827620.00,6.69,3.53,0.19,2.20
2018-10-22,5.58,6.05,6.08,5.57,352646,208292348.00,9.16,8.62,0.48,5.51
2018-10-23,6.02,5.83,6.06,5.76,254009,150045122.00,4.96,-3.64,-0.22,3.97
2018-10-24,5.76,5.97,6.20,5.74,341471,204661781.00,7.89,2.40,0.14,5.34
2018-10-25,5.70,6.06,6.09,5.65,268844,157627136.00,7.37,1.51,0.09,4.20
2018-10-26,6.11,5.95,6.15,5.92,201228,120792128.00,3.80,-1.82,-0.11,3.14
2018-10-29,5.90,5.80,5.98,5.79,128874,75859470.00,3.19,-2.52,-0.15,2.01
2018-10-30,5.80,5.98,6.05,5.79,239569,142717073.00,4.48,3.10,0.18,3.74
2018-10-31,5.99,6.04,6.15,5.96,228383,138360082.00,3.18,1.00,0.06,3.57
2018-11-01,6.04,6.31,6.64,6.01,766437,497653536.00,10.43,4.47,0.27,11.98
2018-11-02,6.35,6.38,6.42,6.20,516226,326027440.00,3.49,1.11,0.07,8.07
2018-11-05,6.36,6.42,6.45,6.27,352779,224607876.00,2.82,0.63,0.04,5.51
2018-11-06,6.35,6.35,6.43,6.25,218263,138142329.00,2.80,-1.09,-0.07,3.41
2018-11-07,6.36,6.19,6.37,6.18,215047,134805714.00,2.99,-2.52,-0.16,3.36
2018-11-08,6.26,6.13,6.29,6.13,152669,94927732.00,2.58,-0.97,-0.06,2.39
2018-11-09,6.10,6.06,6.16,6.05,116791,71378092.00,1.79,-1.14,-0.07,1.82
2018-11-12,6.05,6.22,6.23,6.05,146756,90388320.00,2.97,2.64,0.16,2.29
2018-11-13,6.13,6.37,6.46,6.09,329791,208364105.00,5.95,2.41,0.15,5.15
2018-11-14,6.32,6.29,6.41,6.27,226050,143026949.00,2.20,-1.26,-0.08,3.53
2018-11-15,6.29,6.42,6.44,6.27,245932,157074574.00,2.70,2.07,0.13,3.84
2018-11-16,6.40,6.52,6.64,6.35,398399,259752012.00,4.52,1.56,0.10,6.22
2018-11-19,6.51,6.68,6.70,6.45,386593,255891411.00,3.83,2.45,0.16,6.04
2018-11-20,6.59,6.35,6.63,6.32,302399,196187230.00,4.64,-4.94,-0.33,4.72
2018-11-21,6.28,6.36,6.41,6.25,172733,109600249.00,2.52,0.16,0.01,2.70
2018-11-22,6.36,6.29,6.39,6.26,144792,91446170.00,2.04,-1.10,-0.07,2.26
2018-11-23,6.32,5.97,6.33,5.97,205287,125451198.00,5.72,-5.09,-0.32,3.21
2018-11-26,5.96,5.99,6.06,5.94,101011,60527295.00,2.01,0.34,0.02,1.58
2018-11-27,6.07,6.03,6.08,5.98,84012,50655669.00,1.67,0.67,0.04,1.31
2018-11-28,6.03,6.09,6.11,5.87,123779,74600586.00,3.98,1.00,0.06,1.93
2018-11-29,6.14,5.96,6.14,5.96,140235,85178476.00,2.96,-2.13,-0.13,2.19
2018-11-30,5.94,5.97,6.01,5.84,111089,65991355.00,2.85,0.17,0.01,1.74
2018-12-03,6.14,6.14,6.20,6.08,170307,104728883.00,2.01,2.85,0.17,2.66
2018-12-04,6.15,6.19,6.21,6.11,126780,78251674.00,1.63,0.81,0.05,1.98
2018-12-05,6.08,6.08,6.13,6.05,137201,83511784.00,1.29,-1.78,-0.11,2.14
2018-12-06,6.08,5.99,6.08,5.98,117482,70686736.00,1.64,-1.48,-0.09,1.84
2018-12-07,6.00,6.04,6.08,5.99,70726,42665682.00,1.50,0.83,0.05,1.11
2018-12-10,5.98,5.98,6.05,5.94,77563,46465620.00,1.82,-0.99,-0.06,1.21
2018-12-11,6.01,6.05,6.07,6.00,75839,45862643.00,1.17,1.17,0.07,1.18
2018-12-12,6.06,6.08,6.11,6.03,80378,48851431.00,1.32,0.50,0.03,1.26
2018-12-13,6.08,6.13,6.19,6.03,124346,76210023.00,2.63,0.82,0.05,1.94
2018-12-14,6.10,5.96,6.19,5.96,190607,116314184.00,3.75,-2.77,-0.17,2.98
2018-12-17,5.94,6.18,6.20,5.92,182780,111249144.00,4.70,3.69,0.22,2.86
2018-12-18,6.15,6.11,6.19,6.05,133629,81896054.00,2.27,-1.13,-0.07,2.09
2018-12-19,6.11,6.04,6.15,6.03,116107,70674666.00,1.96,-1.15,-0.07,1.81
2018-12-20,6.03,6.12,6.15,5.94,114408,69358939.00,3.48,1.32,0.08,1.79
2018-12-21,6.09,6.07,6.12,6.02,90120,54649727.00,1.63,-0.82,-0.05,1.41
2018-12-24,6.07,6.15,6.15,6.05,104621,64012758.00,1.65,1.32,0.08,1.63
2018-12-25,6.10,6.02,6.10,5.84,132339,78975337.00,4.23,-2.11,-0.13,2.07
2018-12-26,6.01,5.97,6.03,5.93,76089,45553376.00,1.66,-0.83,-0.05,1.19
2018-12-27,6.08,5.91,6.09,5.90,75713,45392267.00,3.18,-1.01,-0.06,1.18
2018-12-28,5.93,5.91,5.98,5.88,73386,43498966.00,1.69,0.00,0.00,1.15
2019-01-02,5.91,5.76,5.93,5.75,85327,49725197.00,3.05,-2.54,-0.15,1.33
2019-01-03,5.76,5.80,5.90,5.76,66232,38549557.00,2.43,0.69,0.04,1.03
2019-01-04,5.76,6.03,6.06,5.68,183568,109064785.00,6.55,3.97,0.23,2.87
2019-01-07,6.05,6.05,6.08,5.98,150278,90773250.00,1.66,0.33,0.02,2.35
2019-01-08,6.04,6.08,6.13,5.99,133046,80651937.00,2.31,0.50,0.03,2.08
2019-01-09,6.08,6.09,6.19,6.06,154272,94523665.00,2.14,0.16,0.01,2.41
2019-01-10,6.07,6.01,6.11,5.99,113058,68361164.00,1.97,-1.31,-0.08,1.77
2019-01-11,6.01,6.06,6.08,5.98,109170,65852151.00,1.66,0.83,0.05,1.71
2019-01-14,6.07,6.04,6.10,6.02,86920,52678557.00,1.32,-0.33,-0.02,1.36
2019-01-15,6.03,6.09,6.11,6.00,123142,74775747.00,1.82,0.83,0.05,1.92
2019-01-16,6.08,6.04,6.11,6.02,88843,53829036.00,1.48,-0.82,-0.05,1.39
2019-01-17,6.04,5.92,6.05,5.92,120816,72140604.00,2.15,-1.99,-0.12,1.89
2019-01-18,5.95,5.96,5.98,5.90,97443,57960505.00,1.35,0.68,0.04,1.52
2019-01-21,5.95,5.96,6.02,5.93,82724,49388952.00,1.51,0.00,0.00,1.29
2019-01-22,5.95,5.92,5.98,5.91,81160,48162505.00,1.17,-0.67,-0.04,1.27
2019-01-23,5.91,5.86,5.95,5.83,92593,54427622.00,2.03,-1.01,-0.06,1.45
2019-01-24,5.85,5.93,5.94,5.85,94954,55914597.00,1.54,1.19,0.07,1.48
2019-01-25,5.90,5.85,5.94,5.83,89735,52887532.00,1.85,-1.35,-0.08,1.40
2019-01-28,5.85,5.75,5.91,5.73,94356,54980670.00,3.08,-1.71,-0.10,1.47
2019-01-29,5.75,5.62,5.75,5.53,108938,61411022.00,3.83,-2.26,-0.13,1.70
2019-01-30,5.60,5.60,5.67,5.57,60316,33930188.00,1.78,-0.36,-0.02,0.94
2019-01-31,5.61,5.54,5.68,5.51,98918,55373087.00,3.04,-1.07,-0.06,1.55
2019-02-01,5.59,5.67,5.68,5.57,79553,44750275.00,1.99,2.35,0.13,1.24
2019-02-11,5.67,5.78,5.78,5.67,80055,45938848.00,1.94,1.94,0.11,1.25
2019-02-12,5.78,5.84,5.84,5.76,90176,52419115.00,1.38,1.04,0.06,1.41
2019-02-13,5.84,5.97,6.00,5.79,207940,123094857.00,3.60,2.23,0.13,3.25
2019-02-14,5.95,5.97,6.02,5.94,122878,73371559.00,1.34,0.00,0.00,1.92
2019-02-15,5.93,5.96,6.04,5.92,136717,81549146.00,2.01,-0.17,-0.01,2.14
2019-02-18,5.98,6.19,6.20,5.98,312550,192036211.00,3.69,3.86,0.23,4.88
2019-02-19,6.22,6.43,6.67,6.16,629148,404794336.00,8.24,3.88,0.24,9.83
2019-02-20,6.41,6.30,6.41,6.20,297250,187080715.00,3.27,-2.02,-0.13,4.64
2019-02-21,6.27,6.30,6.45,6.22,357380,227437056.00,3.65,0.00,0.00,5.58
2019-02-22,6.26,6.63,6.70,6.22,589987,382548864.00,7.62,5.24,0.33,9.22
2019-02-25,6.85,7.29,7.29,6.65,1110325,779211136.00,9.65,9.95,0.66,17.35
2019-02-26,7.26,7.01,7.26,7.00,788875,560008048.00,3.57,-3.84,-0.28,12.33
2019-02-27,7.00,7.37,7.65,7.00,972526,715197056.00,9.27,5.14,0.36,15.20
2019-02-28,7.20,7.65,8.11,7.08,1280743,991133520.00,13.98,3.80,0.28,20.01
2019-03-01,7.41,7.57,7.87,7.35,837241,631154048.00,6.80,-1.05,-0.08,4.60
2019-03-04,7.60,7.69,8.09,7.52,895120,696474864.00,7.53,1.59,0.12,4.92
2019-03-05,7.43,7.55,7.56,7.29,733841,544664896.00,3.51,-1.82,-0.14,4.03
2019-03-06,7.49,7.80,7.90,7.46,796997,614213984.00,5.83,3.31,0.25,4.38
2019-03-07,7.72,8.15,8.48,7.60,975230,784693248.00,11.28,4.49,0.35,5.36
2019-03-08,7.80,7.40,7.98,7.38,810372,624622064.00,7.36,-9.20,-0.75,4.45
2019-03-11,7.41,7.65,7.66,7.39,359257,270922976.00,3.65,3.38,0.25,1.97
2019-03-12,7.70,7.74,7.98,7.62,512373,399582304.00,4.71,1.18,0.09,2.81
2019-03-13,7.64,7.40,7.70,7.30,417524,314091264.00,5.17,-4.39,-0.34,2.29
2019-03-14,7.43,7.24,7.55,7.14,287853,209867195.00,5.54,-2.16,-0.16,1.58
2019-03-15,7.30,7.36,7.49,7.28,254266,187471379.00,2.90,1.66,0.12,1.40
2019-03-18,7.38,7.55,7.60,7.25,302511,226317994.00,4.76,2.58,0.19,1.66
2019-03-19,7.54,7.57,7.78,7.49,279194,213415018.00,3.84,0.26,0.02,1.53
2019-03-20,7.57,7.64,7.66,7.36,322011,242574806.00,3.96,0.92,0.07,1.77
2019-03-21,7.63,7.74,7.87,7.58,474164,367948240.00,3.80,1.31,0.10,2.60
2019-03-22,7.68,7.57,7.74,7.40,331636,250906110.00,4.39,-2.20,-0.17,1.82
2019-03-25,7.46,7.29,7.49,7.26,281447,207901882.00,3.04,-3.70,-0.28,1.55
2019-03-26,7.34,7.04,7.37,7.02,222523,159750458.00,4.80,-3.43,-0.25,1.22
2019-03-27,7.07,7.00,7.11,6.90,187854,131512896.00,2.98,-0.57,-0.04,1.03
2019-03-28,6.98,6.90,7.03,6.85,175128,121696021.00,2.57,-1.43,-0.10,0.96
2019-03-29,6.92,7.23,7.24,6.90,324180,230488325.00,4.93,4.78,0.33,1.78
2019-04-01,7.25,7.38,7.45,7.17,320858,235865299.00,3.87,2.07,0.15,1.76
2019-04-02,7.46,7.45,7.69,7.38,432225,325121760.00,4.20,0.95,0.07,2.37
2019-04-03,7.36,7.54,7.60,7.31,315796,236938532.00,3.89,1.21,0.09,1.73
2019-04-04,7.52,7.51,7.63,7.49,352928,266108323.00,1.86,-0.40,-0.03,1.94
2019-04-08,7.52,7.41,7.63,7.30,347479,259842685.00,4.39,-1.33,-0.10,1.91
2019-04-09,7.41,7.47,7.55,7.36,214213,159786915.00,2.56,0.81,0.06,1.18
2019-04-10,7.46,7.35,7.46,7.25,248935,182298949.00,2.81,-1.61,-0.12,1.37
2019-04-11,7.44,7.32,7.47,7.25,252498,186298423.00,2.99,-0.41,-0.03,1.39
2019-04-12,7.31,7.39,7.45,7.26,220402,162024209.00,2.60,0.96,0.07,1.21
2019-04-15,7.53,7.55,7.83,7.46,576642,442451760.00,5.01,2.17,0.16,3.17
2019-04-16,7.40,7.61,7.68,7.20,498206,370231248.00,6.36,0.79,0.06,2.74
2019-04-17,7.57,7.63,7.74,7.51,360428,274722512.00,3.02,0.26,0.02,1.98
2019-04-18,7.63,7.52,7.71,7.50,209037,158550912.00,2.75,-1.44,-0.11,1.15
2019-04-19,7.51,7.52,7.59,7.43,224026,168288802.00,2.13,0.00,0.00,1.23
2019-04-22,7.56,7.30,7.57,7.23,276040,203881305.00,4.52,-2.93,-0.22,1.52
2019-04-23,7.30,7.25,7.39,7.21,169039,123140823.00,2.47,-0.68,-0.05,0.93
2019-04-24,7.27,7.30,7.35,7.18,141825,102923258.00,2.34,0.69,0.05,0.78
2019-04-25,7.32,7.02,7.32,6.97,192987,138053502.00,4.79,-3.84,-0.28,1.06
2019-04-26,7.03,6.88,7.06,6.88,176867,122920221.00,2.56,-1.99,-0.14,0.97
2019-04-29,6.88,6.63,6.93,6.60,188300,127298372.00,4.80,-3.63,-0.25,1.03
2019-04-30,6.62,6.75,6.79,6.60,130108,87402549.00,2.87,1.81,0.12,0.71
2019-05-06,6.66,6.27,6.66,6.10,250871,160376176.00,8.30,-7.11,-0.48,1.38
2019-05-07,6.28,6.39,6.43,6.23,132673,84096710.00,3.19,1.91,0.12,0.73
2019-05-08,6.27,6.25,6.45,6.19,171645,108288600.00,4.07,-2.19,-0.14,0.94
2019-05-09,6.30,6.22,6.31,6.20,98376,61531522.00,1.76,-0.48,-0.03,0.54
2019-05-10,6.28,6.37,6.39,6.20,177961,112610565.00,3.05,2.41,0.15,0.98
2019-05-13,6.31,6.29,6.35,6.26,113106,71201808.00,1.41,-1.26,-0.08,0.62
2019-05-14,6.21,6.24,6.31,6.19,111684,69864542.00,1.91,-0.79,-0.05,0.61
2019-05-15,6.30,6.33,6.34,6.26,131746,83116691.00,1.28,1.44,0.09,0.72
2019-05-16,6.31,6.32,6.36,6.28,132477,83773477.00,1.26,-0.16,-0.01,0.73
2019-05-17,6.32,6.05,6.34,6.03,173485,107307270.00,4.91,-4.27,-0.27,0.95
2019-05-20,6.03,6.11,6.12,5.96,121100,73051833.00,2.64,0.99,0.06,0.67
2019-05-21,6.10,6.20,6.26,6.07,113252,69879260.00,3.11,1.47,0.09,0.62
2019-05-22,6.21,6.12,6.21,6.07,90803,55632634.00,2.26,-1.29,-0.08,0.50
2019-05-23,6.08,6.03,6.14,6.01,82245,49874625.00,2.12,-1.47,-0.09,0.45
2019-05-24,6.03,6.07,6.10,6.01,69532,42116301.00,1.49,0.66,0.04,0.38
2019-05-27,6.03,6.18,6.20,6.02,105534,64625567.00,2.97,1.81,0.11,0.58
2019-05-28,6.15,6.15,6.23,6.13,94989,58701847.00,1.62,-0.49,-0.03,0.52
2019-05-29,6.13,6.24,6.27,6.13,137034,85175766.00,2.28,1.46,0.09,0.75
2019-05-30,6.21,6.17,6.23,6.08,117803,72224226.00,2.40,-1.12,-0.07,0.65
2019-05-31,6.16,6.15,6.20,6.14,68240,42063007.00,0.97,-0.32,-0.02,0.37
2019-06-03,6.15,6.12,6.20,6.09,65067,39899370.00,1.79,-0.49,-0.03,0.36
2019-06-04,6.12,6.07,6.14,6.04,60526,36814216.00,1.63,-0.82,-0.05,0.33
2019-06-05,6.09,6.07,6.14,6.05,82959,50502621.00,1.48,0.00,0.00,0.46
2019-06-06,6.09,5.94,6.09,5.93,90694,54349294.00,2.64,-2.14,-0.13,0.50
2019-06-10,5.94,5.96,6.01,5.93,63641,37950834.00,1.35,0.34,0.02,0.35
2019-06-11,5.97,6.16,6.16,5.97,132227,80610465.00,3.19,3.36,0.20,0.73
2019-06-12,6.14,6.12,6.18,6.10,93195,57136715.00,1.30,-0.65,-0.04,0.51
2019-06-13,6.14,6.16,6.19,6.08,92008,56525628.00,1.80,0.65,0.04,0.51
2019-06-14,6.17,6.08,6.17,6.08,83983,51481320.00,1.46,-1.30,-0.08,0.46
2019-06-17,6.08,6.12,6.14,6.07,53751,32851770.00,1.15,0.66,0.04,0.30
2019-06-18,6.14,6.20,6.22,6.13,96058,59374722.00,1.47,1.31,0.08,0.53
2019-06-19,6.32,6.24,6.40,6.23,155169,97756533.00,2.74,0.65,0.04,0.85
2019-06-20,6.23,6.52,6.67,6.23,307197,199001934.00,7.05,4.49,0.28,1.69
2019-06-21,6.51,6.62,6.63,6.46,225211,147509124.00,2.61,1.53,0.10,1.24
2019-06-24,6.38,6.28,6.38,6.26,152914,96361701.00,1.81,-5.14,-0.34,0.84
2019-06-25,6.28,6.17,6.28,6.10,147977,91308998.00,2.87,-1.75,-0.11,0.81
2019-06-26,6.17,6.15,6.20,6.12,88203,54352245.00,1.30,-0.32,-0.02,0.48
2019-06-27,6.16,6.19,6.25,6.14,110738,68763896.00,1.79,0.65,0.04,0.61
2019-06-28,6.19,6.09,6.19,6.03,124995,76207540.00,2.58,-1.62,-0.10,0.69
2019-07-01,6.20,6.27,6.30,6.18,168582,105273314.00,1.97,2.96,0.18,0.93
2019-07-02,6.31,6.28,6.32,6.25,133584,83887890.00,1.12,0.16,0.01,0.73
2019-07-03,6.29,6.21,6.29,6.18,99884,62068494.00,1.75,-1.11,-0.07,0.55
2019-07-04,6.22,6.19,6.26,6.14,87347,54226110.00,1.93,-0.32,-0.02,0.48
2019-07-05,6.22,6.19,6.23,6.15,57931,35860329.00,1.29,0.00,0.00,0.32
2019-07-08,6.19,6.02,6.19,6.01,134146,81529363.00,2.91,-2.75,-0.17,0.74
2019-07-09,6.02,6.06,6.07,6.01,69895,42219810.00,1.00,0.66,0.04,0.38
2019-07-10,6.08,6.06,6.09,6.03,65870,39919599.00,0.99,0.00,0.00,0.36
2019-07-11,6.08,6.01,6.11,5.98,81188,48996694.00,2.15,-0.83,-0.05,0.45
2019-07-12,6.02,6.01,6.05,5.96,67477,40546284.00,1.50,0.00,0.00,0.37
2019-07-15,6.03,6.09,6.13,5.95,107700,65240485.00,3.00,1.33,0.08,0.59
2019-07-16,6.09,6.10,6.13,6.07,51456,31380031.00,0.99,0.16,0.01,0.28
2019-07-17,6.09,6.12,6.15,6.07,65649,40094900.00,1.31,0.33,0.02,0.36
2019-07-18,6.08,6.02,6.12,6.02,64850,39264320.00,1.63,-1.63,-0.10,0.36
2019-07-19,6.01,6.04,6.13,6.00,73553,44604833.00,2.16,0.33,0.02,0.40
2019-07-22,6.06,5.93,6.07,5.89,102285,60824675.00,2.98,-1.82,-0.11,0.56
2019-07-23,5.92,5.98,5.98,5.91,40428,24088890.00,1.18,0.84,0.05,0.22
2019-07-24,6.00,6.05,6.09,5.99,73095,44285260.00,1.67,1.17,0.07,0.40
2019-07-25,6.07,6.10,6.11,6.04,79023,48089380.00,1.16,0.83,0.05,0.43
2019-07-26,6.09,6.15,6.20,6.07,93456,57348053.00,2.13,0.82,0.05,0.51
2019-07-29,6.13,6.12,6.16,6.08,61942,37836562.00,1.30,-0.49,-0.03,0.34
2019-07-30,6.15,6.26,6.37,6.12,243994,152740482.00,4.08,2.29,0.14,1.34
2019-07-31,6.20,6.14,6.22,6.14,121084,74717166.00,1.28,-1.92,-0.12,0.67
2019-08-01,6.14,6.11,6.20,6.08,117511,71969240.00,1.95,-0.49,-0.03,0.65
2019-08-02,6.03,6.00,6.05,5.95,150229,90067119.00,1.64,-1.80,-0.11,0.83
2019-08-05,5.96,5.90,6.01,5.90,92051,54668715.00,1.83,-1.67,-0.10,0.51
2019-08-06,5.85,5.66,5.85,5.53,189161,107528502.00,5.42,-4.07,-0.24,1.04
2019-08-07,5.69,5.64,5.70,5.62,48570,27482808.00,1.41,-0.35,-0.02,0.27
2019-08-08,5.67,5.69,5.74,5.66,66069,37702164.00,1.42,0.89,0.05,0.36
2019-08-09,5.77,5.69,5.83,5.69,114166,65769069.00,2.46,0.00,0.00,0.63
2019-08-12,5.74,5.81,5.85,5.72,92154,53401433.00,2.28,2.11,0.12,0.51
2019-08-13,5.79,5.84,5.89,5.74,89566,52205675.00,2.58,0.52,0.03,0.49
2019-08-14,5.89,5.84,5.94,5.81,75917,44626204.00,2.23,0.00,0.00,0.42
2019-08-15,5.70,5.88,5.91,5.70,84253,48888294.00,3.60,0.68,0.04,0.46
2019-08-16,5.92,5.90,5.94,5.86,75228,44392102.00,1.36,0.34,0.02,0.41
2019-08-19,5.95,6.05,6.06,5.85,165873,99120345.00,3.56,2.54,0.15,0.91
2019-08-20,6.03,6.00,6.07,6.00,92072,55571312.00,1.16,-0.83,-0.05,0.51
2019-08-21,5.99,5.92,5.99,5.91,84073,49959295.00,1.33,-1.33,-0.08,0.46
2019-08-22,5.95,5.89,5.96,5.80,118027,69269173.00,2.70,-0.51,-0.03,0.65
2019-08-23,5.88,5.88,5.94,5.85,82004,48362807.00,1.53,-0.17,-0.01,0.45
2019-08-26,5.78,5.81,5.82,5.76,83852,48540562.00,1.02,-1.19,-0.07,0.46
2019-08-27,5.84,5.90,5.95,5.81,92837,54788701.00,2.41,1.55,0.09,0.51
2019-08-28,5.88,5.87,5.91,5.86,54279,31966488.00,0.85,-0.51,-0.03,0.30
2019-08-29,5.90,5.87,5.91,5.85,62963,36967511.00,1.02,0.00,0.00,0.35
2019-08-30,5.91,5.84,5.93,5.80,70903,41554911.00,2.21,-0.51,-0.03,0.39
2019-09-02,5.79,5.96,5.96,5.79,99816,59065216.00,2.91,2.05,0.12,0.55
2019-09-03,5.95,5.98,5.98,5.90,87585,52188074.00,1.34,0.34,0.02,0.48
2019-09-04,5.98,6.05,6.09,5.95,149954,90481521.00,2.34,1.17,0.07,0.82
2019-09-05,6.08,6.13,6.28,6.07,294815,182488649.00,3.47,1.32,0.08,1.62
2019-09-06,6.16,6.13,6.19,6.08,137228,83926577.00,1.79,0.00,0.00,0.75
2019-09-09,6.20,6.16,6.21,6.11,127114,78280533.00,1.63,0.49,0.03,0.70
2019-09-10,6.17,6.15,6.18,6.09,139696,85653571.00,1.46,-0.16,-0.01,0.77
2019-09-11,6.23,6.58,6.73,6.23,738776,482668128.00,8.13,6.99,0.43,4.06
2019-09-12,6.50,6.41,6.53,6.37,363657,234414070.00,2.43,-2.58,-0.17,2.00
2019-09-16,6.45,6.35,6.47,6.33,230075,147176215.00,2.18,-0.94,-0.06,1.26
2019-09-17,6.33,6.21,6.35,6.20,199700,125078581.00,2.36,-2.20,-0.14,1.10
2019-09-18,6.10,6.05,6.12,6.04,244641,148621851.00,1.29,-2.58,-0.16,1.34
2019-09-19,6.07,6.07,6.08,6.02,117127,70904939.00,0.99,0.33,0.02,0.64
2019-09-20,6.07,6.03,6.09,6.01,129382,78125234.00,1.32,-0.66,-0.04,0.71
2019-09-23,6.03,5.92,6.04,5.90,120677,71574083.00,2.32,-1.82,-0.11,0.66
2019-09-24,5.90,5.93,5.98,5.90,89308,53097683.00,1.35,0.17,0.01,0.49
2019-09-25,5.90,5.85,5.92,5.85,67278,39516415.00,1.18,-1.35,-0.08,0.37
2019-09-26,5.86,5.82,5.88,5.81,91127,53247968.00,1.20,-0.51,-0.03,0.50
2019-09-27,5.81,5.82,5.85,5.81,57794,33684608.00,0.69,0.00,0.00,0.32
2019-09-30,5.82,5.74,5.85,5.73,73969,42840199.00,2.06,-1.37,-0.08,0.41
2019-10-08,5.78,5.81,5.84,5.74,65859,38226853.00,1.74,1.22,0.07,0.36
2019-10-09,5.80,5.84,5.87,5.77,67474,39359460.00,1.72,0.52,0.03,0.37
2019-10-10,5.84,5.89,5.90,5.82,68445,40164986.00,1.37,0.86,0.05,0.38
2019-10-11,5.90,5.90,5.92,5.84,83588,49194259.00,1.36,0.17,0.01,0.46
2019-10-14,5.94,6.08,6.14,5.94,234581,142454784.00,3.39,3.05,0.18,1.29
2019-10-15,6.07,6.01,6.07,5.99,108374,65236546.00,1.32,-1.15,-0.07,0.60
2019-10-16,6.03,6.00,6.11,5.98,97576,58926469.00,2.16,-0.17,-0.01,0.54
2019-10-17,5.98,5.94,5.99,5.92,79760,47441812.00,1.17,-1.00,-0.06,0.44
2019-10-18,5.92,5.83,5.98,5.81,93604,55054679.00,2.86,-1.85,-0.11,0.51
2019-10-21,5.83,5.87,5.88,5.73,69350,40377517.00,2.57,0.69,0.04,0.38
2019-10-22,5.83,5.88,5.90,5.83,56479,33145790.00,1.19,0.17,0.01,0.31
2019-10-23,5.88,5.83,5.89,5.81,46387,27120116.00,1.36,-0.85,-0.05,0.25
2019-10-24,5.82,5.86,5.87,5.81,45888,26793727.00,1.03,0.51,0.03,0.25
2019-10-25,5.87,5.97,5.99,5.85,113033,66919117.00,2.39,1.88,0.11,0.62
2019-10-28,5.96,6.09,6.09,5.95,158509,96032398.00,2.35,2.01,0.12,0.87
2019-10-29,6.08,6.04,6.09,6.03,95896,58090469.00,0.99,-0.82,-0.05,0.53
2019-10-30,6.06,5.97,6.07,5.96,68029,40752915.00,1.82,-1.16,-0.07,0.37
2019-10-31,6.02,5.94,6.03,5.93,65333,38953574.00,1.68,-0.50,-0.03,0.36
2019-11-01,5.92,5.98,6.00,5.90,72855,43479297.00,1.68,0.67,0.04,0.40
2019-11-04,5.99,6.04,6.09,5.99,118186,71599172.00,1.67,1.00,0.06,0.65
2019-11-05,6.07,6.09,6.12,6.02,123606,75277860.00,1.66,0.83,0.05,0.68
2019-11-06,6.07,5.99,6.10,5.97,117126,70770737.00,2.13,-1.64,-0.10,0.64
2019-11-07,6.00,6.06,6.09,5.95,92392,55934157.00,2.34,1.17,0.07,0.51
2019-11-08,6.11,6.03,6.11,6.02,85644,51921384.00,1.49,-0.50,-0.03,0.47
2019-11-11,6.00,5.90,6.00,5.88,104439,61967246.00,1.99,-2.16,-0.13,0.57
2019-11-12,5.90,5.94,5.95,5.86,55998,33093924.00,1.53,0.68,0.04,0.31
2019-11-13,5.96,5.89,5.96,5.87,47224,27845025.00,1.52,-0.84,-0.05,0.26
2019-11-14,5.92,5.94,5.96,5.90,48170,28580954.00,1.02,0.85,0.05,0.26
2019-11-15,5.94,5.90,5.96,5.89,53143,31491107.00,1.18,-0.67,-0.04,0.29
2019-11-18,5.88,5.90,5.94,5.83,55452,32674872.00,1.86,0.00,0.00,0.30
2019-11-19,5.92,5.99,6.00,5.89,72260,43053920.00,1.86,1.53,0.09,0.40
2019-11-20,5.99,5.93,6.01,5.91,57611,34296469.00,1.67,-1.00,-0.06,0.32
2019-11-21,5.90,5.92,5.93,5.88,47609,28123721.00,0.84,-0.17,-0.01,0.26
2019-11-22,5.92,5.86,5.98,5.84,69821,41176663.00,2.36,-1.01,-0.06,0.38
2019-11-25,5.82,5.90,5.90,5.82,49928,29292652.00,1.37,0.68,0.04,0.27
2019-11-26,5.90,5.94,5.95,5.86,52307,30959840.00,1.53,0.68,0.04,0.29
2019-11-27,5.95,5.95,5.98,5.89,72906,43334979.00,1.52,0.17,0.01,0.40
2019-11-28,5.95,5.96,5.99,5.94,67915,40521472.00,0.84,0.17,0.01,0.37
2019-11-29,5.94,6.00,6.01,5.94,96836,57997751.00,1.17,0.67,0.04,0.53
2019-12-02,6.01,5.99,6.04,5.95,78090,46770340.00,1.50,-0.17,-0.01,0.43
2019-12-03,5.94,5.94,5.96,5.90,47247,27980872.00,1.00,-0.83,-0.05,0.26
2019-12-04,5.91,5.97,5.97,5.91,42278,25167754.00,1.01,0.51,0.03,0.23
2019-12-05,5.99,6.02,6.02,5.97,63698,38229414.00,0.84,0.84,0.05,0.35
2019-12-06,6.03,6.00,6.03,5.98,45288,27174928.00,0.83,-0.33,-0.02,0.25
2019-12-09,6.00,5.96,6.01,5.95,62798,37544810.00,1.00,-0.67,-0.04,0.34
2019-12-10,5.95,5.94,5.96,5.91,68016,40342742.00,0.84,-0.34,-0.02,0.37
2019-12-11,5.94,5.93,5.96,5.91,57866,34316439.00,0.84,-0.17,-0.01,0.32
2019-12-12,5.92,5.93,5.95,5.90,67322,39902284.00,0.84,0.00,0.00,0.37
2019-12-13,5.95,6.03,6.05,5.92,231295,139072451.00,2.19,1.69,0.10,1.27
2019-12-16,6.03,6.06,6.07,5.98,208185,125598506.00,1.49,0.50,0.03,1.14
2019-12-17,6.07,6.22,6.33,6.03,469877,290925168.00,4.95,2.64,0.16,2.58
2019-12-18,6.20,6.22,6.29,6.17,261981,163332518.00,1.93,0.00,0.00,1.44
2019-12-19,6.21,6.23,6.25,6.19,146910,91420643.00,0.96,0.16,0.01,0.81
2019-12-20,6.22,6.18,6.27,6.18,186042,115884716.00,1.44,-0.80,-0.05,1.02
2019-12-23,6.26,6.15,6.35,6.13,291697,182472099.00,3.56,-0.49,-0.03,1.60
2019-12-24,6.18,6.19,6.23,6.10,140161,86235565.00,2.11,0.65,0.04,0.77
2019-12-25,6.18,6.18,6.20,6.12,102212,63005050.00,1.29,-0.16,-0.01,0.56
2019-12-26,6.18,6.22,6.23,6.15,128417,79564756.00,1.29,0.65,0.04,0.71
2019-12-27,6.24,6.30,6.46,6.22,374191,238209279.00,3.86,1.29,0.08,2.06
2019-12-30,6.30,6.37,6.41,6.23,265875,168110621.00,2.86,1.11,0.07,1.46
2019-12-31,6.34,6.32,6.43,6.26,199926,126597127.00,2.67,-0.78,-0.05,1.10
2020-01-02,6.38,6.34,6.42,6.32,248523,158234065.00,1.58,0.32,0.02,1.37
2020-01-03,6.35,6.34,6.38,6.28,175847,111270423.00,1.58,0.00,0.00,0.97
2020-01-06,6.29,6.29,6.37,6.25,218775,138258130.00,1.89,-0.79,-0.05,1.20
2020-01-07,6.31,6.33,6.36,6.27,175332,110742500.00,1.43,0.64,0.04,0.96
2020-01-08,6.31,6.13,6.32,6.12,272129,168885169.00,3.16,-3.16,-0.20,1.49
2020-01-09,6.17,6.17,6.22,6.13,175589,108428927.00,1.47,0.65,0.04,0.96
2020-01-10,6.20,6.14,6.20,6.12,145173,89256679.00,1.30,-0.49,-0.03,0.80
2020-01-13,6.13,6.18,6.18,6.05,214578,131076624.00,2.12,0.65,0.04,1.18
2020-01-14,6.18,6.24,6.29,6.18,235494,147097639.00,1.78,0.97,0.06,1.29
2020-01-15,6.23,6.17,6.27,6.14,122986,76124015.00,2.08,-1.12,-0.07,0.68
2020-01-16,6.20,6.13,6.21,6.11,99048,61018704.00,1.62,-0.65,-0.04,0.54
2020-01-17,6.14,6.11,6.17,6.11,92350,56596983.00,0.98,-0.33,-0.02,0.51
2020-01-20,6.12,6.15,6.15,6.08,101569,62219125.00,1.15,0.65,0.04,0.56
2020-01-21,6.14,6.11,6.14,6.08,104259,63688627.00,0.98,-0.65,-0.04,0.57
2020-01-22,6.07,6.06,6.11,6.01,127748,77332210.00,1.64,-0.82,-0.05,0.70
2020-01-23,6.04,5.88,6.04,5.85,194835,115847416.00,3.14,-2.97,-0.18,1.07
2020-02-03,5.29,5.29,5.37,5.29,131982,69851210.00,1.36,-10.03,-0.59,0.72
2020-02-04,5.10,5.27,5.35,5.09,208540,109968738.00,4.91,-0.38,-0.02,1.15
2020-02-05,5.28,5.32,5.43,5.24,182932,97698755.00,3.61,0.95,0.05,1.00
2020-02-06,5.33,5.37,5.39,5.27,177553,94756909.00,2.26,0.94,0.05,0.98
2020-02-07,5.35,5.35,5.38,5.29,141009,75280603.00,1.68,-0.37,-0.02,0.77
2020-02-10,5.35,5.41,5.41,5.32,189553,101775235.00,1.68,1.12,0.06,1.04
2020-02-11,5.42,5.36,5.49,5.33,249859,134984825.00,2.96,-0.92,-0.05,1.37
2020-02-12,5.38,5.39,5.41,5.32,169252,90929226.00,1.68,0.56,0.03,0.93
2020-02-13,5.39,5.33,5.42,5.33,135278,72580346.00,1.67,-1.11,-0.06,0.74
2020-02-14,5.34,5.40,5.42,5.33,227269,122250400.00,1.69,1.31,0.07,1.25
2020-02-17,5.42,5.58,5.59,5.42,256394,141332059.00,3.15,3.33,0.18,1.41
2020-02-18,5.60,5.59,5.69,5.55,241499,135344880.00,2.51,0.18,0.01,1.33
2020-02-19,5.64,5.64,5.73,5.58,217031,123010159.00,2.68,0.89,0.05,1.19
2020-02-20,5.64,5.83,5.84,5.62,287486,164557761.00,3.90,3.37,0.19,1.58
2020-02-21,5.86,5.77,5.88,5.76,264195,153479635.00,2.06,-1.03,-0.06,1.45
2020-02-24,5.75,5.72,5.78,5.68,198518,113632712.00,1.73,-0.87,-0.05,1.09
2020-02-25,5.62,5.67,5.68,5.57,230448,129706018.00,1.92,-0.87,-0.05,1.27
2020-02-26,5.60,5.68,5.74,5.58,218260,123968933.00,2.82,0.18,0.01,1.20
2020-02-27,5.68,5.66,5.76,5.64,142432,81144924.00,2.11,-0.35,-0.02,0.78
2020-02-28,5.56,5.37,5.59,5.34,236784,129696122.00,4.42,-5.12,-0.29,1.30
2020-03-02,5.40,5.54,5.57,5.40,161474,89065062.00,3.17,3.17,0.17,0.89
2020-03-03,5.58,5.55,5.65,5.54,159706,89258851.00,1.99,0.18,0.01,0.88
2020-03-04,5.54,5.62,5.64,5.54,116150,64937315.00,1.80,1.26,0.07,0.64
2020-03-05,5.66,5.81,5.85,5.64,259430,149651697.00,3.74,3.38,0.19,1.43
2020-03-06,5.76,5.72,5.77,5.69,154984,88708541.00,1.38,-1.55,-0.09,0.85
2020-03-09,5.64,5.54,5.67,5.51,165616,92455468.00,2.80,-3.15,-0.18,0.91
2020-03-10,5.46,5.62,5.63,5.46,179192,99641582.00,3.07,1.44,0.08,0.98
2020-03-11,5.62,5.54,5.64,5.53,140653,78496936.00,1.96,-1.42,-0.08,0.77
2020-03-12,5.52,5.59,5.65,5.49,204926,113891539.00,2.89,0.90,0.05,1.13
2020-03-13,5.42,5.51,5.54,5.32,180253,97843066.00,3.94,-1.43,-0.08,0.99
2020-03-16,5.51,5.28,5.52,5.26,170020,91994355.00,4.72,-4.17,-0.23,0.93
2020-03-17,5.28,5.23,5.39,5.18,153275,80601987.00,3.98,-0.95,-0.05,0.84
2020-03-18,5.27,5.13,5.28,5.12,190030,98986668.00,3.06,-1.91,-0.10,1.04
2020-03-19,5.11,5.11,5.18,5.05,119348,61123339.00,2.53,-0.39,-0.02,0.66
2020-03-20,5.17,5.19,5.20,5.09,85999,44269391.00,2.15,1.57,0.08,0.47
2020-03-23,5.10,5.04,5.14,5.03,120492,61217757.00,2.12,-2.89,-0.15,0.66
2020-03-24,5.10,5.15,5.16,5.07,108760,55738323.00,1.79,2.18,0.11,0.60
2020-03-25,5.22,5.22,5.25,5.18,98990,51656781.00,1.36,1.36,0.07,0.54
2020-03-26,5.22,5.13,5.22,5.13,78521,40534486.00,1.72,-1.72,-0.09,0.43
2020-03-27,5.19,5.16,5.22,5.15,81327,42136441.00,1.36,0.58,0.03,0.45
2020-03-30,5.12,5.11,5.14,5.06,77078,39269840.00,1.55,-0.97,-0.05,0.43
2020-03-31,5.16,5.09,5.17,5.09,65500,33612038.00,1.57,-0.39,-0.02,0.37
2020-04-01,5.15,5.10,5.21,5.10,74753,38532676.00,2.16,0.20,0.01,0.42
2020-04-02,5.07,5.17,5.18,5.07,87017,44754975.00,2.16,1.37,0.07,0.49
2020-04-03,5.18,5.15,5.18,5.10,72069,36997377.00,1.55,-0.39,-0.02,0.40
2020-04-07,5.20,5.23,5.27,5.19,114336,59802456.00,1.55,1.55,0.08,0.64
2020-04-08,5.21,5.23,5.23,5.16,101281,52565861.00,1.34,0.00,0.00,0.57
2020-04-09,5.21,5.24,5.28,5.21,121990,63962943.00,1.34,0.19,0.01,0.68
2020-04-10,5.23,5.16,5.24,5.15,89750,46515677.00,1.72,-1.53,-0.08,0.50
2020-04-13,5.13,5.12,5.15,5.10,55898,28615804.00,0.97,-0.78,-0.04,0.31
2020-04-14,5.13,5.16,5.17,5.11,62853,32314750.00,1.17,0.78,0.04,0.35
2020-04-15,5.16,5.12,5.16,5.10,69227,35484918.00,1.16,-0.78,-0.04,0.39
2020-04-16,5.11,5.12,5.14,5.09,65687,33598672.00,0.98,0.00,0.00,0.37
2020-04-17,5.14,5.14,5.17,5.12,73305,37733551.00,0.98,0.39,0.02,0.41
2020-04-20,5.14,5.15,5.17,5.11,65739,33807549.00,1.17,0.19,0.01,0.37
2020-04-21,5.16,5.09,5.16,5.06,97567,49669189.00,1.94,-1.17,-0.06,0.54
2020-04-22,5.09,5.11,5.12,5.05,57630,29310957.00,1.38,0.39,0.02,0.32
2020-04-23,5.12,5.09,5.12,5.08,51970,26470289.00,0.78,-0.39,-0.02,0.29
2020-04-24,5.07,5.03,5.10,5.00,79927,40307317.00,1.96,-1.18,-0.06,0.45
2020-04-27,5.03,5.02,5.08,5.01,64241,32430583.00,1.39,-0.20,-0.01,0.36
2020-04-28,5.03,4.94,5.04,4.88,103281,51209375.00,3.19,-1.59,-0.08,0.58
2020-04-29,4.97,5.12,5.15,4.95,132319,67305355.00,4.05,3.64,0.18,0.74
2020-04-30,5.20,5.25,5.31,5.20,165135,86732495.00,2.15,2.54,0.13,0.92
2020-05-06,5.21,5.37,5.41,5.20,209651,112088990.00,4.00,2.29,0.12,1.17
2020-05-07,5.35,5.34,5.37,5.29,147082,78355891.00,1.49,-0.56,-0.03,0.82
2020-05-08,5.37,5.37,5.39,5.32,140337,75225881.00,1.31,0.56,0.03,0.78
2020-05-11,5.39,5.33,5.41,5.30,97582,52185516.00,2.05,-0.74,-0.04,0.54
2020-05-12,5.34,5.27,5.36,5.24,141653,74835350.00,2.25,-1.13,-0.06,0.79
2020-05-13,5.27,5.28,5.30,5.24,82515,43546132.00,1.14,0.19,0.01,0.46
2020-05-14,5.28,5.20,5.29,5.20,88283,46273404.00,1.70,-1.52,-0.08,0.49
2020-05-15,5.24,5.39,5.45,5.24,230464,123762523.00,4.04,3.65,0.19,1.29
2020-05-18,5.37,5.38,5.48,5.32,187948,101577463.00,2.97,-0.19,-0.01,1.05
2020-05-19,5.44,5.39,5.45,5.35,112977,60941334.00,1.86,0.19,0.01,0.63
2020-05-20,5.41,5.47,5.59,5.35,210428,115348981.00,4.45,1.48,0.08,1.17
2020-05-21,5.47,5.53,5.61,5.43,242535,134241925.00,3.29,1.10,0.06,1.35
2020-05-22,5.50,5.32,5.51,5.31,188446,101659916.00,3.62,-3.80,-0.21,1.05
2020-05-25,5.35,5.47,5.51,5.34,142315,77455362.00,3.20,2.82,0.15,0.79
2020-05-26,5.48,5.50,5.52,5.43,120825,66034505.00,1.65,0.55,0.03,0.67
2020-05-27,5.50,5.39,5.50,5.38,104871,56903123.00,2.18,-2.00,-0.11,0.59
2020-05-28,5.33,5.41,5.48,5.28,177424,95330322.00,3.71,0.37,0.02,0.99
2020-05-29,5.40,5.35,5.42,5.33,94475,50733955.00,1.66,-1.11,-0.06,0.53
2020-06-01,5.38,5.50,5.55,5.37,195043,107029536.00,3.36,2.80,0.15,1.09
2020-06-02,5.50,5.49,5.54,5.45,123636,67849651.00,1.64,-0.18,-0.01,0.69
2020-06-03,5.49,5.40,5.52,5.40,126827,69429538.00,2.19,-1.64,-0.09,0.71
2020-06-04,5.45,5.44,5.46,5.41,78722,42794378.00,0.93,0.74,0.04,0.44
2020-06-05,5.45,5.40,5.46,5.37,87488,47231030.00,1.65,-0.74,-0.04,0.49
2020-06-08,5.43,5.38,5.45,5.38,81736,44204491.00,1.30,-0.37,-0.02,0.46
2020-06-09,5.39,5.42,5.44,5.37,77411,41860951.00,1.30,0.74,0.04,0.43
2020-06-10,5.43,5.38,5.43,5.35,78234,42070354.00,1.48,-0.74,-0.04,0.44
2020-06-11,5.36,5.32,5.42,5.31,92412,49488375.00,2.04,-1.12,-0.06,0.52
2020-06-12,5.27,5.29,5.32,5.25,87806,46458670.00,1.32,-0.56,-0.03,0.49
2020-06-15,5.29,5.26,5.34,5.25,102088,53964468.00,1.70,-0.57,-0.03,0.57
2020-06-16,5.31,5.36,5.37,5.31,95916,51181482.00,1.14,1.90,0.10,0.54
2020-06-17,5.36,5.36,5.38,5.32,80384,43036773.00,1.12,0.00,0.00,0.45
2020-06-18,5.37,5.43,5.45,5.35,98594,53279656.00,1.87,1.31,0.07,0.55
2020-06-19,5.42,5.44,5.47,5.41,138518,75396707.00,1.10,0.18,0.01,0.77
2020-06-22,5.21,5.22,5.32,5.17,181454,95207526.00,2.76,-4.04,-0.22,1.01
2020-06-23,5.25,5.28,5.31,5.20,125168,65823696.00,2.11,1.15,0.06,0.70
2020-06-24,5.30,5.27,5.35,5.25,108132,57219015.00,1.89,-0.19,-0.01,0.60
2020-06-29,5.25,5.18,5.26,5.17,98497,51148399.00,1.71,-1.71,-0.09,0.55
2020-06-30,5.21,5.21,5.26,5.17,116801,60926093.00,1.74,0.58,0.03,0.65
2020-07-01,5.20,5.25,5.28,5.18,137072,71648381.00,1.92,0.77,0.04,0.77
2020-07-02,5.25,5.53,5.54,5.24,381345,206762183.00,5.71,5.33,0.28,2.13
2020-07-03,5.55,5.68,5.74,5.53,506512,286110368.00,3.80,2.71,0.15,2.83
2020-07-06,5.82,6.25,6.25,5.78,984659,598591872.00,8.27,10.04,0.57,5.50
2020-07-07,6.32,6.14,6.36,6.12,578731,359950480.00,3.84,-1.76,-0.11,3.23
2020-07-08,6.12,6.30,6.35,6.12,454796,284304944.00,3.75,2.61,0.16,2.54
2020-07-09,6.27,6.25,6.42,6.16,617315,387289600.00,4.13,-0.79,-0.05,3.45
2020-07-10,6.23,6.06,6.25,6.01,467906,287649792.00,3.84,-3.04,-0.19,2.61
2020-07-13,6.06,6.09,6.15,6.05,513870,313215168.00,1.65,0.50,0.03,2.87
2020-07-14,6.09,6.14,6.16,6.04,448814,274052784.00,1.97,0.82,0.05,2.51
2020-07-15,6.17,6.38,6.64,6.02,964461,610358224.00,10.10,3.91,0.24,5.38
2020-07-16,6.33,6.33,6.75,6.29,1039799,679922896.00,7.21,-0.78,-0.05,5.80
2020-07-17,6.39,6.30,6.63,6.02,786529,499825072.00,9.64,-0.47,-0.03,4.39
2020-07-20,6.35,6.53,6.58,6.07,708389,448235344.00,8.10,3.65,0.23,3.95
2020-07-21,6.38,6.26,6.47,6.25,685362,434245552.00,3.37,-4.13,-0.27,3.83
2020-07-22,6.18,6.15,6.29,6.08,468763,289754976.00,3.35,-1.76,-0.11,2.62
2020-07-23,6.09,6.04,6.15,5.91,370743,223256556.00,3.90,-1.79,-0.11,2.07
2020-07-24,6.01,5.82,6.15,5.78,349679,208952266.00,6.13,-3.64,-0.22,1.95
2020-07-27,5.76,5.81,5.86,5.71,202711,117351264.00,2.58,-0.17,-0.01,1.13
2020-07-28,5.81,5.82,5.89,5.80,137048,80050640.00,1.55,0.17,0.01,0.77
2020-07-29,5.82,6.01,6.02,5.80,215936,128306332.00,3.78,3.26,0.19,1.21
2020-07-30,6.01,6.03,6.10,5.93,218595,131278605.00,2.83,0.33,0.02,1.22
2020-07-31,6.00,6.06,6.16,5.98,208926,126777766.00,2.99,0.50,0.03,1.17
2020-08-03,6.09,6.16,6.18,6.09,247587,151899770.00,1.49,1.65,0.10,1.38
2020-08-04,6.15,6.12,6.17,6.08,230352,141057348.00,1.46,-0.65,-0.04,1.29
2020-08-05,6.12,6.10,6.13,6.04,169561,103178331.00,1.47,-0.33,-0.02,0.95
2020-08-06,6.10,6.06,6.13,5.92,265583,159664507.00,3.44,-0.66,-0.04,1.48
2020-08-07,6.04,6.02,6.13,5.90,271065,163241379.00,3.80,-0.66,-0.04,1.51
2020-08-10,5.94,6.03,6.08,5.94,180770,108846433.00,2.33,0.17,0.01,1.01
2020-08-11,6.05,5.96,6.14,5.93,220451,133293654.00,3.48,-1.16,-0.07,1.23
2020-08-12,5.92,5.90,5.95,5.82,153165,89885664.00,2.18,-1.01,-0.06,0.86
2020-08-13,5.91,5.89,5.93,5.86,97412,57423566.00,1.19,-0.17,-0.01,0.54
2020-08-14,5.89,6.00,6.00,5.82,135102,79891884.00,3.06,1.87,0.11,0.75
2020-08-17,6.01,6.18,6.21,5.98,363297,222395754.00,3.83,3.00,0.18,2.03
2020-08-18,6.20,6.15,6.21,6.10,214234,131611613.00,1.78,-0.49,-0.03,1.20
2020-08-19,6.15,6.05,6.18,6.03,197205,120144656.00,2.44,-1.63,-0.10,1.10
2020-08-20,6.03,5.99,6.17,5.96,310534,188260829.00,3.47,-0.99,-0.06,1.73
2020-08-21,6.02,6.02,6.07,5.96,143344,86217387.00,1.84,0.50,0.03,0.80
2020-08-24,6.05,6.01,6.09,6.00,150640,90977740.00,1.50,-0.17,-0.01,0.84
2020-08-25,6.05,5.95,6.05,5.92,150256,89885635.00,2.16,-1.00,-0.06,0.84
2020-08-26,5.93,5.84,5.95,5.82,168841,99264975.00,2.18,-1.85,-0.11,0.94
2020-08-27,5.84,5.87,5.89,5.81,114818,67240677.00,1.37,0.51,0.03,0.64
2020-08-28,5.88,5.98,5.98,5.81,172015,101520610.00,2.90,1.87,0.11,0.96
2020-08-31,6.00,5.99,6.07,5.96,170360,102539128.00,1.84,0.17,0.01,0.95
2020-09-01,5.98,5.94,6.02,5.92,119383,71167752.00,1.67,-0.83,-0.05,0.67
2020-09-02,5.97,5.95,5.99,5.88,115011,68332405.00,1.85,0.17,0.01,0.64
2020-09-03,5.94,5.90,5.96,5.89,95073,56264144.00,1.18,-0.84,-0.05,0.53
2020-09-04,5.82,5.86,5.89,5.79,112164,65428962.00,1.69,-0.68,-0.04,0.63
2020-09-07,5.86,5.80,5.90,5.80,106282,62146610.00,1.71,-1.02,-0.06,0.59
2020-09-08,5.81,5.83,5.85,5.76,109129,63361496.00,1.55,0.52,0.03,0.61
2020-09-09,5.78,5.75,5.81,5.73,129883,74889418.00,1.37,-1.37,-0.08,0.73
2020-09-10,5.79,5.63,5.81,5.63,126505,72240056.00,3.13,-2.09,-0.12,0.71
2020-09-11,5.62,5.64,5.68,5.61,81716,46102037.00,1.24,0.18,0.01,0.46
2020-09-14,5.66,5.66,5.68,5.62,73672,41582388.00,1.06,0.35,0.02,0.41
2020-09-15,5.66,5.66,5.67,5.63,58384,32955446.00,0.71,0.00,0.00,0.33
2020-09-16,5.66,5.65,5.70,5.63,56961,32239921.00,1.24,-0.18,-0.01,0.32
2020-09-17,5.65,5.64,5.67,5.58,80187,45035989.00,1.59,-0.18,-0.01,0.45
2020-09-18,5.65,5.78,5.79,5.62,128091,73329904.00,3.01,2.48,0.14,0.72
2020-09-21,5.81,5.75,5.84,5.72,93177,53753824.00,2.08,-0.52,-0.03,0.52
2020-09-22,5.70,5.66,5.78,5.64,88346,50448760.00,2.43,-1.57,-0.09,0.49
2020-09-23,5.68,5.67,5.70,5.64,62356,35369372.00,1.06,0.18,0.01,0.35
2020-09-24,5.64,5.57,5.66,5.54,79184,44286766.00,2.12,-1.76,-0.10,0.44
2020-09-25,5.57,5.62,5.64,5.54,59404,33269696.00,1.80,0.90,0.05,0.33
2020-09-28,5.64,5.60,5.70,5.59,47062,26498588.00,1.96,-0.36,-0.02,0.26
2020-09-29,5.67,5.66,5.75,5.63,79497,45334990.00,2.14,1.07,0.06,0.44
2020-09-30,5.68,5.60,5.72,5.58,73241,41230591.00,2.47,-1.06,-0.06,0.41
2020-10-09,5.63,5.72,5.74,5.62,100088,56952613.00,2.14,2.14,0.12,0.56
2020-10-12,5.75,5.85,5.85,5.73,125982,73203747.00,2.10,2.27,0.13,0.70
2020-10-13,5.86,5.84,5.87,5.78,98919,57577858.00,1.54,-0.17,-0.01,0.55
2020-10-14,5.82,5.85,5.88,5.80,82553,48187016.00,1.37,0.17,0.01,0.46
2020-10-15,5.88,5.81,5.90,5.80,94563,55216418.00,1.71,-0.68,-0.04,0.53
2020-10-16,5.79,5.87,5.88,5.79,85372,49786249.00,1.55,1.03,0.06,0.48
2020-10-19,5.89,5.86,5.97,5.82,116900,68894726.00,2.56,-0.17,-0.01,0.65
2020-10-20,5.84,5.83,5.84,5.78,67828,39355676.00,1.02,-0.51,-0.03,0.38
2020-10-21,5.82,5.80,5.83,5.76,60549,35055899.00,1.20,-0.51,-0.03,0.34
2020-10-22,5.81,5.79,5.84,5.76,62528,36160839.00,1.38,-0.17,-0.01,0.35
2020-10-23,5.79,5.78,5.87,5.77,88120,51362778.00,1.73,-0.17,-0.01,0.49
2020-10-26,5.76,5.76,5.80,5.72,65172,37591639.00,1.38,-0.35,-0.02,0.36
2020-10-27,5.76,5.73,5.77,5.71,53867,30929894.00,1.04,-0.52,-0.03,0.30
2020-10-28,5.72,5.68,5.74,5.63,66638,37757198.00,1.92,-0.87,-0.05,0.37
2020-10-29,5.61,5.70,5.71,5.61,58370,33138060.00,1.76,0.35,0.02,0.33
2020-10-30,5.70,5.58,5.70,5.57,106685,59984081.00,2.28,-2.11,-0.12,0.60
2020-11-02,5.60,5.49,5.61,5.45,111974,61675010.00,2.87,-1.61,-0.09,0.63
2020-11-03,5.50,5.65,5.68,5.50,100987,56753424.00,3.28,2.91,0.16,0.56
2020-11-04,5.66,5.63,5.69,5.59,65535,36950931.00,1.77,-0.35,-0.02,0.37
2020-11-05,5.67,5.65,5.68,5.60,73421,41377976.00,1.42,0.36,0.02,0.41
2020-11-06,5.66,5.61,5.67,5.59,67492,37913189.00,1.42,-0.71,-0.04,0.38
2020-11-09,5.62,5.69,5.72,5.61,133210,75671975.00,1.96,1.43,0.08,0.74
2020-11-10,5.68,5.63,5.73,5.61,100787,57170049.00,2.11,-1.05,-0.06,0.56
2020-11-11,5.61,5.60,5.64,5.60,72242,40594874.00,0.71,-0.53,-0.03,0.40
2020-11-12,5.62,5.60,5.65,5.59,54706,30680377.00,1.07,0.00,0.00,0.31
2020-11-13,5.60,5.54,5.61,5.53,68720,38136988.00,1.43,-1.07,-0.06,0.38
2020-11-16,5.55,5.60,5.61,5.55,59260,33101854.00,1.08,1.08,0.06,0.33
2020-11-17,5.59,5.63,5.67,5.59,65810,37029258.00,1.43,0.54,0.03,0.37
2020-11-18,5.63,5.70,5.74,5.63,110586,63004318.00,1.95,1.24,0.07,0.62
2020-11-19,5.69,5.72,5.74,5.65,83816,47766960.00,1.58,0.35,0.02,0.47
2020-11-20,5.72,5.73,5.75,5.69,66422,38006380.00,1.05,0.17,0.01,0.37
2020-11-23,5.76,5.84,5.88,5.73,157975,92138368.00,2.62,1.92,0.11,0.88
2020-11-24,5.88,5.80,5.88,5.78,99498,57829763.00,1.71,-0.68,-0.04,0.56
2020-11-25,5.80,5.73,5.86,5.73,85176,49372082.00,2.24,-1.21,-0.07,0.48
2020-11-26,5.72,5.77,5.79,5.70,78089,44897335.00,1.57,0.70,0.04,0.44
2020-11-27,5.78,5.85,5.85,5.74,100659,58353161.00,1.91,1.39,0.08,0.56
2020-11-30,5.92,5.81,5.97,5.80,242103,143263818.00,2.91,-0.68,-0.04,1.35
2020-12-01,5.79,5.97,6.04,5.74,245326,144808715.00,5.16,2.75,0.16,1.37
2020-12-02,5.99,5.95,6.04,5.92,176052,105089652.00,2.01,-0.34,-0.02,0.98
2020-12-03,5.95,5.94,6.01,5.91,138078,82283014.00,1.68,-0.17,-0.01,0.77
2020-12-04,5.94,5.90,5.98,5.88,110861,65584800.00,1.68,-0.67,-0.04,0.62
2020-12-07,5.91,5.82,5.93,5.82,88488,51932789.00,1.86,-1.36,-0.08,0.49
2020-12-08,5.85,5.85,5.89,5.82,68872,40411516.00,1.20,0.52,0.03,0.38
2020-12-09,5.87,5.79,5.98,5.79,155967,92199315.00,3.25,-1.03,-0.06,0.87
2020-12-10,5.78,5.73,5.83,5.71,91266,52566635.00,2.07,-1.04,-0.06,0.51
2020-12-11,5.75,5.63,5.75,5.60,115663,65285656.00,2.62,-1.75,-0.10,0.65
2020-12-14,5.65,5.62,5.68,5.58,66363,37305233.00,1.78,-0.18,-0.01,0.37
2020-12-15,5.61,5.64,5.67,5.59,49934,28133160.00,1.42,0.36,0.02,0.28
2020-12-16,5.64,5.62,5.66,5.59,52273,29352116.00,1.24,-0.35,-0.02,0.29
2020-12-17,5.59,5.75,5.77,5.49,175996,99615409.00,4.98,2.31,0.13,0.98
2020-12-18,5.73,5.66,5.78,5.65,73418,41809747.00,2.26,-1.57,-0.09,0.41
2020-12-21,5.66,5.66,5.70,5.59,74581,42133219.00,1.94,0.00,0.00,0.42
2020-12-22,5.64,5.54,5.67,5.52,84741,47299089.00,2.65,-2.12,-0.12,0.47
2020-12-23,5.55,5.50,5.57,5.49,92655,51076906.00,1.44,-0.72,-0.04,0.52
2020-12-24,5.51,5.42,5.53,5.41,90421,49406181.00,2.18,-1.45,-0.08,0.50
2020-12-25,5.44,5.49,5.55,5.41,69708,38276662.00,2.58,1.29,0.07,0.39
2020-12-28,5.47,5.39,5.48,5.35,91552,49496422.00,2.37,-1.82,-0.10,0.51
2020-12-29,5.37,5.44,5.46,5.37,55648,30204432.00,1.67,0.93,0.05,0.31
2020-12-30,5.41,5.42,5.47,5.41,61046,33150426.00,1.10,-0.37,-0.02,0.34
2020-12-31,5.42,5.51,5.58,5.38,93077,51265140.00,3.69,1.66,0.09,0.52
2021-01-04,5.50,5.45,5.53,5.44,135404,73988860.00,1.63,-1.09,-0.06,0.76
2021-01-05,5.44,5.45,5.48,5.37,93056,50380029.00,2.02,0.00,0.00,0.52
2021-01-06,5.44,5.41,5.45,5.39,66227,35858750.00,1.10,-0.73,-0.04,0.37
2021-01-07,5.44,5.33,5.45,5.30,107706,57853257.00,2.77,-1.48,-0.08,0.60
2021-01-08,5.31,5.37,5.37,5.23,85350,45332849.00,2.63,0.75,0.04,0.48
2021-01-11,5.33,5.29,5.37,5.28,82355,43777766.00,1.68,-1.49,-0.08,0.46
2021-01-12,5.29,5.34,5.36,5.24,77762,41164997.00,2.27,0.95,0.05,0.43
2021-01-13,5.31,5.21,5.32,5.18,123226,64454709.00,2.62,-2.43,-0.13,0.69
2021-01-14,5.19,5.30,5.36,5.19,96302,50967861.00,3.26,1.73,0.09,0.54
2021-01-15,5.28,5.38,5.49,5.25,104696,56548694.00,4.53,1.51,0.08,0.58
2021-01-18,5.39,5.38,5.42,5.34,79080,42524030.00,1.49,0.00,0.00,0.44
2021-01-19,5.38,5.41,5.46,5.34,70311,38066918.00,2.23,0.56,0.03,0.39
2021-01-20,5.44,5.40,5.46,5.38,57519,31173785.00,1.48,-0.18,-0.01,0.32
2021-01-21,5.38,5.37,5.40,5.34,79086,42470471.00,1.11,-0.56,-0.03,0.44
2021-01-22,5.35,5.28,5.37,5.27,67654,35863205.00,1.86,-1.68,-0.09,0.38
2021-01-25,5.28,5.23,5.32,5.20,56016,29442308.00,2.27,-0.95,-0.05,0.31
2021-01-26,5.20,5.19,5.26,5.17,58902,30673764.00,1.72,-0.76,-0.04,0.33
2021-01-27,5.19,5.18,5.25,5.16,53437,27760289.00,1.73,-0.19,-0.01,0.30
2021-01-28,5.18,5.14,5.19,5.09,91209,46731774.00,1.93,-0.77,-0.04,0.51
2021-01-29,5.13,5.10,5.17,5.08,65035,33278737.00,1.75,-0.78,-0.04,0.36
2021-02-01,5.05,5.07,5.12,5.03,56800,28798726.00,1.76,-0.59,-0.03,0.32
2021-02-02,5.07,5.08,5.10,5.05,51170,25997068.00,0.99,0.20,0.01,0.29
2021-02-03,5.08,5.01,5.08,5.01,74503,37528237.00,1.38,-1.38,-0.07,0.42
2021-02-04,5.02,4.96,5.04,4.95,64164,31933917.00,1.80,-1.00,-0.05,0.36
2021-02-05,4.98,5.09,5.11,4.95,75538,38210659.00,3.23,2.62,0.13,0.42
2021-02-08,5.07,5.06,5.11,5.03,65120,32966883.00,1.57,-0.59,-0.03,0.36
2021-02-09,5.03,5.07,5.08,5.00,79201,39911203.00,1.58,0.20,0.01,0.44
2021-02-10,5.08,5.14,5.15,5.07,74326,38015501.00,1.58,1.38,0.07,0.41
2021-02-18,5.18,5.21,5.26,5.17,65786,34331652.00,1.75,1.36,0.07,0.37
2021-02-19,5.21,5.31,5.33,5.19,86892,45770168.00,2.69,1.92,0.10,0.49
2021-02-22,5.29,5.33,5.47,5.28,165375,88824329.00,3.58,0.38,0.02,0.92
2021-02-23,5.32,5.34,5.42,5.28,74926,39962674.00,2.63,0.19,0.01,0.42
2021-02-24,5.32,5.27,5.34,5.26,78166,41386962.00,1.50,-1.31,-0.07,0.44
2021-02-25,5.27,5.24,5.31,5.23,72015,37877091.00,1.52,-0.57,-0.03,0.40
2021-02-26,5.22,5.25,5.29,5.20,69927,36721003.00,1.72,0.19,0.01,0.39
2021-03-01,5.26,5.33,5.37,5.25,77946,41438304.00,2.29,1.52,0.08,0.26
2021-03-02,5.34,5.27,5.34,5.25,53943,28500508.00,1.69,-1.13,-0.06,0.18
2021-03-03,5.28,5.38,5.40,5.26,96747,51756398.00,2.66,2.09,0.11,0.33
2021-03-04,5.32,5.36,5.42,5.31,72751,39043548.00,2.04,-0.37,-0.02,0.25
2021-03-05,5.45,5.41,5.49,5.37,137684,74819509.00,2.24,0.93,0.05,0.47
2021-03-08,5.46,5.47,5.55,5.43,135382,74392440.00,2.22,1.11,0.06,0.46
2021-03-09,5.44,5.49,5.55,5.42,123273,67621185.00,2.38,0.37,0.02,0.42
2021-03-10,5.47,5.35,5.51,5.34,86493,46858232.00,3.10,-2.55,-0.14,0.29
2021-03-11,5.38,5.42,5.43,5.37,69674,37622822.00,1.12,1.31,0.07,0.24
2021-03-12,5.41,5.47,5.49,5.37,85669,46568016.00,2.21,0.92,0.05,0.29
2021-03-15,5.45,5.51,5.55,5.44,89991,49526339.00,2.01,0.73,0.04,0.30
2021-03-16,5.50,5.53,5.56,5.48,64874,35872081.00,1.45,0.36,0.02,0.22
2021-03-17,5.53,5.56,5.63,5.52,98182,54803062.00,1.99,0.54,0.03,0.33
2021-03-18,5.58,5.54,5.61,5.53,60789,33792648.00,1.44,-0.36,-0.02,0.21
2021-03-19,5.52,5.53,5.59,5.51,58682,32515787.00,1.44,-0.18,-0.01,0.20
2021-03-22,5.52,5.61,5.63,5.50,71459,39994523.00,2.35,1.45,0.08,0.24
2021-03-23,5.64,5.68,5.72,5.61,102645,58288786.00,1.96,1.25,0.07,0.35
2021-03-24,5.68,5.63,5.73,5.61,99922,56621833.00,2.11,-0.88,-0.05,0.34
2021-03-25,5.73,5.70,5.74,5.63,110021,62726106.00,1.95,1.24,0.07,0.37
2021-03-26,5.73,5.67,5.75,5.65,97707,55548241.00,1.75,-0.53,-0.03,0.33
2021-03-29,5.69,5.64,5.71,5.63,86355,48953850.00,1.41,-0.53,-0.03,0.29
2021-03-30,5.64,5.71,5.72,5.61,93941,53329652.00,1.95,1.24,0.07,0.32
2021-03-31,5.70,5.74,5.77,5.68,82164,47071019.00,1.58,0.53,0.03,0.28
2021-04-01,5.74,5.75,5.77,5.69,64916,37217804.00,1.39,0.17,0.01,0.22
2021-04-02,5.71,5.67,5.73,5.64,79611,45184384.00,1.57,-1.39,-0.08,0.27
2021-04-06,5.69,5.65,5.70,5.62,77586,43800105.00,1.41,-0.35,-0.02,0.26
2021-04-07,5.65,5.65,5.67,5.61,49057,27634623.00,1.06,0.00,0.00,0.17
2021-04-08,5.65,5.66,5.67,5.61,62648,35365760.00,1.06,0.18,0.01,0.21
2021-04-09,5.65,5.66,5.67,5.62,53910,30399273.00,0.88,0.00,0.00,0.18
2021-04-12,5.64,5.65,5.68,5.60,60578,34138501.00,1.41,-0.18,-0.01,0.20
2021-04-13,5.65,5.55,5.67,5.55,76083,42608107.00,2.12,-1.77,-0.10,0.26
2021-04-14,5.58,5.65,5.68,5.53,75460,42440330.00,2.70,1.80,0.10,0.26
2021-04-15,5.64,5.69,5.72,5.62,61610,34967486.00,1.77,0.71,0.04,0.21
2021-04-16,5.71,5.73,5.74,5.67,68886,39391764.00,1.23,0.70,0.04,0.23
2021-04-19,5.71,5.71,5.75,5.69,79264,45328559.00,1.05,-0.35,-0.02,0.27
2021-04-20,5.70,5.65,5.71,5.63,72794,41224418.00,1.40,-1.05,-0.06,0.25
2021-04-21,5.65,5.67,5.70,5.62,46163,26120637.00,1.42,0.35,0.02,0.16
2021-04-22,5.66,5.70,5.72,5.65,66016,37582019.00,1.23,0.53,0.03,0.22
2021-04-23,5.71,5.69,5.72,5.65,44340,25180777.00,1.23,-0.18,-0.01,0.15
2021-04-26,5.65,5.63,5.72,5.62,55633,31554064.00,1.76,-1.05,-0.06,0.19
2021-04-27,5.63,5.76,5.76,5.62,125542,71793857.00,2.49,2.31,0.13,0.42
2021-04-28,5.80,5.82,5.86,5.71,120936,70023170.00,2.60,1.04,0.06,0.41
2021-04-29,5.80,5.85,5.90,5.78,113061,66187710.00,2.06,0.52,0.03,0.38
2021-04-30,5.90,5.88,5.96,5.84,118038,69523334.00,2.05,0.51,0.03,0.40
2021-05-06,5.91,5.79,5.93,5.77,110072,64401249.00,2.72,-1.53,-0.09,0.37
2021-05-07,5.79,5.85,5.87,5.77,88917,51967597.00,1.73,1.04,0.06,0.30
2021-05-10,5.86,5.79,5.87,5.70,132623,76686402.00,2.91,-1.03,-0.06,0.45
2021-05-11,5.48,5.52,5.54,5.43,92651,50873418.00,1.90,-4.66,-0.27,0.31
2021-05-12,5.52,5.56,5.59,5.50,67300,37413264.00,1.63,0.72,0.04,0.23
2021-05-13,5.55,5.55,5.60,5.52,61946,34412684.00,1.44,-0.18,-0.01,0.21
2021-05-14,5.55,5.62,5.63,5.53,90482,50536368.00,1.80,1.26,0.07,0.31
2021-05-17,5.63,5.57,5.67,5.57,97676,54877835.00,1.78,-0.89,-0.05,0.33
2021-05-18,5.56,5.52,5.62,5.52,85730,47588297.00,1.80,-0.90,-0.05,0.29
2021-05-19,5.53,5.45,5.54,5.42,76718,41920715.00,2.17,-1.27,-0.07,0.26
2021-05-20,5.48,5.40,5.48,5.38,77847,42121091.00,1.83,-0.92,-0.05,0.26
2021-05-21,5.42,5.38,5.44,5.38,58441,31577134.00,1.11,-0.37,-0.02,0.20
2021-05-24,5.37,5.58,5.61,5.37,136966,75713485.00,4.46,3.72,0.20,0.46
2021-05-25,5.58,5.63,5.64,5.53,109706,61462341.00,1.97,0.90,0.05,0.37
2021-05-26,5.64,5.60,5.66,5.59,92278,51905905.00,1.24,-0.53,-0.03,0.31
2021-05-27,5.63,5.58,5.63,5.58,76491,42837876.00,0.89,-0.36,-0.02,0.26
2021-05-28,5.59,5.65,5.68,5.54,130241,73213683.00,2.51,1.25,0.07,0.44
2021-05-31,5.65,5.68,5.71,5.59,122610,69522573.00,2.12,0.53,0.03,0.41
2021-06-01,5.67,5.58,5.68,5.57,112179,62916919.00,1.94,-1.76,-0.10,0.38
2021-06-02,5.60,5.58,5.61,5.48,156838,86877776.00,2.33,0.00,0.00,0.53
2021-06-03,5.58,5.52,5.63,5.51,78187,43487227.00,2.15,-1.08,-0.06,0.26
2021-06-04,5.50,5.53,5.58,5.49,58880,32534925.00,1.63,0.18,0.01,0.20
2021-06-07,5.48,5.31,5.49,5.28,193073,103349634.00,3.80,-3.98,-0.22,0.65
2021-06-08,5.28,5.26,5.34,5.23,135029,71130890.00,2.07,-0.94,-0.05,0.46
2021-06-09,5.29,5.28,5.31,5.26,47012,24863581.00,0.95,0.38,0.02,0.16
2021-06-10,5.28,5.26,5.31,5.25,55567,29333337.00,1.14,-0.38,-0.02,0.19
2021-06-11,5.26,5.28,5.31,5.22,94654,49863795.00,1.71,0.38,0.02,0.32
2021-06-15,5.28,5.26,5.29,5.24,46247,24342771.00,0.95,-0.38,-0.02,0.16
2021-06-16,5.25,5.23,5.28,5.19,57328,29974668.00,1.71,-0.57,-0.03,0.19
2021-06-17,5.21,5.20,5.25,5.18,44834,23351227.00,1.34,-0.57,-0.03,0.15
2021-06-18,5.18,5.18,5.21,5.16,45670,23658719.00,0.96,-0.38,-0.02,0.15
2021-06-21,5.17,5.14,5.18,5.12,56320,28946745.00,1.16,-0.77,-0.04,0.19
2021-06-22,5.15,5.19,5.21,5.12,90008,46607607.00,1.75,0.97,0.05,0.30
2021-06-23,5.18,5.20,5.22,5.15,47665,24740897.00,1.35,0.19,0.01,0.16
2021-06-24,5.22,5.20,5.25,5.17,72191,37574094.00,1.54,0.00,0.00,0.24
2021-06-25,5.19,5.27,5.28,5.19,81679,42849720.00,1.73,1.35,0.07,0.28
2021-06-28,5.26,5.20,5.29,5.18,67113,35117524.00,2.09,-1.33,-0.07,0.23
2021-06-29,5.20,5.21,5.21,5.17,52177,27085551.00,0.77,0.19,0.01,0.18
2021-06-30,5.20,5.20,5.23,5.18,40929,21310835.00,0.96,-0.19,-0.01,0.14
2021-07-01,5.22,5.18,5.22,5.15,65237,33785570.00,1.35,-0.38,-0.02,0.22
2021-07-02,5.16,5.14,5.18,5.12,58010,29893135.00,1.16,-0.77,-0.04,0.20
2021-07-05,5.15,5.20,5.22,5.13,63609,32976798.00,1.75,1.17,0.06,0.22
2021-07-06,5.21,5.24,5.27,5.17,56734,29675626.00,1.92,0.77,0.04,0.19
2021-07-07,5.26,5.30,5.34,5.24,85635,45409456.00,1.91,1.15,0.06,0.29
2021-07-08,5.30,5.23,5.34,5.22,54046,28388149.00,2.26,-1.32,-0.07,0.18
2021-07-09,5.28,5.21,5.28,5.18,53982,28094051.00,1.91,-0.38,-0.02,0.18
2021-07-12,5.22,5.18,5.24,5.17,64424,33561454.00,1.34,-0.58,-0.03,0.22
2021-07-13,5.20,5.20,5.21,5.16,42638,22134557.00,0.97,0.39,0.02,0.14
2021-07-14,5.20,5.18,5.21,5.14,62832,32516446.00,1.35,-0.38,-0.02,0.21
2021-07-15,5.16,5.18,5.23,5.15,75049,38983652.00,1.54,0.00,0.00,0.25
2021-07-16,5.18,5.14,5.20,5.13,63107,32525782.00,1.35,-0.77,-0.04,0.21
