2016-05-31,12.20,12.20,12.20,12.20,10,12200.00,0.00,10.01,1.11,0.01
2016-06-01,13.42,13.42,13.42,13.42,40,54002.00,0.00,10.00,1.22,0.02
2016-06-02,14.76,14.76,14.76,14.76,52,76752.00,0.00,9.99,1.34,0.03
2016-06-03,16.24,16.24,16.24,16.24,36,58464.00,0.00,10.03,1.48,0.02
2016-06-06,17.86,17.86,17.86,17.86,65,116143.00,0.00,9.98,1.62,0.03
2016-06-07,19.65,19.65,19.65,19.65,70,137550.00,0.00,10.02,1.79,0.04
2016-06-08,21.62,21.62,21.62,21.62,161,348082.00,0.00,10.03,1.97,0.09
2016-06-13,23.78,23.78,23.78,23.78,501,1190403.00,0.00,9.99,2.16,0.27
2016-06-14,26.16,26.16,26.16,26.16,372,973152.00,0.00,10.01,2.38,0.20
2016-06-15,28.78,28.78,28.78,28.78,331,952618.00,0.00,10.02,2.62,0.18
2016-06-16,31.66,31.66,31.66,31.66,365,1156698.00,0.00,10.01,2.88,0.20
2016-06-17,34.83,34.83,34.83,34.83,535,1863962.00,0.00,10.01,3.17,0.29
2016-06-20,38.31,38.31,38.31,38.31,734,2812375.00,0.00,9.99,3.48,0.39
2016-06-21,42.14,42.14,42.14,42.14,539,2272610.00,0.00,10.00,3.83,0.29
2016-06-22,46.35,46.35,46.35,46.35,662,3066608.00,0.00,9.99,4.21,0.35
2016-06-23,50.99,50.99,50.99,50.99,675,3443354.00,0.00,10.01,4.64,0.36
2016-06-24,56.09,56.09,56.09,56.09,1747,9799427.00,0.00,10.00,5.10,0.94
2016-06-27,61.70,61.70,61.70,61.70,1072,6613993.00,0.00,10.00,5.61,0.57
2016-06-28,67.87,67.87,67.87,67.87,2622,17794835.00,0.00,10.00,6.17,1.40
2016-06-29,74.66,74.66,74.66,74.66,896,6690879.00,0.00,10.00,6.79,0.48
2016-06-30,82.13,82.13,82.13,82.13,9398,77186923.00,0.00,10.01,7.47,5.03
2016-07-01,88.00,90.34,90.34,86.10,125536,1113176096.00,5.16,10.00,8.21,67.20
2016-07-04,90.90,90.13,92.00,86.68,97370,870275600.00,5.89,-0.23,-0.21,52.13
2016-07-05,91.89,99.14,99.14,90.30,55470,529885696.00,9.81,10.00,9.01,29.69
2016-07-06,103.00,109.05,109.05,100.04,71857,760374592.00,9.09,10.00,9.91,38.47
2016-07-07,113.37,104.48,113.38,103.60,90153,962522752.00,8.97,-4.19,-4.57,48.26
2016-07-08,102.40,101.98,106.88,101.38,53570,556144112.00,5.26,-2.39,-2.50,28.68
2016-07-11,99.89,92.18,101.50,91.79,59026,560260544.00,9.52,-9.61,-9.80,31.60
2016-07-12,90.50,101.40,101.40,88.00,87884,854367936.00,14.54,10.00,9.22,47.05
2016-07-13,101.40,100.39,104.88,97.77,74214,754909152.00,7.01,-1.00,-1.01,39.73
2016-07-14,100.00,105.70,106.00,99.90,65175,677164480.00,6.08,5.29,5.31,34.89
2016-07-15,105.00,104.56,107.50,102.70,52912,556412400.00,4.54,-1.08,-1.14,28.33
2016-07-18,102.00,98.56,102.10,98.01,46090,459427808.00,3.91,-5.74,-6.00,24.67
2016-07-19,97.00,97.17,100.00,93.80,36416,351671232.00,6.29,-1.41,-1.39,19.49
2016-07-20,98.00,97.00,98.99,95.10,29380,286771184.00,4.00,-0.17,-0.17,15.73
2016-07-21,95.52,93.12,97.00,92.80,33088,311872240.00,4.33,-4.00,-3.88,17.71
2016-07-22,93.08,88.87,95.30,86.88,38433,348148896.00,9.04,-4.56,-4.25,20.57
2016-07-25,88.20,89.55,91.37,84.20,37467,325784224.00,8.07,0.77,0.68,20.06
2016-07-26,88.88,89.66,91.98,87.80,29772,269151296.00,4.67,0.12,0.11,15.94
2016-07-27,88.58,82.53,89.00,81.70,34799,295461040.00,8.14,-7.95,-7.13,18.63
2016-07-28,82.53,81.34,83.00,79.05,25875,209895071.00,4.79,-1.44,-1.19,13.85
2016-07-29,80.89,81.25,83.48,80.10,25399,207807714.00,4.16,-0.11,-0.09,13.60
2016-08-01,78.15,74.05,78.44,73.39,24875,187198169.00,6.22,-8.86,-7.20,13.32
2016-08-02,74.88,74.76,75.30,73.60,17525,130640822.00,2.30,0.96,0.71,9.38
2016-08-03,74.79,80.55,81.20,74.02,34520,269155504.00,9.60,7.74,5.79,18.48
2016-08-04,79.41,81.03,85.26,79.01,36164,298005488.00,7.76,0.60,0.48,19.36
2016-08-05,79.98,78.35,82.18,78.17,21116,168417150.00,4.95,-3.31,-2.68,11.30
2016-08-08,78.39,86.19,86.19,78.36,44600,371870896.00,9.99,10.01,7.84,23.88
2016-08-09,86.99,91.52,94.49,84.30,59402,520613824.00,11.82,6.18,5.33,31.80
2016-08-10,90.99,90.30,94.49,89.02,48673,447284272.00,5.98,-1.33,-1.22,26.06
2016-08-11,88.88,91.79,95.49,88.05,52214,482747856.00,8.24,1.65,1.49,27.95
2016-08-12,89.50,90.51,93.00,88.18,35319,320086352.00,5.25,-1.39,-1.28,18.91
2016-08-15,90.48,92.86,93.99,88.40,44486,408475504.00,6.18,2.60,2.35,23.81
2016-08-16,93.50,92.10,95.49,91.60,44335,414787536.00,4.19,-0.82,-0.76,23.73
2016-08-17,90.66,92.50,93.02,90.26,28603,261938007.00,3.00,0.43,0.40,15.31
2016-08-18,92.53,93.19,95.50,91.50,39837,374138992.00,4.32,0.75,0.69,21.33
2016-08-19,94.00,88.98,94.50,88.40,31126,282865824.00,6.55,-4.52,-4.21,16.66
2016-08-22,86.50,80.52,86.93,80.18,40310,334885824.00,7.59,-9.51,-8.46,21.58
2016-08-23,80.30,81.57,83.18,80.30,19298,157715759.00,3.58,1.30,1.05,10.33
2016-08-24,81.80,81.89,82.97,81.00,15341,125637966.00,2.42,0.39,0.32,8.21
2016-08-25,80.86,82.10,82.80,77.70,23202,186147529.00,6.23,0.26,0.21,12.42
2016-08-26,82.50,80.65,82.50,80.00,15579,126819428.00,3.05,-1.77,-1.45,8.34
2016-08-29,79.13,80.50,81.88,79.13,8299,66870823.00,3.41,-0.19,-0.15,4.44
2016-08-30,80.97,80.88,81.47,80.06,12098,97842901.00,1.75,0.47,0.38,6.48
2016-08-31,80.60,84.40,85.00,79.10,33759,279150416.00,7.29,4.35,3.52,18.07
2016-09-01,83.95,81.89,83.95,81.78,22265,184620547.00,2.57,-2.97,-2.51,11.92
2016-09-02,80.29,80.30,81.66,79.68,14499,116774754.00,2.42,-1.94,-1.59,7.76
2016-09-05,80.43,79.26,81.79,79.00,12235,98320373.00,3.47,-1.30,-1.04,6.55
2016-09-06,79.25,79.60,80.10,77.12,15711,123464832.00,3.76,0.43,0.34,8.41
2016-09-07,80.10,78.15,80.88,77.89,14035,110841095.00,3.76,-1.82,-1.45,7.51
2016-09-08,77.88,77.90,78.50,77.36,8606,67061692.00,1.46,-0.32,-0.25,4.61
2016-09-09,77.75,76.81,78.50,76.80,10063,77970455.00,2.18,-1.40,-1.09,5.39
2016-09-12,73.35,73.86,75.50,73.30,11217,83383554.00,2.86,-3.84,-2.95,6.00
2016-09-13,74.30,74.15,74.69,73.90,7810,57991942.00,1.07,0.39,0.29,4.18
2016-09-14,73.50,74.20,74.93,73.36,6579,48845423.00,2.12,0.07,0.05,3.52
2016-09-19,74.13,74.59,74.80,74.00,6316,47110513.00,1.08,0.53,0.39,3.38
2016-09-20,75.49,74.15,75.50,74.00,5203,38789567.00,2.01,-0.59,-0.44,2.79
2016-09-21,74.02,75.61,77.98,73.19,16336,123966916.00,6.46,1.97,1.46,8.75
2016-09-22,75.30,74.97,76.37,74.92,9815,74064720.00,1.92,-0.85,-0.64,5.25
2016-09-23,75.02,73.85,75.68,73.73,8053,60206751.00,2.60,-1.49,-1.12,4.31
2016-09-26,72.95,68.10,73.29,68.10,15732,110433051.00,7.03,-7.79,-5.75,8.42
2016-09-27,67.99,69.39,69.53,67.70,9470,65312925.00,2.69,1.89,1.29,5.07
2016-09-28,68.88,69.34,69.98,68.70,10203,70702240.00,1.84,-0.07,-0.05,5.46
2016-09-29,69.11,69.70,69.98,68.85,7512,52224482.00,1.63,0.52,0.36,4.02
2016-09-30,69.40,69.41,69.93,69.30,4551,31648113.00,0.90,-0.42,-0.29,2.44
2016-10-10,70.35,72.60,73.55,70.18,10057,72438043.00,4.86,4.60,3.19,5.38
2016-10-11,73.03,72.98,73.48,71.85,9834,71496011.00,2.25,0.52,0.38,5.26
2016-10-12,72.05,73.75,75.50,72.02,14559,107898691.00,4.77,1.06,0.77,7.79
2016-10-13,73.76,73.80,75.39,73.14,8974,66548624.00,3.05,0.07,0.05,4.80
2016-10-14,73.90,74.18,74.50,73.12,8390,61916196.00,1.87,0.51,0.38,4.49
2016-10-17,74.20,75.00,77.90,73.88,21251,160928956.00,5.42,1.11,0.82,11.38
2016-10-18,74.80,76.60,76.60,74.00,21778,164564863.00,3.47,2.13,1.60,11.66
2016-10-19,76.66,75.96,76.80,75.72,11635,88558591.00,1.41,-0.84,-0.64,6.23
2016-10-20,75.99,74.93,76.69,74.58,10451,78765339.00,2.78,-1.36,-1.03,5.59
2016-10-21,74.93,77.10,77.20,74.00,21730,164646770.00,4.27,2.90,2.17,11.63
2016-10-24,77.30,76.74,78.80,76.04,20415,157341345.00,3.58,-0.47,-0.36,10.93
2016-10-25,76.00,76.75,77.97,75.60,18508,142113037.00,3.09,0.01,0.01,9.91
2016-10-26,76.49,76.84,77.80,76.05,15284,117729361.00,2.28,0.12,0.09,8.18
2016-10-27,76.60,77.75,77.89,76.54,15784,121984192.00,1.76,1.18,0.91,8.45
2016-10-28,77.80,77.70,82.30,77.68,41249,329106912.00,5.94,-0.06,-0.05,22.08
2016-10-31,74.12,72.50,74.98,71.00,22522,164291421.00,5.12,-6.69,-5.20,12.06
2016-11-01,72.53,74.60,74.99,72.10,18721,138314042.00,3.99,2.90,2.10,10.02
2016-11-02,76.13,74.67,77.88,74.40,24791,187974440.00,4.66,0.09,0.07,13.27
2016-11-03,73.92,78.47,80.50,73.11,34432,265610295.00,9.90,5.09,3.80,18.43
2016-11-04,78.80,78.49,79.99,77.41,33603,264082559.00,3.29,0.03,0.02,17.99
2016-11-07,78.20,77.80,80.86,77.19,22683,179602944.00,4.68,-0.88,-0.69,12.14
2016-11-08,78.09,85.58,85.58,78.09,48677,402302272.00,9.63,10.00,7.78,26.06
2016-11-09,86.20,86.50,88.90,83.00,70482,603509312.00,6.89,1.08,0.92,37.73
2016-11-10,85.50,88.39,90.38,85.01,50960,446307424.00,6.21,2.18,1.89,27.28
2016-11-11,86.74,82.80,87.38,82.58,44633,379011200.00,5.43,-6.32,-5.59,23.89
2016-11-14,82.20,82.99,83.48,81.18,24917,205295969.00,2.78,0.23,0.19,13.34
2016-11-15,83.88,82.09,83.88,81.60,15548,128109604.00,2.75,-1.08,-0.90,8.32
2016-11-16,82.09,80.14,82.82,79.77,17754,142818198.00,3.72,-2.38,-1.95,9.50
2016-11-17,80.58,83.61,84.93,80.14,38490,319935152.00,5.98,4.33,3.47,20.61
2016-11-18,82.80,85.90,87.00,82.15,46790,398499552.00,5.80,2.74,2.29,25.05
2016-11-21,85.80,86.36,86.68,82.89,32481,276085696.00,4.41,0.54,0.46,17.39
2016-11-22,85.75,87.49,89.30,84.51,40908,359128016.00,5.55,1.31,1.13,21.90
2016-11-23,86.63,83.97,87.48,82.00,24164,206247881.00,6.26,-4.02,-3.52,12.94
2016-11-24,83.97,84.00,84.99,82.30,15900,132649437.00,3.20,0.04,0.03,8.51
2016-11-25,83.02,83.73,84.43,80.16,11782,97456586.00,5.08,-0.32,-0.27,6.31
2016-11-28,83.13,81.60,83.72,81.25,10640,87147481.00,2.95,-2.54,-2.13,5.70
2016-11-29,81.60,79.20,82.29,79.20,11655,94034034.00,3.79,-2.94,-2.40,6.24
2016-11-30,79.00,79.31,79.87,78.02,7813,61798725.00,2.34,0.14,0.11,4.18
2016-12-01,79.31,79.68,80.02,78.65,6326,50295635.00,1.73,0.47,0.37,3.39
2016-12-02,80.19,76.00,80.97,75.80,12433,97198894.00,6.49,-4.62,-3.68,6.66
2016-12-05,75.00,75.25,76.66,74.00,6356,47988786.00,3.50,-0.99,-0.75,3.40
2016-12-06,75.43,75.44,76.21,75.13,5947,45008593.00,1.44,0.25,0.19,3.18
2016-12-07,75.50,75.43,75.97,74.02,5990,44876883.00,2.58,-0.01,-0.01,3.21
2016-12-08,75.46,74.60,75.89,74.50,5619,42257062.00,1.84,-1.10,-0.83,3.01
2016-12-09,74.60,72.18,74.61,72.08,8332,60809960.00,3.39,-3.24,-2.42,4.46
2016-12-12,72.18,65.66,72.85,65.43,11610,80406331.00,10.28,-9.03,-6.52,6.22
2016-12-13,65.81,67.10,68.08,65.10,10696,71164918.00,4.54,2.19,1.44,5.73
2016-12-14,67.10,66.74,68.85,66.07,6934,46771109.00,4.14,-0.54,-0.36,3.71
2016-12-15,66.69,67.73,68.50,66.00,7667,51803187.00,3.75,1.48,0.99,4.10
2016-12-16,68.24,67.97,68.48,67.70,4928,33487187.00,1.15,0.35,0.24,2.64
2016-12-19,68.18,67.11,68.38,66.62,4444,29889728.00,2.59,-1.27,-0.86,2.38
2016-12-20,67.68,66.99,67.68,66.42,4498,30078870.00,1.88,-0.18,-0.12,2.41
2016-12-21,66.92,67.98,68.00,66.71,5374,36239775.00,1.93,1.48,0.99,2.88
2016-12-22,67.92,68.61,69.58,67.65,9039,62197503.00,2.84,0.93,0.63,4.84
2016-12-23,68.50,65.92,68.50,65.75,8060,53932999.00,4.01,-3.92,-2.69,4.31
2016-12-26,65.96,66.12,66.60,62.27,6728,43277478.00,6.57,0.30,0.20,3.60
2016-12-27,66.12,66.10,66.84,65.81,4269,28316646.00,1.56,-0.03,-0.02,2.29
2016-12-28,66.25,65.47,66.46,65.01,3267,21568476.00,2.19,-0.95,-0.63,1.75
2016-12-29,65.70,64.65,66.00,64.52,3452,22550414.00,2.26,-1.25,-0.82,1.85
2016-12-30,64.70,63.95,65.25,63.52,4166,26730628.00,2.68,-1.08,-0.70,2.23
2017-01-03,64.50,67.03,67.48,64.00,8279,54742998.00,5.44,4.82,3.08,4.43
2017-01-04,67.81,67.01,67.81,66.28,6424,42904126.00,2.28,-0.03,-0.02,3.44
2017-01-05,67.08,65.39,67.10,65.00,5038,33396182.00,3.13,-2.42,-1.62,2.70
2017-01-06,65.17,64.11,66.96,64.08,5282,34296875.00,4.40,-1.96,-1.28,2.83
2017-01-09,64.21,63.70,64.47,63.05,4761,30301722.00,2.21,-0.64,-0.41,2.55
2017-01-10,63.71,63.91,64.80,63.45,4027,25796004.00,2.12,0.33,0.21,2.16
2017-01-11,63.99,62.02,63.99,62.01,4956,31115227.00,3.10,-2.96,-1.89,2.65
2017-01-12,62.11,61.53,62.59,61.02,4058,25145846.00,2.53,-0.79,-0.49,2.17
2017-01-13,61.68,55.99,61.95,55.39,10877,62681662.00,10.66,-9.00,-5.54,5.82
2017-01-16,55.49,50.92,55.99,50.39,10284,53834636.00,10.00,-9.06,-5.07,5.51
2017-01-17,50.80,52.36,52.80,46.12,12088,60772489.00,13.12,2.83,1.44,6.47
2017-01-18,51.80,49.99,51.80,49.79,7168,36262378.00,3.84,-4.53,-2.37,3.84
2017-01-19,49.86,49.63,51.40,47.49,7627,37857217.00,7.82,-0.72,-0.36,4.08
2017-01-20,49.99,51.30,51.73,48.51,7848,40048913.00,6.49,3.36,1.67,4.20
2017-01-23,51.50,51.90,52.57,51.30,5676,29539359.00,2.48,1.17,0.60,3.04
2017-01-24,51.41,51.15,51.85,50.80,3751,19224225.00,2.02,-1.45,-0.75,2.01
2017-01-25,51.13,51.70,51.99,51.12,3945,20355716.00,1.70,1.08,0.55,2.11
2017-01-26,51.74,51.70,52.46,51.01,4262,22115100.00,2.80,0.00,0.00,2.28
2017-02-03,52.45,51.31,52.45,50.93,3004,15482705.00,2.94,-0.75,-0.39,1.61
2017-02-06,51.82,52.50,52.78,51.31,5777,30159430.00,2.86,2.32,1.19,3.09
2017-02-07,52.50,53.00,54.62,52.50,8943,47600709.00,4.04,0.95,0.50,4.79
2017-02-08,52.90,53.42,53.73,51.90,6643,35168127.00,3.45,0.79,0.42,3.56
2017-02-09,53.51,58.76,58.76,53.51,15018,87205273.00,9.83,10.00,5.34,8.04
2017-02-10,59.80,60.53,64.33,59.00,37081,228901941.00,9.07,3.01,1.77,19.85
2017-02-13,57.80,66.58,66.58,56.50,36241,221655152.00,16.65,10.00,6.05,19.40
2017-02-14,66.20,67.51,72.23,63.00,50694,344333792.00,13.86,1.40,0.93,27.14
2017-02-15,66.78,64.20,69.38,64.00,38035,252140493.00,7.97,-4.90,-3.31,20.36
2017-02-16,63.87,63.01,65.30,61.02,21275,134722198.00,6.67,-1.85,-1.19,11.39
2017-02-17,63.20,63.05,64.85,61.08,19604,123657105.00,5.98,0.06,0.04,10.49
2017-02-20,63.12,62.42,63.60,61.35,12468,77321438.00,3.57,-1.00,-0.63,6.67
2017-02-21,62.99,63.55,64.99,62.43,22160,141867506.00,4.10,1.81,1.13,11.86
2017-02-22,63.10,61.60,63.86,60.70,18887,116614243.00,4.97,-3.07,-1.95,10.11
2017-02-23,61.40,60.90,61.90,60.00,11634,70624411.00,3.08,-1.14,-0.70,6.23
2017-02-24,60.80,61.48,61.63,60.39,9812,60075098.00,2.04,0.95,0.58,5.25
2017-02-27,61.20,61.92,63.85,60.50,15355,96048871.00,5.45,0.72,0.44,8.22
2017-02-28,61.56,66.23,66.70,60.82,35067,228109758.00,9.50,6.96,4.31,18.77
2017-03-01,65.15,63.12,66.95,63.00,28915,187526720.00,5.96,-4.70,-3.11,15.48
2017-03-02,62.40,61.36,62.49,60.60,13968,85820100.00,2.99,-2.79,-1.76,7.48
2017-03-03,61.36,60.40,61.36,60.01,10173,61383722.00,2.20,-1.56,-0.96,5.45
2017-03-06,60.40,61.34,61.58,60.40,7190,43839917.00,1.95,1.56,0.94,3.85
2017-03-07,61.34,61.69,62.00,60.74,7122,43626214.00,2.05,0.57,0.35,3.81
2017-03-08,61.70,62.60,62.60,61.44,10506,65109715.00,1.88,1.48,0.91,5.62
2017-03-09,62.40,61.35,62.83,61.20,7210,44544179.00,2.60,-2.00,-1.25,3.86
2017-03-10,61.35,60.80,61.55,60.50,6764,41258456.00,1.71,-0.90,-0.55,3.62
2017-03-13,60.40,61.75,62.14,60.12,9147,56205793.00,3.32,1.56,0.95,4.90
2017-03-14,62.00,62.92,63.98,61.71,16566,104192020.00,3.68,1.89,1.17,8.87
2017-03-15,62.30,62.25,62.58,61.61,9221,57220469.00,1.54,-1.06,-0.67,4.94
2017-03-16,61.96,63.49,63.49,61.84,13838,87272618.00,2.65,1.99,1.24,7.41
2017-03-17,63.55,61.70,63.91,61.66,12979,81672153.00,3.54,-2.82,-1.79,6.95
2017-03-20,61.10,61.90,61.99,60.59,8822,53893838.00,2.27,0.32,0.20,4.72
2017-03-21,62.21,62.94,63.48,61.88,10955,68870282.00,2.58,1.68,1.04,5.86
2017-03-22,62.50,62.79,62.90,61.01,11140,69171875.00,3.00,-0.24,-0.15,5.96
2017-03-23,62.80,65.39,66.30,62.46,34692,222630444.00,6.12,4.14,2.60,18.57
2017-03-24,65.98,64.66,68.28,64.30,25574,167975549.00,6.09,-1.12,-0.73,13.69
2017-03-27,64.02,63.00,64.50,62.68,14855,93962705.00,2.81,-2.57,-1.66,7.95
2017-03-28,62.50,62.90,63.88,61.50,9823,61726404.00,3.78,-0.16,-0.10,5.26
2017-03-29,62.90,60.98,63.58,60.95,13644,84038588.00,4.18,-3.05,-1.92,7.30
2017-03-30,60.71,55.82,60.71,55.80,15171,86913701.00,8.05,-8.46,-5.16,8.12
2017-03-31,55.80,55.23,57.68,54.61,7455,41802728.00,5.50,-1.06,-0.59,3.99
2017-04-05,55.80,56.72,57.26,55.24,6712,37759888.00,3.66,2.70,1.49,3.59
2017-04-06,56.76,56.96,57.80,56.73,4731,27054483.00,1.89,0.42,0.24,2.53
2017-04-07,56.96,56.10,57.64,56.01,5455,30974005.00,2.86,-1.51,-0.86,2.92
2017-04-10,56.18,51.91,56.59,51.64,11371,60765126.00,8.82,-7.47,-4.19,6.09
2017-04-11,51.91,53.23,53.50,50.70,7014,36839692.00,5.39,2.54,1.32,3.75
2017-04-12,53.17,51.74,53.59,51.30,5750,30009137.00,4.30,-2.80,-1.49,3.08
2017-04-13,51.76,52.43,53.20,51.76,6283,33070916.00,2.78,1.33,0.69,3.36
2017-04-14,52.70,52.79,54.57,51.81,6791,36104299.00,5.26,0.69,0.36,3.64
2017-04-17,51.99,49.42,51.99,49.00,5889,29548834.00,5.66,-6.38,-3.37,3.15
2017-04-18,49.50,49.11,50.79,49.03,3460,17270308.00,3.56,-0.63,-0.31,1.85
2017-04-19,49.01,49.51,49.86,48.04,5622,27444106.00,3.71,0.81,0.40,3.01
2017-04-20,49.65,47.66,49.98,46.30,5993,28885571.00,7.43,-3.74,-1.85,3.21
2017-04-21,48.10,46.50,48.10,45.89,5537,25884191.00,4.64,-2.43,-1.16,2.96
2017-04-24,46.19,46.03,46.82,45.60,3462,15945348.00,2.62,-1.01,-0.47,1.85
2017-04-25,46.39,46.30,47.35,46.09,4051,18939701.00,2.74,0.59,0.27,2.17
2017-04-26,46.44,46.90,47.06,46.10,4083,19068652.00,2.07,1.30,0.60,2.19
2017-04-27,46.80,47.34,47.36,44.45,7715,35498745.00,6.20,0.94,0.44,4.13
2017-04-28,47.36,48.12,48.49,47.14,6213,29770865.00,2.85,1.65,0.78,3.33
2017-05-02,47.80,47.60,48.68,47.14,5874,28231468.00,3.20,-1.08,-0.52,3.14
2017-05-03,47.40,52.36,52.36,46.90,20714,105171674.00,11.47,10.00,4.76,11.09
2017-05-04,53.19,51.90,53.19,51.56,17115,89658950.00,3.11,-0.88,-0.46,9.16
2017-05-05,52.52,49.68,52.52,49.62,11117,56172896.00,5.59,-4.28,-2.22,5.95
2017-05-08,49.65,49.55,51.00,48.92,8479,42322272.00,4.19,-0.26,-0.13,4.54
2017-05-09,49.04,50.36,51.00,49.00,7933,39736511.00,4.04,1.63,0.81,4.25
2017-05-10,50.10,47.35,50.88,46.00,10614,52134670.00,9.69,-5.98,-3.01,5.68
2017-05-11,46.00,46.81,47.44,44.18,9134,41915200.00,6.88,-1.14,-0.54,4.89
2017-05-12,46.50,46.64,48.00,45.50,6866,32267740.00,5.34,-0.36,-0.17,3.68
2017-05-15,47.30,44.50,47.30,44.28,8885,40420581.00,6.48,-4.59,-2.14,4.76
2017-05-16,44.50,44.80,44.94,40.81,15997,67646825.00,9.28,0.67,0.30,8.56
2017-05-17,43.99,43.81,44.77,43.52,11078,48790989.00,2.79,-2.21,-0.99,5.93
2017-05-18,43.50,43.67,44.57,43.02,9077,39905626.00,3.54,-0.32,-0.14,4.86
2017-05-19,43.56,42.65,43.88,42.50,6130,26394899.00,3.16,-2.34,-1.02,3.28
2017-05-22,42.78,39.93,42.78,39.61,9366,38405211.00,7.43,-6.38,-2.72,5.01
2017-05-23,39.90,37.36,40.35,37.36,8956,34763665.00,7.49,-6.44,-2.57,4.79
2017-05-24,37.35,36.61,37.35,34.96,9157,33055881.00,6.40,-2.01,-0.75,4.90
2017-05-25,36.30,36.66,36.99,35.50,6937,25187418.00,4.07,0.14,0.05,3.71
2017-05-26,36.02,36.36,36.90,36.02,7074,25809238.00,2.40,-0.82,-0.30,3.79
2017-05-31,37.50,36.98,38.95,36.66,12146,46207174.00,6.30,1.71,0.62,3.49
2017-06-01,36.38,36.82,36.83,35.83,9803,35516832.00,2.70,-0.43,-0.16,2.81
2017-06-02,37.20,40.50,40.50,37.20,32246,127518610.00,8.96,9.99,3.68,9.26
2017-06-05,40.06,40.09,41.36,39.39,25275,101532641.00,4.86,-1.01,-0.41,7.25
2017-06-06,40.30,39.88,40.30,39.08,13847,54851464.00,3.04,-0.52,-0.21,3.97
2017-06-07,39.95,40.75,40.83,39.45,18516,74829254.00,3.46,2.18,0.87,5.31
2017-06-08,39.99,39.75,40.72,39.40,17430,69696367.00,3.24,-2.45,-1.00,5.00
2017-06-09,39.40,38.98,39.78,38.69,11620,45289320.00,2.74,-1.94,-0.77,3.34
2017-06-12,38.91,37.84,39.69,37.37,9388,35732661.00,5.95,-2.92,-1.14,2.69
2017-06-13,38.29,38.89,38.91,37.52,12381,47442296.00,3.67,2.77,1.05,3.55
2017-06-14,38.75,38.52,39.19,38.28,9264,35819671.00,2.34,-0.95,-0.37,2.66
2017-06-15,38.64,40.00,41.08,38.54,22511,89719015.00,6.59,3.84,1.48,6.46
2017-06-16,40.08,40.01,40.40,39.43,13068,52024918.00,2.43,0.03,0.01,3.75
2017-06-19,40.34,40.10,40.39,39.61,9532,38095596.00,1.95,0.22,0.09,2.74
2017-06-20,40.40,39.73,40.40,39.66,10649,42628917.00,1.85,-0.92,-0.37,3.06
2017-06-21,39.85,39.51,39.99,39.11,7238,28583540.00,2.21,-0.55,-0.22,2.08
2017-06-22,39.63,38.25,40.84,37.90,14081,56015782.00,7.44,-3.19,-1.26,4.04
2017-06-23,38.50,37.88,38.56,36.85,10022,37795080.00,4.47,-0.97,-0.37,2.88
2017-06-26,37.88,38.19,38.31,37.05,6555,24851493.00,3.33,0.82,0.31,1.88
2017-06-27,38.19,38.22,38.97,38.03,7331,28264331.00,2.46,0.08,0.03,2.10
2017-06-28,38.27,37.35,38.34,37.31,6642,25010929.00,2.69,-2.28,-0.87,1.91
2017-06-29,37.89,37.45,37.89,37.22,4176,15658204.00,1.79,0.27,0.10,1.20
2017-06-30,37.48,38.38,40.30,37.16,11366,44075444.00,8.38,2.48,0.93,3.26
2017-07-03,38.17,38.60,38.79,37.86,7934,30458680.00,2.42,0.57,0.22,2.28
2017-07-04,38.60,38.65,39.43,38.49,7244,28136345.00,2.44,0.13,0.05,2.08
2017-07-05,38.60,39.18,39.18,38.47,10496,40899214.00,1.84,1.37,0.53,3.01
2017-07-06,39.65,39.50,41.10,39.21,18987,76086232.00,4.82,0.82,0.32,5.45
2017-07-07,39.51,42.06,42.50,39.51,34502,143148356.00,7.57,6.48,2.56,9.90
2017-07-10,41.08,40.24,41.08,39.93,21403,86746703.00,2.73,-4.33,-1.82,6.14
2017-07-11,40.26,38.80,40.29,38.68,12535,49374437.00,4.00,-3.58,-1.44,3.60
2017-07-12,38.52,39.12,39.17,37.52,13884,52924808.00,4.25,0.82,0.32,3.99
2017-07-13,38.90,38.30,38.90,38.22,5805,22389342.00,1.74,-2.10,-0.82,1.67
2017-07-14,38.85,39.33,39.97,38.22,10149,39633245.00,4.57,2.69,1.03,2.91
2017-07-17,38.75,35.40,39.20,35.40,15982,58240625.00,9.66,-9.99,-3.93,4.59
2017-07-18,34.46,35.42,35.90,34.44,9659,34055795.00,4.12,0.06,0.02,2.77
2017-07-19,35.42,35.31,35.45,34.56,8615,30115716.00,2.51,-0.31,-0.11,2.47
2017-07-20,34.92,34.93,35.88,34.90,7241,25564617.00,2.78,-1.08,-0.38,2.08
2017-07-21,34.58,34.36,35.08,34.20,6061,21042695.00,2.52,-1.63,-0.57,1.74
2017-07-24,34.29,33.89,34.30,33.11,8536,28715171.00,3.46,-1.37,-0.47,2.45
2017-07-25,33.89,34.06,34.50,33.69,6057,20620609.00,2.39,0.50,0.17,1.74
2017-07-26,33.77,33.82,34.19,33.69,4311,14604715.00,1.47,-0.70,-0.24,1.24
2017-07-27,33.82,34.88,35.00,33.69,10941,37903808.00,3.87,3.13,1.06,3.14
2017-07-28,34.77,34.50,35.58,34.36,7428,25881627.00,3.50,-1.09,-0.38,2.13
2017-07-31,34.20,34.66,34.88,34.03,4492,15488678.00,2.46,0.46,0.16,1.29
2017-08-01,34.67,34.85,34.92,34.26,5790,20031757.00,1.90,0.55,0.19,1.66
2017-08-02,34.73,34.26,34.90,34.21,6113,21075398.00,1.98,-1.69,-0.59,1.75
2017-08-03,34.26,35.12,35.29,34.01,10102,35212983.00,3.74,2.51,0.86,2.90
2017-08-04,35.09,34.53,35.20,34.45,6230,21611681.00,2.14,-1.68,-0.59,1.79
2017-08-07,34.39,34.71,34.99,34.39,4157,14432682.00,1.74,0.52,0.18,1.19
2017-08-08,34.70,34.77,34.85,34.11,4975,17108565.00,2.13,0.17,0.06,1.43
2017-08-09,34.83,34.78,34.94,34.47,4430,15382042.00,1.35,0.03,0.01,1.27
2017-08-10,34.79,33.47,34.84,33.40,7498,25434921.00,4.14,-3.77,-1.31,2.15
2017-08-11,33.15,33.06,33.61,33.00,5123,17056881.00,1.82,-1.22,-0.41,1.47
2017-08-14,32.87,33.94,33.96,32.87,5196,17488732.00,3.30,2.66,0.88,1.49
2017-08-15,34.00,34.42,34.42,33.94,5763,19716329.00,1.41,1.41,0.48,1.65
2017-08-16,34.26,35.00,35.05,34.25,7175,24968814.00,2.32,1.69,0.58,2.06
2017-08-17,34.90,34.88,35.50,34.57,8328,29154006.00,2.66,-0.34,-0.12,2.39
2017-08-18,34.62,34.85,35.35,34.55,7115,24874328.00,2.29,-0.09,-0.03,2.04
2017-08-21,34.60,35.31,35.38,34.60,7139,25086388.00,2.24,1.32,0.46,2.05
2017-08-22,35.23,35.12,35.37,34.81,5201,18210592.00,1.59,-0.54,-0.19,1.49
2017-08-23,35.29,35.19,35.43,34.90,6460,22711777.00,1.51,0.20,0.07,1.85
2017-08-24,35.18,34.90,35.19,34.71,6126,21390093.00,1.36,-0.82,-0.29,1.76
2017-08-25,34.97,36.68,36.95,34.85,23918,86830955.00,6.02,5.10,1.78,6.87
2017-08-28,36.68,36.75,36.99,36.19,16895,61687622.00,2.18,0.19,0.07,4.85
2017-08-29,36.72,36.96,37.45,36.35,12817,47147967.00,2.99,0.57,0.21,3.68
2017-08-30,36.51,36.22,36.88,36.01,7780,28361466.00,2.35,-2.00,-0.74,2.23
2017-08-31,36.20,37.11,37.44,36.00,9596,35411591.00,3.98,2.46,0.89,2.75
2017-09-01,37.08,36.99,37.29,36.69,5955,21948232.00,1.62,-0.32,-0.12,1.71
2017-09-04,37.16,37.74,37.80,36.61,13223,49433952.00,3.22,2.03,0.75,3.80
2017-09-05,37.41,37.85,38.55,37.41,15749,60043371.00,3.02,0.29,0.11,4.52
2017-09-06,37.61,38.08,38.41,37.13,11417,42933449.00,3.38,0.61,0.23,3.28
2017-09-07,37.87,38.42,38.60,37.81,15872,60691098.00,2.07,0.89,0.34,4.56
2017-09-08,38.50,37.81,38.50,37.55,10017,38113245.00,2.47,-1.59,-0.61,2.88
2017-09-11,37.76,37.98,37.98,37.31,7231,27270780.00,1.77,0.45,0.17,2.08
2017-09-12,37.98,37.18,38.30,37.12,10671,40118934.00,3.11,-2.11,-0.80,3.06
2017-09-13,37.19,37.07,37.42,36.63,8168,30168404.00,2.12,-0.30,-0.11,2.34
2017-09-14,36.95,37.09,37.50,36.80,5014,18581047.00,1.89,0.05,0.02,1.44
2017-09-15,37.08,37.10,37.40,36.87,5671,21024133.00,1.43,0.03,0.01,1.63
2017-09-18,37.10,38.25,38.44,36.80,12957,48888126.00,4.42,3.10,1.15,3.72
2017-09-19,38.27,39.13,39.97,37.87,27754,108152494.00,5.49,2.30,0.88,7.97
2017-09-20,38.68,38.04,38.68,37.40,19414,73398860.00,3.27,-2.79,-1.09,5.57
2017-09-21,37.81,36.85,37.98,36.85,12856,48214801.00,2.97,-3.13,-1.19,3.69
2017-09-22,36.83,36.78,36.86,36.23,8832,32278465.00,1.71,-0.19,-0.07,2.54
2017-09-25,36.46,36.89,37.10,36.46,7055,26038226.00,1.74,0.30,0.11,2.02
2017-09-26,37.27,36.36,37.27,35.90,6359,23141376.00,3.71,-1.44,-0.53,1.83
2017-09-27,36.36,36.98,37.16,36.30,5881,21703939.00,2.37,1.71,0.62,1.69
2017-09-28,36.98,36.93,37.20,36.66,5893,21776299.00,1.46,-0.14,-0.05,1.69
2017-09-29,36.93,36.50,36.93,36.31,4617,16956879.00,1.68,-1.16,-0.43,1.33
2017-10-09,36.56,36.87,37.20,36.56,4038,14904106.00,1.75,1.01,0.37,1.16
2017-10-10,36.98,37.98,37.99,36.80,9719,36361813.00,3.23,3.01,1.11,2.79
2017-10-11,37.88,40.59,41.78,37.70,41686,167139281.00,10.74,6.87,2.61,11.96
2017-10-12,39.80,39.63,40.60,39.01,26385,104539615.00,3.92,-2.37,-0.96,7.57
2017-10-13,39.18,41.81,42.45,39.18,37235,153656730.00,8.25,5.50,2.18,10.69
2017-10-16,41.70,40.63,41.70,40.50,21134,86639073.00,2.87,-2.82,-1.18,6.07
2017-10-17,40.56,44.69,44.69,39.50,72034,313743040.00,12.77,9.99,4.06,20.68
2017-10-18,44.19,45.13,45.98,43.11,62382,275162864.00,6.42,0.98,0.44,17.91
2017-10-19,44.80,45.29,46.00,44.13,48920,221054936.00,4.14,0.35,0.16,14.04
2017-10-20,45.00,45.17,46.94,44.12,46870,213597481.00,6.23,-0.26,-0.12,13.45
2017-10-23,44.00,43.65,44.94,43.15,33513,146896589.00,3.96,-3.37,-1.52,9.62
2017-10-24,43.22,41.35,43.22,40.31,36279,149807001.00,6.67,-5.27,-2.30,10.41
2017-10-25,41.32,41.41,41.72,41.00,21352,88374553.00,1.74,0.15,0.06,6.13
2017-10-26,41.26,41.70,42.38,41.00,21033,87896544.00,3.33,0.70,0.29,6.04
2017-10-27,41.98,41.19,41.98,40.67,16354,67493753.00,3.14,-1.22,-0.51,4.69
2017-10-30,41.20,38.80,41.86,38.71,17411,69599392.00,7.65,-5.80,-2.39,5.00
2017-10-31,38.74,40.60,41.00,38.68,21664,86885159.00,5.98,4.64,1.80,6.22
2017-11-01,40.28,41.14,41.50,39.56,19389,79192728.00,4.78,1.33,0.54,5.57
2017-11-02,41.12,40.78,41.20,40.51,14162,57728415.00,1.68,-0.88,-0.36,4.06
2017-11-03,40.31,39.45,40.87,38.90,13727,54470832.00,4.83,-3.26,-1.33,3.94
2017-11-06,39.49,40.63,40.70,39.32,10933,43688164.00,3.50,2.99,1.18,3.14
2017-11-07,40.63,40.43,40.88,39.88,9739,39172490.00,2.46,-0.49,-0.20,2.80
2017-11-08,40.43,39.95,40.95,39.91,15723,63809996.00,2.57,-1.19,-0.48,4.51
2017-11-09,39.70,38.55,39.92,38.55,15185,59535033.00,3.43,-3.50,-1.40,4.36
2017-11-10,38.85,38.26,39.48,37.70,25192,97226533.00,4.62,-0.75,-0.29,7.23
2017-11-13,37.84,38.07,38.38,37.74,12577,47812050.00,1.67,-0.50,-0.19,3.61
2017-11-14,37.99,36.55,37.99,36.46,16464,61207535.00,4.02,-3.99,-1.52,4.73
2017-11-15,36.60,36.73,37.38,36.59,9548,35294620.00,2.16,0.49,0.18,2.74
2017-11-16,36.60,34.99,36.98,34.58,12705,45598987.00,6.53,-4.74,-1.74,3.65
2017-11-17,35.06,33.13,35.30,32.81,16062,54306189.00,7.12,-5.32,-1.86,4.61
2017-11-20,33.06,33.21,33.39,32.00,7632,24997107.00,4.20,0.24,0.08,2.19
2017-11-21,33.22,32.77,33.33,32.23,8429,27613539.00,3.31,-1.32,-0.44,2.42
2017-11-22,32.21,32.54,33.26,32.21,7360,24082187.00,3.20,-0.70,-0.23,2.11
2017-11-23,32.93,31.67,32.93,31.65,7872,25324395.00,3.93,-2.67,-0.87,2.26
2017-11-24,31.32,31.40,31.97,31.32,4833,15259061.00,2.05,-0.85,-0.27,1.39
2017-11-27,31.40,31.54,32.03,31.40,5110,16208268.00,2.01,0.45,0.14,1.47
2017-11-28,31.63,32.42,32.60,31.46,6376,20481137.00,3.61,2.79,0.88,1.83
2017-11-29,32.02,32.45,32.49,31.61,6324,20248969.00,2.71,0.09,0.03,1.82
2017-11-30,32.08,32.61,32.88,32.08,5125,16668728.00,2.47,0.49,0.16,1.47
2017-12-01,32.64,33.02,33.16,32.42,5538,18223237.00,2.27,1.26,0.41,1.59
2017-12-04,32.93,31.45,32.93,31.37,6226,20030245.00,4.72,-4.75,-1.57,1.79
2017-12-05,31.51,29.69,31.53,29.00,10214,30763524.00,8.04,-5.60,-1.76,2.93
2017-12-06,29.63,30.06,30.11,29.46,5236,15619395.00,2.19,1.25,0.37,1.50
2017-12-07,30.03,30.04,30.28,29.70,3887,11686551.00,1.93,-0.07,-0.02,1.12
2017-12-08,30.12,30.82,30.97,30.04,6448,19817188.00,3.10,2.60,0.78,1.85
2017-12-11,30.95,30.85,31.00,30.59,5533,17033446.00,1.33,0.10,0.03,1.59
2017-12-12,30.79,30.03,31.00,29.93,4652,14107764.00,3.47,-2.66,-0.82,1.34
2017-12-13,30.02,30.27,30.37,29.62,3531,10626617.00,2.50,0.80,0.24,1.01
2017-12-14,30.13,30.51,30.86,30.13,4244,12897560.00,2.41,0.79,0.24,1.22
2017-12-15,30.77,30.21,30.77,30.01,4198,12734274.00,2.49,-0.98,-0.30,1.21
2017-12-18,30.22,29.92,30.51,29.75,4982,14975836.00,2.52,-0.96,-0.29,1.43
2017-12-19,29.99,30.45,30.50,29.70,3970,12006117.00,2.67,1.77,0.53,1.14
2017-12-20,30.09,29.93,30.36,29.90,3838,11514358.00,1.51,-1.71,-0.52,1.10
2017-12-21,29.94,30.01,30.13,29.12,5027,14924567.00,3.37,0.27,0.08,1.44
2017-12-22,29.99,31.13,31.75,29.71,10505,32346799.00,6.80,3.73,1.12,3.02
2017-12-25,30.50,30.05,30.74,30.05,6263,19008632.00,2.22,-3.47,-1.08,1.80
2017-12-26,30.10,31.18,31.35,29.70,15288,46884703.00,5.49,3.76,1.13,4.39
2017-12-27,31.00,31.48,32.25,30.68,15227,47810376.00,5.04,0.96,0.30,4.37
2017-12-28,31.01,31.23,31.59,31.00,8473,26490888.00,1.87,-0.79,-0.25,2.43
2017-12-29,31.23,31.26,31.50,31.03,5027,15695006.00,1.50,0.10,0.03,1.44
2018-01-02,31.28,31.38,31.66,31.16,5934,18642247.00,1.60,0.38,0.12,1.71
2018-01-03,31.40,31.56,31.67,31.11,7207,22698005.00,1.78,0.57,0.18,2.07
2018-01-04,31.56,31.87,32.33,31.43,9771,31213937.00,2.85,0.98,0.31,2.81
2018-01-05,31.89,31.51,31.89,31.40,5574,17621336.00,1.54,-1.13,-0.36,1.60
2018-01-08,31.66,30.96,31.66,30.45,7644,23609804.00,3.84,-1.75,-0.55,2.20
2018-01-09,30.81,30.66,31.15,30.66,5013,15448966.00,1.58,-0.97,-0.30,1.44
2018-01-10,30.67,29.85,30.88,29.59,9357,28133928.00,4.21,-2.64,-0.81,2.69
2018-01-11,29.55,30.21,30.40,29.55,5219,15725564.00,2.85,1.21,0.36,1.50
2018-01-12,30.22,30.10,30.54,30.07,3860,11696791.00,1.56,-0.36,-0.11,1.11
2018-01-15,29.61,28.87,30.09,28.80,8352,24383078.00,4.29,-4.09,-1.23,2.40
2018-01-16,28.87,29.31,29.96,28.87,4932,14486292.00,3.78,1.52,0.44,1.42
2018-01-17,29.45,29.61,29.61,28.83,5328,15606429.00,2.66,1.02,0.30,1.53
2018-01-18,29.43,30.17,30.24,29.43,6980,20892050.00,2.74,1.89,0.56,2.01
2018-01-19,30.20,31.04,31.16,29.96,10797,33084871.00,3.98,2.88,0.87,3.11
2018-01-22,30.88,30.89,31.01,30.10,6704,20529800.00,2.93,-0.48,-0.15,1.93
2018-01-23,30.74,30.55,31.10,30.45,4559,14002569.00,2.10,-1.10,-0.34,1.31
2018-01-24,30.55,30.75,31.55,30.51,7442,23063881.00,3.40,0.65,0.20,2.14
2018-01-25,30.70,30.23,30.90,30.20,5966,18218213.00,2.28,-1.69,-0.52,1.72
2018-01-26,30.20,29.40,30.55,29.36,5366,16058666.00,3.94,-2.75,-0.83,1.54
2018-01-29,29.50,29.25,29.84,29.00,4125,12120916.00,2.86,-0.51,-0.15,1.19
2018-01-30,29.09,29.63,29.68,29.09,2825,8298476.00,2.02,1.30,0.38,0.81
2018-01-31,29.00,27.90,29.46,27.66,7158,20335393.00,6.07,-5.84,-1.73,2.06
2018-02-01,26.67,26.48,27.57,26.48,5357,14454478.00,3.91,-5.09,-1.42,1.54
2018-02-02,26.20,25.93,26.57,25.55,3747,9755179.00,3.85,-2.08,-0.55,1.08
2018-02-05,25.61,25.00,25.61,23.77,4065,10166933.00,7.10,-3.59,-0.93,1.17
2018-02-06,24.83,22.61,24.83,22.60,5368,12688489.00,8.92,-9.56,-2.39,1.54
2018-02-07,23.10,22.90,23.44,22.12,6845,15718988.00,5.84,1.28,0.29,1.97
2018-02-08,22.90,23.30,23.49,22.90,2985,6963564.00,2.58,1.75,0.40,0.86
2018-02-09,22.95,22.69,23.08,22.40,3777,8572815.00,2.92,-2.62,-0.61,1.09
2018-02-12,22.97,23.44,23.48,22.77,3356,7808293.00,3.13,3.31,0.75,0.97
2018-02-13,23.50,23.50,23.92,23.50,3008,7112442.00,1.79,0.26,0.06,0.87
2018-02-14,23.45,23.31,23.59,23.15,2137,4989724.00,1.87,-0.81,-0.19,0.61
2018-02-22,23.88,23.76,23.98,23.44,1989,4714173.00,2.32,1.93,0.45,0.57
2018-02-23,23.76,23.95,23.98,23.66,2814,6704389.00,1.35,0.80,0.19,0.81
2018-02-26,23.93,24.92,24.99,23.93,5907,14617553.00,4.43,4.05,0.97,1.70
2018-02-27,24.80,24.79,24.90,24.58,2985,7384445.00,1.28,-0.52,-0.13,0.86
2018-02-28,24.79,25.03,25.36,24.70,4997,12556257.00,2.66,0.97,0.24,1.44
2018-03-01,24.72,25.28,25.30,24.70,3492,8775439.00,2.40,1.00,0.25,1.00
2018-03-02,25.22,24.81,25.39,24.80,3800,9514574.00,2.33,-1.86,-0.47,1.09
2018-03-05,24.81,25.26,25.27,24.81,3422,8598963.00,1.85,1.81,0.45,0.98
2018-03-06,25.27,25.70,25.99,25.15,5902,15113198.00,3.33,1.74,0.44,1.70
2018-03-07,25.69,25.42,25.69,25.33,3326,8471680.00,1.40,-1.09,-0.28,0.96
2018-03-08,25.32,26.22,26.27,25.32,5241,13578398.00,3.74,3.15,0.80,1.51
2018-03-09,26.09,26.68,26.74,26.09,7228,19148615.00,2.48,1.75,0.46,2.08
2018-03-12,26.67,26.89,27.05,26.36,6226,16659298.00,2.59,0.79,0.21,1.79
2018-03-13,26.89,26.53,27.07,26.38,4712,12605194.00,2.57,-1.34,-0.36,1.36
2018-03-14,26.80,26.12,26.80,26.00,4855,12778304.00,3.02,-1.55,-0.41,1.40
2018-03-15,26.13,25.51,26.37,25.01,5644,14394190.00,5.21,-2.34,-0.61,1.62
2018-03-16,25.57,26.30,26.70,25.57,6663,17444732.00,4.43,3.10,0.79,1.92
2018-03-19,26.36,26.65,26.83,26.02,4964,13147802.00,3.08,1.33,0.35,1.43
2018-03-20,26.48,26.30,26.73,26.08,3917,10300767.00,2.44,-1.31,-0.35,1.13
2018-03-21,26.35,26.64,27.30,26.24,7198,19350492.00,4.03,1.29,0.34,2.07
2018-03-22,26.30,26.90,27.27,26.30,5787,15573368.00,3.64,0.98,0.26,1.66
2018-03-23,26.00,24.21,26.48,24.21,8897,22448835.00,8.44,-10.00,-2.69,2.56
2018-03-26,24.00,24.26,24.47,22.70,5355,12612394.00,7.31,0.21,0.05,1.54
2018-03-27,24.53,25.36,25.41,24.39,6047,15120784.00,4.20,4.53,1.10,1.74
2018-03-28,25.07,25.99,27.50,24.77,12263,32204252.00,10.76,2.48,0.63,3.53
2018-03-29,25.97,26.95,27.20,25.96,10495,27948262.00,4.77,3.69,0.96,3.02
2018-03-30,26.75,27.43,27.72,26.70,9310,25390017.00,3.78,1.78,0.48,2.68
2018-04-02,26.23,26.70,27.00,26.10,14643,38870956.00,3.28,-2.66,-0.73,4.21
2018-04-03,26.28,28.33,28.73,25.79,16310,43994357.00,11.01,6.10,1.63,4.69
2018-04-04,27.66,28.34,28.94,27.30,19487,54906809.00,5.79,0.04,0.01,5.60
2018-04-09,28.03,27.60,28.14,27.30,9785,27125788.00,2.96,-2.61,-0.74,2.81
2018-04-10,27.51,26.94,27.85,26.46,9245,24952106.00,5.04,-2.39,-0.66,2.66
2018-04-11,26.55,27.56,27.60,26.50,11279,30628382.00,4.08,2.30,0.62,3.24
2018-04-12,27.31,26.99,27.88,26.80,9390,25659712.00,3.92,-2.07,-0.57,2.70
2018-04-13,27.05,26.70,27.50,26.70,8323,22509414.00,2.96,-1.07,-0.29,2.39
2018-04-16,26.60,25.56,27.08,25.45,9551,24930524.00,6.10,-4.27,-1.14,2.75
2018-04-17,25.90,25.15,26.71,25.09,10211,26559596.00,6.34,-1.60,-0.41,2.94
2018-04-18,25.39,25.31,25.60,24.25,9518,23720071.00,5.37,0.64,0.16,2.74
2018-04-19,24.87,25.24,25.88,24.83,8134,20752508.00,4.15,-0.28,-0.07,2.34
2018-04-20,25.32,24.26,25.34,24.06,7777,19286228.00,5.07,-3.88,-0.98,2.24
2018-04-23,24.01,24.06,24.66,23.72,4939,11923825.00,3.87,-0.82,-0.20,1.42
2018-04-24,24.10,24.91,24.91,23.92,5723,14106700.00,4.11,3.53,0.85,1.65
2018-04-25,24.80,24.89,25.29,24.50,6575,16390957.00,3.17,-0.08,-0.02,1.89
2018-04-26,25.10,24.20,25.94,24.15,6083,15159323.00,7.19,-2.77,-0.69,1.75
2018-04-27,24.10,24.06,24.39,24.00,6555,15834489.00,1.61,-0.58,-0.14,1.89
2018-05-02,24.15,24.82,25.02,24.10,7461,18347597.00,3.82,3.16,0.76,2.15
2018-05-03,24.58,24.87,25.10,24.51,4895,12113260.00,2.38,0.20,0.05,1.41
2018-05-04,24.99,24.91,25.09,24.60,4770,11879518.00,1.97,0.16,0.04,1.37
2018-05-07,25.06,25.28,25.43,24.70,6004,15100256.00,2.93,1.49,0.37,1.73
2018-05-08,25.13,26.20,26.27,25.13,11311,29259075.00,4.51,3.64,0.92,3.25
2018-05-09,26.24,26.30,26.47,25.92,7349,19235888.00,2.10,0.38,0.10,2.11
2018-05-10,26.31,26.80,27.19,26.22,10581,28351941.00,3.69,1.90,0.50,3.04
2018-05-11,26.78,25.83,26.99,25.82,9543,25048769.00,4.37,-3.62,-0.97,2.74
2018-05-14,25.98,26.01,26.88,25.53,7902,20664765.00,5.23,0.70,0.18,2.27
2018-05-15,25.80,26.55,26.64,25.79,6107,15994173.00,3.27,2.08,0.54,1.76
2018-05-16,26.51,26.30,26.59,26.15,6105,16097877.00,1.66,-0.94,-0.25,1.76
2018-05-17,26.20,26.71,27.31,26.20,12581,33917993.00,4.22,1.56,0.41,3.62
2018-05-18,26.55,26.76,27.30,26.22,11793,31557326.00,4.04,0.19,0.05,3.39
2018-05-21,26.83,27.03,27.48,26.73,11370,30881087.00,2.80,1.01,0.27,3.27
2018-05-22,27.13,27.50,27.50,26.81,14003,38134054.00,2.55,1.74,0.47,4.03
2018-05-23,27.55,27.49,28.20,27.31,13828,38279381.00,3.24,-0.04,-0.01,3.98
2018-05-24,27.25,27.38,27.86,27.16,7904,21683873.00,2.55,-0.40,-0.11,2.27
2018-05-25,27.63,28.07,28.56,27.43,15808,44324792.00,4.13,2.52,0.69,4.55
2018-05-28,27.80,29.10,30.14,27.51,23545,68081336.00,9.37,3.67,1.03,6.77
2018-05-29,28.65,27.68,29.09,27.50,14672,41590203.00,5.46,-4.88,-1.42,4.22
2018-05-30,27.08,26.28,27.50,26.18,14276,38428185.00,4.77,-5.06,-1.40,4.11
2018-05-31,26.35,28.47,28.91,26.28,34152,96045166.00,10.01,8.33,2.19,9.82
2018-06-01,28.13,26.46,28.14,25.62,24602,66556856.00,8.85,-7.06,-2.01,7.08
2018-06-04,26.61,25.47,26.99,25.00,13949,35971774.00,7.52,-3.74,-0.99,4.01
2018-06-05,25.79,26.54,26.89,25.42,13349,34978983.00,5.77,4.20,1.07,3.84
2018-06-06,26.60,28.45,29.00,26.60,28058,78678703.00,9.04,7.20,1.91,8.07
2018-06-07,28.59,30.28,31.24,27.88,55391,162676050.00,11.81,6.43,1.83,15.93
2018-06-08,29.70,29.09,29.92,28.80,34898,102216922.00,3.70,-3.93,-1.19,10.04
2018-06-11,28.82,28.48,29.09,27.90,21147,60109173.00,4.09,-2.10,-0.61,6.08
2018-06-12,28.47,28.53,28.89,27.70,22363,63357824.00,4.18,0.18,0.05,6.43
2018-06-13,28.30,26.78,28.50,26.57,22196,61240129.00,6.76,-6.13,-1.75,6.38
2018-06-14,26.85,26.30,27.32,25.93,18103,47929058.00,5.19,-1.79,-0.48,5.21
2018-06-15,26.50,25.51,26.52,25.50,14259,36903571.00,3.88,-3.00,-0.79,4.10
2018-06-19,24.87,22.96,24.89,22.96,16435,38746391.00,7.57,-10.00,-2.55,4.73
2018-06-20,22.21,22.68,23.06,22.20,11110,25110068.00,3.75,-1.22,-0.28,3.20
2018-06-21,22.70,21.25,23.10,20.89,12413,27455956.00,9.74,-6.31,-1.43,3.57
2018-06-22,21.22,21.56,21.63,20.50,6073,12925488.00,5.32,1.46,0.31,1.75
2018-06-25,21.60,21.08,21.83,21.00,7703,16459962.00,3.85,-2.23,-0.48,2.22
2018-06-26,20.18,21.25,21.40,20.18,7656,16073366.00,5.79,0.81,0.17,2.20
2018-06-27,21.03,21.27,21.53,20.91,5002,10626884.00,2.92,0.09,0.02,1.44
2018-06-28,21.27,20.80,21.68,20.72,6376,13505271.00,4.51,-2.21,-0.47,1.83
2018-06-29,21.81,21.40,22.78,21.37,26341,57439405.00,6.78,2.88,0.60,7.58
2018-07-02,21.10,21.42,21.85,21.05,12546,26988437.00,3.74,0.09,0.02,3.58
2018-07-03,21.32,21.80,21.80,20.89,13000,27746030.00,4.25,1.77,0.38,3.71
2018-07-04,21.53,21.38,21.64,21.00,9262,19761195.00,2.94,-1.93,-0.42,2.64
2018-07-05,21.13,19.90,21.31,19.89,9500,19597826.00,6.64,-6.92,-1.48,2.71
2018-07-06,20.05,20.10,20.28,18.02,9603,19049002.00,11.36,1.01,0.20,2.74
2018-07-09,19.99,20.42,20.48,19.92,4776,9681828.00,2.79,1.59,0.32,1.36
2018-07-10,20.49,20.40,20.76,20.21,6216,12717874.00,2.69,-0.10,-0.02,1.77
2018-07-11,20.30,19.77,20.30,19.10,7584,14907907.00,5.88,-3.09,-0.63,2.16
2018-07-12,19.92,20.39,20.40,19.91,5849,11865730.00,2.48,3.14,0.62,1.67
2018-07-13,20.20,20.29,20.69,20.06,4973,10110191.00,3.09,-0.49,-0.10,1.42
2018-07-16,20.29,20.27,20.33,19.96,4701,9470169.00,1.82,-0.10,-0.02,1.34
2018-07-17,20.31,20.20,20.56,19.92,3700,7437301.00,3.16,-0.35,-0.07,1.06
2018-07-18,20.29,19.99,20.35,19.95,4067,8226158.00,1.98,-1.04,-0.21,1.16
2018-07-19,20.03,19.26,20.03,19.20,7258,14162385.00,4.15,-3.65,-0.73,2.07
2018-07-20,19.30,19.77,19.89,19.27,5838,11460596.00,3.22,2.65,0.51,1.67
2018-07-23,19.80,19.79,20.00,19.50,5751,11350775.00,2.53,0.10,0.02,1.64
2018-07-24,19.85,20.20,20.29,19.63,7980,16022802.00,3.34,2.07,0.41,2.28
2018-07-25,20.26,20.40,20.41,20.12,4966,10080794.00,1.44,0.99,0.20,1.42
2018-07-26,20.30,20.18,20.40,20.08,6714,13588021.00,1.57,-1.08,-0.22,1.92
2018-07-27,20.26,20.69,20.73,20.06,11313,23182964.00,3.32,2.53,0.51,3.23
2018-07-30,20.60,19.50,20.62,19.03,10121,20202015.00,7.68,-5.75,-1.19,2.89
2018-07-31,19.53,19.76,19.78,19.35,4222,8298895.00,2.21,1.33,0.26,1.20
2018-08-01,19.69,19.70,20.28,19.50,6871,13704005.00,3.95,-0.30,-0.06,1.96
2018-08-02,19.66,20.35,20.53,18.60,13815,27249421.00,9.80,3.30,0.65,3.94
2018-08-03,20.34,20.94,21.56,20.09,21806,45971344.00,7.22,2.90,0.59,6.22
2018-08-06,20.41,19.25,20.54,18.85,13506,26314272.00,8.07,-8.07,-1.69,3.85
2018-08-07,19.05,19.19,19.35,18.18,10707,20230657.00,6.08,-0.31,-0.06,3.06
2018-08-08,19.05,18.47,19.25,18.30,6854,12861701.00,4.95,-3.75,-0.72,1.96
2018-08-09,18.09,18.75,19.02,18.09,5446,10177654.00,5.04,1.52,0.28,1.55
2018-08-10,18.88,19.14,19.20,18.62,9810,18456430.00,3.09,2.08,0.39,2.80
2018-08-13,18.87,19.00,19.14,18.60,5406,10200594.00,2.82,-0.73,-0.14,1.54
2018-08-14,18.90,19.08,19.30,18.82,5539,10559218.00,2.53,0.42,0.08,1.58
2018-08-15,19.09,18.81,19.35,18.65,5225,9904662.00,3.67,-1.42,-0.27,1.49
2018-08-16,18.75,18.79,18.86,18.16,8030,14963233.00,3.72,-0.11,-0.02,2.29
2018-08-17,18.86,18.52,18.97,18.27,5139,9540290.00,3.73,-1.44,-0.27,1.47
2018-08-20,18.21,17.90,18.45,17.70,6364,11471633.00,4.05,-3.35,-0.62,1.82
2018-08-21,17.93,18.07,18.20,17.81,3837,6919628.00,2.18,0.95,0.17,1.09
2018-08-22,18.08,17.95,18.46,17.92,3762,6842339.00,2.99,-0.66,-0.12,1.07
2018-08-23,17.81,18.23,18.36,17.81,4630,8369325.00,3.06,1.56,0.28,1.32
2018-08-24,18.45,20.05,20.05,18.23,12888,25378057.00,9.98,9.98,1.82,3.68
2018-08-27,21.18,22.06,22.06,20.89,40206,87942342.00,5.84,10.02,2.01,11.47
2018-08-28,22.36,21.69,23.99,21.53,61782,140963030.00,11.15,-1.68,-0.37,17.63
2018-08-29,21.08,22.18,22.68,20.55,41360,88571608.00,9.82,2.26,0.49,11.80
2018-08-30,21.20,20.79,22.10,20.70,31629,67363214.00,6.31,-6.27,-1.39,9.03
2018-08-31,20.78,20.54,21.46,20.10,21773,45000778.00,6.54,-1.20,-0.25,6.21
2018-09-03,20.44,20.50,20.70,19.66,18814,38101335.00,5.06,-0.19,-0.04,5.37
2018-09-04,20.50,20.38,20.73,19.99,17953,36375195.00,3.61,-0.59,-0.12,5.12
2018-09-05,20.76,21.12,22.42,20.30,31797,67853671.00,10.40,3.63,0.74,9.07
2018-09-06,21.40,20.48,21.40,20.20,19452,40070797.00,5.68,-3.03,-0.64,5.55
2018-09-07,20.59,22.53,22.53,20.59,24068,53780884.00,9.47,10.01,2.05,6.87
2018-09-10,24.78,21.49,24.78,21.49,71028,169423170.00,14.60,-4.62,-1.04,20.27
2018-09-11,20.57,20.38,20.88,19.90,43668,88995180.00,4.56,-5.17,-1.11,12.46
2018-09-12,20.28,19.60,20.28,19.46,25559,50811332.00,4.02,-3.83,-0.78,7.29
2018-09-13,19.83,19.38,19.98,19.25,18578,36301294.00,3.72,-1.12,-0.22,5.30
2018-09-14,19.41,19.12,19.83,19.09,17355,33861621.00,3.82,-1.34,-0.26,4.95
2018-09-17,18.90,18.53,18.90,18.20,14640,27094888.00,3.66,-3.09,-0.59,4.18
2018-09-18,18.50,18.94,19.09,18.42,13427,25234910.00,3.62,2.21,0.41,3.83
2018-09-19,18.88,18.99,19.07,18.65,13031,24592098.00,2.22,0.26,0.05,3.72
2018-09-20,18.93,18.97,19.35,18.77,11375,21598881.00,3.05,-0.11,-0.02,3.25
2018-09-21,18.98,19.60,20.54,18.84,25975,51186240.00,8.96,3.32,0.63,7.41
2018-09-25,19.40,19.49,19.86,19.40,15108,29651301.00,2.35,-0.56,-0.11,4.31
2018-09-26,19.69,20.51,21.02,19.20,29758,59690177.00,9.34,5.23,1.02,8.49
2018-09-27,20.11,19.45,20.43,19.40,18296,36420337.00,5.02,-5.17,-1.06,5.22
2018-09-28,19.46,19.72,19.77,19.28,13308,26115196.00,2.52,1.39,0.27,3.80
2018-10-08,19.19,18.67,19.24,18.41,10458,19685000.00,4.21,-5.32,-1.05,2.98
2018-10-09,18.36,18.72,18.88,18.36,8437,15767193.00,2.79,0.27,0.05,2.41
2018-10-10,18.70,18.79,18.97,18.70,7794,14647031.00,1.44,0.37,0.07,2.22
2018-10-11,18.00,16.99,18.23,16.91,16369,28423775.00,7.03,-9.58,-1.80,4.67
2018-10-12,16.89,16.80,17.26,15.98,10877,18080409.00,7.53,-1.12,-0.19,3.10
2018-10-15,16.70,16.72,17.08,16.56,6729,11336064.00,3.10,-0.48,-0.08,1.92
2018-10-16,16.72,16.33,16.94,16.00,5443,8974863.00,5.62,-2.33,-0.39,1.55
2018-10-17,16.60,16.41,16.85,16.00,5420,8865787.00,5.21,0.49,0.08,1.55
2018-10-18,16.37,15.74,16.37,15.32,5880,9360413.00,6.40,-4.08,-0.67,1.68
2018-10-19,15.47,16.03,16.11,15.15,6913,10950869.00,6.10,1.84,0.29,1.97
2018-10-22,16.40,16.77,17.07,16.40,11040,18529192.00,4.18,4.62,0.74,3.15
2018-10-23,17.00,16.87,17.34,16.77,16741,28569619.00,3.40,0.60,0.10,4.78
2018-10-24,16.61,17.15,17.30,16.60,10263,17564203.00,4.15,1.66,0.28,2.93
2018-10-25,16.68,16.94,17.10,16.42,9107,15244301.00,3.97,-1.22,-0.21,2.60
2018-10-26,16.99,16.97,17.32,16.81,6422,10972912.00,3.01,0.18,0.03,1.83
2018-10-29,16.92,17.01,17.23,16.68,6933,11770024.00,3.24,0.24,0.04,1.98
2018-10-30,16.71,17.00,17.12,16.45,6686,11267046.00,3.94,-0.06,-0.01,1.91
2018-10-31,16.97,17.10,17.46,16.81,10352,17821940.00,3.82,0.59,0.10,2.95
2018-11-01,17.23,17.41,18.18,17.23,11331,19866256.00,5.56,1.81,0.31,3.23
2018-11-02,17.60,17.95,18.35,17.45,14949,26708109.00,5.17,3.10,0.54,4.27
2018-11-05,17.90,19.75,19.75,17.90,18402,35930850.00,10.31,10.03,1.80,5.25
2018-11-06,20.08,18.64,20.30,18.37,35557,68331091.00,9.77,-5.62,-1.11,10.15
2018-11-07,18.82,20.50,20.50,18.82,27810,56673321.00,9.01,9.98,1.86,7.94
2018-11-08,20.88,19.87,21.00,19.55,46269,93120229.00,7.07,-3.07,-0.63,13.20
2018-11-09,19.24,19.25,19.53,18.88,25678,49171608.00,3.27,-3.12,-0.62,7.33
2018-11-12,19.03,19.30,19.30,18.74,19897,38034859.00,2.91,0.26,0.05,5.68
2018-11-13,19.00,19.40,19.58,18.93,22268,43025647.00,3.37,0.52,0.10,6.35
2018-11-14,19.40,19.03,19.50,19.00,16969,32477578.00,2.58,-1.91,-0.37,4.84
2018-11-15,19.04,19.32,19.35,18.96,17400,33392331.00,2.05,1.52,0.29,4.97
2018-11-16,19.40,19.70,19.80,19.23,23710,46474268.00,2.95,1.97,0.38,6.77
2018-11-19,19.69,19.69,19.87,19.35,13542,26493923.00,2.64,-0.05,-0.01,3.86
2018-11-20,19.46,19.06,19.86,18.75,12294,23884389.00,5.64,-3.20,-0.63,3.51
2018-11-21,18.69,19.44,19.45,18.69,9523,18244131.00,3.99,1.99,0.38,2.72
2018-11-22,19.69,19.73,19.80,19.10,17521,34230185.00,3.60,1.49,0.29,5.00
2018-11-23,19.60,18.17,19.63,18.10,15793,29670600.00,7.75,-7.91,-1.56,4.51
2018-11-26,18.34,17.68,18.35,16.35,10953,19407500.00,11.01,-2.70,-0.49,3.13
2018-11-27,17.76,17.71,17.95,17.60,7016,12466423.00,1.98,0.17,0.03,2.00
2018-11-28,17.90,18.30,18.39,17.72,9283,16743180.00,3.78,3.33,0.59,2.65
2018-11-29,18.30,17.16,18.49,17.15,9656,17197319.00,7.32,-6.23,-1.14,2.76
2018-11-30,17.34,17.48,17.64,17.00,10374,18005154.00,3.73,1.86,0.32,2.96
2018-12-03,17.89,18.45,18.53,17.89,11337,20765530.00,3.66,5.55,0.97,3.24
2018-12-04,18.70,18.28,18.74,18.15,12420,22763318.00,3.20,-0.92,-0.17,3.54
2018-12-05,17.83,17.92,18.26,17.79,7211,12944337.00,2.57,-1.97,-0.36,2.06
2018-12-06,18.13,17.90,18.28,17.80,8973,16164296.00,2.68,-0.11,-0.02,2.56
2018-12-07,18.03,17.85,18.03,17.65,5222,9301427.00,2.12,-0.28,-0.05,1.49
2018-12-10,17.76,17.24,17.76,17.19,6526,11335216.00,3.19,-3.42,-0.61,1.86
2018-12-11,17.58,17.53,17.58,17.28,5023,8751812.00,1.74,1.68,0.29,1.43
2018-12-12,17.64,17.64,17.73,17.53,3931,6934959.00,1.14,0.63,0.11,1.12
2018-12-13,17.83,17.75,17.83,17.46,6895,12196211.00,2.10,0.62,0.11,1.97
2018-12-14,17.78,16.96,17.78,16.92,11641,20032270.00,4.85,-4.45,-0.79,3.32
2018-12-17,16.98,17.17,17.19,16.65,5907,10015367.00,3.18,1.24,0.21,1.69
2018-12-18,17.17,17.32,17.47,17.01,7001,12114230.00,2.68,0.87,0.15,2.00
2018-12-19,17.32,16.91,17.48,16.80,5757,9858132.00,3.93,-2.37,-0.41,1.64
2018-12-20,16.93,17.18,17.38,16.71,5713,9798593.00,3.96,1.60,0.27,1.63
2018-12-21,17.21,17.19,17.40,17.00,5157,8856654.00,2.33,0.06,0.01,1.47
2018-12-24,17.08,17.28,17.50,17.08,6532,11338574.00,2.44,0.52,0.09,1.86
2018-12-25,17.19,17.16,17.34,16.62,7435,12620656.00,4.17,-0.69,-0.12,2.12
2018-12-26,17.09,17.17,17.52,17.09,10101,17493366.00,2.51,0.06,0.01,2.88
2018-12-27,17.37,16.81,17.50,16.81,5820,10011392.00,4.02,-2.10,-0.36,1.66
2018-12-28,16.90,16.57,16.99,16.53,6383,10708273.00,2.74,-1.43,-0.24,1.82
2019-01-02,16.57,16.65,16.80,16.53,4501,7502428.00,1.63,0.48,0.08,1.23
2019-01-03,16.60,16.60,17.08,16.57,5080,8512610.00,3.06,-0.30,-0.05,1.38
2019-01-04,16.60,17.04,17.05,16.19,7526,12591855.00,5.18,2.65,0.44,2.05
2019-01-07,17.05,17.28,17.35,17.00,6394,11002181.00,2.05,1.41,0.24,1.74
2019-01-08,17.28,17.74,17.82,17.20,12940,22695295.00,3.59,2.66,0.46,3.52
2019-01-09,17.84,17.55,17.88,17.42,14396,25378368.00,2.59,-1.07,-0.19,3.92
2019-01-10,17.55,17.31,17.65,17.26,7823,13614375.00,2.22,-1.37,-0.24,2.13
2019-01-11,17.31,17.96,17.96,17.19,15325,27009408.00,4.45,3.76,0.65,4.17
2019-01-14,18.47,17.31,18.60,17.26,18738,33345402.00,7.46,-3.62,-0.65,5.10
2019-01-15,17.20,17.35,17.40,17.07,10651,18369637.00,1.91,0.23,0.04,2.90
2019-01-16,17.30,17.20,17.46,17.20,8521,14739343.00,1.50,-0.86,-0.15,2.32
2019-01-17,17.18,17.05,17.24,17.01,6184,10586184.00,1.34,-0.87,-0.15,1.68
2019-01-18,17.04,17.06,17.21,16.98,6798,11614165.00,1.35,0.06,0.01,1.85
2019-01-21,17.07,17.24,17.26,17.06,5549,9545723.00,1.17,1.06,0.18,1.51
2019-01-22,17.30,17.16,17.30,17.06,4970,8531376.00,1.39,-0.46,-0.08,1.35
2019-01-23,17.02,17.05,17.17,16.93,4081,6960463.00,1.40,-0.64,-0.11,1.11
2019-01-24,17.10,17.14,17.21,17.02,3626,6207626.00,1.11,0.53,0.09,0.99
2019-01-25,17.15,16.78,17.28,16.70,4705,8031376.00,3.38,-2.10,-0.36,1.28
2019-01-28,16.79,16.62,17.05,16.59,4619,7752963.00,2.74,-0.95,-0.16,1.26
2019-01-29,16.58,16.08,16.63,15.55,5932,9565570.00,6.50,-3.25,-0.54,1.62
2019-01-30,16.00,15.83,16.11,15.81,4836,7714440.00,1.87,-1.55,-0.25,1.32
2019-01-31,15.83,15.41,15.95,15.40,6018,9446111.00,3.47,-2.65,-0.42,1.64
2019-02-01,15.42,15.78,15.89,15.42,3788,5945954.00,3.05,2.40,0.37,1.03
2019-02-11,15.88,16.33,16.38,15.88,4611,7470270.00,3.17,3.49,0.55,1.26
2019-02-12,16.52,17.35,17.43,16.23,15425,26152123.00,7.35,6.25,1.02,4.20
2019-02-13,17.29,17.37,17.50,17.00,15108,26142091.00,2.88,0.12,0.02,4.11
2019-02-14,17.38,17.20,17.47,17.03,7858,13502437.00,2.53,-0.98,-0.17,2.14
2019-02-15,17.19,17.95,17.95,17.11,15933,28133342.00,4.88,4.36,0.75,4.34
2019-02-18,17.70,18.15,18.40,17.55,22816,41387889.00,4.74,1.11,0.20,6.21
2019-02-19,18.16,17.89,18.25,17.66,10637,19106967.00,3.25,-1.43,-0.26,2.90
2019-02-20,17.90,17.96,18.02,17.78,5137,9195360.00,1.34,0.39,0.07,1.40
2019-02-21,17.81,17.63,18.13,17.58,10904,19513801.00,3.06,-1.84,-0.33,2.97
2019-02-22,17.62,17.71,17.87,17.58,12871,22824620.00,1.64,0.45,0.08,3.51
2019-02-25,17.90,18.58,18.80,17.79,20267,36907761.00,5.70,4.91,0.87,5.52
2019-02-26,18.68,18.59,18.92,18.20,22497,41847152.00,3.88,0.05,0.01,6.13
2019-02-27,18.58,18.43,18.88,18.28,13615,25322282.00,3.23,-0.86,-0.16,3.71
2019-02-28,18.40,18.74,18.78,18.40,9697,18057707.00,2.06,1.68,0.31,2.64
2019-03-01,18.74,18.58,18.89,18.25,10856,20093224.00,3.42,-0.85,-0.16,2.96
2019-03-04,18.70,18.88,19.49,18.70,20517,38939084.00,4.25,1.61,0.30,5.59
2019-03-05,18.81,19.15,19.30,18.61,15947,30279288.00,3.65,1.43,0.27,4.34
2019-03-06,19.23,19.76,19.93,18.95,22964,44789137.00,5.12,3.19,0.61,6.25
2019-03-07,19.70,20.03,20.78,19.52,21265,42550170.00,6.38,1.37,0.27,5.79
2019-03-08,19.89,19.15,20.51,19.10,25872,51512042.00,7.04,-4.39,-0.88,7.05
2019-03-11,19.50,20.17,20.17,19.34,15069,29854065.00,4.33,5.33,1.02,4.10
2019-03-12,20.30,20.56,21.50,20.20,23698,49191880.00,6.45,1.93,0.39,6.45
2019-03-13,20.75,20.60,21.18,20.32,21709,45295884.00,4.18,0.19,0.04,5.91
2019-03-14,20.54,19.88,20.68,19.80,15207,30655092.00,4.27,-3.50,-0.72,4.14
2019-03-15,20.30,20.53,20.84,20.00,12984,26569796.00,4.23,3.27,0.65,3.54
2019-03-18,20.50,21.18,21.27,20.08,14920,31195028.00,5.80,3.17,0.65,4.06
2019-03-19,21.02,21.05,21.31,20.71,19621,41109714.00,2.83,-0.61,-0.13,5.34
2019-03-20,21.11,21.67,22.16,20.76,27232,58491080.00,6.65,2.95,0.62,7.42
2019-03-21,22.25,21.50,22.25,21.37,25316,54823366.00,4.06,-0.78,-0.17,6.90
2019-03-22,21.43,21.50,21.53,20.53,23751,49789114.00,4.65,0.00,0.00,6.47
2019-03-25,20.99,21.08,21.35,20.80,18601,39283063.00,2.56,-1.95,-0.42,5.07
2019-03-26,20.89,19.91,21.19,19.83,17917,36510330.00,6.45,-5.55,-1.17,4.88
2019-03-27,20.13,20.64,20.68,19.80,16335,33211944.00,4.42,3.67,0.73,4.45
2019-03-28,20.63,20.03,20.63,19.99,10840,21954728.00,3.10,-2.96,-0.61,2.95
2019-03-29,20.10,20.43,20.51,19.89,10956,22185728.00,3.10,2.00,0.40,2.98
2019-04-01,20.56,21.02,21.20,20.56,12866,26929093.00,3.13,2.89,0.59,3.50
2019-04-02,21.11,21.19,21.61,20.99,14228,30236346.00,2.95,0.81,0.17,3.88
2019-04-03,21.09,22.79,23.30,20.99,39428,88019487.00,10.90,7.55,1.60,10.74
2019-04-04,23.21,22.81,24.31,22.79,43900,102643556.00,6.67,0.09,0.02,11.96
2019-04-08,23.30,22.91,23.50,22.21,25573,58470335.00,5.66,0.44,0.10,6.97
2019-04-09,22.89,23.80,24.95,22.57,34983,82952765.00,10.39,3.88,0.89,9.53
2019-04-10,24.87,23.92,26.18,23.80,54061,134246768.00,10.00,0.50,0.12,14.72
2019-04-11,23.20,22.78,23.48,22.39,33512,76676503.00,4.56,-4.77,-1.14,9.13
2019-04-12,22.91,23.00,23.68,22.61,19470,44767334.00,4.70,0.97,0.22,5.30
2019-04-15,22.98,22.31,23.53,22.30,18458,42531852.00,5.35,-3.00,-0.69,5.03
2019-04-16,22.00,22.65,22.84,22.00,14584,32799526.00,3.77,1.52,0.34,3.97
2019-04-17,22.94,22.82,23.31,22.56,15269,34982221.00,3.31,0.75,0.17,4.16
2019-04-18,22.66,23.60,23.60,22.38,26220,60594917.00,5.35,3.42,0.78,7.14
2019-04-19,23.20,24.39,25.00,23.20,39468,95321526.00,7.63,3.35,0.79,10.75
2019-04-22,24.39,23.01,24.39,22.88,27741,65214528.00,6.19,-5.66,-1.38,7.56
2019-04-23,23.03,21.91,23.15,21.90,20505,45844499.00,5.43,-4.78,-1.10,5.59
2019-04-24,21.92,22.02,22.25,21.51,11481,25055321.00,3.38,0.50,0.11,3.13
2019-04-25,22.01,20.51,22.22,20.48,21485,45416205.00,7.90,-6.86,-1.51,5.85
2019-04-26,20.40,20.45,20.85,20.28,12196,25089027.00,2.78,-0.29,-0.06,3.32
2019-04-29,20.28,19.30,20.29,19.30,13233,25989128.00,4.84,-5.62,-1.15,3.60
2019-04-30,19.55,20.23,20.50,19.55,14183,28520527.00,4.92,4.82,0.93,3.86
2019-05-06,20.19,18.42,20.19,18.21,18883,36206218.00,9.79,-8.95,-1.81,5.14
2019-05-07,18.70,19.33,19.80,18.70,15910,30511017.00,5.97,4.94,0.91,4.33
2019-05-08,19.49,19.60,20.68,19.12,20170,40159419.00,8.07,1.40,0.27,5.49
2019-05-09,19.56,19.08,20.08,19.00,14710,28563920.00,5.51,-2.65,-0.52,4.01
2019-05-10,19.21,19.68,19.85,19.00,18920,37066398.00,4.45,3.14,0.60,5.15
2019-05-13,19.54,19.89,20.25,19.38,15452,30658984.00,4.42,1.07,0.21,4.21
2019-05-14,19.80,19.35,19.80,19.21,12512,24361435.00,2.97,-2.71,-0.54,3.41
2019-05-15,19.54,20.02,20.28,19.37,17275,34443947.00,4.70,3.46,0.67,4.71
2019-05-16,20.15,19.92,20.15,19.68,12741,25339177.00,2.35,-0.50,-0.10,3.47
2019-05-17,19.92,19.12,19.97,18.80,20602,39730617.00,5.87,-4.02,-0.80,5.61
2019-05-20,19.18,18.75,19.18,18.33,11952,22250298.00,4.45,-1.94,-0.37,3.26
2019-05-21,18.75,19.13,19.25,18.75,10848,20703748.00,2.67,2.03,0.38,2.95
2019-05-22,19.27,19.16,19.41,18.81,12253,23468913.00,3.14,0.16,0.03,3.34
2019-05-23,19.50,18.77,19.50,18.67,10432,19775602.00,4.33,-2.04,-0.39,2.84
2019-05-24,18.61,18.40,19.04,18.38,7601,14144551.00,3.52,-1.97,-0.37,2.07
2019-05-27,18.44,19.01,19.09,18.20,10481,19658493.00,4.84,3.32,0.61,2.85
2019-05-28,18.92,18.78,19.27,18.75,9073,17272459.00,2.74,-1.21,-0.23,2.40
2019-05-29,18.67,19.04,19.24,18.67,8646,16454303.00,3.04,1.38,0.26,2.28
2019-05-30,19.14,19.12,19.14,18.69,8909,16823936.00,2.36,0.42,0.08,2.35
2019-05-31,19.18,19.28,19.52,18.96,11377,21967659.00,2.93,0.84,0.16,1.52
2019-06-03,19.88,19.43,20.80,19.22,23618,47084406.00,8.20,0.78,0.15,3.16
2019-06-04,18.60,18.52,19.59,18.06,19600,36406475.00,7.87,-4.68,-0.91,2.62
2019-06-05,18.50,18.51,19.18,18.33,9421,17623582.00,4.59,-0.05,-0.01,1.26
2019-06-06,18.51,17.90,18.76,17.52,11164,20141859.00,6.70,-3.30,-0.61,1.49
2019-06-10,17.70,17.82,18.12,17.66,6412,11458175.00,2.57,-0.45,-0.08,0.86
2019-06-11,17.82,18.51,18.58,17.82,10229,18633624.00,4.26,3.87,0.69,1.37
2019-06-12,18.55,18.74,18.92,18.55,11378,21325130.00,2.00,1.24,0.23,1.52
2019-06-13,18.82,18.82,18.95,18.50,10385,19460760.00,2.40,0.43,0.08,1.39
2019-06-14,18.89,18.21,18.89,18.03,9619,17732104.00,4.57,-3.24,-0.61,1.29
2019-06-17,18.22,18.55,18.69,18.00,8790,16266846.00,3.79,1.87,0.34,1.18
2019-06-18,18.67,18.63,18.80,18.36,6425,11932569.00,2.37,0.43,0.08,0.86
2019-06-19,18.91,18.76,19.40,18.71,10721,20378049.00,3.70,0.70,0.13,1.44
2019-06-20,18.94,19.18,19.53,18.80,20138,38771553.00,3.89,2.24,0.42,2.70
2019-06-21,19.47,19.89,20.15,19.47,21596,42845638.00,3.55,3.70,0.71,2.89
2019-06-24,19.71,19.89,20.11,19.65,14277,28403724.00,2.31,0.00,0.00,1.91
2019-06-25,20.10,20.99,21.28,19.75,41756,86105296.00,7.69,5.53,1.10,5.59
2019-06-26,21.11,20.74,21.38,20.36,32511,68026662.00,4.86,-1.19,-0.25,4.35
2019-06-27,20.89,20.98,21.16,20.52,20977,43786633.00,3.09,1.16,0.24,2.81
2019-06-28,20.86,20.52,20.86,20.15,17592,36067833.00,3.38,-2.19,-0.46,2.36
2019-07-01,21.04,20.72,21.17,20.52,21261,44113981.00,3.17,0.97,0.20,2.98
2019-07-02,20.52,20.35,20.59,20.08,19669,39934950.00,2.46,-1.79,-0.37,2.75
2019-07-03,20.36,20.05,20.46,20.05,12073,24513567.00,2.01,-1.47,-0.30,1.69
2019-07-04,20.39,20.72,21.09,20.39,24198,50234755.00,3.49,3.34,0.67,3.39
2019-07-05,20.39,20.31,20.80,20.11,14159,28746994.00,3.33,-1.98,-0.41,1.98
2019-07-08,20.31,19.77,20.39,19.69,11880,23669697.00,3.45,-2.66,-0.54,1.66
2019-07-09,20.88,20.91,21.75,20.38,47452,100524748.00,6.93,5.77,1.14,6.65
2019-07-10,20.98,20.17,21.00,19.99,35736,72973260.00,4.83,-3.54,-0.74,5.01
2019-07-11,19.93,19.69,20.19,19.61,19962,39600143.00,2.88,-2.38,-0.48,2.80
2019-07-12,19.49,19.59,19.74,19.36,11529,22549563.00,1.93,-0.51,-0.10,1.61
2019-07-15,19.59,19.68,19.78,19.13,13591,26525582.00,3.32,0.46,0.09,1.90
2019-07-16,19.70,19.98,19.98,19.57,12272,24321180.00,2.08,1.52,0.30,1.72
2019-07-17,19.82,20.49,20.78,19.82,27850,56599912.00,4.80,2.55,0.51,3.90
2019-07-18,20.29,20.10,20.43,19.92,17978,36237180.00,2.49,-1.90,-0.39,2.52
2019-07-19,20.14,20.25,20.50,20.10,13691,27811559.00,1.99,0.75,0.15,1.92
2019-07-22,20.09,20.08,20.38,19.66,15345,30737303.00,3.56,-0.84,-0.17,2.15
2019-07-23,20.06,20.58,20.78,19.82,23942,48803981.00,4.78,2.49,0.50,3.35
2019-07-24,20.90,20.68,20.92,20.40,26573,54887967.00,2.53,0.49,0.10,3.72
2019-07-25,20.63,20.59,20.79,20.50,16621,34289416.00,1.40,-0.44,-0.09,2.33
2019-07-26,20.44,20.80,20.90,20.35,20292,42019593.00,2.67,1.02,0.21,2.84
2019-07-29,20.80,20.80,21.18,20.71,22768,47642147.00,2.26,0.00,0.00,3.19
2019-07-30,20.71,20.98,21.22,20.71,17954,37733571.00,2.45,0.87,0.18,2.51
2019-07-31,20.93,20.55,20.93,20.50,14553,30031180.00,2.05,-2.05,-0.43,2.04
2019-08-01,20.30,20.35,20.63,20.02,12693,25879059.00,2.97,-0.97,-0.20,1.78
2019-08-02,19.10,19.88,20.10,19.10,16377,32280801.00,4.91,-2.31,-0.47,2.29
2019-08-05,19.94,19.98,20.21,19.57,15705,31442881.00,3.22,0.50,0.10,2.20
2019-08-06,19.60,19.76,19.78,18.91,21633,42042153.00,4.35,-1.10,-0.22,3.03
2019-08-07,19.87,20.17,20.36,19.85,20148,40507935.00,2.58,2.07,0.41,2.82
2019-08-08,20.26,21.05,21.09,19.98,34048,70255738.00,5.50,4.36,0.88,4.77
2019-08-09,20.83,21.27,21.58,20.83,42582,90101713.00,3.56,1.05,0.22,5.96
2019-08-12,21.16,20.35,21.16,20.03,50244,102803293.00,5.31,-4.33,-0.92,7.04
2019-08-13,20.12,19.66,20.30,19.62,31471,62667940.00,3.34,-3.39,-0.69,4.41
2019-08-14,19.97,20.08,21.00,19.92,25606,51395527.00,5.49,2.14,0.42,3.59
2019-08-15,19.40,20.09,20.12,19.01,22269,44033480.00,5.53,0.05,0.01,3.12
2019-08-16,19.98,22.10,22.10,19.87,71294,152825569.00,11.10,10.00,2.01,9.99
2019-08-19,23.05,24.31,24.31,22.80,114416,270012240.00,6.83,10.00,2.21,16.02
2019-08-20,24.30,23.54,24.30,23.28,82627,195304232.00,4.20,-3.17,-0.77,11.57
2019-08-21,23.60,23.69,25.10,23.45,78692,190374906.00,7.01,0.64,0.15,11.02
2019-08-22,23.75,23.94,24.40,23.51,44015,105365189.00,3.76,1.06,0.25,6.16
2019-08-23,24.00,23.54,24.19,23.31,39890,93750880.00,3.68,-1.67,-0.40,5.59
2019-08-26,22.75,23.01,23.20,22.70,28317,65095498.00,2.12,-2.25,-0.53,3.97
2019-08-27,23.36,22.91,23.46,22.72,39554,91113817.00,3.22,-0.43,-0.10,5.54
2019-08-28,22.90,22.59,22.90,22.38,29573,66965756.00,2.27,-1.40,-0.32,4.14
2019-08-29,22.52,22.53,22.87,22.40,20006,45272436.00,2.08,-0.27,-0.06,2.80
2019-08-30,22.55,21.95,22.75,21.85,27698,61615469.00,3.99,-2.57,-0.58,3.88
2019-09-02,21.95,22.43,22.60,21.88,27023,60424030.00,3.28,2.19,0.48,3.78
2019-09-03,22.58,22.70,22.77,22.33,24261,54698951.00,1.96,1.20,0.27,3.40
2019-09-04,22.56,23.50,23.66,22.46,50963,118601745.00,5.29,3.52,0.80,7.14
2019-09-05,23.59,23.29,23.79,23.11,38182,89273426.00,2.89,-0.89,-0.21,5.35
2019-09-06,23.25,22.81,23.44,22.61,29027,66620132.00,3.56,-2.06,-0.48,4.07
2019-09-09,22.95,23.18,23.20,22.82,22644,52103857.00,1.67,1.62,0.37,3.17
2019-09-10,23.09,22.62,23.10,22.45,27141,61546563.00,2.80,-2.42,-0.56,3.80
2019-09-11,22.61,22.70,22.95,22.36,19712,44753914.00,2.61,0.35,0.08,2.76
2019-09-12,22.62,23.75,23.78,22.60,56148,131146175.00,5.20,4.63,1.05,7.86
2019-09-16,23.66,23.58,23.68,23.30,33285,78115720.00,1.60,-0.72,-0.17,4.66
2019-09-17,23.50,22.45,23.50,22.06,32727,74458141.00,6.11,-4.79,-1.13,4.58
2019-09-18,22.22,22.53,22.70,22.03,16259,36550288.00,2.98,0.36,0.08,2.28
2019-09-19,22.63,22.69,22.69,22.23,13985,31450678.00,2.04,0.71,0.16,1.96
2019-09-20,22.89,23.30,23.75,22.70,38190,89428038.00,4.63,2.69,0.61,5.35
2019-09-23,23.06,23.84,24.53,23.00,52363,125598201.00,6.57,2.32,0.54,7.33
2019-09-24,24.18,23.72,24.52,23.41,37458,89463362.00,4.66,-0.50,-0.12,5.25
2019-09-25,23.55,23.19,24.31,23.01,32245,76392309.00,5.48,-2.23,-0.53,4.52
2019-09-26,23.31,24.02,25.38,23.07,73760,178287233.00,9.96,3.58,0.83,10.33
2019-09-27,23.54,25.15,26.34,21.62,86511,205220156.00,19.65,4.70,1.13,12.12
2019-09-30,24.74,24.25,25.98,24.05,48507,120603539.00,7.67,-3.58,-0.90,6.79
2019-10-08,24.80,26.68,26.68,24.67,57346,148083539.00,8.29,10.02,2.43,8.03
2019-10-09,27.99,29.35,29.35,27.40,101951,295180304.00,7.31,10.01,2.67,14.28
2019-10-10,31.50,32.29,32.29,31.11,53409,171134387.00,4.02,10.02,2.94,7.48
2019-10-11,34.50,35.52,35.52,34.00,83581,294560816.00,4.71,10.00,3.23,11.71
2019-10-14,39.07,39.07,39.07,38.70,29332,114584275.00,1.04,9.99,3.55,4.11
2019-10-15,42.50,35.16,42.50,35.16,166323,616633984.00,18.79,-10.01,-3.91,23.29
2019-10-16,32.00,31.64,33.58,31.64,133524,431487440.00,5.52,-10.01,-3.52,18.70
2019-10-17,31.21,32.46,32.80,31.17,99282,319042656.00,5.15,2.59,0.82,13.91
2019-10-18,31.81,30.51,32.41,29.86,98608,303475344.00,7.86,-6.01,-1.95,13.81
2019-10-21,30.50,29.65,30.50,28.83,64344,189955339.00,5.47,-2.82,-0.86,9.01
2019-10-22,29.90,30.10,30.10,28.90,64979,192131375.00,4.05,1.52,0.45,9.10
2019-10-23,30.07,33.11,33.11,29.52,150488,479342864.00,11.93,10.00,3.01,21.08
2019-10-24,32.92,29.80,32.92,29.80,121428,371314464.00,9.42,-10.00,-3.31,17.01
2019-10-25,28.82,28.88,29.50,28.05,76492,220436699.00,4.87,-3.09,-0.92,10.71
2019-10-28,28.40,29.07,29.17,28.40,63678,183351552.00,2.67,0.66,0.19,8.92
2019-10-29,29.01,27.80,29.01,27.78,68399,192507435.00,4.23,-4.37,-1.27,9.58
2019-10-30,27.91,27.18,27.93,26.87,50251,136449365.00,3.81,-2.23,-0.62,7.04
2019-10-31,27.18,26.69,27.40,26.57,40378,108317578.00,3.05,-1.80,-0.49,5.66
2019-11-01,26.55,27.26,27.39,26.55,46351,125896133.00,3.15,2.14,0.57,6.49
2019-11-04,27.31,27.29,27.87,27.11,41813,114440791.00,2.79,0.11,0.03,5.86
2019-11-05,27.25,27.85,28.20,26.68,57481,158051065.00,5.57,2.05,0.56,8.05
2019-11-06,27.56,28.44,28.48,27.00,59112,164206920.00,5.31,2.12,0.59,8.28
2019-11-07,28.39,29.22,29.50,28.00,80457,232404598.00,5.27,2.74,0.78,11.27
2019-11-08,29.30,28.01,29.30,28.00,54007,154709629.00,4.45,-4.14,-1.21,7.56
2019-11-11,27.65,26.12,27.65,25.86,50806,134127675.00,6.39,-6.75,-1.89,7.12
2019-11-12,26.30,26.72,26.78,25.25,46864,122336911.00,5.86,2.30,0.60,6.56
2019-11-13,26.65,26.73,26.94,26.18,33030,87657648.00,2.84,0.04,0.01,4.63
2019-11-14,26.90,29.40,29.40,26.80,78827,225087643.00,9.73,9.99,2.67,11.04
2019-11-15,30.50,30.33,32.33,29.64,150424,461894672.00,9.15,3.16,0.93,21.07
2019-11-18,29.45,29.58,30.80,28.90,90963,270811568.00,6.26,-2.47,-0.75,12.74
2019-11-19,29.44,30.90,31.31,28.87,100490,301875024.00,8.25,4.46,1.32,14.07
2019-11-20,30.30,30.22,31.11,29.99,63929,194255478.00,3.62,-2.20,-0.68,8.95
2019-11-21,29.81,29.37,30.00,29.08,43143,127179497.00,3.04,-2.81,-0.85,6.04
2019-11-22,29.43,27.94,29.98,27.84,56216,161127517.00,7.29,-4.87,-1.43,7.87
2019-11-25,27.80,28.12,28.56,27.12,43978,122968433.00,5.15,0.64,0.18,6.16
2019-11-26,28.07,27.23,28.07,27.05,40087,109953379.00,3.63,-3.17,-0.89,5.61
2019-11-27,27.35,26.93,27.68,26.87,33484,91247931.00,2.97,-1.10,-0.30,4.69
2019-11-28,26.98,26.59,26.99,25.90,42867,113023231.00,4.05,-1.26,-0.34,6.00
2019-11-29,26.62,26.33,26.74,25.95,25648,67492871.00,2.97,-0.98,-0.26,3.59
2019-12-02,26.38,25.94,26.59,25.91,25210,66079224.00,2.58,-1.48,-0.39,3.53
2019-12-03,25.67,26.25,26.41,25.39,29627,77005942.00,3.93,1.20,0.31,4.15
2019-12-04,26.13,26.44,26.55,25.95,26754,70338858.00,2.29,0.72,0.19,3.75
2019-12-05,26.59,26.45,26.59,26.29,27109,71653205.00,1.13,0.04,0.01,3.80
2019-12-06,26.50,26.84,26.86,26.43,34955,93195172.00,1.63,1.47,0.39,4.90
2019-12-09,26.83,27.35,27.37,26.58,37242,100753253.00,2.94,1.90,0.51,5.22
2019-12-10,27.34,26.59,27.34,26.39,39662,105966776.00,3.47,-2.78,-0.76,5.56
2019-12-11,26.48,25.91,26.48,25.86,33884,88477832.00,2.33,-2.56,-0.68,4.75
2019-12-12,25.93,28.50,28.50,25.72,59541,163453921.00,10.73,10.00,2.59,8.34
2019-12-13,29.40,28.67,29.40,28.35,114643,331692704.00,3.68,0.60,0.17,16.06
2019-12-16,28.52,28.89,29.16,28.52,56987,164093438.00,2.23,0.77,0.22,7.98
2019-12-17,28.95,29.45,29.47,28.50,72187,208890371.00,3.36,1.94,0.56,10.11
2019-12-18,29.35,29.20,29.85,29.05,58551,172159704.00,2.72,-0.85,-0.25,8.20
2019-12-19,29.00,29.03,29.22,28.51,43083,124238399.00,2.43,-0.58,-0.17,6.03
2019-12-20,29.14,30.04,30.50,29.00,91111,270792944.00,5.17,3.48,1.01,12.76
2019-12-23,29.88,28.59,29.88,28.51,46393,135244224.00,4.56,-4.83,-1.45,6.50
2019-12-24,28.71,28.62,28.87,27.61,39222,110631366.00,4.41,0.10,0.03,5.49
2019-12-25,28.34,28.27,28.77,28.15,29778,84474116.00,2.17,-1.22,-0.35,4.17
2019-12-26,28.28,28.35,28.52,28.06,25030,70712767.00,1.63,0.28,0.08,3.51
2019-12-27,28.20,28.16,28.63,28.12,24461,69350483.00,1.80,-0.67,-0.19,3.43
2019-12-30,27.51,27.45,27.74,26.04,31211,84669691.00,6.04,-2.52,-0.71,4.37
2019-12-31,27.89,27.60,27.89,27.28,18607,51360473.00,2.22,0.55,0.15,2.61
2020-01-02,27.85,28.28,28.45,27.62,27002,75895770.00,3.01,2.46,0.68,3.78
2020-01-03,28.40,28.50,29.14,28.21,33237,95143634.00,3.29,0.78,0.22,4.66
2020-01-06,28.00,28.24,28.79,27.40,32344,91117918.00,4.88,-0.91,-0.26,4.53
2020-01-07,28.60,29.31,29.33,28.17,50389,144975871.00,4.11,3.79,1.07,7.06
2020-01-08,29.35,28.17,29.35,28.17,41197,118358201.00,4.03,-3.89,-1.14,5.77
2020-01-09,28.45,28.77,28.95,28.45,28449,81648579.00,1.77,2.13,0.60,3.98
2020-01-10,28.95,29.32,30.20,28.51,55387,162744872.00,5.87,1.91,0.55,7.76
2020-01-13,29.56,30.65,31.29,29.31,68950,209030877.00,6.75,4.54,1.33,9.66
2020-01-14,30.66,29.96,31.05,29.74,46633,140745021.00,4.27,-2.25,-0.69,6.53
2020-01-15,30.15,30.01,30.17,29.33,30779,91393819.00,2.80,0.17,0.05,4.31
2020-01-16,29.86,30.57,30.86,29.63,44596,135506722.00,4.10,1.87,0.56,6.25
2020-01-17,30.59,30.00,30.98,30.00,35722,108884152.00,3.21,-1.86,-0.57,5.00
2020-01-20,29.88,29.57,29.88,29.01,26469,77971198.00,2.90,-1.43,-0.43,3.71
2020-01-21,29.39,28.10,29.39,27.72,32248,92274091.00,5.65,-4.97,-1.47,4.52
2020-01-22,27.79,27.98,28.39,27.00,25280,69914311.00,4.95,-0.43,-0.12,3.54
2020-01-23,27.99,26.80,28.36,26.34,26218,71693980.00,7.22,-4.22,-1.18,3.67
2020-02-03,24.12,24.12,24.12,24.12,2140,5161680.00,0.00,-10.00,-2.68,0.30
2020-02-04,21.71,22.07,22.56,21.71,55893,123101878.00,3.52,-8.50,-2.05,7.83
2020-02-05,22.07,22.62,23.09,22.07,37340,84423216.00,4.62,2.49,0.55,5.23
2020-02-06,22.62,23.58,23.69,22.17,40832,94492036.00,6.72,4.24,0.96,5.72
2020-02-07,23.22,23.29,23.58,22.86,28987,67337620.00,3.05,-1.23,-0.29,4.06
2020-02-10,23.31,24.11,24.12,23.08,34610,82260121.00,4.47,3.52,0.82,4.85
2020-02-11,25.00,23.67,25.00,23.63,33180,80105685.00,5.68,-1.82,-0.44,4.65
2020-02-12,23.60,23.90,24.08,23.30,23503,55991640.00,3.30,0.97,0.23,3.29
2020-02-13,23.99,23.40,24.11,23.30,24330,57466191.00,3.39,-2.09,-0.50,3.41
2020-02-14,23.49,23.71,25.04,23.35,24183,57687934.00,7.22,1.32,0.31,3.39
2020-02-17,24.83,24.74,24.83,24.01,38466,94484155.00,3.46,4.34,1.03,5.39
2020-02-18,24.70,25.27,25.40,24.17,41677,103989992.00,4.97,2.14,0.53,5.84
2020-02-19,25.28,24.86,25.37,24.85,31223,78338451.00,2.06,-1.62,-0.41,4.37
2020-02-20,24.87,25.25,25.27,24.76,30444,76425258.00,2.05,1.57,0.39,4.26
2020-02-21,25.32,25.72,25.95,25.16,42625,108877152.00,3.13,1.86,0.47,5.97
2020-02-24,25.68,26.23,26.30,25.22,35750,92467758.00,4.20,1.98,0.51,5.01
2020-02-25,25.55,25.73,25.81,24.49,40215,101967543.00,5.03,-1.91,-0.50,5.63
2020-02-26,25.22,25.79,26.48,25.18,40986,106337320.00,5.05,0.23,0.06,5.74
2020-02-27,25.85,25.30,26.05,25.20,28191,71798767.00,3.30,-1.90,-0.49,3.95
2020-02-28,24.80,23.95,24.82,23.40,34840,84169910.00,5.61,-5.34,-1.35,4.88
2020-03-02,24.09,24.73,24.77,23.82,26085,63855157.00,3.97,3.26,0.78,3.65
2020-03-03,24.91,26.67,26.69,24.91,53175,137402705.00,7.20,7.84,1.94,7.45
2020-03-04,26.50,27.54,27.97,26.30,61359,166200291.00,6.26,3.26,0.87,8.59
2020-03-05,27.50,27.40,27.78,27.22,47820,131391049.00,2.03,-0.51,-0.14,6.70
2020-03-06,26.68,27.77,27.96,26.30,92918,252518695.00,6.06,1.35,0.37,13.01
2020-03-09,27.00,25.97,27.02,25.80,36913,97621634.00,4.39,-6.48,-1.80,5.17
2020-03-10,25.00,25.86,25.89,24.61,32248,81531527.00,4.93,-0.42,-0.11,4.52
2020-03-11,25.86,25.18,26.26,25.16,33072,84839811.00,4.25,-2.63,-0.68,4.63
2020-03-12,24.66,24.32,25.00,24.21,18657,45863788.00,3.14,-3.42,-0.86,2.61
2020-03-13,22.70,23.48,23.88,22.70,22248,51877200.00,4.85,-3.45,-0.84,3.12
2020-03-16,23.90,23.21,24.58,23.11,24684,59395513.00,6.26,-1.15,-0.27,3.46
2020-03-17,23.55,22.93,23.65,21.85,19130,43527422.00,7.76,-1.21,-0.28,2.68
2020-03-18,22.96,22.06,23.34,22.06,21657,49403577.00,5.58,-3.79,-0.87,3.03
2020-03-19,22.04,22.25,22.45,21.79,14510,31991009.00,2.99,0.86,0.19,2.03
2020-03-20,22.31,22.73,22.73,22.28,11205,25168480.00,2.02,2.16,0.48,1.57
2020-03-23,22.40,21.79,22.44,21.55,11700,25946515.00,3.92,-4.14,-0.94,1.64
2020-03-24,22.28,22.25,22.44,21.60,12007,26474215.00,3.85,2.11,0.46,1.68
2020-03-25,22.79,22.75,23.00,22.40,12916,29262657.00,2.70,2.25,0.50,1.81
2020-03-26,22.25,22.82,22.98,21.82,14444,32835254.00,5.10,0.31,0.07,2.02
2020-03-27,22.98,22.80,23.29,22.78,13205,30400039.00,2.23,-0.09,-0.02,1.85
2020-03-30,22.51,22.66,22.79,22.15,11067,24837362.00,2.81,-0.61,-0.14,1.55
2020-03-31,22.80,23.77,23.80,22.80,24227,56525797.00,4.41,4.90,1.11,3.39
2020-04-01,22.99,22.18,23.00,21.99,34941,78494467.00,4.25,-6.69,-1.59,4.89
2020-04-02,21.92,21.68,21.92,21.18,19580,42073946.00,3.34,-2.25,-0.50,2.74
2020-04-03,21.65,21.27,21.65,21.20,12123,25880149.00,2.08,-1.89,-0.41,1.70
2020-04-07,21.47,21.80,21.88,21.44,13422,29071286.00,2.07,2.49,0.53,1.88
2020-04-08,21.83,21.67,21.85,21.61,12355,26812304.00,1.10,-0.60,-0.13,1.73
2020-04-09,21.73,22.00,22.20,21.73,16778,36896441.00,2.17,1.52,0.33,2.35
2020-04-10,22.00,21.20,22.15,21.18,13496,28978984.00,4.41,-3.64,-0.80,1.89
2020-04-13,21.21,20.45,21.21,20.25,12510,25703435.00,4.53,-3.54,-0.75,1.75
2020-04-14,20.50,20.72,20.73,20.45,8346,17205983.00,1.37,1.32,0.27,1.17
2020-04-15,20.72,20.44,20.72,20.42,8933,18342529.00,1.45,-1.35,-0.28,1.25
2020-04-16,20.25,20.34,20.49,20.16,7749,15744661.00,1.61,-0.49,-0.10,1.09
2020-04-17,20.34,20.37,20.56,20.32,8695,17786722.00,1.18,0.15,0.03,1.22
2020-04-20,20.45,20.60,20.99,20.22,7126,14613493.00,3.78,1.13,0.23,1.00
2020-04-21,20.56,20.91,21.06,20.53,14279,29686910.00,2.57,1.50,0.31,2.00
2020-04-22,20.91,21.14,21.15,20.72,11164,23484237.00,2.06,1.10,0.23,1.56
2020-04-23,21.14,20.69,21.15,20.68,9015,18796540.00,2.22,-2.13,-0.45,1.26
2020-04-24,20.69,20.24,20.71,20.22,9339,19015245.00,2.37,-2.17,-0.45,1.31
2020-04-27,20.05,19.25,20.15,19.14,17351,34031759.00,4.99,-4.89,-0.99,2.43
2020-04-28,19.26,18.29,19.26,17.72,14275,26246799.00,8.00,-4.99,-0.96,2.00
2020-04-29,18.38,18.60,18.75,18.15,9213,17079791.00,3.28,1.69,0.31,1.29
2020-04-30,18.70,19.29,19.35,18.66,9451,18033683.00,3.71,3.71,0.69,1.32
2020-05-06,19.91,20.29,20.64,19.51,19507,39303143.00,5.86,5.18,1.00,2.73
2020-05-07,20.28,20.26,20.64,20.02,11353,22960767.00,3.06,-0.15,-0.03,1.59
2020-05-08,20.26,20.36,20.49,20.03,8783,17907720.00,2.27,0.49,0.10,1.23
2020-05-11,20.12,20.21,20.75,20.09,8224,16741537.00,3.24,-0.74,-0.15,1.15
2020-05-12,20.21,20.09,20.30,19.81,6543,13133191.00,2.42,-0.59,-0.12,0.92
2020-05-13,20.08,20.34,20.50,20.01,7245,14709470.00,2.44,1.24,0.25,1.01
2020-05-14,20.31,20.15,20.31,20.05,5303,10685301.00,1.28,-0.93,-0.19,0.74
2020-05-15,20.14,19.74,20.37,19.68,8705,17381941.00,3.42,-2.03,-0.41,1.22
2020-05-18,20.60,19.71,20.79,19.70,13578,27549595.00,5.52,-0.15,-0.03,1.90
2020-05-19,19.72,19.89,20.12,19.53,8368,16541760.00,2.99,0.91,0.18,1.17
2020-05-20,19.54,19.69,20.25,19.40,10295,20337089.00,4.27,-1.01,-0.20,1.44
2020-05-21,19.55,19.14,19.76,19.10,9590,18585498.00,3.35,-2.79,-0.55,1.34
2020-05-22,19.14,19.15,19.32,18.80,6006,11449121.00,2.72,0.05,0.01,0.84
2020-05-25,19.06,19.30,19.41,19.06,4296,8274711.00,1.83,0.78,0.15,0.60
2020-05-26,19.30,19.79,19.80,19.30,8010,15742447.00,2.59,2.54,0.49,1.12
2020-05-27,19.79,19.68,19.90,19.64,5558,10975216.00,1.31,-0.56,-0.11,0.78
2020-05-28,19.65,19.48,19.76,19.02,6867,13290664.00,3.76,-1.02,-0.20,0.96
2020-05-29,19.95,21.10,21.43,19.88,50018,105047825.00,7.96,8.32,1.62,7.01
2020-06-01,20.34,20.97,21.05,20.25,37786,77715389.00,3.79,-0.62,-0.13,5.29
2020-06-02,20.72,20.77,20.83,20.42,20839,42977359.00,1.96,-0.95,-0.20,2.92
2020-06-03,20.89,20.49,20.91,20.45,15145,31265971.00,2.21,-1.35,-0.28,2.12
2020-06-04,20.46,20.58,20.65,20.46,9085,18668249.00,0.93,0.44,0.09,1.27
2020-06-05,20.48,20.53,20.73,20.39,7799,16030970.00,1.65,-0.24,-0.05,1.09
2020-06-08,20.55,20.43,20.87,20.41,9949,20527956.00,2.24,-0.49,-0.10,1.39
2020-06-09,20.45,20.79,20.85,20.11,16191,33253388.00,3.62,1.76,0.36,2.27
2020-06-10,20.80,20.81,20.98,20.62,12786,26628517.00,1.73,0.10,0.02,1.79
2020-06-11,20.81,20.22,20.82,20.20,12584,25666777.00,2.98,-2.84,-0.59,1.76
2020-06-12,19.90,19.93,20.08,19.65,8581,17060611.00,2.13,-1.43,-0.29,1.20
2020-06-15,19.90,20.26,20.29,19.64,10062,20053962.00,3.26,1.66,0.33,1.41
2020-06-16,20.25,20.55,20.68,20.16,12264,25062452.00,2.57,1.43,0.29,1.72
2020-06-17,20.48,21.07,21.30,20.19,23679,49223715.00,5.40,2.53,0.52,3.32
2020-06-18,22.18,20.87,22.18,20.62,32696,70214690.00,7.40,-0.95,-0.20,4.58
2020-06-19,20.53,20.26,20.53,20.06,15876,32167392.00,2.25,-2.92,-0.61,2.22
2020-06-22,20.25,20.18,20.49,20.18,9018,18325661.00,1.53,-0.39,-0.08,1.26
2020-06-23,20.27,20.41,20.75,20.05,7496,15237214.00,3.47,1.14,0.23,1.05
2020-06-24,20.40,20.20,20.49,20.08,7334,14840224.00,2.01,-1.03,-0.21,1.03
2020-06-29,20.01,19.77,20.17,19.71,8580,17078243.00,2.28,-2.13,-0.43,1.20
2020-06-30,20.09,19.94,20.12,19.81,5156,10305807.00,1.57,0.86,0.17,0.72
2020-07-01,20.02,20.19,20.20,19.80,7790,15549322.00,2.01,1.25,0.25,1.09
2020-07-02,20.15,20.35,20.46,20.01,8837,17918949.00,2.23,0.79,0.16,1.23
2020-07-03,20.40,20.57,20.62,20.32,9635,19717325.00,1.47,1.08,0.22,1.35
2020-07-06,20.74,21.29,21.37,20.73,17831,37609053.00,3.11,3.50,0.72,2.49
2020-07-07,21.35,21.10,21.60,20.98,22114,47009564.00,2.91,-0.89,-0.19,3.09
2020-07-08,21.15,21.63,21.77,21.05,20217,43314546.00,3.41,2.51,0.53,2.82
2020-07-09,21.70,22.44,22.74,21.50,30666,68157076.00,5.73,3.74,0.81,4.28
2020-07-10,22.18,22.47,23.18,22.00,28735,65145564.00,5.26,0.13,0.03,4.01
2020-07-13,22.60,23.02,23.06,22.26,26220,59746197.00,3.56,2.45,0.55,3.66
2020-07-14,23.00,22.70,23.28,22.40,24723,56367982.00,3.82,-1.39,-0.32,3.45
2020-07-15,22.81,21.87,23.10,21.86,17402,38939184.00,5.46,-3.66,-0.83,2.43
2020-07-16,22.02,20.93,22.25,20.90,15208,32804905.00,6.17,-4.30,-0.94,2.12
2020-07-17,21.00,22.80,22.91,20.76,30546,66921210.00,10.27,8.93,1.87,4.27
2020-07-20,22.75,23.92,25.00,22.21,57646,135967613.00,12.24,4.91,1.12,8.05
2020-07-21,23.80,22.99,23.80,22.97,27701,64374206.00,3.47,-3.89,-0.93,3.87
2020-07-22,22.62,22.70,23.09,22.56,15332,35011268.00,2.31,-1.26,-0.29,2.14
2020-07-23,22.50,22.20,22.96,21.70,12592,28109497.00,5.55,-2.20,-0.50,1.76
2020-07-24,22.29,22.32,23.24,22.04,18219,41190940.00,5.41,0.54,0.12,2.54
2020-07-27,22.28,22.71,22.80,21.88,10241,22941656.00,4.12,1.75,0.39,1.43
2020-07-28,22.55,22.73,22.93,22.45,9881,22426641.00,2.11,0.09,0.02,1.38
2020-07-29,22.66,22.81,22.86,22.26,12266,27837824.00,2.64,0.35,0.08,1.71
2020-07-30,22.92,22.37,22.98,22.37,13206,29802684.00,2.67,-1.93,-0.44,1.84
2020-07-31,22.36,22.27,22.65,22.03,10206,22853338.00,2.77,-0.45,-0.10,1.43
2020-08-03,22.30,22.85,22.99,22.30,14299,32444345.00,3.10,2.60,0.58,2.00
2020-08-04,22.89,23.82,24.47,22.62,30800,72026793.00,8.10,4.25,0.97,4.30
2020-08-05,23.39,23.42,23.82,22.70,21615,50393396.00,4.70,-1.68,-0.40,3.02
2020-08-06,23.50,23.45,23.79,22.72,15235,35534072.00,4.57,0.13,0.03,2.13
2020-08-07,23.46,23.15,23.58,22.68,14192,32763219.00,3.84,-1.28,-0.30,1.98
2020-08-10,23.03,23.40,23.70,22.91,15143,35417120.00,3.41,1.08,0.25,2.11
2020-08-11,23.39,22.79,23.58,22.76,12495,28966445.00,3.50,-2.61,-0.61,1.74
2020-08-12,22.70,22.39,22.78,22.05,11804,26362338.00,3.20,-1.76,-0.40,1.65
2020-08-13,22.66,22.81,23.09,22.52,8997,20528669.00,2.55,1.88,0.42,1.26
2020-08-14,22.71,22.85,22.95,22.46,7148,16241268.00,2.15,0.18,0.04,1.00
2020-08-17,22.85,24.38,24.39,22.70,41626,99360267.00,7.40,6.70,1.53,5.81
2020-08-18,24.38,26.82,26.82,24.21,67439,174257495.00,10.71,10.01,2.44,9.42
2020-08-19,27.12,25.64,27.41,25.39,57134,150943207.00,7.53,-4.40,-1.18,7.98
2020-08-20,25.68,26.01,26.50,25.13,41575,107813296.00,5.34,1.44,0.37,5.81
2020-08-21,25.57,25.51,26.00,25.19,25755,66108161.00,3.11,-1.92,-0.50,3.60
2020-08-24,25.68,25.36,25.83,24.93,20224,51128717.00,3.53,-0.59,-0.15,2.82
2020-08-25,25.50,24.61,25.50,24.50,21706,53974442.00,3.94,-2.96,-0.75,3.03
2020-08-26,24.54,24.50,24.99,23.89,16292,39906374.00,4.47,-0.45,-0.11,2.27
2020-08-27,24.52,24.51,24.70,24.06,13182,32093134.00,2.61,0.04,0.01,1.84
2020-08-28,24.38,24.76,25.00,24.07,19570,48099750.00,3.79,1.02,0.25,2.73
2020-08-31,24.76,24.65,25.26,24.45,22851,56881687.00,3.27,-0.44,-0.11,3.19
2020-09-01,24.80,24.69,24.92,24.37,12255,30218086.00,2.23,0.16,0.04,1.71
2020-09-02,24.75,25.36,25.52,24.64,29467,74216598.00,3.56,2.71,0.67,4.11
2020-09-03,25.95,23.56,25.95,23.39,45445,110277407.00,10.09,-7.10,-1.80,6.35
2020-09-04,22.98,23.50,23.64,22.67,17874,41340657.00,4.12,-0.25,-0.06,2.50
2020-09-07,23.41,23.49,23.78,23.32,14410,33902775.00,1.96,-0.04,-0.01,2.01
2020-09-08,23.31,23.55,23.71,23.21,12333,28951810.00,2.13,0.26,0.06,1.72
2020-09-09,23.12,23.09,23.85,22.92,17440,40619481.00,3.95,-1.95,-0.46,2.44
2020-09-10,23.21,23.16,23.54,22.59,18278,42180126.00,4.11,0.30,0.07,2.55
2020-09-11,23.14,22.48,23.14,22.12,16152,36440745.00,4.40,-2.94,-0.68,2.26
2020-09-14,22.46,22.27,22.57,21.94,18186,40472307.00,2.80,-0.93,-0.21,2.54
2020-09-15,22.20,23.27,24.12,22.16,36264,84280423.00,8.80,4.49,1.00,5.06
2020-09-16,23.27,22.62,23.50,22.48,15079,34382203.00,4.38,-2.79,-0.65,2.11
2020-09-17,22.41,23.27,23.58,22.36,14576,33737796.00,5.39,2.87,0.65,2.04
2020-09-18,23.38,24.08,24.37,23.20,26669,63899330.00,5.03,3.48,0.81,3.72
2020-09-21,24.09,25.05,25.86,23.78,41137,101863784.00,8.64,4.03,0.97,5.74
2020-09-22,24.83,23.61,25.42,23.48,40573,97768434.00,7.74,-5.75,-1.44,5.67
2020-09-23,23.85,23.86,23.99,23.33,19314,45757983.00,2.80,1.06,0.25,2.70
2020-09-24,23.57,22.91,23.90,22.86,17830,41726007.00,4.36,-3.98,-0.95,2.49
2020-09-25,22.98,22.70,23.25,22.35,19658,44572744.00,3.93,-0.92,-0.21,2.74
2020-09-28,22.60,21.30,23.18,21.26,21957,47982248.00,8.46,-6.17,-1.40,3.07
2020-09-29,21.41,21.58,21.89,20.95,11261,24202395.00,4.41,1.31,0.28,1.57
2020-09-30,21.62,21.40,21.81,21.22,7397,15858242.00,2.73,-0.83,-0.18,1.03
2020-10-09,21.80,21.97,22.08,21.46,9761,21335168.00,2.90,2.66,0.57,1.36
2020-10-12,22.01,22.42,22.56,22.01,11182,24942837.00,2.50,2.05,0.45,1.56
2020-10-13,22.37,22.27,22.50,22.17,8640,19268321.00,1.47,-0.67,-0.15,1.21
2020-10-14,22.20,21.96,22.24,21.81,8913,19636742.00,1.93,-1.39,-0.31,1.24
2020-10-15,21.86,22.41,22.54,21.86,18809,41910973.00,3.10,2.05,0.45,2.63
2020-10-16,22.42,22.88,22.96,22.25,19626,44573592.00,3.17,2.10,0.47,2.74
2020-10-19,22.95,22.90,23.33,22.57,11559,26600242.00,3.32,0.09,0.02,1.61
2020-10-20,22.66,23.40,23.48,22.64,21449,49680197.00,3.67,2.18,0.50,2.99
2020-10-21,23.30,23.30,23.84,23.20,17902,42098423.00,2.74,-0.43,-0.10,2.50
2020-10-22,23.30,23.38,23.47,23.00,17491,40738715.00,2.02,0.34,0.08,2.44
2020-10-23,23.39,22.78,23.53,22.60,16557,38057212.00,3.98,-2.57,-0.60,2.31
2020-10-26,22.69,22.17,22.86,22.01,15787,35220310.00,3.73,-2.68,-0.61,2.20
2020-10-27,22.24,22.29,22.50,21.93,10027,22237870.00,2.57,0.54,0.12,1.40
2020-10-28,22.29,22.31,22.40,21.88,9037,20000758.00,2.33,0.09,0.02,1.26
2020-10-29,22.00,22.25,22.42,21.88,7558,16808810.00,2.42,-0.27,-0.06,1.06
2020-10-30,22.39,21.53,22.39,21.00,13159,28754301.00,6.25,-3.24,-0.72,1.84
2020-11-02,21.48,21.26,21.78,21.16,8134,17353355.00,2.88,-1.25,-0.27,1.14
2020-11-03,21.26,21.79,21.86,21.13,8328,18015353.00,3.43,2.49,0.53,1.16
2020-11-04,21.98,21.63,21.98,21.34,5686,12284294.00,2.94,-0.73,-0.16,0.79
2020-11-05,21.64,21.94,22.19,21.64,10220,22413824.00,2.54,1.43,0.31,1.43
2020-11-06,21.92,21.83,22.09,21.55,5797,12610538.00,2.46,-0.50,-0.11,0.81
2020-11-09,21.83,22.28,22.48,21.80,12594,28038380.00,3.11,2.06,0.45,1.76
2020-11-10,22.35,22.34,22.55,22.18,6587,14684235.00,1.66,0.27,0.06,0.92
2020-11-11,22.49,21.81,22.51,21.72,7579,16739300.00,3.54,-2.37,-0.53,1.06
2020-11-12,21.80,21.70,21.99,21.57,4331,9428921.00,1.93,-0.50,-0.11,0.60
2020-11-13,21.72,21.44,21.72,21.30,4781,10246323.00,1.94,-1.20,-0.26,0.67
2020-11-16,21.54,21.61,21.67,21.36,6137,13224272.00,1.45,0.79,0.17,0.86
2020-11-17,21.70,21.48,21.70,21.25,4536,9714922.00,2.08,-0.60,-0.13,0.63
2020-11-18,21.45,21.73,21.81,21.45,5402,11706346.00,1.68,1.16,0.25,0.75
2020-11-19,21.71,22.22,22.60,21.71,11070,24612025.00,4.10,2.25,0.49,1.55
2020-11-20,22.25,22.15,22.25,22.03,5341,11823069.00,0.99,-0.32,-0.07,0.75
2020-11-23,22.15,21.83,22.30,21.82,6518,14298102.00,2.17,-1.44,-0.32,0.91
2020-11-24,21.83,21.70,21.90,21.61,6184,13440108.00,1.33,-0.60,-0.13,0.86
2020-11-25,21.70,21.43,21.79,21.41,5462,11781591.00,1.75,-1.24,-0.27,0.76
2020-11-26,21.50,21.50,21.81,21.34,5182,11204351.00,2.19,0.33,0.07,0.72
2020-11-27,21.54,21.66,21.68,21.30,4633,9962039.00,1.77,0.74,0.16,0.65
2020-11-30,21.61,21.55,21.94,21.43,5019,10866997.00,2.35,-0.51,-0.11,0.70
2020-12-01,21.56,21.70,21.80,21.41,3669,7954146.00,1.81,0.70,0.15,0.51
2020-12-02,22.34,21.89,22.40,21.50,6073,13225558.00,4.15,0.88,0.19,0.85
2020-12-03,21.87,21.96,22.17,21.68,7725,16980683.00,2.24,0.32,0.07,1.08
2020-12-04,21.95,21.93,22.03,21.74,3386,7415764.00,1.32,-0.14,-0.03,0.47
2020-12-07,21.90,21.65,22.00,21.60,4400,9555762.00,1.82,-1.28,-0.28,0.61
2020-12-08,21.69,21.65,21.89,21.56,3258,7078549.00,1.52,0.00,0.00,0.45
2020-12-09,21.70,21.25,21.79,21.20,4588,9827582.00,2.73,-1.85,-0.40,0.64
2020-12-10,21.30,21.15,21.35,21.01,4550,9607966.00,1.60,-0.47,-0.10,0.64
2020-12-11,21.15,21.54,23.27,21.08,15152,32959321.00,10.35,1.84,0.39,2.12
2020-12-14,21.50,20.90,21.60,20.78,11766,24750272.00,3.81,-2.97,-0.64,1.64
2020-12-15,20.76,20.25,20.80,20.10,9846,19992905.00,3.35,-3.11,-0.65,1.37
2020-12-16,20.20,19.83,20.29,19.66,7317,14529432.00,3.11,-2.07,-0.42,1.02
2020-12-17,19.85,19.95,20.14,19.58,5399,10736603.00,2.82,0.61,0.12,0.75
2020-12-18,20.05,19.73,20.10,19.67,4149,8240850.00,2.16,-1.10,-0.22,0.58
2020-12-21,19.73,19.82,19.86,19.41,4066,7994473.00,2.28,0.46,0.09,0.57
2020-12-22,19.72,19.26,19.82,19.21,5187,10114655.00,3.08,-2.83,-0.56,0.72
2020-12-23,19.26,19.45,19.55,19.00,5072,9789735.00,2.86,0.99,0.19,0.71
2020-12-24,19.45,18.81,19.45,18.68,5871,11124655.00,3.96,-3.29,-0.64,0.82
2020-12-25,18.84,19.09,19.22,18.62,4871,9255706.00,3.19,1.49,0.28,0.68
2020-12-28,19.16,18.20,19.24,18.16,8967,16616728.00,5.66,-4.66,-0.89,1.25
2020-12-29,18.20,20.02,20.02,18.06,17972,34691641.00,10.77,10.00,1.82,2.51
2020-12-30,19.50,19.42,19.97,18.02,20149,38925545.00,9.74,-3.00,-0.60,2.81
2020-12-31,19.70,19.22,19.70,19.12,11112,21458171.00,2.99,-1.03,-0.20,1.56
2021-01-04,19.19,19.06,19.19,18.74,8154,15445303.00,2.34,-0.83,-0.16,1.14
2021-01-05,19.00,19.09,19.35,18.91,7912,15121715.00,2.31,0.16,0.03,1.11
2021-01-06,19.01,18.45,19.01,18.36,7755,14417893.00,3.40,-3.35,-0.64,1.09
2021-01-07,18.45,18.09,18.49,17.88,7728,13998597.00,3.31,-1.95,-0.36,1.08
2021-01-08,18.11,17.96,18.31,17.51,5007,8951234.00,4.42,-0.72,-0.13,0.70
2021-01-11,17.96,17.15,17.97,17.05,9429,16426126.00,5.12,-4.51,-0.81,1.32
2021-01-12,17.16,17.17,17.52,17.01,4713,8132673.00,2.97,0.12,0.02,0.66
2021-01-13,17.16,16.71,17.17,16.49,6260,10467640.00,3.96,-2.68,-0.46,0.88
2021-01-14,16.71,16.80,17.06,16.54,3539,5960701.00,3.11,0.54,0.09,0.50
2021-01-15,16.84,17.29,17.50,16.78,6906,11881126.00,4.29,2.92,0.49,0.97
2021-01-18,17.29,17.43,17.75,17.14,6421,11238887.00,3.53,0.81,0.14,0.90
2021-01-19,17.68,17.61,17.85,17.43,4810,8497131.00,2.41,1.03,0.18,0.67
2021-01-20,17.49,17.53,17.75,17.36,3456,6058413.00,2.21,-0.45,-0.08,0.48
2021-01-21,17.53,17.56,17.74,17.25,4622,8105769.00,2.80,0.17,0.03,0.65
2021-01-22,17.54,17.23,17.54,17.13,4128,7134128.00,2.33,-1.88,-0.33,0.58
2021-01-25,17.29,16.92,17.29,16.80,4664,7915036.00,2.84,-1.80,-0.31,0.65
2021-01-26,16.95,16.71,17.07,16.70,3426,5776466.00,2.19,-1.24,-0.21,0.48
2021-01-27,16.77,16.72,16.91,16.56,2907,4864287.00,2.09,0.06,0.01,0.41
2021-01-28,16.72,16.76,17.10,16.65,2840,4791528.00,2.69,0.24,0.04,0.40
2021-01-29,16.88,16.38,17.00,16.12,4281,7064660.00,5.25,-2.27,-0.38,0.60
2021-02-01,16.60,17.32,17.97,16.60,15369,26733422.00,8.36,5.74,0.94,2.15
2021-02-02,17.09,16.99,17.28,16.90,4519,7686030.00,2.19,-1.91,-0.33,0.63
2021-02-03,16.91,16.58,16.98,16.53,3470,5787301.00,2.65,-2.41,-0.41,0.49
2021-02-04,16.58,16.22,16.74,16.10,4553,7419250.00,3.86,-2.17,-0.36,0.64
2021-02-05,16.21,16.36,16.54,16.16,3265,5316301.00,2.34,0.86,0.14,0.46
2021-02-08,16.66,16.37,16.68,16.02,4118,6680154.00,4.03,0.06,0.01,0.58
2021-02-09,16.35,16.45,16.55,16.22,3353,5496598.00,2.02,0.49,0.08,0.47
2021-02-10,16.46,16.41,16.92,16.04,10232,16806703.00,5.35,-0.24,-0.04,1.43
2021-02-18,16.42,16.85,16.90,16.42,7046,11763658.00,2.93,2.68,0.44,0.99
2021-02-19,16.81,17.30,17.48,16.76,8179,14097842.00,4.27,2.67,0.45,1.15
2021-02-22,17.30,17.53,18.07,17.27,10976,19448882.00,4.62,1.33,0.23,1.54
2021-02-23,17.50,17.27,17.63,17.19,6957,12074630.00,2.51,-1.48,-0.26,0.97
2021-02-24,17.28,17.47,17.60,17.25,4587,7991898.00,2.03,1.16,0.20,0.64
2021-02-25,17.47,17.46,17.63,17.36,5646,9867873.00,1.55,-0.06,-0.01,0.79
2021-02-26,17.40,17.50,17.78,17.21,4349,7594012.00,3.26,0.23,0.04,0.61
2021-03-01,17.53,17.89,17.89,17.53,5116,9098357.00,2.06,2.23,0.39,0.72
2021-03-02,17.87,17.49,17.98,17.47,6174,10866245.00,2.85,-2.24,-0.40,0.86
2021-03-03,17.41,17.80,17.80,17.41,4522,7980445.00,2.23,1.77,0.31,0.63
2021-03-04,17.81,17.80,17.94,17.62,4530,8055540.00,1.80,0.00,0.00,0.63
2021-03-05,17.78,17.91,18.00,17.70,4192,7508340.00,1.69,0.62,0.11,0.59
2021-03-08,17.99,17.76,18.14,17.71,4686,8398261.00,2.40,-0.84,-0.15,0.66
2021-03-09,17.78,17.45,17.89,17.17,4726,8317690.00,4.05,-1.75,-0.31,0.66
2021-03-10,17.49,17.12,17.49,17.07,4010,6917718.00,2.41,-1.89,-0.33,0.56
2021-03-11,17.00,17.80,17.80,17.00,4181,7263935.00,4.67,3.97,0.68,0.59
2021-03-12,17.78,17.45,17.80,17.41,3489,6113239.00,2.19,-1.97,-0.35,0.49
2021-03-15,17.42,17.29,17.59,17.19,4713,8187968.00,2.29,-0.92,-0.16,0.66
2021-03-16,17.49,18.12,18.27,17.30,15717,28355011.00,5.61,4.80,0.83,2.20
2021-03-17,18.12,18.64,19.35,17.88,20676,38446853.00,8.11,2.87,0.52,2.90
2021-03-18,18.60,18.35,18.72,18.25,8494,15672292.00,2.52,-1.56,-0.29,1.19
2021-03-19,18.30,18.44,18.99,18.18,6985,13025461.00,4.41,0.49,0.09,0.98
2021-03-22,18.44,18.45,18.84,18.32,5606,10358373.00,2.82,0.05,0.01,0.79
2021-03-23,18.46,18.08,18.50,18.00,6897,12491309.00,2.71,-2.01,-0.37,0.97
2021-03-24,17.88,18.19,18.35,17.88,3860,7016229.00,2.60,0.61,0.11,0.54
2021-03-25,18.19,18.57,19.02,18.19,9959,18593542.00,4.56,2.09,0.38,1.39
2021-03-26,18.41,19.06,19.28,18.15,17448,32943336.00,6.09,2.64,0.49,2.44
2021-03-29,19.78,19.69,20.52,19.06,26093,51519109.00,7.66,3.31,0.63,3.65
2021-03-30,19.50,20.67,21.11,19.10,43341,88116319.00,10.21,4.98,0.98,6.07
2021-03-31,20.39,19.42,20.39,19.20,30650,60188372.00,5.76,-6.05,-1.25,4.29
2021-04-01,19.43,18.63,19.43,18.50,16914,31692472.00,4.79,-4.07,-0.79,2.37
2021-04-02,18.61,18.79,19.10,18.45,10543,19849689.00,3.49,0.86,0.16,1.48
2021-04-06,18.80,18.94,19.08,18.51,10312,19433189.00,3.03,0.80,0.15,1.44
2021-04-07,18.91,18.89,19.51,18.80,12519,23936636.00,3.75,-0.26,-0.05,1.75
2021-04-08,18.89,19.09,19.77,18.65,11077,21045504.00,5.93,1.06,0.20,1.55
2021-04-09,18.99,18.85,19.00,18.69,6687,12590944.00,1.62,-1.26,-0.24,0.94
2021-04-12,18.80,18.55,18.85,18.38,7799,14471962.00,2.49,-1.59,-0.30,1.09
2021-04-13,18.65,18.30,18.80,18.20,4203,7778453.00,3.23,-1.35,-0.25,0.59
2021-04-14,18.25,18.58,18.58,18.25,3446,6368027.00,1.80,1.53,0.28,0.48
2021-04-15,18.58,18.82,18.89,18.44,4795,8995305.00,2.42,1.29,0.24,0.67
2021-04-16,18.82,18.98,19.08,18.10,7126,13446167.00,5.21,0.85,0.16,1.00
2021-04-19,18.99,19.32,19.49,18.98,9176,17712983.00,2.69,1.79,0.34,1.29
2021-04-20,19.23,18.98,19.55,18.95,7268,13965791.00,3.11,-1.76,-0.34,1.02
2021-04-21,18.89,19.00,19.15,18.67,5109,9669772.00,2.53,0.11,0.02,0.72
2021-04-22,18.99,19.03,19.28,18.88,4368,8325961.00,2.11,0.16,0.03,0.61
2021-04-23,19.03,18.82,19.10,18.71,3348,6291994.00,2.05,-1.10,-0.21,0.47
2021-04-26,18.90,18.92,19.28,18.82,5455,10405746.00,2.44,0.53,0.10,0.76
2021-04-27,18.98,18.40,19.09,18.37,4157,7719587.00,3.81,-2.75,-0.52,0.58
2021-04-28,18.42,18.50,18.73,18.36,4493,8306757.00,2.01,0.54,0.10,0.63
2021-04-29,18.37,18.86,18.99,18.37,5412,10170342.00,3.35,1.95,0.36,0.76
2021-04-30,18.72,18.89,19.17,18.68,3979,7520202.00,2.60,0.16,0.03,0.56
2021-05-06,18.90,19.12,19.18,18.65,5396,10255454.00,2.81,1.22,0.23,0.76
2021-05-07,19.74,18.86,19.75,18.79,8782,16904698.00,5.02,-1.36,-0.26,1.23
2021-05-10,18.65,18.58,18.71,18.40,5226,9693130.00,1.64,-1.48,-0.28,0.73
2021-05-11,18.45,18.83,19.10,18.45,5947,11185652.00,3.50,1.35,0.25,0.83
2021-05-12,18.83,18.91,18.98,18.66,5916,11133912.00,1.70,0.42,0.08,0.83
2021-05-13,18.70,18.78,19.07,18.68,4243,8001989.00,2.06,-0.69,-0.13,0.59
2021-05-14,18.74,19.05,19.07,18.73,6124,11618987.00,1.81,1.44,0.27,0.86
2021-05-17,19.16,18.61,19.23,18.53,6903,12903661.00,3.67,-2.31,-0.44,0.97
2021-05-18,18.61,18.69,18.73,18.46,2720,5059992.00,1.45,0.43,0.08,0.38
2021-05-19,18.69,18.99,19.20,18.64,6525,12345962.00,3.00,1.61,0.30,0.91
2021-05-20,19.03,19.08,19.49,18.98,6980,13386194.00,2.69,0.47,0.09,0.98
2021-05-21,19.08,19.29,19.29,18.81,6246,11957378.00,2.52,1.10,0.21,0.87
2021-05-24,19.33,19.35,19.66,19.25,10566,20475873.00,2.13,0.31,0.06,1.48
2021-05-25,19.35,19.21,19.43,18.94,10003,19127272.00,2.53,-0.72,-0.14,1.40
2021-05-26,13.69,13.73,13.81,13.50,11816,16109395.00,1.61,-28.53,-5.48,1.18
2021-05-27,13.67,13.61,13.68,13.50,8032,10926698.00,1.31,-0.87,-0.12,0.80
2021-05-28,13.64,13.25,13.69,13.18,11347,15178073.00,3.75,-2.65,-0.36,1.13
2021-05-31,13.26,13.40,13.41,13.10,5948,7905678.00,2.34,1.13,0.15,0.59
2021-06-01,13.40,13.56,13.56,13.35,7461,10033454.00,1.57,1.19,0.16,0.74
2021-06-02,13.60,13.30,13.65,13.28,6497,8708076.00,2.73,-1.92,-0.26,0.65
2021-06-03,13.26,13.41,13.52,13.26,7019,9412191.00,1.95,0.83,0.11,0.70
2021-06-04,13.50,13.31,13.55,13.30,4958,6640293.00,1.86,-0.75,-0.10,0.49
2021-06-07,13.33,13.30,13.47,13.28,3995,5332352.00,1.43,-0.08,-0.01,0.40
2021-06-08,13.36,13.34,13.39,13.22,5555,7392371.00,1.28,0.30,0.04,0.55
2021-06-09,13.34,13.29,13.37,13.11,6363,8465347.00,1.95,-0.37,-0.05,0.63
2021-06-10,13.30,13.20,13.33,13.18,5416,7164933.00,1.13,-0.68,-0.09,0.54
2021-06-11,13.21,13.15,13.30,13.13,8723,11519145.00,1.29,-0.38,-0.05,0.87
2021-06-15,13.26,12.93,13.26,12.86,8581,11142824.00,3.04,-1.67,-0.22,0.86
2021-06-16,13.08,12.86,13.08,12.80,5808,7473781.00,2.17,-0.54,-0.07,0.58
2021-06-17,12.85,12.77,12.94,12.70,4840,6189481.00,1.87,-0.70,-0.09,0.48
2021-06-18,12.76,12.99,13.02,12.70,6988,8979436.00,2.51,1.72,0.22,0.70
2021-06-21,12.98,13.00,13.10,12.82,7536,9808491.00,2.16,0.08,0.01,0.75
2021-06-22,12.99,13.19,13.27,12.99,7309,9601308.00,2.15,1.46,0.19,0.73
2021-06-23,13.19,13.21,13.36,13.05,6003,7918855.00,2.35,0.15,0.02,0.60
2021-06-24,13.23,13.17,13.24,13.10,5403,7115674.00,1.06,-0.30,-0.04,0.54
2021-06-25,13.17,13.35,14.06,13.17,13673,18285545.00,6.76,1.37,0.18,1.36
2021-06-28,13.35,13.20,13.36,13.12,5787,7630732.00,1.80,-1.12,-0.15,0.58
2021-06-29,13.12,13.04,13.33,13.00,6071,7957711.00,2.50,-1.21,-0.16,0.61
2021-06-30,12.99,12.96,13.10,12.92,4792,6218987.00,1.38,-0.61,-0.08,0.48
2021-07-01,12.97,12.83,12.97,12.82,4452,5737913.00,1.16,-1.00,-0.13,0.44
2021-07-02,12.83,12.85,12.95,12.75,4760,6105043.00,1.56,0.16,0.02,0.47
2021-07-05,12.90,13.09,13.10,12.85,5737,7455261.00,1.95,1.87,0.24,0.57
2021-07-06,13.09,13.28,13.80,13.05,9025,11997012.00,5.73,1.45,0.19,0.90
2021-07-07,13.24,13.26,13.36,13.10,4813,6361268.00,1.96,-0.15,-0.02,0.48
2021-07-08,13.16,13.15,13.25,12.95,6647,8701158.00,2.26,-0.83,-0.11,0.66
2021-07-09,13.09,13.16,13.26,13.07,4602,6061345.00,1.44,0.08,0.01,0.46
2021-07-12,13.28,13.30,13.30,13.12,8552,11325244.00,1.37,1.06,0.14,0.85
2021-07-13,13.30,13.31,13.50,13.16,6511,8666234.00,2.56,0.08,0.01,0.65
2021-07-14,13.33,13.21,13.38,13.18,6857,9083539.00,1.50,-0.75,-0.10,0.68
2021-07-15,13.30,12.91,13.33,12.85,9607,12445873.00,3.63,-2.27,-0.30,0.96
2021-07-16,12.88,12.86,12.98,12.83,5779,7441495.00,1.16,-0.39,-0.05,0.58
