2015-12-24,3.63,3.63,3.63,3.63,35,12705.00,0.00,10.00,0.33,0.01
2015-12-25,3.99,3.99,3.99,3.99,40,15960.00,0.00,9.92,0.36,0.01
2015-12-28,4.39,4.39,4.39,4.39,79,34681.00,0.00,10.03,0.40,0.02
2015-12-29,4.83,4.83,4.83,4.83,37,17871.00,0.00,10.02,0.44,0.01
2015-12-30,5.31,5.31,5.31,5.31,107,56817.00,0.00,9.94,0.48,0.02
2015-12-31,5.84,5.84,5.84,5.84,78,45552.00,0.00,9.98,0.53,0.02
2016-01-04,6.42,6.42,6.42,6.42,278,178476.00,0.00,9.93,0.58,0.06
2016-01-05,7.06,7.06,7.06,7.06,251,177206.00,0.00,9.97,0.64,0.05
2016-01-06,7.77,7.77,7.77,7.77,140,108469.00,0.00,10.06,0.71,0.03
2016-01-07,8.55,8.55,8.55,8.55,201,171453.00,0.00,10.04,0.78,0.04
2016-01-08,9.41,9.41,9.41,9.41,803,755312.00,0.00,10.06,0.86,0.16
2016-01-11,10.35,10.35,10.35,10.35,1558,1612364.00,0.00,9.99,0.94,0.31
2016-01-12,11.39,11.39,11.39,11.39,1766,2011701.00,0.00,10.05,1.04,0.35
2016-01-13,12.53,12.53,12.53,12.53,2672,3347514.00,0.00,10.01,1.14,0.53
2016-01-14,13.78,13.78,13.78,13.78,3133,4317949.00,0.00,9.98,1.25,0.63
2016-01-15,15.16,15.16,15.16,15.16,1842,2792623.00,0.00,10.01,1.38,0.37
2016-01-18,16.68,16.68,16.68,16.68,4387,7316848.00,0.00,10.03,1.52,0.88
2016-01-19,18.35,18.35,18.35,18.35,2542,4664386.00,0.00,10.01,1.67,0.51
2016-01-20,20.19,20.19,20.19,20.19,6369,12859980.00,0.00,10.03,1.84,1.27
2016-01-21,22.21,22.21,22.21,22.21,44311,98415197.00,0.00,10.00,2.02,8.86
2016-01-22,24.43,24.43,24.43,24.43,176097,430203744.00,0.00,10.00,2.22,35.22
2016-01-25,26.87,26.87,26.87,26.87,120532,323869680.00,0.00,9.99,2.44,24.11
2016-01-26,28.60,24.18,28.77,24.18,218056,574459952.00,17.08,-10.01,-2.69,43.61
2016-01-27,21.76,21.76,21.76,21.76,44784,97449984.00,0.00,-10.01,-2.42,8.96
2016-01-28,20.50,19.58,20.88,19.58,179656,360367424.00,5.97,-10.02,-2.18,35.93
2016-01-29,18.15,19.35,21.29,18.15,263281,516049104.00,16.04,-1.17,-0.23,52.66
2016-02-01,18.79,20.88,21.29,18.41,270682,552470864.00,14.88,7.91,1.53,54.14
2016-02-02,19.95,21.29,21.32,19.52,237800,482372528.00,8.62,1.96,0.41,47.56
2016-02-03,20.39,23.42,23.42,20.20,298275,670177504.00,15.12,10.00,2.13,59.66
2016-02-04,25.00,25.76,25.76,25.00,95471,244630110.00,3.25,9.99,2.34,19.09
2016-02-05,28.34,27.61,28.34,24.00,343162,954852016.00,16.85,7.18,1.85,68.63
2016-02-15,25.87,26.75,27.88,24.85,247654,644170176.00,10.97,-3.11,-0.86,49.53
2016-02-16,26.50,29.43,29.43,26.30,206931,578803136.00,11.70,10.02,2.68,41.39
2016-02-17,30.50,29.79,32.16,29.00,306488,932302672.00,10.74,1.22,0.36,61.30
2016-02-18,29.00,30.31,31.80,28.70,227799,685642160.00,10.41,1.75,0.52,45.56
2016-02-19,29.20,28.34,29.95,27.70,177793,512709520.00,7.42,-6.50,-1.97,35.56
2016-02-22,28.90,28.81,29.50,28.30,126138,363938048.00,4.23,1.66,0.47,25.23
2016-02-23,28.60,30.46,31.45,28.02,220283,662128096.00,11.91,5.73,1.65,44.06
2016-02-24,29.70,28.88,30.10,27.98,189852,547678192.00,6.96,-5.19,-1.58,37.97
2016-02-25,28.00,25.99,28.58,25.99,122035,329227728.00,8.97,-10.01,-2.89,24.41
2016-02-26,25.11,25.57,26.80,24.00,116386,297769680.00,10.77,-1.62,-0.42,23.28
2016-02-29,25.01,23.01,25.10,23.01,66183,154782869.00,8.17,-10.01,-2.56,13.24
2016-03-01,22.86,23.98,25.31,21.69,125918,293944992.00,15.73,4.22,0.97,25.18
2016-03-02,23.40,24.75,25.20,23.17,125944,305991088.00,8.47,3.21,0.77,25.19
2016-03-03,24.60,27.23,27.23,24.35,171119,457563696.00,11.64,10.02,2.48,34.22
2016-03-04,27.00,25.40,27.04,24.51,221798,568018160.00,9.29,-6.72,-1.83,44.36
2016-03-07,24.55,25.19,26.30,24.55,123137,314386064.00,6.89,-0.83,-0.21,24.63
2016-03-08,24.51,24.62,24.78,23.00,98540,236678017.00,7.07,-2.26,-0.57,19.71
2016-03-09,23.55,24.01,25.20,23.30,81884,200298067.00,7.72,-2.48,-0.61,16.38
2016-03-10,24.03,23.40,24.78,23.30,67133,160272888.00,6.16,-2.54,-0.61,13.43
2016-03-11,22.97,23.67,24.62,22.50,87717,206126981.00,9.06,1.15,0.27,17.54
2016-03-14,24.63,24.76,25.47,24.11,115087,285925648.00,5.75,4.60,1.09,23.02
2016-03-15,24.40,23.99,25.20,23.97,86767,211765606.00,4.97,-3.11,-0.77,17.35
2016-03-16,24.33,23.31,24.50,23.00,78242,184284420.00,6.25,-2.83,-0.68,15.65
2016-03-17,23.40,24.20,24.33,23.00,110541,263871117.00,5.71,3.82,0.89,22.11
2016-03-18,24.44,24.80,25.50,24.01,128187,318440448.00,6.16,2.48,0.60,25.64
2016-03-21,25.02,25.76,26.36,24.50,155639,396244240.00,7.50,3.87,0.96,31.13
2016-03-22,25.03,25.77,26.63,24.55,156173,400297328.00,8.07,0.04,0.01,31.23
2016-03-23,25.30,26.90,27.02,25.05,183291,478173088.00,7.64,4.38,1.13,36.66
2016-03-24,26.40,25.41,26.87,25.40,144095,376469584.00,5.46,-5.54,-1.49,28.82
2016-03-25,25.02,24.78,25.74,24.35,82312,205181543.00,5.47,-2.48,-0.63,16.46
2016-03-28,25.09,24.13,25.37,24.01,66588,164623887.00,5.49,-2.62,-0.65,13.32
2016-03-29,24.13,23.58,24.45,23.27,57944,137550079.00,4.89,-2.28,-0.55,11.59
2016-03-30,23.83,24.39,24.42,23.62,64726,155856271.00,3.39,3.44,0.81,12.95
2016-03-31,24.35,24.45,24.90,24.21,68315,167876096.00,2.83,0.25,0.06,13.66
2016-04-01,24.35,25.14,25.99,23.71,104202,260481738.00,9.33,2.82,0.69,20.84
2016-04-05,24.80,25.50,25.77,24.65,100175,253604513.00,4.46,1.43,0.36,20.04
2016-04-06,25.00,25.08,25.45,24.80,71863,180301305.00,2.55,-1.65,-0.42,14.37
2016-04-07,25.27,25.75,27.50,25.00,175361,458732368.00,9.97,2.67,0.67,35.07
2016-04-08,25.05,24.70,25.40,24.35,103188,255349794.00,4.08,-4.08,-1.05,20.64
2016-04-11,24.83,25.34,25.40,24.70,82819,208065674.00,2.83,2.59,0.64,16.56
2016-04-12,25.21,26.12,27.00,25.01,147538,385761760.00,7.85,3.08,0.78,29.51
2016-04-13,26.30,26.40,26.93,25.70,133312,349531792.00,4.71,1.07,0.28,26.66
2016-04-14,26.45,27.89,27.99,25.84,192216,523172368.00,8.14,5.64,1.49,38.44
2016-04-15,27.22,27.07,27.94,26.80,136335,371700768.00,4.09,-2.94,-0.82,27.27
2016-04-18,27.00,26.26,27.00,25.58,76841,202010866.00,5.25,-2.99,-0.81,15.37
2016-04-19,26.26,26.30,26.94,26.08,68344,181132707.00,3.27,0.15,0.04,13.67
2016-04-20,26.30,24.21,26.35,23.75,111765,277894960.00,9.89,-7.95,-2.09,22.35
2016-04-21,23.98,23.42,24.50,23.28,55081,131233868.00,5.04,-3.26,-0.79,11.02
2016-04-22,23.09,23.61,23.75,22.90,49268,115096399.00,3.63,0.81,0.19,9.85
2016-04-25,23.65,23.30,23.65,22.55,40453,93493358.00,4.66,-1.31,-0.31,8.09
2016-04-26,23.31,23.52,23.58,23.16,34364,80274568.00,1.80,0.94,0.22,6.87
2016-04-27,23.60,23.51,24.00,23.40,43947,104193633.00,2.55,-0.04,-0.01,8.79
2016-04-28,23.62,23.25,23.70,22.77,35242,81619071.00,3.96,-1.11,-0.26,7.05
2016-04-29,23.34,23.07,23.49,22.90,24642,57104496.00,2.54,-0.77,-0.18,4.93
2016-05-03,23.00,23.67,23.68,22.97,38496,90460300.00,3.08,2.60,0.60,7.70
2016-05-04,23.61,24.12,24.58,23.40,68258,165237561.00,4.99,1.90,0.45,13.65
2016-05-05,23.99,24.49,24.74,23.50,69328,169254324.00,5.14,1.53,0.37,13.87
2016-05-06,24.27,24.23,25.60,24.23,94063,234576009.00,5.59,-1.06,-0.26,18.81
2016-05-09,23.39,22.37,23.39,22.00,65467,148740207.00,5.74,-7.68,-1.86,13.09
2016-05-10,22.30,22.40,22.84,22.00,31261,70066659.00,3.76,0.13,0.03,6.25
2016-05-11,22.98,22.20,22.98,22.11,25580,57229565.00,3.88,-0.89,-0.20,5.12
2016-05-12,21.97,21.41,21.97,20.88,30923,65907020.00,4.91,-3.56,-0.79,6.18
2016-05-13,21.48,21.22,21.80,21.10,24395,52237391.00,3.27,-0.89,-0.19,4.88
2016-05-16,21.40,21.62,21.70,21.01,25877,55318738.00,3.25,1.89,0.40,5.18
2016-05-17,21.73,21.96,22.15,21.55,45780,100098268.00,2.78,1.57,0.34,9.16
2016-05-18,21.60,20.30,21.70,20.03,42971,89426819.00,7.60,-7.56,-1.66,8.59
2016-05-19,20.17,20.52,21.25,20.12,38128,79053785.00,5.57,1.08,0.22,7.63
2016-05-20,20.15,21.08,21.19,19.90,62580,128911614.00,6.29,2.73,0.56,12.52
2016-05-23,21.00,21.39,21.80,20.89,51996,110617808.00,4.32,1.47,0.31,10.40
2016-05-24,21.21,20.86,21.39,20.80,32268,67492092.00,2.76,-2.48,-0.53,6.45
2016-05-25,20.91,20.98,21.21,20.70,28565,60016409.00,2.44,0.58,0.12,5.71
2016-05-26,21.02,21.45,21.59,20.86,50112,106634766.00,3.48,2.24,0.47,10.02
2016-05-27,21.11,21.33,21.78,21.01,45617,97984493.00,3.59,-0.56,-0.12,9.12
2016-05-30,21.14,20.93,21.32,20.50,31925,67093136.00,3.84,-1.88,-0.40,6.39
2016-05-31,20.92,22.01,22.20,20.90,61455,133444236.00,6.21,5.16,1.08,12.29
2016-06-01,22.03,22.27,22.88,21.86,63103,141298615.00,4.63,1.18,0.26,12.62
2016-06-02,22.28,23.23,23.40,22.02,87037,198441985.00,6.20,4.31,0.96,17.41
2016-06-03,22.90,23.14,23.66,22.73,92749,215100014.00,4.00,-0.39,-0.09,18.55
2016-06-06,23.08,24.44,24.88,22.90,124363,299034976.00,8.56,5.62,1.30,24.87
2016-06-07,24.44,26.19,26.20,23.73,144019,355499568.00,10.11,7.16,1.75,28.80
2016-06-08,25.62,24.76,26.15,24.51,152527,387978272.00,6.26,-5.46,-1.43,30.51
2016-06-13,23.85,22.28,23.93,22.28,101778,235908169.00,6.66,-10.02,-2.48,20.36
2016-06-14,22.19,22.64,22.78,22.01,44446,99949153.00,3.46,1.62,0.36,8.89
2016-06-15,22.25,23.28,23.79,22.05,72828,168784289.00,7.69,2.83,0.64,14.57
2016-06-16,23.15,23.08,23.38,22.80,64195,148611111.00,2.49,-0.86,-0.20,12.84
2016-06-17,22.95,23.94,24.39,22.95,82124,195542222.00,6.24,3.73,0.86,16.42
2016-06-20,23.93,26.33,26.33,23.79,183106,470306352.00,10.61,9.98,2.39,36.62
2016-06-21,26.47,28.31,28.96,25.81,267766,733973200.00,11.96,7.52,1.98,53.55
2016-06-22,27.69,28.52,30.60,27.50,301618,862255472.00,10.95,0.74,0.21,60.32
2016-06-23,27.52,27.17,28.20,26.93,157462,432029216.00,4.45,-4.73,-1.35,31.49
2016-06-24,27.22,26.26,27.50,25.01,138272,365637456.00,9.16,-3.35,-0.91,27.65
2016-06-27,25.99,27.53,27.90,25.72,128664,349530288.00,8.30,4.84,1.27,25.73
2016-06-28,27.44,27.27,27.75,26.75,105143,286426464.00,3.63,-0.94,-0.26,21.03
2016-06-29,27.50,28.81,29.58,26.86,164944,465704256.00,9.97,5.65,1.54,32.99
2016-06-30,27.01,27.10,27.95,26.95,125177,342513824.00,3.47,-5.94,-1.71,25.04
2016-07-01,27.11,28.72,29.45,27.02,188984,540066672.00,8.97,5.98,1.62,37.80
2016-07-04,28.56,30.00,30.50,28.40,191756,565888272.00,7.31,4.46,1.28,38.35
2016-07-05,29.68,31.20,31.50,29.31,208041,629292800.00,7.30,4.00,1.20,41.61
2016-07-06,30.70,30.77,32.10,29.56,177547,548035008.00,8.14,-1.38,-0.43,35.51
2016-07-07,30.45,31.78,32.17,30.18,163522,513541744.00,6.47,3.28,1.01,32.70
2016-07-08,31.75,30.63,31.75,30.40,114066,352782816.00,4.25,-3.62,-1.15,22.81
2016-07-11,30.01,29.18,30.78,29.00,91671,270907168.00,5.81,-4.73,-1.45,18.33
2016-07-12,29.00,29.77,29.85,28.00,83944,244207318.00,6.34,2.02,0.59,16.79
2016-07-13,29.86,29.54,30.29,29.11,68384,202888917.00,3.96,-0.77,-0.23,13.68
2016-07-14,29.49,29.33,29.50,28.85,59066,172334637.00,2.20,-0.71,-0.21,11.81
2016-07-15,29.40,29.45,30.13,29.37,74325,221661454.00,2.59,0.41,0.12,14.87
2016-07-18,28.94,28.38,29.22,28.00,62812,178840945.00,4.14,-3.63,-1.07,12.56
2016-07-19,28.18,28.31,28.69,27.86,45540,128256434.00,2.92,-0.25,-0.07,9.11
2016-07-20,28.33,28.41,28.60,28.16,37063,105271634.00,1.55,0.35,0.10,7.41
2016-07-21,28.56,28.03,28.58,28.00,37055,104484405.00,2.04,-1.34,-0.38,7.41
2016-07-22,28.05,26.86,28.19,26.66,56255,153630069.00,5.46,-4.17,-1.17,11.25
2016-07-25,26.86,26.91,27.32,26.63,27437,73988778.00,2.57,0.19,0.05,5.49
2016-07-26,26.76,27.28,27.45,26.76,29127,79487803.00,2.56,1.37,0.37,5.83
2016-07-27,27.31,25.43,27.50,24.91,52931,138399079.00,9.49,-6.78,-1.85,10.59
2016-07-28,25.44,26.10,26.30,25.40,41705,107727089.00,3.54,2.63,0.67,8.34
2016-07-29,26.10,25.73,26.18,25.40,26770,68904929.00,2.99,-1.42,-0.37,5.35
2016-08-01,25.71,24.74,25.71,23.93,32199,79259919.00,6.92,-3.85,-0.99,6.44
2016-08-02,24.70,25.11,25.50,24.58,21930,54939644.00,3.72,1.50,0.37,4.39
2016-08-03,25.12,25.66,25.90,24.85,47248,120583395.00,4.18,2.19,0.55,9.45
2016-08-04,25.41,25.45,25.74,25.20,27157,68986402.00,2.10,-0.82,-0.21,5.43
2016-08-05,25.40,25.10,25.69,25.00,21440,54333053.00,2.71,-1.38,-0.35,4.29
2016-08-08,24.80,25.23,25.30,24.10,24299,60178739.00,4.78,0.52,0.13,4.86
2016-08-09,25.23,25.45,25.62,25.20,27790,70526525.00,1.66,0.87,0.22,5.56
2016-08-10,25.47,25.70,25.88,25.35,36541,93604992.00,2.08,0.98,0.25,7.31
2016-08-11,25.85,26.63,27.95,25.74,93643,252507389.00,8.60,3.62,0.93,18.73
2016-08-12,26.02,27.83,27.95,25.78,99481,268911456.00,8.15,4.51,1.20,19.90
2016-08-15,27.95,28.60,28.90,27.26,119505,336512320.00,5.89,2.77,0.77,23.90
2016-08-16,28.26,28.00,28.87,27.99,82190,232413716.00,3.08,-2.10,-0.60,16.44
2016-08-17,27.97,28.09,28.50,27.51,57101,160699521.00,3.54,0.32,0.09,11.42
2016-08-18,27.95,27.61,28.35,27.60,45622,126959597.00,2.67,-1.71,-0.48,9.12
2016-08-19,27.40,27.02,27.67,26.98,44106,119755580.00,2.50,-2.14,-0.59,8.82
2016-08-22,27.04,26.59,27.40,26.59,30410,81879626.00,3.00,-1.59,-0.43,6.08
2016-08-23,26.61,26.68,26.98,26.40,23691,63330782.00,2.18,0.34,0.09,4.74
2016-08-24,26.78,29.35,29.35,26.78,184711,531322464.00,9.63,10.01,2.67,36.94
2016-08-25,29.29,28.40,29.29,28.02,122535,349216944.00,4.33,-3.24,-0.95,24.51
2016-08-26,28.11,27.75,29.20,27.69,102952,292955472.00,5.32,-2.29,-0.65,20.59
2016-08-29,27.46,28.70,28.81,26.80,95525,267999384.00,7.24,3.42,0.95,19.10
2016-08-30,28.43,29.70,30.64,28.22,153390,453263776.00,8.43,3.48,1.00,30.68
2016-08-31,29.20,29.30,29.99,28.70,103009,301360448.00,4.34,-1.35,-0.40,20.60
2016-09-01,29.11,29.02,30.50,29.01,112948,336061888.00,5.09,-0.96,-0.28,22.59
2016-09-02,28.68,28.00,28.81,27.88,77039,217891493.00,3.20,-3.51,-1.02,15.41
2016-09-05,28.14,28.05,28.63,27.85,43085,121711267.00,2.79,0.18,0.05,8.62
2016-09-06,28.00,28.66,28.80,27.81,59462,168253814.00,3.53,2.17,0.61,11.89
2016-09-07,28.48,28.20,28.78,28.11,52206,147741241.00,2.34,-1.61,-0.46,10.44
2016-09-08,28.10,27.98,28.37,27.80,42256,118665031.00,2.02,-0.78,-0.22,8.45
2016-09-09,27.83,26.99,28.05,26.87,65194,177820621.00,4.22,-3.54,-0.99,13.04
2016-09-12,26.59,25.86,26.59,25.84,35646,93205640.00,2.78,-4.19,-1.13,7.13
2016-09-13,26.10,26.18,26.57,26.00,27275,71550526.00,2.20,1.24,0.32,5.46
2016-09-14,26.10,26.10,26.42,25.88,18151,47425548.00,2.06,-0.31,-0.08,3.63
2016-09-20,26.15,26.50,26.87,25.01,46845,121925717.00,7.13,1.53,0.40,9.37
2016-09-21,26.24,26.40,26.83,26.20,29698,78807672.00,2.38,-0.38,-0.10,5.94
2016-09-22,26.43,26.34,26.69,26.31,22242,58834706.00,1.44,-0.23,-0.06,4.45
2016-09-23,26.39,26.30,26.64,26.30,18628,49230239.00,1.29,-0.15,-0.04,3.73
2016-09-26,26.20,25.14,26.20,25.10,28934,73565843.00,4.18,-4.41,-1.16,5.79
2016-09-27,25.10,25.21,25.36,24.71,19841,49601778.00,2.59,0.28,0.07,3.97
2016-09-28,25.22,24.92,25.22,24.88,11847,29579028.00,1.35,-1.15,-0.29,2.37
2016-09-29,24.92,24.77,25.11,24.77,12944,32285759.00,1.36,-0.60,-0.15,2.59
2016-09-30,24.55,24.57,24.76,24.50,14798,36384111.00,1.05,-0.81,-0.20,2.96
2016-10-10,24.88,25.42,25.48,24.88,23541,59403862.00,2.44,3.46,0.85,4.71
2016-10-11,25.43,25.45,25.74,25.30,18342,46681244.00,1.73,0.12,0.03,3.67
2016-10-12,25.11,26.20,26.40,25.11,41552,108081145.00,5.07,2.95,0.75,8.31
2016-10-13,26.27,25.90,26.28,25.80,25698,66590651.00,1.83,-1.15,-0.30,5.14
2016-10-14,26.10,26.78,26.95,25.91,65533,174499149.00,4.02,3.40,0.88,13.11
2016-10-17,26.78,26.79,26.89,26.53,39144,104477052.00,1.34,0.04,0.01,7.83
2016-10-18,26.00,26.76,26.77,25.47,62617,163562409.00,4.85,-0.11,-0.03,12.52
2016-10-19,26.50,26.15,26.61,26.08,35788,94044557.00,1.98,-2.28,-0.61,7.16
2016-10-20,26.15,26.17,26.41,26.04,25256,66214409.00,1.41,0.08,0.02,5.05
2016-10-21,26.10,25.85,26.37,25.69,25400,65925455.00,2.60,-1.22,-0.32,5.08
2016-10-24,25.85,26.19,26.26,25.45,29155,75684527.00,3.13,1.32,0.34,5.83
2016-10-25,26.19,27.35,28.39,26.03,93833,257316086.00,9.01,4.43,1.16,18.77
2016-10-26,27.05,26.75,27.15,26.60,47195,126594154.00,2.01,-2.19,-0.60,9.44
2016-10-27,26.60,26.77,27.38,26.18,37360,100352573.00,4.49,0.07,0.02,7.47
2016-10-28,26.78,27.21,28.33,26.77,92439,254647755.00,5.83,1.64,0.44,18.49
2016-10-31,26.80,26.48,26.88,26.15,45556,120465789.00,2.68,-2.68,-0.73,9.11
2016-11-01,26.40,27.24,27.36,26.30,62674,169419218.00,4.00,2.87,0.76,12.53
2016-11-02,26.95,26.82,27.17,26.66,43952,118154390.00,1.87,-1.54,-0.42,8.79
2016-11-03,26.52,27.48,27.70,26.43,78479,213291369.00,4.74,2.46,0.66,15.70
2016-11-04,27.25,28.28,29.95,27.20,137282,392377808.00,10.01,2.91,0.80,27.46
2016-11-07,28.29,31.11,31.11,27.80,202926,606285808.00,11.70,10.01,2.83,40.59
2016-11-08,31.30,30.50,31.30,29.29,205612,622581104.00,6.46,-1.96,-0.61,41.12
2016-11-09,30.00,30.15,30.47,29.40,126619,379878992.00,3.51,-1.15,-0.35,25.32
2016-11-10,30.10,30.45,31.69,30.00,169503,522819888.00,5.61,1.00,0.30,33.90
2016-11-11,29.86,29.38,30.23,29.36,118449,351035728.00,2.86,-3.51,-1.07,23.69
2016-11-14,28.94,32.32,32.32,28.94,199961,619018176.00,11.50,10.01,2.94,39.99
2016-11-15,33.90,35.55,35.55,33.50,274866,956338224.00,6.34,9.99,3.23,54.97
2016-11-16,35.55,34.26,38.50,33.71,341102,1225342272.00,13.47,-3.63,-1.29,68.22
2016-11-17,33.50,37.69,37.69,31.76,301704,1032942464.00,17.31,10.01,3.43,60.34
2016-11-18,37.72,41.46,41.46,37.72,303521,1199075984.00,9.92,10.00,3.77,60.70
2016-11-21,43.49,45.61,45.61,42.05,260701,1160187328.00,8.59,10.01,4.15,52.14
2016-11-22,48.00,44.43,48.00,44.00,338037,1559914608.00,8.77,-2.59,-1.18,67.61
2016-11-23,44.13,44.20,45.40,42.56,223707,980500896.00,6.39,-0.52,-0.23,44.74
2016-11-24,43.21,42.30,43.94,41.60,175226,746177408.00,5.29,-4.30,-1.90,35.05
2016-11-25,41.88,41.50,42.54,40.54,137760,574130656.00,4.73,-1.89,-0.80,27.55
2016-11-28,41.00,39.30,41.66,38.61,158631,631396208.00,7.35,-5.30,-2.20,31.73
2016-11-29,39.50,38.50,39.80,38.22,103958,404340080.00,4.02,-2.04,-0.80,20.79
2016-11-30,38.88,37.95,39.12,37.60,81250,310496336.00,3.95,-1.43,-0.55,16.25
2016-12-01,38.29,38.58,38.68,37.53,110322,421968160.00,3.03,1.66,0.63,22.06
2016-12-02,38.58,35.23,38.70,34.96,124141,457845056.00,9.69,-8.68,-3.35,24.83
2016-12-05,34.80,35.72,36.30,34.34,82779,294914672.00,5.56,1.39,0.49,16.56
2016-12-06,35.57,36.62,37.96,35.18,132804,488413040.00,7.78,2.52,0.90,26.56
2016-12-07,36.28,37.58,38.58,36.26,129386,488139248.00,6.34,2.62,0.96,25.88
2016-12-08,37.08,38.74,39.48,36.02,163328,617644448.00,9.21,3.09,1.16,32.67
2016-12-09,37.80,37.38,39.84,37.30,135856,523501824.00,6.56,-3.51,-1.36,27.17
2016-12-12,35.75,33.65,38.20,33.64,120119,434094592.00,12.20,-9.98,-3.73,24.02
2016-12-13,33.33,33.00,33.56,31.20,92828,302454320.00,7.01,-1.93,-0.65,18.57
2016-12-14,33.07,35.94,36.30,32.08,150705,522776624.00,12.79,8.91,2.94,30.14
2016-12-15,34.62,36.22,37.60,34.50,141165,512493280.00,8.63,0.78,0.28,28.23
2016-12-16,35.55,36.39,36.96,35.55,106534,385913776.00,3.89,0.47,0.17,21.31
2016-12-19,35.73,34.19,36.25,33.50,80018,280394864.00,7.56,-6.05,-2.20,16.00
2016-12-20,33.21,37.61,37.61,33.21,185148,687216112.00,12.87,10.00,3.42,37.03
2016-12-21,38.00,39.83,41.15,37.70,296676,1165317648.00,9.17,5.90,2.22,59.34
2016-12-22,37.98,37.31,38.78,36.65,186916,704529568.00,5.35,-6.33,-2.52,37.38
2016-12-23,35.30,33.58,35.54,33.58,158757,541873952.00,5.25,-10.00,-3.73,16.44
2016-12-26,31.30,32.53,33.26,30.25,142747,452855408.00,8.96,-3.13,-1.05,14.78
2016-12-27,32.10,32.55,33.05,31.88,117418,381750080.00,3.60,0.06,0.02,12.16
2016-12-28,32.10,33.63,34.64,31.30,153066,505123296.00,10.26,3.32,1.08,15.85
2016-12-29,33.02,32.72,33.96,32.70,108679,362815968.00,3.75,-2.71,-0.91,11.25
2016-12-30,32.09,31.55,32.89,31.51,80998,259741423.00,4.22,-3.58,-1.17,8.39
2017-01-03,31.70,32.46,32.97,31.00,131551,418327760.00,6.24,2.88,0.91,13.62
2017-01-04,32.06,32.16,32.42,31.58,109729,351256768.00,2.59,-0.92,-0.30,11.36
2017-01-05,32.02,31.57,32.36,31.50,82190,262271641.00,2.67,-1.83,-0.59,8.51
2017-01-06,31.37,30.75,32.15,30.75,83228,261791827.00,4.43,-2.60,-0.82,8.62
2017-01-09,30.40,29.07,30.40,29.00,95333,280322960.00,4.55,-5.46,-1.68,9.87
2017-01-10,29.15,30.31,30.96,29.15,124077,374016624.00,6.23,4.27,1.24,12.85
2017-01-11,29.93,29.08,30.30,29.00,86640,255212397.00,4.29,-4.06,-1.23,8.97
2017-01-12,29.08,28.53,29.79,28.34,91151,263227432.00,4.99,-1.89,-0.55,9.44
2017-01-13,28.69,26.79,28.96,26.60,87270,241777414.00,8.27,-6.10,-1.74,9.04
2017-01-16,26.68,24.44,26.96,24.11,92951,234229232.00,10.64,-8.77,-2.35,9.62
2017-01-17,24.29,25.15,25.49,23.09,84339,207693851.00,9.82,2.91,0.71,8.73
2017-01-18,24.80,24.93,25.98,24.50,76651,193603470.00,5.88,-0.87,-0.22,7.94
2017-01-19,24.45,25.15,25.86,24.40,78971,199394278.00,5.86,0.88,0.22,8.18
2017-01-20,25.00,25.30,25.66,25.00,67054,169820381.00,2.62,0.60,0.15,6.94
2017-01-23,25.35,25.54,26.48,25.35,72821,187450392.00,4.47,0.95,0.24,7.54
2017-01-24,25.37,26.59,26.80,25.36,115040,300202496.00,5.64,4.11,1.05,11.91
2017-01-25,26.17,26.03,26.43,25.82,75476,196924433.00,2.29,-2.11,-0.56,7.81
2017-01-26,25.91,25.74,26.33,25.55,48107,124315922.00,3.00,-1.11,-0.29,4.98
2017-02-03,25.75,25.86,26.28,25.51,39420,102031593.00,2.99,0.47,0.12,4.08
2017-02-06,26.00,26.41,26.50,25.64,63979,167282935.00,3.33,2.13,0.55,6.62
2017-02-07,26.40,27.16,28.68,26.20,121220,332141088.00,9.39,2.84,0.75,12.55
2017-02-08,26.86,27.81,28.48,26.31,109625,298662720.00,7.99,2.39,0.65,11.35
2017-02-09,27.50,27.63,28.19,27.41,85586,237686786.00,2.80,-0.65,-0.18,8.86
2017-02-10,27.64,27.95,28.32,27.33,105122,292734224.00,3.58,1.16,0.32,10.88
2017-02-13,27.84,28.67,28.88,27.69,117527,333244208.00,4.26,2.58,0.72,12.17
2017-02-14,28.87,28.25,28.90,28.12,76209,216713668.00,2.72,-1.46,-0.42,7.89
2017-02-15,28.13,27.47,28.56,27.41,75323,209891629.00,4.07,-2.76,-0.78,7.80
2017-02-16,27.43,27.27,27.79,27.01,49937,136539024.00,2.84,-0.73,-0.20,5.17
2017-02-17,27.00,27.32,27.77,27.00,53067,145521491.00,2.82,0.18,0.05,5.49
2017-02-20,26.90,26.84,27.20,26.48,57998,155515870.00,2.64,-1.76,-0.48,6.00
2017-02-21,27.01,27.29,27.29,26.99,45020,122257915.00,1.12,1.68,0.45,4.66
2017-02-22,27.70,28.61,28.97,27.70,172900,492738800.00,4.65,4.84,1.32,17.90
2017-02-23,28.02,27.95,28.50,27.77,90752,253933216.00,2.55,-2.31,-0.66,9.40
2017-02-24,28.02,28.08,28.49,27.89,56671,159463173.00,2.15,0.47,0.13,5.87
2017-02-27,28.09,27.40,28.09,27.31,51498,142445019.00,2.78,-2.42,-0.68,5.33
2017-02-28,27.14,27.40,27.68,27.14,35297,96709706.00,1.97,0.00,0.00,3.65
2017-03-01,27.27,27.37,27.76,27.26,39584,108869608.00,1.82,-0.11,-0.03,4.10
2017-03-02,27.29,26.56,27.32,26.50,66472,178154577.00,3.00,-2.96,-0.81,6.88
2017-03-03,26.56,26.58,26.79,26.50,31948,84977744.00,1.09,0.08,0.02,3.31
2017-03-06,26.59,26.93,26.95,26.59,33851,90761334.00,1.35,1.32,0.35,3.50
2017-03-07,27.07,27.73,27.78,26.83,68942,188466253.00,3.53,2.97,0.80,7.14
2017-03-08,28.01,27.33,28.02,27.20,50951,140182658.00,2.96,-1.44,-0.40,5.28
2017-03-09,27.18,26.96,27.55,26.81,34676,94193128.00,2.71,-1.35,-0.37,3.59
2017-03-10,27.00,26.94,27.34,26.91,31704,85939136.00,1.59,-0.07,-0.02,3.28
2017-03-13,26.70,26.76,26.91,26.00,36630,96877673.00,3.38,-0.67,-0.18,3.79
2017-03-14,26.77,27.72,28.36,26.60,110208,303925936.00,6.58,3.59,0.96,11.41
2017-03-15,27.47,27.11,27.47,27.00,75557,205427584.00,1.70,-2.20,-0.61,7.82
2017-03-16,27.02,27.35,27.70,27.00,61152,167554717.00,2.58,0.89,0.24,6.33
2017-03-17,27.50,27.65,28.36,27.48,131926,368890272.00,3.22,1.10,0.30,13.66
2017-03-20,27.50,29.50,29.57,27.50,224042,644857168.00,7.49,6.69,1.85,23.20
2017-03-21,29.30,29.46,29.65,28.61,180677,525843712.00,3.53,-0.14,-0.04,18.71
2017-03-22,29.15,30.01,30.20,28.84,142701,420151552.00,4.62,1.87,0.55,14.77
2017-03-23,30.01,30.14,30.50,29.25,184855,554408032.00,4.17,0.43,0.13,19.14
2017-03-24,30.10,29.60,30.39,29.34,125877,375766800.00,3.48,-1.79,-0.54,13.03
2017-03-27,29.51,28.95,29.54,28.82,87136,253578943.00,2.43,-2.20,-0.65,9.02
2017-03-28,29.00,28.66,29.48,28.50,62730,181474804.00,3.39,-1.00,-0.29,6.49
2017-03-29,28.92,28.02,28.92,27.85,68606,193698568.00,3.73,-2.23,-0.64,7.10
2017-03-30,28.03,26.27,28.35,26.13,85616,230777623.00,7.92,-6.25,-1.75,8.86
2017-03-31,26.27,26.37,26.70,26.10,41271,109111327.00,2.28,0.38,0.10,4.27
2017-04-05,26.60,27.07,27.29,26.45,40457,109207788.00,3.19,2.65,0.70,4.19
2017-04-06,27.10,26.89,27.25,26.76,35183,94690922.00,1.81,-0.66,-0.18,3.64
2017-04-07,26.89,26.48,26.89,26.48,34763,92350861.00,1.52,-1.52,-0.41,3.60
2017-04-10,26.45,25.51,26.47,25.50,52637,136008107.00,3.66,-3.66,-0.97,5.45
2017-04-11,25.15,25.85,25.99,24.01,63429,159764274.00,7.76,1.33,0.34,6.57
2017-04-12,25.88,25.31,25.88,25.15,28986,73537760.00,2.82,-2.09,-0.54,3.00
2017-04-13,25.15,25.25,25.62,25.07,23105,58674939.00,2.17,-0.24,-0.06,2.39
2017-04-14,25.27,24.70,25.48,24.61,26753,66662758.00,3.45,-2.18,-0.55,2.77
2017-04-17,24.50,24.82,25.50,24.01,29736,73647553.00,6.03,0.49,0.12,3.08
2017-04-18,24.85,24.20,24.98,24.11,22734,55816282.00,3.51,-2.50,-0.62,2.35
2017-04-19,23.97,23.50,23.97,22.08,41949,96994884.00,7.81,-2.89,-0.70,4.34
2017-04-20,23.58,22.93,23.68,22.81,21521,49875651.00,3.70,-2.43,-0.57,2.23
2017-04-21,22.45,22.68,23.20,22.45,16203,37001727.00,3.27,-1.09,-0.25,1.68
2017-04-24,22.68,20.44,22.84,20.42,40106,86150566.00,10.67,-9.88,-2.24,4.15
2017-04-25,20.55,20.43,20.95,20.29,30560,63149833.00,3.23,-0.05,-0.01,3.16
2017-04-26,20.44,20.35,20.70,20.20,51646,105156318.00,2.45,-0.39,-0.08,5.35
2017-04-27,20.29,20.15,20.29,19.05,54202,106646801.00,6.09,-0.98,-0.20,5.61
2017-04-28,20.17,20.40,20.66,20.17,36070,73595698.00,2.43,1.24,0.25,3.73
2017-05-02,20.36,20.46,20.65,20.26,28945,59251220.00,1.91,0.29,0.06,3.00
2017-05-03,20.05,19.95,20.39,19.66,69698,138864837.00,3.57,-2.49,-0.51,7.22
2017-05-04,19.71,19.51,19.94,19.37,41303,81297984.00,2.86,-2.21,-0.44,4.28
2017-05-05,19.55,19.28,19.88,19.21,30723,60108208.00,3.43,-1.18,-0.23,3.18
2017-05-08,19.33,17.60,19.40,17.50,44683,82972519.00,9.85,-8.71,-1.68,4.63
2017-05-09,17.17,17.70,17.92,17.17,37780,66365703.00,4.26,0.57,0.10,3.91
2017-05-10,17.81,19.47,19.47,17.74,46105,87664628.00,9.77,10.00,1.77,4.77
2017-05-11,19.47,20.05,20.14,18.77,128188,252202035.00,7.04,2.98,0.58,13.27
2017-05-12,20.08,19.46,20.08,19.40,67533,132210282.00,3.39,-2.94,-0.59,6.99
2017-05-15,19.80,20.34,21.10,19.42,93135,187307881.00,8.63,4.52,0.88,9.64
2017-05-16,20.10,21.18,21.29,19.81,110727,228207185.00,7.28,4.13,0.84,11.46
2017-05-17,20.90,20.53,21.18,20.35,81165,168592051.00,3.92,-3.07,-0.65,8.40
2017-05-18,20.40,19.80,20.48,19.62,53410,107099264.00,4.19,-3.56,-0.73,5.53
2017-05-19,19.79,19.30,19.99,19.19,38337,74988834.00,4.04,-2.53,-0.50,3.97
2017-05-22,19.30,18.72,19.88,18.60,38723,74684387.00,6.63,-3.01,-0.58,4.01
2017-05-23,18.55,18.02,19.08,17.96,38137,70386648.00,5.98,-3.74,-0.70,3.95
2017-05-24,17.86,18.31,18.33,16.96,40520,72019215.00,7.60,1.61,0.29,4.20
2017-05-25,18.23,18.24,18.44,17.81,33695,61218233.00,3.44,-0.38,-0.07,3.49
2017-05-26,18.38,18.33,18.70,18.24,29594,54601112.00,2.52,0.49,0.09,3.06
2017-05-31,18.60,17.95,18.80,17.90,34516,63419033.00,4.91,-2.07,-0.38,3.57
2017-06-01,17.51,16.88,17.90,16.85,45115,77759650.00,5.85,-5.96,-1.07,4.67
2017-06-02,16.94,18.57,18.57,16.71,55974,100978275.00,11.02,10.01,1.69,5.80
2017-06-05,19.41,19.57,19.80,18.85,130493,253381384.00,5.12,5.39,1.00,13.51
2017-06-06,19.18,19.42,19.50,19.03,73135,141097378.00,2.40,-0.77,-0.15,7.57
2017-06-07,19.45,20.25,21.19,19.36,124605,249653688.00,9.42,4.27,0.83,12.90
2017-06-08,20.20,20.00,20.98,19.80,110510,224747708.00,5.83,-1.23,-0.25,11.44
2017-06-09,19.71,19.75,19.87,19.41,61832,121575028.00,2.30,-1.25,-0.25,6.40
2017-06-12,19.28,20.12,20.69,19.28,83268,167576819.00,7.14,1.87,0.37,8.62
2017-06-13,19.83,20.41,20.49,19.81,78249,158544727.00,3.38,1.44,0.29,8.10
2017-06-14,20.27,21.00,21.80,20.03,141592,296213600.00,8.67,2.89,0.59,14.66
2017-06-15,20.65,20.80,21.30,20.60,98609,206358251.00,3.33,-0.95,-0.20,10.21
2017-06-16,20.50,20.31,20.99,20.26,60324,123836677.00,3.51,-2.36,-0.49,6.25
2017-06-19,20.31,20.37,20.78,20.31,33663,69037087.00,2.31,0.30,0.06,3.49
2017-06-20,20.32,20.03,20.61,20.00,47335,95987024.00,2.99,-1.67,-0.34,4.90
2017-06-21,20.07,19.96,20.25,19.71,38741,77411409.00,2.70,-0.35,-0.07,4.01
2017-06-22,19.97,20.41,21.50,19.96,106054,220006121.00,7.72,2.25,0.45,10.98
2017-06-23,20.09,19.82,20.30,19.30,65218,128285797.00,4.90,-2.89,-0.59,6.75
2017-06-26,19.75,20.48,20.60,19.51,63958,128886926.00,5.50,3.33,0.66,6.62
2017-06-27,20.36,20.43,20.97,20.25,57871,118903970.00,3.52,-0.24,-0.05,5.99
2017-06-28,20.26,21.29,21.58,20.08,136221,284006832.00,7.34,4.21,0.86,14.10
2017-06-29,21.03,21.16,21.49,20.88,104741,222176489.00,2.87,-0.61,-0.13,10.84
2017-06-30,20.95,21.05,21.45,20.90,60432,127597351.00,2.60,-0.52,-0.11,6.24
2017-07-03,21.20,21.73,21.94,20.96,98754,211785169.00,4.66,3.23,0.68,10.19
2017-07-04,21.82,21.34,21.86,21.32,74788,160908080.00,2.49,-1.79,-0.39,7.72
2017-07-05,21.18,21.25,21.36,20.90,59227,125173815.00,2.16,-0.42,-0.09,6.11
2017-07-06,21.39,21.64,21.80,21.15,88778,191044264.00,3.06,1.84,0.39,9.16
2017-07-07,21.64,21.33,21.66,21.30,59970,128513030.00,1.66,-1.43,-0.31,6.19
2017-07-10,21.16,20.21,21.16,20.11,93339,192232273.00,4.92,-5.25,-1.12,9.63
2017-07-11,20.10,19.61,20.20,19.51,60731,120128801.00,3.41,-2.97,-0.60,6.27
2017-07-12,19.61,19.46,19.85,18.81,48087,93010272.00,5.30,-0.76,-0.15,4.96
2017-07-13,19.30,19.51,19.66,19.25,30769,59818404.00,2.11,0.26,0.05,3.18
2017-07-14,19.51,19.18,19.68,19.15,25034,48548327.00,2.72,-1.69,-0.33,2.58
2017-07-17,19.10,17.56,19.35,17.31,47105,84890091.00,10.64,-8.45,-1.62,4.86
2017-07-18,17.56,18.04,18.18,17.42,32364,57727181.00,4.33,2.73,0.48,3.34
2017-07-19,18.05,18.37,18.55,17.90,31761,58131811.00,3.60,1.83,0.33,3.28
2017-07-20,18.42,18.20,18.71,18.01,34202,62658960.00,3.81,-0.93,-0.17,3.53
2017-07-21,18.01,18.03,18.35,17.90,22780,41122143.00,2.47,-0.93,-0.17,2.35
2017-07-24,18.06,18.26,18.38,17.95,25689,46809631.00,2.38,1.28,0.23,2.65
2017-07-25,18.20,18.34,18.44,18.06,24256,44350104.00,2.08,0.44,0.08,2.50
2017-07-26,18.35,17.91,18.36,17.68,25573,46102292.00,3.71,-2.34,-0.43,2.64
2017-07-27,17.72,18.27,18.30,17.72,30702,55681914.00,3.24,2.01,0.36,3.17
2017-07-28,18.27,19.15,19.67,18.11,77685,147467912.00,8.54,4.82,0.88,8.02
2017-07-31,18.75,18.88,19.20,18.72,48154,91155378.00,2.51,-1.41,-0.27,4.97
2017-08-01,18.70,18.64,18.95,18.50,31238,58257627.00,2.38,-1.27,-0.24,3.22
2017-08-02,18.65,18.17,18.77,18.15,29034,53271681.00,3.33,-2.52,-0.47,3.00
2017-08-03,18.02,18.21,18.49,18.02,22723,41584581.00,2.59,0.22,0.04,2.35
2017-08-04,18.06,18.15,18.53,18.02,25246,46101855.00,2.80,-0.33,-0.06,2.61
2017-08-07,18.16,18.20,18.50,18.09,17996,32895462.00,2.26,0.28,0.05,1.86
2017-08-08,18.20,18.35,18.40,18.10,26168,47797603.00,1.65,0.82,0.15,2.70
2017-08-09,18.21,18.25,18.48,18.20,21615,39608373.00,1.53,-0.54,-0.10,2.23
2017-08-10,18.20,17.86,18.39,17.73,27201,49092925.00,3.62,-2.14,-0.39,2.81
2017-08-11,17.73,17.75,18.09,17.50,20068,35779903.00,3.30,-0.62,-0.11,2.07
2017-08-14,17.83,18.02,18.10,17.76,18305,32913382.00,1.92,1.52,0.27,1.89
2017-08-15,18.06,18.11,18.29,18.00,19496,35367260.00,1.61,0.50,0.09,2.01
2017-08-16,18.00,18.48,18.48,17.98,35085,63971085.00,2.76,2.04,0.37,3.62
2017-08-17,18.39,18.43,18.65,18.30,29473,54409308.00,1.89,-0.27,-0.05,3.04
2017-08-18,18.35,18.72,19.30,18.23,54799,102655073.00,5.81,1.57,0.29,5.66
2017-08-21,18.72,19.62,20.30,18.58,106811,207664477.00,9.19,4.81,0.90,11.02
2017-08-22,19.40,19.14,19.56,18.91,63106,121167556.00,3.31,-2.45,-0.48,6.51
2017-08-23,19.05,18.65,19.12,18.53,41548,77730473.00,3.08,-2.56,-0.49,4.29
2017-08-24,18.56,18.85,19.35,18.55,49480,93507925.00,4.29,1.07,0.20,5.11
2017-08-25,18.66,18.82,19.00,18.52,37383,70197142.00,2.55,-0.16,-0.03,3.86
2017-08-28,18.92,19.03,19.27,18.80,40746,77499447.00,2.50,1.12,0.21,4.21
2017-08-29,19.04,19.30,19.76,18.93,66997,129738662.00,4.36,1.42,0.27,6.92
2017-08-30,19.05,18.89,19.29,18.88,46648,88795494.00,2.12,-2.12,-0.41,4.81
2017-08-31,18.89,19.04,19.11,18.61,38624,73103452.00,2.65,0.79,0.15,3.99
2017-09-01,18.90,19.10,19.17,18.90,34088,65035549.00,1.42,0.32,0.06,3.52
2017-09-04,19.10,18.87,19.10,18.80,31133,58811889.00,1.57,-1.20,-0.23,3.21
2017-09-05,18.88,18.80,18.99,18.70,22249,41860946.00,1.54,-0.37,-0.07,2.30
2017-09-06,18.61,18.69,18.80,18.50,24843,46262778.00,1.60,-0.59,-0.11,2.56
2017-09-07,18.73,19.14,19.28,18.66,58775,111929163.00,3.32,2.41,0.45,6.07
2017-09-08,19.15,18.93,19.27,18.80,32551,61813629.00,2.46,-1.10,-0.21,3.36
2017-09-11,18.93,19.31,19.47,18.85,45451,87383844.00,3.28,2.01,0.38,4.69
2017-09-12,19.23,18.92,19.47,18.91,50871,97607519.00,2.90,-2.02,-0.39,5.25
2017-09-13,18.80,19.07,19.17,18.75,25775,48874972.00,2.22,0.79,0.15,2.66
2017-09-14,19.07,18.98,19.30,18.91,35644,68110340.00,2.05,-0.47,-0.09,3.68
2017-09-15,18.85,18.58,19.07,18.50,36774,68728899.00,3.00,-2.11,-0.40,3.80
2017-09-18,18.50,18.66,18.73,18.43,20014,37225147.00,1.61,0.43,0.08,2.07
2017-09-19,18.66,18.40,18.70,18.34,25573,47281187.00,1.93,-1.39,-0.26,2.64
2017-09-20,18.34,18.43,18.45,18.04,24656,45125055.00,2.23,0.16,0.03,2.54
2017-09-21,18.33,18.71,18.97,18.33,44965,83905891.00,3.47,1.52,0.28,4.64
2017-09-22,18.60,18.37,18.70,18.23,25082,46093141.00,2.51,-1.82,-0.34,2.59
2017-09-25,18.25,18.05,18.36,18.02,20756,37668158.00,1.85,-1.74,-0.32,2.14
2017-09-26,18.05,18.01,18.20,17.91,16205,29163749.00,1.61,-0.22,-0.04,1.67
2017-09-27,18.15,18.05,18.15,18.03,13938,25211973.00,0.67,0.22,0.04,1.44
2017-09-28,17.90,17.72,18.24,17.70,18695,33567303.00,2.99,-1.83,-0.33,1.93
2017-09-29,17.80,17.87,17.98,17.75,13041,23292959.00,1.30,0.85,0.15,1.35
2017-10-09,18.03,18.08,18.18,18.01,12943,23427532.00,0.95,1.18,0.21,1.34
2017-10-10,18.12,18.34,18.36,18.03,20115,36650562.00,1.83,1.44,0.26,2.08
2017-10-11,18.34,18.44,18.44,18.08,20571,37617932.00,1.96,0.55,0.10,2.12
2017-10-12,18.40,18.71,18.87,18.28,40166,74785605.00,3.20,1.46,0.27,4.15
2017-10-13,18.70,18.53,18.76,18.40,22978,42531957.00,1.92,-0.96,-0.18,2.37
2017-10-16,18.40,17.93,18.52,17.85,24293,44048291.00,3.62,-3.24,-0.60,2.51
2017-10-17,17.94,18.04,18.15,17.94,11718,21165797.00,1.17,0.61,0.11,1.21
2017-10-18,18.18,17.85,18.18,17.80,14013,25167835.00,2.11,-1.05,-0.19,1.45
2017-10-19,17.91,17.54,17.99,17.50,16381,28921988.00,2.75,-1.74,-0.31,1.69
2017-10-20,17.54,17.68,17.73,17.54,9658,17054633.00,1.08,0.80,0.14,1.00
2017-10-23,17.68,17.86,17.90,17.61,12025,21417163.00,1.64,1.02,0.18,1.24
2017-10-24,17.84,17.81,17.84,17.63,9776,17333713.00,1.18,-0.28,-0.05,1.01
2017-10-25,17.81,18.15,18.80,17.71,30082,55029117.00,6.12,1.91,0.34,3.10
2017-10-26,18.00,18.07,18.15,17.90,16181,29136156.00,1.38,-0.44,-0.08,1.67
2017-10-27,18.08,17.91,18.18,17.90,12707,22917332.00,1.55,-0.89,-0.16,1.31
2017-10-30,18.08,17.32,18.08,17.22,17067,29725984.00,4.80,-3.29,-0.59,1.76
2017-10-31,17.32,17.42,17.49,17.28,7768,13519755.00,1.21,0.58,0.10,0.80
2017-11-01,17.40,17.32,17.57,17.32,9915,17252671.00,1.44,-0.57,-0.10,1.02
2017-11-02,17.30,17.02,17.41,16.92,17304,29604539.00,2.83,-1.73,-0.30,1.79
2017-11-03,17.00,16.76,17.10,16.61,14685,24665142.00,2.88,-1.53,-0.26,1.52
2017-11-06,16.76,16.84,16.94,16.71,10498,17638949.00,1.37,0.48,0.08,1.08
2017-11-07,16.87,16.92,16.94,16.79,9628,16245847.00,0.89,0.48,0.08,0.99
2017-11-08,16.99,16.92,17.00,16.84,11401,19304738.00,0.95,0.00,0.00,1.18
2017-11-09,16.93,16.79,16.93,16.72,11955,20092141.00,1.24,-0.77,-0.13,1.23
2017-11-10,16.70,16.85,16.87,16.69,10879,18265605.00,1.07,0.36,0.06,1.12
2017-11-13,16.95,16.65,16.95,16.63,13609,22803287.00,1.90,-1.19,-0.20,1.40
2017-11-14,16.50,16.34,16.69,16.20,23853,39009739.00,2.94,-1.86,-0.31,2.46
2017-11-15,16.33,15.95,16.33,15.90,19529,31316418.00,2.63,-2.39,-0.39,2.02
2017-11-16,15.80,15.97,16.14,15.70,17078,27316722.00,2.76,0.13,0.02,1.76
2017-11-17,16.04,14.98,16.05,14.65,30487,46298959.00,8.77,-6.20,-0.99,3.15
2017-11-20,14.90,15.20,15.87,14.04,23600,35406318.00,12.22,1.47,0.22,2.44
2017-11-21,15.20,14.80,15.20,14.60,20728,30737511.00,3.95,-2.63,-0.40,2.14
2017-11-22,14.61,14.53,14.89,14.53,12972,19060955.00,2.43,-1.82,-0.27,1.34
2017-11-23,14.50,13.87,14.63,13.87,21282,30150198.00,5.23,-4.54,-0.66,2.20
2017-11-24,13.86,14.12,14.50,13.60,25078,34998934.00,6.49,1.80,0.25,2.59
2017-11-27,14.00,14.39,14.67,13.70,30027,42543018.00,6.87,1.91,0.27,3.10
2017-11-28,14.31,14.28,14.49,14.05,27238,38847415.00,3.06,-0.76,-0.11,2.81
2017-11-29,14.30,14.16,14.35,14.05,17395,24649744.00,2.10,-0.84,-0.12,1.80
2017-11-30,14.16,14.16,14.40,14.02,17953,25531933.00,2.68,0.00,0.00,1.85
2017-12-01,14.20,14.15,14.28,14.05,10297,14581596.00,1.62,-0.07,-0.01,1.06
2017-12-04,14.08,13.83,14.30,13.83,18454,25846217.00,3.32,-2.26,-0.32,1.90
2017-12-05,13.75,12.95,13.91,12.88,21099,28222652.00,7.45,-6.36,-0.88,2.18
2017-12-06,12.91,13.15,13.20,12.90,15847,20654628.00,2.32,1.54,0.20,1.64
2017-12-07,13.10,13.69,13.99,12.99,37191,50454901.00,7.60,4.11,0.54,3.84
2017-12-08,13.68,13.68,14.39,13.51,33910,46876845.00,6.43,-0.07,-0.01,3.50
2017-12-11,13.69,13.53,13.69,13.39,16823,22747106.00,2.19,-1.10,-0.15,1.74
2017-12-12,13.42,13.20,13.58,13.18,14914,19876093.00,2.96,-2.44,-0.33,1.54
2017-12-13,13.15,13.32,13.40,13.10,10593,14078922.00,2.27,0.91,0.12,1.09
2017-12-14,13.33,13.22,13.38,13.17,10616,14056810.00,1.58,-0.75,-0.10,1.10
2017-12-15,13.21,13.36,13.80,13.16,23956,32192555.00,4.84,1.06,0.14,2.47
2017-12-18,13.25,13.45,13.64,12.90,23439,31099121.00,5.54,0.67,0.09,2.42
2017-12-19,13.42,13.37,13.48,13.31,12940,17324069.00,1.26,-0.59,-0.08,1.34
2017-12-20,13.31,13.04,13.35,12.95,14314,18760376.00,2.99,-2.47,-0.33,1.48
2017-12-21,13.10,13.18,13.45,12.85,21862,28804634.00,4.60,1.07,0.14,2.26
2017-12-22,13.05,13.40,13.60,13.05,31537,42177242.00,4.17,1.67,0.22,3.26
2017-12-25,13.40,13.70,13.95,13.14,52441,71167086.00,6.04,2.24,0.30,5.41
2017-12-26,13.65,13.76,13.81,13.49,45655,62465372.00,2.34,0.44,0.06,4.71
2017-12-27,13.73,13.54,13.73,13.41,27152,36793067.00,2.33,-1.60,-0.22,2.80
2017-12-28,13.50,13.30,13.66,13.30,21563,28976602.00,2.66,-1.77,-0.24,2.23
2017-12-29,13.29,13.40,13.54,13.21,15546,20765770.00,2.48,0.75,0.10,1.60
2018-01-02,13.37,13.57,13.59,13.26,18503,24920576.00,2.46,1.27,0.17,1.91
2018-01-03,13.57,14.07,14.36,13.46,69481,97083034.00,6.63,3.68,0.50,7.17
2018-01-04,13.94,13.88,14.08,13.80,33356,46358504.00,1.99,-1.35,-0.19,3.44
2018-01-05,13.85,13.90,14.04,13.76,24060,33543024.00,2.02,0.14,0.02,2.48
2018-01-08,13.88,13.70,13.88,13.65,18683,25626345.00,1.65,-1.44,-0.20,1.93
2018-01-09,13.60,13.63,13.78,13.60,14113,19288220.00,1.31,-0.51,-0.07,1.46
2018-01-10,13.63,13.33,13.67,13.25,20164,27081951.00,3.08,-2.20,-0.30,2.08
2018-01-11,13.25,13.38,13.51,13.21,14481,19390458.00,2.25,0.38,0.05,1.49
2018-01-12,13.39,13.31,13.48,13.26,11999,16007815.00,1.64,-0.52,-0.07,1.24
2018-01-15,13.17,12.67,13.17,12.60,29137,37534325.00,4.28,-4.81,-0.64,3.01
2018-01-16,12.50,13.29,13.85,12.50,33032,42711446.00,10.66,4.89,0.62,3.41
2018-01-17,13.22,13.27,13.76,12.96,31069,41350073.00,6.02,-0.15,-0.02,3.21
2018-01-18,13.27,13.02,13.36,13.01,16444,21598029.00,2.64,-1.88,-0.25,1.70
2018-01-19,13.07,12.91,13.08,12.89,11887,15425931.00,1.46,-0.84,-0.11,1.23
2018-01-22,12.80,13.01,13.15,12.70,12444,16145679.00,3.49,0.77,0.10,1.28
2018-01-23,12.96,13.01,13.15,12.95,11708,15278213.00,1.54,0.00,0.00,1.21
2018-01-24,12.98,12.99,13.11,12.87,11917,15514130.00,1.84,-0.15,-0.02,1.23
2018-01-25,12.96,12.97,13.10,12.96,12058,15728337.00,1.08,-0.15,-0.02,1.24
2018-01-26,13.04,13.09,13.14,12.96,12716,16618879.00,1.39,0.93,0.12,1.31
2018-01-29,13.12,12.89,13.29,12.86,15447,20030263.00,3.28,-1.53,-0.20,1.59
2018-01-30,12.97,12.81,12.97,12.63,10595,13540150.00,2.64,-0.62,-0.08,1.09
2018-01-31,12.68,12.20,12.79,12.20,21412,26478763.00,4.61,-4.76,-0.61,2.21
2018-02-01,12.18,11.15,12.30,11.03,26741,30554714.00,10.41,-8.61,-1.05,2.76
2018-02-02,11.10,10.76,11.10,10.57,16266,17629260.00,4.75,-3.50,-0.39,1.68
2018-02-05,10.67,11.10,11.42,10.50,21381,23410195.00,8.55,3.16,0.34,2.21
2018-02-06,10.90,10.66,11.34,10.65,23693,25693365.00,6.22,-3.96,-0.44,2.45
2018-02-07,10.94,10.60,11.30,10.28,19447,20963765.00,9.57,-0.56,-0.06,2.01
2018-02-08,10.58,10.60,10.97,10.40,12468,13274526.00,5.38,0.00,0.00,1.29
2018-02-09,10.45,10.36,10.48,10.24,20414,21159946.00,2.26,-2.26,-0.24,2.11
2018-02-12,10.48,10.53,10.62,10.41,10919,11521435.00,2.03,1.64,0.17,1.13
2018-02-13,10.50,10.49,10.79,10.48,10243,10892185.00,2.94,-0.38,-0.04,1.06
2018-02-14,10.45,10.52,10.68,10.45,6656,7037221.00,2.19,0.29,0.03,0.69
2018-02-22,10.89,10.70,10.89,10.54,6592,7043582.00,3.33,1.71,0.18,0.68
2018-02-23,10.64,10.81,10.88,10.64,11802,12725187.00,2.24,1.03,0.11,1.22
2018-02-26,10.82,11.04,11.10,10.82,14146,15510331.00,2.59,2.13,0.23,1.46
2018-02-27,10.97,11.05,11.10,10.96,10985,12083501.00,1.27,0.09,0.01,1.13
2018-02-28,11.01,11.44,11.80,10.82,37471,42649742.00,8.87,3.53,0.39,3.87
2018-03-01,11.80,11.40,11.80,11.30,25316,28859797.00,4.37,-0.35,-0.04,2.61
2018-03-02,11.31,11.37,11.45,11.23,13949,15816251.00,1.93,-0.26,-0.03,1.44
2018-03-05,11.34,11.48,11.58,11.30,13441,15364887.00,2.46,0.97,0.11,1.39
2018-03-06,11.41,11.41,11.64,11.35,17512,20058320.00,2.53,-0.61,-0.07,1.81
2018-03-07,11.33,11.13,11.44,11.10,17718,19942529.00,2.98,-2.45,-0.28,1.83
2018-03-08,11.16,11.35,11.43,11.15,18085,20493561.00,2.52,1.98,0.22,1.87
2018-03-09,11.39,11.56,11.63,11.28,27645,31894299.00,3.08,1.85,0.21,2.85
2018-03-12,11.53,11.85,11.98,11.52,32574,38361532.00,3.98,2.51,0.29,3.36
2018-03-13,11.81,12.02,12.41,11.52,45642,54905064.00,7.51,1.43,0.17,4.71
2018-03-14,11.97,11.82,12.00,11.65,26287,31105841.00,2.91,-1.66,-0.20,2.71
2018-03-15,11.75,11.56,11.75,11.41,24279,28024354.00,2.88,-2.20,-0.26,2.51
2018-03-16,11.58,11.57,11.70,11.50,12235,14187218.00,1.73,0.09,0.01,1.26
2018-03-19,11.53,11.64,11.84,11.43,14893,17421118.00,3.54,0.61,0.07,1.54
2018-03-20,11.51,11.67,11.75,11.37,19204,22237384.00,3.26,0.26,0.03,1.98
2018-03-21,11.78,11.60,11.80,11.50,19542,22792981.00,2.57,-0.60,-0.07,2.02
2018-03-22,11.54,12.00,12.75,11.52,47998,58150921.00,10.60,3.45,0.40,4.95
2018-03-23,11.65,10.80,11.68,10.80,45100,50751863.00,7.33,-10.00,-1.20,4.66
2018-03-26,10.50,10.63,10.69,9.72,25477,26348121.00,8.98,-1.57,-0.17,2.63
2018-03-27,10.88,10.88,11.08,10.69,18762,20425203.00,3.67,2.35,0.25,1.94
2018-03-28,10.72,10.96,11.40,10.60,20867,23105173.00,7.35,0.74,0.08,2.15
2018-03-29,11.15,11.39,11.50,10.95,33596,38002584.00,5.02,3.92,0.43,3.47
2018-03-30,11.47,11.52,11.67,11.32,25756,29609840.00,3.07,1.14,0.13,2.66
2018-04-02,11.41,11.64,12.00,11.41,34117,40069407.00,5.12,1.04,0.12,3.52
2018-04-03,11.67,11.40,11.68,11.25,22045,25225648.00,3.69,-2.06,-0.24,2.28
2018-04-04,11.46,11.27,11.58,11.18,16749,19096649.00,3.51,-1.14,-0.13,1.73
2018-04-09,11.22,11.15,11.25,10.80,13112,14512809.00,3.99,-1.06,-0.12,1.35
2018-04-10,11.28,11.27,11.28,11.02,14281,15913563.00,2.33,1.08,0.12,1.47
2018-04-11,11.32,12.40,12.40,11.23,96366,118613631.00,10.38,10.03,1.13,9.95
2018-04-12,12.58,13.11,13.60,12.39,190321,245652488.00,9.76,5.73,0.71,19.64
2018-04-13,12.85,12.25,12.85,12.22,95962,120594464.00,4.81,-6.56,-0.86,9.90
2018-04-16,12.24,12.05,12.25,11.71,66283,79195349.00,4.41,-1.63,-0.20,6.84
2018-04-17,11.96,11.75,12.08,11.66,37269,44180315.00,3.49,-2.49,-0.30,3.85
2018-04-18,11.88,11.71,11.88,11.21,38815,44772373.00,5.70,-0.34,-0.04,4.01
2018-04-19,11.70,12.12,12.20,11.51,47570,56588576.00,5.89,3.50,0.41,4.91
2018-04-20,12.06,11.56,12.14,11.41,31148,36800485.00,6.02,-4.62,-0.56,3.21
2018-04-23,11.26,11.19,11.56,11.12,23476,26509684.00,3.81,-3.20,-0.37,2.42
2018-04-24,11.37,11.40,11.48,11.22,21561,24527636.00,2.32,1.88,0.21,2.23
2018-04-25,11.65,11.68,12.00,11.50,35071,41223167.00,4.39,2.46,0.28,3.62
2018-04-26,11.51,11.11,11.58,11.10,38295,43098850.00,4.11,-4.88,-0.57,3.95
2018-04-27,10.82,10.89,11.20,10.72,20732,22630906.00,4.32,-1.98,-0.22,2.14
2018-05-02,11.05,10.90,11.19,10.88,13374,14688851.00,2.85,0.09,0.01,1.38
2018-05-03,10.80,10.86,10.95,10.52,18598,19981125.00,3.94,-0.37,-0.04,1.92
2018-05-04,10.93,10.75,10.98,10.70,13178,14334859.00,2.58,-1.01,-0.11,1.36
2018-05-07,10.65,10.96,10.98,10.65,15763,17180067.00,3.07,1.95,0.21,1.63
2018-05-08,10.91,11.13,11.21,10.91,23364,25965567.00,2.74,1.55,0.17,2.41
2018-05-09,11.22,11.54,11.59,11.06,54329,61963112.00,4.76,3.68,0.41,5.61
2018-05-10,11.45,11.65,11.77,11.36,47948,55600587.00,3.55,0.95,0.11,4.95
2018-05-11,11.62,11.39,11.81,11.31,31914,36655573.00,4.29,-2.23,-0.26,3.29
2018-05-14,11.32,11.10,11.37,10.92,26840,29935812.00,3.95,-2.55,-0.29,2.77
2018-05-15,11.10,11.40,11.49,11.05,24684,27670322.00,3.96,2.70,0.30,2.55
2018-05-16,11.30,11.20,11.39,11.16,19370,21824344.00,2.02,-1.75,-0.20,2.00
2018-05-17,11.21,11.35,11.65,11.13,34173,39026847.00,4.64,1.34,0.15,3.53
2018-05-18,11.35,11.45,11.45,10.96,25266,28356326.00,4.32,0.88,0.10,2.61
2018-05-21,11.38,11.67,11.73,11.38,37759,43827963.00,3.06,1.92,0.22,3.90
2018-05-22,11.74,11.69,11.74,11.54,24369,28326214.00,1.71,0.17,0.02,2.52
2018-05-23,11.66,11.43,11.79,11.33,34667,40103650.00,3.93,-2.22,-0.26,3.58
2018-05-24,11.41,11.41,11.57,11.28,20033,22907819.00,2.54,-0.17,-0.02,2.07
2018-05-25,11.35,11.42,11.56,11.28,20045,22887137.00,2.45,0.09,0.01,2.07
2018-05-28,11.44,11.05,11.44,11.01,20781,23264826.00,3.77,-3.24,-0.37,2.14
2018-05-29,11.04,11.14,11.18,10.95,14137,15665215.00,2.08,0.81,0.09,1.46
2018-05-30,10.96,10.20,10.96,10.03,27478,28671656.00,8.35,-8.44,-0.94,2.84
2018-05-31,10.27,10.35,10.44,10.26,13482,13949181.00,1.76,1.47,0.15,1.39
2018-06-01,10.28,10.33,10.63,10.24,16573,17317870.00,3.77,-0.19,-0.02,1.71
2018-06-04,10.44,10.33,10.51,10.27,8227,8528154.00,2.32,0.00,0.00,0.85
2018-06-05,10.34,10.48,10.50,10.34,9189,9594430.00,1.55,1.45,0.15,0.95
2018-06-06,10.48,10.57,10.68,10.40,18948,19979638.00,2.67,0.86,0.09,1.96
2018-06-07,10.59,11.20,11.53,10.50,55302,60599753.00,9.74,5.96,0.63,5.71
2018-06-08,11.74,10.96,11.75,10.81,58406,66163146.00,8.39,-2.14,-0.24,6.03
2018-06-11,10.66,11.32,11.53,10.52,39891,43591716.00,9.22,3.28,0.36,4.12
2018-06-12,11.76,11.48,11.76,10.93,47586,53529176.00,7.33,1.41,0.16,4.91
2018-06-13,11.48,11.05,11.48,11.01,24524,27404327.00,4.09,-3.75,-0.43,2.53
2018-06-14,10.98,10.90,11.35,10.71,32662,36023541.00,5.79,-1.36,-0.15,3.37
2018-06-15,10.83,10.70,10.93,10.33,30241,32086621.00,5.50,-1.83,-0.20,3.12
2018-06-19,10.50,10.70,11.00,9.81,41512,43233534.00,11.12,0.00,0.00,4.28
2018-06-20,10.65,10.37,10.65,10.26,31441,32711671.00,3.64,-3.08,-0.33,3.25
2018-06-21,10.28,9.87,10.36,9.85,28347,28539800.00,4.92,-4.82,-0.50,2.93
2018-06-22,9.77,9.63,9.78,9.13,24437,23287811.00,6.59,-2.43,-0.24,2.52
2018-06-25,9.62,9.47,9.78,9.46,18278,17619494.00,3.32,-1.66,-0.16,1.89
2018-06-26,9.21,9.68,9.85,9.16,24950,23830292.00,7.29,2.22,0.21,2.58
2018-06-27,9.58,9.45,9.68,9.38,17451,16651976.00,3.10,-2.38,-0.23,1.80
2018-06-28,9.45,9.23,9.57,9.20,10967,10338683.00,3.92,-2.33,-0.22,1.13
2018-06-29,9.29,9.44,9.49,9.21,12557,11782186.00,3.03,2.28,0.21,1.30
2018-07-02,9.39,9.27,9.55,9.26,14052,13233037.00,3.07,-1.80,-0.17,1.45
2018-07-03,9.36,9.43,9.45,9.25,11413,10693845.00,2.16,1.73,0.16,1.18
2018-07-04,9.34,9.29,9.48,9.22,11122,10412501.00,2.76,-1.48,-0.14,1.15
2018-07-05,9.30,8.66,9.37,8.56,18526,16577757.00,8.72,-6.78,-0.63,1.91
2018-07-06,8.66,8.43,8.79,8.00,25412,21328814.00,9.12,-2.66,-0.23,2.62
2018-07-09,8.46,8.50,8.60,8.40,14079,11984627.00,2.37,0.83,0.07,1.45
2018-07-10,8.55,8.60,8.68,8.46,14969,12869096.00,2.59,1.18,0.10,1.55
2018-07-11,8.59,8.16,8.59,8.05,18550,15322013.00,6.28,-5.12,-0.44,1.91
2018-07-12,8.15,8.35,8.42,8.15,15704,13079196.00,3.31,2.33,0.19,1.62
2018-07-13,8.40,8.63,9.10,8.40,33024,28765173.00,8.38,3.35,0.28,3.41
2018-07-16,8.67,8.63,8.75,8.53,16341,14115317.00,2.55,0.00,0.00,1.69
2018-07-17,8.66,8.60,8.68,8.51,10775,9227320.00,1.97,-0.35,-0.03,1.11
2018-07-18,8.63,8.66,8.84,8.63,16015,13966032.00,2.44,0.70,0.06,1.65
2018-07-19,8.66,8.52,8.73,8.50,11151,9546316.00,2.66,-1.62,-0.14,1.15
2018-07-20,8.61,8.57,8.64,8.54,8991,7726297.00,1.17,0.59,0.05,0.93
2018-07-23,8.57,8.70,8.74,8.57,13523,11738181.00,1.98,1.52,0.13,1.40
2018-07-24,8.70,8.92,9.25,8.70,23354,20892862.00,6.32,2.53,0.22,2.41
2018-07-25,8.90,9.18,9.35,8.82,37601,34241238.00,5.94,2.91,0.26,3.88
2018-07-26,9.13,9.79,9.97,9.02,63602,60405530.00,10.35,6.64,0.61,6.56
2018-07-27,9.76,9.35,10.17,9.31,62914,61066358.00,8.78,-4.49,-0.44,6.49
2018-07-30,9.08,9.16,9.28,9.00,29043,26433059.00,2.99,-2.03,-0.19,3.00
2018-07-31,9.16,9.82,10.08,8.97,82206,79511033.00,12.12,7.21,0.66,8.48
2018-08-01,9.67,9.23,9.75,9.21,60203,56933381.00,5.50,-6.01,-0.59,6.21
2018-08-02,9.28,9.17,9.29,8.60,34757,31248703.00,7.48,-0.65,-0.06,3.59
2018-08-03,9.04,9.30,9.90,9.01,56740,53814962.00,9.71,1.42,0.13,5.86
2018-08-06,9.15,9.08,9.36,8.71,36931,33366287.00,6.99,-2.37,-0.22,3.81
2018-08-07,9.02,9.10,9.23,8.86,33173,29902702.00,4.07,0.22,0.02,3.42
2018-08-08,9.01,8.70,9.09,8.70,24698,21943254.00,4.29,-4.40,-0.40,2.55
2018-08-09,8.70,8.78,8.92,8.60,19694,17323062.00,3.68,0.92,0.08,2.03
2018-08-10,8.85,8.82,8.87,8.69,13558,11922936.00,2.05,0.46,0.04,1.40
2018-08-13,8.64,8.74,8.79,8.58,12748,11065887.00,2.38,-0.91,-0.08,1.32
2018-08-14,8.74,8.76,8.87,8.74,10189,8960117.00,1.49,0.23,0.02,1.05
2018-08-15,8.82,8.51,8.85,8.51,12529,10891616.00,3.88,-2.85,-0.25,1.29
2018-08-16,8.41,8.36,8.48,8.25,11927,9985438.00,2.70,-1.76,-0.15,1.23
2018-08-17,8.45,8.22,8.50,8.21,12015,10051147.00,3.47,-1.67,-0.14,1.24
2018-08-20,8.22,8.18,8.32,8.03,9354,7612105.00,3.53,-0.49,-0.04,0.97
2018-08-21,8.20,8.30,8.32,8.18,8501,7021825.00,1.71,1.47,0.12,0.88
2018-08-22,8.28,8.28,8.35,8.24,6331,5248101.00,1.33,-0.24,-0.02,0.65
2018-08-23,8.27,8.53,8.68,8.21,16655,14107399.00,5.68,3.02,0.25,1.72
2018-08-24,8.48,8.34,8.56,8.33,12466,10522825.00,2.70,-2.23,-0.19,1.29
2018-08-27,8.35,8.42,8.46,8.32,9138,7672996.00,1.68,0.96,0.08,0.94
2018-08-28,8.39,8.41,8.46,8.36,7354,6183879.00,1.19,-0.12,-0.01,0.76
2018-08-29,8.41,8.32,8.41,8.30,5677,4732887.00,1.31,-1.07,-0.09,0.59
2018-08-30,8.41,8.10,8.41,8.09,8909,7291314.00,3.85,-2.64,-0.22,0.92
2018-08-31,8.18,8.00,8.18,7.99,7213,5823006.00,2.35,-1.23,-0.10,0.74
2018-09-03,8.00,8.07,8.11,7.87,7428,5924713.00,3.00,0.88,0.07,0.77
2018-09-04,8.08,8.20,8.36,8.05,12056,9890854.00,3.84,1.61,0.13,1.24
2018-09-05,8.18,8.22,8.28,8.14,10642,8738245.00,1.71,0.24,0.02,1.10
2018-09-06,8.17,8.05,8.25,8.00,9077,7393053.00,3.04,-2.07,-0.17,0.94
2018-09-07,8.12,8.04,8.19,8.01,5871,4750787.00,2.24,-0.12,-0.01,0.61
2018-09-10,8.14,7.96,8.14,7.92,8093,6449590.00,2.74,-1.00,-0.08,0.84
2018-09-11,7.96,8.01,8.04,7.91,4576,3649944.00,1.63,0.63,0.05,0.47
2018-09-12,8.02,8.00,8.13,7.98,4574,3675379.00,1.87,-0.12,-0.01,0.47
2018-09-13,8.05,8.07,8.09,8.00,5417,4359860.00,1.13,0.88,0.07,0.56
2018-09-14,8.09,8.00,8.11,8.00,7203,5804327.00,1.36,-0.87,-0.07,0.74
2018-09-17,8.06,7.91,8.06,7.80,8411,6652975.00,3.25,-1.13,-0.09,0.87
2018-09-18,7.90,8.02,8.05,7.89,7124,5684274.00,2.02,1.39,0.11,0.74
2018-09-19,8.00,8.16,8.19,8.00,14134,11496695.00,2.37,1.75,0.14,1.46
2018-09-20,8.16,8.12,8.32,8.10,6215,5063811.00,2.70,-0.49,-0.04,0.64
2018-09-21,8.12,8.19,8.22,8.10,6078,4962914.00,1.48,0.86,0.07,0.63
2018-09-25,8.14,8.35,8.48,8.08,19477,16173051.00,4.88,1.95,0.16,2.01
2018-09-26,8.30,8.29,8.40,8.22,13849,11508370.00,2.16,-0.72,-0.06,1.43
2018-09-27,8.27,7.91,8.27,7.91,15452,12481563.00,4.34,-4.58,-0.38,1.59
2018-09-28,7.93,8.15,8.15,7.93,11684,9453849.00,2.78,3.03,0.24,1.21
2018-10-08,8.10,8.00,8.10,7.94,8984,7202944.00,1.96,-1.84,-0.15,0.93
2018-10-09,8.00,8.05,8.09,7.99,5805,4667135.00,1.25,0.63,0.05,0.60
2018-10-10,8.09,8.18,8.23,8.04,12076,9828785.00,2.36,1.61,0.13,1.25
2018-10-11,8.00,7.94,8.00,7.45,21829,16963314.00,6.72,-2.93,-0.24,2.25
2018-10-12,8.36,7.80,8.36,7.54,21643,17057874.00,10.33,-1.76,-0.14,2.23
2018-10-15,7.75,7.56,7.77,7.50,10479,7957249.00,3.46,-3.08,-0.24,1.08
2018-10-16,7.56,7.38,7.62,7.25,9637,7146584.00,4.89,-2.38,-0.18,0.99
2018-10-17,7.39,8.12,8.12,7.38,61132,48408376.00,10.03,10.03,0.74,6.31
2018-10-18,8.03,7.91,8.03,7.50,56870,44105366.00,6.53,-2.59,-0.21,5.87
2018-10-19,7.60,7.81,7.85,7.43,28989,22400855.00,5.31,-1.26,-0.10,2.99
2018-10-22,7.85,8.10,8.22,7.81,42853,34418998.00,5.25,3.71,0.29,4.42
2018-10-23,7.99,8.05,8.10,7.89,25137,20083312.00,2.59,-0.62,-0.05,2.59
2018-10-24,7.98,8.08,8.25,7.92,25218,20389129.00,4.10,0.37,0.03,2.60
2018-10-25,7.78,7.82,7.94,7.68,17963,14031988.00,3.22,-3.22,-0.26,1.85
2018-10-26,7.84,7.85,8.00,7.84,10647,8404911.00,2.05,0.38,0.03,1.10
2018-10-29,7.69,7.75,7.83,7.66,8710,6752106.00,2.17,-1.27,-0.10,0.90
2018-10-30,7.83,7.90,7.94,7.70,13028,10231176.00,3.10,1.94,0.15,1.34
2018-10-31,7.90,8.69,8.69,7.88,57268,49505935.00,10.25,10.00,0.79,5.91
2018-11-01,9.56,8.86,9.56,8.73,142042,131401947.00,9.55,1.96,0.17,14.66
2018-11-02,8.56,9.00,9.04,8.56,95889,85054383.00,5.42,1.58,0.14,9.90
2018-11-05,9.18,9.14,9.27,8.83,81843,74298543.00,4.89,1.56,0.14,8.45
2018-11-06,8.90,8.86,9.03,8.66,47653,42099762.00,4.05,-3.06,-0.28,4.92
2018-11-07,8.77,8.74,8.95,8.65,29651,26064489.00,3.39,-1.35,-0.12,3.06
2018-11-08,8.80,8.63,8.87,8.59,27768,24283802.00,3.20,-1.26,-0.11,2.87
2018-11-09,8.60,8.65,8.78,8.50,22428,19280983.00,3.24,0.23,0.02,2.31
2018-11-12,8.61,8.90,8.94,8.57,34329,30360038.00,4.28,2.89,0.25,3.54
2018-11-13,8.82,8.91,9.03,8.69,46658,41506405.00,3.82,0.11,0.01,4.82
2018-11-14,8.90,9.05,9.40,8.84,67555,61482681.00,6.29,1.57,0.14,6.97
2018-11-15,8.89,8.95,9.06,8.84,36430,32540045.00,2.43,-1.10,-0.10,3.76
2018-11-16,8.95,9.29,9.36,8.91,63772,58881549.00,5.03,3.80,0.34,6.58
2018-11-19,9.22,9.37,9.99,9.16,65463,62139231.00,8.93,0.86,0.08,6.76
2018-11-20,9.27,8.99,9.34,8.94,36742,33580359.00,4.27,-4.06,-0.38,3.79
2018-11-21,9.02,9.10,9.13,8.95,22701,20573243.00,2.00,1.22,0.11,2.34
2018-11-22,9.10,9.08,9.29,9.07,25480,23323238.00,2.42,-0.22,-0.02,2.63
2018-11-23,9.04,8.96,9.18,8.84,27679,24965382.00,3.74,-1.32,-0.12,2.86
2018-11-26,8.83,9.12,9.20,8.83,20262,18409200.00,4.13,1.79,0.16,2.09
2018-11-27,9.10,9.39,9.57,9.00,46744,43761405.00,6.25,2.96,0.27,4.82
2018-11-28,9.30,9.33,9.38,9.17,28442,26392327.00,2.24,-0.64,-0.06,2.94
2018-11-29,9.37,9.35,9.99,9.32,70434,67629561.00,7.18,0.21,0.02,7.27
2018-11-30,9.13,9.47,9.64,9.10,42018,39499439.00,5.78,1.28,0.12,4.34
2018-12-03,9.60,9.68,9.90,9.51,50552,49013454.00,4.12,2.22,0.21,5.22
2018-12-04,9.68,9.68,9.75,9.42,31595,30207779.00,3.41,0.00,0.00,3.26
2018-12-05,9.52,9.48,9.55,9.38,21681,20569053.00,1.76,-2.07,-0.20,2.24
2018-12-06,9.47,9.54,9.64,9.45,17153,16354397.00,2.00,0.63,0.06,1.77
2018-12-07,9.60,9.49,9.60,9.28,20308,19201306.00,3.35,-0.52,-0.05,2.10
2018-12-10,9.37,9.31,9.48,9.26,15643,14624970.00,2.32,-1.90,-0.18,1.61
2018-12-11,9.36,9.36,9.48,9.31,9427,8855195.00,1.83,0.54,0.05,0.97
2018-12-12,9.52,9.48,9.52,9.35,10052,9508463.00,1.82,1.28,0.12,1.04
2018-12-13,9.40,9.57,9.62,9.39,17656,16856236.00,2.43,0.95,0.09,1.82
2018-12-14,9.59,9.24,9.69,9.24,17304,16322896.00,4.70,-3.45,-0.33,1.79
2018-12-17,9.24,9.33,9.42,9.16,9072,8435400.00,2.81,0.97,0.09,0.94
2018-12-18,9.32,9.65,9.73,9.32,21754,20758530.00,4.39,3.43,0.32,2.25
2018-12-19,9.56,9.62,9.70,9.50,15494,14890345.00,2.07,-0.31,-0.03,1.60
2018-12-20,9.64,9.57,9.68,9.49,11905,11389224.00,1.98,-0.52,-0.05,1.23
2018-12-21,9.59,9.56,9.77,9.50,16914,16234065.00,2.82,-0.10,-0.01,1.75
2019-01-02,10.15,8.95,10.15,8.91,49448,47714908.00,12.97,-6.38,-0.61,3.20
2019-01-03,8.60,8.62,8.85,8.06,24821,21221472.00,8.83,-3.69,-0.33,1.60
2019-01-04,8.35,8.73,8.84,8.33,16382,14125339.00,5.92,1.28,0.11,1.06
2019-01-07,8.76,8.87,9.22,8.76,20563,18393288.00,5.27,1.60,0.14,1.33
2019-01-08,8.89,9.04,9.07,8.85,11891,10666481.00,2.48,1.92,0.17,0.77
2019-01-09,9.05,9.12,9.25,9.01,16545,15096368.00,2.65,0.88,0.08,1.07
2019-01-10,9.12,9.23,9.23,9.03,9755,8945120.00,2.19,1.21,0.11,0.63
2019-01-11,9.23,9.84,9.95,9.21,30618,29402736.00,8.02,6.61,0.61,1.98
2019-01-14,9.84,9.69,9.93,9.62,17600,17053341.00,3.15,-1.52,-0.15,1.14
2019-01-15,9.60,9.63,9.77,9.55,16881,16297730.00,2.27,-0.62,-0.06,1.09
2019-01-16,9.65,9.65,9.85,9.45,10737,10294117.00,4.15,0.21,0.02,0.69
2019-01-17,9.63,9.46,9.65,9.43,7360,7015126.00,2.28,-1.97,-0.19,0.48
2019-01-18,9.58,9.48,9.58,9.37,6597,6245057.00,2.22,0.21,0.02,0.43
2019-01-21,9.55,9.46,9.55,9.40,7268,6880527.00,1.58,-0.21,-0.02,0.47
2019-01-22,9.41,9.63,9.69,9.41,13068,12502179.00,2.96,1.80,0.17,0.84
2019-01-23,9.63,9.50,9.63,9.42,9356,8862619.00,2.18,-1.35,-0.13,0.60
2019-01-24,9.41,9.43,9.52,9.39,9620,9095457.00,1.37,-0.74,-0.07,0.62
2019-01-25,9.44,9.36,9.51,9.35,6094,5736549.00,1.70,-0.74,-0.07,0.39
2019-01-28,9.37,9.00,9.44,8.96,13015,11935118.00,5.13,-3.85,-0.36,0.84
2019-01-29,8.99,8.95,9.45,8.90,12784,11565009.00,6.11,-0.56,-0.05,0.83
2019-01-30,8.89,9.04,9.15,8.88,10864,9855462.00,3.02,1.01,0.09,0.70
2019-01-31,8.96,8.74,9.14,8.74,8706,7726059.00,4.42,-3.32,-0.30,0.56
2019-02-01,8.76,8.97,8.98,8.76,5641,5017590.00,2.52,2.63,0.23,0.36
2019-02-11,8.85,9.08,9.11,8.85,4905,4445613.00,2.90,1.23,0.11,0.32
2019-02-12,9.08,9.13,9.23,9.06,8088,7391612.00,1.87,0.55,0.05,0.52
2019-02-13,9.13,9.16,9.21,9.12,10229,9360520.00,0.99,0.33,0.03,0.66
2019-02-14,9.16,9.12,9.17,9.09,10139,9258320.00,0.87,-0.44,-0.04,0.66
2019-02-15,9.14,9.18,9.46,9.11,14465,13296392.00,3.84,0.66,0.06,0.93
2019-02-18,9.19,9.39,9.43,9.18,18122,16877917.00,2.72,2.29,0.21,1.17
2019-02-19,9.33,9.36,9.43,9.26,12412,11589073.00,1.81,-0.32,-0.03,0.80
2019-02-20,9.36,9.45,9.59,9.29,20128,19029050.00,3.21,0.96,0.09,1.30
2019-02-21,9.45,9.35,9.52,9.30,15949,15006872.00,2.33,-1.06,-0.10,1.03
2019-02-22,9.33,9.41,9.47,9.30,17008,15944835.00,1.82,0.64,0.06,1.10
2019-02-25,9.46,9.76,9.80,9.36,57653,55286404.00,4.68,3.72,0.35,3.73
2019-02-26,9.90,9.70,9.90,9.63,42968,41875613.00,2.77,-0.61,-0.06,2.78
2019-02-27,9.65,9.80,9.80,9.61,25538,24845939.00,1.96,1.03,0.10,1.65
2019-02-28,9.83,10.78,10.78,9.76,88793,92389266.00,10.41,10.00,0.98,5.74
2019-03-01,10.78,10.51,10.92,10.40,71909,76011947.00,4.82,-2.50,-0.27,4.65
2019-03-04,10.51,10.68,10.83,10.43,72860,77492302.00,3.81,1.62,0.17,4.71
2019-03-05,10.47,10.77,10.80,10.46,49140,52402377.00,3.18,0.84,0.09,3.18
2019-03-06,10.80,10.93,11.16,10.70,60859,66335165.00,4.27,1.49,0.16,3.93
2019-03-07,10.94,10.85,10.96,10.70,47532,51360807.00,2.38,-0.73,-0.08,3.07
2019-03-08,10.79,10.10,10.79,10.03,43172,44789810.00,7.00,-6.91,-0.75,2.79
2019-03-11,10.15,10.62,10.76,10.01,36682,38646845.00,7.43,5.15,0.52,2.37
2019-03-12,10.64,10.71,10.84,10.54,53600,57431820.00,2.82,0.85,0.09,3.46
2019-03-13,10.74,11.18,11.56,10.56,102169,113742169.00,9.34,4.39,0.47,6.60
2019-03-14,11.10,10.81,11.27,10.77,50183,55318288.00,4.47,-3.31,-0.37,3.24
2019-03-15,10.60,11.17,11.49,10.60,64319,70762178.00,8.23,3.33,0.36,4.16
2019-03-18,11.19,11.19,11.34,11.00,48083,53847420.00,3.04,0.18,0.02,3.11
2019-03-19,11.20,11.21,11.30,10.77,46930,51811921.00,4.74,0.18,0.02,3.03
2019-03-20,11.26,11.14,11.26,10.96,28342,31516066.00,2.68,-0.62,-0.07,1.83
2019-03-21,11.14,11.05,11.20,11.03,34239,38011719.00,1.53,-0.81,-0.09,2.21
2019-03-22,11.04,11.15,11.28,10.98,31073,34568438.00,2.71,0.90,0.10,2.01
2019-03-25,11.15,11.41,11.41,11.01,41523,46598709.00,3.59,2.33,0.26,2.68
2019-03-26,11.41,11.92,11.95,11.39,86342,101623054.00,4.91,4.47,0.51,5.58
2019-03-27,11.80,11.24,11.92,11.13,55227,63122305.00,6.63,-5.70,-0.68,3.57
2019-03-28,11.29,10.79,11.32,10.60,42370,46302117.00,6.41,-4.00,-0.45,2.74
2019-03-29,10.79,11.18,11.20,10.73,31689,35044759.00,4.36,3.61,0.39,2.05
2019-04-01,11.50,11.54,11.72,11.33,43523,50175246.00,3.49,3.22,0.36,2.81
2019-04-02,11.65,11.64,11.95,11.49,50658,59295724.00,3.99,0.87,0.10,3.27
2019-04-03,11.54,11.75,11.89,11.37,34060,39970216.00,4.47,0.95,0.11,2.20
2019-04-04,11.95,11.71,11.96,11.45,37003,43397121.00,4.34,-0.34,-0.04,2.39
2019-04-08,11.71,11.64,11.85,11.25,45209,52342621.00,5.12,-0.60,-0.07,2.92
2019-04-09,11.63,11.51,11.64,11.21,40670,46512173.00,3.69,-1.12,-0.13,2.63
2019-04-10,11.28,11.72,12.66,11.28,65149,77575512.00,11.99,1.82,0.21,4.21
2019-04-11,11.60,11.34,11.78,11.33,28997,33304467.00,3.84,-3.24,-0.38,1.87
2019-04-12,11.36,11.29,11.48,11.09,28754,32265624.00,3.44,-0.44,-0.05,1.86
2019-04-15,11.40,11.24,11.52,11.01,20606,23313752.00,4.52,-0.44,-0.05,1.33
2019-04-16,11.24,11.30,11.35,10.96,23003,25700127.00,3.47,0.53,0.06,1.49
2019-04-17,11.30,11.32,11.40,11.26,19198,21757320.00,1.24,0.18,0.02,1.24
2019-04-18,11.38,11.07,11.39,11.02,25995,29019723.00,3.27,-2.21,-0.25,1.68
2019-04-19,11.00,11.44,11.45,10.97,32305,36342510.00,4.34,3.34,0.37,2.09
2019-04-22,11.44,11.20,11.50,11.20,21832,24657364.00,2.62,-2.10,-0.24,1.41
2019-04-23,11.19,10.98,11.22,10.97,16429,18168248.00,2.23,-1.96,-0.22,1.06
2019-04-24,10.98,11.07,11.15,10.88,8935,9836956.00,2.46,0.82,0.09,0.58
2019-04-25,11.00,10.90,11.25,10.83,20155,22333589.00,3.79,-1.54,-0.17,1.30
2019-04-26,10.88,10.82,10.95,10.63,21529,23163223.00,2.94,-0.73,-0.08,1.39
2019-04-29,10.82,10.67,11.00,10.15,21006,22511499.00,7.86,-1.39,-0.15,1.36
2019-04-30,10.60,11.18,11.20,10.33,22241,24279633.00,8.15,4.78,0.51,1.44
2019-05-06,10.95,10.58,10.95,10.30,23944,25690239.00,5.81,-5.37,-0.60,1.55
2019-05-07,10.70,10.84,10.96,10.51,18061,19432883.00,4.25,2.46,0.26,1.17
2019-05-08,10.66,10.72,10.99,10.52,8159,8810015.00,4.34,-1.11,-0.12,0.53
2019-05-09,10.68,10.63,10.82,10.38,7087,7552615.00,4.10,-0.84,-0.09,0.46
2019-05-10,10.67,10.81,10.94,10.64,9931,10720541.00,2.82,1.69,0.18,0.64
2019-05-13,10.68,10.58,10.80,10.53,9252,9852313.00,2.50,-2.13,-0.23,0.60
2019-05-14,10.58,10.17,10.61,10.13,11390,11837254.00,4.54,-3.88,-0.41,0.74
2019-05-15,10.40,10.21,10.50,10.15,12027,12326246.00,3.44,0.39,0.04,0.78
2019-05-16,10.24,10.31,10.40,10.15,10002,10282519.00,2.45,0.98,0.10,0.65
2019-05-17,10.38,10.01,10.45,9.98,12566,12818086.00,4.56,-2.91,-0.30,0.81
2019-05-20,10.05,9.75,10.20,9.68,12630,12355904.00,5.19,-2.60,-0.26,0.82
2019-05-21,9.65,10.18,10.58,8.78,21207,21316455.00,18.46,4.41,0.43,1.37
2019-05-22,10.00,9.94,10.19,9.89,10143,10136914.00,2.95,-2.36,-0.24,0.66
2019-05-23,9.82,9.62,9.94,9.62,7691,7491725.00,3.22,-3.22,-0.32,0.50
2019-05-24,9.87,9.69,9.89,9.51,6354,6154435.00,3.95,0.73,0.07,0.41
2019-05-27,9.69,10.02,10.12,9.69,11032,11030210.00,4.44,3.41,0.33,0.71
2019-05-28,10.02,9.99,10.19,9.94,11903,11969189.00,2.50,-0.30,-0.03,0.77
2019-05-29,9.99,10.15,10.23,9.96,14171,14393719.00,2.70,1.60,0.16,0.92
2019-05-30,10.22,10.12,10.22,10.03,5340,5379578.00,1.87,-0.30,-0.03,0.35
2019-05-31,9.99,10.00,10.18,9.97,6242,6276017.00,2.08,-1.19,-0.12,0.40
2019-06-03,9.97,9.98,10.17,9.94,4979,4989116.00,2.30,-0.20,-0.02,0.32
2019-06-04,10.05,9.46,10.07,9.45,12643,12195993.00,6.21,-5.21,-0.52,0.82
2019-06-05,9.63,9.66,9.70,9.58,6185,5963328.00,1.27,2.11,0.20,0.40
2019-06-06,9.68,9.66,9.68,8.80,22427,20557408.00,9.11,0.00,0.00,1.45
2019-06-10,9.41,9.65,9.65,9.28,12061,11414480.00,3.83,-0.10,-0.01,0.78
2019-06-11,9.55,9.87,9.97,9.53,11938,11661138.00,4.56,2.28,0.22,0.77
2019-06-12,9.87,9.64,9.94,9.60,9788,9534270.00,3.44,-2.33,-0.23,0.63
2019-06-13,9.51,9.75,9.88,9.31,10078,9824977.00,5.91,1.14,0.11,0.65
2019-06-14,9.74,9.53,9.74,9.52,5416,5211830.00,2.26,-2.26,-0.22,0.35
2019-06-17,9.24,9.58,9.60,9.24,6820,6517868.00,3.78,0.52,0.05,0.44
2019-06-18,9.51,9.39,9.62,9.35,4704,4457639.00,2.82,-1.98,-0.19,0.30
2019-06-19,9.50,9.53,9.68,9.49,5029,4800004.00,2.02,1.49,0.14,0.33
2019-06-20,9.53,9.58,9.63,9.41,8150,7774521.00,2.31,0.52,0.05,0.53
2019-06-21,9.71,9.72,9.84,9.71,9410,9186566.00,1.36,1.46,0.14,0.61
2019-06-24,9.75,10.17,10.56,9.75,26413,26785463.00,8.33,4.63,0.45,1.71
2019-06-25,10.00,9.98,10.36,9.97,14673,14825324.00,3.83,-1.87,-0.19,0.95
2019-06-26,9.91,9.95,10.14,9.79,7755,7727786.00,3.51,-0.30,-0.03,0.50
2019-06-27,9.91,9.86,10.06,9.85,6942,6879842.00,2.11,-0.90,-0.09,0.45
2019-06-28,9.85,9.73,9.94,9.72,7716,7537841.00,2.23,-1.32,-0.13,0.50
2019-07-01,9.81,9.93,9.98,9.79,11094,11010462.00,1.95,2.06,0.20,0.72
2019-07-02,9.99,10.06,10.15,9.90,14247,14362105.00,2.52,1.31,0.13,0.92
2019-07-03,10.00,10.10,10.18,9.91,15559,15738067.00,2.68,0.40,0.04,1.01
2019-07-04,10.06,9.99,10.16,9.99,9551,9603919.00,1.68,-1.09,-0.11,0.62
2019-07-05,9.95,9.95,10.09,9.90,7860,7873292.00,1.90,-0.40,-0.04,0.51
2019-07-08,10.06,9.89,10.09,9.80,10785,10679364.00,2.91,-0.60,-0.06,0.70
2019-07-09,9.83,9.77,9.98,9.71,5448,5339689.00,2.73,-1.21,-0.12,0.35
2019-07-10,9.67,9.71,9.88,9.65,3638,3539236.00,2.35,-0.61,-0.06,0.24
2019-07-11,9.79,9.70,9.86,9.68,3791,3704396.00,1.85,-0.10,-0.01,0.25
2019-07-12,9.73,9.79,9.81,9.62,3129,3047670.00,1.96,0.93,0.09,0.20
2019-07-15,9.79,9.77,9.91,9.68,3911,3821715.00,2.35,-0.20,-0.02,0.25
2019-07-16,9.83,10.01,10.10,9.83,9851,9858669.00,2.76,2.46,0.24,0.64
2019-07-17,10.07,10.01,10.11,9.94,4828,4840046.00,1.70,0.00,0.00,0.31
2019-07-18,10.00,9.93,10.06,9.80,5224,5206009.00,2.60,-0.80,-0.08,0.34
2019-07-19,9.90,9.88,10.03,9.80,4532,4495452.00,2.32,-0.50,-0.05,0.29
2019-07-22,9.79,9.74,9.96,9.72,4943,4846790.00,2.43,-1.42,-0.14,0.32
2019-07-23,9.87,9.72,9.87,9.64,5291,5138190.00,2.36,-0.21,-0.02,0.34
2019-07-24,9.88,10.05,10.20,9.74,13929,13943423.00,4.73,3.40,0.33,0.90
2019-07-25,10.08,10.00,10.11,9.93,7849,7869159.00,1.79,-0.50,-0.05,0.51
2019-07-26,9.99,9.98,10.04,9.97,6244,6243275.00,0.70,-0.20,-0.02,0.40
2019-07-29,10.02,10.05,10.10,9.93,5384,5408480.00,1.70,0.70,0.07,0.35
2019-07-30,10.15,10.18,10.18,10.03,11911,12071491.00,1.49,1.29,0.13,0.77
2019-07-31,10.19,10.69,10.98,10.10,36965,39227935.00,8.64,5.01,0.51,2.39
2019-08-01,10.69,10.33,10.77,10.30,18022,18996015.00,4.40,-3.37,-0.36,1.16
2019-08-02,10.15,10.23,10.44,10.15,12067,12384010.00,2.81,-0.97,-0.10,0.78
2019-08-05,10.23,10.31,10.50,10.20,11291,11706930.00,2.93,0.78,0.08,0.73
2019-08-06,10.30,9.90,10.30,9.81,15615,15555444.00,4.75,-3.98,-0.41,1.01
2019-08-07,10.01,9.91,10.08,9.88,5402,5386068.00,2.02,0.10,0.01,0.35
2019-08-08,10.02,9.87,10.05,9.87,6164,6131347.00,1.82,-0.40,-0.04,0.40
2019-08-09,9.97,9.98,10.07,9.93,8420,8427909.00,1.42,1.11,0.11,0.54
2019-08-12,9.95,10.15,10.17,9.92,8240,8304203.00,2.51,1.70,0.17,0.53
2019-08-13,10.12,10.07,10.12,9.90,7096,7104950.00,2.17,-0.79,-0.08,0.46
2019-08-14,10.12,10.22,10.27,10.10,10909,11107047.00,1.69,1.49,0.15,0.71
2019-08-15,10.13,10.05,10.13,9.69,7668,7696426.00,4.31,-1.66,-0.17,0.50
2019-08-16,10.10,10.43,10.57,10.05,22116,22949371.00,5.17,3.78,0.38,1.43
2019-08-19,10.75,10.62,10.75,10.30,21443,22661727.00,4.31,1.82,0.19,1.39
2019-08-20,10.59,10.47,10.65,10.41,14034,14729054.00,2.26,-1.41,-0.15,0.91
2019-08-21,10.50,10.77,10.95,10.45,27050,29009010.00,4.78,2.87,0.30,1.75
2019-08-22,10.78,10.69,10.88,10.67,14466,15564556.00,1.95,-0.74,-0.08,0.93
2019-08-23,10.75,10.77,10.85,10.52,14430,15442525.00,3.09,0.75,0.08,0.93
2019-08-26,10.62,10.54,10.79,10.41,15302,16278595.00,3.53,-2.14,-0.23,0.99
2019-08-27,10.66,10.65,10.78,10.58,14366,15380597.00,1.90,1.04,0.11,0.93
2019-08-28,10.59,10.61,10.70,10.50,10292,10922465.00,1.88,-0.38,-0.04,0.67
2019-08-29,10.65,10.86,10.90,10.62,19593,21193355.00,2.64,2.36,0.25,1.27
2019-08-30,10.80,11.06,11.30,10.79,26522,29386424.00,4.70,1.84,0.20,1.71
2019-09-02,11.01,11.34,11.48,11.01,30678,34784832.00,4.25,2.53,0.28,1.98
2019-09-03,11.31,11.31,11.45,11.19,17230,19530920.00,2.29,-0.26,-0.03,1.11
2019-09-04,11.23,11.75,11.79,11.23,45293,52765702.00,4.95,3.89,0.44,2.93
2019-09-05,11.80,11.60,11.89,11.55,37542,43837418.00,2.89,-1.28,-0.15,2.43
2019-09-06,11.60,11.86,11.93,11.45,37822,44274748.00,4.14,2.24,0.26,2.44
2019-09-09,12.00,11.83,12.28,11.63,29017,34541814.00,5.48,-0.25,-0.03,1.88
2019-09-10,11.66,11.38,11.71,11.23,35960,41002926.00,4.06,-3.80,-0.45,2.32
2019-09-11,11.37,11.38,11.47,11.20,17354,19641536.00,2.37,0.00,0.00,1.12
2019-09-12,11.38,11.40,11.45,11.27,10352,11758602.00,1.58,0.18,0.02,0.67
2019-09-16,11.36,11.48,11.78,11.36,18535,21485344.00,3.68,0.70,0.08,1.20
2019-09-17,11.50,11.49,11.64,11.32,15477,17846776.00,2.79,0.09,0.01,1.00
2019-09-18,11.58,12.18,12.20,11.36,40605,48355189.00,7.31,6.01,0.69,2.62
2019-09-19,12.28,12.05,12.28,11.78,29977,36090470.00,4.11,-1.07,-0.13,1.94
2019-09-20,12.27,11.95,12.27,11.80,13401,15989726.00,3.90,-0.83,-0.10,0.87
2019-09-23,11.77,11.98,12.00,11.77,15181,18121074.00,1.92,0.25,0.03,0.98
2019-09-24,11.90,11.92,12.18,11.88,18659,22368842.00,2.50,-0.50,-0.06,1.21
2019-09-25,12.00,11.92,12.02,11.83,14605,17381514.00,1.59,0.00,0.00,0.94
2019-09-26,12.00,11.73,12.01,11.73,15777,18697107.00,2.35,-1.59,-0.19,1.02
2019-09-27,11.92,12.29,12.38,11.67,25712,31282742.00,6.05,4.77,0.56,1.66
2019-09-30,12.33,12.60,12.77,12.33,24635,30844905.00,3.58,2.52,0.31,1.59
2019-10-08,12.60,13.70,13.86,12.41,74633,100709505.00,11.51,8.73,1.10,4.82
2019-10-09,13.70,15.04,15.05,13.05,95496,138428372.00,14.60,9.78,1.34,6.17
2019-10-10,14.94,14.40,15.68,14.31,86253,127548513.00,9.11,-4.26,-0.64,5.57
2019-10-11,14.37,14.44,14.75,14.08,53263,76951055.00,4.65,0.28,0.04,3.44
2019-10-14,14.48,14.03,14.52,13.92,50641,71632587.00,4.16,-2.84,-0.41,3.27
2019-10-15,14.18,14.12,14.41,13.76,36216,50994984.00,4.63,0.64,0.09,2.34
2019-10-16,14.15,15.41,15.49,13.93,73688,109549503.00,11.05,9.14,1.29,4.76
2019-10-17,15.41,15.33,16.00,15.17,59590,92750854.00,5.39,-0.52,-0.08,3.85
2019-10-18,15.70,14.77,15.76,14.76,34114,51296076.00,6.52,-3.65,-0.56,2.20
2019-10-21,14.77,15.65,15.68,14.40,41695,62691456.00,8.67,5.96,0.88,2.69
2019-10-22,15.29,15.29,15.79,15.26,47223,73084356.00,3.39,-2.30,-0.36,3.05
2019-10-23,15.00,14.68,15.20,14.60,36888,54694840.00,3.92,-3.99,-0.61,2.38
2019-10-24,14.39,14.79,15.20,14.37,26985,40014278.00,5.65,0.75,0.11,1.74
2019-10-25,14.79,14.56,14.88,14.51,20013,29333433.00,2.50,-1.56,-0.23,1.29
2019-10-28,14.65,15.09,15.19,14.61,25542,38221337.00,3.98,3.64,0.53,1.65
2019-10-29,15.17,14.85,15.22,14.75,17997,26874578.00,3.11,-1.59,-0.24,1.16
2019-10-30,14.80,14.57,14.80,14.30,22244,32348812.00,3.37,-1.89,-0.28,1.44
2019-10-31,14.78,14.58,14.78,14.52,14257,20848383.00,1.78,0.07,0.01,0.92
2019-11-01,14.77,15.10,15.37,14.44,27257,41231388.00,6.38,3.57,0.52,1.76
2019-11-04,15.50,15.37,15.55,15.00,25243,38595661.00,3.64,1.79,0.27,1.63
2019-11-05,15.20,16.56,16.83,15.20,66176,108637144.00,10.61,7.74,1.19,4.28
2019-11-06,16.52,16.17,16.78,15.80,45197,73184225.00,5.92,-2.36,-0.39,2.92
2019-11-07,16.08,16.21,16.42,15.89,26921,43424491.00,3.28,0.25,0.04,1.74
2019-11-08,16.24,15.85,16.42,15.73,30619,48733902.00,4.26,-2.22,-0.36,1.98
2019-11-11,16.00,15.60,16.00,15.45,23491,36821977.00,3.47,-1.58,-0.25,1.52
2019-11-12,15.89,15.83,15.89,15.37,37975,59599399.00,3.33,1.47,0.23,2.45
2019-11-13,16.06,15.55,16.06,15.41,18828,29326651.00,4.11,-1.77,-0.28,1.22
2019-11-14,15.55,15.65,15.76,15.38,15120,23668751.00,2.44,0.64,0.10,0.98
2019-11-15,15.65,15.15,15.66,15.10,20539,31362634.00,3.58,-3.19,-0.50,1.33
2019-11-18,15.15,15.06,15.38,14.90,19089,28819158.00,3.17,-0.59,-0.09,1.23
2019-11-19,15.26,15.38,15.46,14.90,14967,22943765.00,3.72,2.12,0.32,0.97
2019-11-20,15.50,15.01,15.60,14.97,16744,25424776.00,4.10,-2.41,-0.37,1.08
2019-11-21,15.10,15.25,15.36,15.02,13696,20792083.00,2.27,1.60,0.24,0.89
2019-11-22,15.40,15.27,15.40,15.10,12059,18372094.00,1.97,0.13,0.02,0.78
2019-11-25,15.28,15.88,15.98,15.20,39061,61244074.00,5.11,3.99,0.61,2.52
2019-11-26,15.80,15.87,16.10,15.50,18212,28837885.00,3.78,-0.06,-0.01,1.18
2019-11-27,15.96,16.05,16.18,15.90,22198,35624130.00,1.76,1.13,0.18,1.43
2019-11-28,16.05,15.96,16.29,15.91,16744,26937682.00,2.37,-0.56,-0.09,1.08
2019-11-29,15.93,16.03,16.17,15.65,19609,31266539.00,3.26,0.44,0.07,1.27
2019-12-02,16.03,16.06,16.33,15.95,18937,30462164.00,2.37,0.19,0.03,1.22
2019-12-03,15.68,16.03,16.07,15.68,12129,19379428.00,2.43,-0.19,-0.03,0.78
2019-12-04,16.05,16.20,16.33,15.87,18254,29533311.00,2.87,1.06,0.17,1.18
2019-12-05,16.40,16.65,16.88,16.13,30908,51028656.00,4.63,2.78,0.45,2.00
2019-12-06,16.70,17.17,17.49,16.70,47805,81760187.00,4.74,3.12,0.52,3.09
2019-12-09,16.99,15.45,16.99,15.45,68028,107448771.00,8.97,-10.02,-1.72,4.40
2019-12-10,14.02,14.76,15.25,14.01,97073,141715129.00,8.03,-4.47,-0.69,6.27
2019-12-11,14.79,14.18,14.85,14.10,66468,95192256.00,5.08,-3.93,-0.58,4.30
2019-12-12,14.21,14.45,14.60,14.03,30704,44027391.00,4.02,1.90,0.27,1.98
2019-12-13,14.53,15.90,15.90,14.52,59524,92569480.00,9.55,10.03,1.45,3.85
2019-12-16,16.53,15.83,16.53,15.35,64651,101945677.00,7.42,-0.44,-0.07,4.18
2019-12-17,15.86,15.95,15.95,15.54,33732,53342466.00,2.59,0.76,0.12,2.18
2019-12-18,16.18,16.13,16.18,15.76,30825,49311546.00,2.63,1.13,0.18,1.99
2019-12-19,16.05,16.36,16.64,16.05,30248,49431060.00,3.66,1.43,0.23,1.95
2019-12-20,16.25,16.79,17.00,16.25,53706,90390253.00,4.58,2.63,0.43,3.47
2019-12-23,15.59,15.77,16.40,15.45,58975,93067594.00,5.66,-6.08,-1.02,3.81
2019-12-24,15.83,16.69,17.29,15.83,80826,135121755.00,9.26,5.83,0.92,5.22
2019-12-25,16.40,16.45,16.84,16.15,58410,96133162.00,4.13,-1.44,-0.24,3.78
2019-12-26,16.18,15.95,16.40,15.80,58763,94210638.00,3.65,-3.04,-0.50,3.80
2019-12-27,16.25,15.53,16.25,15.50,46157,72442206.00,4.70,-2.63,-0.42,2.98
2019-12-30,15.00,14.73,15.24,14.00,98996,143808311.00,7.98,-5.15,-0.80,6.40
2019-12-31,14.52,14.33,14.74,14.21,47240,68073567.00,3.60,-2.72,-0.40,3.06
2020-01-02,14.59,14.90,15.12,14.32,53605,78740873.00,5.58,3.98,0.57,3.47
2020-01-03,14.73,14.93,15.20,14.73,35787,53391893.00,3.15,0.20,0.03,2.31
2020-01-06,14.80,14.94,15.05,14.35,39091,57939905.00,4.69,0.07,0.01,2.53
2020-01-07,14.76,15.00,15.08,14.73,29557,44032218.00,2.34,0.40,0.06,1.91
2020-01-08,15.05,14.67,15.05,14.60,26439,39108436.00,3.00,-2.20,-0.33,1.71
2020-01-09,14.76,14.82,14.87,14.70,14195,20970270.00,1.16,1.02,0.15,0.92
2020-01-10,14.87,14.74,14.90,14.58,16357,24051318.00,2.16,-0.54,-0.08,1.06
2020-01-13,14.65,14.70,14.75,14.37,18505,27015291.00,2.58,-0.27,-0.04,1.20
2020-01-14,14.71,14.69,14.75,14.56,23738,34822415.00,1.29,-0.07,-0.01,1.54
2020-01-15,14.65,14.69,15.10,14.62,31578,46827164.00,3.27,0.00,0.00,2.04
2020-01-16,14.65,14.60,14.70,14.47,18449,26897049.00,1.57,-0.61,-0.09,1.19
2020-01-17,14.64,14.55,14.68,14.43,18440,26831757.00,1.71,-0.34,-0.05,1.19
2020-01-20,14.55,14.55,14.64,14.31,17835,25917956.00,2.27,0.00,0.00,1.15
2020-01-21,14.46,14.61,14.75,14.46,16045,23487621.00,1.99,0.41,0.06,1.04
2020-01-22,14.61,14.43,14.79,14.33,20689,30120996.00,3.15,-1.23,-0.18,1.34
2020-01-23,14.35,14.13,14.52,14.03,21255,30256029.00,3.40,-2.08,-0.30,1.37
2020-02-03,12.72,12.72,12.72,12.72,13320,16943040.00,0.00,-9.98,-1.41,0.86
2020-02-04,11.45,13.11,13.25,11.45,35622,45743385.00,14.15,3.07,0.39,2.30
2020-02-05,13.28,13.60,13.78,13.24,20191,27468255.00,4.12,3.74,0.49,1.31
2020-02-06,13.85,13.32,13.93,13.30,34805,47037663.00,4.63,-2.06,-0.28,2.25
2020-02-07,13.45,12.98,13.60,12.78,33358,43560156.00,6.16,-2.55,-0.34,2.16
2020-02-10,12.78,13.14,13.15,12.60,17179,22295371.00,4.24,1.23,0.16,1.11
2020-02-11,13.16,13.34,13.48,13.05,24678,32804321.00,3.27,1.52,0.20,1.60
2020-02-12,13.40,13.30,13.45,13.11,17394,23121119.00,2.55,-0.30,-0.04,1.12
2020-02-13,13.06,13.12,13.34,13.06,15137,19882955.00,2.11,-1.35,-0.18,0.98
2020-02-14,13.00,13.08,13.13,13.00,9969,13011249.00,0.99,-0.30,-0.04,0.64
2020-02-17,13.03,13.75,13.78,13.03,21773,29061236.00,5.73,5.12,0.67,1.41
2020-02-18,13.75,13.95,13.99,13.50,28468,39217899.00,3.56,1.45,0.20,1.84
2020-02-19,13.80,14.17,14.50,13.70,27637,38940661.00,5.73,1.58,0.22,1.79
2020-02-20,14.40,14.94,15.00,14.04,39125,57529770.00,6.77,5.43,0.77,2.53
2020-02-21,14.94,14.90,15.03,14.49,21584,32066180.00,3.61,-0.27,-0.04,1.40
2020-02-24,14.88,14.10,14.88,13.87,62806,89464553.00,6.78,-5.37,-0.80,4.06
2020-02-25,13.70,14.16,14.38,13.53,37352,52040524.00,6.03,0.43,0.06,2.42
2020-02-26,14.10,13.98,14.27,13.91,19244,27121818.00,2.54,-1.27,-0.18,1.24
2020-02-27,13.97,14.01,14.14,13.80,17194,24076523.00,2.43,0.21,0.03,1.11
2020-02-28,13.98,13.43,13.98,13.30,16522,22389332.00,4.85,-4.14,-0.58,1.07
2020-03-02,13.57,13.91,13.99,13.41,21541,29701662.00,4.32,3.57,0.48,1.39
2020-03-03,13.91,13.77,14.13,13.70,22627,31359868.00,3.09,-1.01,-0.14,1.46
2020-03-04,13.69,13.78,13.90,13.60,11007,15124901.00,2.18,0.07,0.01,0.71
2020-03-05,13.85,13.90,13.97,13.75,17711,24567116.00,1.60,0.87,0.12,1.15
2020-03-06,13.76,14.30,14.61,13.76,38470,55021491.00,6.12,2.88,0.40,2.49
2020-03-09,14.13,13.81,14.38,13.62,22776,31738209.00,5.31,-3.43,-0.49,1.47
2020-03-10,13.61,14.05,14.19,13.42,22055,30519982.00,5.58,1.74,0.24,1.43
2020-03-11,14.05,13.69,14.16,13.64,19660,27275101.00,3.70,-2.56,-0.36,1.27
2020-03-12,13.62,13.24,13.67,13.01,14807,19647798.00,4.82,-3.29,-0.45,0.96
2020-03-13,12.69,13.04,13.13,12.60,26116,33540432.00,4.00,-1.51,-0.20,1.69
2020-03-16,13.04,12.53,13.30,12.50,19743,25294655.00,6.13,-3.91,-0.51,1.28
2020-03-17,12.53,12.60,12.90,11.91,15738,19486095.00,7.90,0.56,0.07,1.02
2020-03-18,12.63,12.54,12.95,12.51,9165,11654131.00,3.49,-0.48,-0.06,0.59
2020-03-19,12.58,12.41,12.58,11.99,13636,16706859.00,4.70,-1.04,-0.13,0.88
2020-03-20,12.41,12.40,12.78,12.06,17574,21615930.00,5.80,-0.08,-0.01,1.14
2020-03-23,12.20,11.88,12.40,11.81,19121,22935858.00,4.76,-4.19,-0.52,1.24
2020-03-24,12.26,12.11,12.26,11.71,27747,33386933.00,4.63,1.94,0.23,1.79
2020-03-25,12.24,13.32,13.32,12.24,61189,79803383.00,8.92,9.99,1.21,3.96
2020-03-26,13.17,12.89,13.48,12.89,39879,52614048.00,4.43,-3.23,-0.43,2.58
2020-03-27,13.03,13.01,13.30,12.90,30698,40075557.00,3.10,0.93,0.12,1.99
2020-03-30,12.89,12.89,13.07,12.60,18069,23193958.00,3.61,-0.92,-0.12,1.17
2020-03-31,13.01,13.09,13.17,12.83,14248,18541516.00,2.64,1.55,0.20,0.92
2020-04-01,13.07,13.23,13.32,12.88,15700,20577041.00,3.36,1.07,0.14,1.02
2020-04-02,13.24,13.66,13.73,13.18,26196,35191886.00,4.16,3.25,0.43,1.69
2020-04-03,13.71,14.06,14.10,13.54,22106,30799816.00,4.10,2.93,0.40,1.43
2020-04-07,14.17,14.54,14.98,14.17,44627,65003748.00,5.76,3.41,0.48,2.89
2020-04-08,14.56,14.77,14.82,14.50,37298,54769121.00,2.20,1.58,0.23,2.41
2020-04-09,14.88,14.81,14.90,14.61,23040,34061201.00,1.96,0.27,0.04,1.49
2020-04-10,15.00,14.39,15.10,14.10,31000,44752505.00,6.75,-2.84,-0.42,2.00
2020-04-13,14.45,14.16,14.53,13.91,19168,27184265.00,4.31,-1.60,-0.23,1.24
2020-04-14,14.30,14.75,14.96,14.20,33638,49209487.00,5.37,4.17,0.59,2.18
2020-04-15,14.83,15.53,15.55,14.70,47868,72890587.00,5.76,5.29,0.78,3.10
2020-04-16,15.34,15.79,16.26,15.13,43693,68686478.00,7.28,1.67,0.26,2.83
2020-04-17,15.67,15.95,16.15,15.41,40015,63796782.00,4.69,1.01,0.16,2.59
2020-04-20,15.78,15.74,16.07,15.50,31794,50230933.00,3.57,-1.32,-0.21,2.06
2020-04-21,15.91,15.67,15.91,15.39,27866,43418778.00,3.30,-0.44,-0.07,1.80
2020-04-22,15.67,16.21,16.50,15.45,46786,75311319.00,6.70,3.45,0.54,3.03
2020-04-23,16.27,16.45,16.65,16.23,32187,52996118.00,2.59,1.48,0.24,2.08
2020-04-24,16.52,16.23,16.54,15.93,26670,43489690.00,3.71,-1.34,-0.22,1.72
2020-04-27,16.40,16.01,16.50,16.00,28645,46277281.00,3.08,-1.36,-0.22,1.85
2020-04-28,15.98,15.65,16.10,14.90,56171,87962193.00,7.50,-2.25,-0.36,3.63
2020-04-29,15.79,16.18,16.66,15.52,48128,78257369.00,7.28,3.39,0.53,3.11
2020-04-30,16.14,16.64,16.64,16.05,33631,54917801.00,3.65,2.84,0.46,2.18
2020-05-06,16.73,15.90,16.73,15.47,45757,72995359.00,7.57,-4.45,-0.74,2.96
2020-05-07,15.89,16.87,16.97,15.75,50063,82725633.00,7.67,6.10,0.97,3.24
2020-05-08,16.52,17.06,17.25,16.50,43059,73110989.00,4.45,1.13,0.19,2.78
2020-05-11,16.82,16.83,17.17,16.74,27161,45909633.00,2.52,-1.35,-0.23,1.76
2020-05-12,16.83,17.06,17.27,16.48,30786,52401463.00,4.69,1.37,0.23,1.99
2020-05-13,17.32,17.08,17.32,16.77,22078,37507622.00,3.22,0.12,0.02,1.43
2020-05-14,16.96,16.79,17.17,16.75,20237,34106004.00,2.46,-1.70,-0.29,1.31
2020-05-15,16.88,16.20,16.88,16.14,42666,70012072.00,4.41,-3.51,-0.59,2.76
2020-05-18,16.44,14.93,16.44,14.89,62191,95260472.00,9.57,-7.84,-1.27,4.02
2020-05-19,14.97,14.77,15.26,14.46,51106,75383380.00,5.36,-1.07,-0.16,3.31
2020-05-20,14.70,14.73,15.03,14.07,29411,43228972.00,6.50,-0.27,-0.04,1.90
2020-05-21,14.80,15.33,15.50,14.28,42485,63477883.00,8.28,4.07,0.60,2.75
2020-05-22,15.25,15.08,15.81,15.00,29857,45714518.00,5.28,-1.63,-0.25,1.93
2020-05-25,15.08,15.15,15.30,14.18,40034,60032816.00,7.43,0.46,0.07,2.59
2020-05-26,15.26,15.45,15.80,15.20,27549,42571510.00,3.96,1.98,0.30,1.78
2020-05-27,15.51,15.73,15.86,15.40,22836,35832896.00,2.98,1.81,0.28,1.48
2020-05-28,15.73,16.06,16.16,15.57,37200,59481649.00,3.75,2.10,0.33,2.41
2020-05-29,16.34,15.95,16.34,15.84,38635,61848633.00,3.11,-0.68,-0.11,2.50
2020-06-01,16.13,16.42,16.56,15.75,43658,71104289.00,5.08,2.95,0.47,2.82
2020-06-02,16.31,16.12,16.48,15.91,29833,48179778.00,3.47,-1.83,-0.30,1.93
2020-06-03,16.12,16.05,16.37,15.80,29713,47782067.00,3.54,-0.43,-0.07,1.92
2020-06-04,16.28,15.96,16.28,15.82,18859,30128366.00,2.87,-0.56,-0.09,1.22
2020-06-05,15.96,15.96,16.28,15.58,32997,52305088.00,4.39,0.00,0.00,2.13
2020-06-08,15.53,15.53,16.00,15.30,33348,51808120.00,4.39,-2.69,-0.43,2.16
2020-06-09,15.53,15.60,15.66,15.21,19725,30451891.00,2.90,0.45,0.07,1.28
2020-06-10,15.59,15.35,15.60,15.16,15148,23236471.00,2.82,-1.60,-0.25,0.98
2020-06-11,15.24,15.16,15.44,15.15,14937,22854083.00,1.89,-1.24,-0.19,0.97
2020-06-12,15.15,15.37,15.38,14.60,16230,24567396.00,5.15,1.39,0.21,1.05
2020-06-15,15.38,16.91,16.91,15.24,106961,178252263.00,10.87,10.02,1.54,6.92
2020-06-16,16.98,17.50,17.88,16.80,108598,188169424.00,6.39,3.49,0.59,7.02
2020-06-17,17.35,17.60,17.86,17.00,61848,108593222.00,4.91,0.57,0.10,4.00
2020-06-18,17.52,17.15,17.79,17.07,73583,128579859.00,4.09,-2.56,-0.45,4.76
2020-06-19,17.36,17.03,17.70,17.00,36947,63417888.00,4.08,-0.70,-0.12,2.39
2020-06-22,17.10,15.79,17.10,15.50,109986,179469104.00,9.40,-7.28,-1.24,7.11
2020-06-23,16.00,15.50,16.08,15.35,69955,108605311.00,4.62,-1.84,-0.29,4.52
2020-06-24,15.68,14.96,15.68,14.79,91224,137404290.00,5.74,-3.48,-0.54,5.90
2020-06-29,14.90,14.80,15.20,14.77,49180,73323129.00,2.87,-1.07,-0.16,3.18
2020-06-30,14.84,14.79,15.10,14.70,38403,57242843.00,2.70,-0.07,-0.01,2.37
2020-07-01,14.86,14.36,14.90,14.10,61423,88706737.00,5.41,-2.91,-0.43,3.79
2020-07-02,14.39,14.45,14.49,14.22,40487,58282207.00,1.88,0.63,0.09,2.50
2020-07-03,14.45,15.37,15.68,14.32,101825,153505691.00,9.41,6.37,0.92,6.28
2020-07-06,15.37,15.29,15.45,15.03,94689,144256053.00,2.73,-0.52,-0.08,5.84
2020-07-07,15.29,15.10,15.30,15.00,72941,110076765.00,1.96,-1.24,-0.19,4.50
2020-07-08,15.20,15.32,15.47,14.99,62012,94671150.00,3.18,1.46,0.22,3.82
2020-07-09,15.33,16.85,16.85,15.06,151378,245694440.00,11.68,9.99,1.53,9.34
2020-07-10,16.99,18.54,18.54,16.88,342975,622598560.00,9.85,10.03,1.69,21.15
2020-07-13,18.30,17.60,18.30,16.69,260857,448723904.00,8.68,-5.07,-0.94,16.09
2020-07-14,17.20,17.11,17.63,16.58,133482,228145767.00,5.97,-2.78,-0.49,8.23
2020-07-15,17.02,17.36,17.99,16.77,128934,225524807.00,7.13,1.46,0.25,7.95
2020-07-16,17.00,17.27,17.78,16.50,148427,255491076.00,7.37,-0.52,-0.09,9.15
2020-07-17,17.30,18.30,18.96,17.00,142533,253295731.00,11.35,5.96,1.03,8.79
2020-07-20,18.17,19.14,19.88,17.86,268883,508018992.00,11.04,4.59,0.84,16.58
2020-07-21,18.65,19.46,20.00,18.53,159269,306347728.00,7.68,1.67,0.32,9.82
2020-07-22,19.29,19.87,20.86,19.00,146938,293204400.00,9.56,2.11,0.41,9.06
2020-07-23,19.51,19.51,20.23,19.28,105299,207799484.00,4.78,-1.81,-0.36,6.49
2020-07-24,19.52,17.94,19.90,17.65,133222,249145690.00,11.53,-8.05,-1.57,8.22
2020-07-27,18.11,19.01,19.50,17.85,104503,196576105.00,9.20,5.96,1.07,6.45
2020-07-28,19.02,19.82,20.31,18.89,111585,219682568.00,7.47,4.26,0.81,6.88
2020-07-29,19.98,20.20,20.50,19.40,96914,194558041.00,5.55,1.92,0.38,5.98
2020-07-30,20.08,20.84,21.21,19.73,144629,294359760.00,7.33,3.17,0.64,8.92
2020-07-31,20.98,21.08,21.14,20.27,103003,213870145.00,4.17,1.15,0.24,6.35
2020-08-03,20.99,20.99,21.12,19.87,148116,304678448.00,5.93,-0.43,-0.09,9.14
2020-08-04,20.55,21.74,21.96,20.51,114971,246574391.00,6.91,3.57,0.75,7.09
2020-08-05,21.49,23.40,23.59,21.49,106460,239152423.00,9.66,7.64,1.66,6.57
2020-08-06,23.47,22.99,25.20,22.61,106548,248410276.00,11.07,-1.75,-0.41,6.57
2020-08-07,23.00,25.21,25.29,22.88,159229,386046656.00,10.48,9.66,2.22,9.82
2020-08-10,25.80,22.87,25.80,22.69,183559,433490464.00,12.34,-9.28,-2.34,11.32
2020-08-11,22.80,25.00,25.16,22.70,146539,355147392.00,10.76,9.31,2.13,9.04
2020-08-12,24.70,25.19,25.33,23.16,126821,310786464.00,8.68,0.76,0.19,7.82
2020-08-13,25.19,26.08,27.15,24.63,122994,318120416.00,10.00,3.53,0.89,7.59
2020-08-14,26.00,25.31,26.12,24.94,106141,270159184.00,4.52,-2.95,-0.77,6.55
2020-08-17,24.98,23.24,24.98,22.78,145728,338349584.00,8.69,-8.18,-2.07,8.99
2020-08-18,21.50,21.40,22.54,21.00,153804,335157744.00,6.63,-7.92,-1.84,9.49
2020-08-19,21.61,20.42,21.83,20.42,95441,199465923.00,6.59,-4.58,-0.98,5.89
2020-08-20,20.22,21.19,21.69,19.78,84430,175225009.00,9.35,3.77,0.77,5.21
2020-08-21,20.98,21.69,22.18,20.92,68472,149469851.00,5.95,2.36,0.50,4.22
2020-08-24,21.69,21.23,21.89,20.00,80796,168761730.00,8.71,-2.12,-0.46,4.98
2020-08-25,21.49,22.08,22.38,20.74,85554,185615573.00,7.72,4.00,0.85,5.28
2020-08-26,21.99,21.15,22.20,21.01,54742,117593057.00,5.39,-4.21,-0.93,3.38
2020-08-27,21.38,21.26,21.55,20.54,33383,70587519.00,4.78,0.52,0.11,2.06
2020-08-28,21.40,23.07,23.29,21.25,103169,234427594.00,9.60,8.51,1.81,6.36
2020-08-31,22.80,22.58,23.75,22.26,74315,169339315.00,6.46,-2.12,-0.49,4.58
2020-09-01,22.55,21.64,22.59,21.00,67599,146633089.00,7.04,-4.16,-0.94,4.17
2020-09-02,21.73,21.71,23.08,21.46,63867,141460108.00,7.49,0.32,0.07,3.94
2020-09-03,21.74,22.02,22.29,21.45,50931,111251533.00,3.87,1.43,0.31,3.14
2020-09-04,21.90,22.52,22.85,21.55,55910,124171875.00,5.90,2.27,0.50,3.45
2020-09-07,22.39,23.07,23.57,22.32,85193,197392094.00,5.55,2.44,0.55,5.25
2020-09-08,23.54,22.78,23.70,22.58,59480,136918686.00,4.85,-1.26,-0.29,3.67
2020-09-09,22.76,22.38,22.99,22.00,42215,94522127.00,4.35,-1.76,-0.40,2.60
2020-09-10,22.84,22.14,22.84,22.03,35871,80179183.00,3.62,-1.07,-0.24,2.21
2020-09-11,22.40,22.29,22.60,21.74,30416,67219453.00,3.88,0.68,0.15,1.88
2020-09-14,22.55,21.52,22.55,20.80,60080,129280939.00,7.85,-3.45,-0.77,3.71
2020-09-15,21.55,21.80,21.97,21.24,30760,66377034.00,3.39,1.30,0.28,1.90
2020-09-16,21.90,21.01,22.28,20.90,51039,108064120.00,6.33,-3.62,-0.79,3.15
2020-09-17,21.28,20.69,21.29,20.52,32169,67006873.00,3.66,-1.52,-0.32,1.98
2020-09-18,20.60,21.48,21.73,20.45,42595,90631355.00,6.19,3.82,0.79,2.63
2020-09-21,21.43,21.06,21.80,21.04,30058,64095934.00,3.54,-1.96,-0.42,1.85
2020-09-22,20.84,20.64,21.38,20.50,30074,62301863.00,4.18,-1.99,-0.42,1.85
2020-09-23,20.75,21.03,21.13,20.56,24792,51797218.00,2.76,1.89,0.39,1.53
2020-09-24,20.91,20.26,21.11,20.00,37281,76089407.00,5.28,-3.66,-0.77,2.30
2020-09-25,20.28,19.76,20.80,19.58,39005,78197207.00,6.02,-2.47,-0.50,2.41
2020-09-28,20.00,20.12,20.50,19.65,45941,92908032.00,4.30,1.82,0.36,2.83
2020-09-29,20.05,21.93,22.00,20.05,75206,160889953.00,9.69,9.00,1.81,4.64
2020-09-30,21.92,22.33,22.56,21.68,41936,93539188.00,4.01,1.82,0.40,2.59
2020-10-09,21.97,21.45,22.49,21.23,64012,138491334.00,5.64,-3.94,-0.88,3.95
2020-10-12,21.32,22.33,22.80,21.11,57068,126521426.00,7.88,4.10,0.88,3.52
2020-10-13,22.05,21.70,22.32,21.45,48748,106016685.00,3.90,-2.82,-0.63,3.01
2020-10-14,21.68,21.69,21.96,21.32,19363,41729520.00,2.95,-0.05,-0.01,1.19
2020-10-15,21.65,21.82,21.87,21.40,28083,60832379.00,2.17,0.60,0.13,1.73
2020-10-16,21.81,22.20,22.30,21.53,35269,77531527.00,3.53,1.74,0.38,2.18
2020-10-19,22.50,22.42,22.80,21.80,60423,134432208.00,4.50,0.99,0.22,3.73
2020-10-20,22.40,22.28,22.82,21.71,47547,106168104.00,4.95,-0.62,-0.14,2.93
2020-10-21,22.07,21.88,22.47,21.78,28188,62158298.00,3.10,-1.80,-0.40,1.74
2020-10-22,21.86,21.79,22.03,21.50,19710,42891964.00,2.42,-0.41,-0.09,1.22
2020-10-23,21.98,21.60,21.98,21.45,33336,72480808.00,2.43,-0.87,-0.19,2.06
2020-10-26,21.60,20.72,21.64,20.70,32724,68986645.00,4.35,-4.07,-0.88,2.02
2020-10-27,20.70,20.60,20.90,20.57,19172,39662070.00,1.59,-0.58,-0.12,1.18
2020-10-28,20.60,20.19,20.70,20.11,27042,54968007.00,2.86,-1.99,-0.41,1.67
2020-10-29,20.16,20.18,20.40,19.80,29513,59482052.00,2.97,-0.05,-0.01,1.82
2020-10-30,20.20,20.08,20.25,19.55,40436,80631740.00,3.47,-0.50,-0.10,2.49
2020-11-02,20.08,20.36,21.30,19.93,28884,58801963.00,6.82,1.39,0.28,1.78
2020-11-03,20.30,20.02,20.37,19.77,32237,64736070.00,2.95,-1.67,-0.34,1.99
2020-11-04,20.02,20.01,20.24,19.80,16915,33858488.00,2.20,-0.05,-0.01,1.04
2020-11-05,20.11,20.26,20.39,20.01,21850,44189041.00,1.90,1.25,0.25,1.35
2020-11-06,20.30,20.95,21.08,20.26,27259,56300234.00,4.05,3.41,0.69,1.68
2020-11-09,20.85,20.36,20.97,20.25,39931,81592137.00,3.44,-2.82,-0.59,2.46
2020-11-10,20.45,20.13,20.56,20.11,20755,42177607.00,2.21,-1.13,-0.23,1.28
2020-11-11,20.13,20.06,20.53,20.02,21615,43752430.00,2.53,-0.35,-0.07,1.33
2020-11-12,20.16,20.01,20.35,19.89,18470,37088746.00,2.29,-0.25,-0.05,1.14
2020-11-13,20.02,20.05,20.68,19.93,38800,78535873.00,3.75,0.20,0.04,2.39
2020-11-16,20.32,22.06,22.06,20.32,122009,260796676.00,8.68,10.02,2.01,7.53
2020-11-17,22.00,19.85,22.00,19.85,170036,346969904.00,9.75,-10.02,-2.21,10.49
2020-11-18,19.58,18.77,20.30,18.51,87338,166494305.00,9.02,-5.44,-1.08,5.39
2020-11-19,18.77,17.82,18.77,17.13,77228,136701405.00,8.74,-5.06,-0.95,4.76
2020-11-20,17.71,18.77,19.25,17.66,85446,159670710.00,8.92,5.33,0.95,5.27
2020-11-23,18.88,18.10,19.00,17.90,58483,106215681.00,5.86,-3.57,-0.67,3.61
2020-11-24,18.10,17.94,18.25,17.60,28718,51286476.00,3.59,-0.88,-0.16,1.77
2020-11-25,18.10,17.51,18.19,17.50,28050,49914025.00,3.85,-2.40,-0.43,1.73
2020-11-26,17.50,17.20,17.66,17.01,31731,54596031.00,3.71,-1.77,-0.31,1.96
2020-11-27,17.23,16.78,17.28,16.42,59818,99754306.00,5.00,-2.44,-0.42,3.69
2020-11-30,16.71,15.53,17.50,15.44,88108,140379146.00,12.28,-7.45,-1.25,5.43
2020-12-01,15.35,15.73,15.97,15.35,60876,95389945.00,3.99,1.29,0.20,3.75
2020-12-02,15.67,16.65,17.05,15.65,80019,132611571.00,8.90,5.85,0.92,4.94
2020-12-03,16.65,16.48,16.79,16.07,33841,55583225.00,4.32,-1.02,-0.17,2.09
2020-12-04,16.39,16.81,17.12,16.39,30363,50943263.00,4.43,2.00,0.33,1.87
2020-12-07,17.26,16.42,17.28,16.39,33243,55560584.00,5.29,-2.32,-0.39,2.05
2020-12-08,16.40,16.53,16.74,16.25,21219,35077075.00,2.98,0.67,0.11,1.31
2020-12-09,16.53,16.35,16.70,16.29,22751,37517595.00,2.48,-1.09,-0.18,1.40
2020-12-10,16.47,16.20,16.65,16.00,27769,45163741.00,3.98,-0.92,-0.15,1.71
2020-12-11,16.35,15.80,16.41,15.60,19070,30443718.00,5.00,-2.47,-0.40,1.18
2020-12-14,15.86,16.52,16.66,15.56,30444,49401844.00,6.96,4.56,0.72,1.88
2020-12-15,16.68,16.22,16.68,16.10,16180,26335073.00,3.51,-1.82,-0.30,1.00
2020-12-16,16.29,16.05,16.33,16.02,14266,23006398.00,1.91,-1.05,-0.17,0.88
2020-12-17,16.10,15.95,16.11,15.70,21158,33704476.00,2.55,-0.62,-0.10,1.30
2020-12-18,16.00,15.69,16.22,15.56,26761,42285255.00,4.14,-1.63,-0.26,1.65
2020-12-21,15.70,15.85,16.35,15.50,41558,66582163.00,5.42,1.02,0.16,2.56
2020-12-22,15.80,15.39,15.99,15.36,24109,37778031.00,3.97,-2.90,-0.46,1.49
2020-12-23,15.56,15.20,15.56,14.98,28619,43527857.00,3.77,-1.23,-0.19,1.77
2020-12-24,15.00,14.88,15.40,14.60,30455,45201528.00,5.26,-2.11,-0.32,1.88
2020-12-25,14.78,15.30,15.54,14.30,32024,48040475.00,8.33,2.82,0.42,1.98
2020-12-28,15.30,15.87,16.38,15.12,54092,86332333.00,8.24,3.73,0.57,3.34
2020-12-29,16.17,15.79,16.20,15.61,24474,38706416.00,3.72,-0.50,-0.08,1.51
2020-12-30,15.85,15.61,16.03,15.40,27136,42698061.00,3.99,-1.14,-0.18,1.67
2020-12-31,16.01,16.61,16.95,15.53,55264,91009622.00,9.10,6.41,1.00,3.41
2021-01-04,16.64,16.32,16.72,16.23,41009,67447960.00,2.95,-1.75,-0.29,2.53
2021-01-05,16.31,16.59,16.84,16.25,37017,61173270.00,3.62,1.65,0.27,2.28
2021-01-06,16.60,17.48,17.96,16.30,64952,111270173.00,10.01,5.36,0.89,4.01
2021-01-07,17.38,17.64,17.97,17.28,44557,78650672.00,3.95,0.92,0.16,2.75
2021-01-08,17.79,17.92,18.10,17.50,33957,60710234.00,3.40,1.59,0.28,2.09
2021-01-11,17.93,18.00,18.50,17.25,58640,104384337.00,6.98,0.45,0.08,3.62
2021-01-12,17.98,17.96,18.14,17.80,29882,53609422.00,1.89,-0.22,-0.04,1.84
2021-01-13,17.67,17.60,17.95,17.37,32537,57238482.00,3.23,-2.00,-0.36,2.01
2021-01-14,17.70,18.44,18.48,17.48,43702,79107409.00,5.68,4.77,0.84,2.70
2021-01-15,18.15,18.50,18.90,17.90,42476,77876857.00,5.42,0.33,0.06,2.62
2021-01-18,18.55,18.84,18.98,18.30,29987,56367012.00,3.68,1.84,0.34,1.85
2021-01-19,18.79,18.96,19.22,18.72,27189,51576125.00,2.65,0.64,0.12,1.68
2021-01-20,18.99,18.93,19.23,18.75,21794,41224422.00,2.53,-0.16,-0.03,1.34
2021-01-21,18.64,19.13,19.25,18.64,31192,59584154.00,3.22,1.06,0.20,1.92
2021-01-22,19.13,19.83,19.87,18.82,46963,91148681.00,5.49,3.66,0.70,2.90
2021-01-25,19.79,19.14,19.90,18.71,44816,86922279.00,6.00,-3.48,-0.69,2.76
2021-01-26,18.98,19.80,20.11,18.92,48237,94668389.00,6.22,3.45,0.66,2.98
2021-01-27,19.80,19.75,20.20,19.53,36386,72102731.00,3.38,-0.25,-0.05,2.24
2021-01-28,19.68,19.50,20.42,19.24,30469,60216658.00,5.97,-1.27,-0.25,1.88
2021-01-29,19.40,19.35,19.79,19.14,29962,58344554.00,3.33,-0.77,-0.15,1.85
2021-02-01,19.55,18.85,19.69,17.60,27027,51153923.00,10.80,-2.58,-0.50,1.67
2021-02-02,18.99,19.35,19.46,18.69,28285,53984876.00,4.08,2.65,0.50,1.74
2021-02-03,19.30,19.40,19.95,19.01,33055,64515886.00,4.86,0.26,0.05,2.04
2021-02-04,19.35,19.44,19.69,19.00,27589,53463824.00,3.56,0.21,0.04,1.70
2021-02-05,19.55,19.39,19.69,19.13,22967,44520685.00,2.88,-0.26,-0.05,1.42
2021-02-08,19.39,18.50,19.41,17.81,47343,88813468.00,8.25,-4.59,-0.89,2.92
2021-02-09,18.48,18.99,19.35,18.31,38039,72228898.00,5.62,2.65,0.49,2.35
2021-02-10,18.75,18.62,19.31,18.41,28028,52346154.00,4.74,-1.95,-0.37,1.73
2021-02-18,18.85,19.78,19.96,18.85,53190,104636762.00,5.96,6.23,1.16,3.28
2021-02-19,19.79,20.02,20.20,19.51,41141,81848250.00,3.49,1.21,0.24,2.54
2021-02-22,20.00,19.58,20.21,19.42,34821,69145622.00,3.95,-2.20,-0.44,2.15
2021-02-23,19.44,19.46,19.97,18.83,33556,65300594.00,5.82,-0.61,-0.12,2.07
2021-02-24,19.47,19.11,19.65,18.92,27569,52960271.00,3.75,-1.80,-0.35,1.70
2021-02-25,19.20,20.20,20.20,19.20,71935,143325701.00,5.23,5.70,1.09,4.44
2021-02-26,20.14,20.48,21.20,20.01,80219,165103769.00,5.89,1.39,0.28,4.95
2021-03-01,20.53,20.17,21.12,20.11,51817,106552598.00,4.93,-1.51,-0.31,3.20
2021-03-02,20.16,20.04,20.35,19.90,32542,65335711.00,2.23,-0.64,-0.13,2.01
2021-03-03,20.01,20.68,20.78,19.90,34293,70045258.00,4.39,3.19,0.64,2.12
2021-03-04,20.40,20.65,20.89,20.30,28212,58042744.00,2.85,-0.15,-0.03,1.74
2021-03-05,20.65,19.81,20.65,19.65,39075,78516043.00,4.84,-4.07,-0.84,2.41
2021-03-08,19.90,19.55,20.66,19.52,43233,86441607.00,5.75,-1.31,-0.26,2.67
2021-03-09,19.73,19.84,20.54,18.63,57298,112406332.00,9.77,1.48,0.29,3.53
2021-03-10,20.04,19.81,20.19,19.60,25331,50157878.00,2.97,-0.15,-0.03,1.56
2021-03-11,19.85,19.49,20.10,19.41,41732,82271849.00,3.48,-1.62,-0.32,2.57
2021-03-12,19.40,19.84,19.96,19.07,39636,77652265.00,4.57,1.80,0.35,2.44
2021-03-15,19.51,19.77,19.94,19.44,24694,48779555.00,2.52,-0.35,-0.07,1.52
2021-03-16,19.63,19.60,19.85,19.47,18089,35501149.00,1.92,-0.86,-0.17,1.12
2021-03-17,19.60,19.36,19.69,19.15,21708,42042788.00,2.76,-1.22,-0.24,1.34
2021-03-18,19.43,19.15,19.78,19.02,58023,111945138.00,3.93,-1.08,-0.21,3.58
2021-03-19,19.15,18.12,19.30,17.60,54529,99854384.00,8.88,-5.38,-1.03,3.36
2021-03-22,18.41,17.35,18.41,16.66,57693,99344538.00,9.66,-4.25,-0.77,3.56
2021-03-23,17.34,17.18,17.34,16.74,33059,56162473.00,3.46,-0.98,-0.17,2.04
2021-03-24,17.15,17.55,17.88,16.69,39996,69799291.00,6.93,2.15,0.37,2.47
2021-03-25,17.46,18.27,18.30,17.44,27106,48797709.00,4.90,4.10,0.72,1.67
2021-03-26,18.31,18.46,18.63,17.97,19120,35118212.00,3.61,1.04,0.19,1.18
2021-03-29,18.46,18.20,18.66,18.10,19149,34921392.00,3.03,-1.41,-0.26,1.18
2021-03-30,18.15,16.94,18.45,16.65,55681,96243331.00,9.89,-6.92,-1.26,3.43
2021-03-31,16.96,17.80,18.14,16.96,47360,83638882.00,6.97,5.08,0.86,2.92
2021-04-01,17.95,17.53,18.03,17.30,25490,44939758.00,4.10,-1.52,-0.27,1.57
2021-04-02,17.55,17.75,17.77,17.11,28860,50244313.00,3.76,1.25,0.22,1.78
2021-04-06,17.46,19.00,19.16,17.22,68770,127673483.00,10.93,7.04,1.25,4.24
2021-04-07,19.00,18.50,19.09,18.34,51800,96478358.00,3.95,-2.63,-0.50,3.19
2021-04-08,18.53,19.01,19.25,18.45,45328,86159035.00,4.32,2.76,0.51,2.80
2021-04-09,19.02,18.86,19.14,18.79,37926,71844263.00,1.84,-0.79,-0.15,2.34
2021-04-12,18.87,18.66,19.08,18.54,22096,41450032.00,2.86,-1.06,-0.20,1.36
2021-04-13,18.66,18.35,18.99,18.19,17567,32338868.00,4.29,-1.66,-0.31,1.08
2021-04-14,18.48,18.81,18.98,18.32,20886,38948869.00,3.60,2.51,0.46,1.29
2021-04-15,18.87,18.20,19.07,18.20,34200,63574012.00,4.63,-3.24,-0.61,2.11
2021-04-16,18.50,18.54,18.62,17.85,37980,69333961.00,4.23,1.87,0.34,2.34
2021-04-19,18.38,18.75,18.98,18.20,46548,86247049.00,4.21,1.13,0.21,2.87
2021-04-20,18.49,18.21,18.87,18.12,33976,62763192.00,4.00,-2.88,-0.54,2.10
2021-04-21,18.19,17.89,18.39,17.68,51754,93065143.00,3.90,-1.76,-0.32,3.19
2021-04-22,18.07,17.24,18.35,17.19,81399,143082232.00,6.48,-3.63,-0.65,5.02
2021-04-23,17.24,17.29,17.40,16.78,40452,69328043.00,3.60,0.29,0.05,2.49
2021-04-26,17.10,18.01,18.97,17.10,73674,133876446.00,10.82,4.16,0.72,4.54
2021-04-27,18.01,18.40,18.90,18.00,53357,98452073.00,5.00,2.17,0.39,3.29
2021-04-28,18.48,18.22,18.55,18.07,35775,65229472.00,2.61,-0.98,-0.18,2.21
2021-04-29,18.05,18.42,18.50,17.83,40733,74400828.00,3.68,1.10,0.20,2.51
2021-04-30,18.60,18.85,18.95,18.21,48682,90656742.00,4.02,2.33,0.43,3.00
2021-05-06,18.76,18.49,18.98,18.13,44321,82139034.00,4.51,-1.91,-0.36,2.73
2021-05-07,18.60,18.26,18.76,18.19,33349,61444447.00,3.08,-1.24,-0.23,2.06
2021-05-10,18.26,18.02,18.55,17.82,39948,72015479.00,4.00,-1.31,-0.24,2.46
2021-05-11,18.10,17.82,18.29,17.75,39784,71564340.00,3.00,-1.11,-0.20,2.45
2021-05-12,17.82,18.03,18.05,17.58,24983,44466247.00,2.64,1.18,0.21,1.54
2021-05-13,18.14,17.72,18.14,17.60,22613,40083412.00,3.00,-1.72,-0.31,1.39
2021-05-14,17.84,17.82,17.91,17.37,24434,43188158.00,3.05,0.56,0.10,1.51
2021-05-17,17.82,17.54,17.82,17.05,25665,44725321.00,4.32,-1.57,-0.28,1.58
2021-05-18,17.46,17.52,17.83,17.25,28088,49065331.00,3.31,-0.11,-0.02,1.73
2021-05-19,17.39,17.50,17.59,17.10,37306,64537669.00,2.80,-0.11,-0.02,2.30
2021-05-20,17.48,18.55,18.63,17.20,68609,123848308.00,8.17,6.00,1.05,4.23
2021-05-21,18.55,18.03,18.58,17.73,41848,76144418.00,4.58,-2.80,-0.52,2.58
2021-05-24,17.70,17.17,17.88,17.13,44062,76444813.00,4.16,-4.77,-0.86,2.72
2021-05-25,17.26,17.30,17.49,17.00,25559,44156466.00,2.85,0.76,0.13,1.58
2021-05-26,17.35,17.36,17.74,17.13,23293,40228386.00,3.53,0.35,0.06,1.44
2021-05-27,17.29,16.96,17.40,16.95,36236,62130271.00,2.59,-2.30,-0.40,2.23
2021-05-28,17.05,16.74,17.11,16.60,32323,54385783.00,3.01,-1.30,-0.22,1.99
2021-05-31,16.73,16.54,16.75,16.28,35713,58890130.00,2.81,-1.19,-0.20,2.20
2021-06-01,16.54,16.41,16.54,16.26,18781,30720331.00,1.69,-0.79,-0.13,1.16
2021-06-02,16.42,16.70,16.92,16.30,25804,43090602.00,3.78,1.77,0.29,1.59
2021-06-03,16.87,16.55,16.95,16.46,19302,32179603.00,2.93,-0.90,-0.15,1.19
2021-06-04,16.60,15.83,16.65,15.64,44715,71278432.00,6.10,-4.35,-0.72,2.76
2021-06-07,15.90,16.15,16.28,15.60,20837,33407343.00,4.30,2.02,0.32,1.29
2021-06-08,16.14,15.95,16.22,15.76,17319,27611339.00,2.85,-1.24,-0.20,1.07
2021-06-09,15.94,15.87,16.03,15.75,14382,22817408.00,1.76,-0.50,-0.08,0.89
2021-06-10,15.78,15.93,15.93,15.65,15338,24190730.00,1.76,0.38,0.06,0.95
2021-06-11,15.92,16.36,16.50,15.85,28609,46529071.00,4.08,2.70,0.43,1.76
2021-06-15,16.55,15.98,16.55,15.78,30696,49056243.00,4.71,-2.32,-0.38,1.89
2021-06-16,15.98,15.79,16.08,15.75,18418,29269291.00,2.07,-1.19,-0.19,1.14
2021-06-17,15.80,15.85,15.98,15.70,14743,23318232.00,1.77,0.38,0.06,0.91
2021-06-18,16.21,16.88,17.12,15.83,57049,94945448.00,8.14,6.50,1.03,3.52
2021-06-21,16.88,17.50,17.69,16.60,63991,110699486.00,6.46,3.67,0.62,3.95
2021-06-22,17.69,17.55,17.88,17.26,38101,66756424.00,3.54,0.29,0.05,2.35
2021-06-23,17.70,17.13,17.70,16.97,40179,69236009.00,4.16,-2.39,-0.42,2.48
2021-06-24,18.78,18.84,18.84,17.00,130204,238275525.00,10.74,9.98,1.71,8.03
2021-06-25,19.00,18.33,19.24,17.98,129708,240489525.00,6.69,-2.71,-0.51,8.00
2021-06-28,18.34,17.82,18.37,17.50,61217,109031705.00,4.75,-2.78,-0.51,3.78
2021-06-29,17.82,18.07,18.10,17.65,39104,69769614.00,2.53,1.40,0.25,2.41
2021-06-30,18.00,17.90,18.26,17.40,32964,58581594.00,4.76,-0.94,-0.17,2.03
2021-07-01,17.72,17.96,18.49,17.51,41324,74683172.00,5.47,0.34,0.06,2.55
2021-07-02,18.00,18.18,18.46,17.86,27277,49473773.00,3.34,1.22,0.22,1.68
2021-07-05,18.26,18.10,18.44,17.88,28732,51964360.00,3.08,-0.44,-0.08,1.77
2021-07-06,18.20,18.24,18.34,17.92,39567,71703222.00,2.32,0.77,0.14,2.44
2021-07-07,18.25,18.15,18.30,17.98,23806,43054593.00,1.75,-0.49,-0.09,1.47
2021-07-08,18.25,18.42,18.58,17.99,35122,64141972.00,3.25,1.49,0.27,2.17
2021-07-09,18.55,18.94,19.38,18.18,66356,125155680.00,6.51,2.82,0.52,4.09
2021-07-12,18.98,18.88,19.11,18.28,61681,114893056.00,4.38,-0.32,-0.06,3.80
2021-07-13,18.80,19.25,19.25,18.61,45158,86066248.00,3.39,1.96,0.37,2.79
2021-07-14,19.24,19.55,20.08,19.24,61818,121499715.00,4.36,1.56,0.30,3.81
2021-07-15,19.00,18.87,19.49,18.65,51125,96608082.00,4.30,-3.48,-0.68,3.15
2021-07-16,19.09,20.17,20.75,18.97,124177,248538698.00,9.43,6.89,1.30,7.66
