2017-01-26,25.33,25.33,25.33,25.33,24,60792.00,0.00,9.99,2.30,0.01
2017-02-03,27.86,27.86,27.86,27.86,86,238258.00,0.00,9.99,2.53,0.04
2017-02-06,30.65,30.65,30.65,30.65,127,389408.00,0.00,10.01,2.79,0.05
2017-02-07,33.72,33.72,33.72,33.72,140,471506.00,0.00,10.02,3.07,0.06
2017-02-08,37.09,37.09,37.09,37.09,192,710681.00,0.00,9.99,3.37,0.08
2017-02-09,40.80,40.80,40.80,40.80,263,1074876.00,0.00,10.00,3.71,0.11
2017-02-10,44.88,44.88,44.88,44.88,385,1726533.00,0.00,10.00,4.08,0.16
2017-02-13,49.37,49.37,49.37,49.37,1435,7083558.00,0.00,10.00,4.49,0.60
2017-02-14,54.31,54.31,54.31,54.31,1182,6419387.00,0.00,10.01,4.94,0.49
2017-02-15,59.74,59.74,59.74,59.74,907,5419851.00,0.00,10.00,5.43,0.38
2017-02-16,65.50,65.71,65.71,63.98,63921,417851760.00,2.90,9.99,5.97,26.63
2017-02-17,65.70,59.14,65.70,59.14,125962,778977456.00,9.98,-10.00,-6.57,52.48
2017-02-20,56.51,53.26,57.00,53.23,86508,468850992.00,6.37,-9.94,-5.88,36.05
2017-02-21,53.10,54.11,55.55,52.78,60394,327524848.00,5.20,1.60,0.85,25.16
2017-02-22,54.07,54.30,55.05,52.79,48575,262082189.00,4.18,0.35,0.19,20.24
2017-02-23,54.00,57.02,57.47,53.70,73359,411109088.00,6.94,5.01,2.72,30.57
2017-02-24,56.60,56.89,58.49,55.62,58360,332035648.00,5.03,-0.23,-0.13,24.32
2017-02-27,57.72,56.49,58.00,56.06,36803,209762817.00,3.41,-0.70,-0.40,15.33
2017-02-28,56.08,58.50,58.86,56.02,55330,319588256.00,5.03,3.56,2.01,23.05
2017-03-01,58.87,56.35,59.59,56.31,60219,346627616.00,5.61,-3.68,-2.15,25.09
2017-03-02,56.15,56.72,57.75,55.50,39536,224579954.00,3.99,0.66,0.37,16.47
2017-03-03,56.09,57.35,57.59,55.66,33177,189012159.00,3.40,1.11,0.63,13.82
2017-03-06,57.29,58.30,58.97,57.29,46990,273499760.00,2.93,1.66,0.95,19.58
2017-03-07,58.00,59.36,59.89,58.00,45606,269231136.00,3.24,1.82,1.06,19.00
2017-03-08,59.00,61.15,61.39,58.70,54128,324892864.00,4.53,3.02,1.79,22.55
2017-03-09,60.82,57.99,60.85,57.88,49449,291359840.00,4.86,-5.17,-3.16,20.60
2017-03-10,57.70,57.20,58.63,57.11,30356,175196027.00,2.62,-1.36,-0.79,12.65
2017-03-13,56.96,57.98,58.06,55.60,30930,175906064.00,4.30,1.36,0.78,12.89
2017-03-14,58.04,58.42,59.34,57.72,37957,222722895.00,2.79,0.76,0.44,15.82
2017-03-15,58.10,58.44,58.88,57.08,28836,167563878.00,3.08,0.03,0.02,12.02
2017-03-16,58.60,60.55,61.28,58.60,56283,339744736.00,4.59,3.61,2.11,23.45
2017-03-17,60.03,58.80,61.50,58.80,53982,324379856.00,4.46,-2.89,-1.75,22.49
2017-03-20,58.61,61.85,61.99,58.30,53647,325058736.00,6.28,5.19,3.05,22.35
2017-03-21,61.69,62.71,63.13,60.81,52815,327819232.00,3.75,1.39,0.86,22.01
2017-03-22,61.88,63.89,63.98,61.15,50689,317337312.00,4.51,1.88,1.18,21.12
2017-03-23,63.91,61.98,64.74,60.00,50863,317342288.00,7.42,-2.99,-1.91,21.19
2017-03-24,68.18,68.18,68.18,68.18,11578,78939076.00,0.00,10.00,6.20,4.82
2017-03-27,75.00,75.00,75.00,75.00,3125,23438175.00,0.00,10.00,6.82,1.30
2017-03-28,82.50,82.50,82.50,82.25,100163,826340416.00,0.33,10.00,7.50,41.73
2017-03-29,83.51,81.14,85.70,80.00,118356,981476528.00,6.91,-1.65,-1.36,49.31
2017-03-30,81.09,82.58,83.93,79.23,71070,581131968.00,5.79,1.77,1.44,29.61
2017-03-31,80.01,74.32,80.40,74.32,63056,475176272.00,7.36,-10.00,-8.26,26.27
2017-04-05,71.90,73.01,74.27,68.59,52162,375200544.00,7.64,-1.76,-1.31,21.73
2017-04-06,72.70,71.68,75.33,71.53,49079,361596720.00,5.20,-1.82,-1.33,20.45
2017-04-07,71.70,71.96,74.38,71.39,35815,259883170.00,4.17,0.39,0.28,14.92
2017-04-10,69.50,66.20,71.00,66.06,47090,322566304.00,6.86,-8.00,-5.76,19.62
2017-04-11,65.85,69.90,70.69,65.53,44638,303283776.00,7.79,5.59,3.70,18.60
2017-04-12,69.23,69.61,71.79,69.00,36620,258006871.00,3.99,-0.41,-0.29,15.26
2017-04-13,69.00,67.69,71.18,67.11,32533,225044848.00,5.85,-2.76,-1.92,13.56
2017-04-14,67.30,67.19,69.29,66.51,21062,143141585.00,4.11,-0.74,-0.50,8.78
2017-04-17,63.13,60.63,64.00,60.60,36060,224712374.00,5.06,-9.76,-6.56,15.02
2017-04-18,61.29,60.85,61.98,59.60,19094,116370969.00,3.93,0.36,0.22,7.96
2017-04-19,60.70,63.00,63.30,60.70,27549,171417215.00,4.27,3.53,2.15,11.48
2017-04-20,62.50,60.35,63.56,58.00,35370,215965594.00,8.83,-4.21,-2.65,14.74
2017-04-21,60.43,61.61,61.98,60.31,17390,106372478.00,2.77,2.09,1.26,7.25
2017-04-24,61.66,63.10,63.45,61.00,24604,154235184.00,3.98,2.42,1.49,10.25
2017-04-25,63.60,65.35,65.60,62.92,30089,193140736.00,4.25,3.57,2.25,12.54
2017-04-26,63.02,67.05,67.09,63.00,30175,196829989.00,6.26,2.60,1.70,12.57
2017-04-27,65.98,68.20,68.97,64.00,40755,271274176.00,7.41,1.72,1.15,16.98
2017-04-28,67.50,66.70,67.98,66.60,27398,183916932.00,2.02,-2.20,-1.50,11.42
2017-05-02,66.61,67.04,67.97,66.40,21260,142720966.00,2.35,0.51,0.34,8.86
2017-05-03,66.93,69.97,70.38,66.63,37085,254783546.00,5.59,4.37,2.93,15.45
2017-05-04,69.39,68.58,71.18,68.58,29550,206155519.00,3.72,-1.99,-1.39,12.31
2017-05-05,68.01,67.80,69.96,67.06,22022,150545238.00,4.23,-1.14,-0.78,9.18
2017-05-08,67.09,68.41,70.96,67.09,25086,173363682.00,5.71,0.90,0.61,10.45
2017-05-09,68.29,72.29,73.50,68.01,35476,251857466.00,8.03,5.67,3.88,14.78
2017-05-10,72.65,70.81,73.95,70.71,35999,260504865.00,4.48,-2.05,-1.48,15.00
2017-05-11,70.50,75.15,75.87,70.30,46925,343544400.00,7.87,6.13,4.34,19.55
2017-05-12,74.62,75.85,75.90,74.04,33421,250434720.00,2.48,0.93,0.70,13.93
2017-05-15,75.30,75.30,76.45,74.31,23011,172618210.00,2.82,-0.73,-0.55,9.59
2017-05-16,74.60,75.51,76.90,73.05,32093,241237980.00,5.11,0.28,0.21,13.37
2017-05-17,75.50,73.00,76.71,72.72,33626,251709778.00,5.28,-3.32,-2.51,14.01
2017-05-18,72.36,71.73,74.73,71.50,23770,173416038.00,4.42,-1.74,-1.27,9.90
2017-05-19,71.83,68.54,72.80,68.35,29877,210127670.00,6.20,-4.45,-3.19,12.45
2017-05-22,68.05,62.30,68.96,61.98,32878,215800395.00,10.18,-9.10,-6.24,13.70
2017-05-23,62.02,60.02,62.89,58.00,38745,233632993.00,7.85,-3.66,-2.28,16.14
2017-05-24,59.22,60.99,62.69,59.22,31753,193932223.00,5.78,1.62,0.97,13.23
2017-05-25,61.12,60.21,61.38,57.02,35576,210176025.00,7.15,-1.28,-0.78,14.82
2017-05-26,60.26,61.20,61.86,59.70,23536,143251241.00,3.59,1.64,0.99,9.81
2017-05-31,63.00,61.40,64.66,61.23,30733,194425375.00,5.60,0.33,0.20,12.81
2017-06-01,61.00,58.55,61.39,58.10,23761,142465539.00,5.36,-4.64,-2.85,9.90
2017-06-02,58.01,61.97,62.38,58.00,25214,152388566.00,7.48,5.84,3.42,10.51
2017-06-05,62.80,64.95,66.96,62.80,35781,232423746.00,6.71,4.81,2.98,14.91
2017-06-06,64.50,65.49,65.98,64.12,21708,141116442.00,2.86,0.83,0.54,9.05
2017-06-07,65.50,70.23,71.38,65.27,42370,292952336.00,9.33,7.24,4.74,17.65
2017-06-08,69.76,70.23,70.79,69.08,28016,195943949.00,2.43,0.00,0.00,11.67
2017-06-09,69.82,70.75,71.18,69.41,23599,166148934.00,2.52,0.74,0.52,9.83
2017-06-12,69.31,72.19,73.70,68.00,45618,324465296.00,8.06,2.04,1.44,19.01
2017-06-13,71.12,73.89,74.88,71.10,33064,241660606.00,5.24,2.35,1.70,13.78
2017-06-14,73.88,72.94,75.78,71.90,35863,263550803.00,5.25,-1.29,-0.95,14.94
2017-06-15,73.03,71.18,73.89,71.10,31158,226012736.00,3.83,-2.41,-1.76,12.98
2017-06-16,71.00,72.60,73.80,70.06,42059,303059440.00,5.25,1.99,1.42,17.52
2017-06-19,72.20,69.75,72.40,69.00,35267,248499583.00,4.68,-3.93,-2.85,14.69
2017-06-20,70.00,69.80,71.25,69.65,25659,180387628.00,2.29,0.07,0.05,10.69
2017-06-21,70.00,71.20,71.53,68.64,33570,236287860.00,4.14,2.01,1.40,13.99
2017-06-22,70.65,70.69,72.48,69.68,38667,274793568.00,3.93,-0.72,-0.51,16.11
2017-06-23,70.55,65.13,71.99,63.62,69775,464898272.00,11.84,-7.87,-5.56,29.07
2017-06-26,64.01,65.10,65.50,62.30,31551,202986610.00,4.91,-0.05,-0.03,13.15
2017-06-27,65.14,65.60,67.58,65.14,27392,181509161.00,3.75,0.77,0.50,11.41
2017-06-28,65.03,64.03,65.50,63.60,21358,137575603.00,2.90,-2.39,-1.57,8.90
2017-06-29,63.90,65.94,66.36,63.71,22178,145240229.00,4.14,2.98,1.91,9.24
2017-06-30,66.66,71.80,72.38,66.10,50509,352004960.00,9.52,8.89,5.86,21.05
2017-07-03,71.55,72.85,73.85,70.81,43840,316228064.00,4.23,1.46,1.05,18.27
2017-07-04,72.64,72.95,73.58,71.71,33371,242134490.00,2.57,0.14,0.10,13.90
2017-07-05,72.80,73.00,74.47,72.08,38741,283246800.00,3.28,0.07,0.05,16.14
2017-07-06,72.66,71.68,74.60,70.45,59909,432249248.00,5.68,-1.81,-1.32,24.96
2017-07-07,74.99,74.95,78.58,74.10,80800,614338064.00,6.25,4.56,3.27,33.67
2017-07-10,74.00,69.98,74.50,69.50,57471,413270720.00,6.67,-6.63,-4.97,23.95
2017-07-11,70.20,68.03,70.97,67.15,31174,215334278.00,5.46,-2.79,-1.95,12.99
2017-07-12,68.10,70.93,70.98,67.25,32743,226826307.00,5.48,4.26,2.90,13.64
2017-07-13,70.62,69.44,70.90,68.71,26620,185154064.00,3.09,-2.10,-1.49,11.09
2017-07-14,69.20,69.60,71.28,68.80,26276,184188473.00,3.57,0.23,0.16,10.95
2017-07-17,67.20,62.64,67.20,62.64,43104,272732768.00,6.55,-10.00,-6.96,17.96
2017-07-18,61.65,63.12,63.98,60.60,28508,178012522.00,5.40,0.77,0.48,11.88
2017-07-19,62.95,63.70,63.94,62.10,22536,142265821.00,2.92,0.92,0.58,9.39
2017-07-20,63.30,61.90,65.35,61.90,33481,212842713.00,5.42,-2.83,-1.80,13.95
2017-07-21,61.20,62.47,63.20,60.03,20658,128365982.00,5.12,0.92,0.57,8.61
2017-07-24,60.63,64.26,64.30,60.58,27238,170689850.00,5.95,2.87,1.79,11.35
2017-07-25,64.20,63.66,64.75,63.10,16982,108617354.00,2.57,-0.93,-0.60,7.08
2017-07-26,63.36,62.98,64.25,62.59,16046,101379629.00,2.61,-1.07,-0.68,6.69
2017-07-27,62.98,66.22,66.36,62.39,32061,208640046.00,6.30,5.14,3.24,13.36
2017-07-28,65.70,63.89,65.90,63.88,24855,160789338.00,3.05,-3.52,-2.33,10.36
2017-07-31,64.09,62.54,64.49,62.33,20740,131259424.00,3.38,-2.11,-1.35,8.64
2017-08-01,62.35,62.92,63.50,62.35,13504,84802329.00,1.84,0.61,0.38,5.63
2017-08-02,62.99,60.66,63.11,60.66,24261,148908797.00,3.89,-3.59,-2.26,10.11
2017-08-03,60.48,59.80,61.85,59.67,16732,101762199.00,3.59,-1.42,-0.86,6.97
2017-08-04,59.52,59.20,60.00,58.55,16869,99622451.00,2.42,-1.00,-0.60,7.03
2017-08-07,59.99,60.09,60.68,59.51,11438,68867379.00,1.98,1.50,0.89,4.77
2017-08-08,59.69,60.19,60.40,59.53,10729,64331146.00,1.45,0.17,0.10,4.47
2017-08-09,60.21,60.10,60.49,59.89,6898,41457607.00,1.00,-0.15,-0.09,2.87
2017-08-10,59.91,58.40,60.29,58.01,14099,83218341.00,3.79,-2.83,-1.70,5.87
2017-08-11,57.80,58.35,59.48,57.60,10360,60821164.00,3.22,-0.09,-0.05,4.32
2017-08-14,58.40,60.91,60.96,58.40,14842,89296844.00,4.39,4.39,2.56,6.18
2017-08-15,61.58,61.45,63.49,60.95,16544,102556388.00,4.17,0.89,0.54,6.89
2017-08-16,61.68,62.25,62.70,60.84,14447,89464402.00,3.03,1.30,0.80,6.02
2017-08-17,61.98,62.30,62.80,61.45,12975,80549904.00,2.17,0.08,0.05,5.41
2017-08-18,61.96,60.91,61.96,60.73,9034,55374471.00,1.97,-2.23,-1.39,3.76
2017-08-21,60.95,61.73,62.10,60.60,9593,58895689.00,2.46,1.35,0.82,4.00
2017-08-22,61.41,62.65,62.70,61.41,12850,79999892.00,2.09,1.49,0.92,5.35
2017-08-23,62.29,62.37,63.46,62.09,14455,91057401.00,2.19,-0.45,-0.28,6.02
2017-08-24,62.30,60.07,62.39,60.01,16904,103288549.00,3.82,-3.69,-2.30,7.04
2017-08-25,60.41,62.03,62.15,60.02,13087,80284195.00,3.55,3.26,1.96,5.45
2017-08-28,61.89,65.60,65.86,61.89,27794,178970460.00,6.40,5.76,3.57,11.58
2017-08-29,65.75,67.08,68.08,64.65,35362,235319285.00,5.23,2.26,1.48,14.73
2017-08-30,66.80,69.20,69.20,66.21,28642,194930613.00,4.46,3.16,2.12,11.93
2017-08-31,76.12,76.12,76.12,76.12,14937,113703108.00,0.00,10.00,6.92,6.22
2017-09-01,83.73,83.73,83.73,80.70,125832,1043528912.00,3.98,10.00,7.61,52.43
2017-09-04,81.00,82.16,84.22,79.01,85137,698908768.00,6.22,-1.88,-1.57,35.47
2017-09-05,82.45,82.05,84.95,79.60,83415,689326272.00,6.51,-0.13,-0.11,34.76
2017-09-06,82.00,81.55,84.52,81.20,68222,564715856.00,4.05,-0.61,-0.50,28.43
2017-09-07,80.50,84.38,89.71,79.38,94368,803679888.00,12.67,3.47,2.83,39.32
2017-09-08,82.99,85.86,85.86,82.00,58907,493605520.00,4.57,1.75,1.48,24.54
2017-09-11,87.00,94.45,94.45,86.00,80234,738314128.00,9.84,10.00,8.59,33.43
2017-09-12,90.00,87.00,91.88,86.90,73910,659206624.00,5.27,-7.89,-7.45,30.80
2017-09-13,88.10,88.60,89.43,86.14,35971,316190592.00,3.78,1.84,1.60,14.99
2017-09-14,88.34,87.12,88.39,86.00,33502,292734400.00,2.70,-1.67,-1.48,13.96
2017-09-15,86.50,82.66,88.66,81.67,42471,363575248.00,8.02,-5.12,-4.46,17.70
2017-09-18,82.50,85.00,85.12,82.10,26591,223407070.00,3.65,2.83,2.34,11.08
2017-09-19,85.00,85.60,86.39,83.46,28507,241958831.00,3.45,0.71,0.60,11.88
2017-09-20,85.00,85.25,85.47,82.36,30110,253493997.00,3.63,-0.41,-0.35,12.55
2017-09-21,85.25,85.89,88.80,84.55,34559,300545600.00,4.99,0.75,0.64,14.40
2017-09-22,85.80,85.73,85.80,81.88,26789,225407776.00,4.56,-0.19,-0.16,11.16
2017-09-25,85.78,84.50,89.88,83.10,48267,419837728.00,7.91,-1.43,-1.23,20.11
2017-09-26,84.08,77.59,85.30,76.60,49298,394426080.00,10.30,-8.18,-6.91,20.54
2017-09-27,77.91,80.42,80.98,77.04,31542,249405421.00,5.08,3.65,2.83,13.14
2017-09-28,79.50,77.37,80.97,77.00,39280,309842352.00,4.94,-3.79,-3.05,16.37
2017-09-29,38.60,39.34,39.70,37.50,70615,273578832.00,2.84,-49.15,-38.03,14.71
2017-10-09,40.20,39.86,40.66,39.03,69974,279241088.00,4.14,1.32,0.52,14.58
2017-10-10,38.51,40.80,40.96,38.51,88122,351235776.00,6.15,2.36,0.94,18.36
2017-10-11,40.50,38.10,40.68,38.08,84098,331324944.00,6.37,-6.62,-2.70,17.52
2017-10-12,37.40,38.63,38.65,37.10,54206,204411633.00,4.07,1.39,0.53,11.29
2017-10-13,38.88,40.74,42.49,38.70,159415,660025552.00,9.81,5.46,2.11,33.21
2017-10-16,40.00,38.13,40.07,38.00,105223,411101728.00,5.08,-6.41,-2.61,21.92
2017-10-17,37.78,41.94,41.94,37.78,182599,747251408.00,10.91,9.99,3.81,38.04
2017-10-18,42.64,41.08,43.17,40.55,157916,662456496.00,6.25,-2.05,-0.86,32.90
2017-10-19,41.23,42.16,44.19,40.03,157263,663562240.00,10.13,2.63,1.08,32.76
2017-10-20,42.10,41.80,42.98,40.81,112433,468898704.00,5.15,-0.85,-0.36,23.42
2017-10-23,41.11,43.52,43.52,40.90,111873,473836672.00,6.27,4.11,1.72,23.31
2017-10-24,41.20,39.34,41.53,39.17,148096,590515088.00,5.42,-9.60,-4.18,30.85
2017-10-25,38.95,39.93,39.97,38.50,79592,313623248.00,3.74,1.50,0.59,16.58
2017-10-26,39.78,40.60,41.02,38.80,108491,432347952.00,5.56,1.68,0.67,22.60
2017-10-27,40.89,42.60,44.66,40.89,203926,883518192.00,9.29,4.93,2.00,42.48
2017-10-30,44.70,43.60,46.86,43.20,251079,1129103584.00,8.59,2.35,1.00,52.31
2017-10-31,41.00,41.65,41.97,39.55,166083,677538720.00,5.55,-4.47,-1.95,34.60
2017-11-01,42.00,42.97,43.46,41.04,142687,608884256.00,5.81,3.17,1.32,29.73
2017-11-02,42.70,43.45,43.67,41.58,139104,596918304.00,4.86,1.12,0.48,28.98
2017-11-03,42.68,42.11,43.56,41.81,89365,380188112.00,4.03,-3.08,-1.34,18.62
2017-11-06,42.10,43.02,43.18,41.27,76910,326256208.00,4.54,2.16,0.91,16.02
2017-11-07,42.64,42.00,43.18,41.50,87454,367563712.00,3.91,-2.37,-1.02,18.22
2017-11-08,42.30,42.70,43.59,41.68,108131,460573248.00,4.55,1.67,0.70,22.53
2017-11-09,42.36,40.97,42.36,40.50,101345,417708400.00,4.36,-4.05,-1.73,21.11
2017-11-10,40.70,40.56,41.44,40.06,69131,281542288.00,3.37,-1.00,-0.41,14.40
2017-11-13,40.08,40.34,41.10,40.08,49867,202563961.00,2.51,-0.54,-0.22,10.39
2017-11-14,40.56,38.34,40.61,37.61,91129,355323648.00,7.44,-4.96,-2.00,18.99
2017-11-15,38.30,36.52,38.30,36.16,66293,245781776.00,5.58,-4.75,-1.82,13.81
2017-11-16,36.52,36.70,37.92,36.35,46701,173180976.00,4.30,0.49,0.18,9.73
2017-11-17,36.01,33.77,37.00,33.05,53005,185196016.00,10.76,-7.98,-2.93,11.04
2017-11-20,34.20,34.58,34.58,33.00,30670,103973795.00,4.68,2.40,0.81,6.39
2017-11-21,34.12,33.93,35.00,33.20,34494,117553483.00,5.21,-1.88,-0.65,7.19
2017-11-22,33.60,33.38,34.12,33.02,29966,100612950.00,3.24,-1.62,-0.55,6.24
2017-11-23,33.38,31.10,33.68,30.70,44024,140635149.00,8.93,-6.83,-2.28,9.17
2017-11-24,31.02,30.90,31.88,30.67,29584,92250375.00,3.89,-0.64,-0.20,6.16
2017-11-27,31.05,30.20,31.25,29.89,22716,69254067.00,4.40,-2.27,-0.70,4.73
2017-11-28,30.23,30.97,31.10,30.23,26927,82903370.00,2.88,2.55,0.77,5.61
2017-11-29,30.90,30.51,31.22,30.10,23353,71360942.00,3.62,-1.49,-0.46,4.87
2017-11-30,30.48,30.47,30.92,30.22,19613,60054136.00,2.29,-0.13,-0.04,4.09
2017-12-01,30.56,31.04,31.14,30.56,25096,77532098.00,1.90,1.87,0.57,5.23
2017-12-04,30.65,29.04,30.80,29.02,32551,96909021.00,5.73,-6.44,-2.00,6.78
2017-12-05,29.10,26.98,29.12,26.55,40761,112884906.00,8.85,-7.09,-2.06,8.49
2017-12-06,26.99,27.75,27.77,26.90,29097,79785017.00,3.22,2.85,0.77,6.06
2017-12-07,27.75,27.80,28.18,27.52,23146,64520606.00,2.38,0.18,0.05,4.82
2017-12-08,28.08,30.58,30.58,28.08,65335,196682760.00,8.99,10.00,2.78,13.61
2017-12-11,30.58,30.47,30.65,29.62,48566,147045717.00,3.37,-0.36,-0.11,10.12
2017-12-12,29.94,30.25,30.99,29.56,53442,162149116.00,4.69,-0.72,-0.22,11.13
2017-12-13,30.00,30.40,30.46,29.82,29041,87707462.00,2.12,0.50,0.15,6.05
2017-12-14,30.16,29.85,30.32,29.51,25965,77409281.00,2.66,-1.81,-0.55,5.41
2017-12-15,29.85,28.73,30.13,28.60,29299,85419970.00,5.13,-3.75,-1.12,6.10
2017-12-18,28.76,29.29,29.98,28.76,27791,81876344.00,4.25,1.95,0.56,5.79
2017-12-19,29.32,29.50,29.68,28.60,23618,69085305.00,3.69,0.72,0.21,4.92
2017-12-20,29.70,28.98,29.79,28.52,21215,61718800.00,4.31,-1.76,-0.52,4.42
2017-12-21,29.09,29.09,29.38,27.90,29383,84658724.00,5.11,0.38,0.11,6.12
2017-12-22,29.30,28.97,29.75,28.85,23526,68872675.00,3.09,-0.41,-0.12,4.90
2017-12-25,28.50,27.75,28.87,27.42,29309,81725638.00,5.01,-4.21,-1.22,6.11
2017-12-26,27.75,28.31,28.43,27.60,24006,67536984.00,2.99,2.02,0.56,5.00
2017-12-27,28.02,28.58,29.30,27.88,38574,111332580.00,5.02,0.95,0.27,8.04
2017-12-28,28.41,29.00,29.80,27.80,37592,109098601.00,7.00,1.47,0.42,7.83
2017-12-29,29.04,28.41,29.50,28.40,27749,79721776.00,3.79,-2.03,-0.59,5.78
2018-01-02,28.75,28.38,28.90,28.09,20242,57578219.00,2.85,-0.11,-0.03,4.22
2018-01-03,28.13,28.60,28.60,27.88,29502,83449328.00,2.54,0.78,0.22,6.15
2018-01-04,28.71,28.16,28.85,27.92,27353,77445664.00,3.25,-1.54,-0.44,5.70
2018-01-05,28.04,27.78,28.28,27.70,20896,58265797.00,2.06,-1.35,-0.38,4.35
2018-01-08,27.90,27.34,27.99,27.05,23150,63126207.00,3.38,-1.58,-0.44,4.82
2018-01-09,27.45,27.80,27.86,27.26,20013,55245322.00,2.19,1.68,0.46,4.17
2018-01-10,27.69,26.92,27.69,26.58,26788,72331917.00,3.99,-3.17,-0.88,5.58
2018-01-11,26.82,27.20,27.36,26.10,22232,59943727.00,4.68,1.04,0.28,4.63
2018-01-12,27.08,26.64,27.19,26.54,15656,42008099.00,2.39,-2.06,-0.56,3.26
2018-01-15,26.57,24.87,26.70,24.45,38608,97988430.00,8.45,-6.64,-1.77,8.04
2018-01-16,25.00,24.87,25.48,24.72,21548,54078502.00,3.06,0.00,0.00,4.49
2018-01-17,24.87,25.18,25.48,24.12,29274,72891141.00,5.47,1.25,0.31,6.10
2018-01-18,25.18,26.23,26.41,24.82,42634,109817615.00,6.31,4.17,1.05,8.88
2018-01-19,26.11,25.80,26.37,25.50,32371,84060897.00,3.32,-1.64,-0.43,6.74
2018-01-22,25.40,25.56,25.99,24.95,24864,63208363.00,4.03,-0.93,-0.24,5.18
2018-01-23,25.50,26.31,27.50,25.47,42175,112357631.00,7.94,2.93,0.75,8.79
2018-01-24,25.96,26.00,26.20,25.15,33454,86354122.00,3.99,-1.18,-0.31,6.97
2018-01-25,26.00,25.55,26.38,25.55,23296,60434717.00,3.19,-1.73,-0.45,3.73
2018-01-26,25.52,25.25,25.80,25.15,18606,47306174.00,2.54,-1.17,-0.30,2.98
2018-01-29,25.37,24.87,25.39,24.51,15771,39225941.00,3.49,-1.50,-0.38,2.53
2018-01-30,24.97,25.01,25.18,24.75,10577,26368232.00,1.73,0.56,0.14,1.69
2018-01-31,24.82,23.91,25.02,23.88,21134,51367783.00,4.56,-4.40,-1.10,3.39
2018-02-01,24.00,22.49,24.09,22.35,22901,52791055.00,7.28,-5.94,-1.42,3.67
2018-02-02,22.18,21.59,22.55,21.21,20672,45278490.00,5.96,-4.00,-0.90,3.31
2018-02-05,21.40,21.13,21.40,20.80,16493,34843743.00,2.78,-2.13,-0.46,2.64
2018-02-06,20.69,19.02,20.69,19.02,29999,59565615.00,7.90,-9.99,-2.11,4.81
2018-02-07,19.53,19.00,19.65,18.38,23037,44095000.00,6.68,-0.11,-0.02,3.69
2018-02-08,18.93,19.85,19.87,18.80,24290,47621363.00,5.63,4.47,0.85,3.89
2018-02-09,19.35,19.03,19.78,18.50,19790,37925704.00,6.45,-4.13,-0.82,3.17
2018-02-12,19.23,19.93,20.20,19.23,20158,39901515.00,5.10,4.73,0.90,3.23
2018-02-13,20.10,20.11,20.64,19.98,23085,46893991.00,3.31,0.90,0.18,3.70
2018-02-14,19.90,19.95,20.24,19.71,13589,27036871.00,2.64,-0.80,-0.16,2.18
2018-02-22,20.10,20.32,20.48,19.90,14647,29674586.00,2.91,1.85,0.37,2.35
2018-02-23,20.29,20.48,20.53,20.12,11619,23735451.00,2.02,0.79,0.16,1.86
2018-02-26,20.80,21.69,21.90,20.55,26748,57098722.00,6.59,5.91,1.21,4.29
2018-02-27,21.68,21.47,21.75,21.24,22490,48353178.00,2.35,-1.01,-0.22,3.60
2018-02-28,21.23,21.65,21.70,21.00,22310,47750295.00,3.26,0.84,0.18,3.58
2018-03-01,21.40,21.90,22.05,21.12,31152,67145130.00,4.30,1.15,0.25,4.99
2018-03-02,21.52,21.34,21.96,21.33,18089,39067648.00,2.88,-2.56,-0.56,2.90
2018-03-05,21.30,22.70,22.70,21.10,32098,70758603.00,7.50,6.37,1.36,5.14
2018-03-06,22.72,22.45,22.84,22.30,34473,77554082.00,2.38,-1.10,-0.25,5.52
2018-03-07,22.60,22.26,22.60,22.22,18388,41143089.00,1.69,-0.85,-0.19,2.95
2018-03-08,22.30,22.64,22.69,22.21,23404,52498858.00,2.16,1.71,0.38,3.75
2018-03-09,22.64,23.27,24.40,22.51,40742,95308834.00,8.35,2.78,0.63,6.53
2018-03-12,23.23,23.90,24.19,23.23,42706,102018897.00,4.13,2.71,0.63,6.84
2018-03-13,23.92,23.53,24.25,23.23,28950,68389915.00,4.27,-1.55,-0.37,4.64
2018-03-14,23.25,23.81,24.37,23.06,32118,76169260.00,5.57,1.19,0.28,5.15
2018-03-15,23.39,22.71,23.65,21.81,34920,79529072.00,7.73,-4.62,-1.10,5.60
2018-03-16,22.78,22.70,23.28,22.52,17806,40734651.00,3.35,-0.04,-0.01,2.85
2018-03-19,22.58,22.62,22.97,22.20,15179,34496812.00,3.39,-0.35,-0.08,2.43
2018-03-20,22.26,23.09,23.20,22.20,22982,52259053.00,4.42,2.08,0.47,3.68
2018-03-21,23.10,22.81,23.59,22.66,25747,59801180.00,4.03,-1.21,-0.28,4.13
2018-03-22,22.65,22.80,23.07,22.41,16495,37521814.00,2.89,-0.04,-0.01,2.64
2018-03-23,21.60,20.52,21.91,20.52,30530,64675895.00,6.10,-10.00,-2.28,4.89
2018-03-26,19.07,20.20,20.25,19.07,22240,44003410.00,5.75,-1.56,-0.32,3.56
2018-03-27,20.58,20.81,21.19,20.55,24740,51529802.00,3.17,3.02,0.61,3.96
2018-03-28,20.80,20.99,21.20,20.30,27747,57836121.00,4.32,0.86,0.18,4.45
2018-03-29,21.28,21.07,21.60,21.04,22949,48756274.00,2.67,0.38,0.08,3.68
2018-03-30,21.07,23.18,23.18,21.07,46901,104757081.00,10.01,10.01,2.11,7.52
2018-04-02,23.64,24.31,25.50,23.28,131833,321732992.00,9.58,4.87,1.13,21.13
2018-04-03,23.35,23.60,24.20,23.35,66728,157922380.00,3.50,-2.92,-0.71,10.69
2018-04-04,23.64,22.99,23.98,22.99,45119,105608241.00,4.19,-2.58,-0.61,7.23
2018-04-09,22.88,23.05,23.28,22.32,34189,77880848.00,4.18,0.26,0.06,5.48
2018-04-10,23.05,22.39,23.17,22.01,33954,76474269.00,5.03,-2.86,-0.66,5.44
2018-04-11,22.49,22.83,23.06,22.49,29051,66155713.00,2.55,1.97,0.44,4.66
2018-04-12,22.85,22.75,23.48,22.56,36368,83711671.00,4.03,-0.35,-0.08,5.83
2018-04-13,23.18,23.04,23.28,22.89,30024,69286011.00,1.71,1.27,0.29,4.81
2018-04-16,23.05,21.77,23.05,21.70,33572,74835667.00,5.86,-5.51,-1.27,5.38
2018-04-17,21.81,21.20,22.45,21.10,30900,67267634.00,6.20,-2.62,-0.57,4.95
2018-04-18,21.50,21.60,21.65,20.19,33324,69703154.00,6.89,1.89,0.40,5.34
2018-04-19,21.54,22.82,23.76,21.30,60159,136352459.00,11.39,5.65,1.22,9.64
2018-04-20,22.00,21.87,22.94,21.70,38526,85989895.00,5.43,-4.16,-0.95,6.17
2018-04-23,21.75,21.22,22.18,20.79,28659,61130632.00,6.36,-2.97,-0.65,4.59
2018-04-24,21.06,22.08,22.25,21.06,28891,62867969.00,5.61,4.05,0.86,4.63
2018-04-25,21.89,22.93,24.24,21.71,70668,163267030.00,11.46,3.85,0.85,11.32
2018-04-26,22.79,22.82,23.69,22.60,58045,134339084.00,4.75,-0.48,-0.11,9.30
2018-04-27,23.41,22.85,24.50,22.69,66450,156793475.00,7.93,0.13,0.03,10.65
2018-05-02,23.06,23.15,23.88,22.88,43669,101545522.00,4.38,1.31,0.30,7.00
2018-05-03,22.75,23.30,23.32,21.12,54011,121508389.00,9.50,0.65,0.15,8.66
2018-05-04,23.39,24.77,25.60,23.16,125159,308926528.00,10.47,6.31,1.47,20.06
2018-05-07,24.24,25.35,25.38,23.90,102853,255178081.00,5.97,2.34,0.58,16.48
2018-05-08,25.36,25.59,27.18,25.25,123462,321150896.00,7.61,0.95,0.24,19.79
2018-05-09,26.00,26.44,26.44,25.05,88943,230072992.00,5.43,3.32,0.85,14.25
2018-05-10,26.45,26.46,26.65,25.80,75071,196203367.00,3.21,0.08,0.02,12.03
2018-05-11,26.49,25.14,26.68,25.00,71018,183354412.00,6.35,-4.99,-1.32,11.38
2018-05-14,25.66,25.40,25.94,25.02,42147,107161344.00,3.66,1.03,0.26,6.75
2018-05-15,25.17,25.48,25.52,24.66,47486,118663190.00,3.39,0.31,0.08,7.61
2018-05-16,25.12,24.63,25.15,24.51,37773,93875227.00,2.51,-3.34,-0.85,6.05
2018-05-17,24.65,24.85,24.95,24.24,37578,92354573.00,2.88,0.89,0.22,6.02
2018-05-18,24.63,25.02,25.13,24.51,31345,77978217.00,2.49,0.68,0.17,5.02
2018-05-21,25.25,25.50,25.94,25.22,50853,130321106.00,2.88,1.92,0.48,8.15
2018-05-22,25.40,25.56,25.70,24.88,43746,110439125.00,3.22,0.24,0.06,7.01
2018-05-23,25.50,26.09,26.20,25.22,65107,167974254.00,3.83,2.07,0.53,10.43
2018-05-24,26.13,25.77,27.15,25.70,86192,227349892.00,5.56,-1.23,-0.32,13.81
2018-05-25,25.44,24.88,25.45,24.71,47585,119323445.00,2.87,-3.45,-0.89,7.63
2018-05-28,24.87,23.97,24.88,23.97,31493,76423145.00,3.66,-3.66,-0.91,5.05
2018-05-29,23.76,24.13,24.51,23.42,23411,56657685.00,4.55,0.67,0.16,3.75
2018-05-30,23.92,21.72,23.92,21.72,43846,99233719.00,9.12,-9.99,-2.41,7.03
2018-05-31,21.85,22.20,22.59,21.85,27587,61388007.00,3.41,2.21,0.48,4.42
2018-06-01,22.20,21.93,22.47,21.62,18677,41146229.00,3.83,-1.22,-0.27,2.99
2018-06-04,22.40,22.16,22.40,21.99,12747,28292184.00,1.87,1.05,0.23,2.04
2018-06-05,22.28,23.10,23.18,22.28,23237,53065844.00,4.06,4.24,0.94,3.72
2018-06-06,23.10,24.02,24.50,22.92,46387,111286604.00,6.84,3.98,0.92,7.43
2018-06-07,23.97,23.95,24.27,23.65,31259,74835749.00,2.58,-0.29,-0.07,5.01
2018-06-08,23.95,24.31,24.35,23.32,33563,80254201.00,4.30,1.50,0.36,5.38
2018-06-11,24.31,24.37,25.40,24.11,50819,125400443.00,5.31,0.25,0.06,8.14
2018-06-12,24.01,23.30,24.43,22.59,42236,98935933.00,7.55,-4.39,-1.07,6.77
2018-06-13,23.17,22.26,23.39,21.70,36855,83199862.00,7.25,-4.46,-1.04,5.91
2018-06-14,22.25,22.40,22.52,21.98,18586,41446332.00,2.43,0.63,0.14,2.98
2018-06-15,22.40,21.75,22.59,21.21,23989,52393170.00,6.16,-2.90,-0.65,3.84
2018-06-19,20.88,19.58,20.89,19.58,28668,57562208.00,6.02,-9.98,-2.17,4.59
2018-06-20,19.62,19.94,20.40,19.59,18130,36199275.00,4.14,1.84,0.36,2.91
2018-06-21,20.29,18.66,20.30,18.10,27166,52075256.00,11.03,-6.42,-1.28,4.35
2018-06-22,18.66,18.93,19.13,18.19,16209,30541135.00,5.04,1.45,0.27,2.60
2018-06-25,19.15,18.89,19.35,18.61,14046,26815582.00,3.91,-0.21,-0.04,2.25
2018-06-26,18.30,19.29,19.38,18.16,17726,33745039.00,6.46,2.12,0.40,2.84
2018-06-27,19.32,19.30,19.65,19.11,14112,27370667.00,2.80,0.05,0.01,2.26
2018-06-28,19.34,19.12,19.54,19.02,13444,26032778.00,2.69,-0.93,-0.18,2.15
2018-06-29,19.13,19.90,19.94,19.03,20262,39717461.00,4.76,4.08,0.78,3.25
2018-07-02,20.10,19.35,20.22,19.15,18006,35409827.00,5.38,-2.76,-0.55,2.89
2018-07-03,19.35,19.78,19.79,19.00,19306,37518671.00,4.08,2.22,0.43,3.09
2018-07-04,19.78,19.05,19.78,18.83,17908,34405195.00,4.80,-3.69,-0.73,2.87
2018-07-05,19.05,18.20,19.25,18.20,15558,29160390.00,5.51,-4.46,-0.85,2.49
2018-07-06,18.30,18.69,18.90,17.80,19076,35382586.00,6.04,2.69,0.49,3.06
2018-07-09,18.75,19.01,19.09,18.60,13693,25999899.00,2.62,1.71,0.32,2.19
2018-07-10,19.09,19.08,19.25,18.85,16737,31904011.00,2.10,0.37,0.07,2.68
2018-07-11,18.21,18.20,18.70,17.96,22852,41763601.00,3.88,-4.61,-0.88,3.66
2018-07-12,18.18,20.02,20.02,18.18,64791,127565500.00,10.11,10.00,1.82,10.38
2018-07-13,19.77,19.61,20.10,19.47,44008,86572650.00,3.15,-2.05,-0.41,7.05
2018-07-16,19.61,19.63,19.76,19.31,25834,50530627.00,2.29,0.10,0.02,4.14
2018-07-17,19.65,19.66,19.71,19.28,18119,35261260.00,2.19,0.15,0.03,2.90
2018-07-18,19.75,19.43,20.20,19.38,26557,52625760.00,4.17,-1.17,-0.23,4.26
2018-07-19,19.33,18.82,19.47,18.78,20097,38182363.00,3.55,-3.14,-0.61,3.22
2018-07-20,18.79,19.55,19.65,18.60,21762,42088393.00,5.58,3.88,0.73,3.49
2018-07-23,19.40,19.81,19.83,19.30,21829,42898051.00,2.71,1.33,0.26,3.50
2018-07-24,19.78,20.18,20.32,19.51,31430,62688249.00,4.09,1.87,0.37,5.04
2018-07-25,20.11,19.80,20.16,19.72,25027,49844385.00,2.18,-1.88,-0.38,4.01
2018-07-26,19.81,19.70,19.90,19.45,16223,31815514.00,2.27,-0.51,-0.10,2.60
2018-07-27,19.72,19.64,19.90,19.47,11255,22150468.00,2.18,-0.30,-0.06,1.80
2018-07-30,19.68,18.37,19.69,18.22,25688,48507543.00,7.48,-6.47,-1.27,4.12
2018-07-31,18.40,19.00,19.60,18.40,29186,55627897.00,6.53,3.43,0.63,4.68
2018-08-01,19.10,19.15,19.37,18.83,25995,49662182.00,2.84,0.79,0.15,4.17
2018-08-02,19.37,18.51,19.38,17.88,26523,49275825.00,7.83,-3.34,-0.64,4.25
2018-08-03,18.24,17.95,18.69,17.90,17347,31529369.00,4.27,-3.03,-0.56,2.78
2018-08-06,18.03,17.07,18.03,17.01,18895,32745633.00,5.68,-4.90,-0.88,3.03
2018-08-07,17.07,17.61,17.65,17.01,13146,22867344.00,3.75,3.16,0.54,2.11
2018-08-08,17.61,16.69,17.72,16.61,17780,30491439.00,6.30,-5.22,-0.92,2.85
2018-08-09,16.63,17.44,17.72,16.42,22279,38642447.00,7.79,4.49,0.75,3.57
2018-08-10,17.50,17.68,17.76,17.40,13857,24353382.00,2.06,1.38,0.24,2.22
2018-08-13,17.29,17.85,17.95,17.10,12526,22104833.00,4.81,0.96,0.17,2.01
2018-08-14,17.76,17.89,18.02,17.62,13192,23546655.00,2.24,0.22,0.04,2.11
2018-08-15,17.82,17.40,17.99,17.37,11953,21036627.00,3.47,-2.74,-0.49,1.92
2018-08-16,17.10,17.51,17.75,16.89,12187,21300314.00,4.94,0.63,0.11,1.95
2018-08-17,17.64,17.07,17.85,16.85,12194,21102173.00,5.71,-2.51,-0.44,1.95
2018-08-20,17.07,17.61,17.74,16.72,13413,23122380.00,5.98,3.16,0.54,2.15
2018-08-21,17.45,17.90,18.00,17.43,17496,31130227.00,3.24,1.65,0.29,2.80
2018-08-22,17.80,17.48,17.80,17.41,8904,15664547.00,2.18,-2.35,-0.42,1.43
2018-08-23,17.79,17.48,17.80,17.21,12277,21595370.00,3.38,0.00,0.00,1.97
2018-08-24,17.50,17.19,17.61,17.15,10608,18385765.00,2.63,-1.66,-0.29,1.70
2018-08-27,17.34,17.72,17.93,17.24,17004,29910108.00,4.01,3.08,0.53,2.73
2018-08-28,18.02,17.75,18.05,17.61,9944,17662827.00,2.48,0.17,0.03,1.59
2018-08-29,17.68,17.67,17.79,17.54,6352,11230854.00,1.41,-0.45,-0.08,1.02
2018-08-30,17.58,17.33,17.96,17.32,11318,19892663.00,3.62,-1.92,-0.34,1.81
2018-08-31,17.45,17.10,17.45,17.05,7684,13207453.00,2.31,-1.33,-0.23,1.23
2018-09-03,17.20,16.89,17.20,16.52,10123,16945932.00,3.98,-1.23,-0.21,1.62
2018-09-04,16.93,17.09,17.19,16.81,8307,14157901.00,2.25,1.18,0.20,1.33
2018-09-05,16.96,16.85,17.30,16.78,8353,14261169.00,3.04,-1.40,-0.24,1.34
2018-09-06,16.84,16.67,16.98,16.56,6412,10746246.00,2.49,-1.07,-0.18,1.03
2018-09-07,16.70,16.63,16.97,16.55,7892,13219725.00,2.52,-0.24,-0.04,1.26
2018-09-10,16.56,16.08,16.68,15.93,9289,15142247.00,4.51,-3.31,-0.55,1.49
2018-09-11,16.08,16.16,16.30,16.03,5351,8644480.00,1.68,0.50,0.08,0.86
2018-09-12,16.10,16.29,16.47,16.09,6020,9795556.00,2.35,0.80,0.13,0.96
2018-09-13,16.50,16.30,16.55,16.15,9674,15780290.00,2.46,0.06,0.01,1.49
2018-09-14,16.32,16.05,16.45,16.00,6937,11231153.00,2.76,-1.53,-0.25,1.07
2018-09-17,16.05,14.90,16.16,14.86,15191,23282288.00,8.10,-7.17,-1.15,2.35
2018-09-18,14.93,15.25,15.34,14.89,8678,13125376.00,3.02,2.35,0.35,1.34
2018-09-19,15.25,15.41,15.66,15.15,11670,18012484.00,3.34,1.05,0.16,1.80
2018-09-20,15.47,15.44,15.66,15.25,7809,12054771.00,2.66,0.19,0.03,1.21
2018-09-21,15.41,15.61,15.75,15.31,8282,12869380.00,2.85,1.10,0.17,1.28
2018-09-25,15.56,15.56,15.70,15.40,6438,10013708.00,1.92,-0.32,-0.05,0.99
2018-09-26,15.55,15.73,16.25,15.45,12684,20068421.00,5.14,1.09,0.17,1.96
2018-09-27,15.75,14.94,15.75,14.92,12246,18790701.00,5.28,-5.02,-0.79,1.89
2018-09-28,15.00,15.25,15.25,15.00,9087,13763274.00,1.67,2.07,0.31,1.40
2018-10-08,15.00,14.62,15.14,14.59,9497,14143864.00,3.61,-4.13,-0.63,1.47
2018-10-09,14.68,14.58,14.95,14.42,6011,8814361.00,3.63,-0.27,-0.04,0.93
2018-10-10,14.58,14.95,15.00,14.55,8696,12860631.00,3.09,2.54,0.37,1.34
2018-10-11,14.59,13.47,14.59,13.46,18560,25531320.00,7.56,-9.90,-1.48,2.87
2018-10-12,13.46,12.90,13.46,12.30,16377,21006238.00,8.61,-4.23,-0.57,2.53
2018-10-15,14.19,14.19,14.19,14.00,23861,33855572.00,1.47,10.00,1.29,3.69
2018-10-16,14.22,13.43,14.49,13.10,42084,58250542.00,9.80,-5.36,-0.76,6.50
2018-10-17,13.36,14.77,14.77,13.31,82382,118701677.00,10.87,9.98,1.34,12.73
2018-10-18,14.60,14.04,14.71,14.02,64301,92514224.00,4.67,-4.94,-0.73,9.93
2018-10-19,13.43,14.30,14.49,13.43,45769,64339497.00,7.55,1.85,0.26,7.07
2018-10-22,14.50,15.00,15.15,14.31,59875,88511818.00,5.87,4.90,0.70,9.25
2018-10-23,14.80,15.59,15.93,14.80,84318,130496608.00,7.53,3.93,0.59,13.02
2018-10-24,15.27,15.35,15.66,15.00,40722,62208797.00,4.23,-1.54,-0.24,6.29
2018-10-25,14.68,14.77,14.95,14.16,34648,50605283.00,5.15,-3.78,-0.58,5.35
2018-10-26,14.97,14.23,15.03,14.17,31052,45213269.00,5.82,-3.66,-0.54,4.80
2018-10-29,14.25,15.65,15.65,14.21,79090,122912434.00,10.12,9.98,1.42,12.22
2018-10-30,15.88,16.21,16.94,15.66,159742,260305548.00,8.18,3.58,0.56,24.68
2018-10-31,15.64,15.92,16.15,15.60,101475,160586935.00,3.39,-1.79,-0.29,15.68
2018-11-01,15.62,15.68,15.98,15.47,78696,123806713.00,3.20,-1.51,-0.24,12.16
2018-11-02,15.82,15.92,15.96,15.61,64268,101541106.00,2.23,1.53,0.24,9.93
2018-11-05,16.10,16.18,16.60,15.81,84756,137366383.00,4.96,1.63,0.26,13.09
2018-11-06,15.78,15.64,15.95,15.20,45616,70970621.00,4.64,-3.34,-0.54,7.05
2018-11-07,15.60,15.44,15.77,15.36,34184,53309452.00,2.62,-1.28,-0.20,5.28
2018-11-08,15.60,15.78,16.20,15.60,56208,89562207.00,3.89,2.20,0.34,8.68
2018-11-09,15.40,15.50,15.62,15.21,29996,46438354.00,2.60,-1.77,-0.28,4.63
2018-11-12,15.45,15.98,16.02,15.40,36848,58228086.00,4.00,3.10,0.48,5.69
2018-11-13,15.70,16.31,16.31,15.65,59617,95369539.00,4.13,2.07,0.33,9.21
2018-11-14,16.34,16.13,16.36,16.00,43797,70583033.00,2.21,-1.10,-0.18,6.77
2018-11-15,16.13,16.46,16.48,16.02,51007,82791752.00,2.85,2.05,0.33,7.88
2018-11-16,16.46,16.16,16.47,16.10,47242,76696108.00,2.25,-1.82,-0.30,7.30
2018-11-19,16.15,15.86,16.15,15.60,37249,58837022.00,3.40,-1.86,-0.30,5.75
2018-11-20,15.68,15.46,15.80,15.36,23169,36138563.00,2.77,-2.52,-0.40,3.58
2018-11-21,15.08,15.40,15.40,14.91,21468,32728519.00,3.17,-0.39,-0.06,3.32
2018-11-22,15.50,15.49,15.60,15.31,14940,23090196.00,1.88,0.58,0.09,2.31
2018-11-23,15.50,14.30,15.50,14.06,31330,45930299.00,9.30,-7.68,-1.19,4.84
2018-11-26,14.31,14.22,14.49,14.14,11748,16813492.00,2.45,-0.56,-0.08,1.81
2018-11-27,14.41,14.34,14.62,14.22,11364,16390374.00,2.81,0.84,0.12,1.76
2018-11-28,14.35,14.54,14.54,13.81,17504,24930596.00,5.09,1.39,0.20,2.70
2018-11-29,14.58,13.95,14.66,13.88,15274,21957842.00,5.36,-4.06,-0.59,2.36
2018-11-30,14.05,14.22,14.25,13.75,13040,18308624.00,3.58,1.94,0.27,2.01
2018-12-03,14.74,14.64,14.82,14.58,19642,28854535.00,1.69,2.95,0.42,3.03
2018-12-04,14.65,14.83,14.92,14.57,14945,22064153.00,2.39,1.30,0.19,2.31
2018-12-05,14.59,14.58,14.72,14.45,11842,17271816.00,1.82,-1.69,-0.25,1.83
2018-12-06,14.55,14.35,14.70,14.29,14040,20316100.00,2.81,-1.58,-0.23,2.17
2018-12-07,14.33,14.46,14.60,14.33,9742,14097041.00,1.88,0.77,0.11,1.50
2018-12-10,14.27,14.10,14.45,14.06,9290,13180078.00,2.70,-2.49,-0.36,1.43
2018-12-11,14.33,14.44,14.50,14.19,11726,16794008.00,2.20,2.41,0.34,1.81
2018-12-12,14.51,14.34,14.59,14.26,9022,13018641.00,2.29,-0.69,-0.10,1.39
2018-12-13,14.37,14.50,14.65,14.28,13476,19557726.00,2.58,1.12,0.16,2.08
2018-12-14,14.50,14.14,14.55,14.08,13116,18747369.00,3.24,-2.48,-0.36,2.03
2018-12-17,14.28,14.23,14.35,13.94,7387,10444814.00,2.90,0.64,0.09,1.14
2018-12-18,14.20,14.34,14.38,13.99,8827,12504121.00,2.74,0.77,0.11,1.36
2018-12-19,15.77,15.77,15.77,15.64,72903,114933120.00,0.91,9.97,1.43,11.26
2018-12-20,16.00,16.10,17.25,15.77,183765,300123376.00,9.38,2.09,0.33,28.39
2018-12-21,15.52,15.45,15.88,15.02,95849,147928697.00,5.34,-4.04,-0.65,14.81
2018-12-24,15.38,16.03,16.66,15.23,117636,189418998.00,9.26,3.75,0.58,18.17
2018-12-25,15.35,16.52,16.66,15.23,117390,187256030.00,8.92,3.06,0.49,18.13
2018-12-26,16.30,15.88,16.85,15.76,106537,174068068.00,6.60,-3.87,-0.64,16.46
2018-12-27,16.12,16.69,17.47,15.85,156202,263591422.00,10.20,5.10,0.81,24.13
2018-12-28,16.90,17.29,17.88,16.64,161361,278951680.00,7.43,3.59,0.60,24.93
2019-01-02,16.71,17.01,17.05,16.50,99273,166717734.00,3.18,-1.62,-0.28,15.33
2019-01-03,17.00,15.58,17.00,15.44,95463,153246277.00,9.17,-8.41,-1.43,14.75
2019-01-04,15.22,15.91,16.08,15.05,79495,124210402.00,6.61,2.12,0.33,12.28
2019-01-07,16.12,16.17,16.50,15.70,71978,115875954.00,5.03,1.63,0.26,11.12
2019-01-08,16.23,16.27,16.27,15.62,61686,98731241.00,4.02,0.62,0.10,9.53
2019-01-09,16.10,15.82,16.39,15.80,68681,110705128.00,3.63,-2.77,-0.45,10.61
2019-01-10,15.75,17.03,17.10,15.69,117004,192065509.00,8.91,7.65,1.21,18.07
2019-01-11,16.77,16.71,16.95,16.38,85045,141715107.00,3.35,-1.88,-0.32,13.14
2019-01-14,16.65,16.37,16.73,16.03,51095,83116427.00,4.19,-2.03,-0.34,7.89
2019-01-15,16.29,16.60,16.65,16.02,47507,77801664.00,3.85,1.41,0.23,7.34
2019-01-16,16.80,16.18,16.80,16.18,46284,75966292.00,3.73,-2.53,-0.42,7.15
2019-01-17,16.06,15.65,16.18,15.51,45101,71356110.00,4.14,-3.28,-0.53,6.97
2019-01-18,15.65,15.46,15.81,15.09,31911,49190382.00,4.60,-1.21,-0.19,4.93
2019-01-21,15.54,15.55,15.85,15.50,21373,33450605.00,2.26,0.58,0.09,3.30
2019-01-22,15.55,15.48,15.74,15.30,19032,29441145.00,2.83,-0.45,-0.07,2.94
2019-01-23,15.52,15.22,15.52,15.13,16771,25548928.00,2.52,-1.68,-0.26,2.59
2019-01-24,15.16,15.73,15.89,15.07,36664,57364509.00,5.39,3.35,0.51,5.66
2019-01-25,15.68,15.42,15.75,15.41,18389,28658955.00,2.16,-1.97,-0.31,2.84
2019-01-28,15.65,15.38,15.75,15.18,13905,21448553.00,3.70,-0.26,-0.04,2.15
2019-01-29,15.18,14.68,15.38,14.60,22117,32872082.00,5.07,-4.55,-0.70,3.42
2019-01-30,14.58,14.45,14.88,14.42,15209,22250252.00,3.13,-1.57,-0.23,2.35
2019-01-31,14.41,14.12,14.74,13.10,26861,37873047.00,11.35,-2.28,-0.33,4.15
2019-02-01,14.13,14.28,14.35,13.99,20125,28563244.00,2.55,1.13,0.16,2.73
2019-02-11,14.30,14.79,14.88,14.30,22160,32486965.00,4.06,3.57,0.51,3.00
2019-02-12,14.78,16.27,16.27,14.73,41619,65424299.00,10.41,10.01,1.48,5.64
2019-02-13,17.90,17.90,17.90,17.90,34688,62091448.00,0.00,10.02,1.63,4.70
2019-02-14,19.65,19.69,19.69,18.89,277914,542364896.00,4.47,10.00,1.79,37.65
2019-02-15,19.00,19.48,20.10,18.61,243328,470743200.00,7.57,-1.07,-0.21,32.97
2019-02-18,19.15,20.36,20.60,19.02,231089,459351872.00,8.11,4.52,0.88,31.31
2019-02-19,20.00,21.13,22.28,19.78,242633,503939344.00,12.28,3.78,0.77,32.87
2019-02-20,20.25,19.68,20.62,19.56,161887,324168384.00,5.02,-6.86,-1.45,21.93
2019-02-21,19.80,19.70,20.13,19.28,137440,270825520.00,4.32,0.10,0.02,18.62
2019-02-22,19.44,19.92,20.02,19.31,111861,221292368.00,3.60,1.12,0.22,15.16
2019-02-25,20.80,20.68,20.95,20.05,186487,383122336.00,4.52,3.82,0.76,25.27
2019-02-26,20.25,19.72,20.30,19.46,131788,262067581.00,4.06,-4.64,-0.96,17.86
2019-02-27,19.21,19.16,19.64,18.70,79316,152273139.00,4.77,-2.84,-0.56,10.75
2019-02-28,19.21,19.54,19.74,19.21,56436,110181439.00,2.77,1.98,0.38,7.65
2019-03-01,19.48,20.38,20.49,19.05,106613,212071995.00,7.37,4.30,0.84,14.44
2019-03-04,20.30,20.32,20.82,19.88,144259,293738448.00,4.61,-0.29,-0.06,19.54
2019-03-05,20.02,21.07,21.40,19.82,150369,313205760.00,7.78,3.69,0.75,20.37
2019-03-06,21.08,20.91,21.10,20.22,118334,244733268.00,4.18,-0.76,-0.16,16.03
2019-03-07,20.91,21.13,21.56,20.55,125679,264361659.00,4.83,1.05,0.22,17.03
2019-03-08,20.00,19.07,20.80,19.02,94785,189565843.00,8.42,-9.75,-2.06,12.84
2019-03-11,19.07,19.88,19.98,19.07,58295,114205271.00,4.77,4.25,0.81,7.90
2019-03-12,20.58,20.63,20.88,20.13,101205,207928091.00,3.77,3.77,0.75,13.71
2019-03-13,20.97,19.72,21.46,19.45,90703,185807548.00,9.74,-4.41,-0.91,12.29
2019-03-14,19.72,20.90,21.69,19.28,132450,274384096.00,12.22,5.98,1.18,17.94
2019-03-15,19.50,19.71,20.14,19.20,122711,241993126.00,4.50,-5.69,-1.19,16.63
2019-03-18,19.61,20.03,20.05,19.23,72179,140918829.00,4.16,1.62,0.32,9.78
2019-03-19,20.49,22.03,22.03,20.21,178549,384913312.00,9.09,9.99,2.00,24.19
2019-03-20,22.27,22.88,23.98,21.69,259109,586669920.00,10.39,3.86,0.85,35.11
2019-03-21,22.02,22.10,22.54,21.80,153460,340659632.00,3.23,-3.41,-0.78,20.79
2019-03-22,21.81,22.30,22.32,21.06,117648,253551598.00,5.70,0.90,0.20,15.94
2019-03-25,21.50,23.02,23.90,21.50,169079,387802112.00,10.76,3.23,0.72,22.91
2019-03-26,22.76,21.99,22.94,21.60,95203,210547110.00,5.82,-4.47,-1.03,12.90
2019-03-27,21.99,23.38,23.50,20.99,103797,229661067.00,11.41,6.32,1.39,14.06
2019-03-28,23.42,22.28,23.43,22.23,89583,205443731.00,5.13,-4.70,-1.10,12.14
2019-03-29,21.91,22.88,22.99,21.45,87186,194862053.00,6.91,2.69,0.60,11.81
2019-04-01,22.88,23.83,23.83,22.60,120890,281952432.00,5.38,4.15,0.95,16.38
2019-04-02,24.06,23.19,24.69,23.15,113058,267417083.00,6.46,-2.69,-0.64,15.32
2019-04-03,22.58,22.38,22.85,22.30,81681,183757903.00,2.37,-3.49,-0.81,11.07
2019-04-04,22.33,22.85,22.97,22.06,72530,163980896.00,4.07,2.10,0.47,9.83
2019-04-08,22.99,22.21,23.47,21.86,80029,180454867.00,7.05,-2.80,-0.64,10.84
2019-04-09,22.22,22.27,22.60,22.03,47875,106543819.00,2.57,0.27,0.06,6.49
2019-04-10,22.20,21.65,22.20,21.32,64218,138613834.00,3.95,-2.78,-0.62,8.70
2019-04-11,21.67,20.47,21.75,20.11,53417,112237990.00,7.58,-5.45,-1.18,7.24
2019-04-12,20.50,20.56,20.69,20.32,24251,49797041.00,1.81,0.44,0.09,3.29
2019-04-15,20.82,20.52,21.21,20.52,27870,58186599.00,3.36,-0.19,-0.04,3.78
2019-04-16,20.50,20.93,20.97,19.96,37666,77110282.00,4.92,2.00,0.41,5.10
2019-04-17,20.92,21.02,21.46,20.81,37260,78737696.00,3.11,0.43,0.09,5.05
2019-04-18,21.02,20.41,21.09,20.41,31089,64334884.00,3.24,-2.90,-0.61,4.21
2019-04-19,20.45,20.44,20.60,20.10,27822,56621290.00,2.45,0.15,0.03,3.77
2019-04-22,20.50,19.98,20.64,19.89,31776,64189276.00,3.67,-2.25,-0.46,4.31
2019-04-23,19.94,20.09,20.28,19.85,23740,47646279.00,2.15,0.55,0.11,3.22
2019-04-24,20.12,19.95,20.12,18.92,49720,97056820.00,5.97,-0.70,-0.14,6.74
2019-04-25,19.71,18.76,19.71,18.52,34474,66298264.00,5.96,-5.96,-1.19,4.67
2019-04-26,18.40,18.39,18.89,18.36,22706,42182210.00,2.83,-1.97,-0.37,3.08
2019-04-29,18.39,17.07,18.58,16.55,34171,59461137.00,11.04,-7.18,-1.32,4.63
2019-04-30,17.10,17.27,17.57,17.08,19448,33712501.00,2.87,1.17,0.20,2.63
2019-05-06,16.98,15.96,16.98,15.70,32472,53122513.00,7.41,-7.59,-1.31,4.40
2019-05-07,16.09,16.42,16.78,16.09,23874,39083828.00,4.32,2.88,0.46,3.23
2019-05-08,16.19,16.46,16.74,15.84,22070,36342100.00,5.48,0.24,0.04,2.99
2019-05-09,16.30,16.21,16.67,16.15,17780,29062109.00,3.16,-1.52,-0.25,2.41
2019-05-10,16.35,16.73,16.76,15.90,30110,49629388.00,5.31,3.21,0.52,4.08
2019-05-13,16.51,16.55,17.05,16.40,19705,32851302.00,3.89,-1.08,-0.18,2.67
2019-05-14,16.20,16.37,16.64,16.10,16231,26705916.00,3.26,-1.09,-0.18,2.20
2019-05-15,16.52,16.96,17.40,16.52,41231,70063166.00,5.38,3.60,0.59,5.59
2019-05-16,16.80,17.17,17.17,16.77,25397,43235657.00,2.36,1.24,0.21,3.44
2019-05-17,17.88,16.85,18.50,16.80,45179,78901943.00,9.90,-1.86,-0.32,6.12
2019-05-20,17.13,17.17,17.35,16.60,29374,49818313.00,4.45,1.90,0.32,3.98
2019-05-21,17.17,17.58,17.67,16.93,38768,67197546.00,4.31,2.39,0.41,5.25
2019-05-22,17.39,17.17,17.52,17.02,26726,46157141.00,2.84,-2.33,-0.41,3.62
2019-05-23,17.18,16.25,17.30,16.25,28072,46568934.00,6.12,-5.36,-0.92,3.80
2019-05-24,16.08,16.16,16.40,16.08,13535,21962125.00,1.97,-0.55,-0.09,1.83
2019-05-27,15.99,16.66,16.71,15.99,19105,31443534.00,4.46,3.09,0.50,2.59
2019-05-28,16.68,17.07,17.36,16.51,34722,59235591.00,5.10,2.46,0.41,4.70
2019-05-29,16.96,16.92,17.15,16.81,17155,29154663.00,1.99,-0.88,-0.15,2.32
2019-05-30,17.09,16.78,17.10,16.52,17476,29123270.00,3.43,-0.83,-0.14,2.37
2019-05-31,16.78,16.61,16.98,16.61,13879,23274031.00,2.21,-1.01,-0.17,1.88
2019-06-03,16.46,16.42,16.91,16.15,16152,26486858.00,4.58,-1.14,-0.19,2.19
2019-06-04,16.42,16.18,16.57,16.06,12754,20866481.00,3.11,-1.46,-0.24,1.73
2019-06-05,16.50,16.67,16.76,16.24,22578,37423226.00,3.21,3.03,0.49,3.06
2019-06-06,16.81,15.51,16.84,15.38,29954,47785400.00,8.76,-6.96,-1.16,4.06
2019-06-10,15.50,16.11,16.14,15.02,20386,32543497.00,7.22,3.87,0.60,2.76
2019-06-11,16.51,16.72,16.76,16.09,25527,42126941.00,4.16,3.79,0.61,3.46
2019-06-12,16.72,16.57,16.86,16.45,18177,30248990.00,2.45,-0.90,-0.15,2.46
2019-06-13,16.75,16.66,16.75,16.45,15177,25238969.00,1.81,0.54,0.09,2.06
2019-06-14,16.68,16.05,16.81,15.80,18943,30849213.00,6.06,-3.66,-0.61,2.57
2019-06-17,16.30,15.92,16.30,15.85,11300,18044458.00,2.80,-0.81,-0.13,1.53
2019-06-18,15.92,15.74,16.08,15.66,11069,17471963.00,2.64,-1.13,-0.18,1.50
2019-06-19,16.30,15.94,16.30,15.92,13767,22134090.00,2.41,1.27,0.20,1.87
2019-06-20,15.96,16.15,16.27,15.83,16376,26365148.00,2.76,1.32,0.21,2.22
2019-06-21,16.12,16.51,16.60,16.12,24168,39802077.00,2.97,2.23,0.36,3.27
2019-06-24,16.54,16.61,16.86,16.35,19658,32609291.00,3.09,0.61,0.10,2.66
2019-06-25,16.64,16.20,16.75,16.06,15231,24735087.00,4.15,-2.47,-0.41,2.06
2019-06-26,16.06,16.12,16.30,15.93,12538,20238059.00,2.28,-0.49,-0.08,1.70
2019-06-27,16.15,16.41,16.50,16.15,16943,27709521.00,2.17,1.80,0.29,2.30
2019-06-28,16.38,16.05,16.49,15.95,15989,25839857.00,3.29,-2.19,-0.36,2.17
2019-07-01,17.22,17.66,17.66,16.61,67402,116140302.00,6.54,10.03,1.61,9.13
2019-07-02,18.45,17.80,19.18,17.77,144048,266869384.00,7.98,0.79,0.14,19.52
2019-07-03,17.00,17.20,17.45,16.90,66348,113884387.00,3.09,-3.37,-0.60,8.99
2019-07-04,17.08,16.75,17.25,16.54,47711,80291993.00,4.13,-2.62,-0.45,6.46
2019-07-05,16.75,16.85,16.95,16.56,27964,47102839.00,2.33,0.60,0.10,3.79
2019-07-08,16.87,15.86,16.87,15.86,37434,60298995.00,5.99,-5.88,-0.99,5.07
2019-07-09,15.87,16.05,16.12,15.50,27672,43720537.00,3.91,1.20,0.19,3.75
2019-07-10,16.20,16.40,16.58,16.07,32668,53350761.00,3.18,2.18,0.35,4.43
2019-07-11,16.52,16.02,16.53,15.90,27107,43968622.00,3.84,-2.32,-0.38,3.67
2019-07-12,15.90,16.14,16.37,15.90,20581,33317871.00,2.93,0.75,0.12,2.79
2019-07-15,15.90,15.95,16.09,15.40,24705,39015294.00,4.28,-1.18,-0.19,3.35
2019-07-16,16.00,16.19,16.38,15.82,26744,43159542.00,3.51,1.50,0.24,3.62
2019-07-17,16.10,16.68,17.00,16.02,54087,89880306.00,6.05,3.03,0.49,7.33
2019-07-18,16.44,16.08,16.44,16.04,33791,54707827.00,2.40,-3.60,-0.60,4.58
2019-07-19,16.03,15.90,16.25,15.80,24885,39774409.00,2.80,-1.12,-0.18,3.37
2019-07-22,16.03,16.15,16.83,15.68,48781,79670474.00,7.23,1.57,0.25,6.61
2019-07-23,15.91,16.44,16.51,15.84,38728,63232924.00,4.15,1.80,0.29,5.25
2019-07-24,16.58,16.97,17.14,16.40,59878,101034344.00,4.50,3.22,0.53,8.11
2019-07-25,16.78,17.41,17.66,16.66,69707,119014680.00,5.89,2.59,0.44,9.44
2019-07-26,17.30,17.40,17.45,17.05,54806,94540305.00,2.30,-0.06,-0.01,7.43
2019-07-29,17.24,17.64,17.80,17.10,67210,117651515.00,4.02,1.38,0.24,9.11
2019-07-30,17.60,17.36,17.62,17.20,39237,68366702.00,2.38,-1.59,-0.28,5.32
2019-07-31,17.33,17.46,17.49,17.08,33648,58166451.00,2.36,0.58,0.10,4.56
2019-08-01,17.44,17.74,17.89,17.22,55136,97500463.00,3.84,1.60,0.28,7.47
2019-08-02,17.37,17.43,17.78,17.17,33096,57784649.00,3.44,-1.75,-0.31,4.48
2019-08-05,17.40,17.64,17.95,17.33,47586,84333680.00,3.56,1.20,0.21,6.45
2019-08-06,17.30,17.46,17.50,16.23,47414,80865175.00,7.20,-1.02,-0.18,6.42
2019-08-07,17.66,17.16,17.79,17.04,33502,58282984.00,4.30,-1.72,-0.30,4.54
2019-08-08,17.25,17.35,17.51,17.15,31248,54010821.00,2.10,1.11,0.19,4.23
2019-08-09,17.40,16.65,17.73,16.48,32017,54298775.00,7.20,-4.03,-0.70,4.34
2019-08-12,16.74,17.23,17.23,16.50,25871,43649951.00,4.38,3.48,0.58,3.38
2019-08-13,16.99,16.94,17.08,16.71,18185,30738156.00,2.15,-1.68,-0.29,2.37
2019-08-14,17.24,18.63,18.63,17.17,43847,80377717.00,8.62,9.98,1.69,5.73
2019-08-15,18.29,18.91,19.18,17.83,145332,269944608.00,7.25,1.50,0.28,18.98
2019-08-16,18.66,18.64,19.11,18.50,97773,184017947.00,3.23,-1.43,-0.27,12.77
2019-08-19,19.35,19.55,20.00,18.89,125063,241685457.00,5.95,4.88,0.91,16.33
2019-08-20,19.55,19.99,20.39,19.30,136176,270342656.00,5.58,2.25,0.44,17.78
2019-08-21,19.59,19.38,19.78,19.00,87987,170182919.00,3.90,-3.05,-0.61,11.49
2019-08-22,19.27,19.07,19.44,18.88,61690,117724590.00,2.89,-1.60,-0.31,8.06
2019-08-23,18.99,18.63,19.25,18.40,54583,102447566.00,4.46,-2.31,-0.44,7.13
2019-08-26,17.88,18.02,18.27,17.82,48310,87200005.00,2.42,-3.27,-0.61,6.31
2019-08-27,18.16,18.22,18.55,18.08,43896,80229040.00,2.61,1.11,0.20,5.73
2019-08-28,18.24,18.04,18.29,17.88,31257,56328295.00,2.25,-0.99,-0.18,4.08
2019-08-29,18.04,18.52,18.63,17.90,48686,89285886.00,4.05,2.66,0.48,6.36
2019-08-30,18.68,17.61,18.70,17.51,51224,92522772.00,6.43,-4.91,-0.91,6.69
2019-09-02,17.54,18.01,18.04,17.54,31829,56809943.00,2.84,2.27,0.40,4.16
2019-09-03,17.99,18.23,18.35,17.90,33077,60011160.00,2.50,1.22,0.22,4.32
2019-09-04,18.10,18.25,18.39,18.02,29483,53619830.00,2.03,0.11,0.02,3.85
2019-09-05,18.35,18.50,18.93,18.25,63904,118979870.00,3.73,1.37,0.25,8.34
2019-09-06,18.61,18.76,19.10,18.50,55322,104019941.00,3.24,1.41,0.26,7.22
2019-09-09,18.90,19.43,19.47,18.69,68864,132453341.00,4.16,3.57,0.67,8.99
2019-09-10,19.43,19.17,19.44,19.01,50355,96529132.00,2.21,-1.34,-0.26,6.58
2019-09-11,19.18,18.83,19.44,18.83,38969,74472016.00,3.18,-1.77,-0.34,5.09
2019-09-12,18.85,19.73,19.85,18.68,78918,152895263.00,6.21,4.78,0.90,10.31
2019-09-16,19.79,19.66,19.83,19.40,58153,114020363.00,2.18,-0.35,-0.07,7.59
2019-09-17,19.69,19.05,19.69,18.72,47831,91157412.00,4.93,-3.10,-0.61,6.25
2019-09-18,19.00,18.90,19.19,18.60,31335,59247302.00,3.10,-0.79,-0.15,4.09
2019-09-19,18.99,20.79,20.79,18.99,67249,137198455.00,9.52,10.00,1.89,8.78
2019-09-20,22.31,19.99,22.67,19.95,215604,459543248.00,13.08,-3.85,-0.80,28.15
2019-09-23,19.05,20.22,20.49,19.05,115686,230690474.00,7.20,1.15,0.23,15.11
2019-09-24,20.20,19.69,20.55,19.69,88551,176765814.00,4.25,-2.62,-0.53,11.56
2019-09-25,20.17,20.94,21.66,20.00,189192,397965568.00,8.43,6.35,1.25,24.71
2019-09-26,20.20,19.23,20.30,18.85,118549,230646021.00,6.92,-8.17,-1.71,15.48
2019-09-27,19.05,19.57,19.86,18.18,81384,157334354.00,8.74,1.77,0.34,10.63
2019-09-30,19.87,19.10,20.33,19.01,49884,97407429.00,6.75,-2.40,-0.47,6.51
2019-10-08,19.05,18.46,19.25,18.30,47742,89781055.00,4.97,-3.35,-0.64,6.23
2019-10-09,18.34,18.50,18.50,17.90,39597,72177776.00,3.25,0.22,0.04,5.17
2019-10-10,18.58,18.66,18.71,18.35,34507,64078404.00,1.95,0.86,0.16,4.51
2019-10-11,18.66,18.29,18.66,18.09,38883,71335434.00,3.05,-1.98,-0.37,5.08
2019-10-14,18.50,18.53,18.81,18.38,37660,70024382.00,2.35,1.31,0.24,4.92
2019-10-15,18.54,17.93,18.74,17.88,35021,63316392.00,4.64,-3.24,-0.60,4.57
2019-10-16,18.01,18.01,18.19,17.93,20420,36802729.00,1.45,0.45,0.08,2.67
2019-10-17,17.80,17.54,18.01,17.37,35433,62467489.00,3.55,-2.61,-0.47,4.63
2019-10-18,17.66,17.16,17.71,17.11,26371,45737055.00,3.42,-2.17,-0.38,3.44
2019-10-21,17.20,17.04,17.20,16.50,22863,38328272.00,4.08,-0.70,-0.12,2.99
2019-10-22,17.00,17.40,17.48,17.00,19826,34355678.00,2.82,2.11,0.36,2.59
2019-10-23,17.45,17.54,17.67,17.29,19521,34051046.00,2.18,0.80,0.14,2.55
2019-10-24,17.50,17.25,17.60,17.03,17783,30733499.00,3.25,-1.65,-0.29,2.32
2019-10-25,17.45,17.20,17.45,16.94,16075,27533462.00,2.96,-0.29,-0.05,2.10
2019-10-28,17.19,17.60,17.60,17.16,22095,38560535.00,2.56,2.33,0.40,2.89
2019-10-29,17.55,17.24,17.60,17.20,22811,39532663.00,2.27,-2.05,-0.36,2.98
2019-10-30,17.62,17.78,18.77,17.45,58354,104629971.00,7.66,3.13,0.54,7.62
2019-10-31,17.50,18.04,18.10,17.50,41436,73864356.00,3.37,1.46,0.26,5.41
2019-11-01,18.06,17.91,18.19,17.65,32898,58773113.00,2.99,-0.72,-0.13,4.30
2019-11-04,17.86,17.71,17.94,17.58,27794,49400293.00,2.01,-1.12,-0.20,3.63
2019-11-05,17.80,17.25,17.80,16.91,31694,54762415.00,5.03,-2.60,-0.46,4.14
2019-11-06,17.25,16.70,17.28,16.66,31027,52308418.00,3.59,-3.19,-0.55,4.05
2019-11-07,16.59,16.80,17.03,16.59,16738,28203475.00,2.63,0.60,0.10,2.19
2019-11-08,16.88,17.18,17.43,16.88,26980,46328363.00,3.27,2.26,0.38,3.52
2019-11-11,17.17,16.92,17.22,16.82,20584,34990985.00,2.33,-1.51,-0.26,2.69
2019-11-12,16.92,17.48,17.50,16.88,26492,45580336.00,3.66,3.31,0.56,3.46
2019-11-13,17.31,17.35,17.40,17.00,20378,35057940.00,2.29,-0.74,-0.13,2.66
2019-11-14,17.38,17.62,17.70,17.20,26312,46191333.00,2.88,1.56,0.27,3.44
2019-11-15,17.50,17.29,17.60,17.23,21381,37248372.00,2.10,-1.87,-0.33,2.79
2019-11-18,17.55,18.59,19.02,17.54,116301,217536057.00,8.56,7.52,1.30,15.19
2019-11-19,18.22,18.52,18.55,17.95,87957,160009497.00,3.23,-0.38,-0.07,11.49
2019-11-20,18.23,18.09,18.44,17.96,55609,100841837.00,2.59,-2.32,-0.43,7.26
2019-11-21,18.04,17.95,18.04,17.72,30429,54363920.00,1.77,-0.77,-0.14,3.97
2019-11-22,17.96,17.78,18.14,17.61,32738,58488190.00,2.95,-0.95,-0.17,4.28
2019-11-25,17.74,16.96,17.82,16.90,35271,60715869.00,5.17,-4.61,-0.82,4.61
2019-11-26,16.96,17.08,17.33,16.96,18529,31783753.00,2.18,0.71,0.12,2.42
2019-11-27,17.00,16.93,17.06,16.68,18286,30862938.00,2.22,-0.88,-0.15,2.39
2019-11-28,16.80,16.74,17.01,16.71,13309,22394849.00,1.77,-1.12,-0.19,1.74
2019-11-29,17.06,17.31,17.35,16.82,28729,49426690.00,3.17,3.41,0.57,3.75
2019-12-02,17.31,17.44,17.49,17.15,19771,34235318.00,1.96,0.75,0.13,2.58
2019-12-03,17.44,17.45,17.55,17.22,18210,31661544.00,1.89,0.06,0.01,2.38
2019-12-04,17.37,17.56,17.61,17.29,19563,34231887.00,1.83,0.63,0.11,2.55
2019-12-05,17.57,17.85,17.98,17.56,30742,54648317.00,2.39,1.65,0.29,4.01
2019-12-06,17.84,18.22,18.43,17.78,46859,85123504.00,3.64,2.07,0.37,6.12
2019-12-09,18.22,18.07,18.40,18.02,40698,73886686.00,2.09,-0.82,-0.15,5.31
2019-12-10,18.18,19.00,19.28,18.18,108614,205299775.00,6.09,5.15,0.93,14.18
2019-12-11,18.87,18.50,18.96,18.43,71066,132549996.00,2.79,-2.63,-0.50,9.28
2019-12-12,18.35,18.65,19.04,18.14,71656,133912529.00,4.86,0.81,0.15,9.36
2019-12-13,18.85,19.18,19.25,18.54,77164,146185401.00,3.81,2.84,0.53,10.08
2019-12-16,19.19,19.74,19.75,19.00,91341,177829883.00,3.91,2.92,0.56,11.93
2019-12-17,19.55,19.49,19.77,19.31,69125,134851119.00,2.33,-1.27,-0.25,9.03
2019-12-18,19.43,19.38,19.77,19.33,61343,119746108.00,2.26,-0.56,-0.11,8.01
2019-12-19,19.28,19.42,19.88,19.23,48799,95452330.00,3.35,0.21,0.04,6.37
2019-12-20,19.56,19.13,19.78,19.10,47390,92194006.00,3.50,-1.49,-0.29,6.19
2019-12-23,19.30,18.59,19.30,18.55,41381,78267679.00,3.92,-2.82,-0.54,5.40
2019-12-24,18.70,18.99,18.99,18.45,29519,55404620.00,2.90,2.15,0.40,3.85
2019-12-25,19.07,19.04,19.40,18.74,34522,65904438.00,3.48,0.26,0.05,4.51
2019-12-26,19.11,19.39,19.46,18.90,40013,77071730.00,2.94,1.84,0.35,5.23
2019-12-27,19.38,18.70,19.88,18.70,56387,108763213.00,6.09,-3.56,-0.69,7.36
2019-12-30,18.15,18.49,18.73,17.69,43879,80345150.00,5.56,-1.12,-0.21,5.73
2019-12-31,18.50,19.70,20.34,18.50,91904,180321379.00,9.95,6.54,1.21,12.16
2020-01-02,19.60,19.85,20.10,19.42,76033,150859535.00,3.45,0.76,0.15,10.06
2020-01-03,19.90,19.85,20.09,19.58,49061,97206859.00,2.57,0.00,0.00,6.49
2020-01-06,19.86,20.02,20.17,19.65,57729,114960654.00,2.62,0.86,0.17,7.64
2020-01-07,19.92,19.99,20.02,19.61,42993,85441720.00,2.05,-0.15,-0.03,5.69
2020-01-08,19.73,19.75,21.18,19.50,81703,163563121.00,8.40,-1.20,-0.24,10.81
2020-01-09,20.00,20.36,20.64,19.83,80019,162454118.00,4.10,3.09,0.61,10.59
2020-01-10,20.12,19.87,20.57,19.80,55803,112569822.00,3.78,-2.41,-0.49,7.38
2020-01-13,20.01,20.21,20.35,19.71,44258,88910008.00,3.22,1.71,0.34,5.85
2020-01-14,20.25,20.65,20.90,20.09,75219,154018444.00,4.01,2.18,0.44,9.95
2020-01-15,20.66,20.20,20.86,19.86,60508,121847694.00,4.84,-2.18,-0.45,8.00
2020-01-16,20.29,20.02,20.35,19.96,38562,77592204.00,1.93,-0.89,-0.18,5.10
2020-01-17,19.99,19.64,20.08,19.62,31889,63178844.00,2.30,-1.90,-0.38,4.22
2020-01-20,20.50,19.90,20.50,19.58,35169,70232866.00,4.68,1.32,0.26,4.65
2020-01-21,19.80,19.49,20.00,19.38,31921,62603427.00,3.12,-2.06,-0.41,4.22
2020-01-22,19.56,19.72,19.79,19.01,27766,53966717.00,4.00,1.18,0.23,3.67
2020-01-23,19.48,19.25,20.22,18.71,41130,80520360.00,7.66,-2.38,-0.47,5.44
2020-02-03,17.33,17.33,17.33,17.33,2252,3902716.00,0.00,-9.97,-1.92,0.30
2020-02-04,15.80,16.48,16.80,15.80,49497,81494321.00,5.77,-4.90,-0.85,6.55
2020-02-05,16.60,16.73,17.28,16.60,34508,58303711.00,4.13,1.52,0.25,4.57
2020-02-06,16.73,17.25,17.38,16.51,38573,65815138.00,5.20,3.11,0.52,5.10
2020-02-07,16.90,17.51,17.61,16.90,35207,60898608.00,4.12,1.51,0.26,4.66
2020-02-10,17.50,17.69,17.84,17.21,35324,62243236.00,3.60,1.03,0.18,4.67
2020-02-11,17.60,17.60,17.83,17.39,26331,46281093.00,2.49,-0.51,-0.09,3.48
2020-02-12,17.70,17.81,17.88,17.39,35037,61741660.00,2.78,1.19,0.21,4.64
2020-02-13,17.59,17.24,17.64,17.09,42683,74088746.00,3.09,-3.20,-0.57,5.65
2020-02-14,17.21,17.27,17.54,17.08,27763,48021810.00,2.67,0.17,0.03,3.67
2020-02-17,17.68,18.19,18.47,17.68,53410,96360947.00,4.57,5.33,0.92,7.07
2020-02-18,18.19,19.45,19.96,18.19,85308,164293949.00,9.73,6.93,1.26,7.15
2020-02-19,19.30,19.91,20.52,19.14,97672,194400613.00,7.10,2.37,0.46,8.18
2020-02-20,20.08,20.80,21.13,19.43,114890,234244080.00,8.54,4.47,0.89,9.63
2020-02-21,20.89,20.78,21.35,20.40,100154,208441932.00,4.57,-0.10,-0.02,8.39
2020-02-24,20.50,21.66,21.72,20.41,106700,225446922.00,6.30,4.23,0.88,8.94
2020-02-25,21.11,21.07,21.27,19.81,100743,209684110.00,6.74,-2.72,-0.59,8.44
2020-02-26,20.61,20.60,21.45,20.15,78361,163397173.00,6.17,-2.23,-0.47,6.57
2020-02-27,20.76,20.47,20.86,20.22,50671,103894462.00,3.11,-0.63,-0.13,4.25
2020-02-28,20.00,21.08,21.98,19.60,159234,337761744.00,11.63,2.98,0.61,13.34
2020-03-02,22.08,23.19,23.19,21.18,189092,419075664.00,9.54,10.01,2.11,15.85
2020-03-03,23.90,25.51,25.51,23.42,252021,626420176.00,9.01,10.00,2.32,21.12
2020-03-04,24.80,24.45,25.80,23.39,185422,454691280.00,9.45,-4.16,-1.06,15.54
2020-03-05,24.89,24.30,25.28,24.12,119313,294250864.00,4.74,-0.61,-0.15,10.00
2020-03-06,23.39,23.38,23.89,22.80,87765,204791825.00,4.49,-3.79,-0.92,7.35
2020-03-09,22.52,22.26,23.99,22.13,83603,192693954.00,7.96,-4.79,-1.12,7.01
2020-03-10,22.31,23.17,23.20,21.71,72539,164030605.00,6.69,4.09,0.91,6.08
2020-03-11,23.49,22.54,23.98,22.36,78039,181021567.00,6.99,-2.72,-0.63,6.54
2020-03-12,21.91,21.84,22.45,21.29,63365,138650815.00,5.15,-3.11,-0.70,5.31
2020-03-13,20.14,21.20,21.65,20.14,56107,116779418.00,6.91,-2.93,-0.64,4.70
2020-03-16,21.58,20.20,21.80,20.00,58633,123243937.00,8.49,-4.72,-1.00,4.91
2020-03-17,20.35,22.22,22.22,19.52,88374,185665292.00,13.37,10.00,2.02,7.41
2020-03-18,22.11,21.21,22.50,21.11,91393,200366595.00,6.26,-4.55,-1.01,7.66
2020-03-19,21.33,21.82,22.18,21.00,69199,149570711.00,5.56,2.88,0.61,5.80
2020-03-20,21.97,21.96,22.16,21.41,56296,123038091.00,3.44,0.64,0.14,4.72
2020-03-23,21.19,21.96,22.77,21.18,80683,178384253.00,7.24,0.00,0.00,6.76
2020-03-24,22.40,21.49,22.60,20.22,76574,164863157.00,10.84,-2.14,-0.47,6.42
2020-03-25,21.76,21.94,22.18,21.19,64688,139915187.00,4.61,2.09,0.45,5.42
2020-03-26,21.82,20.92,21.82,20.88,55266,117553564.00,4.28,-4.65,-1.02,4.63
2020-03-27,22.42,23.01,23.01,22.03,58130,133114153.00,4.68,9.99,2.09,4.87
2020-03-30,22.39,21.27,22.50,21.02,102046,222185336.00,6.43,-7.56,-1.74,8.55
2020-03-31,21.33,22.52,23.40,21.33,167480,382074208.00,9.73,5.88,1.25,14.03
2020-04-01,21.60,23.16,23.52,21.58,167431,380359312.00,8.61,2.84,0.64,14.03
2020-04-02,22.85,23.88,23.90,22.73,153652,359733360.00,5.05,3.11,0.72,12.88
2020-04-03,23.70,22.74,23.70,22.41,121055,277393696.00,5.40,-4.77,-1.14,10.14
2020-04-07,23.19,24.26,24.70,22.97,147902,352030064.00,7.61,6.68,1.52,12.39
2020-04-08,23.81,23.90,24.42,23.62,90448,216438612.00,3.30,-1.48,-0.36,7.58
2020-04-09,23.99,23.44,24.20,23.06,79408,186571740.00,4.77,-1.92,-0.46,6.65
2020-04-10,23.44,22.18,23.44,22.13,63885,144392451.00,5.59,-5.38,-1.26,5.35
2020-04-13,21.82,21.13,21.85,21.05,43382,92494083.00,3.61,-4.73,-1.05,3.64
2020-04-14,21.33,21.56,21.60,21.23,34323,73578744.00,1.75,2.04,0.43,2.88
2020-04-15,21.63,21.20,21.63,21.11,38375,81803249.00,2.41,-1.67,-0.36,3.22
2020-04-16,21.15,20.94,21.16,20.60,35952,75111594.00,2.64,-1.23,-0.26,3.01
2020-04-17,21.13,20.93,21.61,20.77,45801,97035421.00,4.01,-0.05,-0.01,3.84
2020-04-20,20.69,21.28,21.31,20.59,34287,72010913.00,3.44,1.67,0.35,2.87
2020-04-21,21.76,21.23,21.76,21.00,46166,98726669.00,3.57,-0.23,-0.05,3.87
2020-04-22,21.19,21.03,21.19,20.75,32176,67436454.00,2.07,-0.94,-0.20,2.70
2020-04-23,21.00,20.21,21.08,20.21,42035,86580180.00,4.14,-3.90,-0.82,3.52
2020-04-24,20.25,19.95,20.39,19.75,34990,69792389.00,3.17,-1.29,-0.26,2.93
2020-04-27,20.06,19.31,20.28,19.28,34718,68163018.00,5.01,-3.21,-0.64,2.91
2020-04-28,19.30,18.90,19.37,17.66,46774,86892918.00,8.86,-2.12,-0.41,3.92
2020-04-29,18.78,18.98,19.15,18.52,26577,50215407.00,3.33,0.42,0.08,2.23
2020-04-30,18.98,19.80,19.98,18.98,34667,68077638.00,5.27,4.32,0.82,2.91
2020-05-06,19.92,20.80,20.85,19.62,47730,97451130.00,6.21,5.05,1.00,4.00
2020-05-07,21.09,20.98,21.09,20.41,46827,97490352.00,3.27,0.87,0.18,3.92
2020-05-08,21.13,21.12,21.37,20.90,32877,69326748.00,2.24,0.67,0.14,2.76
2020-05-11,21.13,21.06,21.40,20.81,29769,62843627.00,2.79,-0.28,-0.06,2.49
2020-05-12,21.11,21.85,22.69,21.01,74467,164068583.00,7.98,3.75,0.79,6.24
2020-05-13,21.91,21.84,22.34,21.52,38957,85154357.00,3.75,-0.05,-0.01,3.26
2020-05-14,21.39,21.58,21.98,21.37,26737,58119067.00,2.79,-1.19,-0.26,2.24
2020-05-15,21.84,21.64,21.96,21.42,26669,57978357.00,2.50,0.28,0.06,2.23
2020-05-18,21.56,20.90,21.90,20.83,31225,66464559.00,4.94,-3.42,-0.74,2.62
2020-05-19,21.15,21.33,22.24,21.00,37344,80568376.00,5.93,2.06,0.43,3.13
2020-05-20,21.36,21.05,21.64,20.90,28703,60955836.00,3.47,-1.31,-0.28,2.41
2020-05-21,21.00,20.19,21.33,20.18,27739,57119880.00,5.46,-4.09,-0.86,2.32
2020-05-22,20.03,19.87,20.40,19.61,23770,47497814.00,3.91,-1.58,-0.32,1.99
2020-05-25,19.87,19.64,20.07,19.48,12814,25308861.00,2.97,-1.16,-0.23,1.07
2020-05-26,19.90,20.51,20.68,19.74,23055,46745408.00,4.79,4.43,0.87,1.93
2020-05-27,20.70,20.21,20.83,20.16,18330,37476017.00,3.27,-1.46,-0.30,1.54
2020-05-28,20.35,19.79,20.35,19.46,21367,42353862.00,4.40,-2.08,-0.42,1.79
2020-05-29,19.97,19.64,20.16,19.61,20570,40648590.00,2.78,-0.76,-0.15,1.72
2020-06-01,19.66,20.66,20.80,19.62,31087,63465319.00,6.01,5.19,1.02,2.61
2020-06-02,20.75,21.07,21.22,20.68,30501,63999642.00,2.61,1.98,0.41,2.56
2020-06-03,21.01,20.83,21.24,20.81,21550,45272714.00,2.04,-1.14,-0.24,1.81
2020-06-04,20.79,20.71,21.03,20.53,15418,31971351.00,2.40,-0.58,-0.12,1.29
2020-06-05,20.43,20.53,20.78,20.31,15084,30939939.00,2.27,-0.87,-0.18,1.26
2020-06-08,20.62,21.06,21.89,20.62,52377,111707288.00,6.19,2.58,0.53,4.39
2020-06-09,20.87,20.66,21.06,20.55,31245,64725217.00,2.42,-1.90,-0.40,2.62
2020-06-10,20.66,20.48,20.90,20.20,22303,45561207.00,3.39,-0.87,-0.18,1.87
2020-06-11,20.48,20.53,20.85,20.32,22916,47193261.00,2.59,0.24,0.05,1.92
2020-06-12,19.99,20.17,20.30,19.80,19436,39093449.00,2.44,-1.75,-0.36,1.63
2020-06-15,19.76,19.81,20.20,19.46,31963,63273947.00,3.67,-1.78,-0.36,2.68
2020-06-16,19.88,20.25,20.39,19.82,22259,44874060.00,2.88,2.22,0.44,1.87
2020-06-17,20.24,20.22,20.42,19.95,19164,38562164.00,2.32,-0.15,-0.03,1.61
2020-06-18,20.23,20.29,20.44,20.06,20649,41889927.00,1.88,0.35,0.07,1.73
2020-06-19,20.45,22.32,22.32,20.45,71485,156136348.00,9.22,10.00,2.03,5.99
2020-06-22,23.50,22.72,23.84,22.33,123836,285991056.00,6.77,1.79,0.40,10.38
2020-06-23,22.72,21.95,23.04,21.61,77694,171154330.00,6.29,-3.39,-0.77,6.51
2020-06-24,21.96,21.98,22.31,21.61,62286,136992253.00,3.19,0.14,0.03,5.22
2020-06-29,22.15,21.58,22.38,21.42,50306,109831590.00,4.37,-1.82,-0.40,4.22
2020-06-30,21.85,22.83,23.09,21.64,76795,173439882.00,6.72,5.79,1.25,6.55
2020-07-01,22.78,22.69,23.47,22.18,62972,142865662.00,5.65,-0.61,-0.14,5.37
2020-07-02,22.48,22.85,22.96,22.36,47747,108358922.00,2.64,0.71,0.16,4.08
2020-07-03,22.81,22.57,22.96,22.25,37192,83925382.00,3.11,-1.23,-0.28,3.17
2020-07-06,22.49,23.65,23.70,22.43,74865,175004564.00,5.63,4.79,1.08,6.39
2020-07-07,23.64,24.10,25.58,23.21,96492,231746395.00,10.02,1.90,0.45,8.24
2020-07-08,24.10,24.44,24.63,23.72,62582,151939387.00,3.78,1.41,0.34,5.34
2020-07-09,24.38,24.74,25.38,24.26,74093,184091647.00,4.58,1.23,0.30,6.32
2020-07-10,24.80,24.74,25.30,24.41,59173,147334586.00,3.60,0.00,0.00,5.05
2020-07-13,24.70,26.40,26.74,24.30,83827,215559881.00,9.86,6.71,1.66,7.15
2020-07-14,29.04,29.04,29.04,28.50,50181,145655751.00,2.05,10.00,2.64,4.28
2020-07-15,28.98,26.14,28.98,26.14,152295,414373024.00,9.78,-9.99,-2.90,13.00
2020-07-16,25.50,24.02,26.20,23.72,91701,230242045.00,9.49,-8.11,-2.12,7.83
2020-07-17,24.23,24.38,24.73,24.12,46749,114115515.00,2.54,1.50,0.36,3.99
2020-07-20,24.70,25.40,25.43,24.31,45103,112387388.00,4.59,4.18,1.02,3.85
2020-07-21,25.48,26.19,26.56,24.32,75875,197187696.00,8.82,3.11,0.79,6.48
2020-07-22,25.90,25.99,26.34,25.56,50467,131270329.00,2.98,-0.76,-0.20,4.31
2020-07-23,25.68,26.33,26.39,24.95,53530,137750808.00,5.54,1.31,0.34,4.57
2020-07-24,25.98,24.06,26.00,23.99,65872,164247350.00,7.63,-8.62,-2.27,5.62
2020-07-27,24.28,24.29,24.80,24.08,29888,72984305.00,2.99,0.96,0.23,2.55
2020-07-28,24.70,26.72,26.72,24.51,73561,194380544.00,9.10,10.00,2.43,6.28
2020-07-29,26.17,29.39,29.39,26.17,177096,499521824.00,12.05,9.99,2.67,15.12
2020-07-30,31.00,30.18,31.68,29.05,175256,537537440.00,8.95,2.69,0.79,14.96
2020-07-31,30.01,30.04,31.71,29.30,115009,351480400.00,7.99,-0.46,-0.14,9.82
2020-08-03,31.20,33.04,33.04,30.34,113493,360618400.00,8.99,9.99,3.00,9.69
2020-08-04,33.50,30.45,33.50,29.74,141578,432415744.00,11.38,-7.84,-2.59,12.08
2020-08-05,29.82,30.07,30.58,29.36,80319,241073028.00,4.01,-1.25,-0.38,6.86
2020-08-06,30.36,29.52,30.36,29.07,53550,158903519.00,4.29,-1.83,-0.55,4.57
2020-08-07,29.27,28.00,29.69,27.63,77990,220492106.00,6.98,-5.15,-1.52,6.66
2020-08-10,28.20,28.16,28.33,27.21,43616,121408683.00,4.00,0.57,0.16,3.72
2020-08-11,28.20,28.05,29.17,27.81,48924,138793211.00,4.83,-0.39,-0.11,4.18
2020-08-12,27.99,27.91,28.48,26.71,46331,127648901.00,6.31,-0.50,-0.14,3.95
2020-08-13,28.10,27.76,28.40,27.43,38535,107461320.00,3.48,-0.54,-0.15,3.29
2020-08-14,27.50,27.79,27.99,27.09,45056,124061145.00,3.24,0.11,0.03,3.85
2020-08-17,28.17,28.90,29.40,27.71,63865,183462840.00,6.08,3.99,1.11,5.45
2020-08-18,28.70,28.88,28.88,28.12,47292,134327964.00,2.63,-0.07,-0.02,4.04
2020-08-19,28.60,27.31,28.60,27.31,45468,126477488.00,4.47,-5.44,-1.57,3.88
2020-08-20,26.90,26.56,27.24,26.50,33168,89011615.00,2.71,-2.75,-0.75,2.83
2020-08-21,26.80,26.75,27.15,26.36,21592,57681734.00,2.97,0.72,0.19,1.84
2020-08-24,26.75,29.33,29.43,26.75,93870,269063536.00,10.02,9.64,2.58,8.01
2020-08-25,28.78,28.02,29.47,27.90,67853,193962361.00,5.35,-4.47,-1.31,5.79
2020-08-26,27.98,27.59,28.40,27.22,34104,94456396.00,4.21,-1.53,-0.43,2.91
2020-08-27,27.69,28.23,28.50,27.01,31775,88913750.00,5.40,2.32,0.64,2.71
2020-08-28,28.02,27.90,28.17,27.15,40516,111671019.00,3.61,-1.17,-0.33,3.46
2020-08-31,28.22,27.93,28.75,27.93,32299,91445587.00,2.94,0.11,0.03,2.76
2020-09-01,28.49,29.30,29.90,28.30,68217,198644548.00,5.73,4.91,1.37,5.82
2020-09-02,29.20,31.47,32.21,28.86,109276,337330720.00,11.43,7.41,2.17,9.33
2020-09-03,31.93,33.80,34.62,31.93,106096,352225792.00,8.55,7.40,2.33,9.06
2020-09-04,32.99,33.46,34.50,31.45,91127,298871168.00,9.02,-1.01,-0.34,7.78
2020-09-07,33.90,32.14,33.90,31.71,72089,234099058.00,6.55,-3.95,-1.32,6.15
2020-09-08,31.88,32.10,32.30,30.85,57142,179656869.00,4.51,-0.12,-0.04,4.88
2020-09-09,31.59,30.35,31.59,29.40,46779,141586924.00,6.82,-5.45,-1.75,3.90
2020-09-10,30.20,29.87,31.17,29.16,45458,136803098.00,6.62,-1.58,-0.48,3.79
2020-09-11,29.90,30.69,30.98,29.09,39370,118752368.00,6.33,2.75,0.82,3.28
2020-09-14,30.80,30.76,31.00,29.58,43407,131562434.00,4.63,0.23,0.07,3.62
2020-09-15,30.69,29.88,30.69,29.76,35929,107891016.00,3.02,-2.86,-0.88,3.00
2020-09-16,30.00,30.08,30.40,29.45,28792,86044312.00,3.18,0.67,0.20,2.40
2020-09-17,29.82,29.35,30.33,28.70,31830,93455419.00,5.42,-2.43,-0.73,2.65
2020-09-18,29.01,29.62,29.67,28.64,26693,77934961.00,3.51,0.92,0.27,2.23
2020-09-21,29.80,31.05,31.49,29.43,67717,207931009.00,6.95,4.83,1.43,5.65
2020-09-22,30.90,30.79,31.85,29.33,54329,164670241.00,8.12,-0.84,-0.26,4.53
2020-09-23,30.26,30.45,30.90,30.07,27453,83611840.00,2.70,-1.10,-0.34,2.29
2020-09-24,30.11,31.73,32.35,29.30,70649,218228322.00,10.02,4.20,1.28,5.89
2020-09-25,31.80,32.96,33.33,31.13,71104,228813164.00,6.93,3.88,1.23,5.93
2020-09-28,32.50,32.50,33.36,32.00,34139,110910388.00,4.13,-1.40,-0.46,2.85
2020-09-29,32.51,31.33,32.85,31.30,36755,117303882.00,4.77,-3.60,-1.17,3.06
2020-09-30,31.60,31.30,31.85,31.00,23876,75050195.00,2.71,-0.10,-0.03,1.99
2020-10-09,31.76,34.15,34.43,31.50,72022,243144307.00,9.36,9.11,2.85,6.01
2020-10-12,34.42,34.77,35.28,33.70,69666,240424081.00,4.63,1.82,0.62,5.81
2020-10-13,34.92,36.22,36.58,34.20,64535,229664591.00,6.84,4.17,1.45,5.38
2020-10-14,35.80,36.00,36.36,34.50,48054,170547515.00,5.14,-0.61,-0.22,4.00
2020-10-15,36.03,34.22,37.03,32.72,66099,226846542.00,11.97,-4.94,-1.78,5.50
2020-10-16,34.18,34.45,36.00,34.00,41590,143381942.00,5.84,0.67,0.23,3.46
2020-10-19,34.86,33.78,35.13,33.67,30871,105626035.00,4.24,-1.94,-0.67,2.57
2020-10-20,33.44,34.38,34.44,33.19,22947,77788772.00,3.70,1.78,0.60,1.91
2020-10-21,34.26,34.12,34.40,33.52,20572,69880240.00,2.56,-0.76,-0.26,1.71
2020-10-22,34.30,34.23,35.88,33.76,58293,203635503.00,6.21,0.32,0.11,4.85
2020-10-23,34.17,32.89,34.83,32.85,48454,163358903.00,5.78,-3.91,-1.34,4.03
2020-10-26,32.78,32.92,33.48,32.02,31875,104218998.00,4.44,0.09,0.03,2.65
2020-10-27,33.10,32.70,33.33,32.23,30179,98409937.00,3.34,-0.67,-0.22,2.51
2020-10-28,32.52,33.51,33.92,31.89,36087,118968915.00,6.21,2.48,0.81,3.00
2020-10-29,32.96,33.10,33.80,32.87,30694,102048721.00,2.78,-1.22,-0.41,2.56
2020-10-30,33.36,32.45,33.88,32.45,63909,212391552.00,4.32,-1.96,-0.65,5.32
2020-11-02,32.80,32.09,32.80,31.30,32696,104149775.00,4.62,-1.11,-0.36,2.72
2020-11-03,32.10,31.89,32.45,31.38,34116,108700988.00,3.33,-0.62,-0.20,2.84
2020-11-04,31.89,30.94,32.00,29.91,44859,138303225.00,6.55,-2.98,-0.95,3.73
2020-11-05,30.91,30.99,31.59,30.45,40089,123979780.00,3.68,0.16,0.05,3.34
2020-11-06,30.61,29.93,30.93,29.49,38644,115936400.00,4.65,-3.42,-1.06,3.22
2020-11-09,30.11,32.92,32.92,29.88,62501,198580669.00,10.16,9.99,2.99,5.20
2020-11-10,33.05,32.78,33.51,32.38,49687,164117340.00,3.43,-0.43,-0.14,4.14
2020-11-11,32.80,31.47,32.90,31.10,31494,99970472.00,5.49,-4.00,-1.31,2.62
2020-11-12,31.76,31.15,31.98,30.58,31412,98033279.00,4.45,-1.02,-0.32,2.61
2020-11-13,31.06,30.59,31.20,30.35,20613,63312456.00,2.73,-1.80,-0.56,1.72
2020-11-16,30.61,30.69,30.98,30.06,20514,62373965.00,3.01,0.33,0.10,1.71
2020-11-17,30.78,29.89,30.78,29.50,31236,92997050.00,4.17,-2.61,-0.80,2.60
2020-11-18,29.95,29.70,30.45,29.52,22507,67266091.00,3.11,-0.64,-0.19,1.87
2020-11-19,29.70,29.95,30.09,29.10,17621,52466975.00,3.33,0.84,0.25,1.47
2020-11-20,30.23,29.91,30.23,29.55,16435,48999344.00,2.27,-0.13,-0.04,1.37
2020-11-23,29.94,29.22,29.95,29.01,27638,81000148.00,3.14,-2.31,-0.69,2.30
2020-11-24,29.21,29.22,29.77,29.13,15262,44808984.00,2.19,0.00,0.00,1.27
2020-11-25,29.48,29.52,29.99,28.89,25463,74885027.00,3.76,1.03,0.30,2.12
2020-11-26,29.28,29.60,29.83,29.11,15486,45574066.00,2.44,0.27,0.08,1.29
2020-11-27,29.60,29.35,29.70,28.82,18901,55181902.00,2.97,-0.84,-0.25,1.57
2020-11-30,29.30,28.92,29.38,28.78,19876,57701646.00,2.04,-1.47,-0.43,1.65
2020-12-01,28.98,29.64,29.80,28.78,22542,66517180.00,3.53,2.49,0.72,1.88
2020-12-02,29.70,30.25,30.64,29.70,32336,97596636.00,3.17,2.06,0.61,2.69
2020-12-03,30.39,29.75,30.50,29.58,24131,72150436.00,3.04,-1.65,-0.50,2.01
2020-12-04,29.50,29.69,30.14,29.41,13500,40146699.00,2.45,-0.20,-0.06,1.12
2020-12-07,29.90,30.50,30.73,29.70,40804,124098694.00,3.47,2.73,0.81,3.40
2020-12-08,30.41,30.86,31.72,29.98,41786,129359463.00,5.70,1.18,0.36,3.48
2020-12-09,30.70,29.63,31.11,29.60,24599,74920535.00,4.89,-3.99,-1.23,2.05
2020-12-10,29.70,30.09,30.45,29.32,18505,55401591.00,3.81,1.55,0.46,1.54
2020-12-11,29.99,27.72,30.08,27.08,83580,232107531.00,9.97,-7.88,-2.37,6.96
2020-12-14,27.62,27.22,27.70,26.62,36997,100945898.00,3.90,-1.80,-0.50,3.08
2020-12-15,27.45,27.27,27.59,26.80,25113,68224980.00,2.90,0.18,0.05,2.09
2020-12-16,27.11,27.04,27.36,26.60,25875,69448716.00,2.79,-0.84,-0.23,2.15
2020-12-17,27.05,26.73,27.05,26.08,25373,67418669.00,3.59,-1.15,-0.31,2.11
2020-12-18,26.73,26.50,27.05,26.18,20553,54648501.00,3.25,-0.86,-0.23,1.71
2020-12-21,26.51,26.89,27.16,26.32,19863,53341251.00,3.17,1.47,0.39,1.65
2020-12-22,26.84,26.08,27.09,25.90,28651,75681713.00,4.43,-3.01,-0.81,2.39
2020-12-23,25.94,26.30,26.84,25.88,23481,61911457.00,3.68,0.84,0.22,1.95
2020-12-24,26.58,26.06,26.58,25.60,16675,43524464.00,3.73,-0.91,-0.24,1.39
2020-12-25,26.09,25.60,26.27,25.60,15824,40862218.00,2.57,-1.77,-0.46,1.32
2020-12-28,25.59,25.49,25.68,24.81,16587,41825354.00,3.40,-0.43,-0.11,1.38
2020-12-29,25.39,25.59,26.13,25.25,24757,63699862.00,3.45,0.39,0.10,2.06
2020-12-30,25.60,25.82,25.95,25.26,17397,44639588.00,2.70,0.90,0.23,1.45
2020-12-31,25.79,27.02,27.13,25.67,32086,85391491.00,5.65,4.65,1.20,2.67
2021-01-04,26.88,27.33,27.64,26.75,30058,81746530.00,3.29,1.15,0.31,2.50
2021-01-05,27.25,27.10,27.40,26.85,25324,68523142.00,2.01,-0.84,-0.23,2.11
2021-01-06,27.18,26.67,27.38,26.28,18479,49357081.00,4.06,-1.59,-0.43,1.54
2021-01-07,26.66,25.56,26.67,25.20,27976,71750901.00,5.51,-4.16,-1.11,2.33
2021-01-08,25.44,26.00,26.53,25.20,18945,49109417.00,5.20,1.72,0.44,1.58
2021-01-11,26.19,26.14,26.70,25.93,20820,54680867.00,2.96,0.54,0.14,1.73
2021-01-12,26.06,26.73,27.30,25.78,39735,105613830.00,5.81,2.26,0.59,3.31
2021-01-13,26.79,26.11,26.90,25.50,29426,76867723.00,5.24,-2.32,-0.62,2.45
2021-01-14,26.56,26.92,27.49,26.11,38834,104516267.00,5.29,3.10,0.81,3.23
2021-01-15,26.58,27.21,27.30,26.40,30863,83057168.00,3.34,1.08,0.29,2.57
2021-01-18,27.08,28.05,28.25,27.01,40413,112009105.00,4.56,3.09,0.84,3.36
2021-01-19,28.15,28.21,28.27,27.55,31928,89024038.00,2.57,0.57,0.16,2.66
2021-01-20,28.08,28.45,28.75,27.82,35887,101805522.00,3.30,0.85,0.24,2.99
2021-01-21,28.50,29.02,29.28,28.21,38226,110126856.00,3.76,2.00,0.57,3.18
2021-01-22,29.48,29.86,30.45,29.07,59454,176410200.00,4.76,2.89,0.84,4.95
2021-01-25,29.79,30.01,30.66,28.30,66912,194398422.00,7.90,0.50,0.15,5.57
2021-01-26,29.77,29.05,30.59,29.00,44840,133096408.00,5.30,-3.20,-0.96,3.73
2021-01-27,28.90,28.60,29.16,28.08,33330,95567847.00,3.72,-1.55,-0.45,2.77
2021-01-28,27.91,28.22,28.74,27.88,25504,72326402.00,3.01,-1.33,-0.38,2.12
2021-01-29,28.35,27.51,28.54,27.25,31470,87554458.00,4.57,-2.52,-0.71,2.62
2021-02-01,27.48,28.70,28.73,27.38,33012,92894909.00,4.91,4.33,1.19,2.75
2021-02-02,28.65,28.65,29.13,28.30,25285,72529840.00,2.89,-0.17,-0.05,2.10
2021-02-03,28.52,27.00,28.52,26.99,35148,97226262.00,5.34,-5.76,-1.65,2.93
2021-02-04,26.81,25.89,26.98,25.50,33881,88099945.00,5.48,-4.11,-1.11,2.82
2021-02-05,26.05,24.98,26.35,24.86,29257,74536723.00,5.76,-3.51,-0.91,2.44
2021-02-08,25.01,25.04,25.33,24.70,20867,52142599.00,2.52,0.24,0.06,1.74
2021-02-09,25.10,25.29,25.69,24.96,22135,56157338.00,2.92,1.00,0.25,1.84
2021-02-10,25.47,25.00,25.63,24.81,27681,69371175.00,3.24,-1.15,-0.29,2.30
2021-02-18,25.34,25.76,26.11,25.17,33227,85555503.00,3.76,3.04,0.76,2.77
2021-02-19,25.77,26.28,26.35,25.36,29731,77248775.00,3.84,2.02,0.52,2.47
2021-02-22,26.37,26.11,26.68,26.10,32273,85136564.00,2.21,-0.65,-0.17,2.69
2021-02-23,25.99,25.81,26.25,25.33,25814,66683461.00,3.52,-1.15,-0.30,2.15
2021-02-24,25.77,25.96,26.42,25.76,21000,54796086.00,2.56,0.58,0.15,1.75
2021-02-25,25.97,25.64,26.24,25.57,17851,46068161.00,2.58,-1.23,-0.32,1.49
2021-02-26,25.45,25.65,26.05,25.10,16264,41761626.00,3.71,0.04,0.01,1.35
2021-03-01,25.75,26.19,26.31,25.75,28836,74896026.00,2.18,2.11,0.54,2.40
2021-03-02,26.47,26.03,26.65,25.83,25313,66266718.00,3.13,-0.61,-0.16,2.11
2021-03-03,26.05,26.31,26.56,25.88,29158,76464144.00,2.61,1.08,0.28,2.43
2021-03-04,26.23,25.78,26.33,25.73,27543,71329746.00,2.28,-2.01,-0.53,2.29
2021-03-05,25.79,25.66,26.06,25.48,18817,48514955.00,2.25,-0.47,-0.12,1.57
2021-03-08,25.79,25.70,26.28,25.68,26857,69662026.00,2.34,0.16,0.04,2.24
2021-03-09,25.66,24.41,25.67,24.00,28278,70000273.00,6.50,-5.02,-1.29,2.35
2021-03-10,24.60,24.10,24.71,23.70,22756,54995227.00,4.14,-1.27,-0.31,1.89
2021-03-11,23.80,24.14,24.28,23.28,19951,47523528.00,4.15,0.17,0.04,1.66
2021-03-12,24.14,23.80,24.15,23.50,18028,42838894.00,2.69,-1.41,-0.34,1.50
2021-03-15,23.80,24.70,24.70,23.66,24994,60760771.00,4.37,3.78,0.90,2.08
2021-03-16,24.00,24.46,24.75,24.00,15849,38595241.00,3.04,-0.97,-0.24,1.32
2021-03-17,24.52,25.13,25.13,24.23,21842,54392543.00,3.68,2.74,0.67,1.82
2021-03-18,25.16,25.49,25.58,24.88,24251,61258698.00,2.79,1.43,0.36,2.02
2021-03-19,25.09,25.52,25.71,25.09,21212,54066725.00,2.43,0.12,0.03,1.77
2021-03-22,25.60,25.46,25.68,25.30,17893,45634106.00,1.49,-0.24,-0.06,1.49
2021-03-23,25.43,25.34,25.60,25.00,16143,40840725.00,2.36,-0.47,-0.12,1.34
2021-03-24,25.24,25.12,25.44,24.91,16519,41530655.00,2.09,-0.87,-0.22,1.38
2021-03-25,25.04,25.08,25.52,24.69,22187,55846874.00,3.30,-0.16,-0.04,1.85
2021-03-26,25.08,25.63,25.80,24.93,22082,56318815.00,3.47,2.19,0.55,1.84
2021-03-29,25.74,25.44,25.75,25.23,16621,42379233.00,2.03,-0.74,-0.19,1.38
2021-03-30,25.42,25.16,25.44,25.07,12438,31327914.00,1.45,-1.10,-0.28,1.04
2021-03-31,25.18,25.61,25.78,25.02,17651,45142654.00,3.02,1.79,0.45,1.47
2021-04-01,25.62,25.80,26.13,25.56,23816,61674750.00,2.23,0.74,0.19,1.98
2021-04-02,25.66,26.02,26.19,25.50,23365,60665517.00,2.67,0.85,0.22,1.95
2021-04-06,26.02,26.13,26.20,25.77,14071,36616622.00,1.65,0.42,0.11,1.17
2021-04-07,26.10,26.15,26.24,25.83,16188,42083970.00,1.57,0.08,0.02,1.35
2021-04-08,26.05,25.80,26.22,25.71,14603,37738646.00,1.95,-1.34,-0.35,1.22
2021-04-09,25.66,26.34,26.40,25.66,28880,75682169.00,2.87,2.09,0.54,2.40
2021-04-12,26.35,25.25,26.38,25.15,30606,78733566.00,4.67,-4.14,-1.09,2.55
2021-04-13,24.97,24.30,25.17,24.10,43144,105860243.00,4.24,-3.76,-0.95,3.59
2021-04-14,24.86,25.29,25.50,24.61,32331,81031192.00,3.66,4.07,0.99,2.69
2021-04-15,25.29,24.93,25.29,24.61,19636,48968995.00,2.69,-1.42,-0.36,1.63
2021-04-16,24.83,25.95,26.39,24.83,38796,100429437.00,6.26,4.09,1.02,3.23
2021-04-19,26.10,26.47,26.73,26.10,33190,87747210.00,2.43,2.00,0.52,2.76
2021-04-20,26.40,26.35,26.68,26.20,31265,82735619.00,1.81,-0.45,-0.12,2.60
2021-04-21,26.45,26.40,26.45,26.00,17527,46007146.00,1.71,0.19,0.05,1.46
2021-04-22,26.41,26.27,26.68,26.25,16037,42326629.00,1.63,-0.49,-0.13,1.33
2021-04-23,26.28,25.97,26.47,25.85,19636,51231528.00,2.36,-1.14,-0.30,1.63
2021-04-26,26.10,26.60,27.15,25.96,34533,92342423.00,4.58,2.43,0.63,2.87
2021-04-27,26.65,26.92,27.10,26.23,27995,74779032.00,3.27,1.20,0.32,2.33
2021-04-28,26.87,26.41,26.98,26.09,26489,70168135.00,3.31,-1.89,-0.51,2.07
2021-04-29,26.00,25.84,26.24,25.23,36904,95074780.00,3.82,-2.16,-0.57,2.88
2021-04-30,26.07,25.70,26.07,25.45,24241,62312100.00,2.40,-0.54,-0.14,1.89
2021-05-06,26.00,26.44,27.44,25.70,60641,160969732.00,6.77,2.88,0.74,3.84
2021-05-07,26.70,26.49,26.84,26.28,36916,97847191.00,2.12,0.19,0.05,2.34
2021-05-10,26.44,25.16,26.44,24.84,48397,123276143.00,6.04,-5.02,-1.33,3.07
2021-05-11,24.71,25.00,25.28,24.52,26403,65668219.00,3.02,-0.64,-0.16,1.67
2021-05-12,25.01,25.20,25.33,24.76,22028,55012138.00,2.28,0.80,0.20,1.40
2021-05-13,24.95,24.76,25.15,24.70,15924,39623909.00,1.79,-1.75,-0.44,1.01
2021-05-14,24.72,25.18,25.25,24.57,22417,55898914.00,2.75,1.70,0.42,1.42
2021-05-17,25.00,24.99,25.36,24.91,20495,51398116.00,1.79,-0.75,-0.19,1.30
2021-05-18,25.24,24.94,25.24,24.75,15333,38188560.00,1.96,-0.20,-0.05,0.97
2021-05-19,24.80,24.18,24.80,24.18,30184,73585582.00,2.49,-3.05,-0.76,1.91
2021-05-20,24.19,23.89,24.28,23.78,21627,51773922.00,2.07,-1.20,-0.29,1.37
2021-05-21,24.03,23.77,24.16,23.75,18129,43415034.00,1.72,-0.50,-0.12,1.15
2021-05-24,23.80,24.14,24.25,23.58,19148,45856637.00,2.82,1.56,0.37,1.21
2021-05-25,24.15,24.22,24.31,23.89,19355,46680591.00,1.74,0.33,0.08,1.23
2021-05-26,24.30,24.01,24.37,24.00,19031,45876223.00,1.53,-0.87,-0.21,1.21
2021-05-27,24.00,24.42,24.49,23.81,22070,53674370.00,2.83,1.71,0.41,1.40
2021-05-28,24.50,24.28,24.78,24.10,20177,49316322.00,2.78,-0.57,-0.14,1.28
2021-05-31,24.38,24.46,24.62,24.28,16939,41440269.00,1.40,0.74,0.18,1.07
2021-06-01,24.42,24.56,24.72,24.32,18758,46096871.00,1.64,0.41,0.10,1.19
2021-06-02,24.65,23.89,24.67,23.87,23523,56919003.00,3.26,-2.73,-0.67,1.49
2021-06-03,23.97,23.75,24.26,23.62,15808,37855961.00,2.68,-0.59,-0.14,1.00
2021-06-04,23.83,24.16,24.20,23.66,18640,44745585.00,2.27,1.73,0.41,1.18
2021-06-07,24.25,25.09,25.15,24.25,37673,93576032.00,3.73,3.85,0.93,2.39
2021-06-08,25.10,24.86,25.11,24.61,27074,67334057.00,1.99,-0.92,-0.23,1.72
2021-06-09,24.85,24.85,25.04,24.63,16309,40440207.00,1.65,-0.04,-0.01,1.03
2021-06-10,24.82,24.86,24.94,24.64,17137,42536809.00,1.21,0.04,0.01,1.09
2021-06-11,24.91,24.60,24.96,24.54,17133,42203730.00,1.69,-1.05,-0.26,1.09
2021-06-15,24.60,24.09,24.60,23.86,19975,48260817.00,3.01,-2.07,-0.51,1.27
2021-06-16,24.09,24.15,24.35,23.91,16022,38647497.00,1.83,0.25,0.06,1.02
2021-06-17,24.20,24.74,24.78,23.88,23687,57657266.00,3.73,2.44,0.59,1.50
2021-06-18,24.65,24.66,24.93,24.58,17229,42639864.00,1.41,-0.32,-0.08,1.09
2021-06-21,24.78,25.45,25.60,24.69,33503,84728777.00,3.69,3.20,0.79,2.12
2021-06-22,25.55,25.57,25.80,25.28,33435,85254770.00,2.04,0.47,0.12,2.12
2021-06-23,25.54,25.82,25.96,25.50,28959,74632770.00,1.80,0.98,0.25,1.84
2021-06-24,25.83,26.03,26.26,25.46,38438,99639408.00,3.10,0.81,0.21,2.44
2021-06-25,26.06,25.69,26.33,25.66,26211,67749324.00,2.57,-1.31,-0.34,1.66
2021-06-28,25.76,26.01,26.10,25.52,26220,67718350.00,2.26,1.25,0.32,1.66
2021-06-29,26.30,25.77,26.30,25.55,22765,58703213.00,2.88,-0.92,-0.24,1.44
2021-06-30,25.68,25.62,26.25,25.54,26175,67587336.00,2.76,-0.58,-0.15,1.66
2021-07-01,25.60,24.94,25.77,24.90,26104,65967903.00,3.40,-2.65,-0.68,1.65
2021-07-02,24.78,24.89,25.19,24.74,20805,51907475.00,1.80,-0.20,-0.05,1.32
2021-07-05,24.98,26.02,26.38,24.98,36887,94947631.00,5.62,4.54,1.13,2.34
2021-07-06,26.20,25.85,26.53,25.62,43955,114760824.00,3.50,-0.65,-0.17,2.79
2021-07-07,25.80,26.22,26.44,25.70,42845,112012115.00,2.86,1.43,0.37,2.72
2021-07-08,26.40,26.09,26.40,25.95,34241,89438147.00,1.72,-0.50,-0.13,2.17
2021-07-09,26.00,26.64,26.73,25.85,50531,133018825.00,3.37,2.11,0.55,3.20
2021-07-12,26.60,26.49,26.85,26.21,49276,130429356.00,2.40,-0.56,-0.15,3.12
2021-07-13,26.45,26.33,26.45,25.64,49675,129671721.00,3.06,-0.60,-0.16,3.15
2021-07-14,28.96,28.96,28.96,28.96,46350,134228615.00,0.00,9.99,2.63,2.94
2021-07-15,31.86,31.86,31.86,31.86,38486,122617224.00,0.00,10.01,2.90,2.44
2021-07-16,34.90,34.11,34.90,32.68,411948,1396946352.00,6.97,7.06,2.25,26.11
