2017-08-30,18.61,18.61,18.61,18.61,26,48386.00,0.00,9.99,1.69,0.01
2017-08-31,20.47,20.47,20.47,20.47,36,73692.00,0.00,9.99,1.86,0.02
2017-09-01,22.52,22.52,22.52,22.52,54,121608.00,0.00,10.01,2.05,0.03
2017-09-04,24.77,24.77,24.77,24.77,74,183298.00,0.00,9.99,2.25,0.04
2017-09-05,27.25,27.25,27.25,27.25,114,310650.00,0.00,10.01,2.48,0.06
2017-09-06,29.98,29.98,29.98,29.98,118,353764.00,0.00,10.02,2.73,0.06
2017-09-07,32.98,32.98,32.98,32.98,470,1549070.00,0.00,10.01,3.00,0.23
2017-09-08,36.28,36.28,36.28,36.28,925,3354847.00,0.00,10.01,3.30,0.46
2017-09-13,39.91,39.91,39.91,39.91,1586,6330324.00,0.00,10.01,3.63,0.79
2017-09-14,43.90,43.90,43.90,43.90,826,3626140.00,0.00,10.00,3.99,0.41
2017-09-15,48.29,48.29,48.29,48.29,2977,14375933.00,0.00,10.00,4.39,1.49
2017-09-18,53.12,53.12,53.12,51.51,137928,727246528.00,3.33,10.00,4.83,68.96
2017-09-19,52.00,56.02,57.94,51.38,135323,737127296.00,12.35,5.46,2.90,67.66
2017-09-20,53.27,56.71,59.99,51.02,119087,663028112.00,16.01,1.23,0.69,59.54
2017-09-21,56.10,52.29,57.90,52.00,91130,498833040.00,10.40,-7.79,-4.42,45.56
2017-09-22,50.88,51.60,54.15,49.17,69557,361695472.00,9.52,-1.32,-0.69,34.78
2017-09-25,51.60,56.76,56.76,50.67,74569,414415744.00,11.80,10.00,5.16,37.28
2017-09-26,57.50,52.81,59.40,51.51,92507,511630608.00,13.90,-6.96,-3.95,46.25
2017-09-27,49.99,49.28,50.51,48.10,66532,328803952.00,4.56,-6.68,-3.53,33.27
2017-09-28,49.46,47.75,50.50,47.73,51721,254291382.00,5.62,-3.10,-1.53,25.86
2017-09-29,48.01,47.17,49.00,46.88,36057,172241796.00,4.44,-1.21,-0.58,18.03
2017-10-09,48.21,48.28,48.58,47.18,21060,101134417.00,2.97,2.35,1.11,10.53
2017-10-10,48.02,49.33,49.49,47.90,28797,140909709.00,3.29,2.17,1.05,14.40
2017-10-11,49.20,49.00,49.43,47.22,32689,158429248.00,4.48,-0.67,-0.33,16.34
2017-10-12,48.79,49.83,50.50,48.40,38214,190050610.00,4.29,1.69,0.83,19.11
2017-10-13,49.70,49.31,49.92,48.50,23530,115701432.00,2.85,-1.04,-0.52,11.76
2017-10-16,49.23,46.90,49.23,46.60,29709,141397519.00,5.33,-4.89,-2.41,14.85
2017-10-17,47.00,47.11,47.58,46.20,14996,70520207.00,2.94,0.45,0.21,7.50
2017-10-18,47.11,45.81,48.19,45.80,20298,95949586.00,5.07,-2.76,-1.30,10.15
2017-10-19,45.38,44.80,45.50,44.04,25429,114078884.00,3.19,-2.20,-1.01,12.71
2017-10-20,44.55,45.32,45.59,44.38,13377,60312602.00,2.70,1.16,0.52,6.69
2017-10-23,45.43,45.69,45.80,45.00,10879,49456646.00,1.77,0.82,0.37,5.44
2017-10-24,45.40,44.40,45.40,44.01,15295,68215168.00,3.04,-2.82,-1.29,7.65
2017-10-25,44.47,45.86,46.20,44.40,17367,78681805.00,4.05,3.29,1.46,8.68
2017-10-26,45.88,47.92,48.88,45.67,37483,178466505.00,7.00,4.49,2.06,18.74
2017-10-27,46.50,46.03,47.00,46.01,27668,128119070.00,2.07,-3.94,-1.89,13.83
2017-10-30,45.10,43.00,45.40,42.50,27361,120073230.00,6.30,-6.58,-3.03,13.68
2017-10-31,42.72,43.44,43.55,42.58,11613,50117894.00,2.26,1.02,0.44,5.81
2017-11-01,43.44,45.09,45.70,43.20,21721,97487735.00,5.76,3.80,1.65,10.86
2017-11-02,44.81,45.32,46.80,44.45,25314,116192166.00,5.21,0.51,0.23,12.66
2017-11-03,45.20,45.57,46.65,44.52,18562,84822927.00,4.70,0.55,0.25,9.28
2017-11-06,46.99,46.90,47.92,46.38,24929,117382313.00,3.38,2.92,1.33,12.46
2017-11-07,46.35,47.72,47.92,45.85,23196,108912705.00,4.41,1.75,0.82,11.60
2017-11-08,48.00,48.86,50.27,47.87,39853,196547996.00,5.03,2.39,1.14,19.93
2017-11-09,48.00,50.20,50.26,47.89,34675,171324464.00,4.85,2.74,1.34,17.34
2017-11-10,49.92,49.77,50.50,49.03,25331,126166940.00,2.93,-0.86,-0.43,12.67
2017-11-13,51.25,53.46,53.46,51.00,47281,247486575.00,4.94,7.41,3.69,23.64
2017-11-14,53.46,58.81,58.81,52.88,88493,503488432.00,11.09,10.01,5.35,44.25
2017-11-15,58.99,57.41,60.75,56.80,77100,452486560.00,6.72,-2.38,-1.40,38.55
2017-11-16,59.13,52.89,59.49,52.77,71276,399475952.00,11.71,-7.87,-4.52,35.64
2017-11-17,53.50,54.46,56.32,52.70,67272,367177536.00,6.84,2.97,1.57,33.64
2017-11-20,50.00,53.22,54.21,49.01,44493,229343558.00,9.55,-2.28,-1.24,22.25
2017-11-21,52.10,49.98,53.77,48.01,50110,253487676.00,10.82,-6.09,-3.24,25.06
2017-11-22,49.13,50.61,51.24,47.50,36674,181784981.00,7.48,1.26,0.63,18.34
2017-11-23,49.76,52.18,54.70,48.52,44504,229978972.00,12.21,3.10,1.57,22.25
2017-11-24,51.00,50.20,54.47,50.00,42213,222274676.00,8.57,-3.79,-1.98,21.11
2017-11-27,48.00,45.18,48.89,45.18,35990,165082171.00,7.39,-10.00,-5.02,17.99
2017-11-28,44.20,45.61,46.00,43.68,22733,102743151.00,5.14,0.95,0.43,11.37
2017-11-29,45.40,45.55,46.76,44.50,19252,87800215.00,4.96,-0.13,-0.06,9.63
2017-11-30,45.05,46.45,47.27,45.05,25998,121016441.00,4.87,1.98,0.90,13.00
2017-12-01,45.92,46.55,47.10,44.69,21213,97493995.00,5.19,0.22,0.10,10.61
2017-12-04,45.50,41.90,45.50,41.90,34114,147979241.00,7.73,-9.99,-4.65,17.06
2017-12-05,42.00,39.13,42.30,38.52,22861,91973984.00,9.02,-6.61,-2.77,11.43
2017-12-06,39.18,40.65,40.95,38.45,17659,70031867.00,6.39,3.88,1.52,8.83
2017-12-07,40.44,41.94,42.97,40.40,25389,106862537.00,6.32,3.17,1.29,12.69
2017-12-08,41.42,42.79,43.60,41.01,19325,82399212.00,6.18,2.03,0.85,9.66
2017-12-11,42.51,42.60,43.10,42.01,13863,58944528.00,2.55,-0.44,-0.19,6.93
2017-12-12,42.56,41.00,43.08,40.90,14925,62370049.00,5.12,-3.76,-1.60,7.46
2017-12-13,40.56,42.92,43.18,40.56,19100,80481660.00,6.39,4.68,1.92,9.55
2017-12-14,42.83,43.11,43.50,42.44,14130,60711376.00,2.47,0.44,0.19,7.07
2017-12-15,43.22,43.01,44.99,42.76,20058,88138971.00,5.17,-0.23,-0.10,10.03
2017-12-18,42.80,43.85,44.16,42.52,13183,57048544.00,3.81,1.95,0.84,6.59
2017-12-19,43.85,44.08,44.28,43.41,11434,50136390.00,1.98,0.52,0.23,5.72
2017-12-20,44.17,43.30,45.41,43.28,14189,62835209.00,4.83,-1.77,-0.78,7.09
2017-12-21,43.00,42.20,44.26,41.30,21022,89974569.00,6.84,-2.54,-1.10,10.51
2017-12-22,42.24,42.70,43.58,42.15,14514,62195684.00,3.39,1.18,0.50,7.26
2017-12-25,42.78,41.72,42.98,40.48,17626,73007963.00,5.85,-2.30,-0.98,8.81
2017-12-26,41.24,43.35,44.00,41.24,19570,84089020.00,6.62,3.91,1.63,9.79
2017-12-27,44.31,43.00,44.70,43.00,21197,92872151.00,3.92,-0.81,-0.35,10.60
2017-12-28,42.59,42.97,44.46,42.59,19922,86463259.00,4.35,-0.07,-0.03,9.96
2017-12-29,43.60,42.55,43.60,41.61,16762,71301392.00,4.63,-0.98,-0.42,8.38
2018-01-02,42.78,42.40,42.86,41.85,13016,54968687.00,2.37,-0.35,-0.15,6.51
2018-01-03,42.39,43.30,43.30,42.10,16219,69353705.00,2.83,2.12,0.90,8.11
2018-01-04,43.03,42.66,44.00,42.45,16091,69376592.00,3.58,-1.48,-0.64,8.05
2018-01-05,42.76,41.85,43.25,41.40,14957,63090613.00,4.34,-1.90,-0.81,7.48
2018-01-08,41.76,40.86,41.89,39.76,17578,71430627.00,5.09,-2.37,-0.99,8.79
2018-01-09,41.00,41.32,41.65,40.66,12564,51632615.00,2.42,1.13,0.46,6.28
2018-01-10,41.19,39.30,41.19,38.90,20305,80627264.00,5.54,-4.89,-2.02,10.15
2018-01-11,39.00,39.74,40.18,38.84,11473,45605568.00,3.41,1.12,0.44,5.74
2018-01-12,39.74,39.19,39.74,39.07,9297,36536784.00,1.69,-1.38,-0.55,4.65
2018-01-15,39.20,37.35,39.43,37.29,14281,54248365.00,5.46,-4.70,-1.84,7.14
2018-01-16,36.80,38.34,38.45,36.80,11224,42650251.00,4.42,2.65,0.99,5.61
2018-01-17,38.38,39.48,39.51,37.89,16151,62780535.00,4.23,2.97,1.14,8.08
2018-01-18,39.18,38.84,39.26,38.38,10367,40274183.00,2.23,-1.62,-0.64,5.18
2018-01-19,38.70,38.81,39.79,38.44,10178,39887289.00,3.48,-0.08,-0.03,5.09
2018-01-22,38.60,37.69,38.60,36.70,13810,51651621.00,4.90,-2.89,-1.12,6.91
2018-01-23,37.39,37.90,38.25,37.32,7165,27101594.00,2.47,0.56,0.21,3.58
2018-01-24,38.00,38.78,39.11,37.54,12062,46511048.00,4.14,2.32,0.88,6.03
2018-01-25,38.66,37.96,39.16,37.82,13030,50191722.00,3.46,-2.11,-0.82,6.52
2018-01-26,37.61,37.06,38.30,36.94,10326,38787535.00,3.58,-2.37,-0.90,5.16
2018-01-29,37.01,38.08,38.09,36.88,9999,37521972.00,3.26,2.75,1.02,5.00
2018-01-30,38.05,37.40,38.05,37.07,7588,28365633.00,2.57,-1.79,-0.68,3.79
2018-01-31,37.29,35.11,37.29,35.06,12782,45714910.00,5.96,-6.12,-2.29,6.39
2018-02-01,35.28,33.64,35.70,33.37,9932,33973695.00,6.64,-4.19,-1.47,4.97
2018-02-02,33.08,32.73,33.88,32.21,7025,23088645.00,4.96,-2.71,-0.91,3.51
2018-02-05,32.24,31.36,32.57,31.20,6373,20399360.00,4.19,-4.19,-1.37,3.19
2018-02-06,30.05,28.26,30.80,28.22,14530,42757381.00,8.23,-9.89,-3.10,7.27
2018-02-07,29.39,29.33,29.88,28.02,13848,40334646.00,6.58,3.79,1.07,6.92
2018-02-08,29.09,29.95,30.13,29.09,9286,27652030.00,3.55,2.11,0.62,4.64
2018-02-09,28.70,29.39,29.98,28.70,8138,23910443.00,4.27,-1.87,-0.56,4.07
2018-02-12,29.70,31.07,31.20,29.70,9225,28191514.00,5.10,5.72,1.68,4.61
2018-02-13,31.07,30.45,31.10,30.30,6777,20767418.00,2.57,-2.00,-0.62,3.39
2018-02-14,29.60,30.01,30.27,29.59,5182,15546073.00,2.23,-1.44,-0.44,2.59
2018-02-22,30.66,30.60,30.87,30.13,5054,15416947.00,2.47,1.97,0.59,2.53
2018-02-23,30.60,30.69,30.72,30.24,5405,16462894.00,1.57,0.29,0.09,2.70
2018-02-26,31.22,32.18,32.50,31.22,12140,38676084.00,4.17,4.86,1.49,6.07
2018-02-27,32.00,34.74,35.40,31.91,28470,98144852.00,10.85,7.96,2.56,14.24
2018-02-28,34.01,33.65,34.20,32.86,15748,53050848.00,3.86,-3.14,-1.09,7.87
2018-03-01,33.10,34.16,34.40,32.90,12996,44188327.00,4.46,1.52,0.51,6.50
2018-03-02,33.91,34.65,35.73,33.91,14375,50328758.00,5.33,1.43,0.49,7.19
2018-03-05,34.94,35.34,35.60,34.67,12280,43202011.00,2.68,1.99,0.69,6.14
2018-03-06,35.34,35.20,36.26,34.81,13849,49073676.00,4.10,-0.40,-0.14,6.92
2018-03-07,35.00,34.81,35.60,34.70,9964,34916679.00,2.56,-1.11,-0.39,4.98
2018-03-08,34.81,35.97,36.50,34.81,15029,53969677.00,4.85,3.33,1.16,7.51
2018-03-09,36.10,37.18,37.30,35.92,17047,62886507.00,3.84,3.36,1.21,8.52
2018-03-12,37.79,37.33,39.10,37.33,19343,73691261.00,4.76,0.40,0.15,9.67
2018-03-13,37.30,38.19,41.06,37.28,22072,85977953.00,10.13,2.30,0.86,11.04
2018-03-14,38.10,36.59,39.19,36.53,19693,73690344.00,6.97,-4.19,-1.60,9.85
2018-03-15,35.88,34.83,36.48,33.87,16504,57820656.00,7.13,-4.81,-1.76,8.25
2018-03-16,35.05,35.21,35.76,34.75,8953,31632673.00,2.90,1.09,0.38,4.48
2018-03-19,35.14,35.95,36.22,35.04,9671,34716097.00,3.35,2.10,0.74,4.84
2018-03-20,35.51,37.92,37.96,35.08,18178,66670545.00,8.01,5.48,1.97,9.09
2018-03-21,37.70,37.91,39.60,37.70,26741,103629123.00,5.01,-0.03,-0.01,13.37
2018-03-22,38.21,39.08,39.79,37.57,25588,100154305.00,5.86,3.09,1.17,12.79
2018-03-23,37.45,37.46,38.66,36.00,22241,83197728.00,6.81,-4.15,-1.62,11.12
2018-03-26,37.00,41.00,41.21,36.72,38847,154256246.00,11.99,9.45,3.54,19.42
2018-03-27,40.50,42.20,42.87,40.10,43822,179932910.00,6.76,2.93,1.20,21.91
2018-03-28,41.10,40.50,41.74,40.50,24212,99384333.00,2.94,-4.03,-1.70,12.11
2018-03-29,41.00,40.11,43.20,40.10,32792,136114578.00,7.65,-0.96,-0.39,16.40
2018-03-30,38.04,40.90,41.50,38.04,40860,160872029.00,8.63,1.97,0.79,20.43
2018-04-02,41.30,42.35,43.96,40.28,44310,186653029.00,9.00,3.55,1.45,22.16
2018-04-03,43.00,43.63,46.00,42.03,49242,216319775.00,9.37,3.02,1.28,24.62
2018-04-04,43.11,42.40,44.38,41.58,31723,136666392.00,6.42,-2.82,-1.23,15.86
2018-04-09,42.25,43.05,43.79,41.66,23415,100613972.00,5.02,1.53,0.65,11.71
2018-04-10,42.68,41.40,43.54,40.01,24695,102604280.00,8.20,-3.83,-1.65,12.35
2018-04-11,41.48,42.40,42.60,41.23,17913,75521919.00,3.31,2.42,1.00,8.96
2018-04-12,43.43,41.44,43.43,41.40,17340,73433391.00,4.79,-2.26,-0.96,8.67
2018-04-13,41.51,43.78,44.44,41.36,38793,168176409.00,7.43,5.65,2.34,19.40
2018-04-16,43.00,42.43,43.41,41.70,24541,104617259.00,3.91,-3.08,-1.35,12.27
2018-04-17,42.40,39.44,42.69,38.28,23732,96457619.00,10.39,-7.05,-2.99,11.87
2018-04-18,39.88,40.20,41.32,37.51,21044,82738353.00,9.66,1.93,0.76,10.52
2018-04-19,40.06,39.33,40.89,39.20,14566,58458928.00,4.20,-2.16,-0.87,7.28
2018-04-20,39.03,37.80,39.65,37.50,12671,48984543.00,5.47,-3.89,-1.53,6.34
2018-04-23,38.01,38.52,39.23,37.42,12779,49100829.00,4.79,1.90,0.72,6.39
2018-04-24,38.52,40.35,40.65,37.95,17236,68633738.00,7.01,4.75,1.83,8.62
2018-04-25,40.06,41.80,43.50,40.02,27035,113535348.00,8.62,3.59,1.45,13.52
2018-04-26,41.58,41.56,42.90,41.42,17431,73228080.00,3.54,-0.57,-0.24,8.72
2018-04-27,43.00,41.48,43.33,41.21,18107,76202955.00,5.10,-0.19,-0.08,9.05
2018-05-02,41.51,42.00,42.40,40.13,16461,68346691.00,5.47,1.25,0.52,8.23
2018-05-03,42.00,44.67,45.55,41.01,44356,194410602.00,10.81,6.36,2.67,22.18
2018-05-04,44.20,43.50,44.53,43.10,24628,108046298.00,3.20,-2.62,-1.17,12.31
2018-05-07,44.58,45.57,46.97,43.64,42867,194446538.00,7.66,4.76,2.07,21.43
2018-05-08,47.15,45.68,48.86,45.60,50950,238658369.00,7.15,0.24,0.11,25.48
2018-05-09,44.81,44.44,45.44,44.17,28455,126798310.00,2.78,-2.71,-1.24,14.23
2018-05-10,44.60,44.68,45.32,43.88,20620,92004573.00,3.24,0.54,0.24,10.31
2018-05-11,44.80,44.50,46.48,44.46,27020,122531368.00,4.52,-0.40,-0.18,13.51
2018-05-14,44.14,42.90,44.20,42.70,19377,83988615.00,3.37,-3.60,-1.60,9.69
2018-05-15,42.92,44.13,44.30,42.92,14876,64887979.00,3.22,2.87,1.23,7.44
2018-05-16,44.00,43.80,45.10,43.50,15039,66760245.00,3.63,-0.75,-0.33,7.52
2018-05-17,43.43,44.28,44.59,43.43,10762,47550933.00,2.65,1.10,0.48,5.38
2018-05-18,43.99,43.61,44.47,42.51,14496,62862865.00,4.43,-1.51,-0.67,7.25
2018-05-21,43.98,46.06,46.30,43.40,32775,148932871.00,6.65,5.62,2.45,16.39
2018-05-22,45.85,46.51,46.60,45.01,22289,102537972.00,3.45,0.98,0.45,11.14
2018-05-23,46.08,46.30,47.39,45.50,24267,112461241.00,4.06,-0.45,-0.21,12.13
2018-05-24,46.15,45.04,46.97,44.75,24155,111073482.00,4.79,-2.72,-1.26,12.08
2018-05-25,45.60,45.63,45.78,44.61,16658,75569979.00,2.60,1.31,0.59,8.33
2018-05-28,45.01,44.59,45.80,43.50,14671,65718714.00,5.04,-2.28,-1.04,7.34
2018-05-29,44.50,45.66,46.80,44.41,24447,112325499.00,5.36,2.40,1.07,12.22
2018-05-30,43.00,41.40,44.30,41.11,22236,95671192.00,6.99,-9.33,-4.26,11.12
2018-05-31,42.13,42.00,42.80,41.50,14155,59721083.00,3.14,1.45,0.60,7.08
2018-06-01,42.00,42.46,42.89,41.68,11854,50028444.00,2.88,1.10,0.46,5.93
2018-06-04,42.49,40.46,42.68,40.00,16324,67204015.00,6.31,-4.71,-2.00,8.16
2018-06-05,40.66,43.25,43.45,40.66,15943,67489791.00,6.90,6.90,2.79,7.97
2018-06-06,43.40,45.40,45.49,43.18,22780,101647337.00,5.34,4.97,2.15,11.39
2018-06-07,45.22,45.08,45.39,44.10,14390,64367934.00,2.84,-0.70,-0.32,7.20
2018-06-08,45.17,44.08,45.20,43.60,14703,65010756.00,3.55,-2.22,-1.00,7.35
2018-06-11,43.70,42.89,44.20,42.25,13823,59592336.00,4.42,-2.70,-1.19,6.91
2018-06-12,42.68,45.89,45.96,42.68,31815,141938828.00,7.65,6.99,3.00,15.91
2018-06-13,45.45,45.98,46.18,44.97,27507,125474763.00,2.64,0.20,0.09,13.75
2018-06-14,45.72,46.33,48.46,45.10,42455,198314370.00,7.31,0.76,0.35,21.23
2018-06-15,46.30,47.42,47.80,45.65,38196,178724368.00,4.64,2.35,1.09,19.10
2018-06-19,46.00,43.85,47.46,42.68,37987,171232326.00,10.08,-7.53,-3.57,18.99
2018-06-20,44.13,48.24,48.24,43.76,49422,230692938.00,10.22,10.01,4.39,24.71
2018-06-21,49.20,46.80,49.91,46.80,64313,310579712.00,6.45,-2.99,-1.44,32.16
2018-06-22,44.14,44.20,45.37,42.12,45622,199878863.00,6.94,-5.56,-2.60,22.81
2018-06-25,44.15,47.22,48.62,43.76,51087,238580002.00,11.00,6.83,3.02,25.54
2018-06-26,48.90,51.94,51.94,48.90,46396,234938398.00,6.44,10.00,4.72,23.20
2018-06-27,54.00,50.46,56.18,50.00,99377,530221056.00,11.90,-2.85,-1.48,49.69
2018-06-28,50.54,51.40,52.96,49.20,60010,307582000.00,7.45,1.86,0.94,30.01
2018-06-29,48.20,51.01,51.19,46.10,59036,288194288.00,9.90,-0.76,-0.39,29.52
2018-07-02,50.00,49.05,50.30,48.04,42500,209226444.00,4.43,-3.84,-1.96,21.25
2018-07-03,48.75,49.77,50.18,47.35,39787,193764495.00,5.77,1.47,0.72,19.89
2018-07-04,49.33,44.79,49.33,44.79,46787,218183808.00,9.12,-10.01,-4.98,23.39
2018-07-05,43.86,42.04,44.47,42.04,31316,135302303.00,5.43,-6.14,-2.75,15.66
2018-07-06,42.25,43.20,44.44,41.40,30547,131455559.00,7.23,2.76,1.16,15.27
2018-07-09,44.00,45.10,45.65,43.40,25596,115075597.00,5.21,4.40,1.90,12.80
2018-07-10,45.31,46.70,46.79,44.61,33394,153805645.00,4.83,3.55,1.60,16.70
2018-07-11,45.35,45.81,45.83,44.20,25994,117268579.00,3.49,-1.91,-0.89,13.00
2018-07-12,45.81,47.32,47.88,45.13,31623,148269534.00,6.00,3.30,1.51,15.81
2018-07-13,47.03,46.30,47.48,45.92,24368,113695238.00,3.30,-2.16,-1.02,12.18
2018-07-16,45.30,45.70,46.35,45.05,15409,70116964.00,2.81,-1.30,-0.60,7.70
2018-07-17,45.85,48.85,48.95,45.85,47427,226362576.00,6.78,6.89,3.15,23.71
2018-07-18,48.86,47.71,48.86,47.46,30241,144803931.00,2.87,-2.33,-1.14,15.12
2018-07-19,47.49,48.46,48.97,47.23,35205,169712597.00,3.65,1.57,0.75,17.60
2018-07-20,47.94,47.60,47.94,46.10,27015,127256176.00,3.80,-1.77,-0.86,13.51
2018-07-23,46.79,47.16,47.60,46.35,18040,84645495.00,2.63,-0.92,-0.44,9.02
2018-07-24,47.13,47.19,48.00,46.78,19245,91016573.00,2.59,0.06,0.03,9.62
2018-07-25,47.00,44.50,47.20,44.20,35339,161062065.00,6.36,-5.70,-2.69,17.67
2018-07-26,44.29,43.00,44.29,42.85,20359,88116331.00,3.24,-3.37,-1.50,10.18
2018-07-27,42.96,43.26,43.68,42.23,13117,56388735.00,3.37,0.60,0.26,6.56
2018-07-30,43.19,42.64,43.72,42.28,10804,46380849.00,3.33,-1.43,-0.62,5.40
2018-07-31,42.35,41.87,42.88,41.50,10255,42994625.00,3.24,-1.81,-0.77,5.13
2018-08-01,41.90,39.75,42.49,39.58,16633,68035216.00,6.95,-5.06,-2.12,8.32
2018-08-02,39.11,37.18,39.50,36.00,20658,77307044.00,8.81,-6.47,-2.57,10.33
2018-08-03,36.92,36.13,37.29,36.04,10173,37270819.00,3.36,-2.82,-1.05,5.09
2018-08-06,36.13,35.32,36.77,35.20,10328,37197356.00,4.35,-2.24,-0.81,5.16
2018-08-07,35.80,36.52,36.57,35.20,12714,45804460.00,3.88,3.40,1.20,6.36
2018-08-08,36.40,33.27,36.40,33.14,18685,64627688.00,8.93,-8.90,-3.25,9.34
2018-08-09,33.20,35.08,35.45,32.87,17695,61406864.00,7.75,5.44,1.81,8.85
2018-08-10,36.51,36.38,38.37,36.05,24089,89020443.00,6.61,3.71,1.30,12.04
2018-08-13,36.40,37.21,37.36,35.86,18906,69590394.00,4.12,2.28,0.83,9.45
2018-08-14,37.20,36.65,37.36,36.41,12789,46938503.00,2.55,-1.50,-0.56,6.39
2018-08-15,36.63,35.19,36.89,34.86,11425,40825242.00,5.54,-3.98,-1.46,5.71
2018-08-16,34.20,34.80,36.10,34.13,10308,36117725.00,5.60,-1.11,-0.39,5.15
2018-08-17,35.36,34.20,35.65,34.00,9553,33422782.00,4.74,-1.72,-0.60,4.78
2018-08-20,34.24,35.00,35.08,33.23,10672,36471105.00,5.41,2.34,0.80,5.34
2018-08-21,35.27,35.50,35.98,34.50,14095,49814111.00,4.23,1.43,0.50,7.05
2018-08-22,35.49,35.06,35.52,34.78,7111,24987852.00,2.08,-1.24,-0.44,3.56
2018-08-23,35.18,37.73,38.57,34.83,23618,86033436.00,10.67,7.62,2.67,11.81
2018-08-24,35.20,34.16,35.55,34.07,34107,118643067.00,3.92,-9.46,-3.57,17.05
2018-08-27,33.00,33.56,33.93,32.53,21650,72014515.00,4.10,-1.76,-0.60,10.83
2018-08-28,33.58,33.66,33.86,33.20,11878,39925802.00,1.97,0.30,0.10,5.94
2018-08-29,33.70,32.99,33.96,32.68,16268,53964199.00,3.80,-1.99,-0.67,4.75
2018-08-30,33.01,31.57,33.08,31.50,13547,43597804.00,4.79,-4.30,-1.42,3.96
2018-08-31,31.20,31.62,32.28,31.20,10072,32107895.00,3.42,0.16,0.05,2.94
2018-09-03,31.50,31.42,31.57,30.30,10171,31427020.00,4.02,-0.63,-0.20,2.97
2018-09-04,31.37,31.84,32.00,30.80,10425,32855662.00,3.82,1.34,0.42,3.04
2018-09-05,32.31,32.10,33.24,32.08,16630,54347254.00,3.64,0.82,0.26,4.86
2018-09-06,31.60,31.93,32.10,31.15,10002,31613513.00,2.96,-0.53,-0.17,2.92
2018-09-07,31.94,31.94,32.69,31.63,8853,28438352.00,3.32,0.03,0.01,2.58
2018-09-10,31.86,30.60,31.86,30.53,8618,26662295.00,4.16,-4.20,-1.34,2.52
2018-09-11,30.88,30.77,31.11,30.35,6005,18450869.00,2.48,0.56,0.17,1.75
2018-09-12,30.88,31.03,31.47,30.70,7217,22462767.00,2.50,0.84,0.26,2.11
2018-09-13,31.33,31.64,31.68,30.96,7312,22966944.00,2.32,1.97,0.61,2.13
2018-09-14,31.70,30.96,31.74,30.52,9081,28173390.00,3.86,-2.15,-0.68,2.65
2018-09-17,30.96,30.03,30.96,29.89,5905,17819384.00,3.46,-3.00,-0.93,1.72
2018-09-18,30.13,30.73,30.95,30.00,7321,22267399.00,3.16,2.33,0.70,2.14
2018-09-19,30.69,31.16,31.55,30.50,9012,28057091.00,3.42,1.40,0.43,2.63
2018-09-20,31.30,30.64,31.32,30.61,7139,22077365.00,2.28,-1.67,-0.52,2.08
2018-09-21,30.89,31.18,31.31,30.56,8563,26621525.00,2.45,1.76,0.54,2.50
2018-09-25,31.23,31.70,31.98,31.05,9963,31469953.00,2.98,1.67,0.52,2.91
2018-09-26,31.72,31.76,31.95,31.30,8629,27310268.00,2.05,0.19,0.06,2.52
2018-09-27,30.88,29.74,30.88,29.74,17190,51925112.00,3.59,-6.36,-2.02,5.02
2018-09-28,29.70,30.18,30.25,29.50,7956,23785819.00,2.52,1.48,0.44,2.32
2018-10-08,29.70,29.88,30.09,29.26,6779,20127819.00,2.75,-0.99,-0.30,1.98
2018-10-09,29.63,30.60,31.20,29.41,10673,32443560.00,5.99,2.41,0.72,3.12
2018-10-10,30.59,31.32,31.34,30.38,13545,42054206.00,3.14,2.35,0.72,3.95
2018-10-11,30.39,29.70,30.98,28.80,15842,47624288.00,6.96,-5.17,-1.62,4.63
2018-10-12,30.00,31.30,31.31,28.90,17611,53392768.00,8.11,5.39,1.60,5.14
2018-10-15,31.50,32.27,32.82,31.22,26149,84012658.00,5.11,3.10,0.97,7.63
2018-10-16,32.02,32.24,32.48,31.40,14871,47460403.00,3.35,-0.09,-0.03,4.34
2018-10-17,32.58,32.17,32.69,31.01,13450,42808078.00,5.21,-0.22,-0.07,3.93
2018-10-18,32.02,31.66,32.50,31.23,11890,37997432.00,3.95,-1.59,-0.51,3.47
2018-10-19,30.50,32.08,32.40,30.02,15277,48181087.00,7.52,1.33,0.42,4.46
2018-10-22,31.73,33.30,34.00,31.73,25341,83704482.00,7.08,3.80,1.22,7.40
2018-10-23,33.20,31.95,33.20,31.81,17258,55952308.00,4.17,-4.05,-1.35,5.04
2018-10-24,31.61,32.15,32.29,31.41,9476,30188726.00,2.75,0.63,0.20,2.77
2018-10-25,30.99,31.40,31.57,30.71,10731,33372907.00,2.67,-2.33,-0.75,3.13
2018-10-26,31.68,31.19,32.13,31.13,9813,31006722.00,3.18,-0.67,-0.21,2.87
2018-10-29,31.28,31.54,32.40,31.02,12878,40655238.00,4.42,1.12,0.35,3.76
2018-10-30,31.37,29.90,31.70,29.20,18197,55067043.00,7.93,-5.20,-1.64,5.31
2018-10-31,30.15,30.34,30.58,29.95,8764,26531305.00,2.11,1.47,0.44,2.56
2018-11-01,31.28,30.76,31.58,30.73,13401,41725719.00,2.80,1.38,0.42,3.91
2018-11-02,31.28,32.00,32.15,30.87,18291,57526828.00,4.16,4.03,1.24,5.34
2018-11-05,31.99,31.66,32.42,31.04,15721,50021968.00,4.31,-1.06,-0.34,4.59
2018-11-06,31.39,31.26,31.49,30.80,10070,31316627.00,2.18,-1.26,-0.40,2.94
2018-11-07,31.40,31.46,31.88,31.15,10763,34039693.00,2.34,0.64,0.20,3.14
2018-11-08,31.85,32.08,32.19,31.56,15093,48109958.00,2.00,1.97,0.62,4.41
2018-11-09,31.89,33.30,33.81,31.70,31618,103923308.00,6.58,3.80,1.22,9.23
2018-11-12,33.10,36.63,36.63,32.60,47148,165049271.00,12.10,10.00,3.33,13.77
2018-11-13,36.99,37.05,38.99,36.50,76098,287748240.00,6.80,1.15,0.42,22.22
2018-11-14,36.00,36.60,36.60,35.55,38020,136992741.00,2.83,-1.21,-0.45,11.10
2018-11-15,37.21,38.30,38.89,36.60,62495,235736666.00,6.26,4.64,1.70,18.25
2018-11-16,37.38,37.74,38.38,37.31,41555,156983903.00,2.79,-1.46,-0.56,12.13
2018-11-19,37.26,36.86,37.64,36.60,23735,87365583.00,2.76,-2.33,-0.88,6.93
2018-11-20,36.51,36.91,37.73,36.51,20963,77776776.00,3.31,0.14,0.05,6.12
2018-11-21,36.58,37.40,37.40,36.18,20665,76245554.00,3.31,1.33,0.49,6.03
2018-11-22,37.78,36.69,38.17,36.69,20388,76364026.00,3.96,-1.90,-0.71,5.95
2018-11-23,36.48,34.41,36.86,34.30,24280,85059748.00,6.98,-6.21,-2.28,7.09
2018-11-26,33.96,33.13,34.19,32.45,21117,70055178.00,5.06,-3.72,-1.28,6.17
2018-11-27,33.49,33.01,33.49,32.80,9190,30489539.00,2.08,-0.36,-0.12,2.68
2018-11-28,33.15,33.46,33.59,32.45,11063,36634588.00,3.45,1.36,0.45,3.23
2018-11-29,33.61,31.60,33.61,31.60,14932,48995583.00,6.01,-5.56,-1.86,4.36
2018-11-30,31.66,32.00,32.33,31.14,11611,36936085.00,3.77,1.27,0.40,3.39
2018-12-03,33.00,32.89,33.30,32.61,12762,42100987.00,2.16,2.78,0.89,3.73
2018-12-04,32.88,33.25,33.27,32.62,10551,34838682.00,1.98,1.09,0.36,3.08
2018-12-05,32.79,32.58,32.87,32.32,9096,29630302.00,1.65,-2.02,-0.67,2.66
2018-12-06,32.56,31.55,32.56,31.40,9807,31234059.00,3.56,-3.16,-1.03,2.86
2018-12-07,32.22,31.76,32.22,31.37,5458,17283073.00,2.69,0.67,0.21,1.59
2018-12-10,31.42,30.92,31.48,30.85,6414,19949233.00,1.98,-2.64,-0.84,1.87
2018-12-11,31.23,31.75,31.88,31.20,7362,23195914.00,2.20,2.68,0.83,2.15
2018-12-12,31.90,31.72,32.00,31.63,4855,15438910.00,1.17,-0.09,-0.03,1.42
2018-12-13,31.88,32.05,32.22,31.37,7309,23343816.00,2.68,1.04,0.33,2.13
2018-12-14,32.00,31.18,32.00,31.02,6427,20206876.00,3.06,-2.71,-0.87,1.88
2018-12-17,31.21,31.08,31.22,30.57,5500,16993671.00,2.08,-0.32,-0.10,1.61
2018-12-18,31.00,31.03,31.29,30.62,4190,12977923.00,2.16,-0.16,-0.05,1.22
2018-12-19,31.33,31.11,31.33,30.88,4002,12448292.00,1.45,0.26,0.08,1.17
2018-12-20,31.33,31.63,31.65,30.78,6159,19296552.00,2.80,1.67,0.52,1.80
2018-12-21,31.62,31.87,31.88,31.42,5842,18501845.00,1.45,0.76,0.24,1.71
2018-12-24,32.06,32.35,32.50,32.02,6797,21936767.00,1.51,1.51,0.48,1.98
2018-12-25,31.92,31.81,31.92,30.89,6796,21395503.00,3.18,-1.67,-0.54,1.98
2018-12-26,31.91,31.92,32.38,31.88,7588,24371457.00,1.57,0.35,0.11,2.22
2018-12-27,32.35,31.10,32.44,31.10,6828,21685573.00,4.20,-2.57,-0.82,1.99
2018-12-28,31.48,31.14,31.60,30.99,4210,13182566.00,1.96,0.13,0.04,1.23
2019-01-02,31.50,31.05,31.50,31.01,3420,10698777.00,1.57,-0.29,-0.09,1.00
2019-01-03,31.26,31.41,31.55,30.60,6312,19737800.00,3.06,1.16,0.36,1.84
2019-01-04,31.03,32.30,32.43,30.80,11718,37402409.00,5.19,2.83,0.89,3.42
2019-01-07,32.49,32.53,32.70,32.00,11266,36446327.00,2.17,0.71,0.23,3.29
2019-01-08,32.59,32.05,32.59,31.91,7132,22907284.00,2.09,-1.48,-0.48,2.08
2019-01-09,32.05,31.96,32.60,31.93,8698,28098862.00,2.09,-0.28,-0.09,2.54
2019-01-10,31.99,31.91,32.29,31.88,4430,14205851.00,1.28,-0.16,-0.05,1.29
2019-01-11,32.11,32.50,32.63,32.04,8960,29012313.00,1.85,1.85,0.59,2.62
2019-01-14,32.59,32.06,32.98,31.70,7764,25086718.00,3.94,-1.35,-0.44,2.27
2019-01-15,32.18,33.28,33.32,31.62,16388,53677585.00,5.30,3.81,1.22,4.78
2019-01-16,33.25,32.95,33.44,32.72,13831,45714824.00,2.16,-0.99,-0.33,4.04
2019-01-17,33.07,32.50,33.07,32.30,6882,22408777.00,2.34,-1.37,-0.45,2.01
2019-01-18,32.50,32.71,32.76,32.39,5301,17282720.00,1.14,0.65,0.21,1.55
2019-01-21,32.73,32.69,33.17,32.53,6355,20850358.00,1.96,-0.06,-0.02,1.86
2019-01-22,32.70,33.30,33.38,32.60,13786,45673433.00,2.39,1.87,0.61,4.03
2019-01-23,33.10,33.64,33.64,32.93,9412,31406260.00,2.13,1.02,0.34,2.75
2019-01-24,33.44,33.53,33.80,33.15,10127,33903355.00,1.93,-0.33,-0.11,2.96
2019-01-25,33.54,33.81,34.29,33.36,13516,45787830.00,2.77,0.84,0.28,3.95
2019-01-28,34.09,32.85,34.19,32.83,9208,30801128.00,4.02,-2.84,-0.96,2.69
2019-01-29,33.08,31.60,33.08,30.50,10926,34690073.00,7.85,-3.81,-1.25,3.19
2019-01-30,29.82,28.44,29.93,28.44,21732,63052419.00,4.72,-10.00,-3.16,6.35
2019-01-31,28.60,28.26,28.84,28.21,9220,26231730.00,2.22,-0.63,-0.18,2.69
2019-02-01,28.45,28.73,28.82,28.20,7681,21962150.00,2.19,1.66,0.47,2.24
2019-02-11,28.75,29.50,29.75,28.62,6523,19114797.00,3.93,2.68,0.77,1.90
2019-02-12,29.64,29.63,29.96,29.33,7732,22930446.00,2.14,0.44,0.13,2.26
2019-02-13,29.55,30.34,30.53,29.41,13056,39312483.00,3.78,2.40,0.71,3.81
2019-02-14,30.22,30.39,30.65,30.10,7571,22992925.00,1.81,0.16,0.05,2.21
2019-02-15,30.40,30.42,30.85,30.23,8008,24417874.00,2.04,0.10,0.03,2.34
2019-02-18,30.54,31.58,31.58,30.54,11778,36701392.00,3.42,3.81,1.16,3.44
2019-02-19,31.58,31.49,31.96,30.90,13259,41605995.00,3.36,-0.28,-0.09,3.87
2019-02-20,31.67,31.56,31.79,31.06,7949,24959545.00,2.32,0.22,0.07,2.32
2019-02-21,31.50,31.18,31.91,31.11,11967,37678516.00,2.53,-1.20,-0.38,3.49
2019-02-22,31.18,32.08,32.08,31.08,15753,49810655.00,3.21,2.89,0.90,4.60
2019-02-25,32.59,33.47,33.81,32.07,22696,74978947.00,5.42,4.33,1.39,6.63
2019-02-26,33.80,34.17,34.87,32.90,26956,91168550.00,5.89,2.09,0.70,7.87
2019-02-27,33.81,32.90,33.82,32.66,17861,59586546.00,3.39,-3.72,-1.27,5.21
2019-02-28,33.59,33.01,33.59,32.83,10118,33575334.00,2.31,0.33,0.11,2.95
2019-03-01,33.03,33.11,33.28,32.80,9289,30709977.00,1.45,0.30,0.10,2.71
2019-03-04,33.35,33.25,33.89,33.15,19601,65845558.00,2.23,0.42,0.14,5.72
2019-03-05,33.29,35.10,36.00,33.00,25455,86894463.00,9.02,5.56,1.85,7.43
2019-03-06,35.40,34.67,35.48,34.16,21603,74750415.00,3.76,-1.23,-0.43,6.31
2019-03-07,34.67,35.83,35.99,34.00,25394,89055293.00,5.74,3.35,1.16,7.41
2019-03-08,34.79,33.56,35.20,33.52,20232,69955573.00,4.69,-6.34,-2.27,5.91
2019-03-11,33.54,34.49,34.49,33.22,15410,52617635.00,3.78,2.77,0.93,4.50
2019-03-12,35.30,34.86,36.00,34.22,19706,68681223.00,5.16,1.07,0.37,5.75
2019-03-13,34.99,34.25,35.50,34.18,20337,71111675.00,3.79,-1.75,-0.61,5.94
2019-03-14,34.68,34.35,34.68,33.36,14649,49884936.00,3.85,0.29,0.10,4.28
2019-03-15,34.66,34.29,34.70,33.66,10740,36680501.00,3.03,-0.17,-0.06,3.14
2019-03-18,34.24,34.46,34.46,33.70,10292,35054833.00,2.22,0.50,0.17,3.00
2019-03-19,34.42,35.13,35.38,34.13,16998,59206950.00,3.63,1.94,0.67,4.96
2019-03-20,34.99,34.30,34.99,33.88,14447,49658782.00,3.16,-2.36,-0.83,4.22
2019-03-21,34.38,34.30,34.68,34.02,9904,34057541.00,1.92,0.00,0.00,2.89
2019-03-22,34.21,34.04,34.40,33.60,9269,31495987.00,2.33,-0.76,-0.26,2.71
2019-03-25,33.80,34.47,35.17,33.44,14456,50031940.00,5.08,1.26,0.43,4.22
2019-03-26,34.70,33.57,34.88,33.52,10529,36109029.00,3.95,-2.61,-0.90,3.07
2019-03-27,33.94,34.65,34.78,33.21,14729,50330428.00,4.68,3.22,1.08,4.30
2019-03-28,34.37,33.73,34.48,33.66,12680,43179661.00,2.37,-2.66,-0.92,3.70
2019-03-29,33.80,34.55,34.60,33.51,11615,39776502.00,3.23,2.43,0.82,3.39
2019-04-01,34.65,35.40,35.90,34.58,22415,79045600.00,3.82,2.46,0.85,6.54
2019-04-02,35.80,35.88,36.83,35.41,18964,68226875.00,4.01,1.36,0.48,5.54
2019-04-03,35.82,36.01,36.30,35.50,14697,52862933.00,2.23,0.36,0.13,4.29
2019-04-04,36.54,36.10,36.54,35.72,12269,44202023.00,2.28,0.25,0.09,3.58
2019-04-08,36.12,35.20,36.29,34.96,14248,50642184.00,3.68,-2.49,-0.90,4.16
2019-04-09,35.28,36.55,36.60,35.11,21219,76663630.00,4.23,3.84,1.35,6.20
2019-04-10,36.19,36.20,36.59,35.71,13412,48388946.00,2.41,-0.96,-0.35,3.92
2019-04-11,36.10,34.81,36.56,34.77,15214,54177002.00,4.94,-3.84,-1.39,4.44
2019-04-12,33.88,33.67,34.10,33.02,21657,72677181.00,3.10,-3.27,-1.14,6.32
2019-04-15,33.79,33.59,33.99,33.45,9760,32922735.00,1.60,-0.24,-0.08,2.85
2019-04-16,33.70,34.25,34.27,33.25,12667,42819210.00,3.04,1.96,0.66,3.70
2019-04-17,33.98,34.23,34.59,33.98,13222,45396497.00,1.78,-0.06,-0.02,3.86
2019-04-18,34.09,33.91,34.29,33.59,11122,37625149.00,2.04,-0.93,-0.32,3.25
2019-04-19,33.94,33.90,33.97,33.40,6695,22601846.00,1.68,-0.03,-0.01,1.95
2019-04-22,34.00,33.70,34.17,33.49,6885,23251077.00,2.01,-0.59,-0.20,2.01
2019-04-23,33.87,33.32,33.87,33.11,7462,24914502.00,2.26,-1.13,-0.38,2.18
2019-04-24,33.32,33.00,33.44,32.50,7942,26165769.00,2.82,-0.96,-0.32,2.32
2019-04-25,33.00,31.89,33.23,31.80,9702,31460660.00,4.33,-3.36,-1.11,2.83
2019-04-26,31.89,31.66,32.07,31.41,5327,16857960.00,2.07,-0.72,-0.23,1.56
2019-04-29,31.66,30.72,31.66,30.50,8239,25572162.00,3.66,-2.97,-0.94,2.41
2019-04-30,30.95,30.80,31.18,30.59,5042,15564897.00,1.92,0.26,0.08,1.47
2019-05-06,29.98,27.84,29.98,27.72,9193,26389147.00,7.34,-9.61,-2.96,2.68
2019-05-07,27.93,28.35,28.47,27.81,5691,16023371.00,2.37,1.83,0.51,1.66
2019-05-08,28.00,28.48,28.70,27.81,5674,16128361.00,3.14,0.46,0.13,1.66
2019-05-09,28.35,28.54,28.76,28.11,4105,11678178.00,2.28,0.21,0.06,1.20
2019-05-10,28.56,29.22,29.39,28.09,6323,18269824.00,4.56,2.38,0.68,1.85
2019-05-13,29.00,29.00,29.34,28.70,4971,14438365.00,2.19,-0.75,-0.22,1.45
2019-05-14,28.30,28.35,28.79,27.91,4750,13471342.00,3.03,-2.24,-0.65,1.39
2019-05-15,28.61,28.68,28.72,28.37,4337,12395277.00,1.23,1.16,0.33,1.27
2019-05-16,28.58,28.90,29.00,28.22,7288,20928988.00,2.72,0.77,0.22,2.13
2019-05-17,28.93,27.45,28.93,27.40,7334,20533429.00,5.29,-5.02,-1.45,2.14
2019-05-20,27.40,28.98,30.00,26.56,12542,34473905.00,12.53,5.57,1.53,3.66
2019-05-21,28.60,29.20,29.55,28.38,15394,44389136.00,4.04,0.76,0.22,4.49
2019-05-22,28.98,28.21,28.99,27.93,7979,22710720.00,3.63,-3.39,-0.99,2.33
2019-05-23,28.19,27.58,28.19,27.45,4038,11209781.00,2.62,-2.23,-0.63,1.18
2019-05-24,27.28,27.55,27.84,27.28,2419,6656400.00,2.03,-0.11,-0.03,0.71
2019-05-27,27.57,28.18,28.29,27.55,3748,10500745.00,2.69,2.29,0.63,1.09
2019-05-28,28.33,28.05,28.70,27.99,3248,9144593.00,2.52,-0.46,-0.13,0.95
2019-05-29,28.27,28.20,28.54,27.90,4212,11921811.00,2.28,0.53,0.15,1.23
2019-05-30,28.27,27.76,28.27,27.52,3604,10013887.00,2.66,-1.56,-0.44,1.05
2019-05-31,27.84,27.90,28.20,27.80,4027,11294558.00,1.44,0.50,0.14,1.18
2019-06-03,28.00,27.89,28.10,27.58,3668,10178263.00,1.86,-0.04,-0.01,1.07
2019-06-04,27.94,27.50,27.94,27.46,4270,11785220.00,1.72,-1.40,-0.39,1.25
2019-06-05,27.69,27.35,27.84,27.33,3722,10256736.00,1.85,-0.55,-0.15,1.09
2019-06-06,27.29,26.25,27.29,26.18,5300,14156294.00,4.06,-4.02,-1.10,1.55
2019-06-10,26.48,26.51,26.62,26.26,3366,8895643.00,1.37,0.99,0.26,0.98
2019-06-11,26.78,27.35,27.41,26.50,6038,16339329.00,3.43,3.17,0.84,1.76
2019-06-12,27.22,27.54,27.71,27.22,4587,12627149.00,1.79,0.69,0.19,1.34
2019-06-13,27.65,27.55,28.13,27.33,7384,20446853.00,2.90,0.04,0.01,2.16
2019-06-14,27.56,26.90,27.70,26.89,5029,13747843.00,2.94,-2.36,-0.65,1.47
2019-06-17,26.75,26.90,27.08,26.70,1891,5089795.00,1.41,0.00,0.00,0.55
2019-06-18,27.01,26.98,27.29,26.80,3749,10103780.00,1.82,0.30,0.08,1.09
2019-06-19,27.23,27.12,27.62,27.10,4457,12173565.00,1.93,0.52,0.14,1.30
2019-06-20,27.34,27.74,27.99,26.92,6775,18582680.00,3.95,2.29,0.62,1.98
2019-06-21,27.85,28.23,28.59,27.68,9601,27038037.00,3.28,1.77,0.49,2.80
2019-06-24,28.32,27.87,28.32,27.54,6798,18924770.00,2.76,-1.28,-0.36,1.98
2019-06-25,27.87,27.33,27.98,27.22,4353,11955422.00,2.73,-1.94,-0.54,1.27
2019-06-26,27.44,27.53,27.84,27.36,3099,8546574.00,1.76,0.73,0.20,0.90
2019-06-27,27.73,27.55,27.79,27.49,3888,10726679.00,1.09,0.07,0.02,1.14
2019-06-28,29.20,27.84,29.20,27.66,7886,22139838.00,5.59,1.05,0.29,2.30
2019-07-01,28.19,28.35,28.66,28.02,8369,23705652.00,2.30,1.83,0.51,2.44
2019-07-02,28.22,28.11,28.47,28.10,6255,17642417.00,1.31,-0.85,-0.24,1.83
2019-07-03,28.11,27.77,28.22,27.72,3297,9225149.00,1.78,-1.21,-0.34,0.96
2019-07-04,27.82,27.72,27.99,27.46,3405,9420458.00,1.91,-0.18,-0.05,0.99
2019-07-05,27.53,28.07,28.45,27.53,6119,17120564.00,3.32,1.26,0.35,1.79
2019-07-08,27.95,27.23,27.97,27.01,5706,15668306.00,3.42,-2.99,-0.84,1.67
2019-07-09,26.86,27.15,27.27,26.86,2876,7800988.00,1.51,-0.29,-0.08,0.84
2019-07-10,27.15,26.85,27.24,26.71,2673,7210297.00,1.95,-1.10,-0.30,0.78
2019-07-11,26.96,26.86,27.27,26.61,2868,7723534.00,2.46,0.04,0.01,0.84
2019-07-12,26.87,27.05,27.19,26.76,2808,7580714.00,1.60,0.71,0.19,0.82
2019-07-15,24.41,24.80,25.25,24.35,24927,61162926.00,3.33,-8.32,-2.25,7.28
2019-07-16,24.40,24.41,24.64,24.29,11572,28261617.00,1.41,-1.57,-0.39,3.38
2019-07-17,24.41,24.43,24.82,24.30,8358,20498546.00,2.13,0.08,0.02,2.44
2019-07-18,24.42,24.03,24.55,24.01,5453,13230928.00,2.21,-1.64,-0.40,1.59
2019-07-19,24.11,24.14,24.36,24.05,4227,10216117.00,1.29,0.46,0.11,1.23
2019-07-22,24.15,22.71,24.20,22.61,8776,20140613.00,6.59,-5.92,-1.43,2.56
2019-07-23,22.69,23.12,23.16,22.55,6296,14365963.00,2.69,1.81,0.41,1.84
2019-07-24,23.15,23.25,23.43,23.12,4556,10616025.00,1.34,0.56,0.13,1.33
2019-07-25,23.48,23.20,23.50,23.17,4752,11065650.00,1.42,-0.22,-0.05,1.39
2019-07-26,23.23,23.37,23.49,23.07,3928,9148698.00,1.81,0.73,0.17,1.15
2019-07-29,23.40,23.30,23.60,23.16,2971,6928419.00,1.88,-0.30,-0.07,0.87
2019-07-30,23.30,24.16,25.50,23.30,13328,32717491.00,9.44,3.69,0.86,3.89
2019-07-31,23.94,23.80,23.97,23.61,6756,16063625.00,1.49,-1.49,-0.36,1.97
2019-08-01,23.69,23.54,23.80,23.41,3774,8894444.00,1.64,-1.09,-0.26,1.10
2019-08-02,23.13,23.40,23.72,22.82,4516,10468896.00,3.82,-0.59,-0.14,1.32
2019-08-05,23.39,23.23,23.97,23.00,2986,6995183.00,4.15,-0.73,-0.17,0.87
2019-08-06,22.83,22.90,23.23,21.82,5914,13406277.00,6.07,-1.42,-0.33,1.73
2019-08-07,22.88,22.76,23.14,22.75,2646,6053262.00,1.70,-0.61,-0.14,0.77
2019-08-08,22.71,22.74,23.49,22.71,3230,7396551.00,3.43,-0.09,-0.02,0.94
2019-08-09,22.73,22.15,22.88,22.04,4788,10748983.00,3.69,-2.59,-0.59,1.40
2019-08-12,22.14,22.33,22.38,22.05,4274,9481338.00,1.49,0.81,0.18,1.25
2019-08-13,22.16,22.23,22.28,21.95,3233,7142804.00,1.48,-0.45,-0.10,0.94
2019-08-14,22.36,22.37,22.80,22.32,4471,10080635.00,2.16,0.63,0.14,1.31
2019-08-15,21.98,23.00,23.04,21.83,7818,17695935.00,5.41,2.82,0.63,2.28
2019-08-16,22.77,23.08,23.41,22.77,7289,16856030.00,2.78,0.35,0.08,2.13
2019-08-19,23.31,23.71,23.75,23.11,7912,18528753.00,2.77,2.73,0.63,2.31
2019-08-20,23.89,23.36,23.89,23.30,6033,14192444.00,2.49,-1.48,-0.35,1.76
2019-08-21,23.22,23.37,23.72,23.22,3553,8322422.00,2.14,0.04,0.01,1.04
2019-08-22,23.98,23.61,24.18,23.46,8736,20793915.00,3.08,1.03,0.24,2.55
2019-08-23,23.70,23.34,23.75,23.10,6009,14068103.00,2.75,-1.14,-0.27,1.75
2019-08-26,22.82,23.10,23.80,22.72,4820,11200476.00,4.63,-1.03,-0.24,1.41
2019-08-27,23.10,23.56,23.88,23.10,6043,14208475.00,3.38,1.99,0.46,1.76
2019-08-28,23.50,23.57,24.00,23.42,5241,12393763.00,2.46,0.04,0.01,1.53
2019-08-29,23.81,23.63,23.93,23.45,5176,12248912.00,2.04,0.25,0.06,1.51
2019-08-30,23.85,23.05,23.85,22.80,5717,13299367.00,4.44,-2.45,-0.58,1.67
2019-09-02,23.15,23.53,24.24,22.90,8144,19044226.00,5.81,2.08,0.48,2.38
2019-09-03,23.78,23.59,23.78,23.40,4936,11633104.00,1.61,0.25,0.06,1.44
2019-09-04,23.60,24.21,24.79,23.45,16329,39370290.00,5.68,2.63,0.62,4.77
2019-09-05,23.79,24.29,24.89,23.73,19849,48125755.00,4.79,0.33,0.08,5.80
2019-09-06,24.45,24.46,24.58,24.19,9636,23508177.00,1.61,0.70,0.17,2.81
2019-09-09,24.61,25.01,25.30,24.60,14219,35374237.00,2.86,2.25,0.55,4.15
2019-09-10,24.82,24.88,25.44,24.62,9204,22857957.00,3.28,-0.52,-0.13,2.69
2019-09-11,24.92,24.93,25.37,24.86,9003,22570783.00,2.05,0.20,0.05,2.63
2019-09-12,24.93,24.94,25.17,24.82,6738,16801300.00,1.40,0.04,0.01,1.97
2019-09-16,25.10,24.83,25.10,24.75,6728,16748959.00,1.40,-0.44,-0.11,1.96
2019-09-17,24.69,23.98,24.83,23.74,7442,17973503.00,4.39,-3.42,-0.85,2.17
2019-09-18,24.10,24.10,24.38,23.93,5124,12361354.00,1.88,0.50,0.12,1.50
2019-09-19,24.25,24.30,24.35,23.72,6984,16826317.00,2.61,0.83,0.20,2.04
2019-09-20,24.30,24.68,24.89,24.25,9848,24201873.00,2.63,1.56,0.38,2.88
2019-09-23,24.89,24.11,24.89,24.02,6431,15592559.00,3.53,-2.31,-0.57,1.88
2019-09-24,24.30,24.20,24.49,24.06,5857,14224519.00,1.78,0.37,0.09,1.71
2019-09-25,24.23,23.47,24.23,23.31,8981,21248049.00,3.80,-3.02,-0.73,2.62
2019-09-26,23.47,22.84,23.69,22.51,7764,17820313.00,5.03,-2.68,-0.63,2.27
2019-09-27,22.97,23.38,23.68,22.60,8303,19250644.00,4.73,2.36,0.54,2.42
2019-09-30,22.90,22.38,23.69,22.38,5995,13750904.00,5.60,-4.28,-1.00,1.75
2019-10-08,22.46,22.56,23.16,22.46,7214,16476058.00,3.13,0.80,0.18,2.11
2019-10-09,22.65,22.81,22.96,22.45,4374,9961617.00,2.26,1.11,0.25,1.28
2019-10-10,24.01,23.04,24.01,22.82,7351,17020152.00,5.22,1.01,0.23,2.15
2019-10-11,23.03,23.19,23.45,22.89,5154,11912925.00,2.43,0.65,0.15,1.50
2019-10-14,23.32,23.30,23.79,23.26,6716,15745643.00,2.29,0.47,0.11,1.96
2019-10-15,23.10,22.86,23.38,22.75,7053,16186427.00,2.70,-1.89,-0.44,2.06
2019-10-16,22.90,22.88,23.04,22.78,4601,10521850.00,1.14,0.09,0.02,1.34
2019-10-17,22.98,22.63,22.98,22.52,4661,10579264.00,2.01,-1.09,-0.25,1.36
2019-10-18,22.63,22.37,22.67,22.08,4554,10205192.00,2.61,-1.15,-0.26,1.33
2019-10-21,22.37,22.39,22.60,21.84,3660,8119850.00,3.40,0.09,0.02,1.07
2019-10-22,22.36,22.40,22.52,22.11,4494,10067093.00,1.83,0.04,0.01,1.31
2019-10-23,22.68,22.42,22.75,22.35,3775,8500684.00,1.79,0.09,0.02,1.10
2019-10-24,22.52,22.25,22.58,22.25,3016,6745988.00,1.47,-0.76,-0.17,0.88
2019-10-25,22.34,22.47,22.78,21.80,5463,12138811.00,4.40,0.99,0.22,1.60
2019-10-28,22.52,22.75,22.88,22.25,8984,20352493.00,2.80,1.25,0.28,2.62
2019-10-29,22.75,22.43,22.77,22.43,5044,11391927.00,1.49,-1.41,-0.32,1.47
2019-10-30,22.14,22.00,22.43,21.94,4870,10761754.00,2.18,-1.92,-0.43,1.42
2019-10-31,22.11,21.32,22.18,21.31,5897,12790948.00,3.95,-3.09,-0.68,1.72
2019-11-01,21.32,21.77,21.86,21.20,5291,11429651.00,3.10,2.11,0.45,1.54
2019-11-04,21.69,21.88,22.02,21.62,6224,13612741.00,1.84,0.51,0.11,1.82
2019-11-05,21.87,21.50,21.87,21.34,3735,8049730.00,2.42,-1.74,-0.38,1.09
2019-11-06,21.52,20.91,21.63,20.83,5003,10612925.00,3.72,-2.74,-0.59,1.46
2019-11-07,20.95,20.93,21.28,20.73,5935,12459079.00,2.63,0.10,0.02,1.73
2019-11-08,21.20,21.08,21.23,20.96,5422,11455601.00,1.29,0.72,0.15,1.58
2019-11-11,20.99,20.12,20.99,20.04,6709,13613710.00,4.51,-4.55,-0.96,1.96
2019-11-12,20.03,20.13,20.30,20.03,4411,8877132.00,1.34,0.05,0.01,1.29
2019-11-13,20.03,20.22,20.28,19.97,4729,9519137.00,1.54,0.45,0.09,1.38
2019-11-14,20.17,20.27,20.35,20.11,3466,7024823.00,1.19,0.25,0.05,1.01
2019-11-15,20.27,20.09,20.55,19.87,3898,7874120.00,3.35,-0.89,-0.18,1.14
2019-11-18,20.06,20.23,20.26,19.81,3945,7940635.00,2.24,0.70,0.14,1.15
2019-11-19,20.50,20.63,20.75,20.18,6018,12295287.00,2.82,1.98,0.40,1.76
2019-11-20,20.60,20.47,20.78,20.38,4678,9610385.00,1.94,-0.78,-0.16,1.37
2019-11-21,20.37,20.56,20.63,20.20,3291,6744297.00,2.10,0.44,0.09,0.96
2019-11-22,20.56,20.23,20.75,20.02,4868,9945072.00,3.55,-1.61,-0.33,1.42
2019-11-25,20.30,20.08,20.44,19.86,3402,6814906.00,2.87,-0.74,-0.15,0.99
2019-11-26,20.09,19.79,20.19,19.78,3911,7786064.00,2.04,-1.44,-0.29,1.14
2019-11-27,19.79,19.82,20.08,19.63,3446,6851580.00,2.27,0.15,0.03,1.01
2019-11-28,19.82,19.80,20.06,19.60,3966,7848357.00,2.32,-0.10,-0.02,1.16
2019-11-29,19.79,19.80,19.81,19.58,2971,5846983.00,1.16,0.00,0.00,0.87
2019-12-02,19.81,19.89,19.99,19.73,3663,7270322.00,1.31,0.45,0.09,1.07
2019-12-03,19.97,20.38,20.49,19.70,6033,12122892.00,3.97,2.46,0.49,1.76
2019-12-04,20.28,20.16,20.30,20.03,4880,9827536.00,1.32,-1.08,-0.22,1.42
2019-12-05,20.05,20.27,20.35,20.05,5422,10979200.00,1.49,0.55,0.11,1.58
2019-12-06,20.34,20.48,20.49,20.16,6126,12465955.00,1.63,1.04,0.21,1.79
2019-12-09,20.48,20.48,20.77,20.39,5866,12051996.00,1.86,0.00,0.00,1.71
2019-12-10,20.48,20.48,20.49,20.24,3661,7457197.00,1.22,0.00,0.00,1.07
2019-12-11,20.45,20.26,20.55,20.26,3420,6980537.00,1.42,-1.07,-0.22,1.00
2019-12-12,20.26,20.24,20.35,20.22,5034,10213243.00,0.64,-0.10,-0.02,1.47
2019-12-13,20.28,20.60,20.69,20.28,6062,12419699.00,2.03,1.78,0.36,1.77
2019-12-16,20.73,21.09,21.38,20.43,8129,16958707.00,4.61,2.38,0.49,2.37
2019-12-17,21.10,21.30,21.43,21.00,9227,19567872.00,2.04,1.00,0.21,2.69
2019-12-18,21.43,21.31,21.49,21.10,7188,15325520.00,1.83,0.05,0.01,2.10
2019-12-19,21.37,21.83,22.70,21.21,22346,48965293.00,6.99,2.44,0.52,6.52
2019-12-20,21.78,22.00,22.23,21.65,14268,31346011.00,2.66,0.78,0.17,4.17
2019-12-23,21.68,21.13,21.78,21.05,11297,24105990.00,3.32,-3.95,-0.87,3.30
2019-12-24,21.13,21.23,21.29,20.81,6900,14541375.00,2.27,0.47,0.10,2.01
2019-12-25,21.19,21.30,21.47,21.18,5623,11990511.00,1.37,0.33,0.07,1.64
2019-12-26,21.46,21.87,22.45,21.35,12750,28006909.00,5.16,2.68,0.57,3.72
2019-12-27,21.77,22.89,23.60,21.65,24562,55079591.00,8.92,4.66,1.02,7.17
2019-12-30,22.56,22.65,22.80,22.02,16385,36702531.00,3.41,-1.05,-0.24,4.78
2019-12-31,22.70,21.98,23.09,21.91,17621,39416294.00,5.21,-2.96,-0.67,5.14
2020-01-02,22.18,22.60,22.97,22.01,21256,47501591.00,4.37,2.82,0.62,6.21
2020-01-03,22.45,22.32,22.69,22.20,13368,29877982.00,2.17,-1.24,-0.28,3.90
2020-01-06,22.10,22.30,22.57,21.93,13282,29624250.00,2.87,-0.09,-0.02,3.88
2020-01-07,22.47,23.10,23.35,22.25,24092,54867549.00,4.93,3.59,0.80,7.03
2020-01-08,22.95,23.11,23.38,22.74,15657,35963813.00,2.77,0.04,0.01,4.57
2020-01-09,23.26,23.56,23.99,23.26,19498,45993314.00,3.16,1.95,0.45,5.69
2020-01-10,23.47,24.49,24.55,23.41,27787,67103357.00,4.84,3.95,0.93,8.11
2020-01-13,24.70,24.39,24.70,23.84,18033,43568593.00,3.51,-0.41,-0.10,5.27
2020-01-14,24.27,23.91,24.35,23.82,15892,38159529.00,2.17,-1.97,-0.48,4.64
2020-01-15,23.60,23.90,23.97,23.50,9726,23059303.00,1.97,-0.04,-0.01,2.84
2020-01-16,23.91,23.76,24.38,23.66,9256,22174075.00,3.01,-0.59,-0.14,2.70
2020-01-17,23.87,23.76,24.02,23.60,7821,18606762.00,1.77,0.00,0.00,2.28
2020-01-20,23.90,23.70,23.90,23.20,9456,22251859.00,2.95,-0.25,-0.06,2.76
2020-01-21,23.68,23.60,24.23,23.50,11509,27452478.00,3.08,-0.42,-0.10,3.36
2020-01-22,23.63,23.85,23.92,23.12,10855,25509377.00,3.39,1.06,0.25,3.17
2020-01-23,23.67,22.79,24.13,22.33,11148,26012878.00,7.55,-4.44,-1.06,3.25
2020-02-03,20.51,20.51,20.51,20.51,1992,4085592.00,0.00,-10.00,-2.28,0.58
2020-02-04,18.55,19.57,20.40,18.55,14293,28100883.00,9.02,-4.58,-0.94,4.17
2020-02-05,19.45,20.30,20.45,19.45,10624,21430692.00,5.11,3.73,0.73,3.10
2020-02-06,20.65,21.28,21.95,20.18,16903,35913194.00,8.72,4.83,0.98,4.94
2020-02-07,21.66,21.65,22.07,21.39,11387,24681224.00,3.20,1.74,0.37,3.32
2020-02-10,21.65,21.70,21.83,21.43,7676,16639787.00,1.85,0.23,0.05,2.24
2020-02-11,21.69,21.57,22.25,21.55,7611,16575042.00,3.23,-0.60,-0.13,2.22
2020-02-12,21.54,22.02,22.20,21.51,7709,16832473.00,3.20,2.09,0.45,2.25
2020-02-13,22.48,21.68,22.48,21.67,9559,21003597.00,3.68,-1.54,-0.34,2.79
2020-02-14,21.68,21.72,22.09,21.58,7890,17216496.00,2.35,0.18,0.04,2.30
2020-02-17,21.66,22.45,22.69,21.66,10876,24183993.00,4.74,3.36,0.73,3.18
2020-02-18,22.45,23.06,23.18,22.45,10402,23853483.00,3.25,2.72,0.61,3.04
2020-02-19,22.88,23.82,24.18,22.88,21995,51962393.00,5.64,3.30,0.76,6.42
2020-02-20,23.85,23.63,24.15,23.31,15826,37436762.00,3.53,-0.80,-0.19,4.62
2020-02-21,23.66,23.63,24.12,23.50,13676,32444369.00,2.62,0.00,0.00,3.99
2020-02-24,23.70,24.43,24.68,23.51,21144,51245344.00,4.95,3.39,0.80,6.17
2020-02-25,23.90,23.95,24.13,23.20,17192,40820813.00,3.81,-1.96,-0.48,5.02
2020-02-26,23.42,23.91,24.71,23.42,18285,44255664.00,5.39,-0.17,-0.04,5.34
2020-02-27,24.35,24.45,24.75,23.88,16831,41086094.00,3.64,2.26,0.54,4.91
2020-02-28,23.91,23.00,24.29,22.82,17275,40704965.00,6.01,-5.93,-1.45,5.04
2020-03-02,23.16,25.30,25.30,23.16,35153,86605246.00,9.30,10.00,2.30,10.26
2020-03-03,25.50,26.30,26.60,24.83,52330,133745078.00,7.00,3.95,1.00,15.28
2020-03-04,25.77,25.53,26.18,25.02,30771,78736001.00,4.41,-2.93,-0.77,8.98
2020-03-05,25.70,26.72,27.03,25.38,42497,112500593.00,6.46,4.66,1.19,12.41
2020-03-06,26.40,27.00,27.74,26.13,32493,87416980.00,6.03,1.05,0.28,9.49
2020-03-09,26.30,25.27,26.79,25.00,26260,67777303.00,6.63,-6.41,-1.73,7.67
2020-03-10,24.80,25.29,25.46,24.13,20618,51016852.00,5.26,0.08,0.02,6.02
2020-03-11,25.00,24.43,25.63,24.41,14447,36026599.00,4.82,-3.40,-0.86,4.22
2020-03-12,23.98,23.99,24.14,23.60,11138,26615025.00,2.21,-1.80,-0.44,3.25
2020-03-13,23.04,23.48,23.74,22.55,12306,28583153.00,4.96,-2.13,-0.51,3.59
2020-03-16,23.80,22.16,23.98,22.16,12273,28346126.00,7.75,-5.62,-1.32,3.58
2020-03-17,22.35,22.06,22.90,21.43,8924,19655570.00,6.63,-0.45,-0.10,2.61
2020-03-18,22.49,20.81,22.51,20.81,14431,31509854.00,7.71,-5.67,-1.25,4.21
2020-03-19,20.88,20.91,21.26,20.46,12093,25283858.00,3.84,0.48,0.10,3.53
2020-03-20,21.38,21.20,21.45,20.80,7472,15763697.00,3.11,1.39,0.29,2.18
2020-03-23,20.80,20.54,21.32,20.31,10605,22208513.00,4.76,-3.11,-0.66,3.10
2020-03-24,20.89,21.03,21.15,20.38,7063,14709078.00,3.75,2.39,0.49,2.06
2020-03-25,21.41,21.60,21.73,21.18,10230,21935138.00,2.62,2.71,0.57,2.99
2020-03-26,21.53,21.25,21.58,21.19,5780,12366202.00,1.81,-1.62,-0.35,1.69
2020-03-27,21.36,20.95,21.55,20.90,7347,15606163.00,3.06,-1.41,-0.30,2.15
2020-03-30,20.98,20.14,20.98,19.88,10230,20684373.00,5.25,-3.87,-0.81,2.99
2020-03-31,20.29,19.77,20.50,19.74,9844,19751452.00,3.77,-1.84,-0.37,2.87
2020-04-01,19.90,19.71,20.15,19.61,7126,14180491.00,2.73,-0.30,-0.06,2.08
2020-04-02,19.69,20.38,20.49,19.50,12228,24498538.00,5.02,3.40,0.67,3.57
2020-04-03,20.45,20.04,20.49,19.87,8500,17107846.00,3.04,-1.67,-0.34,2.48
2020-04-07,20.29,20.77,20.86,20.24,12501,25768311.00,3.09,3.64,0.73,3.65
2020-04-08,20.70,21.18,21.25,20.62,10154,21342633.00,3.03,1.97,0.41,2.96
2020-04-09,21.23,21.28,21.51,21.10,8426,17973975.00,1.94,0.47,0.10,2.46
2020-04-10,21.28,20.78,21.65,20.70,8248,17378768.00,4.46,-2.35,-0.50,2.41
2020-04-13,20.81,20.87,21.02,20.48,5090,10570454.00,2.60,0.43,0.09,1.49
2020-04-14,20.92,21.29,21.48,20.87,6973,14760161.00,2.92,2.01,0.42,2.04
2020-04-15,21.34,21.03,21.50,21.03,8007,16946929.00,2.21,-1.22,-0.26,2.34
2020-04-16,20.51,20.65,20.76,20.14,12035,24646373.00,2.95,-1.81,-0.38,3.51
2020-04-17,20.76,20.85,21.28,20.63,10499,22123181.00,3.15,0.97,0.20,3.07
2020-04-20,20.78,21.29,21.54,20.69,9953,21139172.00,4.08,2.11,0.44,2.91
2020-04-21,21.40,20.85,21.70,20.70,11075,23328345.00,4.70,-2.07,-0.44,3.23
2020-04-22,20.62,21.10,21.40,20.60,11771,24713904.00,3.84,1.20,0.25,3.44
2020-04-23,21.30,20.70,21.30,20.66,7744,16183374.00,3.03,-1.90,-0.40,2.26
2020-04-24,20.61,20.33,20.66,20.25,5952,12163105.00,1.98,-1.79,-0.37,1.74
2020-04-27,20.26,20.32,20.73,20.15,6712,13694998.00,2.85,-0.05,-0.01,1.96
2020-04-28,20.36,19.75,20.50,19.00,11460,22438784.00,7.38,-2.81,-0.57,3.35
2020-04-29,19.72,19.34,20.12,19.25,10257,20078159.00,4.41,-2.08,-0.41,2.99
2020-04-30,19.42,19.81,19.93,19.26,9113,18026119.00,3.46,2.43,0.47,2.66
2020-05-06,19.57,20.33,20.37,19.51,7802,15665430.00,4.34,2.62,0.52,2.28
2020-05-07,20.36,20.10,20.48,20.06,7170,14504049.00,2.07,-1.13,-0.23,2.09
2020-05-08,20.38,20.41,20.58,20.28,7840,16002018.00,1.49,1.54,0.31,2.29
2020-05-11,20.49,20.68,20.72,20.42,9188,18912519.00,1.47,1.32,0.27,2.68
2020-05-12,20.70,20.57,20.74,20.30,5958,12229964.00,2.13,-0.53,-0.11,1.74
2020-05-13,20.52,21.20,22.63,20.33,19458,41158714.00,11.18,3.06,0.63,5.68
2020-05-14,21.04,20.80,21.20,20.59,12311,25608496.00,2.88,-1.89,-0.40,3.59
2020-05-15,20.70,20.60,20.89,20.58,7540,15617365.00,1.49,-0.96,-0.20,2.20
2020-05-18,20.80,20.23,20.80,20.11,7814,15868949.00,3.35,-1.80,-0.37,2.28
2020-05-19,20.49,20.46,20.55,20.25,5421,11078781.00,1.48,1.14,0.23,1.58
2020-05-20,20.46,20.25,20.56,20.10,5681,11517146.00,2.25,-1.03,-0.21,1.66
2020-05-21,20.32,20.38,20.77,20.28,10125,20807537.00,2.42,0.64,0.13,2.96
2020-05-22,20.62,22.42,22.42,20.05,26656,57614310.00,11.63,10.01,2.04,7.78
2020-05-25,22.80,21.91,22.80,21.51,38194,83847608.00,5.75,-2.27,-0.51,11.15
2020-05-26,21.91,21.76,21.97,21.41,22828,49471196.00,2.56,-0.68,-0.15,6.67
2020-05-27,21.76,21.55,21.80,21.31,16746,36072224.00,2.25,-0.97,-0.21,4.89
2020-05-28,21.56,21.19,21.74,20.86,13244,28103258.00,4.08,-1.67,-0.36,3.87
2020-05-29,21.24,21.24,21.46,21.00,10675,22732239.00,2.17,0.24,0.05,3.12
2020-06-01,21.30,21.86,22.00,21.30,20474,44537104.00,3.30,2.92,0.62,5.98
2020-06-02,22.00,21.74,22.00,21.55,13403,29103946.00,2.06,-0.55,-0.12,3.91
2020-06-03,21.81,21.92,22.17,21.71,16200,35615545.00,2.12,0.83,0.18,4.73
2020-06-04,21.95,22.08,22.12,21.74,10636,23325516.00,1.73,0.73,0.16,3.11
2020-06-05,22.08,22.16,22.40,21.10,15710,34607840.00,5.89,0.36,0.08,4.59
2020-06-08,22.35,21.88,22.35,21.88,8882,19601365.00,2.12,-1.26,-0.28,2.59
2020-06-09,21.85,21.98,24.06,21.80,18327,40699959.00,10.33,0.46,0.10,5.35
2020-06-10,22.17,21.49,22.17,21.49,10709,23196742.00,3.09,-2.23,-0.49,3.13
2020-06-11,21.48,21.40,21.86,21.35,7587,16403418.00,2.37,-0.42,-0.09,2.22
2020-06-12,21.15,21.17,21.38,21.00,7084,14997945.00,1.78,-1.07,-0.23,2.07
2020-06-15,21.18,21.42,21.55,21.15,7541,16089062.00,1.89,1.18,0.25,2.20
2020-06-16,21.27,21.80,21.88,21.27,9536,20661522.00,2.85,1.77,0.38,2.78
2020-06-17,21.70,21.80,21.86,21.53,6415,13919567.00,1.51,0.00,0.00,1.87
2020-06-18,21.80,21.90,22.07,21.73,7513,16461498.00,1.56,0.46,0.10,2.19
2020-06-19,21.77,22.20,22.34,21.77,12338,27325607.00,2.60,1.37,0.30,3.60
2020-06-22,22.32,22.03,22.32,21.98,10168,22470389.00,1.53,-0.77,-0.17,2.97
2020-06-23,22.03,22.24,22.30,22.00,10087,22358067.00,1.36,0.95,0.21,2.95
2020-06-24,22.20,22.08,22.35,21.84,7795,17154046.00,2.29,-0.72,-0.16,2.28
2020-06-29,22.00,21.68,22.00,21.50,7722,16731956.00,2.26,-1.81,-0.40,2.25
2020-06-30,21.70,23.10,23.46,21.70,24008,54469660.00,8.12,6.55,1.42,7.01
2020-07-01,22.96,23.01,23.30,22.70,13507,31029746.00,2.60,-0.39,-0.09,3.94
2020-07-02,22.79,22.95,23.45,22.79,9683,22266001.00,2.87,-0.26,-0.06,2.83
2020-07-03,22.92,23.55,23.77,22.88,13547,31692005.00,3.88,2.61,0.60,3.96
2020-07-06,23.56,23.97,24.25,23.34,25367,60288473.00,3.86,1.78,0.42,7.41
2020-07-07,23.97,23.97,24.20,23.68,19350,46364449.00,2.17,0.00,0.00,5.65
2020-07-08,23.83,24.47,24.84,23.83,19358,47021352.00,4.21,2.09,0.50,5.65
2020-07-09,24.50,24.85,25.20,24.30,14453,35661750.00,3.68,1.55,0.38,4.22
2020-07-10,24.71,25.04,25.44,24.60,18369,45965476.00,3.38,0.76,0.19,5.36
2020-07-13,25.33,25.73,25.73,24.89,18458,46724848.00,3.35,2.76,0.69,5.39
2020-07-14,25.57,25.43,26.10,24.88,17477,44498692.00,4.74,-1.17,-0.30,5.10
2020-07-15,27.97,27.97,27.97,27.97,10565,29550584.00,0.00,9.99,2.54,3.08
2020-07-16,28.44,28.85,29.47,27.50,73301,209190701.00,7.04,3.15,0.88,21.40
2020-07-17,27.82,26.96,28.78,26.67,39448,109330744.00,7.31,-6.55,-1.89,11.52
2020-07-20,26.71,28.90,29.46,26.60,40832,114774825.00,10.61,7.20,1.94,11.92
2020-07-21,29.17,28.44,29.17,28.24,20866,59492404.00,3.22,-1.59,-0.46,6.09
2020-07-22,28.42,27.75,28.65,27.57,21404,60198669.00,3.80,-2.43,-0.69,6.25
2020-07-23,27.64,28.69,28.76,27.29,21867,61276551.00,5.30,3.39,0.94,6.38
2020-07-24,28.65,27.42,30.24,27.31,41254,120408724.00,10.21,-4.43,-1.27,12.04
2020-07-27,27.70,27.52,28.71,26.65,25246,70526833.00,7.51,0.36,0.10,7.37
2020-07-28,28.00,27.15,28.35,26.85,24220,66553418.00,5.45,-1.34,-0.37,7.07
2020-07-29,26.95,28.30,28.30,26.70,19196,52994272.00,5.89,4.24,1.15,5.60
2020-07-30,28.31,27.95,28.50,27.83,13936,39163543.00,2.37,-1.24,-0.35,4.07
2020-07-31,27.71,28.45,28.98,27.71,16220,46024914.00,4.54,1.79,0.50,4.74
2020-08-03,28.50,29.63,29.63,28.32,18193,52883275.00,4.60,4.15,1.18,5.31
2020-08-04,29.62,28.89,29.62,28.20,23751,68342874.00,4.79,-2.50,-0.74,6.93
2020-08-05,28.89,29.96,30.49,28.53,29446,87450364.00,6.78,3.70,1.07,8.60
2020-08-06,29.95,29.44,29.95,28.71,20773,60873653.00,4.14,-1.74,-0.52,6.07
2020-08-07,29.54,28.86,29.55,28.20,16936,48662814.00,4.59,-1.97,-0.58,4.94
2020-08-10,28.60,28.86,30.05,28.43,13226,38377019.00,5.61,0.00,0.00,3.86
2020-08-11,28.85,27.80,29.38,27.35,15228,43128818.00,7.03,-3.67,-1.06,4.45
2020-08-12,27.80,27.54,28.00,26.94,11337,30947101.00,3.81,-0.94,-0.26,3.31
2020-08-13,27.37,27.60,27.85,27.37,5901,16286371.00,1.74,0.22,0.06,1.72
2020-08-14,27.59,28.01,28.10,27.32,7548,20928685.00,2.83,1.49,0.41,2.20
2020-08-17,28.02,29.60,29.95,27.91,17957,52527605.00,7.28,5.68,1.59,5.24
2020-08-18,29.94,29.59,30.04,29.34,14664,43606562.00,2.36,-0.03,-0.01,4.28
2020-08-19,29.51,29.82,30.18,29.09,12155,36163885.00,3.68,0.78,0.23,3.55
2020-08-20,29.52,28.60,31.50,28.41,26692,79460444.00,10.36,-4.09,-1.22,7.79
2020-08-21,28.90,30.12,30.45,28.60,24331,72301570.00,6.47,5.31,1.52,7.10
2020-08-24,30.08,30.85,31.28,29.66,19699,60187446.00,5.38,2.42,0.73,5.75
2020-08-25,30.84,31.36,31.80,30.08,18226,56841497.00,5.58,1.65,0.51,5.32
2020-08-26,31.40,28.52,31.78,28.22,35962,106640036.00,11.35,-9.06,-2.84,10.50
2020-08-27,28.37,28.45,28.88,27.60,15625,44334327.00,4.49,-0.25,-0.07,4.56
2020-08-28,28.77,29.65,30.35,28.52,21802,64107603.00,6.43,4.22,1.20,6.37
2020-08-31,29.75,29.57,30.56,29.46,19931,59677768.00,3.71,-0.27,-0.08,2.49
2020-09-01,29.68,31.92,32.20,29.57,30931,96572803.00,8.89,7.95,2.35,3.87
2020-09-02,32.32,32.29,32.88,31.80,23506,76159605.00,3.38,1.16,0.37,2.94
2020-09-03,32.55,32.95,33.54,32.01,22912,75389956.00,4.74,2.04,0.66,2.86
2020-09-04,32.77,32.82,33.22,32.28,13428,44106490.00,2.85,-0.39,-0.13,1.68
2020-09-07,33.00,32.22,34.17,32.03,16779,55645902.00,6.52,-1.83,-0.60,2.10
2020-09-08,32.44,31.75,33.36,31.10,15622,49604541.00,7.01,-1.46,-0.47,1.95
2020-09-09,31.70,29.91,31.70,29.80,15376,46824652.00,5.98,-5.80,-1.84,1.92
2020-09-10,30.38,29.27,30.56,29.17,16104,47976705.00,4.65,-2.14,-0.64,2.01
2020-09-11,29.94,29.51,29.94,29.02,9631,28425731.00,3.14,0.82,0.24,1.20
2020-09-14,29.88,29.80,30.29,29.50,9966,29774422.00,2.68,0.98,0.29,1.25
2020-09-15,29.79,30.85,31.10,29.79,14513,44381679.00,4.40,3.52,1.05,1.81
2020-09-16,30.51,30.31,30.86,29.86,9474,28625972.00,3.24,-1.75,-0.54,1.18
2020-09-17,30.28,30.38,30.87,29.88,11447,34716840.00,3.27,0.23,0.07,1.43
2020-09-18,30.20,33.08,33.33,30.20,25894,83491818.00,10.30,8.89,2.70,3.24
2020-09-21,32.80,32.66,33.29,32.37,12347,40422927.00,2.78,-1.27,-0.42,1.54
2020-09-22,32.40,30.86,32.66,30.60,17009,53326588.00,6.31,-5.51,-1.80,2.13
2020-09-23,31.20,31.27,31.95,30.91,10086,31610467.00,3.37,1.33,0.41,1.26
2020-09-24,30.78,29.90,30.82,29.70,11207,33798574.00,3.58,-4.38,-1.37,1.40
2020-09-25,30.00,29.04,30.09,29.04,9728,28672097.00,3.51,-2.88,-0.86,1.22
2020-09-28,29.09,28.10,29.48,28.00,12783,36455172.00,5.10,-3.24,-0.94,1.60
2020-09-29,28.00,28.23,28.86,28.00,8810,24971666.00,3.06,0.46,0.13,1.10
2020-09-30,28.23,27.63,28.44,27.00,12567,34937013.00,5.10,-2.13,-0.60,1.57
2020-10-09,27.98,28.95,29.20,27.80,16053,45901650.00,5.07,4.78,1.32,2.01
2020-10-12,29.19,29.63,29.97,28.77,11979,35148220.00,4.15,2.35,0.68,1.50
2020-10-13,29.88,29.24,29.88,28.83,14493,42322878.00,3.54,-1.32,-0.39,1.81
2020-10-14,30.00,29.77,30.78,29.43,32669,97758100.00,4.62,1.81,0.53,4.08
2020-10-15,29.99,30.79,31.71,29.68,23945,73850157.00,6.82,3.43,1.02,2.99
2020-10-16,30.78,31.30,31.62,30.50,16032,49878369.00,3.64,1.66,0.51,2.00
2020-10-19,31.62,31.00,31.72,30.72,11081,34472837.00,3.19,-0.96,-0.30,1.39
2020-10-20,31.00,31.20,31.35,30.03,10869,33564163.00,4.26,0.65,0.20,1.36
2020-10-21,31.50,30.80,31.70,30.61,12256,38008195.00,3.49,-1.28,-0.40,1.53
2020-10-22,30.60,30.53,30.80,30.16,9257,28135261.00,2.08,-0.88,-0.27,1.16
2020-10-23,30.38,29.33,30.62,29.33,13003,38923307.00,4.23,-3.93,-1.20,1.63
2020-10-26,29.44,31.10,31.33,29.17,17526,53780691.00,7.36,6.03,1.77,2.19
2020-10-27,31.10,31.18,31.46,30.63,9835,30475883.00,2.67,0.26,0.08,1.23
2020-10-28,31.26,32.16,32.50,31.13,17519,55739686.00,4.39,3.14,0.98,2.19
2020-10-29,31.80,33.04,33.40,31.41,16714,54782238.00,6.19,2.74,0.88,2.09
2020-10-30,33.06,32.88,34.14,32.55,19359,64231399.00,4.81,-0.48,-0.16,2.42
2020-11-02,33.01,34.66,35.00,32.67,26811,90828838.00,7.09,5.41,1.78,3.35
2020-11-03,34.65,33.74,34.68,33.40,20710,69947586.00,3.69,-2.65,-0.92,2.59
2020-11-04,33.68,33.80,34.14,33.26,13739,46278108.00,2.61,0.18,0.06,1.72
2020-11-05,33.90,34.40,34.83,33.54,17813,61048933.00,3.82,1.78,0.60,2.23
2020-11-06,34.80,34.62,35.44,34.00,20833,72260733.00,4.19,0.64,0.22,2.60
2020-11-09,34.91,34.62,35.54,34.55,16733,58456254.00,2.86,0.00,0.00,2.09
2020-11-10,34.66,34.62,35.48,34.30,15800,54990429.00,3.41,0.00,0.00,1.98
2020-11-11,34.42,33.70,34.90,33.40,19710,67144519.00,4.33,-2.66,-0.92,2.46
2020-11-12,34.03,33.30,34.34,33.28,9382,31607866.00,3.15,-1.19,-0.40,1.17
2020-11-13,33.30,33.96,34.14,32.42,17437,58413188.00,5.17,1.98,0.66,2.18
2020-11-16,34.37,33.39,34.38,33.05,14221,47584649.00,3.92,-1.68,-0.57,1.78
2020-11-17,33.52,33.07,33.77,31.53,15020,49600526.00,6.71,-0.96,-0.32,1.88
2020-11-18,33.31,33.25,33.49,32.61,9834,32550938.00,2.66,0.54,0.18,1.23
2020-11-19,33.37,35.03,35.37,32.74,19558,67084972.00,7.91,5.35,1.78,2.44
2020-11-20,35.30,36.09,36.69,34.89,25676,92783635.00,5.14,3.03,1.06,3.21
2020-11-23,36.33,35.27,36.38,34.60,23868,83990633.00,4.93,-2.27,-0.82,2.98
2020-11-24,35.40,34.62,35.44,34.48,13383,46697583.00,2.72,-1.84,-0.65,1.67
2020-11-25,34.89,34.89,35.55,34.00,22972,80127421.00,4.48,0.78,0.27,2.87
2020-11-26,34.88,33.53,35.07,33.11,24506,82961900.00,5.62,-3.90,-1.36,3.06
2020-11-27,33.35,33.44,34.09,32.77,20111,67144487.00,3.94,-0.27,-0.09,2.51
2020-11-30,33.40,32.20,33.40,31.99,23210,75455039.00,4.22,-3.71,-1.24,2.90
2020-12-01,32.33,32.69,32.90,32.00,12103,39376818.00,2.80,1.52,0.49,1.51
2020-12-02,32.82,32.23,32.86,32.00,12917,41731377.00,2.63,-1.41,-0.46,1.61
2020-12-03,32.11,32.33,33.50,31.61,18570,60659786.00,5.86,0.31,0.10,2.32
2020-12-04,32.81,32.50,32.84,32.38,10961,35704577.00,1.42,0.53,0.17,1.37
2020-12-07,32.99,32.71,33.01,32.30,10468,34181788.00,2.18,0.65,0.21,1.31
2020-12-08,32.81,32.30,33.20,32.30,9802,32080685.00,2.75,-1.25,-0.41,1.23
2020-12-09,32.32,31.05,32.55,31.05,10700,33820709.00,4.64,-3.87,-1.25,1.34
2020-12-10,31.00,30.84,31.25,29.85,12251,37449258.00,4.51,-0.68,-0.21,1.53
2020-12-11,30.83,29.80,31.13,29.37,16141,48390249.00,5.71,-3.37,-1.04,2.02
2020-12-14,29.46,30.30,30.37,29.29,10883,32404831.00,3.62,1.68,0.50,1.36
2020-12-15,30.30,29.90,30.44,29.72,10246,30818968.00,2.38,-1.32,-0.40,1.28
2020-12-16,29.83,29.43,30.13,29.06,10366,30469735.00,3.58,-1.57,-0.47,1.30
2020-12-17,29.18,29.88,29.98,28.87,9171,26959948.00,3.77,1.53,0.45,1.15
2020-12-18,29.56,28.98,29.80,28.82,10388,30324871.00,3.28,-3.01,-0.90,1.30
2020-12-21,28.99,29.21,29.39,28.38,11451,33144885.00,3.49,0.79,0.23,1.43
2020-12-22,29.00,27.95,29.08,27.85,19842,56230114.00,4.21,-4.31,-1.26,2.48
2020-12-23,28.05,28.22,28.92,27.80,11276,31964298.00,4.01,0.97,0.27,1.41
2020-12-24,28.27,27.19,28.27,27.19,13204,36421647.00,3.83,-3.65,-1.03,1.65
2020-12-25,27.19,27.44,27.75,27.01,8253,22642671.00,2.72,0.92,0.25,1.03
2020-12-28,27.14,26.25,27.29,26.11,18569,49165343.00,4.30,-4.34,-1.19,2.32
2020-12-29,26.45,26.47,27.17,25.55,17724,47177059.00,6.17,0.84,0.22,2.22
2020-12-30,26.26,26.72,27.00,26.00,11737,31151303.00,3.78,0.94,0.25,1.47
2020-12-31,26.64,27.51,27.68,26.64,11630,31797153.00,3.89,2.96,0.79,1.45
2021-01-04,28.70,29.35,30.00,28.12,26066,76150509.00,6.83,6.69,1.84,3.26
2021-01-05,29.01,29.08,29.99,28.86,14166,41548004.00,3.85,-0.92,-0.27,1.77
2021-01-06,28.90,28.34,29.21,28.26,13083,37247762.00,3.27,-2.54,-0.74,1.64
2021-01-07,28.30,25.88,28.34,25.52,30572,82041145.00,9.95,-8.68,-2.46,3.82
2021-01-08,25.90,26.33,27.07,24.60,30391,78849200.00,9.54,1.74,0.45,3.80
2021-01-11,26.38,24.45,26.38,24.40,24736,62211644.00,7.52,-7.14,-1.88,3.09
2021-01-12,24.82,24.84,25.68,24.51,19389,48691122.00,4.79,1.60,0.39,2.42
2021-01-13,24.94,24.25,25.18,24.00,19166,46796304.00,4.75,-2.38,-0.59,2.40
2021-01-14,24.56,25.10,25.84,24.15,17814,44665522.00,6.97,3.51,0.85,2.23
2021-01-15,25.20,26.70,27.18,24.87,24226,63092431.00,9.20,6.37,1.60,3.03
2021-01-18,26.54,26.70,27.07,26.43,13237,35372765.00,2.40,0.00,0.00,1.65
2021-01-19,26.60,27.54,27.54,26.42,13103,35622445.00,4.19,3.15,0.84,1.64
2021-01-20,27.12,28.11,28.54,27.12,15185,42548772.00,5.16,2.07,0.57,1.90
2021-01-21,27.00,27.07,27.21,26.56,22489,60555476.00,2.31,-3.70,-1.04,2.81
2021-01-22,26.90,27.85,28.35,26.81,16401,45385207.00,5.69,2.88,0.78,2.05
2021-01-25,27.83,26.15,27.87,26.01,21775,58146546.00,6.68,-6.10,-1.70,2.72
2021-01-26,26.15,25.88,26.60,25.49,15603,40600953.00,4.24,-1.03,-0.27,1.95
2021-01-27,25.99,28.21,28.21,25.71,26744,72762116.00,9.66,9.00,2.33,3.34
2021-01-28,27.67,28.29,29.38,27.58,25813,73890882.00,6.38,0.28,0.08,3.23
2021-01-29,28.28,28.78,28.78,27.32,21319,59612042.00,5.16,1.73,0.49,2.66
2021-02-01,27.79,26.90,28.00,25.90,37755,100337425.00,7.30,-6.53,-1.88,4.72
2021-02-02,27.05,25.75,27.05,25.37,21316,54881977.00,6.25,-4.28,-1.15,2.66
2021-02-03,25.38,25.31,26.67,25.17,20347,52623063.00,5.83,-1.71,-0.44,2.54
2021-02-04,25.38,26.11,26.66,25.08,19950,51395776.00,6.24,3.16,0.80,2.49
2021-02-05,25.25,23.50,25.50,23.50,29453,70181398.00,7.66,-10.00,-2.61,3.68
2021-02-08,23.10,21.16,23.16,21.15,36562,79276283.00,8.55,-9.96,-2.34,4.57
2021-02-09,21.26,21.63,21.90,21.01,20726,44505980.00,4.21,2.22,0.47,2.59
2021-02-10,21.59,21.77,22.17,21.59,12782,27926111.00,2.68,0.65,0.14,1.60
2021-02-18,22.09,22.80,22.99,22.09,14021,31628945.00,4.13,4.73,1.03,1.75
2021-02-19,22.80,23.86,23.86,22.61,15179,35651527.00,5.48,4.65,1.06,1.90
2021-02-22,23.80,24.20,24.69,23.52,12876,31336839.00,4.90,1.42,0.34,1.61
2021-02-23,24.20,23.62,24.36,23.60,9113,21711664.00,3.14,-2.40,-0.58,1.14
2021-02-24,23.78,23.70,24.11,23.47,8051,19174306.00,2.71,0.34,0.08,1.01
2021-02-25,23.78,23.45,23.89,23.31,6702,15819288.00,2.45,-1.05,-0.25,0.84
2021-02-26,23.22,23.48,24.03,22.91,10927,25779398.00,4.78,0.13,0.03,1.37
2021-03-01,23.70,24.26,24.35,23.70,8677,20905595.00,2.77,3.32,0.78,1.08
2021-03-02,24.29,24.16,24.34,23.67,7349,17558436.00,2.76,-0.41,-0.10,0.92
2021-03-03,23.74,24.01,24.35,23.69,5931,14216632.00,2.73,-0.62,-0.15,0.74
2021-03-04,24.74,24.00,25.18,23.83,17032,41702681.00,5.62,-0.04,-0.01,2.13
2021-03-05,23.82,23.92,24.09,23.41,10930,25926355.00,2.83,-0.33,-0.08,1.37
2021-03-08,23.98,23.42,24.28,23.30,8849,21092799.00,4.10,-2.09,-0.50,1.11
2021-03-09,23.21,23.00,23.49,22.40,8411,19312633.00,4.65,-1.79,-0.42,1.05
2021-03-10,22.99,22.44,23.04,22.22,9058,20363304.00,3.57,-2.43,-0.56,1.13
2021-03-11,22.75,23.35,23.44,22.20,9054,20747946.00,5.53,4.06,0.91,1.13
2021-03-12,23.20,23.46,23.55,22.79,9265,21409233.00,3.25,0.47,0.11,1.16
2021-03-15,23.37,24.01,24.20,23.17,17965,42537809.00,4.39,2.34,0.55,2.25
2021-03-16,24.01,24.13,24.57,23.78,11414,27681456.00,3.29,0.50,0.12,1.43
2021-03-17,24.47,24.41,24.81,23.84,11819,28826447.00,4.02,1.16,0.28,1.48
2021-03-18,24.71,24.38,24.72,24.03,10866,26434781.00,2.83,-0.12,-0.03,1.36
2021-03-19,24.38,24.60,25.08,24.19,11925,29432570.00,3.65,0.90,0.22,1.49
2021-03-22,24.75,25.03,25.19,24.48,11718,29167736.00,2.89,1.75,0.43,1.46
2021-03-23,25.11,25.63,25.84,24.80,19496,49737334.00,4.16,2.40,0.60,2.44
2021-03-24,25.59,25.62,25.85,25.40,20839,53464283.00,1.76,-0.04,-0.01,2.60
2021-03-25,24.00,23.06,24.50,23.06,36574,85254161.00,5.62,-9.99,-2.56,4.57
2021-03-26,22.82,23.10,23.35,22.66,21271,49073138.00,2.99,0.17,0.04,2.66
2021-03-29,23.24,23.28,23.96,23.10,14713,34461629.00,3.72,0.78,0.18,1.84
2021-03-30,23.15,22.71,23.28,22.50,14015,32115679.00,3.35,-2.45,-0.57,1.75
2021-03-31,22.73,23.03,23.06,22.52,7335,16761938.00,2.38,1.41,0.32,0.92
2021-04-01,22.91,22.99,23.09,22.63,9917,22687209.00,2.00,-0.17,-0.04,1.24
2021-04-02,22.82,23.51,23.62,22.79,13906,32435762.00,3.61,2.26,0.52,1.74
2021-04-06,23.50,23.64,23.82,23.44,8671,20467186.00,1.62,0.55,0.13,1.08
2021-04-07,23.79,23.48,23.80,23.30,9460,22190711.00,2.12,-0.68,-0.16,1.18
2021-04-08,23.40,23.36,23.54,23.17,7897,18431115.00,1.58,-0.51,-0.12,0.99
2021-04-09,23.49,23.96,24.12,23.40,15989,38055003.00,3.08,2.57,0.60,2.00
2021-04-12,23.93,24.03,24.38,23.80,11672,28194631.00,2.42,0.29,0.07,1.46
2021-04-13,24.30,24.29,24.68,23.81,18100,43821182.00,3.62,1.08,0.26,2.26
2021-04-14,24.27,24.54,24.65,24.02,12932,31583756.00,2.59,1.03,0.25,1.62
2021-04-15,24.55,25.43,25.46,24.31,18408,46168978.00,4.69,3.63,0.89,2.30
2021-04-16,25.26,25.49,25.67,25.08,15261,38777374.00,2.32,0.24,0.06,1.91
2021-04-19,25.59,26.15,26.29,25.36,14264,37017536.00,3.65,2.59,0.66,1.78
2021-04-20,25.99,25.71,26.28,25.71,12012,31134253.00,2.18,-1.68,-0.44,1.50
2021-04-21,25.62,25.50,25.88,25.40,11590,29729874.00,1.87,-0.82,-0.21,1.45
2021-04-22,25.66,25.80,26.06,25.65,11033,28518709.00,1.61,1.18,0.30,1.38
2021-04-23,25.60,25.32,25.99,25.25,11141,28375315.00,2.87,-1.86,-0.48,1.39
2021-04-26,25.30,25.27,25.52,25.06,10174,25756444.00,1.82,-0.20,-0.05,1.27
2021-04-27,25.47,25.13,25.47,24.57,10873,27114717.00,3.56,-0.55,-0.14,1.36
2021-04-28,24.93,25.94,26.06,24.93,19116,49237364.00,4.50,3.22,0.81,2.39
2021-04-29,25.84,25.23,25.99,25.15,12282,31391857.00,3.24,-2.74,-0.71,1.54
2021-04-30,25.32,24.99,25.36,24.89,9727,24366782.00,1.86,-0.95,-0.24,1.22
2021-05-06,24.95,25.50,25.98,24.80,13555,34544276.00,4.72,2.04,0.51,1.69
2021-05-07,25.41,24.58,25.61,24.43,14616,36509365.00,4.63,-3.61,-0.92,1.83
2021-05-10,24.59,24.41,24.76,24.20,9977,24389129.00,2.28,-0.69,-0.17,1.25
2021-05-11,24.54,24.10,24.54,23.95,7948,19191743.00,2.42,-1.27,-0.31,0.99
2021-05-12,24.11,24.61,24.97,24.11,11989,29565032.00,3.57,2.12,0.51,1.50
2021-05-13,24.60,24.91,25.50,24.51,15296,38367427.00,4.02,1.22,0.30,1.91
2021-05-14,24.91,24.96,25.19,24.62,8884,22162396.00,2.29,0.20,0.05,1.11
2021-05-17,25.01,24.74,25.26,24.67,13075,32650791.00,2.36,-0.88,-0.22,1.63
2021-05-18,24.74,24.97,25.14,24.30,13134,32600328.00,3.40,0.93,0.23,1.64
2021-05-19,18.91,18.68,19.06,18.58,15746,29485974.00,1.92,-25.19,-6.29,1.51
2021-05-20,18.69,18.47,18.69,18.19,10791,19844957.00,2.68,-1.12,-0.21,1.04
2021-05-21,18.45,18.24,18.65,18.15,9190,16879212.00,2.71,-1.25,-0.23,0.88
2021-05-24,18.12,18.27,18.39,17.94,8633,15685639.00,2.47,0.16,0.03,0.83
2021-05-25,18.22,18.26,18.35,18.03,9510,17282797.00,1.75,-0.05,-0.01,0.91
2021-05-26,18.26,18.41,18.55,18.18,7118,13085019.00,2.03,0.82,0.15,0.68
2021-05-27,18.41,18.31,18.52,18.26,9107,16760968.00,1.41,-0.54,-0.10,0.88
2021-05-28,18.44,17.78,18.44,17.78,14758,26646967.00,3.60,-2.89,-0.53,1.42
2021-05-31,17.78,18.55,18.59,17.78,15317,27885754.00,4.56,4.33,0.77,1.47
2021-06-01,18.64,18.57,18.69,18.34,10463,19398581.00,1.89,0.11,0.02,1.01
2021-06-02,18.57,18.15,18.57,18.05,10584,19312038.00,2.80,-2.26,-0.42,1.02
2021-06-03,18.15,18.17,18.48,18.15,7261,13293129.00,1.82,0.11,0.02,0.70
2021-06-04,18.18,18.78,18.87,18.00,17086,31778765.00,4.79,3.36,0.61,1.64
2021-06-07,18.78,18.68,18.84,18.40,15120,28103645.00,2.34,-0.53,-0.10,1.45
2021-06-08,18.68,18.69,18.84,18.53,9928,18547040.00,1.66,0.05,0.01,0.95
2021-06-09,18.68,18.93,19.08,18.63,13003,24609597.00,2.41,1.28,0.24,1.25
2021-06-10,18.97,19.02,19.04,18.71,10785,20343391.00,1.74,0.48,0.09,1.04
2021-06-11,19.19,18.75,19.30,18.71,10430,19726923.00,3.10,-1.42,-0.27,1.00
2021-06-15,18.66,18.83,19.06,18.45,12156,22708168.00,3.25,0.43,0.08,1.17
2021-06-16,18.83,18.53,18.87,18.47,5903,10998681.00,2.12,-1.59,-0.30,0.57
2021-06-17,18.40,18.77,18.81,18.20,10223,18986996.00,3.29,1.30,0.24,0.98
2021-06-18,18.67,18.66,18.84,18.55,10981,20495904.00,1.55,-0.59,-0.11,1.06
2021-06-21,18.54,19.34,19.58,18.50,24236,46461271.00,5.79,3.64,0.68,2.33
2021-06-22,19.40,19.18,19.53,19.05,13802,26576642.00,2.48,-0.83,-0.16,1.33
2021-06-23,19.18,19.18,19.31,19.04,10662,20421478.00,1.41,0.00,0.00,1.03
2021-06-24,19.18,19.15,19.22,18.86,10316,19661642.00,1.88,-0.16,-0.03,0.99
2021-06-25,19.18,19.13,19.25,18.88,10330,19653854.00,1.93,-0.10,-0.02,0.99
2021-06-28,19.13,19.51,19.68,18.99,19194,37276742.00,3.61,1.99,0.38,1.85
2021-06-29,19.53,19.35,19.62,19.23,8693,16847797.00,2.00,-0.82,-0.16,0.84
2021-06-30,19.30,19.37,19.50,19.00,11293,21765127.00,2.58,0.10,0.02,1.09
2021-07-01,19.48,19.05,19.48,19.05,11589,22219507.00,2.22,-1.65,-0.32,1.11
2021-07-02,19.16,18.91,19.24,18.76,8337,15796269.00,2.52,-0.73,-0.14,0.80
2021-07-05,18.91,19.14,19.37,18.91,8621,16479354.00,2.43,1.22,0.23,0.83
2021-07-06,19.07,19.53,19.78,19.07,19017,37175515.00,3.71,2.04,0.39,1.83
2021-07-07,19.53,19.70,20.24,19.51,33164,65873355.00,3.74,0.87,0.17,3.19
2021-07-08,19.78,19.97,20.10,19.42,20293,40306359.00,3.45,1.37,0.27,1.95
2021-07-09,19.80,19.96,20.10,19.60,13138,26063701.00,2.50,-0.05,-0.01,1.26
2021-07-12,20.00,20.35,20.66,19.76,20823,41996248.00,4.51,1.95,0.39,2.00
2021-07-13,20.33,20.22,20.47,20.06,11537,23309365.00,2.01,-0.64,-0.13,1.11
2021-07-14,20.34,19.95,20.34,19.80,13623,27221088.00,2.67,-1.34,-0.27,1.31
2021-07-15,19.79,19.90,20.09,19.43,14358,28392347.00,3.31,-0.25,-0.05,1.38
2021-07-16,19.97,19.94,20.09,19.75,11554,23023860.00,1.71,0.20,0.04,1.11
