2017-08-01,20.49,20.49,20.49,20.49,73,148593.00,0.00,9.98,1.86,0.02
2017-08-02,22.54,22.54,22.54,22.54,67,151333.00,0.00,10.00,2.05,0.02
2017-08-03,24.79,24.79,24.79,24.79,110,272268.00,0.00,9.98,2.25,0.03
2017-08-04,27.27,27.27,27.27,27.27,579,1578987.00,0.00,10.00,2.48,0.17
2017-08-07,30.00,29.00,30.00,27.80,171874,497840560.00,8.07,6.34,1.73,49.78
2017-08-08,28.44,30.74,31.01,27.70,166841,484882400.00,11.41,6.00,1.74,48.32
2017-08-09,29.60,27.93,29.94,27.79,125285,362025472.00,6.99,-9.14,-2.81,36.28
2017-08-10,27.00,27.96,28.99,26.78,106684,298288080.00,7.91,0.11,0.03,30.90
2017-08-11,27.26,27.42,28.58,27.00,76886,212862392.00,5.65,-1.93,-0.54,22.27
2017-08-14,27.30,27.78,28.26,26.84,63910,176400153.00,5.18,1.31,0.36,18.51
2017-08-15,27.50,29.64,30.44,27.41,123327,357617936.00,10.91,6.70,1.86,35.72
2017-08-16,29.18,30.14,31.68,28.79,143326,432718064.00,9.75,1.69,0.50,41.51
2017-08-17,29.80,29.93,31.68,29.39,137128,419717344.00,7.60,-0.70,-0.21,39.71
2017-08-18,29.61,32.92,32.92,29.21,147670,455376464.00,12.40,9.99,2.99,42.77
2017-08-21,32.00,34.35,35.49,31.97,156123,528509296.00,10.69,4.34,1.43,45.21
2017-08-22,33.88,33.26,34.28,32.30,120938,402276048.00,5.76,-3.17,-1.09,35.02
2017-08-23,32.70,33.43,35.30,32.30,122186,412696816.00,9.02,0.51,0.17,35.39
2017-08-24,32.92,31.48,34.85,31.21,139685,463231232.00,10.89,-5.83,-1.95,40.45
2017-08-25,31.01,33.11,33.60,30.88,102960,333168592.00,8.64,5.18,1.63,29.82
2017-08-28,33.60,36.42,36.42,33.20,150726,525976544.00,9.73,10.00,3.31,43.65
2017-08-29,35.89,37.00,40.06,35.36,196914,742389184.00,12.90,1.59,0.58,57.03
2017-08-30,36.29,39.68,40.50,36.29,166365,635777856.00,11.38,7.24,2.68,48.18
2017-08-31,38.80,39.56,40.80,38.70,124083,489941856.00,5.29,-0.30,-0.12,35.93
2017-09-01,40.26,37.54,40.55,36.60,126417,486010800.00,9.98,-5.11,-2.02,36.61
2017-09-04,36.80,36.00,36.99,35.60,90154,326061408.00,3.70,-4.10,-1.54,26.11
2017-09-05,36.01,36.20,37.30,36.00,78015,286017984.00,3.61,0.56,0.20,22.59
2017-09-06,35.33,35.05,35.68,34.00,94538,328708272.00,4.64,-3.18,-1.15,27.38
2017-09-07,34.95,34.70,35.75,34.68,66476,234491169.00,3.05,-1.00,-0.35,19.25
2017-09-08,34.50,34.36,35.20,33.68,49727,171616151.00,4.38,-0.98,-0.34,14.40
2017-09-11,34.48,35.91,36.17,34.36,60662,214440147.00,5.27,4.51,1.55,17.57
2017-09-12,35.79,34.77,35.81,34.54,53109,186606356.00,3.54,-3.17,-1.14,15.38
2017-09-13,34.50,35.41,35.53,34.29,40715,142877682.00,3.57,1.84,0.64,11.79
2017-09-14,35.35,35.30,35.87,34.94,33106,117309791.00,2.63,-0.31,-0.11,9.59
2017-09-15,35.30,34.13,35.59,34.02,36018,124630287.00,4.45,-3.31,-1.17,10.43
2017-09-18,33.96,33.52,33.98,32.70,27159,90761275.00,3.75,-1.79,-0.61,7.87
2017-09-19,33.61,34.08,34.50,33.51,29529,100557110.00,2.95,1.67,0.56,8.55
2017-09-20,33.87,34.40,34.57,33.67,26065,89032981.00,2.64,0.94,0.32,7.55
2017-09-21,34.60,34.31,35.19,34.00,37707,131292464.00,3.46,-0.26,-0.09,10.92
2017-09-22,33.90,34.94,35.00,33.05,42066,143780607.00,5.68,1.84,0.63,12.18
2017-09-25,34.78,34.50,35.44,34.45,29193,102104670.00,2.83,-1.26,-0.44,8.45
2017-09-26,34.37,32.70,34.50,32.10,40774,134911464.00,6.96,-5.22,-1.80,11.81
2017-09-27,32.80,33.10,33.24,32.53,19606,64728573.00,2.17,1.22,0.40,5.68
2017-09-28,33.00,32.89,33.58,32.50,21300,70596295.00,3.26,-0.63,-0.21,6.17
2017-09-29,33.00,33.15,33.40,32.60,19098,63202252.00,2.43,0.79,0.26,5.53
2017-10-09,33.49,33.45,33.70,33.20,20007,67016575.00,1.51,0.90,0.30,5.79
2017-10-10,33.47,35.37,35.43,33.32,49393,170760101.00,6.31,5.74,1.92,14.30
2017-10-11,35.35,36.96,37.75,35.06,90527,328991648.00,7.61,4.50,1.59,26.22
2017-10-12,36.00,36.35,36.50,35.59,50394,181823985.00,2.46,-1.65,-0.61,14.59
2017-10-13,36.15,36.55,37.32,36.06,51187,187993417.00,3.47,0.55,0.20,14.82
2017-10-16,37.16,36.10,39.40,36.05,63432,237803003.00,9.17,-1.23,-0.45,18.37
2017-10-17,35.00,38.73,39.71,34.60,119758,455705504.00,14.16,7.29,2.63,34.68
2017-10-18,37.80,36.80,38.33,36.05,85624,319955360.00,5.89,-4.98,-1.93,24.80
2017-10-19,36.41,36.90,38.60,36.36,70004,263347877.00,6.09,0.27,0.10,20.27
2017-10-20,39.00,40.59,40.59,39.00,167458,676018752.00,4.31,10.00,3.69,48.50
2017-10-23,44.65,40.58,44.65,38.58,187269,791218224.00,14.95,-0.02,-0.01,54.23
2017-10-24,41.63,38.20,42.16,37.80,155462,620776528.00,10.74,-5.86,-2.38,45.02
2017-10-25,37.13,38.44,39.19,36.60,117674,445247680.00,6.78,0.63,0.24,34.08
2017-10-26,37.90,37.43,38.50,37.16,85147,321978288.00,3.49,-2.63,-1.01,24.66
2017-10-27,37.40,35.90,37.68,35.80,82136,300419952.00,5.02,-4.09,-1.53,23.79
2017-10-30,36.01,34.51,36.30,34.48,53137,186933119.00,5.07,-3.87,-1.39,15.39
2017-10-31,34.92,36.34,36.89,34.71,69297,247719583.00,6.32,5.30,1.83,20.07
2017-11-01,35.80,36.44,36.82,35.70,56320,203665438.00,3.08,0.28,0.10,16.31
2017-11-02,36.65,37.30,37.95,36.45,75750,282552032.00,4.12,2.36,0.86,21.94
2017-11-03,37.60,36.51,37.60,36.00,41274,151362978.00,4.29,-2.12,-0.79,11.95
2017-11-06,36.90,37.85,37.90,36.78,46392,173414260.00,3.07,3.67,1.34,13.44
2017-11-07,38.20,37.10,38.28,36.46,52580,196025815.00,4.81,-1.98,-0.75,15.23
2017-11-08,36.88,36.96,38.00,36.85,56342,210682058.00,3.10,-0.38,-0.14,16.32
2017-11-09,36.90,36.49,36.90,36.00,42644,155312970.00,2.44,-1.27,-0.47,12.35
2017-11-10,36.45,36.74,37.39,36.35,52521,193982538.00,2.85,0.69,0.25,15.21
2017-11-13,37.05,36.40,37.13,36.16,42713,156228627.00,2.64,-0.93,-0.34,12.37
2017-11-14,36.53,36.00,36.72,35.60,42923,155158260.00,3.08,-1.10,-0.40,12.43
2017-11-15,35.55,34.04,35.80,33.80,49155,170156509.00,5.56,-5.44,-1.96,14.24
2017-11-16,33.70,33.18,34.29,33.18,24302,82050986.00,3.26,-2.53,-0.86,7.04
2017-11-17,33.14,29.91,33.39,29.91,46557,145267329.00,10.49,-9.86,-3.27,13.48
2017-11-20,29.65,30.49,30.57,29.11,21181,63688547.00,4.88,1.94,0.58,6.13
2017-11-21,30.45,29.92,30.62,29.29,22907,68478119.00,4.36,-1.87,-0.57,6.63
2017-11-22,29.99,29.67,30.28,29.45,14876,44383434.00,2.77,-0.84,-0.25,4.31
2017-11-23,29.58,28.57,29.66,28.57,17321,50481065.00,3.67,-3.71,-1.10,5.02
2017-11-24,28.52,28.45,28.88,28.41,11719,33567006.00,1.65,-0.42,-0.12,3.39
2017-11-27,28.57,27.86,28.65,27.81,12242,34569204.00,2.95,-2.07,-0.59,3.55
2017-11-28,28.00,28.63,28.66,27.91,13247,37609601.00,2.69,2.76,0.77,3.84
2017-11-29,28.63,28.80,28.88,28.00,14600,41519151.00,3.07,0.59,0.17,4.23
2017-11-30,28.57,29.64,30.20,28.57,28782,85164961.00,5.66,2.92,0.84,8.34
2017-12-01,29.37,29.83,30.00,29.24,18158,53904183.00,2.56,0.64,0.19,5.26
2017-12-04,29.50,28.20,29.70,28.00,20958,59846877.00,5.70,-5.46,-1.63,6.07
2017-12-05,28.26,26.40,28.43,26.22,22381,60839415.00,7.84,-6.38,-1.80,6.48
2017-12-06,26.45,27.06,27.14,26.00,17401,46322118.00,4.32,2.50,0.66,5.04
2017-12-07,26.92,27.02,27.29,26.79,13063,35288051.00,1.85,-0.15,-0.04,3.78
2017-12-08,27.04,27.85,28.36,26.87,19712,54781139.00,5.51,3.07,0.83,5.71
2017-12-11,28.10,27.90,28.19,27.70,15685,43688678.00,1.76,0.18,0.05,4.54
2017-12-12,27.80,26.82,27.81,26.80,16480,44887855.00,3.62,-3.87,-1.08,4.77
2017-12-13,26.80,27.39,27.42,26.78,10016,27199382.00,2.39,2.13,0.57,2.90
2017-12-14,27.22,27.27,27.40,26.96,7984,21663874.00,1.61,-0.44,-0.12,2.31
2017-12-15,27.25,26.82,27.26,26.62,10804,29079916.00,2.35,-1.65,-0.45,3.13
2017-12-18,26.86,26.20,26.88,26.03,12050,31667599.00,3.17,-2.31,-0.62,3.49
2017-12-19,26.28,26.45,26.53,26.11,10158,26800440.00,1.60,0.95,0.25,2.94
2017-12-20,26.55,26.66,26.98,26.40,15054,40105153.00,2.19,0.79,0.21,4.36
2017-12-21,26.69,26.31,26.69,25.40,15615,40817918.00,4.84,-1.31,-0.35,4.52
2017-12-22,26.32,26.05,26.47,26.03,10327,27087656.00,1.67,-0.99,-0.26,2.99
2017-12-25,26.05,25.75,26.30,25.31,11961,30752441.00,3.80,-1.15,-0.30,3.46
2017-12-26,25.80,28.33,28.33,25.75,55129,151566931.00,10.02,10.02,2.58,15.97
2017-12-27,28.30,27.96,28.65,27.71,49340,139019023.00,3.32,-1.31,-0.37,14.29
2017-12-28,27.58,28.98,29.40,27.53,54163,153434866.00,6.69,3.65,1.02,15.69
2017-12-29,28.70,28.48,28.75,28.06,31065,88178825.00,2.38,-1.73,-0.50,9.00
2018-01-02,28.35,28.50,28.69,28.17,18929,53887552.00,1.83,0.07,0.02,5.48
2018-01-03,28.43,28.45,29.95,28.04,18260,51953920.00,6.70,-0.18,-0.05,5.29
2018-01-04,28.44,28.70,28.70,28.25,18833,53664406.00,1.58,0.88,0.25,5.45
2018-01-05,28.53,28.19,28.79,28.14,17528,49778636.00,2.26,-1.78,-0.51,5.08
2018-01-08,28.00,28.20,28.22,27.72,13211,36886265.00,1.77,0.04,0.01,3.83
2018-01-09,28.10,29.20,29.20,27.96,35997,103432823.00,4.40,3.55,1.00,10.42
2018-01-10,28.95,28.55,29.52,28.12,32436,93770528.00,4.79,-2.23,-0.65,9.39
2018-01-11,28.02,29.40,30.30,27.95,45635,133419634.00,8.23,2.98,0.85,13.22
2018-01-12,29.68,28.61,29.87,28.61,26853,78012872.00,4.29,-2.69,-0.79,7.78
2018-01-15,28.34,27.30,28.56,27.13,23109,64464102.00,5.00,-4.58,-1.31,6.69
2018-01-16,27.10,30.03,30.03,27.02,54587,159833689.00,11.03,10.00,2.73,15.81
2018-01-17,30.00,30.05,30.48,29.51,74652,224096119.00,3.23,0.07,0.02,21.62
2018-01-18,29.60,29.77,30.33,29.51,35360,105616753.00,2.73,-0.93,-0.28,10.24
2018-01-19,29.96,30.56,31.85,29.77,76022,233699981.00,6.99,2.65,0.79,22.02
2018-01-22,30.25,31.34,32.60,30.16,72828,229320169.00,7.98,2.55,0.78,21.09
2018-01-23,30.66,30.31,30.85,29.75,44499,134136792.00,3.51,-3.29,-1.03,12.89
2018-01-24,30.27,30.51,31.49,30.17,41397,127296847.00,4.35,0.66,0.20,11.99
2018-01-25,30.11,29.88,30.88,29.88,34112,103082774.00,3.28,-2.06,-0.63,9.88
2018-01-26,29.40,28.91,29.50,28.81,31128,90652885.00,2.31,-3.25,-0.97,9.01
2018-01-29,28.93,29.23,29.37,28.69,19347,56339991.00,2.35,1.11,0.32,5.60
2018-01-30,29.20,28.58,29.33,28.43,18170,52177986.00,3.08,-2.22,-0.65,5.26
2018-01-31,28.41,27.67,28.70,27.55,18337,51118388.00,4.02,-3.18,-0.91,5.31
2018-02-01,27.67,25.81,28.18,25.80,20982,56077133.00,8.60,-6.72,-1.86,6.08
2018-02-02,25.80,25.48,26.20,24.25,15471,39372037.00,7.56,-1.28,-0.33,4.48
2018-02-05,24.79,24.95,25.46,24.30,11763,29375520.00,4.55,-2.08,-0.53,3.41
2018-02-06,24.28,22.51,24.54,22.51,22335,52453465.00,8.14,-9.78,-2.44,6.47
2018-02-07,23.17,23.12,23.45,22.23,18451,42645641.00,5.42,2.71,0.61,5.34
2018-02-08,23.20,23.68,23.89,23.06,10886,25692361.00,3.59,2.42,0.56,3.15
2018-02-09,22.91,22.93,23.35,22.36,12219,28089322.00,4.18,-3.17,-0.75,3.54
2018-02-12,23.30,23.80,24.43,23.14,14217,33860503.00,5.63,3.79,0.87,4.12
2018-02-13,23.93,23.83,24.27,23.67,10863,25995812.00,2.52,0.13,0.03,3.15
2018-02-14,23.81,23.91,24.09,23.72,6634,15870476.00,1.55,0.34,0.08,1.92
2018-02-22,24.20,24.40,24.40,23.84,12162,29391973.00,2.34,2.05,0.49,3.52
2018-02-23,24.35,24.55,24.59,24.14,9722,23705892.00,1.84,0.61,0.15,2.82
2018-02-26,25.05,25.38,25.78,25.01,19494,49586374.00,3.14,3.38,0.83,5.65
2018-02-27,25.11,25.68,25.87,25.02,19424,49687543.00,3.35,1.18,0.30,5.63
2018-02-28,25.59,25.49,25.60,25.15,13674,34700413.00,1.75,-0.74,-0.19,3.96
2018-03-01,25.21,25.90,26.99,25.21,15471,39867146.00,6.98,1.61,0.41,4.48
2018-03-02,25.60,25.24,25.83,25.18,11669,29712172.00,2.51,-2.55,-0.66,3.38
2018-03-05,25.59,25.80,25.85,25.24,12070,30894383.00,2.42,2.22,0.56,3.50
2018-03-06,25.80,26.23,26.58,25.69,19171,50132393.00,3.45,1.67,0.43,5.55
2018-03-07,26.41,26.12,26.48,26.00,12054,31579082.00,1.83,-0.42,-0.11,3.49
2018-03-08,26.20,26.95,26.99,26.10,23451,62547195.00,3.41,3.18,0.83,6.79
2018-03-09,27.00,27.26,27.34,26.68,19804,53434844.00,2.45,1.15,0.31,5.74
2018-03-12,27.17,27.34,27.77,27.17,19668,53849955.00,2.20,0.29,0.08,5.70
2018-03-13,27.39,26.68,27.39,26.65,13850,37253644.00,2.71,-2.41,-0.66,4.01
2018-03-14,26.60,27.00,27.99,26.46,24032,65614111.00,5.73,1.20,0.32,6.96
2018-03-15,26.70,25.62,26.73,25.06,22044,56869623.00,6.19,-5.11,-1.38,6.38
2018-03-16,25.69,25.70,26.19,25.62,11156,28945635.00,2.22,0.31,0.08,3.23
2018-03-19,25.70,26.21,26.37,25.51,11117,29085217.00,3.35,1.98,0.51,3.22
2018-03-20,26.00,26.71,26.83,25.80,16661,44126456.00,3.93,1.91,0.50,4.83
2018-03-21,26.88,26.66,27.46,26.63,20900,56308861.00,3.11,-0.19,-0.05,6.05
2018-03-22,26.79,27.29,27.29,26.64,20200,54653455.00,2.44,2.36,0.63,5.85
2018-03-23,26.38,24.56,26.40,24.56,26819,68306890.00,6.74,-10.00,-2.73,7.77
2018-03-26,23.81,24.93,24.98,23.23,13835,33422319.00,7.13,1.51,0.37,4.01
2018-03-27,25.02,25.55,25.84,25.02,16379,41795904.00,3.29,2.49,0.62,4.74
2018-03-28,25.09,25.85,26.18,25.07,16643,43050110.00,4.34,1.17,0.30,4.82
2018-03-29,25.74,26.16,26.62,25.72,17109,44811859.00,3.48,1.20,0.31,4.95
2018-03-30,26.16,26.83,26.88,26.16,21138,56411269.00,2.75,2.56,0.67,6.12
2018-04-02,27.14,26.84,27.39,26.62,21972,59112000.00,2.87,0.04,0.01,6.36
2018-04-03,26.33,27.55,29.38,26.30,39971,109542460.00,11.48,2.65,0.71,11.58
2018-04-04,27.46,28.15,28.65,27.46,42782,119771393.00,4.32,2.18,0.60,12.39
2018-04-09,27.95,29.28,29.55,27.88,50731,146058961.00,5.93,4.01,1.13,14.69
2018-04-10,28.95,28.22,29.22,27.86,42267,119921938.00,4.64,-3.62,-1.06,12.24
2018-04-11,28.39,28.89,29.27,28.39,35359,102448040.00,3.12,2.37,0.67,10.24
2018-04-12,28.61,28.24,28.98,27.97,25794,73414300.00,3.50,-2.25,-0.65,7.47
2018-04-13,28.47,28.24,28.76,28.13,16843,47851943.00,2.23,0.00,0.00,4.88
2018-04-16,28.70,28.53,29.28,27.68,24306,69552914.00,5.67,1.03,0.29,7.04
2018-04-17,28.22,27.27,28.66,27.21,21690,60354742.00,5.08,-4.42,-1.26,6.28
2018-04-18,27.38,27.26,27.55,26.00,19807,53129920.00,5.68,-0.04,-0.01,5.74
2018-04-19,27.22,26.76,27.40,26.70,10670,28952076.00,2.57,-1.83,-0.50,3.09
2018-04-20,26.78,25.18,26.78,25.13,19197,49428745.00,6.17,-5.90,-1.58,5.56
2018-04-23,25.10,25.92,25.92,25.10,11723,29977493.00,3.26,2.94,0.74,3.40
2018-04-24,25.89,27.34,27.45,25.81,23126,62201392.00,6.33,5.48,1.42,6.70
2018-04-25,26.50,26.60,26.86,26.20,26286,69737959.00,2.41,-2.71,-0.74,7.61
2018-04-26,26.73,25.80,26.84,25.80,20211,53103040.00,3.91,-3.01,-0.80,5.85
2018-04-27,26.11,27.17,28.27,26.11,36237,98314395.00,8.37,5.31,1.37,10.49
2018-05-02,27.18,27.50,27.65,26.68,29355,79888645.00,3.57,1.21,0.33,8.50
2018-05-03,30.25,30.25,30.25,30.25,15699,47488265.00,0.00,10.00,2.75,4.55
2018-05-04,33.28,33.28,33.28,33.02,78186,260191936.00,0.86,10.02,3.03,22.64
2018-05-07,33.17,34.20,35.50,32.81,174709,595470544.00,8.08,2.76,0.92,50.60
2018-05-08,33.62,37.62,37.62,33.62,163892,603415488.00,11.70,10.00,3.42,47.46
2018-05-09,36.00,34.58,36.99,34.28,167435,593855696.00,7.20,-8.08,-3.04,48.49
2018-05-10,33.80,35.53,36.89,33.33,143011,500225968.00,10.29,2.75,0.95,41.42
2018-05-11,34.90,33.26,35.04,33.01,98910,336536720.00,5.71,-6.39,-2.27,28.64
2018-05-14,33.56,34.09,34.74,33.28,70498,239647078.00,4.39,2.50,0.83,20.42
2018-05-15,34.19,34.57,34.99,33.43,71953,246668700.00,4.58,1.41,0.48,20.84
2018-05-16,33.99,32.93,34.00,32.62,77795,258314896.00,3.99,-4.74,-1.64,22.53
2018-05-17,33.00,32.92,33.77,32.82,52454,174399422.00,2.88,-0.03,-0.01,15.19
2018-05-18,32.41,33.48,33.66,31.33,77194,250063749.00,7.08,1.70,0.56,22.36
2018-05-21,33.49,34.23,35.50,33.20,91504,314743488.00,6.87,2.24,0.75,26.50
2018-05-22,34.14,34.38,34.85,33.50,58263,198817650.00,3.94,0.44,0.15,16.87
2018-05-23,33.91,35.38,35.94,33.33,101572,355382960.00,7.59,2.91,1.00,29.42
2018-05-24,34.70,35.83,36.09,34.50,76228,268733872.00,4.49,1.27,0.45,22.08
2018-05-25,36.49,35.20,37.30,34.80,90335,326815600.00,6.98,-1.76,-0.63,26.16
2018-05-28,36.30,35.86,38.72,35.55,117368,433127168.00,9.01,1.88,0.66,33.99
2018-05-29,34.18,32.27,34.50,32.27,89832,297774304.00,6.22,-10.01,-3.59,26.02
2018-05-30,30.65,29.58,31.26,29.40,49204,150025866.00,5.76,-8.34,-2.69,14.25
2018-05-31,31.51,32.54,32.54,31.51,24926,80569664.00,3.48,10.01,2.96,7.22
2018-06-01,35.79,35.79,35.79,34.42,149562,531849104.00,4.21,9.99,3.25,43.31
2018-06-04,37.55,38.83,39.37,36.71,197626,767718656.00,7.43,8.49,3.04,57.23
2018-06-05,41.16,42.71,42.71,41.16,90578,384099648.00,3.99,9.99,3.88,26.23
2018-06-06,46.98,46.98,46.98,46.00,57290,268869824.00,2.29,10.00,4.27,16.59
2018-06-07,49.00,44.67,51.68,42.52,237323,1125855904.00,19.50,-4.92,-2.31,68.73
2018-06-08,41.00,40.20,41.79,40.20,69646,282254704.00,3.56,-10.01,-4.47,20.17
2018-06-11,39.99,41.79,42.88,39.01,177475,721857568.00,9.63,3.96,1.59,51.40
2018-06-12,40.23,39.20,40.79,38.11,136533,537515504.00,6.41,-6.20,-2.59,39.54
2018-06-13,39.00,38.13,39.98,37.48,107301,413674768.00,6.38,-2.73,-1.07,31.07
2018-06-14,38.00,38.40,39.45,37.50,91361,352559408.00,5.11,0.71,0.27,26.46
2018-06-15,38.50,36.58,38.50,35.88,90715,336182112.00,6.82,-4.74,-1.82,26.27
2018-06-19,35.68,33.30,35.88,32.92,82052,281500000.00,8.09,-8.97,-3.28,23.76
2018-06-20,33.10,34.88,35.42,32.61,83956,289126224.00,8.44,4.74,1.58,24.31
2018-06-21,34.60,35.20,36.38,33.98,101224,356666880.00,6.88,0.92,0.32,29.31
2018-06-22,34.91,36.78,37.70,34.60,98691,359243488.00,8.81,4.49,1.58,28.58
2018-06-25,36.52,36.59,37.27,35.62,81046,295658432.00,4.49,-0.52,-0.19,23.47
2018-06-26,35.30,37.55,37.95,35.05,82063,302806160.00,7.93,2.62,0.96,23.77
2018-06-27,37.25,39.28,40.55,37.05,116111,452406272.00,9.32,4.61,1.73,33.63
2018-06-28,38.50,37.90,39.44,37.60,87510,336966208.00,4.68,-3.51,-1.38,25.34
2018-06-29,37.12,39.30,39.40,36.70,89761,344197264.00,7.12,3.69,1.40,26.00
2018-07-02,38.90,37.30,39.06,36.70,76119,290106160.00,6.01,-5.09,-2.00,22.04
2018-07-03,37.17,36.87,37.57,35.10,66362,241871784.00,6.62,-1.15,-0.43,19.22
2018-07-04,36.32,34.70,36.58,34.05,61187,215589550.00,6.86,-5.89,-2.17,17.72
2018-07-05,34.39,34.38,35.81,34.38,48384,169999897.00,4.12,-0.92,-0.32,14.01
2018-07-06,34.26,34.89,35.70,34.08,55634,194863730.00,4.71,1.48,0.51,16.11
2018-07-09,34.90,36.03,36.36,34.88,53561,190419727.00,4.24,3.27,1.14,15.51
2018-07-10,36.50,38.19,38.80,35.80,90859,341674336.00,8.33,6.00,2.16,26.31
2018-07-11,36.80,36.21,36.90,35.00,74147,268626112.00,4.98,-5.18,-1.98,21.47
2018-07-12,36.18,37.66,38.47,36.02,76691,287674784.00,6.77,4.00,1.45,22.21
2018-07-13,37.30,37.36,38.08,36.84,59935,224600804.00,3.29,-0.80,-0.30,17.36
2018-07-16,38.66,37.83,39.97,37.60,87131,336322064.00,6.34,1.26,0.47,25.23
2018-07-17,37.16,37.66,37.82,36.51,51076,189966131.00,3.46,-0.45,-0.17,14.79
2018-07-18,37.19,36.35,37.70,36.22,42473,157272727.00,3.93,-3.48,-1.31,12.30
2018-07-19,36.10,34.70,36.10,34.32,47602,167841145.00,4.90,-4.54,-1.65,13.79
2018-07-20,34.70,34.55,34.70,33.37,39490,134699475.00,3.83,-0.43,-0.15,11.44
2018-07-23,34.12,34.33,35.05,33.57,32657,111484546.00,4.28,-0.64,-0.22,9.46
2018-07-24,34.35,35.33,35.36,34.03,37364,130565970.00,3.87,2.91,1.00,10.82
2018-07-25,35.22,34.11,35.29,34.06,36430,126227869.00,3.48,-3.45,-1.22,10.55
2018-07-26,34.02,32.50,34.02,32.39,41660,137456616.00,4.78,-4.72,-1.61,12.06
2018-07-27,32.30,33.21,33.58,32.10,26317,86982428.00,4.55,2.18,0.71,7.62
2018-07-30,33.08,31.69,33.08,31.39,29273,93605474.00,5.09,-4.58,-1.52,8.48
2018-07-31,31.69,32.06,32.43,31.54,18196,58190545.00,2.81,1.17,0.37,5.27
2018-08-01,32.20,32.07,33.35,32.05,33137,108535844.00,4.05,0.03,0.01,9.60
2018-08-02,30.89,32.39,34.40,30.36,45812,147762795.00,12.60,1.00,0.32,12.31
2018-08-03,32.41,30.38,32.70,30.03,31902,100639205.00,8.24,-6.21,-2.01,8.58
2018-08-06,29.51,27.54,29.63,27.38,43557,122853397.00,7.41,-9.35,-2.84,11.71
2018-08-07,27.77,28.34,28.44,27.00,32948,92281981.00,5.23,2.90,0.80,8.86
2018-08-08,29.38,28.18,30.00,27.90,46753,136251221.00,7.41,-0.56,-0.16,12.57
2018-08-09,27.80,28.93,29.10,27.20,37850,108032280.00,6.74,2.66,0.75,10.17
2018-08-10,28.88,29.65,29.89,28.85,36154,106220874.00,3.59,2.49,0.72,9.72
2018-08-13,28.90,30.28,30.38,28.60,39974,118988325.00,6.00,2.12,0.63,10.75
2018-08-14,30.15,31.18,31.95,29.80,53616,165749273.00,7.10,2.97,0.90,14.41
2018-08-15,30.80,29.36,30.81,29.00,41474,124552687.00,5.81,-5.84,-1.82,11.15
2018-08-16,28.42,28.56,29.37,28.40,27656,79692633.00,3.30,-2.72,-0.80,7.43
2018-08-17,28.95,27.65,29.20,27.55,25690,72849380.00,5.78,-3.19,-0.91,6.91
2018-08-20,27.62,28.11,28.12,26.70,25250,69486872.00,5.14,1.66,0.46,6.79
2018-08-21,27.98,28.39,28.55,27.62,21490,60643932.00,3.31,1.00,0.28,5.78
2018-08-22,28.39,27.82,28.84,27.81,20106,56956352.00,3.63,-2.01,-0.57,5.40
2018-08-23,27.89,28.35,28.63,27.89,24251,68650026.00,2.66,1.91,0.53,6.52
2018-08-24,28.40,28.40,28.83,28.06,23249,66345273.00,2.72,0.18,0.05,6.25
2018-08-27,28.50,30.11,30.22,28.50,37570,110130713.00,6.06,6.02,1.71,10.10
2018-08-28,30.05,30.19,30.20,29.52,36718,109676915.00,2.26,0.27,0.08,9.87
2018-08-29,29.01,28.00,29.25,27.86,51128,145094506.00,4.60,-7.25,-2.19,13.74
2018-08-30,27.81,27.19,28.12,27.19,24562,67807558.00,3.32,-2.89,-0.81,6.60
2018-08-31,27.18,26.85,27.57,26.85,15097,41054702.00,2.65,-1.25,-0.34,4.06
2018-09-03,26.98,26.37,26.98,25.65,19142,50225672.00,4.95,-1.79,-0.48,5.15
2018-09-04,26.40,26.83,26.96,26.30,18603,49644664.00,2.50,1.74,0.46,5.00
2018-09-05,26.63,25.88,26.81,25.81,21701,56983514.00,3.73,-3.54,-0.95,5.83
2018-09-06,25.75,26.08,26.30,25.65,14174,36948133.00,2.51,0.77,0.20,3.81
2018-09-07,26.22,26.33,26.87,26.07,20613,54508551.00,3.07,0.96,0.25,5.54
2018-09-10,26.34,25.66,26.45,25.58,15053,38872682.00,3.30,-2.54,-0.67,4.05
2018-09-11,25.79,25.95,26.20,25.53,12415,32055443.00,2.61,1.13,0.29,3.34
2018-09-12,26.03,26.35,26.43,25.80,16483,43139297.00,2.43,1.54,0.40,4.43
2018-09-13,26.74,26.65,26.75,26.26,20607,54664580.00,1.86,1.14,0.30,5.54
2018-09-14,26.57,25.78,26.65,25.76,17278,45375181.00,3.34,-3.26,-0.87,4.64
2018-09-17,25.48,24.65,25.56,24.65,17574,43912290.00,3.53,-4.38,-1.13,4.72
2018-09-18,24.44,25.90,25.90,24.36,29205,73809259.00,6.25,5.07,1.25,7.85
2018-09-19,25.30,26.20,26.55,25.21,35289,91038706.00,5.17,1.16,0.30,9.49
2018-09-20,26.28,26.32,26.59,25.95,27937,73439699.00,2.44,0.46,0.12,7.51
2018-09-21,26.36,26.37,26.47,25.91,23709,62188057.00,2.13,0.19,0.05,6.37
2018-09-25,26.30,26.66,27.00,26.26,24093,64352063.00,2.81,1.10,0.29,6.48
2018-09-26,26.50,27.39,27.61,26.26,46031,124987153.00,5.06,2.74,0.73,12.37
2018-09-27,27.24,26.45,27.30,26.45,34922,93981981.00,3.10,-3.43,-0.94,9.39
2018-09-28,26.52,28.00,28.05,26.52,56885,156169002.00,5.78,5.86,1.55,15.29
2018-10-08,27.43,27.26,27.73,27.02,39316,107629898.00,2.54,-2.64,-0.74,10.57
2018-10-09,27.40,27.77,27.92,27.30,31516,87056257.00,2.27,1.87,0.51,8.47
2018-10-10,27.51,27.18,27.70,26.88,26436,72070521.00,2.95,-2.12,-0.59,7.11
2018-10-11,25.00,24.46,25.60,24.46,31654,78790788.00,4.19,-10.01,-2.72,8.51
2018-10-12,23.60,23.59,24.08,22.33,31985,74895601.00,7.15,-3.56,-0.87,8.60
2018-10-15,23.60,23.45,24.15,23.45,18337,43717503.00,2.97,-0.59,-0.14,4.93
2018-10-16,23.57,23.10,24.07,22.56,18755,43896488.00,6.44,-1.49,-0.35,5.04
2018-10-17,23.58,23.50,23.73,22.67,19936,46626442.00,4.59,1.73,0.40,5.36
2018-10-18,23.34,23.66,24.50,23.10,28344,67455519.00,5.96,0.68,0.16,7.62
2018-10-19,22.53,24.44,24.45,22.33,30679,73112473.00,8.96,3.30,0.78,8.25
2018-10-22,24.45,25.43,25.75,24.44,36758,92429402.00,5.36,4.05,0.99,9.88
2018-10-23,25.43,24.92,26.31,24.55,41435,105892754.00,6.92,-2.01,-0.51,11.14
2018-10-24,24.70,24.60,25.15,24.32,22716,56140625.00,3.33,-1.28,-0.32,6.11
2018-10-25,23.62,23.91,24.19,23.38,23530,55812660.00,3.29,-2.80,-0.69,6.33
2018-10-26,24.28,24.31,24.60,23.88,21146,51318470.00,3.01,1.67,0.40,5.68
2018-10-29,24.20,24.03,24.80,23.83,17656,42839937.00,3.99,-1.15,-0.28,4.75
2018-10-30,23.85,24.18,24.30,23.51,16766,40199146.00,3.29,0.62,0.15,4.51
2018-10-31,24.40,24.55,24.72,24.21,19692,48246357.00,2.11,1.53,0.37,5.29
2018-11-01,24.41,25.20,25.60,24.41,33049,82719342.00,4.85,2.65,0.65,8.88
2018-11-02,25.50,25.73,25.77,25.10,32785,83466401.00,2.66,2.10,0.53,8.81
2018-11-05,25.61,25.70,26.56,25.29,37373,96735043.00,4.94,-0.12,-0.03,10.05
2018-11-06,25.35,25.00,25.35,24.37,27992,69480364.00,3.81,-2.72,-0.70,7.52
2018-11-07,25.10,24.70,25.30,24.70,21451,53652655.00,2.40,-1.20,-0.30,5.77
2018-11-08,24.92,25.35,25.48,24.70,27003,67777876.00,3.16,2.63,0.65,7.26
2018-11-09,25.13,25.86,25.97,24.98,34284,87426334.00,3.91,2.01,0.51,9.22
2018-11-12,25.52,26.17,26.28,25.32,40633,105311426.00,3.71,1.20,0.31,10.92
2018-11-13,25.78,26.07,26.33,25.62,34112,88716566.00,2.71,-0.38,-0.10,9.17
2018-11-14,25.97,25.91,26.95,25.91,35430,93289572.00,3.99,-0.61,-0.16,9.52
2018-11-15,26.50,27.47,28.41,26.08,68860,186594587.00,8.99,6.02,1.56,18.51
2018-11-16,27.66,28.65,29.33,27.55,78509,222963298.00,6.48,4.30,1.18,21.10
2018-11-19,28.23,27.93,28.39,27.62,40405,112824204.00,2.69,-2.51,-0.72,10.86
2018-11-20,27.75,27.23,28.50,27.21,34945,97378673.00,4.62,-2.51,-0.70,9.39
2018-11-21,26.80,29.07,29.37,26.73,67675,192533899.00,9.70,6.76,1.84,18.19
2018-11-22,29.11,28.25,29.11,28.02,55480,157962587.00,3.75,-2.82,-0.82,14.91
2018-11-23,28.17,26.40,28.20,26.28,41368,112183847.00,6.80,-6.55,-1.85,11.12
2018-11-26,26.10,25.56,26.65,25.02,28090,72738644.00,6.17,-3.18,-0.84,7.55
2018-11-27,25.85,25.56,25.85,25.30,18955,48457226.00,2.15,0.00,0.00,5.10
2018-11-28,25.49,25.64,25.70,24.83,23049,58278691.00,3.40,0.31,0.08,6.20
2018-11-29,25.80,24.71,26.08,24.70,21858,55739962.00,5.38,-3.63,-0.93,5.88
2018-11-30,24.77,24.90,24.94,23.98,18994,46490569.00,3.89,0.77,0.19,5.11
2018-12-03,25.85,25.67,25.94,25.55,23544,60708892.00,1.57,3.09,0.77,6.33
2018-12-04,25.65,25.75,25.93,25.35,17652,45142865.00,2.26,0.31,0.08,4.75
2018-12-05,25.15,25.25,25.55,25.02,13156,33246278.00,2.06,-1.94,-0.50,3.54
2018-12-06,25.25,24.69,25.53,24.64,16237,40631720.00,3.52,-2.22,-0.56,4.36
2018-12-07,24.82,24.68,24.90,24.51,9657,23835435.00,1.58,-0.04,-0.01,2.60
2018-12-10,24.50,24.04,24.50,23.80,12621,30404107.00,2.84,-2.59,-0.64,3.39
2018-12-11,24.06,24.38,24.38,24.03,9477,22945823.00,1.46,1.41,0.34,2.55
2018-12-12,24.38,24.47,24.66,24.37,8931,21871208.00,1.19,0.37,0.09,2.40
2018-12-13,24.47,24.80,24.83,24.38,16010,39499064.00,1.84,1.35,0.33,4.30
2018-12-14,24.70,25.18,26.00,24.40,35230,89203407.00,6.45,1.53,0.38,9.47
2018-12-17,25.50,26.20,26.49,25.36,53005,137905907.00,4.49,4.05,1.02,14.25
2018-12-18,25.62,25.30,25.92,24.90,32293,81887455.00,3.89,-3.44,-0.90,8.68
2018-12-19,25.30,24.44,25.39,24.40,20949,51841328.00,3.91,-3.40,-0.86,5.63
2018-12-20,24.17,24.62,24.70,24.17,12082,29605804.00,2.17,0.74,0.18,3.25
2018-12-21,24.31,24.67,24.68,24.28,12661,31037893.00,1.62,0.20,0.05,3.40
2018-12-24,24.67,25.37,25.50,24.65,23979,60432009.00,3.45,2.84,0.70,6.45
2018-12-25,25.03,25.73,25.93,24.70,25927,65616823.00,4.85,1.42,0.36,6.97
2018-12-26,25.05,25.35,25.83,25.05,17353,44122464.00,3.03,-1.48,-0.38,4.66
2018-12-27,25.70,25.18,25.72,25.06,17226,43719015.00,2.60,-0.67,-0.17,4.63
2018-12-28,25.10,24.36,25.40,24.31,18044,44761932.00,4.33,-3.26,-0.82,4.85
2019-01-02,24.38,24.30,24.58,23.93,8503,20636338.00,2.67,-0.25,-0.06,2.29
2019-01-03,24.14,24.31,24.59,24.10,8934,21728040.00,2.02,0.04,0.01,2.40
2019-01-04,24.05,24.94,24.94,23.75,14883,36578881.00,4.90,2.59,0.63,4.00
2019-01-07,25.14,25.21,25.34,24.90,16334,41021380.00,1.76,1.08,0.27,4.39
2019-01-08,25.08,24.72,25.21,24.64,13165,32688503.00,2.26,-1.94,-0.49,3.54
2019-01-09,24.75,24.76,25.28,24.75,18006,45108065.00,2.14,0.16,0.04,4.84
2019-01-10,24.75,24.28,24.92,24.24,17244,42395126.00,2.75,-1.94,-0.48,4.64
2019-01-11,24.43,24.81,24.81,24.30,13752,33812168.00,2.10,2.18,0.53,3.70
2019-01-14,24.90,24.52,24.94,24.38,10113,24883120.00,2.26,-1.17,-0.29,2.72
2019-01-15,24.47,24.79,24.79,24.39,9868,24370868.00,1.63,1.10,0.27,2.65
2019-01-16,24.74,24.77,25.00,24.60,11140,27645123.00,1.61,-0.08,-0.02,2.99
2019-01-17,24.83,24.52,24.95,24.38,11796,29129528.00,2.30,-1.01,-0.25,3.17
2019-01-18,24.48,24.60,24.64,24.15,13194,32215776.00,2.00,0.33,0.08,3.55
2019-01-21,24.60,24.91,24.92,24.50,14539,36031458.00,1.71,1.26,0.31,3.91
2019-01-22,24.88,25.21,25.27,24.71,24118,60444996.00,2.25,1.20,0.30,6.48
2019-01-23,25.06,25.08,25.15,24.85,12509,31262501.00,1.19,-0.52,-0.13,3.36
2019-01-24,24.90,25.08,25.29,24.89,13709,34399188.00,1.59,0.00,0.00,3.68
2019-01-25,25.11,24.55,25.11,24.50,12244,30380092.00,2.43,-2.11,-0.53,3.29
2019-01-28,24.67,24.29,24.71,24.25,9990,24426737.00,1.87,-1.06,-0.26,2.69
2019-01-29,24.29,23.40,24.38,23.10,13196,31138554.00,5.27,-3.66,-0.89,3.55
2019-01-30,23.40,23.13,23.59,23.11,6156,14393607.00,2.05,-1.15,-0.27,1.65
2019-01-31,23.14,21.96,23.35,21.00,13888,31159942.00,10.16,-5.06,-1.17,3.73
2019-02-01,22.01,22.82,22.83,22.01,6642,14940221.00,3.73,3.92,0.86,1.79
2019-02-11,23.05,23.49,23.50,22.82,10575,24568118.00,2.98,2.94,0.67,2.84
2019-02-12,23.35,24.10,24.50,23.35,21189,50856406.00,4.90,2.60,0.61,5.70
2019-02-13,23.99,24.27,24.32,23.72,18598,44873225.00,2.49,0.71,0.17,5.00
2019-02-14,24.05,24.64,24.73,24.05,19624,48128715.00,2.80,1.52,0.37,5.27
2019-02-15,24.66,25.00,25.19,24.39,27802,69392413.00,3.25,1.46,0.36,7.47
2019-02-18,25.38,25.70,25.72,24.88,32002,81291047.00,3.36,2.80,0.70,8.60
2019-02-19,26.90,26.22,27.99,25.98,75191,202442198.00,7.82,2.02,0.52,20.21
2019-02-20,25.75,25.32,25.85,25.02,42348,107327225.00,3.17,-3.43,-0.90,11.38
2019-02-21,25.32,25.00,25.55,24.83,30397,76609402.00,2.84,-1.26,-0.32,8.17
2019-02-22,25.05,25.33,25.38,24.88,21155,53185251.00,2.00,1.32,0.33,5.69
2019-02-25,25.53,26.35,26.45,25.30,42607,110521764.00,4.54,4.03,1.02,11.45
2019-02-26,26.59,26.12,26.65,25.96,37373,98210201.00,2.62,-0.87,-0.23,10.05
2019-02-27,26.20,25.86,26.63,25.62,25756,67490944.00,3.87,-1.00,-0.26,6.92
2019-02-28,25.79,26.43,26.65,25.78,29030,76531501.00,3.36,2.20,0.57,7.80
2019-03-01,26.73,26.47,26.75,26.22,20328,53657899.00,2.01,0.15,0.04,5.46
2019-03-04,26.75,26.66,27.11,26.46,40102,107536734.00,2.46,0.72,0.19,10.78
2019-03-05,26.50,27.22,27.31,26.41,34285,92022720.00,3.38,2.10,0.56,9.22
2019-03-06,27.22,27.36,27.46,26.75,41086,111282795.00,2.61,0.51,0.14,11.04
2019-03-07,27.45,27.74,27.85,26.91,44119,121225331.00,3.44,1.39,0.38,11.86
2019-03-08,27.00,26.00,27.37,25.98,40892,109406656.00,5.01,-6.27,-1.74,10.99
2019-03-11,26.11,27.06,27.10,26.11,31566,84250071.00,3.81,4.08,1.06,8.48
2019-03-12,27.46,27.30,27.65,27.05,38715,105926241.00,2.22,0.89,0.24,10.41
2019-03-13,27.36,27.80,28.20,26.92,54071,149540912.00,4.69,1.83,0.50,14.53
2019-03-14,27.68,26.73,27.68,26.08,41662,111444431.00,5.76,-3.85,-1.07,11.20
2019-03-15,26.78,26.78,27.13,26.41,26639,71437058.00,2.69,0.19,0.05,7.16
2019-03-18,26.61,27.32,27.36,26.53,25348,68341781.00,3.10,2.02,0.54,6.81
2019-03-19,27.34,27.04,27.50,26.84,25729,69843257.00,2.42,-1.02,-0.28,6.92
2019-03-20,27.08,26.84,27.26,26.48,20852,55939401.00,2.88,-0.74,-0.20,5.60
2019-03-21,26.80,27.37,27.45,26.80,33439,91101686.00,2.42,1.97,0.53,8.99
2019-03-22,27.11,27.36,27.40,26.90,24890,67609056.00,1.83,-0.04,-0.01,6.69
2019-03-25,26.99,26.86,27.30,26.80,21227,57304286.00,1.83,-1.83,-0.50,5.71
2019-03-26,26.98,25.90,27.08,25.79,23484,61973889.00,4.80,-3.57,-0.96,6.31
2019-03-27,25.95,26.33,26.62,25.65,18694,48845788.00,3.75,1.66,0.43,5.02
2019-03-28,26.10,26.00,26.56,25.91,13547,35475215.00,2.47,-1.25,-0.33,3.64
2019-03-29,26.06,26.57,26.60,25.71,21725,57155875.00,3.42,2.19,0.57,5.84
2019-04-01,26.65,27.85,27.85,26.60,46060,126479080.00,4.70,4.82,1.28,12.38
2019-04-02,27.85,27.64,27.88,27.51,30506,84385000.00,1.33,-0.75,-0.21,8.20
2019-04-03,27.45,29.26,30.40,27.32,65528,190359249.00,11.14,5.86,1.62,17.61
2019-04-04,29.72,28.98,30.20,28.60,53196,155703059.00,5.47,-0.96,-0.28,14.30
2019-04-08,28.77,28.32,28.98,27.61,37732,107074030.00,4.73,-2.28,-0.66,10.14
2019-04-09,28.32,28.25,28.38,27.72,20010,56212321.00,2.33,-0.25,-0.07,5.38
2019-04-10,28.08,28.37,28.50,27.85,22093,62555076.00,2.30,0.42,0.12,5.94
2019-04-11,28.35,27.35,28.41,27.35,23159,64282702.00,3.74,-3.60,-1.02,6.23
2019-04-12,27.27,26.97,27.59,26.61,19849,53589377.00,3.58,-1.39,-0.38,5.34
2019-04-15,27.40,27.20,27.95,27.15,26097,71975900.00,2.97,0.85,0.23,7.01
2019-04-16,27.15,27.94,27.94,26.70,27691,76070323.00,4.56,2.72,0.74,7.44
2019-04-17,27.70,27.82,27.97,27.54,23765,66063167.00,1.54,-0.43,-0.12,6.39
2019-04-18,27.66,27.35,27.93,27.16,22100,60777239.00,2.77,-1.69,-0.47,5.94
2019-04-19,27.21,27.30,27.42,26.90,13448,36549347.00,1.90,-0.18,-0.05,3.61
2019-04-22,27.30,26.96,27.48,26.87,12555,34148127.00,2.23,-1.25,-0.34,3.37
2019-04-23,29.30,29.66,29.66,29.30,29369,86934469.00,1.34,10.01,2.70,7.89
2019-04-24,32.00,29.96,32.00,29.71,121540,373987856.00,7.72,1.01,0.30,32.67
2019-04-25,29.00,27.70,29.60,27.50,70104,201000825.00,7.01,-7.54,-2.26,18.84
2019-04-26,26.69,26.68,27.49,26.65,43164,116031135.00,3.03,-3.68,-1.02,11.60
2019-04-29,26.48,25.31,26.97,25.00,33357,86376255.00,7.38,-5.13,-1.37,8.97
2019-04-30,25.00,25.56,25.70,24.91,21170,53829190.00,3.12,0.99,0.25,5.69
2019-05-06,24.60,23.01,24.70,23.00,28077,66899365.00,6.65,-9.98,-2.55,7.55
2019-05-07,23.39,23.72,23.72,23.04,23364,54668026.00,2.96,3.09,0.71,6.28
2019-05-08,23.01,23.58,24.06,23.00,18079,42716615.00,4.47,-0.59,-0.14,4.86
2019-05-09,23.54,23.48,23.76,23.40,16013,37741732.00,1.53,-0.42,-0.10,4.30
2019-05-10,23.70,24.38,24.46,23.27,25103,60217959.00,5.07,3.83,0.90,6.75
2019-05-13,24.08,25.05,25.50,23.98,31454,77744890.00,6.23,2.75,0.67,8.45
2019-05-14,24.75,24.58,25.13,24.31,20668,51145109.00,3.27,-1.88,-0.47,5.56
2019-05-15,24.90,24.83,25.06,24.65,17290,42983012.00,1.67,1.02,0.25,4.65
2019-05-16,24.70,24.64,24.90,24.31,19144,47041773.00,2.38,-0.77,-0.19,5.15
2019-05-17,24.55,23.65,24.75,23.52,19578,47327166.00,4.99,-4.02,-0.99,5.26
2019-05-20,23.54,23.40,23.85,23.02,14946,34828499.00,3.51,-1.06,-0.25,4.02
2019-05-21,23.31,23.72,23.84,23.31,12427,29415430.00,2.26,1.37,0.32,3.34
2019-05-22,23.73,23.69,24.05,23.49,12727,30215328.00,2.36,-0.13,-0.03,3.42
2019-05-23,23.58,23.10,23.70,23.00,12088,28015456.00,2.95,-2.49,-0.59,3.25
2019-05-24,23.16,22.77,23.27,22.70,9403,21542213.00,2.47,-1.43,-0.33,2.53
2019-05-27,22.82,23.38,23.42,22.70,9924,23001808.00,3.16,2.68,0.61,2.67
2019-05-28,23.47,23.35,23.61,23.29,10212,23974205.00,1.37,-0.13,-0.03,2.75
2019-05-29,23.28,23.56,23.69,23.10,12578,29616759.00,2.53,0.90,0.21,3.38
2019-05-30,23.55,23.30,23.55,23.08,10951,25413753.00,1.99,-1.10,-0.26,2.94
2019-05-31,23.42,24.23,24.66,23.22,34148,82319303.00,6.18,3.99,0.93,9.18
2019-06-03,25.50,26.65,26.65,25.50,24520,65142992.00,4.75,9.99,2.42,6.59
2019-06-04,27.60,24.79,27.66,24.60,86249,228178094.00,11.48,-6.98,-1.86,23.18
2019-06-05,24.60,25.15,25.47,24.03,49057,121128719.00,5.81,1.45,0.36,13.19
2019-06-06,24.81,23.56,24.88,23.43,34649,83350650.00,5.77,-6.32,-1.59,9.31
2019-06-10,23.56,23.99,24.25,23.43,18419,44067645.00,3.48,1.83,0.43,4.95
2019-06-11,23.99,24.75,24.77,23.81,26980,65853780.00,4.00,3.17,0.76,7.25
2019-06-12,24.70,24.70,24.99,24.45,23415,57884567.00,2.18,-0.20,-0.05,6.29
2019-06-13,24.51,24.67,24.95,24.40,18208,44895083.00,2.23,-0.12,-0.03,4.89
2019-06-14,24.67,23.85,24.80,23.78,18316,44303401.00,4.13,-3.32,-0.82,4.92
2019-06-17,23.80,23.97,24.23,23.72,8048,19333953.00,2.14,0.50,0.12,2.16
2019-06-18,23.99,24.02,24.19,23.61,10774,25824194.00,2.42,0.21,0.05,2.90
2019-06-19,24.56,24.31,24.77,24.31,19021,46577080.00,1.92,1.21,0.29,5.11
2019-06-20,24.10,24.59,24.74,24.10,20751,50770241.00,2.63,1.15,0.28,5.58
2019-06-21,24.80,24.71,24.98,24.54,25405,62942541.00,1.79,0.49,0.12,6.83
2019-06-24,24.73,24.51,24.80,24.40,13790,33870411.00,1.62,-0.81,-0.20,3.71
2019-06-25,24.57,24.15,24.57,23.85,12751,30791037.00,2.94,-1.47,-0.36,3.43
2019-06-26,24.00,24.22,24.34,24.00,8626,20858360.00,1.41,0.29,0.07,2.32
2019-06-27,24.22,24.61,24.62,24.20,16341,39999947.00,1.73,1.61,0.39,4.39
2019-06-28,24.49,24.50,24.61,23.92,15693,38204152.00,2.80,-0.45,-0.11,4.22
2019-07-01,25.00,25.07,25.20,24.75,30368,75863451.00,1.84,2.33,0.57,8.16
2019-07-02,24.81,24.90,25.05,24.73,15298,38099298.00,1.28,-0.68,-0.17,4.11
2019-07-03,24.93,24.85,24.93,24.51,9801,24158633.00,1.69,-0.20,-0.05,2.63
2019-07-04,25.00,25.45,25.97,24.96,36048,91885845.00,4.06,2.41,0.60,9.69
2019-07-05,25.49,25.45,25.49,24.96,19982,50527438.00,2.08,0.00,0.00,5.37
2019-07-08,25.18,24.15,25.38,24.01,19264,47147974.00,5.38,-5.11,-1.30,5.18
2019-07-09,24.03,24.33,24.46,24.03,8550,20724607.00,1.78,0.75,0.18,2.30
2019-07-10,24.34,23.80,24.47,23.51,12075,29025561.00,3.95,-2.18,-0.53,3.25
2019-07-11,23.87,23.85,24.16,23.77,8191,19621571.00,1.64,0.21,0.05,2.20
2019-07-12,23.80,24.03,24.10,23.80,6671,16001886.00,1.26,0.75,0.18,1.79
2019-07-15,24.00,24.19,24.27,23.51,12071,28862728.00,3.16,0.67,0.16,3.24
2019-07-16,24.06,24.30,24.35,24.06,9224,22319152.00,1.20,0.45,0.11,2.48
2019-07-17,24.28,24.18,24.31,24.06,7980,19304995.00,1.03,-0.49,-0.12,2.15
2019-07-18,24.06,23.52,24.06,23.52,8515,20225951.00,2.23,-2.73,-0.66,2.29
2019-07-19,23.59,23.73,24.00,23.59,6098,14511662.00,1.74,0.89,0.21,1.64
2019-07-22,23.72,22.91,23.75,22.76,10683,24656550.00,4.17,-3.46,-0.82,2.87
2019-07-23,23.01,23.08,23.10,22.90,5429,12499966.00,0.87,0.74,0.17,1.46
2019-07-24,23.10,23.46,23.64,23.10,8623,20207657.00,2.34,1.65,0.38,2.32
2019-07-25,23.45,23.82,23.99,23.45,11993,28557230.00,2.30,1.53,0.36,3.22
2019-07-26,23.70,24.00,24.14,23.63,9387,22431462.00,2.14,0.76,0.18,2.52
2019-07-29,23.97,23.89,24.11,23.69,7816,18636413.00,1.75,-0.46,-0.11,2.10
2019-07-30,23.92,23.86,24.04,23.78,7680,18362408.00,1.09,-0.13,-0.03,2.06
2019-07-31,23.86,25.45,26.25,23.70,89995,233474824.00,10.69,6.66,1.59,24.19
2019-08-01,25.16,24.76,25.30,24.35,67500,166590609.00,3.73,-2.71,-0.69,18.14
2019-08-02,23.98,23.68,24.09,23.50,39565,94001139.00,2.38,-4.36,-1.08,10.63
2019-08-05,23.74,23.31,23.90,23.30,21315,50270954.00,2.53,-1.56,-0.37,5.73
2019-08-06,22.87,22.98,23.09,22.20,21414,48596027.00,3.82,-1.42,-0.33,5.76
2019-08-07,23.33,23.00,23.46,22.90,11172,25877045.00,2.44,0.09,0.02,3.00
2019-08-08,23.01,22.82,23.20,22.70,12374,28335883.00,2.17,-0.78,-0.18,3.33
2019-08-09,23.00,22.20,23.11,22.18,15950,35926456.00,4.08,-2.72,-0.62,4.29
2019-08-12,22.23,22.57,22.58,22.12,7247,16199410.00,2.07,1.67,0.37,1.95
2019-08-13,22.45,22.54,22.56,22.24,6386,14316322.00,1.42,-0.13,-0.03,1.72
2019-08-14,22.90,22.65,22.96,22.57,9298,21186797.00,1.73,0.49,0.11,2.50
2019-08-15,22.20,22.71,22.82,22.02,7578,17015433.00,3.53,0.26,0.06,2.04
2019-08-16,22.80,22.96,23.25,22.71,12169,28024258.00,2.38,1.10,0.25,3.27
2019-08-19,25.26,25.26,25.26,25.20,27127,68522260.00,0.26,10.02,2.30,7.29
2019-08-20,27.00,27.79,27.79,26.30,48891,134173830.00,5.90,10.02,2.53,13.14
2019-08-21,29.00,25.93,29.60,25.80,135422,369798928.00,13.67,-6.69,-1.86,36.40
2019-08-22,25.80,25.80,26.25,25.08,87470,224739639.00,4.51,-0.50,-0.13,23.51
2019-08-23,25.51,25.34,25.80,25.15,43765,111384985.00,2.52,-1.78,-0.46,11.76
2019-08-26,24.60,25.03,25.20,24.55,29632,73782531.00,2.57,-1.22,-0.31,7.96
2019-08-27,25.20,25.55,25.72,25.02,38842,98729607.00,2.80,2.08,0.52,10.44
2019-08-28,25.40,24.77,25.40,24.75,33392,83319990.00,2.54,-3.05,-0.78,8.98
2019-08-29,24.80,25.03,25.23,24.80,23084,57710596.00,1.74,1.05,0.26,6.20
2019-08-30,25.11,24.11,25.20,24.01,30703,75282111.00,4.75,-3.68,-0.92,8.25
2019-09-02,24.05,24.43,24.56,24.05,19960,48581767.00,2.12,1.33,0.32,5.37
2019-09-03,24.43,24.76,24.86,24.35,20652,50788431.00,2.09,1.35,0.33,5.55
2019-09-04,24.59,25.18,25.20,24.52,28328,70546981.00,2.75,1.70,0.42,7.61
2019-09-05,25.17,25.11,25.56,25.06,36363,92140819.00,1.99,-0.28,-0.07,9.77
2019-09-06,25.11,25.44,25.55,25.11,26524,67203693.00,1.75,1.31,0.33,7.13
2019-09-09,25.54,26.08,26.10,25.29,41431,106516116.00,3.18,2.52,0.64,11.14
2019-09-10,26.08,25.60,26.12,25.51,26920,69129855.00,2.34,-1.84,-0.48,7.24
2019-09-11,25.66,25.33,25.78,25.30,18312,46591568.00,1.88,-1.05,-0.27,4.92
2019-09-12,25.38,25.81,25.87,25.38,23783,60981901.00,1.93,1.89,0.48,6.39
2019-09-16,25.83,25.97,26.22,25.79,30495,79332843.00,1.67,0.62,0.16,8.20
2019-09-17,26.12,25.88,26.53,25.79,47325,123891137.00,2.85,-0.35,-0.09,12.72
2019-09-18,26.11,28.47,28.47,26.05,77075,208153292.00,9.35,10.01,2.59,20.72
2019-09-19,27.00,27.94,28.55,27.00,69612,192352663.00,5.44,-1.86,-0.53,18.71
2019-09-20,27.68,27.70,28.78,27.48,59437,166805322.00,4.65,-0.86,-0.24,15.98
2019-09-23,27.38,26.91,27.58,26.70,41740,112743426.00,3.18,-2.85,-0.79,11.22
2019-09-24,27.10,26.98,27.40,26.65,42262,114547685.00,2.79,0.26,0.07,11.36
2019-09-25,26.77,26.35,26.91,26.11,30121,79890910.00,2.97,-2.34,-0.63,8.10
2019-09-26,26.53,25.49,27.10,25.41,35720,93296149.00,6.41,-3.26,-0.86,9.60
2019-09-27,25.40,25.84,26.03,25.20,25669,65970769.00,3.26,1.37,0.35,6.90
2019-09-30,26.13,25.21,26.29,25.02,19218,48974241.00,4.91,-2.44,-0.63,5.17
2019-10-08,25.42,25.37,25.84,25.29,17082,43725221.00,2.18,0.63,0.16,4.59
2019-10-09,25.34,26.16,26.45,24.80,26450,68571577.00,6.50,3.11,0.79,7.11
2019-10-10,26.33,26.75,27.08,26.08,35990,96078321.00,3.82,2.26,0.59,9.67
2019-10-11,26.62,26.89,27.28,26.41,38435,103283044.00,3.25,0.52,0.14,10.33
2019-10-14,27.22,26.96,27.50,26.82,34958,94676087.00,2.53,0.26,0.07,9.40
2019-10-15,26.99,27.30,27.49,26.45,34182,92149390.00,3.86,1.26,0.34,9.19
2019-10-16,27.23,27.26,27.45,27.01,34288,93316920.00,1.61,-0.15,-0.04,9.22
2019-10-17,27.25,26.78,27.29,26.61,24752,66488944.00,2.49,-1.76,-0.48,6.65
2019-10-18,26.72,25.67,26.93,25.50,29012,75773330.00,5.34,-4.14,-1.11,7.80
2019-10-21,25.50,25.98,26.06,25.16,18952,48750482.00,3.51,1.21,0.31,5.09
2019-10-22,26.00,26.10,26.19,25.84,11942,31077388.00,1.35,0.46,0.12,3.21
2019-10-23,26.10,26.10,26.44,25.75,16543,43273603.00,2.64,0.00,0.00,4.45
2019-10-24,26.03,25.94,26.20,25.69,12862,33367624.00,1.95,-0.61,-0.16,3.46
2019-10-25,26.36,27.07,27.70,26.23,50945,137613478.00,5.67,4.36,1.13,13.69
2019-10-28,27.96,27.65,28.00,27.06,47792,131633622.00,3.47,2.14,0.58,12.85
2019-10-29,27.45,27.08,27.68,26.98,36043,98536515.00,2.53,-2.06,-0.57,9.69
2019-10-30,27.00,27.14,28.23,26.96,40091,110469202.00,4.69,0.22,0.06,10.78
2019-10-31,27.14,27.81,27.94,26.55,47351,130350749.00,5.12,2.47,0.67,12.73
2019-11-01,27.85,27.92,27.98,27.25,45448,126031476.00,2.62,0.40,0.11,12.22
2019-11-04,27.92,27.75,28.58,27.52,43756,122713222.00,3.80,-0.61,-0.17,11.76
2019-11-05,27.72,28.40,28.46,27.28,48304,135089282.00,4.25,2.34,0.65,12.98
2019-11-06,28.25,27.98,28.32,27.30,39197,108723893.00,3.59,-1.48,-0.42,10.54
2019-11-07,27.71,27.74,27.95,27.41,21456,59397650.00,1.93,-0.86,-0.24,5.77
2019-11-08,27.77,27.37,28.37,27.30,31570,87975859.00,3.86,-1.33,-0.37,8.49
2019-11-11,27.00,25.71,27.00,25.52,33292,87043960.00,5.41,-6.07,-1.66,8.95
2019-11-12,25.88,25.70,25.90,25.18,15337,39279330.00,2.80,-0.04,-0.01,4.12
2019-11-13,25.70,25.67,25.85,25.34,12901,32949856.00,1.98,-0.12,-0.03,3.47
2019-11-14,25.71,25.90,25.98,25.61,12072,31176041.00,1.44,0.90,0.23,3.24
2019-11-15,25.90,25.31,25.99,25.31,12288,31426138.00,2.63,-2.28,-0.59,3.30
2019-11-18,25.31,25.59,25.63,25.15,10036,25516441.00,1.90,1.11,0.28,2.70
2019-11-19,25.48,26.06,26.09,25.40,13839,35864953.00,2.70,1.84,0.47,3.72
2019-11-20,26.00,25.74,26.18,25.69,9892,25582941.00,1.88,-1.23,-0.32,2.66
2019-11-21,25.73,25.86,25.92,25.44,7652,19675224.00,1.86,0.47,0.12,2.06
2019-11-22,25.87,25.34,26.11,25.31,12985,33308816.00,3.09,-2.01,-0.52,3.49
2019-11-25,25.46,25.22,25.52,24.80,10719,26913013.00,2.84,-0.47,-0.12,2.88
2019-11-26,25.61,25.33,25.61,25.11,6307,15944247.00,1.98,0.44,0.11,1.70
2019-11-27,25.15,24.89,25.38,24.85,10071,25251131.00,2.09,-1.74,-0.44,2.71
2019-11-28,24.90,24.30,24.97,24.16,14009,34299591.00,3.25,-2.37,-0.59,3.77
2019-11-29,24.21,24.30,24.44,24.15,7920,19209556.00,1.19,0.00,0.00,2.13
2019-12-02,24.31,24.50,24.70,24.21,7384,18085651.00,2.02,0.82,0.20,1.98
2019-12-03,24.46,24.68,24.68,24.20,5494,13460968.00,1.96,0.73,0.18,1.48
2019-12-04,24.68,24.56,24.80,24.45,6202,15247193.00,1.42,-0.49,-0.12,1.67
2019-12-05,24.56,24.71,24.76,24.56,10928,26956499.00,0.81,0.61,0.15,2.94
2019-12-06,24.69,24.86,24.87,24.58,8185,20266127.00,1.17,0.61,0.15,2.20
2019-12-09,24.92,24.71,24.92,24.58,7876,19482419.00,1.37,-0.60,-0.15,2.12
2019-12-10,24.61,24.83,24.87,24.54,9489,23423058.00,1.34,0.49,0.12,2.55
2019-12-11,24.80,24.45,24.88,24.45,9793,24116304.00,1.73,-1.53,-0.38,2.63
2019-12-12,24.36,24.56,24.66,24.30,7459,18271456.00,1.47,0.45,0.11,2.00
2019-12-13,24.80,24.82,24.85,24.61,11937,29531735.00,0.98,1.06,0.26,3.21
2019-12-16,25.02,25.60,25.65,25.02,19676,49863010.00,2.54,3.14,0.78,5.29
2019-12-17,25.57,25.78,25.81,25.48,17983,46135127.00,1.29,0.70,0.18,4.83
2019-12-18,25.70,25.62,25.87,25.56,11232,28840467.00,1.20,-0.62,-0.16,3.02
2019-12-19,25.73,26.31,26.61,25.59,25727,67493172.00,3.98,2.69,0.69,6.92
2019-12-20,26.20,26.32,26.52,25.92,15747,41337602.00,2.28,0.04,0.01,4.23
2019-12-23,26.44,25.51,26.44,25.46,12708,32848189.00,3.72,-3.08,-0.81,3.42
2019-12-24,26.02,26.00,26.05,25.50,10471,27120721.00,2.16,1.92,0.49,2.81
2019-12-25,25.98,25.94,26.07,25.80,9854,25570869.00,1.04,-0.23,-0.06,2.65
2019-12-26,25.84,26.18,26.23,25.84,10479,27335640.00,1.50,0.93,0.24,2.82
2019-12-27,26.16,26.11,26.50,26.05,14869,39137783.00,1.72,-0.27,-0.07,4.00
2019-12-30,26.00,26.37,26.42,25.56,14564,37986306.00,3.29,1.00,0.26,3.91
2019-12-31,26.36,26.04,26.44,26.03,11983,31381156.00,1.55,-1.25,-0.33,3.22
2020-01-02,26.10,26.44,26.56,26.09,16280,42924875.00,1.80,1.54,0.40,4.38
2020-01-03,26.49,26.35,26.55,26.14,13052,34384569.00,1.55,-0.34,-0.09,3.51
2020-01-06,26.30,26.68,26.76,26.08,21022,55724525.00,2.58,1.25,0.33,5.65
2020-01-07,26.65,26.80,26.82,26.52,17302,46175881.00,1.12,0.45,0.12,4.65
2020-01-08,26.67,25.97,26.67,25.93,20724,54491447.00,2.76,-3.10,-0.83,5.57
2020-01-09,26.17,27.03,27.39,26.17,32542,87557889.00,4.70,4.08,1.06,8.75
2020-01-10,27.00,26.85,27.11,26.64,14194,38086196.00,1.74,-0.67,-0.18,3.82
2020-01-13,26.85,26.78,26.85,26.35,15272,40577103.00,1.86,-0.26,-0.07,4.11
2020-01-14,26.94,26.67,26.94,26.59,14200,37985347.00,1.31,-0.41,-0.11,3.82
2020-01-15,26.67,26.40,26.77,26.20,11225,29622333.00,2.14,-1.01,-0.27,3.02
2020-01-16,26.50,26.24,26.61,26.20,10279,27113031.00,1.55,-0.61,-0.16,2.76
2020-01-17,26.46,26.28,26.64,26.14,11090,29237012.00,1.91,0.15,0.04,2.98
2020-01-20,26.34,26.63,26.75,26.25,12194,32313868.00,1.90,1.33,0.35,3.28
2020-01-21,26.65,26.06,26.71,26.00,14230,37327981.00,2.67,-2.14,-0.57,3.82
2020-01-22,26.00,25.79,26.03,25.33,12344,31730282.00,2.69,-1.04,-0.27,3.32
2020-01-23,25.54,24.80,25.65,24.60,13319,33491934.00,4.07,-3.84,-0.99,3.58
2020-02-03,22.32,22.32,22.32,22.32,2279,5086728.00,0.00,-10.00,-2.48,0.61
2020-02-04,20.09,21.80,22.79,20.09,25923,55814775.00,12.10,-2.33,-0.52,6.97
2020-02-05,21.89,22.03,22.39,21.80,18618,41142628.00,2.71,1.06,0.23,5.00
2020-02-06,22.02,22.83,23.09,21.83,20110,45525136.00,5.72,3.63,0.80,5.41
2020-02-07,22.83,22.80,22.98,22.50,17420,39514847.00,2.10,-0.13,-0.03,4.68
2020-02-10,22.81,23.17,23.37,22.71,13705,31615478.00,2.89,1.62,0.37,3.68
2020-02-11,23.40,23.20,23.40,23.05,13311,30944054.00,1.51,0.13,0.03,3.58
2020-02-12,23.15,23.32,23.35,23.01,13981,32465362.00,1.47,0.52,0.12,3.76
2020-02-13,23.20,23.06,23.68,22.95,11380,26385099.00,3.13,-1.11,-0.26,3.06
2020-02-14,23.07,22.99,23.19,22.77,10396,23918666.00,1.82,-0.30,-0.07,2.79
2020-02-17,23.21,25.29,25.29,23.21,27443,67483469.00,9.05,10.00,2.30,7.38
2020-02-18,27.00,26.58,27.81,25.83,97609,261932565.00,7.83,5.10,1.29,26.24
2020-02-19,25.65,25.87,26.55,25.20,60342,155663590.00,5.08,-2.67,-0.71,16.22
2020-02-20,26.78,28.00,28.45,25.81,84493,228409857.00,10.20,8.23,2.13,22.71
2020-02-21,27.55,27.18,27.99,26.90,63383,172799655.00,3.89,-2.93,-0.82,17.04
2020-02-24,27.90,28.05,29.18,27.60,69322,195945577.00,5.81,3.20,0.87,18.63
2020-02-25,26.96,28.23,28.30,26.70,63458,175182651.00,5.70,0.64,0.18,17.06
2020-02-26,27.69,26.81,27.81,26.80,41484,113182160.00,3.58,-5.03,-1.42,11.15
2020-02-27,26.81,27.00,27.28,26.42,23169,62419283.00,3.21,0.71,0.19,6.23
2020-02-28,25.82,25.42,26.44,25.41,25450,65946880.00,3.81,-5.85,-1.58,6.84
2020-03-02,25.90,26.67,26.77,25.37,22871,60198365.00,5.51,4.92,1.25,6.15
2020-03-03,27.07,27.08,27.78,26.90,33012,90192467.00,3.30,1.54,0.41,8.87
2020-03-04,27.18,28.28,28.40,26.82,46884,129980813.00,5.83,4.43,1.20,12.60
2020-03-05,29.19,28.44,29.34,27.87,63068,181371273.00,5.20,0.57,0.16,16.95
2020-03-06,27.98,29.30,30.08,27.95,69117,202960284.00,7.49,3.02,0.86,18.58
2020-03-09,29.23,28.70,30.88,28.30,66677,196533304.00,8.81,-2.05,-0.60,17.92
2020-03-10,28.50,30.04,30.18,27.63,69243,201554543.00,8.89,4.67,1.34,18.61
2020-03-11,30.00,28.73,30.15,28.50,58084,169974736.00,5.49,-4.36,-1.31,15.61
2020-03-12,28.45,27.23,28.46,26.89,40815,112536427.00,5.46,-5.22,-1.50,10.97
2020-03-13,25.50,26.28,26.70,25.50,37421,97280594.00,4.41,-3.49,-0.95,10.06
2020-03-16,26.57,24.75,26.68,24.43,30146,77447475.00,8.56,-5.82,-1.53,8.10
2020-03-17,24.95,24.40,25.15,23.66,22591,54879563.00,6.02,-1.41,-0.35,6.07
2020-03-18,24.45,23.90,24.92,23.87,21745,53256829.00,4.30,-2.05,-0.50,5.85
2020-03-19,23.90,24.17,24.37,23.61,19754,47353034.00,3.18,1.13,0.27,5.31
2020-03-20,24.48,24.40,24.48,23.89,16418,39843296.00,2.44,0.95,0.23,4.41
2020-03-23,23.91,23.70,24.19,23.48,15410,36640105.00,2.91,-2.87,-0.70,4.14
2020-03-24,24.05,24.24,24.27,23.66,13013,31283864.00,2.57,2.28,0.54,3.50
2020-03-25,24.77,24.53,24.90,24.32,17533,43114088.00,2.39,1.20,0.29,4.71
2020-03-26,24.30,24.38,24.77,24.25,12918,31592899.00,2.12,-0.61,-0.15,3.47
2020-03-27,24.50,24.59,25.07,24.48,17224,42721751.00,2.42,0.86,0.21,4.63
2020-03-30,24.17,23.68,24.20,23.43,14143,33492513.00,3.13,-3.70,-0.91,3.80
2020-03-31,23.93,23.74,24.42,23.70,10417,24999364.00,3.04,0.25,0.06,2.80
2020-04-01,23.65,23.71,24.11,23.56,9966,23794224.00,2.32,-0.13,-0.03,2.68
2020-04-02,23.57,24.08,24.11,23.57,8620,20574707.00,2.28,1.56,0.37,2.32
2020-04-03,24.08,24.08,24.31,23.90,11143,26853651.00,1.70,0.00,0.00,3.00
2020-04-07,24.28,24.63,24.87,24.28,18293,45026148.00,2.45,2.28,0.55,4.92
2020-04-08,25.03,24.90,25.46,24.85,21865,54897559.00,2.48,1.10,0.27,5.88
2020-04-09,24.91,25.07,25.21,24.82,15331,38373129.00,1.57,0.68,0.17,4.12
2020-04-10,25.04,24.58,25.17,24.40,15195,37625244.00,3.07,-1.95,-0.49,4.08
2020-04-13,24.28,24.30,24.61,24.16,7986,19427440.00,1.83,-1.14,-0.28,2.15
2020-04-14,24.48,24.82,24.88,24.38,9310,22961267.00,2.06,2.14,0.52,2.50
2020-04-15,24.71,24.65,24.95,24.60,9478,23466521.00,1.41,-0.68,-0.17,2.55
2020-04-16,24.70,24.62,24.74,24.40,9031,22184303.00,1.38,-0.12,-0.03,2.43
2020-04-17,24.70,24.40,24.76,24.38,12125,29824534.00,1.54,-0.89,-0.22,3.26
2020-04-20,24.41,24.39,24.55,24.29,9317,22757598.00,1.07,-0.04,-0.01,2.50
2020-04-21,24.46,23.85,24.48,23.70,14640,35061345.00,3.20,-2.21,-0.54,3.94
2020-04-22,23.76,23.96,24.03,23.56,8078,19265744.00,1.97,0.46,0.11,2.17
2020-04-23,23.97,23.73,24.10,23.70,9161,21823096.00,1.67,-0.96,-0.23,2.46
2020-04-24,23.60,23.25,23.88,22.97,12363,28790340.00,3.83,-2.02,-0.48,3.32
2020-04-27,23.19,23.69,23.90,22.89,10412,24370656.00,4.34,1.89,0.44,2.80
2020-04-28,23.00,21.53,23.04,21.32,25737,56290000.00,7.26,-9.12,-2.16,6.92
2020-04-29,21.03,21.34,21.63,21.03,8182,17533077.00,2.79,-0.88,-0.19,2.20
2020-04-30,21.55,21.92,21.95,21.55,12541,27391352.00,1.87,2.72,0.58,3.37
2020-05-06,21.92,22.13,22.22,21.61,7966,17519580.00,2.78,0.96,0.21,2.14
2020-05-07,22.25,22.09,22.35,21.95,7586,16780154.00,1.81,-0.18,-0.04,2.04
2020-05-08,22.17,22.32,22.36,22.08,12213,27154407.00,1.27,1.04,0.23,3.28
2020-05-11,22.21,22.10,22.45,22.00,9714,21539136.00,2.02,-0.99,-0.22,2.61
2020-05-12,22.15,22.59,23.00,21.90,14733,32789767.00,4.98,2.22,0.49,3.96
2020-05-13,22.52,23.09,23.19,22.34,21287,48666272.00,3.76,2.21,0.50,5.72
2020-05-14,23.00,24.79,24.88,22.81,48618,117003305.00,8.96,7.36,1.70,13.07
2020-05-15,24.73,23.73,24.75,23.64,42069,100786559.00,4.48,-4.28,-1.06,11.31
2020-05-18,23.60,24.32,24.67,23.25,38904,93629070.00,5.98,2.49,0.59,10.46
2020-05-19,24.56,23.91,24.61,23.76,28929,69212557.00,3.50,-1.69,-0.41,7.78
2020-05-20,23.79,23.27,23.91,23.21,14959,35117193.00,2.93,-2.68,-0.64,4.02
2020-05-21,23.39,22.86,23.46,22.85,10415,24105466.00,2.62,-1.76,-0.41,2.80
2020-05-22,22.86,22.34,22.98,22.31,9571,21592739.00,2.93,-2.27,-0.52,2.57
2020-05-25,22.25,22.52,22.85,22.25,6701,15146942.00,2.69,0.81,0.18,1.80
2020-05-26,22.51,22.95,23.06,22.51,8106,18584199.00,2.44,1.91,0.43,2.18
2020-05-27,23.05,22.66,23.05,22.49,8036,18276487.00,2.44,-1.26,-0.29,2.16
2020-05-28,22.66,22.75,22.90,22.41,6696,15170639.00,2.16,0.40,0.09,1.80
2020-05-29,25.00,22.95,25.03,22.90,16335,38468285.00,9.36,0.88,0.20,4.39
2020-06-01,22.91,23.42,23.49,22.91,13356,31118944.00,2.53,2.05,0.47,3.59
2020-06-02,23.80,24.52,24.89,23.44,39691,97255201.00,6.19,4.70,1.10,10.67
2020-06-03,24.39,23.93,24.64,23.90,25522,61750958.00,3.02,-2.41,-0.59,6.86
2020-06-04,23.89,23.71,24.03,23.61,13093,31092324.00,1.76,-0.92,-0.22,3.52
2020-06-05,23.76,23.76,24.09,23.40,13127,31267273.00,2.91,0.21,0.05,3.53
2020-06-08,23.91,23.56,24.08,23.46,9964,23611339.00,2.61,-0.84,-0.20,2.68
2020-06-09,23.78,23.74,23.87,23.52,8726,20697413.00,1.49,0.76,0.18,2.35
2020-06-10,23.74,23.63,23.90,23.22,12537,29504492.00,2.86,-0.46,-0.11,3.37
2020-06-11,23.88,23.80,24.02,23.42,13214,31418248.00,2.54,0.72,0.17,3.55
2020-06-12,23.50,23.41,23.57,23.19,11963,28004544.00,1.60,-1.64,-0.39,3.22
2020-06-15,23.00,23.21,24.50,23.00,10902,25499241.00,6.41,-0.85,-0.20,2.93
2020-06-16,23.63,23.69,23.75,23.30,13179,31063267.00,1.94,2.07,0.48,3.54
2020-06-17,23.85,23.59,23.85,23.37,10972,25843478.00,2.03,-0.42,-0.10,2.95
2020-06-18,23.53,23.58,23.70,23.47,8286,19532071.00,0.97,-0.04,-0.01,2.23
2020-06-19,23.41,23.47,23.67,23.41,7659,18036809.00,1.10,-0.47,-0.11,2.06
2020-06-22,23.51,23.20,23.59,23.12,11916,27836207.00,2.00,-1.15,-0.27,3.20
2020-06-23,23.20,22.99,23.29,22.90,10926,25198809.00,1.68,-0.91,-0.21,2.94
2020-06-24,23.01,22.92,23.10,22.72,7291,16668556.00,1.65,-0.30,-0.07,1.96
2020-06-29,22.72,22.60,22.91,22.55,7121,16149090.00,1.57,-1.40,-0.32,1.91
2020-06-30,22.92,23.17,23.24,22.92,11025,25442150.00,1.42,2.52,0.57,2.96
2020-07-01,23.33,23.01,23.38,22.92,8082,18662164.00,1.99,-0.69,-0.16,2.17
2020-07-02,23.19,23.82,23.95,23.04,25631,60519678.00,3.95,3.52,0.81,6.89
2020-07-03,24.55,24.45,25.55,24.43,48133,119295899.00,4.70,2.64,0.63,12.94
2020-07-06,24.13,25.49,25.50,24.06,50610,125935855.00,5.89,4.25,1.04,13.60
2020-07-07,25.81,25.30,25.98,25.02,51890,132639406.00,3.77,-0.75,-0.19,13.95
2020-07-08,25.10,25.36,25.47,24.87,34211,86196102.00,2.37,0.24,0.06,9.20
2020-07-09,25.35,26.01,26.13,25.31,43360,111603211.00,3.23,2.56,0.65,11.66
2020-07-10,25.98,25.40,25.98,25.35,27018,69344142.00,2.42,-2.35,-0.61,7.26
2020-07-13,25.72,26.71,26.88,25.72,42909,113515800.00,4.57,5.16,1.31,11.53
2020-07-14,26.69,26.04,26.70,25.58,32401,84696767.00,4.19,-2.51,-0.67,8.71
2020-07-15,26.05,25.25,26.18,25.18,18781,48048247.00,3.84,-3.03,-0.79,5.05
2020-07-16,25.26,24.47,25.66,24.47,19430,48678416.00,4.71,-3.09,-0.78,5.22
2020-07-17,24.48,24.32,24.79,24.20,10778,26354544.00,2.41,-0.61,-0.15,2.90
2020-07-20,24.69,24.84,24.94,24.35,17668,43637808.00,2.43,2.14,0.52,4.75
2020-07-21,24.89,24.70,24.96,24.45,14257,35142570.00,2.05,-0.56,-0.14,3.83
2020-07-22,24.68,24.65,24.95,24.40,11227,27752161.00,2.23,-0.20,-0.05,3.02
2020-07-23,24.54,24.23,24.70,23.80,14202,34370978.00,3.65,-1.70,-0.42,3.82
2020-07-24,24.26,23.59,24.66,23.59,14222,34156655.00,4.42,-2.64,-0.64,3.82
2020-07-27,23.56,23.12,23.76,22.93,9150,21251971.00,3.52,-1.99,-0.47,2.46
2020-07-28,23.20,23.46,23.56,23.20,7740,18154645.00,1.56,1.47,0.34,2.08
2020-07-29,23.40,23.90,24.01,23.23,9970,23614320.00,3.32,1.88,0.44,2.68
2020-07-30,23.80,23.66,24.23,23.61,10748,25543177.00,2.59,-1.00,-0.24,2.89
2020-07-31,23.80,23.99,24.23,23.65,10537,25244769.00,2.45,1.39,0.33,1.17
2020-08-03,24.10,25.27,25.32,24.10,22273,55182182.00,5.09,5.34,1.28,2.47
2020-08-04,25.35,25.00,25.49,24.91,14961,37639570.00,2.30,-1.07,-0.27,1.66
2020-08-05,24.96,24.88,25.20,24.73,15083,37578519.00,1.88,-0.48,-0.12,1.67
2020-08-06,26.50,25.20,26.50,24.91,22064,55647708.00,6.39,1.29,0.32,2.45
2020-08-07,25.20,24.46,25.20,24.20,15374,37789521.00,3.97,-2.94,-0.74,1.70
2020-08-10,24.63,24.77,24.96,24.45,11099,27414041.00,2.09,1.27,0.31,1.23
2020-08-11,24.78,24.02,24.80,23.96,11113,27134818.00,3.39,-3.03,-0.75,1.23
2020-08-12,24.10,24.22,24.30,23.65,9775,23386005.00,2.71,0.83,0.20,1.08
2020-08-13,24.33,24.37,24.78,24.28,7827,19158772.00,2.06,0.62,0.15,0.87
2020-08-14,24.45,24.59,24.60,24.00,6916,16821353.00,2.46,0.90,0.22,0.77
2020-08-17,24.60,24.89,25.00,24.44,13064,32425340.00,2.28,1.22,0.30,1.45
2020-08-18,25.14,24.92,25.30,24.76,12086,30112311.00,2.17,0.12,0.03,1.34
2020-08-19,24.90,25.09,25.51,24.71,21117,53119177.00,3.21,0.68,0.17,2.34
2020-08-20,24.90,24.64,24.95,24.48,11518,28464658.00,1.87,-1.79,-0.45,1.28
2020-08-21,24.85,25.15,25.18,24.70,14074,35151259.00,1.95,2.07,0.51,1.56
2020-08-24,25.30,25.21,25.35,25.03,12738,32072484.00,1.27,0.24,0.06,1.41
2020-08-25,25.20,25.11,25.45,24.95,12852,32377723.00,1.98,-0.40,-0.10,1.42
2020-08-26,25.22,24.50,25.25,24.40,12581,31235329.00,3.39,-2.43,-0.61,1.39
2020-08-27,24.50,24.80,24.99,24.50,9316,23079902.00,2.00,1.22,0.30,1.03
2020-08-28,25.51,25.97,26.50,25.31,41166,106524912.00,4.80,4.72,1.17,4.56
2020-08-31,26.00,26.06,26.47,25.85,31132,81425117.00,2.39,0.35,0.09,3.45
2020-09-01,25.93,27.38,27.85,25.93,52922,143950400.00,7.37,5.07,1.32,5.87
2020-09-02,27.70,27.89,28.45,27.22,52436,146234145.00,4.49,1.86,0.51,5.81
2020-09-03,27.89,27.98,28.88,27.55,45813,128675886.00,4.77,0.32,0.09,5.08
2020-09-04,27.40,27.57,28.30,27.20,33245,92100620.00,3.93,-1.47,-0.41,3.68
2020-09-07,27.48,26.44,28.15,26.32,41133,111551306.00,6.64,-4.10,-1.13,4.56
2020-09-08,26.55,26.91,27.18,26.40,23839,63688386.00,2.95,1.78,0.47,2.64
2020-09-09,26.70,26.88,27.44,26.21,30065,81008174.00,4.57,-0.11,-0.03,3.33
2020-09-10,27.39,25.95,28.02,25.84,30643,82829771.00,8.11,-3.46,-0.93,3.40
2020-09-11,25.85,27.45,27.55,25.56,29931,80056441.00,7.67,5.78,1.50,3.32
2020-09-14,27.76,27.68,28.37,27.00,43032,120153361.00,4.99,0.84,0.23,4.77
2020-09-15,28.00,27.36,28.10,27.11,24665,67566153.00,3.58,-1.16,-0.32,2.73
2020-09-16,27.30,27.95,28.15,27.15,30850,85168626.00,3.65,2.16,0.59,3.42
2020-09-17,27.59,27.42,27.72,27.00,25551,69845350.00,2.58,-1.90,-0.53,2.83
2020-09-18,27.04,27.42,27.48,26.80,18521,50322388.00,2.48,0.00,0.00,2.05
2020-09-21,27.20,27.49,27.49,26.78,20265,54944799.00,2.59,0.26,0.07,2.25
2020-09-22,27.22,26.44,27.26,26.36,21062,56208713.00,3.27,-3.82,-1.05,2.33
2020-09-23,26.46,26.63,26.73,26.39,10725,28490006.00,1.29,0.72,0.19,1.19
2020-09-24,26.50,25.78,26.50,25.76,12843,33355663.00,2.78,-3.19,-0.85,1.42
2020-09-25,25.83,25.49,26.08,25.31,9455,24203248.00,2.99,-1.12,-0.29,1.05
2020-09-28,25.78,25.45,25.98,25.40,9162,23521109.00,2.28,-0.16,-0.04,1.02
2020-09-29,25.49,25.44,25.72,25.33,8877,22640088.00,1.53,-0.04,-0.01,0.98
2020-09-30,25.45,25.12,25.57,25.06,7901,19977519.00,2.00,-1.26,-0.32,0.88
2020-10-09,25.35,25.81,25.97,25.35,9935,25592989.00,2.47,2.75,0.69,1.10
2020-10-12,26.00,27.40,27.40,26.00,25033,67134933.00,5.42,6.16,1.59,2.77
2020-10-13,27.40,27.64,27.82,27.06,18636,51175395.00,2.77,0.88,0.24,2.07
2020-10-14,27.64,27.65,27.88,27.30,17119,47273497.00,2.10,0.04,0.01,1.90
2020-10-15,27.69,27.32,27.89,27.22,13250,36408874.00,2.42,-1.19,-0.33,1.47
2020-10-16,27.50,28.15,28.26,27.16,26057,72597625.00,4.03,3.04,0.83,2.89
2020-10-19,28.39,27.45,28.39,27.40,19865,55169557.00,3.52,-2.49,-0.70,2.20
2020-10-20,27.67,27.72,27.92,27.48,14241,39441551.00,1.60,0.98,0.27,1.58
2020-10-21,27.73,27.90,28.38,27.65,25429,71085769.00,2.63,0.65,0.18,2.82
2020-10-22,27.93,28.56,28.90,27.65,35463,100776408.00,4.48,2.37,0.66,3.93
2020-10-23,28.29,27.58,28.72,27.46,21869,61088682.00,4.41,-3.43,-0.98,2.42
2020-10-26,27.87,27.64,28.12,27.16,14449,40016464.00,3.48,0.22,0.06,1.60
2020-10-27,27.30,27.59,27.82,27.30,10969,30267615.00,1.88,-0.18,-0.05,1.22
2020-10-28,27.45,27.59,27.99,27.08,13222,36226623.00,3.30,0.00,0.00,1.47
2020-10-29,27.45,28.09,28.15,27.08,15699,43670492.00,3.88,1.81,0.50,1.74
2020-10-30,27.80,26.83,28.50,26.70,23674,65708963.00,6.41,-4.49,-1.26,2.62
2020-11-02,26.63,26.32,26.96,26.05,20229,53419634.00,3.39,-1.90,-0.51,2.24
2020-11-03,26.65,28.47,28.88,26.28,37846,105737354.00,9.88,8.17,2.15,4.19
2020-11-04,28.56,28.54,29.15,28.18,29523,84456760.00,3.41,0.25,0.07,3.27
2020-11-05,28.99,28.60,29.15,28.15,24339,69385371.00,3.50,0.21,0.06,2.70
2020-11-06,28.68,28.48,28.87,28.03,23912,67946373.00,2.94,-0.42,-0.12,2.65
2020-11-09,28.92,29.10,29.63,28.51,40878,118486267.00,3.93,2.18,0.62,4.53
2020-11-10,29.12,28.60,29.51,28.42,27539,79488968.00,3.75,-1.72,-0.50,3.05
2020-11-11,28.97,28.90,29.32,28.38,25399,73314012.00,3.29,1.05,0.30,2.82
2020-11-12,28.76,28.29,28.87,28.14,17598,50161040.00,2.53,-2.11,-0.61,1.95
2020-11-13,28.49,28.62,28.70,28.05,14952,42468623.00,2.30,1.17,0.33,1.66
2020-11-16,29.59,30.50,30.93,28.80,66753,199652486.00,7.44,6.57,1.88,7.40
2020-11-17,30.33,27.88,30.50,27.57,59972,173058339.00,9.61,-8.59,-2.62,6.65
2020-11-18,27.99,28.76,29.50,27.86,43702,125919286.00,5.88,3.16,0.88,4.84
2020-11-19,28.67,28.13,28.81,28.11,24561,69769978.00,2.43,-2.19,-0.63,2.72
2020-11-20,28.15,28.31,28.54,27.76,21369,60344516.00,2.77,0.64,0.18,2.37
2020-11-23,28.40,27.63,28.60,27.61,23043,64608135.00,3.50,-2.40,-0.68,2.55
2020-11-24,27.70,27.78,27.98,27.60,13225,36688228.00,1.38,0.54,0.15,1.47
2020-11-25,27.78,27.12,27.91,27.11,13913,38064469.00,2.88,-2.38,-0.66,1.54
2020-11-26,27.16,26.96,27.46,26.76,11922,32230182.00,2.58,-0.59,-0.16,1.32
2020-11-27,27.10,26.60,27.10,26.32,13453,35859536.00,2.89,-1.34,-0.36,1.49
2020-11-30,26.89,26.65,27.09,26.56,12109,32446544.00,1.99,0.19,0.05,1.34
2020-12-01,26.68,26.97,27.12,26.43,9122,24512668.00,2.59,1.20,0.32,1.01
2020-12-02,26.99,26.80,27.22,26.66,11066,29677711.00,2.08,-0.63,-0.17,1.23
2020-12-03,26.81,26.63,26.92,26.61,7983,21354339.00,1.16,-0.63,-0.17,0.88
2020-12-04,26.68,26.45,26.70,26.20,10836,28608395.00,1.88,-0.68,-0.18,1.20
2020-12-07,26.56,26.66,26.84,26.23,8193,21715123.00,2.31,0.79,0.21,0.91
2020-12-08,26.64,26.34,26.64,26.28,5590,14777279.00,1.35,-1.20,-0.32,0.62
2020-12-09,26.38,25.89,26.59,25.80,8883,23247449.00,3.00,-1.71,-0.45,0.98
2020-12-10,25.70,25.72,26.03,25.70,5187,13397783.00,1.27,-0.66,-0.17,0.57
2020-12-11,25.65,25.00,25.91,24.86,9482,23887658.00,4.08,-2.80,-0.72,1.05
2020-12-14,25.10,25.21,25.27,25.02,4715,11840240.00,1.00,0.84,0.21,0.52
2020-12-15,25.61,25.70,25.98,25.48,7786,20053460.00,1.98,1.94,0.49,0.86
2020-12-16,25.69,25.15,25.84,25.15,7087,17978083.00,2.68,-2.14,-0.55,0.79
2020-12-17,25.26,25.50,25.57,24.97,6597,16718791.00,2.39,1.39,0.35,0.73
2020-12-18,25.60,24.81,25.60,24.80,11037,27672880.00,3.14,-2.71,-0.69,1.22
2020-12-21,24.97,24.56,24.97,24.51,9245,22790791.00,1.85,-1.01,-0.25,1.02
2020-12-22,24.51,24.01,24.84,24.00,8862,21631810.00,3.42,-2.24,-0.55,0.98
2020-12-23,24.00,23.85,24.25,23.79,7820,18746135.00,1.92,-0.67,-0.16,0.87
2020-12-24,23.85,23.23,23.89,23.05,9047,21184970.00,3.52,-2.60,-0.62,1.00
2020-12-25,23.23,23.52,23.76,23.16,5701,13367586.00,2.58,1.25,0.29,0.63
2020-12-28,23.60,22.95,23.60,22.88,6975,16126921.00,3.06,-2.42,-0.57,0.77
2020-12-29,22.95,23.17,23.42,22.89,4617,10724815.00,2.31,0.96,0.22,0.51
2020-12-30,23.22,23.26,23.43,23.11,4574,10649093.00,1.38,0.39,0.09,0.51
2020-12-31,23.27,23.68,23.75,23.27,4939,11671654.00,2.06,1.81,0.42,0.55
2021-01-04,23.78,24.10,24.15,23.44,11050,26331593.00,3.00,1.77,0.42,1.22
2021-01-05,24.03,24.04,24.15,23.84,6540,15708255.00,1.29,-0.25,-0.06,0.72
2021-01-06,23.95,23.50,24.10,23.20,7594,17853011.00,3.74,-2.25,-0.54,0.84
2021-01-07,23.49,22.50,23.50,22.27,10918,24802626.00,5.23,-4.26,-1.00,1.21
2021-01-08,22.40,22.62,22.95,21.80,6641,14973600.00,5.11,0.53,0.12,0.74
2021-01-11,22.61,21.96,22.61,21.84,6796,15098230.00,3.40,-2.92,-0.66,0.75
2021-01-12,21.99,22.26,22.48,21.96,4269,9494707.00,2.37,1.37,0.30,0.47
2021-01-13,22.32,21.69,22.33,21.05,7052,15367775.00,5.75,-2.56,-0.57,0.78
2021-01-14,21.68,22.34,22.44,21.35,5484,12111161.00,5.03,3.00,0.65,0.61
2021-01-15,22.78,23.10,23.26,22.64,9034,20822495.00,2.78,3.40,0.76,1.00
2021-01-18,23.10,23.28,23.38,22.96,6809,15827247.00,1.82,0.78,0.18,0.75
2021-01-19,23.36,23.67,23.72,23.05,7420,17374948.00,2.88,1.68,0.39,0.82
2021-01-20,23.40,23.50,23.71,23.40,5032,11845138.00,1.31,-0.72,-0.17,0.56
2021-01-21,23.47,23.40,23.65,23.18,5191,12150635.00,2.00,-0.43,-0.10,0.58
2021-01-22,23.23,23.61,23.78,23.05,5405,12630103.00,3.12,0.90,0.21,0.60
2021-01-25,23.61,23.07,23.73,22.90,5185,12047577.00,3.52,-2.29,-0.54,0.57
2021-01-26,23.08,23.72,24.16,22.92,7753,18338102.00,5.37,2.82,0.65,0.86
2021-01-27,23.88,23.62,23.88,23.40,4041,9521189.00,2.02,-0.42,-0.10,0.45
2021-01-28,23.14,23.36,23.60,23.14,3842,8994789.00,1.95,-1.10,-0.26,0.43
2021-01-29,23.66,23.23,23.66,23.00,5037,11723302.00,2.83,-0.56,-0.13,0.56
2021-02-01,23.49,23.55,23.55,23.19,3965,9253273.00,1.55,1.38,0.32,0.44
2021-02-02,23.43,23.13,23.49,23.09,3786,8803350.00,1.70,-1.78,-0.42,0.42
2021-02-03,23.02,22.52,23.12,22.50,4960,11233478.00,2.68,-2.64,-0.61,0.55
2021-02-04,23.77,23.48,24.77,23.34,16187,38514963.00,6.35,4.26,0.96,1.79
2021-02-05,22.90,23.06,23.47,22.81,8112,18800187.00,2.81,-1.79,-0.42,0.90
2021-02-08,22.80,23.26,23.50,22.80,5127,11963169.00,3.04,0.87,0.20,0.57
2021-02-09,23.03,23.94,23.96,23.03,7899,18759303.00,4.00,2.92,0.68,0.88
2021-02-10,23.93,23.96,24.15,23.76,6478,15527230.00,1.63,0.08,0.02,0.72
2021-02-18,24.09,24.29,24.53,24.09,8733,21285420.00,1.84,1.38,0.33,0.97
2021-02-19,24.29,24.53,24.55,24.09,7191,17549369.00,1.89,0.99,0.24,0.80
2021-02-22,24.52,24.49,24.91,24.37,9741,24061279.00,2.20,-0.16,-0.04,1.08
2021-02-23,24.38,24.34,24.59,24.10,6235,15138057.00,2.00,-0.61,-0.15,0.69
2021-02-24,24.39,24.05,24.47,23.87,7244,17509551.00,2.47,-1.19,-0.29,0.80
2021-02-25,24.06,23.82,24.21,23.76,5008,11968773.00,1.87,-0.96,-0.23,0.56
2021-02-26,23.71,23.89,23.97,23.50,4878,11570218.00,1.97,0.29,0.07,0.54
2021-03-01,23.89,24.41,24.41,23.82,4612,11162438.00,2.47,2.18,0.52,0.51
2021-03-02,24.41,24.15,24.53,24.08,4501,10916815.00,1.84,-1.07,-0.26,0.50
2021-03-03,24.20,24.62,24.72,24.11,6150,15048443.00,2.53,1.95,0.47,0.68
2021-03-04,24.60,24.42,24.86,24.32,6830,16797428.00,2.19,-0.81,-0.20,0.76
2021-03-05,24.43,24.46,24.61,24.32,4858,11884650.00,1.19,0.16,0.04,0.54
2021-03-08,24.47,24.13,24.69,24.02,5203,12662413.00,2.74,-1.35,-0.33,0.58
2021-03-09,24.15,23.65,24.19,23.00,5739,13589130.00,4.93,-1.99,-0.48,0.64
2021-03-10,23.88,23.30,23.88,23.23,4028,9476352.00,2.75,-1.48,-0.35,0.45
2021-03-11,23.30,23.62,23.66,23.30,3139,7383300.00,1.55,1.37,0.32,0.35
2021-03-12,23.53,23.58,23.70,23.31,3608,8468440.00,1.65,-0.17,-0.04,0.40
2021-03-15,23.66,23.68,23.85,23.39,4411,10446808.00,1.95,0.42,0.10,0.49
2021-03-16,23.69,24.01,24.05,23.69,4263,10186979.00,1.52,1.39,0.33,0.47
2021-03-17,24.01,24.20,24.25,23.86,3836,9236985.00,1.62,0.79,0.19,0.43
2021-03-18,24.34,24.00,24.35,23.93,3093,7450304.00,1.74,-0.83,-0.20,0.34
2021-03-19,23.98,24.06,24.40,23.80,4885,11816432.00,2.50,0.25,0.06,0.54
2021-03-22,24.07,24.56,24.60,23.97,5441,13281504.00,2.62,2.08,0.50,0.60
2021-03-23,24.48,24.25,24.69,24.10,4901,11925264.00,2.40,-1.26,-0.31,0.54
2021-03-24,24.03,24.30,24.38,24.03,3294,7985085.00,1.44,0.21,0.05,0.37
2021-03-25,24.30,23.92,24.45,23.92,5076,12267272.00,2.18,-1.56,-0.38,0.56
2021-03-26,23.85,24.17,24.24,23.85,3571,8595323.00,1.63,1.05,0.25,0.40
2021-03-29,24.16,24.36,24.47,24.09,4426,10745142.00,1.57,0.79,0.19,0.49
2021-03-30,24.38,24.19,24.38,23.80,3073,7430066.00,2.38,-0.70,-0.17,0.34
2021-03-31,24.22,24.16,24.28,23.91,3287,7912704.00,1.53,-0.12,-0.03,0.36
2021-04-01,24.16,24.10,24.56,23.95,3615,8721123.00,2.52,-0.25,-0.06,0.40
2021-04-02,24.04,24.57,24.57,24.04,6792,16567225.00,2.20,1.95,0.47,0.75
2021-04-06,24.60,24.64,24.67,24.34,6290,15426379.00,1.34,0.28,0.07,0.70
2021-04-07,24.63,25.16,25.30,24.56,9252,23120423.00,3.00,2.11,0.52,1.03
2021-04-08,25.15,24.88,25.25,24.80,5713,14282102.00,1.79,-1.11,-0.28,0.63
2021-04-09,24.92,25.01,25.09,24.65,4761,11846657.00,1.77,0.52,0.13,0.53
2021-04-12,25.09,24.69,25.38,24.62,6928,17360979.00,3.04,-1.28,-0.32,0.77
2021-04-13,24.69,24.31,24.89,24.27,3511,8617496.00,2.51,-1.54,-0.38,0.39
2021-04-14,24.36,24.90,24.95,24.33,4923,12174442.00,2.55,2.43,0.59,0.55
2021-04-15,24.85,24.82,24.98,24.58,3567,8830308.00,1.61,-0.32,-0.08,0.40
2021-04-16,25.09,25.11,25.28,24.85,5522,13852866.00,1.73,1.17,0.29,0.61
2021-04-19,25.04,25.40,25.45,25.03,7206,18229842.00,1.67,1.15,0.29,0.80
2021-04-20,25.49,25.10,25.49,25.05,6204,15663783.00,1.73,-1.18,-0.30,0.69
2021-04-21,25.14,25.68,25.72,25.01,10023,25543043.00,2.83,2.31,0.58,1.11
2021-04-22,25.80,25.55,25.82,25.44,4295,10972904.00,1.48,-0.51,-0.13,0.48
2021-04-23,25.45,25.13,25.45,24.88,6102,15324429.00,2.23,-1.64,-0.42,0.68
2021-04-26,25.06,25.12,25.30,24.94,4881,12246481.00,1.43,-0.04,-0.01,0.54
2021-04-27,24.96,24.50,25.19,24.32,6361,15655581.00,3.46,-2.47,-0.62,0.71
2021-04-28,24.60,25.98,25.99,24.49,19031,48870431.00,6.12,6.04,1.48,2.11
2021-04-29,25.99,26.07,26.27,25.56,14202,36741258.00,2.73,0.35,0.09,1.57
2021-04-30,25.00,24.45,25.00,23.46,19064,46429669.00,5.91,-6.21,-1.62,2.11
2021-05-06,24.25,26.16,26.33,24.25,24719,62668028.00,8.51,6.99,1.71,2.74
2021-05-07,25.96,27.27,28.30,25.95,48769,132757479.00,8.98,4.24,1.11,5.41
2021-05-10,28.60,30.00,30.00,28.60,41798,124488532.00,5.13,10.01,2.73,4.63
2021-05-11,32.00,30.59,32.60,29.13,96909,299551296.00,11.57,1.97,0.59,10.74
2021-05-12,30.11,30.32,30.97,29.11,46078,138317574.00,6.08,-0.88,-0.27,5.11
2021-05-13,29.56,29.73,30.40,29.39,28336,84742668.00,3.33,-1.95,-0.59,3.14
2021-05-14,30.15,30.20,30.80,29.81,33654,102184578.00,3.33,1.58,0.47,3.73
2021-05-17,29.69,28.87,30.77,28.55,45078,133451302.00,7.35,-4.40,-1.33,5.00
2021-05-18,28.82,28.87,29.87,28.48,22485,65367752.00,4.81,0.00,0.00,2.49
2021-05-19,28.92,27.96,29.37,27.74,24143,68045855.00,5.65,-3.15,-0.91,2.68
2021-05-20,27.80,27.48,28.26,27.30,19083,52871675.00,3.43,-1.72,-0.48,2.12
2021-05-21,27.77,26.97,27.80,26.56,29480,79296234.00,4.51,-1.86,-0.51,3.27
2021-05-24,26.98,26.80,27.20,26.58,16575,44430722.00,2.30,-0.63,-0.17,1.84
2021-05-25,26.85,27.26,27.55,26.80,16289,44359865.00,2.80,1.72,0.46,1.81
2021-05-26,27.31,27.46,27.57,27.11,12027,32938665.00,1.69,0.73,0.20,1.33
2021-05-27,27.49,27.35,27.58,27.06,10293,28079885.00,1.89,-0.40,-0.11,1.14
2021-05-28,27.33,26.39,27.40,26.35,15087,40444184.00,3.84,-3.51,-0.96,1.67
2021-05-31,26.27,27.52,27.65,26.24,16613,44855328.00,5.34,4.28,1.13,1.84
2021-06-01,27.54,27.77,28.18,27.27,16855,46775568.00,3.31,0.91,0.25,1.87
2021-06-02,27.76,27.33,27.96,27.30,7739,21260373.00,2.38,-1.58,-0.44,0.86
2021-06-03,27.31,27.08,27.68,27.08,6450,17640281.00,2.20,-0.91,-0.25,0.71
2021-06-04,27.08,26.65,27.12,26.56,9687,25952027.00,2.07,-1.59,-0.43,1.07
2021-06-07,26.51,27.14,27.16,26.41,7459,19984227.00,2.81,1.84,0.49,0.83
2021-06-08,27.13,27.11,27.53,26.91,6456,17554964.00,2.28,-0.11,-0.03,0.72
2021-06-09,27.20,26.80,27.29,26.60,5057,13610917.00,2.55,-1.14,-0.31,0.56
2021-06-10,26.76,26.72,26.88,26.50,7129,18978092.00,1.42,-0.30,-0.08,0.79
2021-06-11,26.66,26.44,27.15,26.42,6426,17152015.00,2.73,-1.05,-0.28,0.71
2021-06-15,26.44,25.63,26.52,25.46,9814,25323774.00,4.01,-3.06,-0.81,1.09
2021-06-16,25.63,25.31,25.91,25.00,5824,14861072.00,3.55,-1.25,-0.32,0.65
2021-06-17,25.59,25.73,25.75,25.31,5488,14021551.00,1.74,1.66,0.42,0.61
2021-06-18,25.74,25.76,25.83,25.52,5003,12852521.00,1.20,0.12,0.03,0.55
2021-06-21,25.76,25.75,26.07,25.56,6805,17549368.00,1.98,-0.04,-0.01,0.75
2021-06-22,25.77,25.88,26.18,25.67,6211,16111932.00,1.98,0.50,0.13,0.69
2021-06-23,25.90,25.96,26.08,25.80,4993,12942457.00,1.08,0.31,0.08,0.55
2021-06-24,25.96,26.18,26.32,25.75,5873,15349308.00,2.20,0.85,0.22,0.65
2021-06-25,26.30,25.91,26.30,25.76,4663,12096902.00,2.06,-1.03,-0.27,0.52
2021-06-28,26.06,25.82,26.06,25.70,3905,10084179.00,1.39,-0.35,-0.09,0.43
2021-06-29,25.86,25.35,25.86,25.23,5398,13714546.00,2.44,-1.82,-0.47,0.60
2021-06-30,25.37,25.31,25.62,25.10,5052,12814753.00,2.05,-0.16,-0.04,0.56
2021-07-01,25.28,25.25,25.64,25.20,5062,12865648.00,1.74,-0.24,-0.06,0.56
2021-07-02,25.29,24.72,25.29,24.69,6612,16464824.00,2.38,-2.10,-0.53,0.73
2021-07-05,24.72,24.82,24.90,24.52,4782,11820999.00,1.54,0.40,0.10,0.53
2021-07-06,24.87,24.80,24.98,24.58,4665,11566701.00,1.61,-0.08,-0.02,0.52
2021-07-07,24.72,24.78,24.92,24.60,4645,11479712.00,1.29,-0.08,-0.02,0.51
2021-07-08,24.78,24.21,24.88,24.16,7151,17442410.00,2.91,-2.30,-0.57,0.79
2021-07-09,24.25,24.55,24.66,24.11,4783,11673382.00,2.27,1.40,0.34,0.53
2021-07-12,24.68,24.63,24.79,24.50,5696,14015849.00,1.18,0.33,0.08,0.63
2021-07-13,24.67,24.71,24.71,24.20,6019,14734208.00,2.07,0.32,0.08,0.67
2021-07-14,24.71,24.33,24.71,24.26,5883,14359743.00,1.82,-1.54,-0.38,0.65
2021-07-15,24.44,23.77,24.44,23.60,8758,20843599.00,3.45,-2.30,-0.56,0.97
2021-07-16,23.80,23.48,23.80,23.40,8234,19390506.00,1.68,-1.22,-0.29,0.91
