2018-03-29,13.51,13.51,13.51,13.51,143,192544.00,0.00,10.02,1.23,0.02
2018-03-30,14.86,14.86,14.86,14.86,159,236259.00,0.00,9.99,1.35,0.03
2018-04-02,16.35,16.35,16.35,16.35,728,1189724.00,0.00,10.03,1.49,0.12
2018-04-03,17.99,17.99,17.99,17.99,1719,3092355.00,0.00,10.03,1.64,0.28
2018-04-04,19.79,19.79,19.79,19.79,1487,2942891.00,0.00,10.01,1.80,0.24
2018-04-09,21.77,21.77,21.77,21.77,2685,5845245.00,0.00,10.01,1.98,0.44
2018-04-10,23.95,23.95,23.95,23.95,1644,3938026.00,0.00,10.01,2.18,0.27
2018-04-11,26.35,26.35,26.35,26.35,1419,3738379.00,0.00,10.02,2.40,0.23
2018-04-16,28.99,28.99,28.99,28.73,104597,303214656.00,0.99,10.02,2.64,17.19
2018-04-17,30.00,31.89,31.89,29.00,426219,1312889936.00,9.97,10.00,2.90,70.07
2018-04-18,29.88,32.80,34.44,28.70,383844,1184092880.00,18.00,2.85,0.91,63.10
2018-04-19,31.50,30.38,33.99,30.04,334782,1075473488.00,12.04,-7.38,-2.42,55.04
2018-04-20,28.00,27.34,28.73,27.34,220295,612958864.00,4.58,-10.01,-3.04,36.21
2018-04-23,26.23,28.67,29.40,26.23,235487,657984928.00,11.59,4.86,1.33,38.71
2018-04-24,28.19,28.87,29.48,27.28,242039,690623232.00,7.67,0.70,0.20,39.79
2018-04-25,28.18,28.05,29.80,27.88,203851,584983472.00,6.65,-2.84,-0.82,33.51
2018-04-26,28.31,25.58,28.50,25.45,183823,489835264.00,10.87,-8.81,-2.47,30.22
2018-04-27,25.35,25.83,25.99,24.77,125129,319902928.00,4.77,0.98,0.25,20.57
2018-05-02,25.90,26.19,26.30,24.73,129003,330020288.00,6.08,1.39,0.36,21.21
2018-05-03,25.81,26.70,27.49,25.62,178862,480565472.00,7.14,1.95,0.51,29.40
2018-05-04,26.18,27.25,29.35,26.18,210431,585666752.00,11.87,2.06,0.55,34.59
2018-05-07,27.58,28.04,28.60,26.70,202280,562208192.00,6.97,2.90,0.79,33.25
2018-05-08,27.40,28.36,29.00,27.16,212961,600602336.00,6.56,1.14,0.32,35.01
2018-05-09,28.40,31.20,31.20,27.75,354296,1070074464.00,12.17,10.01,2.84,58.24
2018-05-10,30.20,34.32,34.32,29.82,336243,1086966496.00,14.42,10.00,3.12,55.28
2018-05-11,37.26,37.75,37.75,36.00,182968,684651424.00,5.10,9.99,3.43,30.08
2018-05-14,41.53,41.53,41.53,38.00,302078,1227288736.00,9.35,10.01,3.78,49.66
2018-05-17,44.00,45.68,45.68,43.10,156655,706881328.00,6.21,9.99,4.15,25.75
2018-05-18,50.00,50.25,50.25,48.21,127971,639872544.00,4.47,10.00,4.57,21.04
2018-05-21,55.28,55.28,55.28,55.28,13671,75572624.00,0.00,10.01,5.03,2.25
2018-05-22,60.74,60.81,60.81,58.00,312006,1879111824.00,5.08,10.00,5.53,51.29
2018-05-23,60.98,60.99,62.50,59.01,291939,1778882336.00,5.74,0.30,0.18,47.99
2018-05-24,61.99,67.09,67.09,59.55,250885,1588428544.00,12.36,10.00,6.10,41.24
2018-06-01,72.80,60.38,72.80,60.38,336467,2253775360.00,18.51,-10.00,-6.71,55.31
2018-06-04,55.50,54.34,57.35,54.34,86429,475664048.00,4.99,-10.00,-6.04,14.21
2018-06-05,54.00,53.37,55.48,51.70,281684,1511620160.00,6.96,-1.79,-0.97,46.31
2018-06-06,54.15,52.95,55.37,52.18,237653,1271316544.00,5.98,-0.79,-0.42,39.07
2018-06-07,51.58,50.53,53.50,49.88,262603,1347019744.00,6.84,-4.57,-2.42,43.17
2018-06-08,50.70,51.25,51.75,50.12,186273,949942256.00,3.23,1.42,0.72,30.62
2018-06-11,49.85,51.75,53.33,49.49,214734,1106376272.00,7.49,0.98,0.50,35.30
2018-06-12,51.00,51.40,51.95,48.51,201928,1018429568.00,6.65,-0.68,-0.35,33.20
2018-06-13,50.69,50.40,55.00,50.20,308240,1624427120.00,9.34,-1.95,-1.00,50.67
2018-06-14,46.88,45.36,47.93,45.36,250116,1149971968.00,5.10,-10.00,-5.04,41.12
2018-06-15,45.55,43.00,45.85,42.27,209522,922066032.00,7.89,-5.20,-2.36,34.44
2018-06-19,41.61,42.30,43.58,40.10,174651,732407232.00,8.09,-1.63,-0.70,28.71
2018-06-20,42.50,43.18,44.82,42.00,204167,883382816.00,6.67,2.08,0.88,33.56
2018-06-21,41.93,39.70,42.50,39.56,180125,738778256.00,6.81,-8.06,-3.48,29.61
2018-06-22,39.86,43.67,43.67,39.01,249062,1063227664.00,11.74,10.00,3.97,40.94
2018-06-25,44.66,48.04,48.04,43.88,188445,872700016.00,9.53,10.01,4.37,30.98
2018-06-26,50.40,47.17,52.84,47.01,446320,2282243264.00,12.14,-1.81,-0.87,73.37
2018-06-27,45.50,49.23,51.89,44.68,387259,1828611168.00,15.29,4.37,2.06,63.66
2018-06-28,48.50,44.31,50.36,44.31,317610,1502347024.00,12.29,-9.99,-4.92,52.21
2018-06-29,42.08,44.14,44.50,41.71,224607,969839568.00,6.30,-0.38,-0.17,36.92
2018-07-02,43.88,42.98,44.94,42.08,181844,791785856.00,6.48,-2.63,-1.16,29.89
2018-07-03,43.13,43.76,44.35,41.72,195307,845784848.00,6.12,1.81,0.78,32.11
2018-07-04,42.78,40.73,42.78,40.00,196898,809016992.00,6.35,-6.92,-3.03,32.37
2018-07-05,40.20,37.83,41.16,37.66,161481,635673056.00,8.59,-7.12,-2.90,26.55
2018-07-06,38.40,39.23,41.46,38.07,192246,762033328.00,8.96,3.70,1.40,31.60
2018-07-09,39.76,40.19,40.68,38.70,149566,593221088.00,5.05,2.45,0.96,24.59
2018-07-10,40.14,41.30,41.80,39.43,177770,722985424.00,5.90,2.76,1.11,29.22
2018-07-11,39.97,39.83,39.99,38.31,143047,560999984.00,4.07,-3.56,-1.47,23.52
2018-07-12,39.70,40.86,41.93,39.50,163278,667644704.00,6.10,2.59,1.03,26.84
2018-07-13,40.25,40.20,41.49,40.11,125743,511729104.00,3.38,-1.62,-0.66,20.67
2018-07-16,40.21,40.80,41.88,40.20,118428,485907824.00,4.18,1.49,0.60,19.47
2018-07-17,41.70,40.10,42.50,38.50,144709,588795408.00,9.80,-1.72,-0.70,23.79
2018-07-18,39.39,38.25,39.87,38.00,118774,461280096.00,4.66,-4.61,-1.85,19.53
2018-07-19,37.80,36.55,38.43,35.55,120885,445817344.00,7.53,-4.44,-1.70,19.87
2018-07-20,36.43,36.90,37.37,36.28,77320,284090672.00,2.98,0.96,0.35,12.71
2018-07-23,36.95,36.15,37.12,35.67,76192,276126272.00,3.93,-2.03,-0.75,12.53
2018-07-24,36.42,36.92,37.15,36.00,84626,310494048.00,3.18,2.13,0.77,13.91
2018-07-25,37.24,36.02,37.34,35.84,85647,312151248.00,4.06,-2.44,-0.90,14.08
2018-07-26,36.28,35.34,36.30,34.50,97027,340421360.00,5.00,-1.89,-0.68,15.95
2018-07-27,35.32,34.67,35.79,34.61,67025,236573622.00,3.34,-1.90,-0.67,11.02
2018-07-30,34.52,33.36,34.87,32.96,74857,253141116.00,5.51,-3.78,-1.31,12.31
2018-07-31,33.50,34.47,35.51,33.47,107219,369686160.00,6.12,3.33,1.11,17.63
2018-08-01,33.85,33.01,34.25,32.88,87042,291666816.00,3.97,-4.24,-1.46,14.31
2018-08-02,33.01,34.01,35.86,32.52,135503,462079472.00,10.12,3.03,1.00,22.28
2018-08-03,34.00,33.73,34.88,33.70,94965,324599008.00,3.47,-0.82,-0.28,15.61
2018-08-06,32.72,30.36,32.72,30.36,103910,323662048.00,7.00,-9.99,-3.37,17.08
2018-08-07,30.70,32.37,33.40,30.51,128616,411319456.00,9.52,6.62,2.01,21.14
2018-08-08,32.50,31.65,34.00,31.36,142499,469780592.00,8.16,-2.22,-0.72,23.43
2018-08-09,30.73,32.50,32.80,30.22,120433,384045536.00,8.15,2.69,0.85,19.80
2018-08-10,32.61,32.92,33.25,32.00,101940,332741664.00,3.85,1.29,0.42,16.76
2018-08-13,32.57,34.63,35.50,32.36,163653,557094320.00,9.54,5.19,1.71,26.90
2018-08-14,34.05,38.09,38.09,33.31,190797,671533824.00,13.80,9.99,3.46,31.37
2018-08-15,37.00,35.80,38.50,35.35,192828,714363520.00,8.27,-6.01,-2.29,31.70
2018-08-16,35.64,33.62,35.69,33.30,130460,451421728.00,6.68,-6.09,-2.18,21.45
2018-08-17,34.22,31.70,34.46,30.80,118130,385283072.00,10.89,-5.71,-1.92,19.42
2018-08-20,31.00,31.70,32.10,30.61,75746,237809747.00,4.70,0.00,0.00,12.45
2018-08-21,31.78,31.76,32.28,31.07,71492,226444355.00,3.82,0.19,0.06,11.75
2018-08-22,31.70,30.72,32.40,30.62,83919,264469826.00,5.60,-3.27,-1.04,13.80
2018-08-23,30.49,31.06,31.58,30.49,68406,212893038.00,3.55,1.11,0.34,11.25
2018-08-24,30.80,30.78,31.25,30.60,52667,162724793.00,2.09,-0.90,-0.28,8.66
2018-08-27,30.67,31.60,32.53,30.67,79230,249648823.00,6.04,2.66,0.82,13.02
2018-08-28,31.40,31.98,32.50,31.33,74131,236708057.00,3.70,1.20,0.38,12.19
2018-08-29,31.87,31.16,32.05,31.06,52718,166101637.00,3.10,-2.56,-0.82,8.67
2018-08-30,31.05,31.09,31.92,31.00,57066,179148723.00,2.95,-0.22,-0.07,9.38
2018-08-31,31.35,29.23,31.38,29.02,79185,235909141.00,7.59,-5.98,-1.86,13.02
2018-09-03,29.20,28.28,29.36,27.35,65028,183041594.00,6.88,-3.25,-0.95,10.69
2018-09-04,28.16,28.49,28.96,28.16,52642,150439529.00,2.83,0.74,0.21,8.65
2018-09-05,28.50,28.12,29.50,28.08,57656,165414630.00,4.98,-1.30,-0.37,9.48
2018-09-06,28.98,29.11,29.79,28.56,100790,293737408.00,4.37,3.52,0.99,16.57
2018-09-07,29.09,28.62,29.70,28.25,86219,249655037.00,4.98,-1.68,-0.49,14.17
2018-09-10,29.10,31.48,31.48,28.63,197804,601979696.00,9.96,9.99,2.86,32.52
2018-09-11,30.50,29.87,30.93,29.75,135665,411673056.00,3.75,-5.11,-1.61,22.30
2018-09-12,29.90,29.97,30.80,29.80,83036,251554766.00,3.35,0.33,0.10,13.65
2018-09-13,30.48,31.00,32.11,29.93,140605,435599888.00,7.27,3.44,1.03,23.11
2018-09-14,30.42,28.62,30.45,28.20,115004,339611280.00,7.26,-7.68,-2.38,18.91
2018-09-17,28.00,26.81,28.00,26.10,67692,183152519.00,6.64,-6.32,-1.81,11.13
2018-09-18,27.09,27.57,27.67,26.90,60548,165691025.00,2.87,2.83,0.76,9.95
2018-09-19,27.46,28.54,29.19,27.20,94400,267167525.00,7.22,3.52,0.97,15.52
2018-09-20,28.69,28.92,30.37,28.20,126923,372133936.00,7.60,1.33,0.38,20.87
2018-09-21,29.12,29.17,30.33,28.22,89993,261755784.00,7.30,0.86,0.25,14.79
2018-09-25,29.49,30.41,30.99,29.30,115674,348261328.00,5.79,4.25,1.24,19.02
2018-09-26,30.40,30.83,31.33,29.66,124881,383127248.00,5.49,1.38,0.42,20.53
2018-09-27,30.31,28.17,30.68,28.11,113975,335642512.00,8.34,-8.63,-2.66,18.74
2018-09-28,28.40,30.99,30.99,28.40,74347,226882184.00,9.19,10.01,2.82,12.22
2018-10-08,32.50,31.65,33.50,31.38,236319,767771392.00,6.84,2.13,0.66,38.85
2018-10-09,31.53,34.04,34.82,31.05,240950,799244320.00,11.91,7.55,2.39,39.61
2018-10-10,33.08,32.32,33.30,31.63,170163,551657376.00,4.91,-5.05,-1.72,27.97
2018-10-11,30.02,29.09,30.66,29.09,121670,361980320.00,4.86,-9.99,-3.23,20.00
2018-10-12,27.90,28.62,29.25,26.97,106521,299720672.00,7.84,-1.62,-0.47,17.51
2018-10-15,28.62,29.00,29.80,28.62,80477,234986956.00,4.12,1.33,0.38,13.23
2018-10-16,29.00,29.33,30.49,28.33,93849,275541168.00,7.45,1.14,0.33,15.43
2018-10-17,29.39,28.93,29.79,27.80,80691,235125075.00,6.78,-1.36,-0.40,13.27
2018-10-18,28.40,26.25,28.60,26.04,84430,227868082.00,8.85,-9.26,-2.68,13.88
2018-10-19,25.10,26.84,26.87,24.60,69929,182224190.00,8.65,2.25,0.59,11.50
2018-10-22,27.56,28.26,28.67,27.09,84015,234684468.00,5.89,5.29,1.42,13.81
2018-10-23,28.08,28.56,31.00,28.08,121582,355058016.00,10.33,1.06,0.30,19.99
2018-10-24,28.25,27.63,28.45,27.53,71961,200943792.00,3.22,-3.26,-0.93,11.83
2018-10-25,25.91,26.84,27.18,25.68,62623,165313619.00,5.43,-2.86,-0.79,10.29
2018-10-26,27.34,26.99,28.07,26.94,54071,148743929.00,4.21,0.56,0.15,8.89
2018-10-29,26.55,26.68,27.35,26.44,36448,98030635.00,3.37,-1.15,-0.31,5.99
2018-10-30,26.64,26.90,27.27,25.81,47427,126484332.00,5.47,0.82,0.22,7.80
2018-10-31,27.00,27.43,27.70,27.00,64716,177330429.00,2.60,1.97,0.53,10.64
2018-11-01,27.52,27.88,28.59,27.35,96231,269432624.00,4.52,1.64,0.45,15.82
2018-11-02,28.47,28.71,28.98,28.00,98547,280831216.00,3.52,2.98,0.83,16.20
2018-11-05,28.91,28.66,29.77,27.82,97683,281143760.00,6.79,-0.17,-0.05,16.06
2018-11-06,28.05,29.24,29.48,26.80,123636,347978944.00,9.35,2.02,0.58,20.32
2018-11-07,28.54,28.52,29.68,28.47,96217,278303712.00,4.14,-2.46,-0.72,15.82
2018-11-08,28.67,28.15,29.27,27.83,70858,202776369.00,5.05,-1.30,-0.37,11.65
2018-11-09,28.17,27.45,28.44,27.41,50480,140562778.00,3.66,-2.49,-0.70,8.30
2018-11-12,27.29,27.95,27.95,26.90,54548,150237444.00,3.83,1.82,0.50,8.97
2018-11-13,27.46,27.83,27.96,27.12,66393,183411554.00,3.01,-0.43,-0.12,10.91
2018-11-14,27.60,28.82,29.66,27.53,133916,384932384.00,7.65,3.56,0.99,22.01
2018-11-15,28.55,29.98,30.59,28.42,158238,465718656.00,7.53,4.02,1.16,26.01
2018-11-16,29.81,29.40,30.30,29.33,131769,393569312.00,3.24,-1.93,-0.58,21.66
2018-11-19,29.30,29.66,29.91,29.18,70095,207211176.00,2.48,0.88,0.26,11.52
2018-11-20,29.25,30.35,31.45,29.25,151654,461901568.00,7.42,2.33,0.69,24.93
2018-11-21,29.96,31.61,31.83,29.80,177131,551188128.00,6.69,4.15,1.26,29.12
2018-11-22,31.00,30.33,31.45,30.25,119412,366181840.00,3.80,-4.05,-1.28,19.63
2018-11-23,30.10,28.13,30.10,27.63,96406,278328752.00,8.14,-7.25,-2.20,15.85
2018-11-26,28.05,27.39,28.27,27.20,54962,152001028.00,3.80,-2.63,-0.74,9.04
2018-11-27,27.60,27.57,27.76,27.31,33032,90890422.00,1.64,0.66,0.18,5.43
2018-11-28,27.59,27.70,27.74,26.66,42048,114852705.00,3.92,0.47,0.13,6.91
2018-11-29,27.91,26.59,28.06,26.55,47598,130817265.00,5.45,-4.01,-1.11,7.82
2018-11-30,26.40,26.74,26.75,25.40,51405,134520203.00,5.08,0.56,0.15,8.45
2018-12-03,28.40,27.67,28.48,27.57,61492,171614852.00,3.40,3.48,0.93,10.11
2018-12-04,27.40,28.07,28.48,27.25,65556,182759755.00,4.45,1.45,0.40,10.78
2018-12-05,27.30,27.18,27.95,27.02,45754,125427247.00,3.31,-3.17,-0.89,7.52
2018-12-06,27.18,26.74,27.59,26.71,38614,104609405.00,3.24,-1.62,-0.44,6.35
2018-12-07,26.95,26.84,27.06,26.60,24929,66859330.00,1.72,0.37,0.10,4.10
2018-12-10,26.29,26.36,26.80,26.29,20948,55450834.00,1.90,-1.79,-0.48,3.44
2018-12-11,26.56,26.60,26.86,26.37,20776,55269717.00,1.86,0.91,0.24,3.42
2018-12-12,26.94,27.22,27.49,26.74,41307,112515333.00,2.82,2.33,0.62,6.79
2018-12-13,27.18,27.21,27.45,26.92,36136,98393670.00,1.95,-0.04,-0.01,5.94
2018-12-14,27.30,27.28,27.82,27.21,56928,156338962.00,2.24,0.26,0.07,9.36
2018-12-17,27.28,28.26,28.89,27.28,79214,222262885.00,5.90,3.59,0.98,13.02
2018-12-18,27.80,27.30,28.10,26.96,56941,156304897.00,4.03,-3.40,-0.96,9.36
2018-12-19,27.45,26.65,27.78,26.50,41274,112091108.00,4.69,-2.38,-0.65,6.79
2018-12-20,26.26,26.69,26.80,26.20,32218,85487982.00,2.25,0.15,0.04,5.30
2018-12-21,26.58,27.41,27.74,26.41,52944,143468293.00,4.98,2.70,0.72,8.70
2018-12-24,27.30,28.28,28.87,27.24,100063,282030672.00,5.95,3.17,0.87,16.45
2018-12-25,27.88,27.69,27.88,26.60,74948,205043838.00,4.53,-2.09,-0.59,12.32
2018-12-26,27.66,27.68,28.14,27.43,59614,165665467.00,2.56,-0.04,-0.01,9.80
2018-12-27,28.14,27.08,28.66,27.08,73653,206663195.00,5.71,-2.17,-0.60,12.11
2018-12-28,26.98,25.85,27.00,25.65,63557,168119607.00,4.99,-4.54,-1.23,10.45
2019-01-02,25.85,26.12,26.41,25.78,29721,77348376.00,2.44,1.04,0.27,4.89
2019-01-03,26.11,25.11,26.38,25.00,45626,116729202.00,5.28,-3.87,-1.01,7.50
2019-01-04,24.70,25.57,25.70,24.48,35575,89956846.00,4.86,1.83,0.46,5.85
2019-01-07,25.77,26.08,26.47,25.50,46142,119807167.00,3.79,1.99,0.51,7.59
2019-01-08,26.00,25.88,26.33,25.66,38455,99638590.00,2.57,-0.77,-0.20,6.32
2019-01-09,25.77,25.70,26.40,25.69,48238,125685957.00,2.74,-0.70,-0.18,7.93
2019-01-10,25.70,25.35,25.94,25.30,37857,97094830.00,2.49,-1.36,-0.35,6.22
2019-01-11,25.39,26.14,26.19,25.11,61031,156860221.00,4.26,3.12,0.79,10.03
2019-01-14,26.00,25.32,26.23,25.23,42563,108860244.00,3.83,-3.14,-0.82,7.00
2019-01-15,25.30,25.70,25.90,25.30,31696,81185000.00,2.37,1.50,0.38,5.21
2019-01-16,25.76,25.87,25.99,25.51,38311,98601657.00,1.87,0.66,0.17,6.30
2019-01-17,25.79,25.35,25.79,25.31,27373,69870185.00,1.86,-2.01,-0.52,4.50
2019-01-18,25.20,25.27,25.53,24.86,31316,78990995.00,2.64,-0.32,-0.08,5.15
2019-01-21,25.54,25.38,25.57,25.28,23781,60462389.00,1.15,0.44,0.11,3.91
2019-01-22,25.40,25.66,25.92,25.31,38674,99060045.00,2.40,1.10,0.28,6.36
2019-01-23,25.44,25.53,25.74,25.40,30027,76839994.00,1.33,-0.51,-0.13,4.94
2019-01-24,25.61,26.21,26.47,25.46,56244,145747448.00,3.96,2.66,0.68,9.25
2019-01-25,26.20,24.89,26.20,24.89,53981,137662759.00,5.00,-5.04,-1.32,8.87
2019-01-28,25.01,23.79,25.21,23.52,52736,128364074.00,6.79,-4.42,-1.10,8.67
2019-01-29,23.79,22.33,23.80,21.41,49536,110861400.00,10.05,-6.14,-1.46,8.14
2019-01-30,22.02,21.38,22.50,21.33,36583,79953604.00,5.24,-4.25,-0.95,6.01
2019-01-31,21.37,20.99,21.95,20.81,40382,86416885.00,5.33,-1.82,-0.39,6.64
2019-02-01,21.37,21.63,21.75,21.14,25941,55638678.00,2.91,3.05,0.64,4.26
2019-02-11,21.90,22.43,22.47,21.81,28840,64207805.00,3.05,3.70,0.80,4.74
2019-02-12,22.43,24.15,24.67,22.21,115942,279641344.00,10.97,7.67,1.72,19.06
2019-02-13,23.51,24.01,24.11,23.41,86091,204576988.00,2.90,-0.58,-0.14,14.15
2019-02-14,23.95,24.46,24.88,23.70,79409,193792551.00,4.91,1.87,0.45,13.05
2019-02-15,24.20,25.15,25.30,24.11,89274,221582853.00,4.87,2.82,0.69,14.68
2019-02-18,26.00,25.42,26.00,25.16,100360,256198546.00,3.34,1.07,0.27,16.50
2019-02-19,26.65,25.84,27.96,25.61,153739,409776160.00,9.24,1.65,0.42,25.27
2019-02-20,25.15,24.96,25.50,24.38,101002,252343881.00,4.33,-3.41,-0.88,16.60
2019-02-21,24.75,25.89,26.18,24.51,113966,289556752.00,6.69,3.73,0.93,18.74
2019-02-22,26.00,25.94,26.12,25.39,96145,248194885.00,2.82,0.19,0.05,15.81
2019-02-25,27.22,27.00,27.76,26.20,135391,364012240.00,6.01,4.09,1.06,22.26
2019-02-26,26.82,26.72,27.50,26.26,124333,333967088.00,4.59,-1.04,-0.28,20.44
2019-02-27,26.42,26.34,27.12,26.08,75340,200147616.00,3.89,-1.42,-0.38,12.39
2019-02-28,26.69,27.96,28.90,26.51,159341,441423120.00,9.07,6.15,1.62,26.19
2019-03-01,27.51,27.30,27.84,27.01,90228,246108294.00,2.97,-2.36,-0.66,14.83
2019-03-04,27.46,27.44,27.95,27.10,98286,270801696.00,3.11,0.51,0.14,16.16
2019-03-05,27.20,27.62,27.65,27.01,74368,203152470.00,2.33,0.66,0.18,12.23
2019-03-06,27.74,28.28,28.98,27.21,136573,384182272.00,6.41,2.39,0.66,22.45
2019-03-07,28.00,29.41,29.92,27.50,182166,527069936.00,8.56,4.00,1.13,29.95
2019-03-08,28.38,26.61,28.99,26.59,128713,362893824.00,8.16,-9.52,-2.80,21.16
2019-03-11,26.71,27.51,27.70,26.71,67853,185302277.00,3.72,3.38,0.90,11.15
2019-03-12,27.66,28.05,28.73,27.62,97483,274385424.00,4.03,1.96,0.54,16.03
2019-03-13,28.09,29.06,30.66,27.50,156744,453891616.00,11.27,3.60,1.01,25.77
2019-03-14,28.13,27.53,28.79,26.90,90037,250206408.00,6.50,-5.26,-1.53,14.80
2019-03-15,27.62,27.81,28.52,27.52,61460,172321820.00,3.63,1.02,0.28,10.10
2019-03-18,27.75,28.41,28.50,27.32,73856,207674423.00,4.24,2.16,0.60,12.14
2019-03-19,28.47,28.46,29.15,28.16,78094,223123328.00,3.48,0.18,0.05,12.84
2019-03-20,28.46,27.89,28.78,27.31,65609,183074190.00,5.17,-2.00,-0.57,10.79
2019-03-21,27.75,27.90,28.55,27.58,79462,223725119.00,3.48,0.04,0.01,13.06
2019-03-22,27.92,28.16,28.39,27.42,64735,179982359.00,3.48,0.93,0.26,10.64
2019-03-25,27.50,26.95,27.79,26.93,63847,174623892.00,3.05,-4.30,-1.21,10.50
2019-03-26,26.95,25.34,27.12,25.07,66142,172035528.00,7.61,-5.97,-1.61,10.87
2019-03-27,25.35,25.00,25.58,24.68,36964,92717250.00,3.55,-1.34,-0.34,6.08
2019-03-28,25.00,24.62,25.22,24.61,37390,92832949.00,2.44,-1.52,-0.38,3.80
2019-03-29,24.88,25.25,25.26,24.57,42770,106964995.00,2.80,2.56,0.63,4.35
2019-04-01,25.44,26.16,26.23,25.44,51299,133439440.00,3.13,3.60,0.91,5.22
2019-04-02,26.28,26.40,26.96,26.05,61971,164041914.00,3.48,0.92,0.24,6.30
2019-04-03,26.35,27.60,28.58,26.22,121505,333065712.00,8.94,4.55,1.20,12.35
2019-04-04,27.52,27.99,28.30,27.03,122717,339729328.00,4.60,1.41,0.39,12.48
2019-04-08,28.40,27.51,28.48,27.15,76633,211874134.00,4.75,-1.71,-0.48,7.79
2019-04-09,27.68,27.37,27.87,27.20,58647,161168816.00,2.44,-0.51,-0.14,5.96
2019-04-10,27.15,27.96,28.22,27.00,66324,182928109.00,4.46,2.16,0.59,6.74
2019-04-11,28.12,26.85,28.36,26.76,58639,160802834.00,5.72,-3.97,-1.11,5.96
2019-04-12,26.49,26.15,26.76,25.88,49452,129942035.00,3.28,-2.61,-0.70,5.03
2019-04-15,26.50,26.85,27.25,26.21,56696,151768629.00,3.98,2.68,0.70,5.76
2019-04-16,26.51,26.91,26.95,25.97,47943,127157509.00,3.65,0.22,0.06,4.87
2019-04-17,27.05,28.25,28.88,26.77,171518,481014288.00,7.84,4.98,1.34,17.44
2019-04-18,28.00,29.00,29.35,27.83,153316,441570544.00,5.38,2.65,0.75,15.59
2019-04-19,27.90,27.97,28.36,27.27,132811,368960368.00,3.76,-3.55,-1.03,13.50
2019-04-22,27.75,29.19,29.66,27.33,164621,471786896.00,8.33,4.36,1.22,16.74
2019-04-23,28.90,28.42,29.07,27.85,126428,361478352.00,4.18,-2.64,-0.77,12.85
2019-04-24,28.28,28.43,28.74,27.91,68618,194438712.00,2.92,0.04,0.01,6.98
2019-04-25,28.42,26.55,28.45,26.37,91690,251349893.00,7.32,-6.61,-1.88,9.32
2019-04-26,26.43,25.56,26.50,25.45,55600,144101462.00,3.95,-3.73,-0.99,5.65
2019-04-29,25.90,25.10,26.10,24.70,46960,119828823.00,5.48,-1.80,-0.46,4.77
2019-04-30,25.01,25.40,25.60,25.01,28433,72133661.00,2.35,1.20,0.30,2.89
2019-05-06,24.29,22.86,24.29,22.86,58284,135745985.00,5.63,-10.00,-2.54,5.93
2019-05-07,23.07,23.08,23.34,22.60,33747,77711178.00,3.24,0.96,0.22,3.43
2019-05-08,22.50,22.78,23.20,22.01,31020,70656673.00,5.16,-1.30,-0.30,3.15
2019-05-09,22.47,22.75,23.19,22.27,24927,57046959.00,4.04,-0.13,-0.03,2.53
2019-05-10,23.08,23.29,23.49,22.20,50987,117858111.00,5.67,2.37,0.54,5.18
2019-05-13,23.00,23.86,24.49,22.89,62514,148458623.00,6.87,2.45,0.57,6.36
2019-05-14,23.32,23.15,23.68,22.91,41509,96708165.00,3.23,-2.98,-0.71,4.22
2019-05-15,23.28,23.45,23.66,23.28,31879,74838103.00,1.64,1.30,0.30,3.24
2019-05-16,23.75,23.88,24.24,23.47,43003,102978202.00,3.28,1.83,0.43,4.37
2019-05-17,23.82,23.05,24.38,22.90,43161,102408538.00,6.20,-3.48,-0.83,4.39
2019-05-20,23.38,23.98,24.12,23.17,41990,100036510.00,4.12,4.03,0.93,4.27
2019-05-21,23.75,24.55,24.78,23.68,50496,122171996.00,4.59,2.38,0.57,5.13
2019-05-22,24.29,23.90,24.41,23.70,39319,94374057.00,2.89,-2.65,-0.65,4.00
2019-05-23,16.66,15.92,16.80,15.90,45317,73637278.00,3.77,-33.39,-7.98,3.29
2019-05-24,15.92,15.33,16.16,15.25,43214,67725706.00,5.72,-3.71,-0.59,3.14
2019-05-27,15.51,16.01,16.10,15.38,42951,67763884.00,4.70,4.44,0.68,3.12
2019-05-28,16.01,16.24,16.52,15.97,58013,94651640.00,3.44,1.44,0.23,4.21
2019-05-29,16.24,16.53,16.94,16.10,68301,114017182.00,5.17,1.79,0.29,4.96
2019-05-30,16.92,18.18,18.18,16.54,168161,297627952.00,9.92,9.98,1.65,12.21
2019-05-31,18.28,18.55,19.75,18.00,310168,588460800.00,9.63,2.04,0.37,22.52
2019-06-03,18.19,17.71,19.26,17.58,199356,368856064.00,9.06,-4.53,-0.84,14.48
2019-06-04,17.29,16.50,17.30,16.32,155626,260008614.00,5.53,-6.83,-1.21,11.30
2019-06-05,16.68,16.40,17.13,16.40,105029,176800763.00,4.42,-0.61,-0.10,7.63
2019-06-06,16.30,15.82,16.73,15.76,81247,131514853.00,5.91,-3.54,-0.58,5.90
2019-06-10,15.85,16.17,16.62,15.61,71634,115199792.00,6.38,2.21,0.35,5.20
2019-06-11,16.11,16.75,16.87,15.90,96889,159277381.00,6.00,3.59,0.58,7.04
2019-06-12,16.38,16.42,16.74,16.38,78825,130311711.00,2.15,-1.97,-0.33,5.72
2019-06-13,16.42,16.65,16.68,16.25,68816,113330050.00,2.62,1.40,0.23,5.00
2019-06-14,16.55,15.69,16.56,15.65,92322,147758160.00,5.47,-5.77,-0.96,6.70
2019-06-17,15.62,15.71,15.93,15.52,28623,45031604.00,2.61,0.13,0.02,2.08
2019-06-18,15.75,15.77,15.91,15.58,27257,42950833.00,2.10,0.38,0.06,1.98
2019-06-19,16.35,15.97,16.50,15.96,51381,83256005.00,3.42,1.27,0.20,3.73
2019-06-20,16.00,16.15,16.26,15.71,54996,87992720.00,3.44,1.13,0.18,3.99
2019-06-21,16.26,16.36,16.50,16.20,63959,104590047.00,1.86,1.30,0.21,4.64
2019-06-24,16.36,16.10,16.37,16.01,44828,72423958.00,2.20,-1.59,-0.26,3.26
2019-06-25,16.13,16.30,16.41,16.05,59607,96869025.00,2.24,1.24,0.20,4.33
2019-06-26,16.50,16.58,16.87,16.31,87556,145726446.00,3.44,1.72,0.28,6.36
2019-06-27,16.45,16.49,16.68,16.40,62726,103625234.00,1.69,-0.54,-0.09,4.55
2019-06-28,16.60,16.05,16.64,15.93,51149,82677358.00,4.31,-2.67,-0.44,3.71
2019-07-01,16.38,16.40,16.47,16.21,56595,92666677.00,1.62,2.18,0.35,4.11
2019-07-02,16.40,16.30,16.49,16.21,41248,67361126.00,1.71,-0.61,-0.10,3.00
2019-07-03,16.20,15.98,16.20,15.82,41672,66838466.00,2.33,-1.96,-0.32,3.03
2019-07-04,15.98,16.06,16.28,15.93,33867,54532579.00,2.19,0.50,0.08,2.46
2019-07-05,16.07,15.98,16.11,15.88,26325,42022422.00,1.43,-0.50,-0.08,1.91
2019-07-08,15.89,15.27,15.89,15.26,45255,69918545.00,3.94,-4.44,-0.71,3.29
2019-07-09,15.28,15.38,15.41,15.13,24816,37954424.00,1.83,0.72,0.11,1.80
2019-07-10,15.51,15.26,15.59,15.21,22601,34727271.00,2.47,-0.78,-0.12,1.64
2019-07-11,15.39,15.11,15.46,15.04,32306,49344114.00,2.75,-0.98,-0.15,2.35
2019-07-12,15.38,15.56,15.78,15.38,54159,84379255.00,2.65,2.98,0.45,3.93
2019-07-15,15.46,15.64,15.77,15.13,39957,61922750.00,4.11,0.51,0.08,2.90
2019-07-16,15.60,15.57,15.75,15.53,24885,38890010.00,1.41,-0.45,-0.07,1.81
2019-07-17,15.50,15.48,15.64,15.45,29815,46320563.00,1.22,-0.58,-0.09,2.16
2019-07-18,15.33,15.13,15.33,15.08,32367,49106646.00,1.61,-2.26,-0.35,2.35
2019-07-19,15.10,15.16,15.36,15.10,22388,34115862.00,1.72,0.20,0.03,1.63
2019-07-22,15.24,14.60,15.24,14.56,37870,55836303.00,4.49,-3.69,-0.56,2.75
2019-07-23,14.56,14.77,14.84,14.56,20048,29559548.00,1.92,1.16,0.17,1.46
2019-07-24,14.76,14.97,15.08,14.76,26039,39015088.00,2.17,1.35,0.20,1.89
2019-07-25,15.09,15.09,15.30,14.93,32008,48526095.00,2.47,0.80,0.12,2.32
2019-07-26,15.10,15.11,15.15,14.95,26632,40113377.00,1.33,0.13,0.02,1.93
2019-07-29,15.11,14.96,15.15,14.92,22396,33597241.00,1.52,-0.99,-0.15,1.63
2019-07-30,14.96,15.04,15.11,14.96,22688,34141475.00,1.00,0.53,0.08,1.65
2019-07-31,15.04,15.14,15.40,14.95,41825,63482393.00,2.99,0.66,0.10,3.04
2019-08-01,15.07,15.01,15.10,14.91,26792,40193682.00,1.25,-0.86,-0.13,1.95
2019-08-02,14.60,14.64,14.76,14.49,33634,49148776.00,1.80,-2.47,-0.37,2.44
2019-08-05,14.70,14.46,14.71,14.45,23269,33960619.00,1.78,-1.23,-0.18,1.69
2019-08-06,14.00,13.75,14.00,13.25,50946,69522238.00,5.19,-4.91,-0.71,3.70
2019-08-07,13.81,13.53,13.92,13.51,24045,32935116.00,2.98,-1.60,-0.22,1.75
2019-08-08,13.61,13.55,13.77,13.53,23888,32578902.00,1.77,0.15,0.02,1.73
2019-08-09,13.67,13.09,13.75,12.91,46790,62222983.00,6.20,-3.39,-0.46,3.40
2019-08-12,13.09,13.66,13.67,13.09,54942,73843424.00,4.43,4.35,0.57,3.99
2019-08-13,13.53,13.66,13.96,13.44,42784,58686463.00,3.81,0.00,0.00,3.11
2019-08-14,13.93,13.71,14.09,13.66,38899,53975232.00,3.15,0.37,0.05,2.82
2019-08-15,13.33,13.80,13.94,13.12,41132,56140247.00,5.98,0.66,0.09,2.99
2019-08-16,13.90,13.85,14.09,13.82,35787,49954154.00,1.96,0.36,0.05,2.60
2019-08-19,14.19,14.42,14.60,14.11,58658,84175923.00,3.54,4.12,0.57,4.26
2019-08-20,14.32,14.42,14.69,14.32,52021,75401432.00,2.57,0.00,0.00,3.78
2019-08-21,14.30,14.53,14.72,14.30,39431,57281942.00,2.91,0.76,0.11,2.86
2019-08-22,14.53,14.45,14.62,14.32,37619,54279454.00,2.06,-0.55,-0.08,2.73
2019-08-23,14.49,14.86,15.10,14.17,84804,124345020.00,6.44,2.84,0.41,6.16
2019-08-26,14.40,14.09,14.55,14.04,76495,109003462.00,3.43,-5.18,-0.77,5.55
2019-08-27,14.16,14.23,14.40,14.16,42303,60318027.00,1.70,0.99,0.14,3.07
2019-08-28,14.31,14.58,14.76,14.31,66814,97034875.00,3.16,2.46,0.35,4.85
2019-08-29,14.49,14.21,14.58,14.20,52595,75227720.00,2.61,-2.54,-0.37,3.82
2019-08-30,14.31,13.79,14.31,13.71,47833,67013773.00,4.22,-2.96,-0.42,3.47
2019-09-02,13.80,14.27,14.34,13.77,49923,70750363.00,4.13,3.48,0.48,3.63
2019-09-03,14.39,14.49,14.61,14.22,52477,75757317.00,2.73,1.54,0.22,3.81
2019-09-04,14.50,14.70,14.78,14.42,61162,89515555.00,2.48,1.45,0.21,4.44
2019-09-05,14.80,14.76,14.97,14.66,67585,100104993.00,2.11,0.41,0.06,4.91
2019-09-06,14.85,15.29,15.80,14.71,132106,203031370.00,7.38,3.59,0.53,9.59
2019-09-09,15.30,15.46,15.51,15.03,81573,124966198.00,3.14,1.11,0.17,5.92
2019-09-10,15.36,15.62,15.98,15.05,109948,169522985.00,6.02,1.03,0.16,7.98
2019-09-11,15.50,15.11,15.50,15.08,80505,122845437.00,2.69,-3.27,-0.51,5.85
2019-09-12,15.21,15.17,15.25,14.95,42450,64204502.00,1.99,0.40,0.06,3.08
2019-09-16,15.70,15.57,16.05,15.49,129112,203269052.00,3.69,2.64,0.40,9.38
2019-09-17,15.47,15.10,15.74,15.05,75036,114840024.00,4.43,-3.02,-0.47,5.45
2019-09-18,14.95,15.07,15.21,14.85,44090,66279270.00,2.38,-0.20,-0.03,3.20
2019-09-19,15.12,15.12,15.12,14.87,38185,57261529.00,1.66,0.33,0.05,2.77
2019-09-20,15.05,14.92,15.11,14.88,36695,54968445.00,1.52,-1.32,-0.20,2.66
2019-09-23,14.93,14.85,15.08,14.71,28197,41767258.00,2.48,-0.47,-0.07,2.05
2019-09-24,14.93,14.93,15.11,14.87,32126,48169890.00,1.62,0.54,0.08,2.33
2019-09-25,14.95,15.20,15.67,14.95,97550,149777961.00,4.82,1.81,0.27,7.08
2019-09-26,15.20,13.99,15.20,13.72,87159,125789660.00,9.74,-7.96,-1.21,6.33
2019-09-27,14.00,13.98,14.18,13.85,31952,44772836.00,2.36,-0.07,-0.01,2.32
2019-09-30,14.05,14.14,14.24,14.01,24687,34907054.00,1.65,1.14,0.16,1.79
2019-10-08,14.14,13.91,14.21,13.90,17939,25220530.00,2.19,-1.63,-0.23,1.30
2019-10-09,13.79,14.39,14.41,13.79,35202,50012162.00,4.46,3.45,0.48,2.56
2019-10-10,14.42,14.57,14.75,14.35,35416,51525946.00,2.78,1.25,0.18,2.57
2019-10-11,14.57,15.29,16.03,14.36,157792,244486781.00,11.46,4.94,0.72,11.46
2019-10-14,15.50,15.60,15.96,15.20,144406,223979580.00,4.97,2.03,0.31,10.49
2019-10-15,15.40,17.16,17.16,15.31,316160,523430560.00,11.86,10.00,1.56,22.96
2019-10-16,16.89,16.00,16.98,16.00,258515,426528800.00,5.71,-6.76,-1.16,18.77
2019-10-17,15.82,16.49,16.88,15.65,210681,341803680.00,7.69,3.06,0.49,15.30
2019-10-18,16.00,15.88,16.39,15.83,113621,182687576.00,3.40,-3.70,-0.61,8.25
2019-10-21,15.68,16.31,16.64,15.68,129323,210128368.00,6.05,2.71,0.43,9.39
2019-10-22,16.38,16.78,17.10,16.01,191995,319313872.00,6.68,2.88,0.47,13.94
2019-10-23,16.70,16.33,16.71,16.12,132653,217485018.00,3.52,-2.68,-0.45,9.63
2019-10-24,16.13,15.84,16.25,15.72,110920,176870524.00,3.25,-3.00,-0.49,8.05
2019-10-25,15.90,16.40,16.42,15.46,128804,205697708.00,6.06,3.54,0.56,9.35
2019-10-28,16.16,16.70,16.94,16.06,145135,240920448.00,5.37,1.83,0.30,10.54
2019-10-29,16.76,16.09,16.76,16.09,102436,167025660.00,4.01,-3.65,-0.61,7.44
2019-10-30,16.15,16.89,17.00,15.76,200738,334824176.00,7.71,4.97,0.80,14.58
2019-10-31,17.20,17.37,18.09,17.00,309126,542109024.00,6.45,2.84,0.48,22.45
2019-11-01,17.11,17.66,17.70,16.88,213291,370224896.00,4.72,1.67,0.29,15.49
2019-11-04,17.50,17.63,17.86,17.19,154623,271407888.00,3.79,-0.17,-0.03,11.23
2019-11-05,17.58,17.09,17.68,17.04,133760,230909300.00,3.63,-3.06,-0.54,9.71
2019-11-06,16.92,16.30,17.25,16.26,130584,217555441.00,5.79,-4.62,-0.79,9.48
2019-11-07,16.30,16.26,16.48,15.95,81672,132994769.00,3.25,-0.25,-0.04,5.93
2019-11-08,16.38,16.54,16.74,16.11,104390,171369373.00,3.87,1.72,0.28,7.58
2019-11-11,16.24,15.57,16.38,15.45,92660,147798208.00,5.62,-5.86,-0.97,6.73
2019-11-12,15.54,15.70,15.93,15.50,56164,88220328.00,2.76,0.83,0.13,4.08
2019-11-13,15.68,14.94,15.69,14.68,105512,159480779.00,6.43,-4.84,-0.76,7.66
2019-11-14,15.00,15.00,15.15,14.75,56704,84885483.00,2.68,0.40,0.06,4.12
2019-11-15,14.97,14.52,15.02,14.52,65897,96896611.00,3.33,-3.20,-0.48,4.79
2019-11-18,14.54,14.70,14.86,14.37,43490,63705852.00,3.37,1.24,0.18,3.16
2019-11-19,14.80,14.94,14.96,14.68,48177,71657105.00,1.90,1.63,0.24,3.50
2019-11-20,14.92,14.56,15.04,14.54,48369,71368878.00,3.35,-2.54,-0.38,3.51
2019-11-21,14.48,14.94,15.08,14.48,67055,99784810.00,4.12,2.61,0.38,4.87
2019-11-22,14.94,14.65,15.09,14.61,53788,79773030.00,3.21,-1.94,-0.29,3.91
2019-11-25,14.69,14.58,14.78,14.19,39483,57485347.00,4.03,-0.48,-0.07,2.87
2019-11-26,14.69,14.40,14.73,14.31,29885,43324659.00,2.88,-1.23,-0.18,2.17
2019-11-27,14.20,14.19,14.48,14.00,40776,58193592.00,3.33,-1.46,-0.21,2.96
2019-11-28,14.25,14.55,14.84,14.01,61117,88544596.00,5.85,2.54,0.36,4.44
2019-11-29,14.41,14.26,14.50,14.12,41651,59313537.00,2.61,-1.99,-0.29,3.02
2019-12-02,14.28,14.21,14.37,14.12,27806,39566640.00,1.75,-0.35,-0.05,2.02
2019-12-03,14.22,14.21,14.23,14.00,25980,36680689.00,1.62,0.00,0.00,1.89
2019-12-04,14.11,14.30,14.33,14.09,24843,35433536.00,1.69,0.63,0.09,1.80
2019-12-05,14.32,14.47,14.49,14.32,36244,52219486.00,1.19,1.19,0.17,2.63
2019-12-06,14.70,14.80,15.18,14.70,82088,122699913.00,3.32,2.28,0.33,5.96
2019-12-09,14.79,14.62,14.80,14.56,46621,68372141.00,1.62,-1.22,-0.18,3.39
2019-12-10,14.63,14.52,14.63,14.30,41712,60282700.00,2.26,-0.68,-0.10,3.03
2019-12-11,14.57,14.68,14.75,14.45,42177,61506588.00,2.07,1.10,0.16,3.06
2019-12-12,14.73,14.40,14.78,14.40,42037,61434219.00,2.59,-1.91,-0.28,3.05
2019-12-13,14.42,14.55,14.67,14.39,41623,60438486.00,1.94,1.04,0.15,3.02
2019-12-16,14.67,14.95,15.00,14.57,69063,102514095.00,2.96,2.75,0.40,5.02
2019-12-17,14.80,15.10,15.16,14.80,85995,129089978.00,2.41,1.00,0.15,6.24
2019-12-18,15.09,15.00,15.26,14.92,72011,108613831.00,2.25,-0.66,-0.10,5.23
2019-12-19,15.01,15.29,15.39,14.82,96669,146603969.00,3.80,1.93,0.29,7.02
2019-12-20,15.25,14.88,15.25,14.88,62683,94411825.00,2.42,-2.68,-0.41,4.55
2019-12-23,14.88,15.64,15.95,14.70,144998,222669639.00,8.40,5.11,0.76,10.53
2019-12-24,15.40,15.72,15.83,15.40,108832,170405059.00,2.75,0.51,0.08,7.90
2019-12-25,15.73,15.63,15.79,15.45,69001,107625212.00,2.16,-0.57,-0.09,5.01
2019-12-26,15.56,15.52,15.66,15.33,66943,103410100.00,2.11,-0.70,-0.11,4.86
2019-12-27,15.53,15.20,15.61,15.20,62762,96818355.00,2.64,-2.06,-0.32,4.56
2019-12-30,15.11,14.97,15.11,14.70,65405,97383553.00,2.70,-1.51,-0.23,4.75
2019-12-31,14.97,15.02,15.16,14.91,40383,60688640.00,1.67,0.33,0.05,2.93
2020-01-02,15.15,15.24,15.31,15.05,54227,82414464.00,1.73,1.46,0.22,3.94
2020-01-03,15.23,15.59,15.65,15.19,83089,128501676.00,3.02,2.30,0.35,6.03
2020-01-06,15.25,15.66,15.99,15.15,107911,168182366.00,5.39,0.45,0.07,7.84
2020-01-07,15.51,15.63,15.69,15.37,81327,126309550.00,2.04,-0.19,-0.03,5.91
2020-01-08,15.55,15.23,15.83,15.23,80981,125652182.00,3.84,-2.56,-0.40,5.88
2020-01-09,15.28,15.45,15.63,15.20,56264,87042780.00,2.82,1.44,0.22,4.09
2020-01-10,15.59,15.35,15.72,15.26,52767,81528547.00,2.98,-0.65,-0.10,3.83
2020-01-13,15.28,15.31,15.38,15.05,49291,74960528.00,2.15,-0.26,-0.04,3.58
2020-01-14,15.41,15.74,15.85,15.34,108300,169595073.00,3.33,2.81,0.43,7.86
2020-01-15,15.76,15.59,15.78,15.45,57360,89296881.00,2.10,-0.95,-0.15,4.17
2020-01-16,15.70,15.23,15.72,15.22,66009,101274559.00,3.21,-2.31,-0.36,4.79
2020-01-17,15.23,15.23,15.47,15.22,37973,58176876.00,1.64,0.00,0.00,2.76
2020-01-20,15.24,15.32,15.35,15.01,37236,56441692.00,2.23,0.59,0.09,2.70
2020-01-21,15.32,14.88,15.32,14.88,45243,68012897.00,2.87,-2.87,-0.44,3.29
2020-01-22,15.00,15.03,15.14,14.89,32038,48271448.00,1.68,1.01,0.15,2.33
2020-01-23,14.89,14.25,15.00,14.20,55055,79940677.00,5.32,-5.19,-0.78,4.00
2020-02-03,12.83,12.83,12.83,12.83,6662,8547346.00,0.00,-9.96,-1.42,0.48
2020-02-04,11.55,12.13,12.40,11.55,67778,81901683.00,6.63,-5.46,-0.70,4.92
2020-02-05,12.22,12.40,12.67,12.22,51870,64560964.00,3.71,2.23,0.27,3.77
2020-02-06,12.51,12.78,12.85,12.36,61132,77623330.00,3.95,3.06,0.38,4.44
2020-02-07,12.75,12.71,12.80,12.56,50683,64252238.00,1.88,-0.55,-0.07,3.68
2020-02-10,12.70,12.84,12.86,12.57,39703,50667859.00,2.28,1.02,0.13,2.88
2020-02-11,12.84,12.83,12.91,12.75,33258,42624074.00,1.25,-0.08,-0.01,2.42
2020-02-12,12.86,12.96,13.00,12.70,43406,55760356.00,2.34,1.01,0.13,3.15
2020-02-13,13.00,13.04,13.50,13.00,59784,78974593.00,3.86,0.62,0.08,4.34
2020-02-14,12.95,12.88,13.15,12.83,38860,50222151.00,2.45,-1.23,-0.16,2.82
2020-02-17,12.99,13.46,13.48,12.91,57420,76564356.00,4.43,4.50,0.58,4.17
2020-02-18,13.45,13.58,13.58,13.29,55170,74161824.00,2.15,0.89,0.12,4.01
2020-02-19,14.04,13.73,14.17,13.70,74020,102911631.00,3.46,1.10,0.15,5.37
2020-02-20,13.73,13.83,13.96,13.50,49804,68557658.00,3.35,0.73,0.10,3.62
2020-02-21,13.90,13.89,13.98,13.80,48878,67930294.00,1.30,0.43,0.06,3.55
2020-02-24,13.87,14.07,14.07,13.62,61539,85123153.00,3.24,1.30,0.18,4.47
2020-02-25,13.90,13.84,13.90,13.41,61347,84306921.00,3.48,-1.63,-0.23,4.45
2020-02-26,13.66,13.65,14.10,13.57,53884,74615918.00,3.83,-1.37,-0.19,3.91
2020-02-27,13.69,13.63,13.87,13.52,31838,43558304.00,2.56,-0.15,-0.02,2.31
2020-02-28,13.26,12.71,13.48,12.69,56878,74437047.00,5.80,-6.75,-0.92,4.13
2020-03-02,12.83,13.33,13.37,12.83,38863,51316751.00,4.25,4.88,0.62,2.82
2020-03-03,13.52,13.41,13.85,13.36,46194,62663704.00,3.68,0.60,0.08,3.35
2020-03-04,13.41,13.79,13.89,13.33,52017,70888418.00,4.18,2.83,0.38,3.78
2020-03-05,13.89,13.96,14.03,13.68,56839,78877873.00,2.54,1.23,0.17,4.13
2020-03-06,13.80,13.94,14.20,13.72,58275,81536282.00,3.44,-0.14,-0.02,4.23
2020-03-09,14.16,14.20,14.98,13.95,121764,175956825.00,7.39,1.87,0.26,8.84
2020-03-10,14.30,14.70,14.81,14.05,135855,196640036.00,5.35,3.52,0.50,9.87
2020-03-11,15.31,16.17,16.17,15.01,319028,502560688.00,7.89,10.00,1.47,23.17
2020-03-12,16.50,17.79,17.79,16.18,521881,893178432.00,9.96,10.02,1.62,37.90
2020-03-13,17.50,16.20,19.50,16.11,595629,1088769312.00,19.06,-8.94,-1.59,43.25
2020-03-16,15.96,15.11,16.90,14.65,430009,676483344.00,13.89,-6.73,-1.09,31.23
2020-03-17,15.15,14.24,15.30,13.90,272877,393287680.00,9.27,-5.76,-0.87,19.81
2020-03-18,14.50,14.45,14.98,14.05,257047,372596576.00,6.53,1.47,0.21,18.67
2020-03-19,14.51,15.12,15.20,14.27,240759,354554912.00,6.44,4.64,0.67,17.48
2020-03-20,14.83,14.59,15.45,14.45,217666,324599760.00,6.61,-3.51,-0.53,15.81
2020-03-23,14.01,13.13,14.10,13.13,199229,268818192.00,6.65,-10.01,-1.46,14.47
2020-03-24,13.40,13.23,13.47,12.60,133004,174110101.00,6.63,0.76,0.10,9.66
2020-03-25,13.40,13.46,13.74,13.21,118672,159504969.00,4.01,1.74,0.23,8.62
2020-03-26,13.23,13.64,14.16,13.13,137708,189623535.00,7.65,1.34,0.18,10.00
2020-03-27,13.76,13.70,13.99,13.54,109537,150757948.00,3.30,0.44,0.06,7.95
2020-03-30,13.70,14.01,14.17,12.33,125087,173793853.00,13.43,2.26,0.31,9.08
2020-03-31,14.18,14.90,15.13,14.08,172971,253064642.00,7.49,6.35,0.89,12.56
2020-04-01,14.72,14.16,14.73,14.13,131882,189960413.00,4.03,-4.97,-0.74,9.58
2020-04-02,13.90,14.67,14.79,13.71,157042,224075064.00,7.63,3.60,0.51,11.40
2020-04-03,14.93,14.66,15.35,14.65,185932,278175344.00,4.77,-0.07,-0.01,13.50
2020-04-07,14.88,15.27,15.36,14.75,192658,291287536.00,4.16,4.16,0.61,13.99
2020-04-08,15.03,15.12,15.45,14.90,134463,204029426.00,3.60,-0.98,-0.15,9.76
2020-04-09,15.01,14.74,15.09,14.68,119232,176966343.00,2.71,-2.51,-0.38,8.66
2020-04-10,14.81,14.90,15.27,14.67,128565,192309590.00,4.07,1.09,0.16,9.34
2020-04-13,14.70,14.25,14.72,14.25,84741,122138633.00,3.15,-4.36,-0.65,6.15
2020-04-14,14.33,14.50,14.57,14.18,58164,83813519.00,2.74,1.75,0.25,4.22
2020-04-15,14.50,14.89,15.10,14.45,101532,150815689.00,4.48,2.69,0.39,7.36
2020-04-16,14.89,15.05,15.29,14.70,114902,172961001.00,3.96,1.07,0.16,8.33
2020-04-17,14.92,14.98,15.19,14.80,92355,138285660.00,2.59,-0.47,-0.07,6.69
2020-04-20,15.18,15.79,16.17,15.14,188838,296499136.00,6.88,5.41,0.81,13.68
2020-04-21,17.37,17.37,17.37,16.60,345649,594849840.00,4.88,10.01,1.58,25.05
2020-04-22,18.11,17.18,18.66,17.12,423234,758814064.00,8.87,-1.09,-0.19,30.67
2020-04-23,17.01,18.90,18.90,17.01,468027,857110032.00,11.00,10.01,1.72,33.92
2020-04-24,18.20,17.01,18.37,17.01,311044,540619232.00,7.20,-10.00,-1.89,22.56
2020-04-27,16.51,16.37,16.88,16.10,176126,288617312.00,4.59,-3.76,-0.64,12.77
2020-04-28,16.30,15.57,16.31,15.00,167497,261680568.00,8.00,-4.89,-0.80,12.15
2020-04-29,15.31,15.21,15.82,15.18,105714,163378439.00,4.11,-2.31,-0.36,7.67
2020-04-30,11.36,11.52,11.69,11.36,114278,131990255.00,2.17,-24.26,-3.69,6.37
2020-05-06,11.50,11.61,11.65,11.35,103484,119479907.00,2.60,0.78,0.09,5.77
2020-05-07,11.74,11.81,11.97,11.61,126394,148934785.00,3.10,1.72,0.20,7.05
2020-05-08,11.80,11.69,11.85,11.63,93402,109472697.00,1.86,-1.02,-0.12,5.21
2020-05-11,11.69,11.93,11.93,11.46,99830,116848252.00,4.02,2.05,0.24,5.57
2020-05-12,11.85,12.40,12.47,11.80,168355,205974564.00,5.62,3.94,0.47,9.39
2020-05-13,12.37,12.20,12.40,12.13,107398,131642878.00,2.18,-1.61,-0.20,5.99
2020-05-14,12.18,11.75,12.18,11.74,103107,122534376.00,3.61,-3.69,-0.45,5.75
2020-05-15,12.11,12.07,12.66,12.05,177660,218956903.00,5.19,2.72,0.32,9.91
2020-05-18,12.00,12.09,12.28,11.81,111040,134377438.00,3.89,0.17,0.02,6.19
2020-05-19,12.12,12.09,12.25,11.96,85753,103533265.00,2.40,0.00,0.00,4.78
2020-05-20,12.02,11.52,12.02,11.45,134821,157246166.00,4.71,-4.71,-0.57,7.52
2020-05-21,11.53,11.09,11.60,11.04,103714,117006339.00,4.86,-3.73,-0.43,5.79
2020-05-22,11.14,11.07,11.43,10.98,69371,77682822.00,4.06,-0.18,-0.02,3.87
2020-05-25,10.99,11.09,11.09,10.75,50549,55315191.00,3.07,0.18,0.02,2.82
2020-05-26,11.15,11.23,11.28,11.12,49504,55468410.00,1.44,1.26,0.14,2.76
2020-05-27,11.24,11.04,11.30,10.97,52077,58021138.00,2.94,-1.69,-0.19,2.91
2020-05-28,11.04,10.77,11.12,10.54,81795,88251228.00,5.25,-2.45,-0.27,4.56
2020-05-29,10.69,11.12,11.20,10.61,69088,75732542.00,5.48,3.25,0.35,3.85
2020-06-01,11.20,11.56,11.56,11.14,97350,111256459.00,3.78,3.96,0.44,5.43
2020-06-02,11.70,12.72,12.72,11.67,312948,392813056.00,9.08,10.03,1.16,17.46
2020-06-03,12.83,12.92,13.28,12.51,345640,446861152.00,6.05,1.57,0.20,19.28
2020-06-04,12.86,12.89,13.10,12.72,160723,207159190.00,2.94,-0.23,-0.03,8.97
2020-06-05,13.00,13.09,13.47,12.97,163636,215638511.00,3.88,1.55,0.20,9.13
2020-06-08,13.07,12.74,13.24,12.66,147990,191096612.00,4.43,-2.67,-0.35,8.26
2020-06-09,13.10,12.35,13.15,12.15,141676,176026171.00,7.85,-3.06,-0.39,7.90
2020-06-10,12.36,12.08,12.45,12.05,95165,115789721.00,3.24,-2.19,-0.27,5.31
2020-06-11,12.11,11.92,12.18,11.88,92290,110847773.00,2.48,-1.32,-0.16,5.15
2020-06-12,11.68,11.85,11.95,11.58,76561,90289595.00,3.10,-0.59,-0.07,4.27
2020-06-15,11.84,11.98,12.24,11.80,79723,95914114.00,3.71,1.10,0.13,4.45
2020-06-16,12.02,12.04,12.24,11.86,87699,105638172.00,3.17,0.50,0.06,4.89
2020-06-17,12.10,11.86,12.17,11.75,80003,94929519.00,3.49,-1.50,-0.18,4.46
2020-06-18,11.89,12.27,12.68,11.79,144513,177946525.00,7.50,3.46,0.41,8.06
2020-06-19,12.20,12.26,12.40,12.10,103527,126447126.00,2.44,-0.08,-0.01,5.78
2020-06-22,12.21,12.78,12.95,12.12,157914,196236372.00,6.77,4.24,0.52,8.81
2020-06-23,12.65,13.40,13.95,12.60,244008,322185184.00,10.56,4.85,0.62,13.61
2020-06-24,13.47,13.74,14.47,13.23,289968,402379424.00,9.25,2.54,0.34,16.18
2020-06-29,13.95,13.80,14.10,13.56,186178,258257850.00,3.93,0.44,0.06,10.39
2020-06-30,14.04,14.07,14.45,13.58,189432,265757435.00,6.30,1.96,0.27,10.57
2020-07-01,14.00,13.84,14.28,13.59,151712,210738747.00,4.90,-1.63,-0.23,8.46
2020-07-02,13.76,14.15,14.49,13.60,168227,237411197.00,6.43,2.24,0.31,9.38
2020-07-03,14.23,15.57,15.57,14.23,252534,386365648.00,9.47,10.04,1.42,14.09
2020-07-06,16.00,17.13,17.13,15.88,76922,128361792.00,8.03,10.02,1.56,4.29
2020-07-07,18.84,17.35,18.84,16.36,505888,871373536.00,14.48,1.28,0.22,28.22
2020-07-08,18.09,18.86,18.98,17.63,364592,670932448.00,7.78,8.70,1.51,20.34
2020-07-09,18.11,18.82,19.97,18.00,268693,508145600.00,10.45,-0.21,-0.04,14.99
2020-07-10,18.69,20.08,20.70,18.40,294977,586983888.00,12.22,6.70,1.26,16.45
2020-07-13,20.90,21.38,21.85,19.59,281521,582669744.00,11.25,6.47,1.30,15.70
2020-07-14,21.00,19.94,21.10,19.33,214750,434445568.00,8.28,-6.74,-1.44,11.98
2020-07-15,20.55,19.80,20.83,19.00,178519,358050144.00,9.18,-0.70,-0.14,9.96
2020-07-16,19.99,19.05,20.26,18.89,133429,262947834.00,6.92,-3.79,-0.75,7.44
2020-07-17,18.76,18.90,19.68,18.28,127223,241852053.00,7.35,-0.79,-0.15,7.10
2020-07-20,19.50,20.79,20.79,19.25,195557,392094064.00,8.15,10.00,1.89,10.91
2020-07-21,21.00,21.55,22.28,21.00,193829,420540448.00,6.16,3.66,0.76,10.81
2020-07-22,21.56,21.34,22.18,21.10,134653,290266480.00,5.01,-0.97,-0.21,7.51
2020-07-23,20.98,20.37,21.32,20.28,168210,348830256.00,4.87,-4.55,-0.97,9.38
2020-07-24,20.54,18.88,20.66,18.60,206319,399932928.00,10.11,-7.31,-1.49,11.51
2020-07-27,19.04,19.39,19.82,19.04,109887,213365774.00,4.13,2.70,0.51,6.13
2020-07-28,19.70,19.44,19.96,19.15,78014,151919957.00,4.18,0.26,0.05,4.35
2020-07-29,19.44,20.20,20.28,19.11,110039,217401249.00,6.02,3.91,0.76,6.14
2020-07-30,20.50,20.95,21.95,20.28,132183,280442880.00,8.27,3.71,0.75,7.37
2020-07-31,20.76,21.50,21.72,20.60,113063,239447985.00,5.35,2.63,0.55,6.31
2020-08-03,21.40,23.65,23.65,21.28,160956,369918640.00,11.02,10.00,2.15,8.98
2020-08-04,23.69,23.57,24.50,23.23,136787,324216784.00,5.37,-0.34,-0.08,7.63
2020-08-05,23.26,23.99,24.44,22.54,120556,284021568.00,8.06,1.78,0.42,6.73
2020-08-06,24.50,23.04,24.60,23.04,95225,223221371.00,6.50,-3.96,-0.95,5.31
2020-08-07,23.01,23.20,24.19,22.09,113511,259625531.00,9.11,0.69,0.16,6.33
2020-08-10,22.99,23.22,23.48,22.57,86739,199926535.00,3.92,0.09,0.02,4.84
2020-08-11,23.50,22.90,24.32,22.85,100691,236866488.00,6.33,-1.38,-0.32,5.62
2020-08-12,22.69,21.85,23.50,21.60,131097,289770992.00,8.30,-4.59,-1.05,7.31
2020-08-13,22.06,21.15,22.29,21.00,84399,181057116.00,5.90,-3.20,-0.70,4.71
2020-08-14,21.30,21.23,21.43,20.40,78306,163885407.00,4.87,0.38,0.08,4.37
2020-08-17,21.41,21.65,22.08,21.40,81881,177581044.00,3.20,1.98,0.42,4.57
2020-08-18,21.67,22.17,22.36,21.45,80885,177253315.00,4.20,2.40,0.52,4.51
2020-08-19,22.20,21.09,22.31,20.99,87548,188525582.00,5.95,-4.87,-1.08,4.88
2020-08-20,21.00,20.61,21.40,20.45,73458,152607843.00,4.50,-2.28,-0.48,4.10
2020-08-21,20.56,20.66,20.85,20.43,38542,79427688.00,2.04,0.24,0.05,2.15
2020-08-24,20.70,20.22,21.12,20.16,55467,113107999.00,4.65,-2.13,-0.44,3.09
2020-08-25,20.38,20.35,21.25,20.15,82338,169588997.00,5.44,0.64,0.13,4.59
2020-08-26,20.38,20.20,20.71,19.82,55171,111348699.00,4.37,-0.74,-0.15,3.08
2020-08-27,19.73,20.91,21.16,19.73,107894,223599607.00,7.08,3.51,0.71,6.02
2020-08-28,21.40,22.04,22.17,20.72,106014,229967390.00,6.93,5.40,1.13,5.91
2020-08-31,22.04,22.06,22.53,21.92,64021,141943719.00,2.77,0.09,0.02,3.57
2020-09-01,21.75,21.56,22.22,21.34,72491,156671642.00,3.99,-2.27,-0.50,4.04
2020-09-02,21.66,21.31,22.12,21.16,74389,159932848.00,4.45,-1.16,-0.25,4.15
2020-09-03,21.14,20.19,21.35,20.00,101127,207563432.00,6.34,-5.26,-1.12,5.64
2020-09-04,19.90,20.30,20.34,19.66,72639,145509469.00,3.37,0.54,0.11,4.05
2020-09-07,20.14,19.59,20.57,19.50,58199,116220486.00,5.27,-3.50,-0.71,3.25
2020-09-08,19.54,19.44,19.85,19.30,45489,88755490.00,2.81,-0.77,-0.15,2.54
2020-09-09,19.23,18.37,19.48,18.20,88668,165695132.00,6.58,-5.50,-1.07,4.95
2020-09-10,18.75,17.96,18.93,17.65,76927,140853682.00,6.97,-2.23,-0.41,4.29
2020-09-11,18.28,18.56,18.68,17.60,53009,97088417.00,6.01,3.34,0.60,2.96
2020-09-14,18.57,18.38,18.80,18.05,66512,121636199.00,4.04,-0.97,-0.18,3.71
2020-09-15,18.38,18.41,18.94,18.00,54792,100997688.00,5.11,0.16,0.03,3.06
2020-09-16,19.00,17.84,19.08,17.69,76047,136488181.00,7.55,-3.10,-0.57,4.24
2020-09-17,17.89,18.06,18.23,17.45,56645,101155626.00,4.37,1.23,0.22,3.15
2020-09-18,18.25,18.74,19.45,18.25,82299,154895627.00,6.64,3.77,0.68,4.58
2020-09-21,18.81,19.15,19.65,18.70,62427,120172781.00,5.07,2.19,0.41,3.48
2020-09-22,18.80,18.60,19.30,18.60,40375,76665612.00,3.66,-2.87,-0.55,2.25
2020-09-23,18.94,18.88,19.06,18.50,45111,84817147.00,3.01,1.51,0.28,2.51
2020-09-24,18.50,18.67,19.26,18.50,48030,90788619.00,4.03,-1.11,-0.21,2.68
2020-09-25,18.78,18.58,19.15,18.40,37588,70448570.00,4.02,-0.48,-0.09,2.09
2020-09-28,18.64,18.28,19.11,18.16,41724,77554981.00,5.11,-1.61,-0.30,2.32
2020-09-29,18.31,19.39,19.58,18.31,69488,133229993.00,6.95,6.07,1.11,3.87
2020-09-30,19.46,19.24,19.74,19.10,54707,106127735.00,3.30,-0.77,-0.15,3.05
2020-10-09,19.52,19.74,19.85,19.02,57591,112006387.00,4.31,2.60,0.50,3.21
2020-10-12,19.60,21.41,21.65,19.60,110195,231629120.00,10.39,8.46,1.67,6.14
2020-10-13,21.40,21.58,21.72,20.90,77720,165225529.00,3.83,0.79,0.17,4.33
2020-10-14,21.50,21.54,21.64,20.96,46099,98213533.00,3.15,-0.19,-0.04,2.57
2020-10-15,21.53,22.08,22.45,21.20,80269,175772191.00,5.80,2.51,0.54,4.47
2020-10-16,21.88,21.20,22.11,21.11,66729,143154577.00,4.53,-3.99,-0.88,3.72
2020-10-19,21.38,20.69,21.65,20.68,50107,105395105.00,4.58,-2.41,-0.51,2.79
2020-10-20,20.89,20.75,20.93,20.50,35294,73061097.00,2.08,0.29,0.06,1.97
2020-10-21,20.81,20.45,20.94,20.15,40923,83599666.00,3.81,-1.45,-0.30,2.28
2020-10-22,20.50,20.08,20.53,20.07,30614,61864210.00,2.25,-1.81,-0.37,1.71
2020-10-23,20.19,20.35,21.00,20.03,52912,109004617.00,4.83,1.34,0.27,2.95
2020-10-26,20.30,19.81,20.43,19.70,55620,111508811.00,3.59,-2.65,-0.54,3.10
2020-10-27,19.89,20.31,20.95,19.56,54061,109727278.00,7.02,2.52,0.50,3.01
2020-10-28,20.89,20.85,21.05,19.90,80101,165182401.00,5.66,2.66,0.54,4.46
2020-10-29,20.50,20.95,20.95,20.12,62099,127914459.00,3.98,0.48,0.10,3.46
2020-10-30,21.02,21.50,21.88,20.65,95659,203763546.00,5.87,2.63,0.55,5.33
2020-11-02,21.90,21.30,21.91,20.50,88533,185724083.00,6.56,-0.93,-0.20,4.93
2020-11-03,21.09,20.72,21.15,20.58,50681,105572353.00,2.68,-2.72,-0.58,2.82
2020-11-04,20.85,20.29,20.99,20.10,44175,90181674.00,4.30,-2.08,-0.43,2.46
2020-11-05,20.55,20.88,21.17,20.38,54891,114065151.00,3.89,2.91,0.59,3.06
2020-11-06,20.95,20.28,21.12,20.21,32610,66597004.00,4.36,-2.87,-0.60,1.82
2020-11-09,20.33,21.79,21.95,20.13,95511,204567868.00,8.97,7.45,1.51,5.32
2020-11-10,21.90,21.79,22.06,21.40,64969,141503320.00,3.03,0.00,0.00,3.62
2020-11-11,21.76,19.88,21.88,19.75,139850,288202816.00,9.78,-8.77,-1.91,7.79
2020-11-12,19.80,19.83,19.94,18.88,100867,196634936.00,5.33,-0.25,-0.05,5.62
2020-11-13,19.84,19.91,20.10,19.66,48663,96888786.00,2.22,0.40,0.08,2.71
2020-11-16,20.01,19.95,20.39,19.38,56043,110926332.00,5.07,0.20,0.04,3.12
2020-11-17,19.86,19.80,19.95,19.43,30678,60340940.00,2.61,-0.75,-0.15,1.71
2020-11-18,19.81,21.02,21.36,19.81,87479,181320528.00,7.83,6.16,1.22,4.87
2020-11-19,21.34,22.90,23.00,20.68,166650,372196080.00,11.04,8.94,1.88,9.28
2020-11-20,22.90,22.05,23.07,21.22,144756,319086032.00,8.08,-3.71,-0.85,8.06
2020-11-23,21.65,21.78,22.05,21.45,64299,139725121.00,2.72,-1.22,-0.27,3.58
2020-11-24,21.55,21.36,22.08,21.22,55973,120358524.00,3.95,-1.93,-0.42,3.12
2020-11-25,21.64,20.84,21.96,20.84,54995,116382845.00,5.24,-2.43,-0.52,3.06
2020-11-26,20.80,21.20,21.27,20.25,47883,99495955.00,4.89,1.73,0.36,2.67
2020-11-27,21.25,21.04,21.35,20.61,29221,61042400.00,3.49,-0.75,-0.16,1.63
2020-11-30,21.04,21.01,21.49,20.59,39539,82843633.00,4.28,-0.14,-0.03,2.20
2020-12-01,20.93,22.08,22.33,20.66,64033,139562055.00,7.95,5.09,1.07,3.57
2020-12-02,22.10,21.70,22.28,21.46,43865,95207971.00,3.71,-1.72,-0.38,2.44
2020-12-03,21.59,21.94,22.41,21.40,50430,111106086.00,4.65,1.11,0.24,2.81
2020-12-04,21.98,22.35,22.90,21.75,55548,124605934.00,5.24,1.87,0.41,3.09
2020-12-07,22.50,22.68,23.04,21.72,63743,142783025.00,5.91,1.48,0.33,3.55
2020-12-08,22.81,22.71,23.00,22.40,47278,107287645.00,2.65,0.13,0.03,2.63
2020-12-09,22.77,21.74,22.95,21.55,60945,133978567.00,6.16,-4.27,-0.97,3.39
2020-12-10,21.58,21.56,21.90,21.40,30696,66425845.00,2.30,-0.83,-0.18,1.71
2020-12-11,21.60,20.87,21.88,20.60,37606,79228240.00,5.94,-3.20,-0.69,2.09
2020-12-14,20.90,20.94,21.40,20.77,26338,55445966.00,3.02,0.34,0.07,1.47
2020-12-15,20.84,20.93,21.12,20.50,32160,66746209.00,2.96,-0.05,-0.01,1.79
2020-12-16,20.94,21.09,21.44,20.72,25686,53951187.00,3.44,0.76,0.16,1.43
2020-12-17,20.87,20.64,21.09,20.42,34744,72050798.00,3.18,-2.13,-0.45,1.94
2020-12-18,20.79,20.27,21.09,19.90,56611,115096473.00,5.77,-1.79,-0.37,3.15
2020-12-21,20.00,19.93,20.91,19.90,68283,138111289.00,4.98,-1.68,-0.34,3.80
2020-12-22,19.93,20.11,20.55,19.52,54258,108915633.00,5.17,0.90,0.18,3.02
2020-12-23,19.90,20.25,20.42,19.90,34141,68753051.00,2.59,0.70,0.14,1.90
2020-12-24,20.25,20.20,20.45,19.97,27169,54788538.00,2.37,-0.25,-0.05,1.51
2020-12-25,20.29,20.50,20.56,19.91,34210,69454609.00,3.22,1.49,0.30,1.91
2020-12-28,20.53,19.56,20.63,19.11,70808,140178084.00,7.41,-4.59,-0.94,3.94
2020-12-29,19.39,19.69,19.99,19.05,40562,79367503.00,4.81,0.66,0.13,2.26
2020-12-30,20.09,19.44,20.10,19.35,28540,55965381.00,3.81,-1.27,-0.25,1.59
2020-12-31,19.50,19.51,19.75,19.23,31198,60728103.00,2.67,0.36,0.07,1.74
2021-01-04,19.52,19.28,19.75,18.50,66414,127398301.00,6.41,-1.18,-0.23,3.70
2021-01-05,19.39,19.40,19.58,18.88,55058,105878168.00,3.63,0.62,0.12,3.07
2021-01-06,19.35,18.94,19.56,18.88,35389,67685548.00,3.51,-2.37,-0.46,1.97
2021-01-07,18.68,19.45,20.21,18.50,78980,153374874.00,9.03,2.69,0.51,4.40
2021-01-08,19.29,19.35,19.63,19.15,35331,68308645.00,2.47,-0.51,-0.10,1.97
2021-01-11,19.64,19.40,20.06,19.22,46232,90647585.00,4.34,0.26,0.05,2.57
2021-01-12,19.36,19.90,19.97,19.17,36684,72365363.00,4.12,2.58,0.50,2.04
2021-01-13,20.00,20.47,20.60,19.66,57158,116201632.00,4.72,2.86,0.57,3.18
2021-01-14,20.47,19.59,20.47,19.40,47209,93328528.00,5.23,-4.30,-0.88,2.63
2021-01-15,19.70,18.89,19.70,18.57,56705,107220809.00,5.77,-3.57,-0.70,3.16
2021-01-18,18.74,18.90,19.38,18.50,57448,108819836.00,4.66,0.05,0.01,3.20
2021-01-19,18.95,18.89,19.16,18.68,24826,46669934.00,2.54,-0.05,-0.01,1.38
2021-01-20,18.96,18.75,19.05,18.28,52547,97889104.00,4.08,-0.74,-0.14,2.93
2021-01-21,18.75,18.82,19.05,18.32,44627,83484998.00,3.89,0.37,0.07,2.49
2021-01-22,18.91,18.13,19.28,18.05,73159,134201556.00,6.54,-3.67,-0.69,4.07
2021-01-25,18.74,18.86,18.96,18.23,83619,156162561.00,4.03,4.03,0.73,4.66
2021-01-26,18.87,18.56,19.55,18.45,71088,135514109.00,5.83,-1.59,-0.30,3.96
2021-01-27,18.56,18.59,18.68,18.11,37617,69176101.00,3.07,0.16,0.03,2.10
2021-01-28,18.25,18.27,18.65,18.05,31309,57257424.00,3.23,-1.72,-0.32,1.74
2021-01-29,18.13,17.99,18.55,17.40,61605,110966763.00,6.29,-1.53,-0.28,3.43
2021-02-01,17.78,18.25,18.32,17.60,42297,76294959.00,4.00,1.45,0.26,2.36
2021-02-02,17.99,18.82,19.10,17.72,64233,118298094.00,7.56,3.12,0.57,3.58
2021-02-03,19.42,19.86,20.38,18.36,128822,253471865.00,10.73,5.53,1.04,7.18
2021-02-04,19.79,19.24,19.79,18.83,54337,104581906.00,4.83,-3.12,-0.62,3.03
2021-02-05,19.12,18.89,19.50,18.33,45448,85609197.00,6.08,-1.82,-0.35,2.53
2021-02-08,18.80,18.30,18.88,18.03,37489,69429732.00,4.50,-3.12,-0.59,2.09
2021-02-09,18.12,19.14,19.60,18.12,58775,112245524.00,8.09,4.59,0.84,3.27
2021-02-10,19.00,19.24,19.34,18.85,35470,67622411.00,2.56,0.52,0.10,1.98
2021-02-18,19.78,18.81,19.78,18.79,49081,93574879.00,5.15,-2.23,-0.43,2.73
2021-02-19,18.65,19.20,19.22,18.65,39973,76258945.00,3.03,2.07,0.39,2.23
2021-02-22,19.20,19.50,20.08,19.10,61805,121176607.00,5.10,1.56,0.30,3.44
2021-02-23,19.57,19.10,19.57,18.83,39688,75721348.00,3.79,-2.05,-0.40,2.21
2021-02-24,19.15,18.75,19.25,18.42,39470,74390660.00,4.35,-1.83,-0.35,2.20
2021-02-25,18.75,18.19,18.88,17.80,62969,114115986.00,5.76,-2.99,-0.56,3.51
2021-02-26,17.88,17.99,18.08,17.60,34065,60751036.00,2.64,-1.10,-0.20,1.90
2021-03-01,18.29,18.02,18.30,17.80,22782,41061648.00,2.78,0.17,0.03,1.27
2021-03-02,18.00,17.81,18.09,17.50,35720,63579173.00,3.27,-1.17,-0.21,1.99
2021-03-03,17.74,18.01,18.14,17.60,26786,47998594.00,3.03,1.12,0.20,1.49
2021-03-04,17.80,17.62,18.00,17.59,23204,41104661.00,2.28,-2.17,-0.39,1.29
2021-03-05,17.70,17.77,17.79,17.52,17052,30172265.00,1.53,0.85,0.15,0.95
2021-03-08,17.85,17.78,18.14,17.77,25043,44957195.00,2.08,0.06,0.01,1.39
2021-03-09,17.50,16.81,17.78,16.49,53022,90079229.00,7.26,-5.46,-0.97,2.95
2021-03-10,17.08,16.70,17.09,16.67,19490,32760745.00,2.50,-0.65,-0.11,1.09
2021-03-11,16.74,16.73,16.97,16.53,20478,34297940.00,2.63,0.18,0.03,1.14
2021-03-12,16.84,16.75,16.97,16.64,16941,28411272.00,1.97,0.12,0.02,0.94
2021-03-15,16.86,16.81,16.93,16.57,14181,23777409.00,2.15,0.36,0.06,0.79
2021-03-16,16.84,16.90,16.95,16.69,15861,26738137.00,1.55,0.54,0.09,0.88
2021-03-17,16.87,17.55,17.58,16.74,26087,45155464.00,4.97,3.85,0.65,1.45
2021-03-18,17.49,17.56,17.60,17.22,17742,31008812.00,2.17,0.06,0.01,0.99
2021-03-19,17.28,17.57,18.03,17.11,30509,53746719.00,5.24,0.06,0.01,1.70
2021-03-22,17.70,17.55,17.79,17.18,25136,43876762.00,3.47,-0.11,-0.02,1.40
2021-03-23,17.53,17.45,17.76,17.32,20603,36077034.00,2.51,-0.57,-0.10,1.15
2021-03-24,17.30,17.13,17.57,17.11,15470,26726522.00,2.64,-1.83,-0.32,0.86
2021-03-25,17.06,16.92,17.13,16.70,17935,30241166.00,2.51,-1.23,-0.21,1.00
2021-03-26,16.86,16.89,17.33,16.77,30882,52635564.00,3.31,-0.18,-0.03,1.72
2021-03-29,17.00,16.91,17.05,16.81,16682,28232181.00,1.42,0.12,0.02,0.39
2021-03-30,16.88,16.51,16.90,16.28,36561,60528250.00,3.67,-2.37,-0.40,0.85
2021-03-31,16.50,16.38,16.64,16.16,15835,25974090.00,2.91,-0.79,-0.13,0.37
2021-04-01,16.58,16.47,16.58,16.10,25211,41106440.00,2.93,0.55,0.09,0.59
2021-04-02,16.48,16.49,16.62,16.30,18118,29855819.00,1.94,0.12,0.02,0.42
2021-04-06,16.51,17.19,17.25,16.40,29517,49904098.00,5.15,4.24,0.70,0.69
2021-04-07,17.29,17.10,17.29,16.93,18424,31407753.00,2.09,-0.52,-0.09,0.43
2021-04-08,17.14,16.95,17.15,16.81,16468,27949245.00,1.99,-0.88,-0.15,0.38
2021-04-09,17.09,16.95,17.17,16.84,13829,23519607.00,1.95,0.00,0.00,0.32
2021-04-12,16.78,16.60,16.97,16.50,20058,33529585.00,2.77,-2.06,-0.35,0.47
2021-04-13,16.60,16.48,16.76,16.38,16045,26511343.00,2.29,-0.72,-0.12,0.37
2021-04-14,16.76,17.24,17.50,16.61,32061,54653655.00,5.40,4.61,0.76,0.75
2021-04-15,16.99,16.93,17.70,16.62,40364,68869271.00,6.26,-1.80,-0.31,0.94
2021-04-16,16.70,16.92,17.05,16.56,21772,36656444.00,2.89,-0.06,-0.01,0.51
2021-04-19,16.92,17.07,17.23,16.75,29528,50113546.00,2.84,0.89,0.15,0.69
2021-04-20,17.07,17.62,17.86,16.98,48594,85131002.00,5.16,3.22,0.55,1.13
2021-04-21,17.52,17.32,17.78,17.25,24754,43123760.00,3.01,-1.70,-0.30,0.58
2021-04-22,17.38,17.58,17.60,17.27,21813,38141013.00,1.91,1.50,0.26,0.51
2021-04-23,17.58,17.39,17.60,17.23,19955,34621032.00,2.10,-1.08,-0.19,0.47
2021-04-26,17.31,17.57,17.86,17.23,27078,47706816.00,3.62,1.04,0.18,0.63
2021-04-27,17.51,17.40,17.51,17.00,20550,35367219.00,2.90,-0.97,-0.17,0.48
2021-04-28,17.26,17.19,17.45,17.00,18519,31803440.00,2.59,-1.21,-0.21,0.43
2021-04-29,17.15,17.35,17.58,17.15,22769,39632448.00,2.50,0.93,0.16,0.53
2021-04-30,17.34,17.05,17.49,16.98,23639,40411234.00,2.94,-1.73,-0.30,0.55
2021-05-06,17.23,16.98,17.23,16.82,12195,20660898.00,2.40,-0.41,-0.07,0.28
2021-05-07,16.95,16.46,16.95,16.42,22530,37428765.00,3.12,-3.06,-0.52,0.53
2021-05-10,16.46,15.78,16.48,15.30,58502,92327212.00,7.17,-4.13,-0.68,1.37
2021-05-11,15.77,15.45,15.88,15.37,27897,43280358.00,3.23,-2.09,-0.33,0.65
2021-05-12,15.40,15.60,15.64,15.35,18522,28725685.00,1.88,0.97,0.15,0.43
2021-05-13,15.63,16.06,16.30,15.48,28923,46278252.00,5.26,2.95,0.46,0.68
2021-05-14,16.03,16.12,16.21,15.90,17439,27964845.00,1.93,0.37,0.06,0.41
2021-05-17,15.98,15.88,16.28,15.80,19376,31036922.00,2.98,-1.49,-0.24,0.45
2021-05-18,15.86,15.43,15.89,15.43,30602,47590753.00,2.90,-2.83,-0.45,0.71
2021-05-19,15.45,15.45,15.56,15.32,17677,27292395.00,1.56,0.13,0.02,0.41
2021-05-20,15.45,15.18,15.50,14.95,28492,43191998.00,3.56,-1.75,-0.27,0.67
2021-05-21,15.05,15.36,15.69,15.05,20740,32028016.00,4.22,1.19,0.18,0.48
2021-05-24,15.40,15.23,15.52,15.16,10066,15342473.00,2.34,-0.85,-0.13,0.23
2021-05-25,15.23,15.34,15.50,15.12,21052,32280802.00,2.50,0.72,0.11,0.49
2021-05-26,15.45,15.25,15.48,15.21,16757,25661870.00,1.76,-0.59,-0.09,0.39
2021-05-27,15.25,15.51,15.56,15.21,30671,47407250.00,2.30,1.70,0.26,0.72
2021-05-28,15.56,15.20,15.90,15.10,39018,60646775.00,5.16,-2.00,-0.31,0.91
2021-05-31,15.23,15.34,15.48,15.13,24926,38198331.00,2.30,0.92,0.14,0.58
2021-06-01,15.31,15.33,15.50,15.17,23307,35544837.00,2.15,-0.07,-0.01,0.54
2021-06-02,15.33,15.05,15.46,15.05,32780,49883751.00,2.67,-1.83,-0.28,0.77
2021-06-03,15.09,15.83,15.85,14.78,64775,99987797.00,7.11,5.18,0.78,1.51
2021-06-04,15.75,16.23,16.44,15.59,73386,118318147.00,5.37,2.53,0.40,1.71
2021-06-07,16.21,16.14,16.53,15.72,36120,58482803.00,4.99,-0.55,-0.09,0.84
2021-06-08,16.14,15.86,16.24,15.79,25302,40166061.00,2.79,-1.73,-0.28,0.59
2021-06-09,15.81,16.09,16.31,15.74,23979,38485700.00,3.59,1.45,0.23,0.56
2021-06-10,16.09,15.89,16.16,15.72,25463,40501094.00,2.73,-1.24,-0.20,0.59
2021-06-11,15.89,15.85,15.95,15.61,18640,29393555.00,2.14,-0.25,-0.04,0.43
2021-06-15,15.74,15.75,15.87,15.41,25331,39440968.00,2.90,-0.63,-0.10,0.59
2021-06-16,15.65,15.74,15.87,15.57,16650,26177677.00,1.90,-0.06,-0.01,0.39
2021-06-17,15.74,15.99,15.99,15.69,13880,22017106.00,1.91,1.59,0.25,0.32
2021-06-18,15.99,16.35,16.40,15.92,29615,48058996.00,3.00,2.25,0.36,0.69
2021-06-21,16.30,16.40,16.46,16.17,20027,32719568.00,1.77,0.31,0.05,0.47
2021-06-22,16.35,16.33,16.45,16.15,19247,31275262.00,1.83,-0.43,-0.07,0.45
2021-06-23,16.20,16.47,16.47,16.20,41232,67272763.00,1.65,0.86,0.14,0.96
2021-06-24,16.47,16.55,17.08,16.47,56579,94889694.00,3.70,0.49,0.08,1.32
2021-06-25,16.54,16.41,16.74,16.25,24191,39597979.00,2.96,-0.85,-0.14,0.56
2021-06-28,16.41,16.16,16.51,16.03,28966,46912378.00,2.93,-1.52,-0.25,0.68
2021-06-29,16.13,16.36,16.37,16.10,34313,55637446.00,1.67,1.24,0.20,0.80
2021-06-30,16.69,16.37,16.88,16.28,32021,52989813.00,3.67,0.06,0.01,0.75
2021-07-01,16.33,15.89,16.50,15.89,22723,36693243.00,3.73,-2.93,-0.48,0.53
2021-07-02,15.91,16.20,16.27,15.82,26851,43251202.00,2.83,1.95,0.31,0.63
2021-07-05,16.20,16.52,16.58,16.12,18323,29844750.00,2.84,1.98,0.32,0.43
2021-07-06,16.52,16.65,16.65,16.36,20685,34093744.00,1.76,0.79,0.13,0.48
2021-07-07,16.42,16.60,17.00,16.22,40802,67897593.00,4.68,-0.30,-0.05,0.95
2021-07-08,16.65,16.36,16.79,16.27,50554,82862782.00,3.13,-1.45,-0.24,1.18
2021-07-09,16.47,17.45,17.58,16.24,76670,131013023.00,8.19,6.66,1.09,1.79
2021-07-12,17.45,17.25,17.78,17.20,41099,71514138.00,3.32,-1.15,-0.20,0.96
2021-07-13,17.26,17.17,17.36,17.00,25566,43863380.00,2.09,-0.46,-0.08,0.60
2021-07-14,17.33,17.51,17.78,17.18,45514,79866670.00,3.49,1.98,0.34,1.06
2021-07-15,17.38,17.62,17.93,17.33,48996,86489195.00,3.43,0.63,0.11,1.14
2021-07-16,17.65,17.30,17.78,17.08,35808,61839981.00,3.97,-1.82,-0.32,0.83
