2018-04-04,19.58,19.58,19.58,19.58,61,119222.00,0.00,10.00,1.78,0.03
2018-04-09,21.54,21.54,21.54,21.54,143,308000.00,0.00,10.01,1.96,0.06
2018-04-10,23.69,23.69,23.69,23.69,316,749362.00,0.00,9.98,2.15,0.14
2018-04-11,26.06,26.06,26.06,26.06,259,674406.00,0.00,10.00,2.37,0.12
2018-04-12,28.67,28.67,28.67,28.67,410,1175814.00,0.00,10.02,2.61,0.18
2018-04-13,31.54,31.54,31.54,31.54,1038,3274955.00,0.00,10.01,2.87,0.47
2018-04-16,34.69,34.69,34.69,34.69,3119,10820296.00,0.00,9.99,3.15,1.40
2018-04-19,38.16,38.16,38.16,38.16,4255,16237766.00,0.00,10.00,3.47,1.92
2018-04-20,41.98,41.98,41.98,41.98,2934,12315504.00,0.00,10.01,3.82,1.32
2018-04-23,46.18,46.18,46.18,46.18,27234,125765873.00,0.00,10.00,4.20,12.26
2018-04-24,50.80,50.80,50.80,50.10,42314,214923974.00,1.52,10.00,4.62,19.04
2018-04-25,55.86,55.68,55.87,52.50,168878,918849712.00,6.63,9.61,4.88,76.00
2018-04-26,52.60,50.11,55.00,50.11,95731,499549584.00,8.78,-10.00,-5.57,43.08
2018-04-27,47.00,45.20,48.00,45.10,99469,458631776.00,5.79,-9.80,-4.91,44.77
2018-05-02,44.31,49.72,49.72,44.31,113610,544634512.00,11.97,10.00,4.52,51.13
2018-05-03,50.01,54.69,54.69,50.01,100992,542492928.00,9.41,10.00,4.97,45.45
2018-05-04,58.00,51.00,60.15,50.30,167555,934152304.00,18.01,-6.75,-3.69,75.41
2018-05-07,47.99,51.30,54.60,47.00,117924,588435952.00,14.90,0.59,0.30,53.07
2018-05-08,49.76,50.25,53.00,49.01,102446,520353536.00,7.78,-2.05,-1.05,46.11
2018-05-09,50.00,55.28,55.28,50.00,123957,671595904.00,10.51,10.01,5.03,55.79
2018-05-10,56.00,58.80,60.81,52.50,172665,976740368.00,15.03,6.37,3.52,77.71
2018-05-11,55.00,55.48,61.50,55.00,148930,859259456.00,11.05,-5.65,-3.32,67.03
2018-05-14,57.13,61.03,61.03,55.01,163584,970343472.00,10.85,10.00,5.55,73.62
2018-05-15,67.13,67.13,67.13,65.00,78588,527262400.00,3.49,10.00,6.10,35.37
2018-05-16,67.00,73.84,73.84,64.00,172370,1190368896.00,14.66,10.00,6.71,77.57
2018-05-17,68.50,67.70,73.80,66.60,138922,964406880.00,9.75,-8.32,-6.14,62.52
2018-05-18,69.02,65.66,71.50,64.60,114134,781054368.00,10.19,-3.01,-2.04,51.37
2018-05-21,65.56,69.25,72.00,63.11,122041,821861104.00,13.54,5.47,3.59,54.92
2018-05-22,67.60,71.10,71.30,67.03,124720,864333952.00,6.17,2.67,1.85,56.13
2018-05-23,73.00,67.02,76.90,67.01,126586,907575664.00,13.91,-5.74,-4.08,56.97
2018-05-24,63.95,63.43,66.00,61.15,83768,532794272.00,7.24,-5.36,-3.59,37.70
2018-05-25,64.80,61.82,65.60,61.32,65527,416369200.00,6.75,-2.54,-1.61,29.49
2018-05-28,61.88,57.66,61.99,56.00,61953,363139296.00,9.69,-6.73,-4.16,27.88
2018-05-29,57.49,58.00,59.10,56.58,51310,297627296.00,4.37,0.59,0.34,23.09
2018-05-30,55.99,53.04,58.00,52.20,61263,337916976.00,10.00,-8.55,-4.96,27.57
2018-05-31,54.09,56.48,57.50,53.50,67570,377603872.00,7.54,6.49,3.44,30.41
2018-06-01,55.55,52.91,56.20,51.02,57872,309561200.00,9.17,-6.32,-3.57,26.05
2018-06-04,54.02,52.20,54.20,51.30,36646,193036130.00,5.48,-1.34,-0.71,16.49
2018-06-05,52.35,54.50,54.73,52.35,46865,250947766.00,4.56,4.41,2.30,21.09
2018-06-06,54.00,54.20,54.30,53.10,45265,242923007.00,2.20,-0.55,-0.30,20.37
2018-06-07,54.35,56.07,57.50,53.50,69101,382514704.00,7.38,3.45,1.87,31.10
2018-06-08,55.05,57.39,57.89,54.02,71946,405813504.00,6.90,2.35,1.32,32.38
2018-06-11,56.91,54.35,57.98,53.22,56440,316292032.00,8.29,-5.30,-3.04,25.40
2018-06-12,52.50,50.19,54.30,48.92,53869,273782960.00,9.90,-7.65,-4.16,24.24
2018-06-13,50.00,47.81,50.00,47.11,42795,207716570.00,5.76,-4.74,-2.38,19.26
2018-06-14,48.24,47.91,49.33,47.50,28750,138525911.00,3.83,0.21,0.10,12.94
2018-06-15,47.90,45.39,48.40,45.20,33001,152916095.00,6.68,-5.26,-2.52,14.85
2018-06-19,43.95,40.85,44.83,40.85,34831,148850361.00,8.77,-10.00,-4.54,15.68
2018-06-20,40.90,41.86,42.77,40.52,33487,139555415.00,5.51,2.47,1.01,15.07
2018-06-21,41.68,40.75,42.15,38.56,40021,161683841.00,8.58,-2.65,-1.11,18.01
2018-06-22,40.23,42.80,43.98,39.86,48831,207013202.00,10.11,5.03,2.05,21.98
2018-06-25,43.17,43.08,44.44,42.51,44681,193694403.00,4.51,0.65,0.28,20.11
2018-06-26,41.50,44.99,45.80,40.51,51837,228592935.00,12.28,4.43,1.91,23.33
2018-06-27,45.55,49.49,49.49,44.78,41019,193300685.00,10.47,10.00,4.50,18.46
2018-06-28,51.79,49.78,53.87,49.21,101126,514986784.00,9.42,0.59,0.29,45.51
2018-06-29,51.00,49.90,51.53,47.50,72228,360385376.00,8.10,0.24,0.12,32.51
2018-07-02,49.23,50.68,51.50,49.09,67984,343658752.00,4.83,1.56,0.78,30.60
2018-07-03,51.50,50.71,52.80,49.70,61016,311776976.00,6.12,0.06,0.03,27.46
2018-07-04,48.50,45.64,48.92,45.64,58722,274863568.00,6.47,-10.00,-5.07,26.43
2018-07-05,44.02,42.91,46.15,42.60,36053,160584354.00,7.78,-5.98,-2.73,16.23
2018-07-06,43.10,44.01,45.50,43.10,41377,183714578.00,5.59,2.56,1.10,18.62
2018-07-09,44.99,46.39,47.44,44.60,38791,178332693.00,6.45,5.41,2.38,17.46
2018-07-10,47.62,49.35,50.70,47.05,62097,302123616.00,7.87,6.38,2.96,27.95
2018-07-11,47.19,47.45,47.90,44.72,53093,248576010.00,6.44,-3.85,-1.90,23.89
2018-07-12,47.44,49.31,49.99,47.02,58713,287320800.00,6.26,3.92,1.86,26.42
2018-07-13,48.45,48.50,48.99,47.48,41950,202100149.00,3.06,-1.64,-0.81,18.88
2018-07-16,48.50,48.09,48.50,46.38,25773,122450183.00,4.37,-0.85,-0.41,11.60
2018-07-17,48.00,49.76,49.99,47.20,52481,256461061.00,5.80,3.47,1.67,23.62
2018-07-18,49.79,47.68,49.86,47.60,39664,193226486.00,4.54,-4.18,-2.08,17.85
2018-07-19,47.00,44.90,47.45,43.46,39448,179763180.00,8.37,-5.83,-2.78,17.75
2018-07-20,45.02,45.13,46.00,45.02,22976,104542253.00,2.18,0.51,0.23,10.34
2018-07-23,44.65,43.83,44.65,42.90,23752,103762166.00,3.88,-2.88,-1.30,10.69
2018-07-24,44.19,44.50,44.70,43.81,19003,84261419.00,2.03,1.53,0.67,8.55
2018-07-25,44.43,44.46,45.35,43.65,19674,87721835.00,3.82,-0.09,-0.04,8.85
2018-07-26,45.00,45.05,46.98,44.72,36066,165037109.00,5.08,1.33,0.59,16.23
2018-07-27,42.63,43.20,44.45,40.55,28629,122457198.00,8.66,-4.11,-1.85,12.88
2018-07-30,42.96,43.11,43.98,42.60,18026,78031866.00,3.19,-0.21,-0.09,8.11
2018-07-31,43.30,43.25,44.83,42.80,21246,92912062.00,4.71,0.32,0.14,9.56
2018-08-01,42.45,41.70,42.99,41.61,21788,91514428.00,3.19,-3.58,-1.55,9.81
2018-08-02,41.59,39.59,41.62,38.00,23203,91594954.00,8.68,-5.06,-2.11,10.44
2018-08-03,39.65,39.09,41.38,38.60,17184,68415210.00,7.02,-1.26,-0.50,7.73
2018-08-06,38.46,36.61,38.46,36.00,20149,74667318.00,6.29,-6.34,-2.48,9.07
2018-08-07,36.61,38.16,38.88,36.11,21826,82183298.00,7.57,4.23,1.55,9.82
2018-08-08,37.90,39.81,41.98,37.21,43698,173675247.00,12.50,4.32,1.65,19.67
2018-08-09,40.82,39.99,43.67,39.90,43001,176042848.00,9.47,0.45,0.18,19.35
2018-08-10,40.20,39.55,40.20,38.06,26056,101989135.00,5.35,-1.10,-0.44,11.73
2018-08-13,38.88,40.32,40.33,38.43,24695,97683936.00,4.80,1.95,0.77,11.11
2018-08-14,39.88,40.41,40.69,39.60,22261,89500580.00,2.70,0.22,0.09,10.02
2018-08-15,40.20,38.67,40.20,38.32,21379,83849909.00,4.65,-4.31,-1.74,9.62
2018-08-16,38.50,37.59,38.95,37.20,15739,60035681.00,4.53,-2.79,-1.08,7.08
2018-08-17,37.92,37.08,39.50,37.00,19616,74982705.00,6.65,-1.36,-0.51,8.83
2018-08-20,36.50,36.94,37.25,35.24,18933,68722968.00,5.42,-0.38,-0.14,8.52
2018-08-21,36.29,36.49,36.78,35.41,18999,68732709.00,3.71,-1.22,-0.45,8.55
2018-08-22,36.42,35.57,36.97,35.51,15249,55355159.00,4.00,-2.52,-0.92,6.86
2018-08-23,35.42,36.22,36.52,35.33,17749,64044771.00,3.35,1.83,0.65,7.99
2018-08-24,36.19,35.51,36.67,35.45,14772,52938885.00,3.37,-1.96,-0.71,6.65
2018-08-27,35.89,36.27,36.39,35.66,14415,51981571.00,2.06,2.14,0.76,6.49
2018-08-28,36.46,36.20,36.50,35.90,12494,45113080.00,1.65,-0.19,-0.07,5.62
2018-08-29,36.06,35.00,36.20,34.82,16078,56825664.00,3.81,-3.31,-1.20,7.24
2018-08-30,35.00,35.14,36.21,34.98,17606,62639140.00,3.51,0.40,0.14,7.92
2018-08-31,34.70,33.16,35.00,33.13,21590,72681853.00,5.32,-5.63,-1.98,9.72
2018-09-03,32.99,31.86,32.99,30.81,17607,55768067.00,6.57,-3.92,-1.30,7.92
2018-09-04,32.02,32.12,32.86,31.60,15019,48419377.00,3.95,0.82,0.26,6.76
2018-09-05,32.20,31.51,32.49,31.50,13216,42438148.00,3.08,-1.90,-0.61,5.95
2018-09-06,31.01,32.15,32.50,31.01,21434,68540290.00,4.73,2.03,0.64,9.65
2018-09-07,32.13,31.50,32.56,30.82,17587,56020870.00,5.41,-2.02,-0.65,7.91
2018-09-10,31.30,31.85,32.70,31.19,20162,64209360.00,4.79,1.11,0.35,9.07
2018-09-11,31.85,32.00,32.00,31.21,16624,52453153.00,2.48,0.47,0.15,7.48
2018-09-12,32.00,32.46,32.70,31.56,23718,76388556.00,3.56,1.44,0.46,10.67
2018-09-13,32.95,32.24,32.99,31.60,18684,60089024.00,4.28,-0.68,-0.22,8.41
2018-09-14,32.54,30.02,32.80,30.01,22444,70533814.00,8.65,-6.89,-2.22,10.10
2018-09-17,29.20,28.15,29.25,28.10,17897,51379951.00,3.83,-6.23,-1.87,8.05
2018-09-18,28.06,28.93,29.47,28.06,18302,52470586.00,5.01,2.77,0.78,8.24
2018-09-19,29.16,29.05,29.65,28.80,18549,54184865.00,2.94,0.41,0.12,8.35
2018-09-20,29.23,28.99,29.39,28.65,15467,44963421.00,2.55,-0.21,-0.06,6.96
2018-09-21,28.96,29.33,29.56,28.81,16814,49099965.00,2.59,1.17,0.34,7.57
2018-09-25,29.55,29.30,29.55,28.99,12769,37331025.00,1.91,-0.10,-0.03,5.75
2018-09-26,29.31,29.18,29.50,28.88,14752,43000076.00,2.12,-0.41,-0.12,6.64
2018-09-27,29.23,32.10,32.10,28.05,65962,203073634.00,13.88,10.01,2.92,29.69
2018-09-28,31.99,35.31,35.31,31.74,45310,151875439.00,11.12,10.00,3.21,20.39
2018-10-08,38.29,38.84,38.84,36.00,80991,307919120.00,8.04,10.00,3.53,36.45
2018-10-09,39.49,42.72,42.72,38.50,77299,322580160.00,10.87,9.99,3.88,34.79
2018-10-10,44.44,46.99,46.99,44.44,72327,336615008.00,5.97,10.00,4.27,32.55
2018-10-11,48.13,47.98,49.60,44.88,139650,662720704.00,10.04,2.11,0.99,62.85
2018-10-12,47.97,48.52,51.78,46.10,133489,652337856.00,11.84,1.13,0.54,60.08
2018-10-15,47.94,46.70,53.37,46.00,146416,731782800.00,15.19,-3.75,-1.82,65.89
2018-10-16,45.02,45.88,46.26,44.05,110529,497534080.00,4.73,-1.76,-0.82,49.74
2018-10-17,45.70,41.29,46.15,41.29,104223,446380976.00,10.59,-10.00,-4.59,46.90
2018-10-18,40.18,39.20,41.40,38.10,91472,363419072.00,7.99,-5.06,-2.09,41.17
2018-10-19,38.75,40.22,40.99,37.52,82964,328416560.00,8.85,2.60,1.02,37.34
2018-10-22,39.44,41.49,43.76,39.00,103782,425802288.00,11.83,3.16,1.27,46.71
2018-10-23,40.56,42.49,43.38,40.11,105425,441309392.00,7.88,2.41,1.00,47.45
2018-10-24,41.25,40.55,41.44,39.03,77951,313632448.00,5.67,-4.57,-1.94,35.08
2018-10-25,39.50,38.55,39.55,38.02,54340,210705635.00,3.77,-4.93,-2.00,24.46
2018-10-26,39.27,39.61,40.98,38.30,71863,284426192.00,6.95,2.75,1.06,32.34
2018-10-29,38.28,36.68,39.07,36.45,53128,200593408.00,6.61,-7.40,-2.93,23.91
2018-10-30,36.00,38.58,39.48,36.00,62923,239132435.00,9.49,5.18,1.90,28.32
2018-10-31,38.50,38.81,38.81,37.68,58308,223347688.00,2.93,0.60,0.23,26.24
2018-11-01,38.68,38.22,40.16,37.98,66187,258888875.00,5.62,-1.52,-0.59,29.79
2018-11-02,38.40,38.82,39.19,38.16,52890,204814857.00,2.69,1.57,0.60,23.80
2018-11-05,40.88,39.78,41.67,39.23,71462,286543504.00,6.29,2.47,0.96,32.16
2018-11-06,38.80,37.99,39.30,36.90,54523,206183509.00,6.03,-4.50,-1.79,24.54
2018-11-07,37.59,37.90,38.28,37.23,33033,124953739.00,2.76,-0.24,-0.09,14.87
2018-11-08,38.03,41.69,41.69,37.59,113041,455674816.00,10.82,10.00,3.79,50.87
2018-11-09,42.00,41.68,44.90,41.60,129921,558879328.00,7.92,-0.02,-0.01,58.47
2018-11-12,40.57,41.99,42.67,39.50,79122,328059840.00,7.61,0.74,0.31,35.61
2018-11-13,41.00,41.32,41.78,40.20,65306,268176495.00,3.76,-1.60,-0.67,29.39
2018-11-14,40.87,42.20,42.40,40.00,68793,283575040.00,5.81,2.13,0.88,30.96
2018-11-15,42.96,42.28,42.97,41.50,68932,291322752.00,3.48,0.19,0.08,31.02
2018-11-16,42.00,41.00,42.00,40.80,50941,211126227.00,2.84,-3.03,-1.28,22.93
2018-11-19,40.33,41.33,41.34,40.33,33974,139128301.00,2.46,0.80,0.33,15.29
2018-11-20,41.40,42.35,43.20,41.02,77808,331258752.00,5.27,2.47,1.02,35.02
2018-11-21,40.80,38.20,40.81,38.12,65823,256478209.00,6.35,-9.80,-4.15,29.62
2018-11-22,38.58,37.72,38.58,37.33,37194,141192992.00,3.27,-1.26,-0.48,16.74
2018-11-23,37.37,35.94,38.47,35.35,39431,145792081.00,8.27,-4.72,-1.78,17.75
2018-11-26,35.15,34.00,35.89,33.50,35506,121810166.00,6.65,-5.40,-1.94,15.98
2018-11-27,34.33,34.11,34.41,33.53,21592,73218805.00,2.59,0.32,0.11,9.72
2018-11-28,34.15,34.50,34.50,33.10,23184,78798725.00,4.10,1.14,0.39,10.43
2018-11-29,34.68,31.93,34.83,31.80,31706,105915168.00,8.78,-7.45,-2.57,14.27
2018-11-30,32.06,32.08,32.59,30.33,30996,98216292.00,7.08,0.47,0.15,13.95
2018-12-03,33.26,34.17,34.78,32.50,42036,141064998.00,7.11,6.51,2.09,18.92
2018-12-04,33.87,33.87,34.50,33.49,28149,95357746.00,2.96,-0.88,-0.30,12.67
2018-12-05,32.98,32.80,33.11,32.10,22672,74208417.00,2.98,-3.16,-1.07,10.20
2018-12-06,32.77,32.93,33.39,31.80,25631,83799356.00,4.85,0.40,0.13,11.54
2018-12-07,32.92,32.81,33.48,32.70,18951,62612042.00,2.37,-0.36,-0.12,8.53
2018-12-10,32.49,31.86,32.80,31.40,16906,54139364.00,4.27,-2.90,-0.95,7.61
2018-12-11,32.16,32.15,32.42,31.63,15081,48339291.00,2.48,0.91,0.29,6.79
2018-12-12,32.30,35.37,35.37,32.20,57114,196935411.00,9.86,10.02,3.22,25.70
2018-12-13,35.53,35.45,38.12,34.92,88798,321626512.00,9.05,0.23,0.08,39.96
2018-12-14,35.05,36.42,37.80,34.30,76862,276732608.00,9.87,2.74,0.97,34.59
2018-12-17,35.65,35.65,37.37,35.37,55194,199778916.00,5.49,-2.11,-0.77,24.84
2018-12-18,34.92,34.30,35.63,34.01,39172,135831648.00,4.54,-3.79,-1.35,17.63
2018-12-19,34.44,33.01,34.70,32.42,36926,123364094.00,6.65,-3.76,-1.29,16.62
2018-12-20,32.90,33.33,33.45,32.62,26861,88694401.00,2.51,0.97,0.32,12.09
2018-12-21,33.25,33.58,33.70,32.65,30189,100132662.00,3.15,0.75,0.25,13.59
2018-12-24,33.57,34.77,35.68,33.34,48475,168706762.00,6.97,3.54,1.19,21.82
2018-12-25,34.19,34.05,34.20,32.65,36763,122809577.00,4.46,-2.07,-0.72,16.55
2018-12-26,34.03,34.02,34.95,33.63,33213,113960253.00,3.88,-0.09,-0.03,14.95
2018-12-27,34.50,34.29,35.80,34.05,48083,168444796.00,5.14,0.79,0.27,21.64
2018-12-28,33.30,32.67,33.96,32.60,30256,100838263.00,3.97,-4.72,-1.62,13.62
2019-01-02,32.84,32.45,33.35,32.18,19082,62311279.00,3.58,-0.67,-0.22,8.59
2019-01-03,32.45,30.89,32.75,30.80,24790,78064422.00,6.01,-4.81,-1.56,11.16
2019-01-04,30.38,31.47,31.55,29.79,22116,68588730.00,5.70,1.88,0.58,9.95
2019-01-07,31.91,32.18,32.25,31.44,21017,67060516.00,2.57,2.26,0.71,9.46
2019-01-08,32.06,31.70,32.50,31.59,17038,54094569.00,2.83,-1.49,-0.48,7.67
2019-01-09,32.25,31.94,33.32,31.88,33499,108991151.00,4.54,0.76,0.24,15.08
2019-01-10,31.80,32.20,32.67,31.29,28049,89438075.00,4.32,0.81,0.26,12.62
2019-01-11,32.18,34.04,35.39,31.85,54100,179937237.00,10.99,5.71,1.84,24.35
2019-01-14,34.02,32.73,34.32,32.41,34308,113227609.00,5.61,-3.85,-1.31,15.44
2019-01-15,32.50,32.83,33.14,32.29,21230,69400000.00,2.60,0.31,0.10,9.55
2019-01-16,32.88,33.08,33.37,32.64,24489,80969673.00,2.22,0.76,0.25,11.02
2019-01-17,33.23,32.01,33.24,31.80,21472,69774315.00,4.35,-3.23,-1.07,9.66
2019-01-18,31.90,32.05,32.29,31.30,17672,56468334.00,3.09,0.12,0.04,7.95
2019-01-21,32.06,32.15,32.58,31.84,12723,40922579.00,2.31,0.31,0.10,5.73
2019-01-22,32.34,33.12,33.38,32.06,32035,105336351.00,4.11,3.02,0.97,14.42
2019-01-23,33.19,33.47,33.98,32.81,34927,116700513.00,3.53,1.06,0.35,15.72
2019-01-24,33.20,33.09,33.46,32.65,24653,81269586.00,2.42,-1.14,-0.38,11.09
2019-01-25,33.20,31.80,33.23,31.56,24714,79409308.00,5.05,-3.90,-1.29,11.12
2019-01-28,32.28,31.19,32.32,31.03,12934,40830021.00,4.06,-1.92,-0.61,5.82
2019-01-29,31.03,30.32,31.04,29.60,15151,45876521.00,4.62,-2.79,-0.87,6.82
2019-01-30,30.12,29.58,30.57,29.55,9722,29202355.00,3.36,-2.44,-0.74,4.38
2019-01-31,29.29,28.10,30.39,28.00,17087,49673784.00,8.08,-5.00,-1.48,7.69
2019-02-01,28.58,29.18,29.48,28.35,10420,30059132.00,4.02,3.84,1.08,4.69
2019-02-11,29.55,30.03,30.16,29.20,12844,38447976.00,3.29,2.91,0.85,5.78
2019-02-12,30.28,30.40,30.98,29.80,17716,53842944.00,3.93,1.23,0.37,7.97
2019-02-13,30.16,30.65,30.86,30.16,17833,54506895.00,2.30,0.82,0.25,8.03
2019-02-14,30.65,30.86,31.21,30.48,19746,61023568.00,2.38,0.69,0.21,8.89
2019-02-15,30.95,30.91,31.34,30.58,18009,55626203.00,2.46,0.16,0.05,8.10
2019-02-18,31.13,31.96,31.96,30.95,24828,78251554.00,3.27,3.40,1.05,11.17
2019-02-19,31.97,32.98,34.52,31.65,44005,143632762.00,8.98,3.19,1.02,19.80
2019-02-20,32.61,32.70,33.25,32.32,22426,73368934.00,2.82,-0.85,-0.28,10.09
2019-02-21,32.54,32.28,33.11,32.27,26221,85801135.00,2.57,-1.28,-0.42,11.80
2019-02-22,32.25,32.83,33.56,31.80,30655,99936403.00,5.45,1.70,0.55,13.80
2019-02-25,32.72,34.15,34.30,32.72,44674,150236576.00,4.81,4.02,1.32,20.11
2019-02-26,34.30,33.78,35.28,33.50,54806,188157127.00,5.21,-1.08,-0.37,24.67
2019-02-27,33.90,33.00,34.38,32.71,33051,110951858.00,4.94,-2.31,-0.78,14.87
2019-02-28,33.05,34.66,34.73,33.05,47138,160602619.00,5.09,5.03,1.66,21.21
2019-03-01,34.85,34.05,35.00,33.33,36131,122930939.00,4.82,-1.76,-0.61,16.26
2019-03-04,34.06,34.17,34.55,33.75,38364,131077741.00,2.35,0.35,0.12,17.27
2019-03-05,34.05,34.76,34.99,33.66,37253,127953993.00,3.89,1.73,0.59,16.77
2019-03-06,34.91,36.04,36.05,34.10,64545,227768485.00,5.61,3.68,1.28,29.05
2019-03-07,36.39,37.88,39.64,35.45,82259,305952960.00,11.63,5.11,1.84,37.02
2019-03-08,36.50,34.10,36.68,34.09,51285,182811856.00,6.84,-9.98,-3.78,23.08
2019-03-11,34.20,35.18,35.26,34.12,28225,98077976.00,3.34,3.17,1.08,12.70
2019-03-12,35.06,35.73,36.55,35.06,37883,135321591.00,4.24,1.56,0.55,17.05
2019-03-13,35.75,34.95,36.33,34.50,31512,112130569.00,5.12,-2.18,-0.78,14.18
2019-03-14,34.54,33.19,35.20,32.50,27965,93702657.00,7.73,-5.04,-1.76,12.59
2019-03-15,33.50,33.47,33.74,33.01,18412,61560628.00,2.20,0.84,0.28,8.29
2019-03-18,33.66,34.41,34.43,33.58,20639,70304655.00,2.54,2.81,0.94,9.29
2019-03-19,34.63,34.00,34.78,33.70,19803,67785048.00,3.14,-1.19,-0.41,8.91
2019-03-20,34.12,34.20,34.33,33.25,18035,61123867.00,3.18,0.59,0.20,8.12
2019-03-21,33.98,34.06,34.50,33.90,19220,65696392.00,1.75,-0.41,-0.14,8.65
2019-03-22,34.08,33.58,34.10,33.00,19919,66653009.00,3.23,-1.41,-0.48,8.96
2019-03-25,32.78,32.88,33.10,32.45,17082,56056490.00,1.94,-2.08,-0.70,7.69
2019-03-26,32.90,31.86,33.42,31.83,16752,54750890.00,4.84,-3.10,-1.02,7.54
2019-03-27,31.91,31.39,32.23,31.08,15515,48878025.00,3.61,-1.48,-0.47,6.98
2019-03-28,31.20,30.63,31.22,30.50,16544,51039783.00,2.29,-2.42,-0.76,7.45
2019-03-29,30.79,31.24,31.30,30.30,16204,50137719.00,3.26,1.99,0.61,7.29
2019-04-01,31.50,32.28,32.47,31.45,19875,63798357.00,3.27,3.33,1.04,8.94
2019-04-02,32.32,32.43,33.01,32.10,19592,63833373.00,2.82,0.46,0.15,8.82
2019-04-03,32.41,33.11,33.18,32.18,23346,76891578.00,3.08,2.10,0.68,8.83
2019-04-04,33.10,33.65,33.95,32.65,26775,88898542.00,3.93,1.63,0.54,10.12
2019-04-08,33.85,32.85,33.85,32.65,21049,69858178.00,3.57,-2.38,-0.80,7.96
2019-04-09,32.75,33.06,33.27,32.49,14192,46587963.00,2.37,0.64,0.21,5.37
2019-04-10,33.27,34.38,34.75,33.16,43077,146998682.00,4.81,3.99,1.32,16.28
2019-04-11,34.42,32.77,34.44,32.76,25246,84655856.00,4.89,-4.68,-1.61,9.54
2019-04-12,32.70,31.94,32.75,31.60,18658,59874888.00,3.51,-2.53,-0.83,7.05
2019-04-15,32.10,32.28,32.74,32.10,14123,45676654.00,2.00,1.06,0.34,5.34
2019-04-16,32.05,32.59,32.59,31.36,14486,46391957.00,3.81,0.96,0.31,5.48
2019-04-17,32.55,33.55,33.98,32.30,25920,86312180.00,5.15,2.95,0.96,9.80
2019-04-18,33.55,33.47,34.30,33.28,26972,91287597.00,3.04,-0.24,-0.08,10.20
2019-04-19,33.57,33.16,33.67,32.47,17241,56813104.00,3.59,-0.93,-0.31,6.52
2019-04-22,33.19,33.79,33.88,32.62,20768,69218757.00,3.80,1.90,0.63,7.85
2019-04-23,33.80,32.85,33.80,32.83,15349,51054915.00,2.87,-2.78,-0.94,5.80
2019-04-24,32.65,33.10,33.11,32.50,9704,31914131.00,1.86,0.76,0.25,3.67
2019-04-25,33.02,31.25,33.02,30.95,14735,47156836.00,6.25,-5.59,-1.85,5.57
2019-04-26,31.00,32.14,33.99,30.52,21276,68238598.00,11.10,2.85,0.89,8.04
2019-04-29,32.20,33.48,35.00,31.80,43556,147404942.00,9.96,4.17,1.34,16.47
2019-04-30,32.14,30.37,32.20,30.13,34194,104657512.00,6.18,-9.29,-3.11,12.93
2019-05-06,29.05,27.33,29.05,27.33,22611,63094961.00,5.66,-10.01,-3.04,8.55
2019-05-07,27.47,27.30,27.77,26.66,13777,37339999.00,4.06,-0.11,-0.03,5.21
2019-05-08,26.70,27.30,28.30,25.88,13918,37848946.00,8.86,0.00,0.00,5.26
2019-05-09,26.78,26.93,27.65,26.78,10008,27289549.00,3.19,-1.36,-0.37,3.78
2019-05-10,27.05,27.41,27.64,26.30,15407,42062297.00,4.98,1.78,0.48,5.82
2019-05-13,27.51,27.68,27.98,27.20,11343,31413869.00,2.85,0.99,0.27,4.29
2019-05-14,27.20,27.38,28.48,26.82,15784,44172459.00,6.00,-1.08,-0.30,5.97
2019-05-15,27.50,30.12,30.12,27.50,34985,101592581.00,9.57,10.01,2.74,13.23
2019-05-16,30.12,28.65,30.12,28.60,32080,93921275.00,5.05,-4.88,-1.47,12.13
2019-05-17,28.88,27.99,28.93,27.69,16829,47598703.00,4.33,-2.30,-0.66,6.36
2019-05-20,27.73,28.10,28.17,26.00,13102,35810711.00,7.75,0.39,0.11,4.95
2019-05-21,27.80,28.29,28.47,27.73,10991,31062148.00,2.63,0.68,0.19,4.16
2019-05-22,28.30,27.55,28.69,27.23,10797,30137612.00,5.16,-2.62,-0.74,4.08
2019-05-23,27.24,26.86,27.77,26.81,9298,25326275.00,3.48,-2.50,-0.69,3.51
2019-05-24,26.80,26.97,27.15,26.60,6385,17182596.00,2.05,0.41,0.11,2.41
2019-05-27,27.09,27.60,27.65,26.86,8330,22824770.00,2.93,2.34,0.63,3.15
2019-05-28,27.60,28.42,29.55,27.38,17509,49412243.00,7.86,2.97,0.82,6.62
2019-05-29,28.09,28.21,28.95,27.91,14027,39835957.00,3.66,-0.74,-0.21,5.30
2019-05-30,28.06,28.79,29.27,28.06,18700,53650671.00,4.29,2.06,0.58,7.07
2019-05-31,28.97,29.10,29.59,28.41,20890,60702281.00,4.10,1.08,0.31,7.90
2019-06-03,28.80,28.15,29.09,27.95,12283,34818059.00,3.92,-3.26,-0.95,4.64
2019-06-04,28.15,27.30,28.15,26.90,11847,32411349.00,4.44,-3.02,-0.85,4.48
2019-06-05,27.80,27.99,27.99,27.28,9911,27448788.00,2.60,2.53,0.69,3.75
2019-06-06,28.00,27.01,28.00,26.66,10919,29750194.00,4.79,-3.50,-0.98,4.13
2019-06-10,27.01,27.39,27.39,26.38,6693,18128738.00,3.74,1.41,0.38,2.53
2019-06-11,27.19,28.06,28.12,27.17,11047,30717957.00,3.47,2.45,0.67,4.18
2019-06-12,27.97,27.65,28.50,27.50,10838,30415544.00,3.56,-1.46,-0.41,4.10
2019-06-13,27.57,28.40,29.23,27.50,18311,52120599.00,6.26,2.71,0.75,6.92
2019-06-14,28.46,27.71,28.70,27.57,10823,30277952.00,3.98,-2.43,-0.69,4.09
2019-06-17,27.58,27.30,27.90,27.25,6172,16955092.00,2.35,-1.48,-0.41,2.33
2019-06-18,27.26,27.40,27.67,27.16,5492,15030251.00,1.87,0.37,0.10,2.08
2019-06-19,28.12,28.25,28.79,27.80,15494,43665267.00,3.61,3.10,0.85,5.86
2019-06-20,27.93,28.29,28.33,27.70,15674,43946506.00,2.23,0.14,0.04,5.93
2019-06-21,28.48,28.34,28.63,28.14,16307,46315815.00,1.73,0.18,0.05,6.16
2019-06-24,28.34,28.12,28.47,27.99,9020,25368806.00,1.69,-0.78,-0.22,3.41
2019-06-25,28.19,27.76,28.24,27.42,9055,25182201.00,2.92,-1.28,-0.36,3.42
2019-06-26,27.76,27.89,28.16,27.50,5976,16636765.00,2.38,0.47,0.13,2.26
2019-06-27,27.93,27.61,28.01,27.58,8833,24556490.00,1.54,-1.00,-0.28,3.34
2019-06-28,27.54,26.77,27.60,26.70,10130,27340127.00,3.26,-3.04,-0.84,3.83
2019-07-01,27.25,27.50,27.73,27.00,8804,24192012.00,2.73,2.73,0.73,3.33
2019-07-02,27.55,27.75,28.15,27.53,9601,26704444.00,2.25,0.91,0.25,3.63
2019-07-03,27.51,28.20,29.10,27.09,18221,50922950.00,7.24,1.62,0.45,6.89
2019-07-04,28.68,31.02,31.02,28.68,34540,104998575.00,8.30,10.00,2.82,13.06
2019-07-05,32.70,30.04,33.97,30.03,73645,235049845.00,12.70,-3.16,-0.98,27.84
2019-07-08,28.29,27.93,28.80,27.80,41297,116805381.00,3.33,-7.02,-2.11,15.61
2019-07-09,27.65,27.95,27.98,27.20,21087,58134867.00,2.79,0.07,0.02,7.97
2019-07-10,27.76,27.31,27.89,27.20,14208,39053076.00,2.47,-2.29,-0.64,5.37
2019-07-11,27.14,27.74,27.76,27.14,13501,37115865.00,2.27,1.57,0.43,5.10
2019-07-12,26.93,26.99,27.36,26.80,13674,37004403.00,2.02,-2.70,-0.75,5.17
2019-07-15,26.99,27.34,27.48,26.85,9806,26667281.00,2.33,1.30,0.35,3.71
2019-07-16,27.21,27.46,27.55,27.03,10729,29257492.00,1.90,0.44,0.12,4.06
2019-07-17,27.41,28.19,28.25,27.20,17283,47965828.00,3.82,2.66,0.73,6.53
2019-07-18,27.81,27.29,27.98,27.11,12374,33950719.00,3.09,-3.19,-0.90,4.68
2019-07-19,27.26,27.33,27.70,27.26,9158,25160191.00,1.61,0.15,0.04,3.46
2019-07-22,27.30,26.03,27.32,25.88,10848,28634594.00,5.27,-4.76,-1.30,4.10
2019-07-23,26.01,26.43,26.55,26.01,4633,12219142.00,2.07,1.54,0.40,1.75
2019-07-24,26.64,26.62,26.92,26.43,7665,20488497.00,1.85,0.72,0.19,2.90
2019-07-25,26.62,26.98,27.16,26.45,8118,21775914.00,2.67,1.35,0.36,3.07
2019-07-26,26.71,26.88,27.17,26.71,5734,15448669.00,1.70,-0.37,-0.10,2.17
2019-07-29,26.78,27.29,27.50,26.76,7978,21660152.00,2.75,1.53,0.41,3.02
2019-07-30,27.29,27.13,27.44,27.07,6349,17297721.00,1.36,-0.59,-0.16,2.40
2019-07-31,27.13,27.14,27.47,26.90,5709,15531835.00,2.10,0.04,0.01,2.16
2019-08-01,27.24,26.86,27.24,26.50,5774,15558478.00,2.73,-1.03,-0.28,2.18
2019-08-02,26.36,26.76,27.23,26.29,7528,20160466.00,3.50,-0.37,-0.10,2.85
2019-08-05,26.55,26.82,27.06,26.45,7230,19430487.00,2.28,0.22,0.06,2.73
2019-08-06,26.30,25.95,26.66,25.45,9870,25596864.00,4.51,-3.24,-0.87,3.73
2019-08-07,26.00,25.92,26.31,25.72,5445,14142951.00,2.27,-0.12,-0.03,2.06
2019-08-08,25.90,25.88,26.15,25.72,5873,15207045.00,1.66,-0.15,-0.04,2.22
2019-08-09,25.89,25.48,26.26,25.45,6663,17140785.00,3.13,-1.55,-0.40,2.52
2019-08-12,25.45,25.80,25.90,25.21,5103,13061748.00,2.71,1.26,0.32,1.93
2019-08-13,25.69,25.40,25.69,25.27,4344,11042898.00,1.63,-1.55,-0.40,1.64
2019-08-14,25.64,25.66,25.96,25.54,5893,15202973.00,1.65,1.02,0.26,2.23
2019-08-15,24.99,25.54,25.63,24.01,5964,14961590.00,6.31,-0.47,-0.12,2.25
2019-08-16,25.54,25.88,25.94,25.31,7528,19408386.00,2.47,1.33,0.34,2.85
2019-08-19,26.00,26.39,26.56,25.83,8624,22673874.00,2.82,1.97,0.51,3.26
2019-08-20,26.39,26.32,26.75,26.14,7931,20986200.00,2.31,-0.27,-0.07,3.00
2019-08-21,26.36,26.67,26.70,26.24,7024,18631610.00,1.75,1.33,0.35,2.66
2019-08-22,26.72,26.53,26.79,26.31,6685,17714142.00,1.80,-0.52,-0.14,2.53
2019-08-23,26.38,25.88,26.42,25.75,9085,23755313.00,2.53,-2.45,-0.65,3.43
2019-08-26,25.46,27.01,27.87,25.26,24670,66482459.00,10.09,4.37,1.13,9.33
2019-08-27,27.14,26.88,27.24,26.49,15454,41499996.00,2.78,-0.48,-0.13,5.84
2019-08-28,26.92,26.69,27.16,26.40,10267,27455282.00,2.83,-0.71,-0.19,3.88
2019-08-29,26.59,26.53,26.79,26.40,7583,20135303.00,1.46,-0.60,-0.16,2.87
2019-08-30,26.70,25.72,26.79,25.52,8695,22760076.00,4.79,-3.05,-0.81,3.29
2019-09-02,25.84,27.00,27.36,25.83,17160,45984074.00,5.95,4.98,1.28,6.49
2019-09-03,27.22,27.44,27.76,26.80,17575,47977538.00,3.56,1.63,0.44,6.64
2019-09-04,27.48,28.28,29.20,26.91,30211,84428246.00,8.35,3.06,0.84,11.42
2019-09-05,28.49,27.80,28.80,27.76,29416,82746175.00,3.68,-1.70,-0.48,11.12
2019-09-06,27.85,28.21,28.23,27.35,18432,51217119.00,3.17,1.47,0.41,6.97
2019-09-09,28.31,28.11,28.37,27.79,19970,55894097.00,2.06,-0.35,-0.10,7.55
2019-09-10,28.00,27.81,28.12,27.70,11545,32161584.00,1.49,-1.07,-0.30,4.36
2019-09-11,28.10,27.81,28.15,27.78,9927,27732362.00,1.33,0.00,0.00,3.75
2019-09-12,27.96,28.10,28.19,27.81,12539,35160358.00,1.37,1.04,0.29,4.74
2019-09-16,28.10,28.14,28.37,28.00,10229,28840137.00,1.32,0.14,0.04,3.87
2019-09-17,28.10,27.83,28.40,27.51,10369,29008463.00,3.16,-1.10,-0.31,3.92
2019-09-18,27.83,27.87,28.00,27.62,5985,16634701.00,1.37,0.14,0.04,2.26
2019-09-19,27.87,29.08,29.95,27.71,28794,83450028.00,8.04,4.34,1.21,10.89
2019-09-20,29.09,28.75,29.16,28.45,14547,41793811.00,2.44,-1.13,-0.33,5.50
2019-09-23,28.62,28.17,28.65,27.78,11129,31192338.00,3.03,-2.02,-0.58,4.21
2019-09-24,28.34,30.99,30.99,28.10,45937,140938226.00,10.26,10.01,2.82,17.37
2019-09-25,29.47,30.42,32.45,29.25,75008,229534752.00,10.33,-1.84,-0.57,28.36
2019-09-26,29.73,27.92,29.77,27.92,40991,117212444.00,6.08,-8.22,-2.50,15.50
2019-09-27,27.56,27.27,28.48,27.15,25041,69499283.00,4.76,-2.33,-0.65,9.47
2019-09-30,26.95,26.33,27.38,26.05,18720,49622432.00,4.88,-3.45,-0.94,7.08
2019-10-08,26.49,27.08,27.33,26.10,16500,44164238.00,4.67,2.85,0.75,6.24
2019-10-09,26.90,27.78,27.93,26.63,17201,47165613.00,4.80,2.58,0.70,6.50
2019-10-10,27.88,29.45,30.50,27.62,43539,126395245.00,10.37,6.01,1.67,16.46
2019-10-11,29.77,29.08,29.78,28.69,24283,70385151.00,3.70,-1.26,-0.37,9.18
2019-10-14,29.25,29.34,30.37,28.77,31590,92468961.00,5.50,0.89,0.26,11.94
2019-10-15,29.13,29.68,30.18,28.68,37047,109251506.00,5.11,1.16,0.34,14.01
2019-10-16,29.68,30.55,30.87,29.00,50439,152072702.00,6.30,2.93,0.87,19.07
2019-10-17,30.31,30.18,31.60,29.77,40476,123628410.00,5.99,-1.21,-0.37,15.30
2019-10-18,30.20,29.78,30.78,29.38,32716,97677249.00,4.64,-1.33,-0.40,12.37
2019-10-21,29.58,28.39,29.58,27.79,26509,75832505.00,6.01,-4.67,-1.39,10.02
2019-10-22,28.30,28.98,28.98,28.07,20038,57106347.00,3.21,2.08,0.59,7.58
2019-10-23,28.90,29.14,29.37,28.71,17305,50257852.00,2.28,0.55,0.16,6.54
2019-10-24,28.88,28.54,29.35,28.38,16676,47929119.00,3.33,-2.06,-0.60,6.30
2019-10-25,29.04,29.19,29.87,28.81,25125,73450445.00,3.71,2.28,0.65,9.50
2019-10-28,28.90,28.63,29.13,26.87,24929,70630969.00,7.74,-1.92,-0.56,9.42
2019-10-29,28.03,27.76,28.72,27.68,16665,46997607.00,3.63,-3.04,-0.87,6.30
2019-10-30,27.89,27.12,28.38,27.08,13709,37837058.00,4.68,-2.31,-0.64,5.18
2019-10-31,27.38,26.88,27.69,26.81,11399,30917313.00,3.24,-0.88,-0.24,4.31
2019-11-01,26.99,27.65,27.90,26.76,11758,32214992.00,4.24,2.86,0.77,4.44
2019-11-04,27.65,28.07,28.48,27.58,14325,40105947.00,3.25,1.52,0.42,5.42
2019-11-05,28.25,28.36,28.70,27.53,20716,58387317.00,4.17,1.03,0.29,7.83
2019-11-06,28.10,28.34,28.45,27.91,13635,38474009.00,1.90,-0.07,-0.02,5.15
2019-11-07,28.58,27.90,28.58,27.90,13847,39045485.00,2.40,-1.55,-0.44,5.23
2019-11-08,27.85,27.54,28.08,27.54,12287,34126209.00,1.94,-1.29,-0.36,4.64
2019-11-11,27.61,26.71,27.61,26.58,8439,22818168.00,3.74,-3.01,-0.83,3.19
2019-11-12,26.99,27.20,27.29,26.76,7613,20589186.00,1.98,1.83,0.49,2.88
2019-11-13,27.38,27.34,27.52,26.88,8815,24018568.00,2.35,0.51,0.14,3.33
2019-11-14,27.34,27.39,27.53,27.12,8160,22302865.00,1.50,0.18,0.05,3.08
2019-11-15,27.28,26.63,27.37,26.60,10397,28009561.00,2.81,-2.77,-0.76,3.93
2019-11-18,26.35,26.63,26.80,26.35,5945,15823799.00,1.69,0.00,0.00,2.25
2019-11-19,26.70,27.00,27.16,26.65,6242,16792599.00,1.92,1.39,0.37,2.36
2019-11-20,26.90,26.96,27.16,26.81,6270,16924048.00,1.30,-0.15,-0.04,2.37
2019-11-21,26.83,26.80,27.05,26.74,5139,13813400.00,1.15,-0.59,-0.16,1.94
2019-11-22,26.95,26.74,27.31,26.47,6871,18431939.00,3.13,-0.22,-0.06,2.60
2019-11-25,26.59,26.38,26.85,26.07,4608,12150294.00,2.92,-1.35,-0.36,1.74
2019-11-26,26.68,26.16,26.68,26.16,3842,10091662.00,1.97,-0.83,-0.22,1.45
2019-11-27,26.19,25.72,26.25,25.60,8029,20782069.00,2.48,-1.68,-0.44,3.04
2019-11-28,25.72,25.20,25.88,25.10,7256,18439922.00,3.03,-2.02,-0.52,2.74
2019-11-29,25.50,25.51,25.51,25.12,4366,11078832.00,1.55,1.23,0.31,1.65
2019-12-02,25.48,25.89,25.97,25.48,5538,14282167.00,1.92,1.49,0.38,2.09
2019-12-03,25.70,26.08,26.15,25.55,5538,14321445.00,2.32,0.73,0.19,2.09
2019-12-04,25.95,26.38,26.70,25.91,9158,24218623.00,3.03,1.15,0.30,3.46
2019-12-05,26.59,26.50,26.67,26.35,5830,15428719.00,1.21,0.45,0.12,2.20
2019-12-06,26.51,26.58,26.65,26.40,5610,14897790.00,0.94,0.30,0.08,2.12
2019-12-09,26.33,26.84,27.60,26.33,11585,31270433.00,4.78,0.98,0.26,4.38
2019-12-10,26.85,26.77,26.85,26.00,8200,21799855.00,3.17,-0.26,-0.07,3.10
2019-12-11,26.61,26.97,27.60,26.52,8990,24328922.00,4.03,0.75,0.20,3.40
2019-12-12,26.90,26.82,27.10,26.61,7505,20144282.00,1.82,-0.56,-0.15,2.84
2019-12-13,27.00,26.96,27.18,26.80,7659,20630658.00,1.42,0.52,0.14,2.90
2019-12-16,27.29,27.67,27.80,27.10,16125,44345696.00,2.60,2.63,0.71,6.10
2019-12-17,27.70,27.80,28.42,27.52,17443,48651172.00,3.25,0.47,0.13,6.59
2019-12-18,27.80,27.56,28.10,27.43,12249,33882798.00,2.41,-0.86,-0.24,4.63
2019-12-19,27.60,28.38,28.42,27.39,21505,60208059.00,3.74,2.98,0.82,8.13
2019-12-20,29.20,28.80,29.80,28.33,36442,105350789.00,5.18,1.48,0.42,13.78
2019-12-23,28.95,28.58,29.55,28.12,26104,75356004.00,4.97,-0.76,-0.22,9.87
2019-12-24,28.87,28.72,28.97,28.00,20155,57522970.00,3.39,0.49,0.14,7.62
2019-12-25,28.52,30.09,31.34,28.27,53240,158738436.00,10.69,4.77,1.37,20.13
2019-12-26,30.12,31.70,32.42,30.00,62136,194731699.00,8.04,5.35,1.61,23.49
2019-12-27,30.77,32.60,33.01,30.58,53803,170299475.00,7.67,2.84,0.90,20.34
2019-12-30,31.50,30.49,31.60,30.01,34973,107660755.00,4.88,-6.47,-2.11,13.22
2019-12-31,30.28,29.60,30.88,29.50,31829,95464215.00,4.53,-2.92,-0.89,12.03
2020-01-02,29.44,29.85,30.50,29.31,32950,98173653.00,4.02,0.84,0.25,12.46
2020-01-03,29.70,30.05,30.16,29.29,24991,74319321.00,2.91,0.67,0.20,9.45
2020-01-06,29.81,29.80,30.43,29.40,23379,69893936.00,3.43,-0.83,-0.25,8.84
2020-01-07,29.81,29.79,30.04,29.37,23558,69947994.00,2.25,-0.03,-0.01,8.91
2020-01-08,29.67,29.53,30.45,29.49,22369,66881650.00,3.22,-0.87,-0.26,8.46
2020-01-09,29.71,29.90,30.30,29.69,16796,50327717.00,2.07,1.25,0.37,6.35
2020-01-10,30.11,29.54,30.14,29.43,15271,45266736.00,2.37,-1.20,-0.36,5.77
2020-01-13,29.58,29.77,29.84,29.40,11176,33111252.00,1.49,0.78,0.23,4.22
2020-01-14,29.94,29.82,30.11,29.74,15478,46295547.00,1.24,0.17,0.05,5.85
2020-01-15,29.83,28.50,29.98,28.47,24647,71248784.00,5.06,-4.43,-1.32,9.32
2020-01-16,28.50,28.54,29.16,28.50,16827,48485001.00,2.32,0.14,0.04,6.36
2020-01-17,28.55,28.78,28.90,28.12,13264,37967288.00,2.73,0.84,0.24,5.01
2020-01-20,28.48,28.68,28.90,28.48,11497,33034760.00,1.46,-0.35,-0.10,4.35
2020-01-21,28.68,28.03,28.87,27.95,10445,29577254.00,3.21,-2.27,-0.65,3.95
2020-01-22,28.00,28.20,28.22,27.46,11141,31090563.00,2.71,0.61,0.17,4.21
2020-01-23,27.80,27.88,28.44,27.65,15502,43531153.00,2.80,-1.13,-0.32,5.86
2020-02-03,25.09,25.09,25.09,25.09,2020,5068180.00,0.00,-10.01,-2.79,0.76
2020-02-04,22.58,23.51,24.25,22.58,21312,50493783.00,6.66,-6.30,-1.58,8.06
2020-02-05,23.55,23.90,24.36,23.55,14734,35385997.00,3.45,1.66,0.39,5.57
2020-02-06,23.98,24.00,24.17,23.58,15687,37572052.00,2.47,0.42,0.10,5.93
2020-02-07,24.05,24.16,24.20,23.77,14415,34546623.00,1.79,0.67,0.16,5.45
2020-02-10,24.07,24.65,24.80,24.00,16000,39210029.00,3.31,2.03,0.49,6.05
2020-02-11,24.66,24.57,24.92,24.44,12096,29827681.00,1.95,-0.32,-0.08,4.57
2020-02-12,24.57,24.84,24.90,24.40,13312,32952439.00,2.04,1.10,0.27,5.03
2020-02-13,24.81,24.43,25.17,24.39,12360,30506033.00,3.14,-1.65,-0.41,4.67
2020-02-14,24.48,24.44,24.63,24.32,8496,20806034.00,1.27,0.04,0.01,3.21
2020-02-17,24.44,25.17,25.23,24.44,13787,34435190.00,3.23,2.99,0.73,5.21
2020-02-18,25.21,25.75,25.77,25.08,14077,35888735.00,2.74,2.30,0.58,5.32
2020-02-19,25.80,26.05,26.33,25.52,16986,44148628.00,3.15,1.17,0.30,6.42
2020-02-20,26.02,26.36,26.45,25.71,14729,38529668.00,2.84,1.19,0.31,5.57
2020-02-21,26.48,26.72,26.88,26.26,18617,49549655.00,2.35,1.37,0.36,7.04
2020-02-24,26.70,27.91,28.45,26.49,25243,69296269.00,7.34,4.45,1.19,9.54
2020-02-25,27.14,27.01,27.57,25.96,23266,62877169.00,5.77,-3.22,-0.90,8.80
2020-02-26,26.30,26.37,27.01,26.27,13667,36318217.00,2.74,-2.37,-0.64,5.17
2020-02-27,26.73,26.18,26.74,26.00,10060,26485765.00,2.81,-0.72,-0.19,3.80
2020-02-28,25.48,24.17,25.81,24.15,16872,42124052.00,6.34,-7.68,-2.01,6.38
2020-03-02,24.28,25.86,26.26,24.28,15448,39312694.00,8.19,6.99,1.69,5.84
2020-03-03,26.14,26.30,26.80,25.93,13990,36887078.00,3.36,1.70,0.44,5.29
2020-03-04,25.62,26.35,26.67,25.62,10063,26373366.00,3.99,0.19,0.05,3.80
2020-03-05,26.70,26.58,26.85,26.37,11505,30592069.00,1.82,0.87,0.23,4.35
2020-03-06,26.46,26.77,26.99,26.29,12873,34280346.00,2.63,0.71,0.19,4.87
2020-03-09,26.55,25.76,26.69,25.70,12064,31460090.00,3.70,-3.77,-1.01,4.56
2020-03-10,25.26,26.20,26.20,25.17,11938,30680415.00,4.00,1.71,0.44,4.51
2020-03-11,26.44,25.87,26.66,25.83,9934,26080187.00,3.17,-1.26,-0.33,3.76
2020-03-12,25.90,24.97,25.90,24.85,10055,25362227.00,4.06,-3.48,-0.90,3.80
2020-03-13,23.62,24.34,24.51,23.53,12363,29728327.00,3.92,-2.52,-0.63,4.67
2020-03-16,24.52,23.70,24.91,23.68,8964,21854157.00,5.05,-2.63,-0.64,3.39
2020-03-17,23.80,23.56,24.50,22.84,9201,21654250.00,7.00,-0.59,-0.14,3.48
2020-03-18,23.98,23.80,24.37,23.70,11796,28248887.00,2.84,1.02,0.24,4.46
2020-03-19,23.55,23.84,24.09,23.28,8233,19444656.00,3.40,0.17,0.04,3.11
2020-03-20,24.28,23.93,24.28,23.60,6207,14833482.00,2.85,0.38,0.09,2.35
2020-03-23,23.35,23.21,23.65,23.01,5389,12576014.00,2.67,-3.01,-0.72,2.04
2020-03-24,23.40,23.60,23.84,23.13,4307,10134702.00,3.06,1.68,0.39,1.63
2020-03-25,23.93,23.99,24.34,23.80,5860,14083632.00,2.29,1.65,0.39,2.22
2020-03-26,23.90,24.06,24.20,23.71,5521,13246806.00,2.04,0.29,0.07,2.09
2020-03-27,24.23,24.03,24.38,23.97,6738,16303231.00,1.70,-0.12,-0.03,2.55
2020-03-30,23.71,23.67,23.81,23.10,5612,13188208.00,2.95,-1.50,-0.36,2.12
2020-03-31,23.90,23.69,24.15,23.64,3728,8885083.00,2.15,0.08,0.02,1.41
2020-04-01,23.60,23.73,24.26,23.56,5946,14251970.00,2.95,0.17,0.04,2.25
2020-04-02,23.50,24.00,24.14,23.50,5841,13914851.00,2.70,1.14,0.27,2.21
2020-04-03,23.96,23.75,24.12,23.63,5062,12083987.00,2.04,-1.04,-0.25,1.91
2020-04-07,24.00,24.33,24.37,23.98,9377,22687723.00,1.64,2.44,0.58,3.54
2020-04-08,24.07,25.80,25.90,24.07,23697,59533223.00,7.52,6.04,1.47,8.96
2020-04-09,25.95,25.38,26.28,25.22,24798,63573305.00,4.11,-1.63,-0.42,9.37
2020-04-10,25.28,24.93,25.60,24.88,11717,29558778.00,2.84,-1.77,-0.45,4.43
2020-04-13,24.93,27.42,27.42,24.24,43735,115646411.00,12.76,9.99,2.49,16.53
2020-04-14,27.11,27.68,28.45,26.88,66936,184639977.00,5.73,0.95,0.26,25.30
2020-04-15,27.10,26.61,27.51,26.56,40667,110210956.00,3.43,-3.87,-1.07,15.37
2020-04-16,26.29,25.96,26.56,25.78,29499,76996191.00,2.93,-2.44,-0.65,11.15
2020-04-17,25.90,25.90,26.30,25.35,28931,74719729.00,3.66,-0.23,-0.06,10.94
2020-04-20,25.80,28.49,28.49,25.52,49088,134395079.00,11.47,10.00,2.59,18.56
2020-04-21,28.49,28.85,29.70,28.00,78902,228887837.00,5.97,1.26,0.36,29.83
2020-04-22,28.57,27.80,28.70,27.45,52839,148114310.00,4.33,-3.64,-1.05,19.97
2020-04-23,28.05,27.16,28.20,27.00,36526,100317072.00,4.32,-2.30,-0.64,13.81
2020-04-24,27.90,27.35,27.96,27.15,35365,97323534.00,2.98,0.70,0.19,13.37
2020-04-27,26.84,27.13,27.88,26.68,29343,80448294.00,4.39,-0.80,-0.22,11.09
2020-04-28,26.78,25.38,27.09,24.42,29724,75958515.00,9.84,-6.45,-1.75,11.24
2020-04-29,25.06,25.29,25.78,25.00,16022,40791600.00,3.07,-0.35,-0.09,6.06
2020-04-30,25.41,25.75,25.85,25.41,15521,39853662.00,1.74,1.82,0.46,5.87
2020-05-06,25.60,26.23,26.35,25.29,12373,32254940.00,4.12,1.86,0.48,4.68
2020-05-07,26.25,26.48,26.76,25.77,21902,57440314.00,3.77,0.95,0.25,8.28
2020-05-08,26.44,26.34,26.77,26.23,17501,46284290.00,2.04,-0.53,-0.14,6.62
2020-05-11,26.49,26.40,26.78,26.10,12326,32515725.00,2.58,0.23,0.06,4.66
2020-05-12,26.50,26.69,26.69,25.98,12883,34054968.00,2.69,1.10,0.29,4.87
2020-05-13,26.54,27.30,27.42,26.39,18933,51306217.00,3.86,2.29,0.61,7.16
2020-05-14,27.10,27.30,27.77,26.85,21515,58852534.00,3.37,0.00,0.00,8.13
2020-05-15,27.62,27.09,27.62,27.00,13460,36621683.00,2.27,-0.77,-0.21,5.09
2020-05-18,26.98,26.43,27.29,26.34,12051,32263597.00,3.51,-2.44,-0.66,4.56
2020-05-19,26.77,26.74,26.77,26.33,10321,27454413.00,1.66,1.17,0.31,3.90
2020-05-20,26.74,26.18,26.94,26.13,9143,24247822.00,3.03,-2.09,-0.56,3.46
2020-05-21,26.38,25.88,26.56,25.67,11475,29837033.00,3.40,-1.15,-0.30,4.34
2020-05-22,25.82,25.16,25.85,25.11,9636,24475109.00,2.86,-2.78,-0.72,3.64
2020-05-25,25.38,26.08,26.10,25.16,9529,24437868.00,3.74,3.66,0.92,3.60
2020-05-26,26.04,26.46,26.52,25.80,9689,25446459.00,2.76,1.46,0.38,3.66
2020-05-27,26.46,26.71,26.86,26.24,13317,35477836.00,2.34,0.94,0.25,5.03
2020-05-28,26.73,26.35,26.84,25.79,10709,28141064.00,3.93,-1.35,-0.36,4.05
2020-05-29,26.30,26.49,27.00,26.01,11422,30477496.00,3.76,0.53,0.14,4.32
2020-06-01,26.60,27.21,27.28,26.57,17882,48405049.00,2.68,2.72,0.72,6.76
2020-06-02,27.32,27.21,27.47,27.07,12834,34960271.00,1.47,0.00,0.00,4.85
2020-06-03,27.21,27.25,27.45,26.90,14174,38582301.00,2.02,0.15,0.04,5.36
2020-06-04,27.55,27.34,27.55,27.15,13992,38270130.00,1.47,0.33,0.09,5.29
2020-06-05,27.61,27.23,27.95,26.80,14834,40431216.00,4.21,-0.40,-0.11,5.47
2020-06-08,27.31,27.29,27.56,27.10,10280,28108989.00,1.69,0.22,0.06,3.79
2020-06-09,27.45,27.29,27.45,26.92,8593,23350190.00,1.94,0.00,0.00,3.17
2020-06-10,29.95,27.39,29.95,27.33,24146,67290652.00,9.60,0.37,0.10,8.90
2020-06-11,26.90,26.76,27.30,26.30,15285,40851685.00,3.65,-2.30,-0.63,5.63
2020-06-12,16.29,16.51,16.93,16.06,20799,34367570.00,3.25,-38.30,-10.25,4.79
2020-06-15,16.39,16.26,16.61,16.26,16318,26799223.00,2.12,-1.51,-0.25,3.76
2020-06-16,16.46,16.32,16.48,16.21,12089,19720461.00,1.66,0.37,0.06,2.79
2020-06-17,16.38,16.38,16.47,16.23,12218,19968023.00,1.47,0.37,0.06,2.81
2020-06-18,16.47,16.17,16.47,16.08,14748,23875247.00,2.38,-1.28,-0.21,3.40
2020-06-19,16.18,16.11,16.25,16.05,12334,19903034.00,1.24,-0.37,-0.06,2.84
2020-06-22,16.19,16.65,16.68,15.92,29451,48122190.00,4.72,3.35,0.54,6.79
2020-06-23,16.67,16.26,16.67,16.23,17817,29230522.00,2.64,-2.34,-0.39,4.10
2020-06-24,16.25,16.10,16.33,16.06,12404,20023247.00,1.66,-0.98,-0.16,2.86
2020-06-29,16.01,15.71,16.17,15.67,14770,23395042.00,3.11,-2.42,-0.39,3.40
2020-06-30,15.65,16.17,16.19,15.65,15277,24479986.00,3.44,2.93,0.46,3.52
2020-07-01,16.27,16.11,16.27,16.01,10694,17265733.00,1.61,-0.37,-0.06,2.46
2020-07-02,16.09,16.18,16.24,16.01,11010,17780707.00,1.43,0.43,0.07,2.54
2020-07-03,16.20,16.36,16.49,16.10,19734,32146206.00,2.41,1.11,0.18,4.55
2020-07-06,16.60,16.95,16.97,16.38,31442,52693483.00,3.61,3.61,0.59,7.24
2020-07-07,17.01,17.02,17.25,16.75,39853,68012486.00,2.95,0.41,0.07,9.18
2020-07-08,16.90,17.37,17.48,16.80,39174,67221970.00,4.00,2.06,0.35,9.02
2020-07-09,17.47,17.54,17.70,17.21,43096,75176850.00,2.82,0.98,0.17,9.93
2020-07-10,17.55,17.17,17.66,17.09,34019,59133512.00,3.25,-2.11,-0.37,7.84
2020-07-13,17.19,17.85,17.94,17.18,41037,72344448.00,4.43,3.96,0.68,9.45
2020-07-14,18.15,17.69,18.15,17.25,32821,57866936.00,5.04,-0.90,-0.16,7.56
2020-07-15,17.65,17.24,17.86,17.20,22547,39273389.00,3.73,-2.54,-0.45,5.19
2020-07-16,17.24,17.03,17.98,16.98,46123,80923688.00,5.80,-1.22,-0.21,10.63
2020-07-17,17.03,16.96,17.37,16.70,26300,44572233.00,3.93,-0.41,-0.07,6.06
2020-07-20,16.97,17.96,18.10,16.97,40286,71486479.00,6.66,5.90,1.00,9.28
2020-07-21,17.82,17.58,17.93,17.47,27199,47961260.00,2.56,-2.12,-0.38,6.27
2020-07-22,17.59,18.07,18.48,17.48,48097,86474806.00,5.69,2.79,0.49,11.08
2020-07-23,17.84,17.64,17.96,17.10,33621,58940663.00,4.76,-2.38,-0.43,7.75
2020-07-24,17.47,17.21,17.77,17.06,29408,50953878.00,4.02,-2.44,-0.43,6.78
2020-07-27,17.26,17.42,17.52,16.96,17420,29986800.00,3.25,1.22,0.21,4.01
2020-07-28,17.55,17.42,17.79,17.32,27336,48031554.00,2.70,0.00,0.00,6.30
2020-07-29,17.36,17.64,17.70,17.02,24789,43141378.00,3.90,1.26,0.22,5.71
2020-07-30,17.66,17.42,17.95,17.32,24087,42519715.00,3.57,-1.25,-0.22,5.55
2020-07-31,17.37,17.45,17.67,17.30,19383,33859484.00,2.12,0.17,0.03,4.47
2020-08-03,17.70,18.12,18.12,17.55,36364,65072366.00,3.27,3.84,0.67,8.38
2020-08-04,18.15,17.90,18.62,17.57,41343,74002507.00,5.79,-1.21,-0.22,9.52
2020-08-05,17.90,17.90,18.08,17.55,26310,46878654.00,2.96,0.00,0.00,6.06
2020-08-06,18.16,17.73,18.16,17.53,19811,35073464.00,3.52,-0.95,-0.17,4.56
2020-08-07,17.73,17.51,17.76,17.26,24297,42409356.00,2.82,-1.24,-0.22,5.60
2020-08-10,17.40,17.69,17.95,17.40,16212,28691579.00,3.14,1.03,0.18,3.74
2020-08-11,17.71,17.99,18.36,17.52,46408,83627582.00,4.75,1.70,0.30,10.69
2020-08-12,18.03,18.33,18.43,17.42,42931,77040944.00,5.61,1.89,0.34,9.89
2020-08-13,18.38,19.25,19.44,18.35,70929,134664490.00,5.95,5.02,0.92,16.34
2020-08-14,18.90,18.72,19.00,18.51,39628,74289976.00,2.55,-2.75,-0.53,9.13
2020-08-17,18.65,18.87,19.17,18.60,33729,63689653.00,3.04,0.80,0.15,7.77
2020-08-18,18.87,18.37,18.91,18.26,35363,65318953.00,3.44,-2.65,-0.50,8.15
2020-08-19,18.44,18.13,18.68,18.10,23356,42951503.00,3.16,-1.31,-0.24,5.38
2020-08-20,17.93,18.00,18.27,17.85,17370,31356683.00,2.32,-0.72,-0.13,4.00
2020-08-21,18.00,18.39,18.66,18.00,20871,38233854.00,3.67,2.17,0.39,4.81
2020-08-24,18.36,18.30,18.64,18.20,14441,26498311.00,2.39,-0.49,-0.09,3.33
2020-08-25,18.28,19.26,20.09,18.20,65344,124988406.00,10.33,5.25,0.96,15.05
2020-08-26,19.01,19.11,20.13,18.84,56020,109258963.00,6.70,-0.78,-0.15,12.91
2020-08-27,18.96,18.96,19.25,18.38,28803,54541530.00,4.55,-0.78,-0.15,6.64
2020-08-28,19.20,19.36,19.49,18.67,35909,69060148.00,4.32,2.11,0.40,8.27
2020-08-31,19.22,20.53,21.20,19.10,87662,179776544.00,10.85,6.04,1.17,20.20
2020-09-01,20.08,20.46,20.65,19.82,54357,109815150.00,4.04,-0.34,-0.07,12.52
2020-09-02,20.20,19.85,20.37,19.58,42099,83834866.00,3.86,-2.98,-0.61,9.70
2020-09-03,19.84,19.37,19.96,19.31,26623,52130357.00,3.27,-2.42,-0.48,6.13
2020-09-04,19.11,19.45,19.65,19.01,19679,38155657.00,3.30,0.41,0.08,4.53
2020-09-07,19.40,18.72,19.57,18.72,26680,50957433.00,4.37,-3.75,-0.73,6.15
2020-09-08,18.71,18.80,18.98,18.62,17294,32488459.00,1.92,0.43,0.08,3.98
2020-09-09,18.69,18.02,18.86,18.01,25324,46578702.00,4.52,-4.15,-0.78,5.83
2020-09-10,18.37,16.91,18.37,16.78,27248,47568667.00,8.82,-6.16,-1.11,6.28
2020-09-11,16.69,16.96,17.07,16.45,16302,27460906.00,3.67,0.30,0.05,3.76
2020-09-14,16.97,17.16,17.24,16.96,12726,21752061.00,1.65,1.18,0.20,2.93
2020-09-15,17.20,16.97,17.20,16.78,11132,18872971.00,2.45,-1.11,-0.19,2.56
2020-09-16,16.98,17.37,17.75,16.91,18235,31588873.00,4.95,2.36,0.40,4.20
2020-09-17,17.28,17.25,17.54,17.13,10996,19031054.00,2.36,-0.69,-0.12,2.53
2020-09-18,17.34,17.34,17.43,17.19,9192,15905978.00,1.39,0.52,0.09,2.12
2020-09-21,17.30,17.17,17.41,17.12,10901,18802679.00,1.67,-0.98,-0.17,2.51
2020-09-22,17.08,16.82,17.12,16.79,10923,18454340.00,1.92,-2.04,-0.35,2.52
2020-09-23,16.94,18.50,18.50,16.84,61291,111363623.00,9.87,9.99,1.68,14.12
2020-09-24,18.45,20.35,20.35,17.61,119960,238825260.00,14.81,10.00,1.85,27.64
2020-09-25,20.04,22.37,22.39,20.04,213086,465468960.00,11.55,9.93,2.02,49.09
2020-09-28,21.53,21.16,22.28,20.13,159811,334970496.00,9.61,-5.41,-1.21,36.82
2020-09-29,21.21,21.94,22.47,20.75,96513,208057861.00,8.13,3.69,0.78,22.23
2020-09-30,23.20,24.13,24.13,22.00,107466,251456567.00,9.71,9.98,2.19,24.76
2020-10-09,26.54,26.54,26.54,25.36,59235,156341148.00,4.89,9.99,2.41,13.65
2020-10-12,27.99,25.19,28.78,23.89,154233,399149920.00,18.43,-5.09,-1.35,35.53
2020-10-13,23.99,23.10,25.00,22.92,175133,413474432.00,8.26,-8.30,-2.09,40.35
2020-10-14,20.79,21.18,21.69,20.79,130402,275868320.00,3.90,-8.31,-1.92,30.04
2020-10-15,20.80,21.81,21.98,20.61,96354,207320444.00,6.47,2.97,0.63,22.20
2020-10-16,21.58,20.90,21.58,20.81,62441,131448271.00,3.53,-4.17,-0.91,14.39
2020-10-19,20.85,21.08,21.30,20.44,49038,102767863.00,4.11,0.86,0.18,11.30
2020-10-20,20.86,21.64,21.96,20.58,66202,141146623.00,6.55,2.66,0.56,15.25
2020-10-21,21.41,20.99,21.54,20.90,42887,90488989.00,2.96,-3.00,-0.65,9.88
2020-10-22,20.70,20.98,21.35,20.02,43940,91322350.00,6.34,-0.05,-0.01,10.12
2020-10-23,21.00,19.80,21.15,19.78,50804,103341539.00,6.53,-5.62,-1.18,11.70
2020-10-26,19.95,19.61,20.00,19.44,32586,64248931.00,2.83,-0.96,-0.19,7.51
2020-10-27,19.80,19.54,19.82,19.40,25452,49918342.00,2.14,-0.36,-0.07,5.86
2020-10-28,19.60,19.43,19.60,18.98,30987,59724641.00,3.17,-0.56,-0.11,7.14
2020-10-29,19.02,19.20,19.33,18.80,32158,61305403.00,2.73,-1.18,-0.23,7.41
2020-10-30,19.30,18.58,19.39,18.43,29427,55692732.00,5.00,-3.23,-0.62,6.78
2020-11-02,18.83,18.90,19.28,18.57,26232,49569539.00,3.82,1.72,0.32,6.04
2020-11-03,19.10,19.45,19.54,18.82,38313,73643195.00,3.81,2.91,0.55,8.83
2020-11-04,19.45,19.50,19.63,19.06,29109,56352978.00,2.93,0.26,0.05,6.71
2020-11-05,19.65,19.93,20.06,19.42,46918,93022576.00,3.28,2.21,0.43,10.81
2020-11-06,19.80,19.42,19.90,19.24,34381,67093725.00,3.31,-2.56,-0.51,7.92
2020-11-09,19.59,19.66,19.93,19.40,30098,59194540.00,2.73,1.24,0.24,6.93
2020-11-10,19.68,19.74,19.93,19.53,28576,56434973.00,2.03,0.41,0.08,6.58
2020-11-11,19.74,19.56,19.74,19.30,22331,43481456.00,2.23,-0.91,-0.18,5.14
2020-11-12,19.56,19.66,19.80,19.35,21954,43035409.00,2.30,0.51,0.10,5.06
2020-11-13,19.75,19.67,19.75,19.39,19468,38160171.00,1.83,0.05,0.01,4.49
2020-11-16,19.70,20.01,20.01,19.63,27573,54777530.00,1.93,1.73,0.34,6.35
2020-11-17,20.10,19.87,20.39,19.66,32902,65491484.00,3.65,-0.70,-0.14,7.58
2020-11-18,19.91,20.15,20.42,19.67,36384,72871316.00,3.77,1.41,0.28,8.38
2020-11-19,20.20,20.32,20.50,19.88,37237,75278555.00,3.08,0.84,0.17,8.58
2020-11-20,20.21,20.27,20.48,20.09,25825,52390911.00,1.92,-0.25,-0.05,5.95
2020-11-23,20.22,20.71,20.77,19.97,46376,94644961.00,3.95,2.17,0.44,10.68
2020-11-24,20.70,20.72,20.85,20.44,32573,67201296.00,1.98,0.05,0.01,7.50
2020-11-25,20.81,20.37,20.81,20.32,28881,59221969.00,2.36,-1.69,-0.35,6.65
2020-11-26,20.28,20.87,21.07,20.11,38984,80201093.00,4.71,2.45,0.50,8.98
2020-11-27,20.80,20.58,21.10,20.48,30610,63539671.00,2.97,-1.39,-0.29,7.05
2020-11-30,20.58,20.78,21.15,20.30,42155,87887551.00,4.13,0.97,0.20,9.71
2020-12-01,20.77,21.29,21.58,20.65,53410,113306612.00,4.48,2.45,0.51,12.30
2020-12-02,21.38,21.31,21.73,20.94,44518,94610756.00,3.71,0.09,0.02,10.26
2020-12-03,21.30,21.58,21.80,21.04,47337,101602080.00,3.57,1.27,0.27,10.91
2020-12-04,21.64,21.34,21.75,21.34,34927,75025225.00,1.90,-1.11,-0.24,8.05
2020-12-07,21.33,19.57,21.34,19.42,59712,120601020.00,9.00,-8.29,-1.77,13.76
2020-12-08,19.17,18.48,19.28,18.40,51206,95869411.00,4.50,-5.57,-1.09,11.80
2020-12-09,18.49,18.03,18.65,17.99,26277,47978697.00,3.57,-2.44,-0.45,6.05
2020-12-10,18.13,18.13,18.39,17.80,19227,34912131.00,3.27,0.55,0.10,4.43
2020-12-11,18.26,18.00,18.50,17.82,24861,45201019.00,3.75,-0.72,-0.13,5.73
2020-12-14,18.00,17.88,18.06,17.68,18894,33712783.00,2.11,-0.67,-0.12,4.35
2020-12-15,17.80,17.77,18.03,17.75,12802,22820747.00,1.57,-0.62,-0.11,2.95
2020-12-16,17.71,17.27,17.86,17.15,24674,43067170.00,4.00,-2.81,-0.50,5.68
2020-12-17,17.23,17.32,17.44,16.92,18598,31959361.00,3.01,0.29,0.05,4.28
2020-12-18,17.26,17.68,17.98,17.16,25105,44065038.00,4.73,2.08,0.36,5.78
2020-12-21,17.73,17.77,17.99,17.55,17974,31964416.00,2.49,0.51,0.09,4.14
2020-12-22,18.00,17.67,18.00,17.57,17082,30356161.00,2.42,-0.56,-0.10,3.94
2020-12-23,17.68,18.07,18.18,17.55,25555,45897612.00,3.57,2.26,0.40,5.89
2020-12-24,18.13,18.00,18.54,17.93,26811,48900533.00,3.38,-0.39,-0.07,6.18
2020-12-25,18.00,17.80,18.23,17.63,19314,34535304.00,3.33,-1.11,-0.20,4.45
2020-12-28,17.80,17.59,17.83,17.38,19463,34128903.00,2.53,-1.18,-0.21,4.48
2020-12-29,17.50,17.94,18.19,17.36,22639,40347778.00,4.72,1.99,0.35,5.22
2020-12-30,17.90,17.75,18.32,17.73,17863,32035636.00,3.29,-1.06,-0.19,4.12
2020-12-31,17.83,18.03,18.55,17.66,30847,56151936.00,5.01,1.58,0.28,7.11
2021-01-04,18.17,17.85,18.47,17.80,30829,55571631.00,3.72,-1.00,-0.18,7.10
2021-01-05,17.82,17.39,17.83,17.26,25559,44746050.00,3.19,-2.58,-0.46,5.89
2021-01-06,17.75,15.66,17.75,15.65,55306,90679524.00,12.08,-9.95,-1.73,12.74
2021-01-07,15.63,14.68,15.63,14.31,47998,71502925.00,8.43,-6.26,-0.98,11.06
2021-01-08,14.75,15.14,15.43,14.06,36274,53953533.00,9.33,3.13,0.46,8.36
2021-01-11,14.99,14.42,14.99,14.25,22959,33486768.00,4.89,-4.76,-0.72,5.29
2021-01-12,14.41,14.65,15.09,14.33,14985,22031931.00,5.27,1.60,0.23,3.45
2021-01-13,14.65,14.60,14.76,14.32,15519,22538766.00,3.00,-0.34,-0.05,3.58
2021-01-14,14.60,14.66,14.96,14.34,19868,29091891.00,4.25,0.41,0.06,4.58
2021-01-15,14.60,14.80,15.15,14.60,23078,34311024.00,3.75,0.95,0.14,5.32
2021-01-18,14.81,15.20,15.35,14.78,18013,27265239.00,3.85,2.70,0.40,4.15
2021-01-19,15.43,16.72,16.72,15.40,39176,63172389.00,8.68,10.00,1.52,9.03
2021-01-20,16.99,16.91,17.71,16.24,60180,103056874.00,8.79,1.14,0.19,13.86
2021-01-21,17.11,16.46,17.22,16.40,38593,64288073.00,4.85,-2.66,-0.45,8.89
2021-01-22,16.20,16.00,16.38,16.00,21554,34793285.00,2.31,-2.79,-0.46,4.97
2021-01-25,16.01,15.57,16.30,15.51,19740,31043836.00,4.94,-2.69,-0.43,4.55
2021-01-26,15.57,15.60,15.78,15.30,16985,26344810.00,3.08,0.19,0.03,3.91
2021-01-27,15.53,15.28,15.61,15.07,18872,28819868.00,3.46,-2.05,-0.32,4.35
2021-01-28,15.29,15.19,15.58,15.11,13499,20682022.00,3.08,-0.59,-0.09,3.11
2021-01-29,15.16,14.85,15.28,14.70,16549,24844254.00,3.82,-2.24,-0.34,3.81
2021-02-01,14.89,15.01,15.09,14.65,12413,18485099.00,2.96,1.08,0.16,2.86
2021-02-02,14.82,15.17,15.20,14.81,12558,18891688.00,2.60,1.07,0.16,2.89
2021-02-03,15.28,14.66,15.29,14.65,11445,16960534.00,4.22,-3.36,-0.51,2.64
2021-02-04,14.67,14.21,14.67,14.12,11778,16848599.00,3.75,-3.07,-0.45,2.71
2021-02-05,14.27,13.62,14.46,13.57,13432,18732434.00,6.26,-4.15,-0.59,3.09
2021-02-08,13.62,13.39,13.86,13.33,10876,14712124.00,3.89,-1.69,-0.23,2.51
2021-02-09,13.42,13.60,13.69,13.29,10719,14456658.00,2.99,1.57,0.21,2.47
2021-02-10,13.60,13.59,13.76,13.43,9605,13005731.00,2.43,-0.07,-0.01,2.21
2021-02-18,13.80,14.08,14.24,13.75,13802,19392963.00,3.61,3.61,0.49,3.18
2021-02-19,14.08,14.67,14.69,13.95,11344,16388846.00,5.26,4.19,0.59,2.61
2021-02-22,14.67,14.49,14.94,14.49,16390,24142623.00,3.07,-1.23,-0.18,3.78
2021-02-23,14.49,14.55,14.80,14.30,10830,15790918.00,3.45,0.41,0.06,2.50
2021-02-24,14.56,14.67,14.84,14.54,8968,13202802.00,2.06,0.82,0.12,2.07
2021-02-25,15.01,14.60,15.11,14.60,11887,17575669.00,3.48,-0.48,-0.07,2.74
2021-02-26,14.48,14.79,14.94,14.41,13076,19330307.00,3.63,1.30,0.19,3.01
2021-03-01,14.89,15.06,15.08,14.79,11484,17207388.00,1.96,1.83,0.27,2.65
2021-03-02,15.10,14.88,15.15,14.76,11466,17087387.00,2.59,-1.20,-0.18,2.64
2021-03-03,14.85,15.51,15.56,14.84,21981,33552505.00,4.84,4.23,0.63,5.06
2021-03-04,15.40,15.52,15.89,15.30,22013,34397345.00,3.80,0.06,0.01,5.07
2021-03-05,15.36,15.60,15.69,15.33,13728,21398498.00,2.32,0.52,0.08,3.16
2021-03-08,15.60,15.44,15.82,15.30,11549,17959384.00,3.33,-1.03,-0.16,2.66
2021-03-09,15.35,14.89,15.49,14.80,10639,16045933.00,4.47,-3.56,-0.55,2.45
2021-03-10,14.89,14.78,15.05,14.63,7051,10415691.00,2.82,-0.74,-0.11,1.62
2021-03-11,14.81,15.17,15.48,14.52,12292,18498166.00,6.50,2.64,0.39,2.83
2021-03-12,15.17,15.10,15.32,15.03,6403,9694236.00,1.91,-0.46,-0.07,1.48
2021-03-15,15.25,14.93,15.25,14.82,7823,11725588.00,2.85,-1.13,-0.17,1.80
2021-03-16,14.93,15.08,15.18,14.80,7935,11922058.00,2.55,1.00,0.15,1.83
2021-03-17,15.06,15.20,15.28,14.98,12469,18902252.00,1.99,0.80,0.12,2.87
2021-03-18,15.30,15.21,15.32,15.15,7470,11379752.00,1.12,0.07,0.01,1.72
2021-03-19,15.20,15.00,15.56,13.69,19986,30302188.00,12.29,-1.38,-0.21,4.60
2021-03-22,14.93,15.32,15.46,14.93,14499,22168381.00,3.53,2.13,0.32,3.34
2021-03-23,15.51,15.01,15.52,14.93,10175,15392673.00,3.85,-2.02,-0.31,2.34
2021-03-24,15.01,14.97,15.23,14.86,8898,13353849.00,2.47,-0.27,-0.04,2.05
2021-03-25,14.80,14.85,15.01,14.70,7758,11508005.00,2.07,-0.80,-0.12,1.79
2021-03-26,14.84,14.92,15.03,14.51,9049,13411759.00,3.50,0.47,0.07,2.08
2021-03-29,14.75,15.20,15.48,14.75,16268,24718938.00,4.89,1.88,0.28,3.75
2021-03-30,15.19,14.92,15.20,14.81,10066,15026078.00,2.57,-1.84,-0.28,2.32
2021-03-31,14.92,15.08,15.15,14.82,8949,13413223.00,2.21,1.07,0.16,2.06
2021-04-01,15.44,16.59,16.59,15.44,35997,58994836.00,7.63,10.01,1.51,8.29
2021-04-02,16.78,16.15,16.78,16.00,72798,118699479.00,4.70,-2.65,-0.44,16.77
2021-04-06,15.69,16.11,16.11,15.69,38837,61672040.00,2.60,-0.25,-0.04,3.04
2021-04-07,15.86,15.96,16.22,15.71,27476,43774832.00,3.17,-0.93,-0.15,2.15
2021-04-08,15.99,15.68,16.14,15.61,21444,33860152.00,3.32,-1.75,-0.28,1.68
2021-04-09,15.76,15.79,15.91,15.71,15968,25219853.00,1.28,0.70,0.11,1.25
2021-04-12,15.91,16.48,16.59,15.72,48747,79491339.00,5.51,4.37,0.69,3.82
2021-04-13,16.15,16.12,16.37,15.92,26501,42905074.00,2.73,-2.18,-0.36,2.08
2021-04-14,16.02,16.69,16.99,16.01,40970,67867691.00,6.08,3.54,0.57,3.21
2021-04-15,16.69,16.70,16.88,16.37,26299,43687888.00,3.06,0.06,0.01,2.06
2021-04-16,16.58,17.07,17.30,16.58,33299,56630148.00,4.31,2.22,0.37,2.61
2021-04-19,17.11,17.02,17.14,16.65,29295,49513913.00,2.87,-0.29,-0.05,2.30
2021-04-20,16.90,16.66,17.18,16.51,28511,47800348.00,3.94,-2.12,-0.36,2.23
2021-04-21,16.50,16.83,16.95,16.42,19681,32888685.00,3.18,1.02,0.17,1.54
2021-04-22,16.73,16.68,16.95,16.58,20567,34439874.00,2.20,-0.89,-0.15,1.61
2021-04-23,16.98,16.62,16.98,16.41,24263,40483569.00,3.42,-0.36,-0.06,1.90
2021-04-26,16.62,16.58,16.98,16.46,22925,38425939.00,3.13,-0.24,-0.04,1.80
2021-04-27,16.57,16.68,16.73,16.10,19218,31649447.00,3.80,0.60,0.10,1.51
2021-04-28,16.70,16.46,16.70,16.35,12326,20325952.00,2.10,-1.32,-0.22,0.97
2021-04-29,16.45,16.56,16.68,16.21,15657,25743285.00,2.86,0.61,0.10,1.23
2021-04-30,16.54,15.73,16.54,15.73,20677,33196108.00,4.89,-5.01,-0.83,1.62
2021-05-06,15.80,15.81,15.88,15.50,13413,21091274.00,2.42,0.51,0.08,1.05
2021-05-07,15.68,15.50,15.95,15.48,13822,21718486.00,2.97,-1.96,-0.31,1.08
2021-05-10,15.41,15.73,15.75,15.41,9319,14544554.00,2.19,1.48,0.23,0.73
2021-05-11,15.73,15.85,15.97,15.51,8696,13674910.00,2.92,0.76,0.12,0.68
2021-05-12,15.85,15.74,15.86,15.58,8820,13838295.00,1.77,-0.69,-0.11,0.69
2021-05-13,15.56,15.66,15.90,15.56,7224,11379358.00,2.16,-0.51,-0.08,0.57
2021-05-14,15.81,15.87,15.96,15.61,10403,16424583.00,2.23,1.34,0.21,0.82
2021-05-17,15.90,15.47,15.90,15.42,11430,17832429.00,3.02,-2.52,-0.40,0.90
2021-05-18,15.40,15.16,15.47,15.13,11765,17899416.00,2.20,-2.00,-0.31,0.92
2021-05-19,15.16,15.15,15.25,15.05,7543,11427753.00,1.32,-0.07,-0.01,0.59
2021-05-20,15.18,15.19,15.28,15.12,6378,9688537.00,1.06,0.26,0.04,0.50
2021-05-21,15.20,15.37,15.41,15.20,6971,10665642.00,1.38,1.18,0.18,0.55
2021-05-24,15.38,15.36,15.72,15.28,10932,16930468.00,2.86,-0.07,-0.01,0.86
2021-05-25,15.29,16.36,16.90,15.15,33618,53892487.00,11.39,6.51,1.00,2.64
2021-05-26,16.30,16.85,17.58,16.02,39324,66546755.00,9.54,3.00,0.49,3.08
2021-05-27,16.73,16.53,16.94,16.21,24846,41072616.00,4.33,-1.90,-0.32,1.95
2021-05-28,16.40,16.42,16.64,16.30,10520,17336201.00,2.06,-0.67,-0.11,0.82
2021-05-31,17.15,18.06,18.06,17.05,87049,154181399.00,6.15,9.99,1.64,6.82
2021-06-01,18.10,18.30,18.68,17.70,79705,145305218.00,5.43,1.33,0.24,6.25
2021-06-02,18.62,20.13,20.13,18.62,39681,79133239.00,8.25,10.00,1.83,3.11
2021-06-03,20.50,21.00,21.80,19.70,104115,216883867.00,10.43,4.32,0.87,8.16
2021-06-04,20.23,20.90,20.95,19.68,50500,103309192.00,6.05,-0.48,-0.10,3.96
2021-06-07,20.75,20.49,21.50,19.60,49214,99390805.00,9.09,-1.96,-0.41,3.86
2021-06-08,14.63,14.65,14.93,14.30,56495,82954514.00,3.07,-28.50,-5.84,3.16
2021-06-09,14.63,15.02,15.66,14.00,76061,113585546.00,11.33,2.53,0.37,4.26
2021-06-10,14.70,15.47,15.85,14.50,65689,100259799.00,8.99,3.00,0.45,3.68
2021-06-11,15.66,15.27,15.69,14.58,55077,83398611.00,7.18,-1.29,-0.20,3.08
2021-06-15,15.27,15.03,15.58,14.75,32050,48171181.00,5.44,-1.57,-0.24,1.79
2021-06-16,14.79,15.05,15.44,14.52,36808,55148248.00,6.12,0.13,0.02,2.06
2021-06-17,14.97,14.60,15.06,14.60,26057,38546651.00,3.06,-2.99,-0.45,1.46
2021-06-18,14.62,14.88,14.99,14.45,31518,46722901.00,3.70,1.92,0.28,1.76
2021-06-21,14.84,14.82,15.37,14.65,41953,62932777.00,4.84,-0.40,-0.06,2.35
2021-06-22,14.86,14.85,15.15,14.62,31241,46416577.00,3.58,0.20,0.03,1.75
2021-06-23,14.88,14.57,15.05,14.50,36837,54149316.00,3.70,-1.89,-0.28,2.06
2021-06-24,14.51,13.72,14.66,13.61,50528,70611928.00,7.21,-5.83,-0.85,2.83
2021-06-25,13.92,13.26,13.92,13.08,48479,64562520.00,6.12,-3.35,-0.46,2.71
2021-06-28,13.33,13.22,13.41,13.13,21884,29034722.00,2.11,-0.30,-0.04,1.23
2021-06-29,13.21,13.04,13.48,12.95,30179,39628834.00,4.01,-1.36,-0.18,1.69
2021-06-30,13.00,13.18,13.34,12.96,19803,26020782.00,2.91,1.07,0.14,1.11
2021-07-01,13.18,13.01,13.30,12.86,27474,36030652.00,3.34,-1.29,-0.17,1.54
2021-07-02,12.90,12.85,13.05,12.75,24599,31685875.00,2.31,-1.23,-0.16,1.38
2021-07-05,12.85,13.06,13.10,12.73,23045,29711255.00,2.88,1.63,0.21,1.29
2021-07-06,13.09,12.90,13.09,12.69,20406,26241698.00,3.06,-1.23,-0.16,1.14
2021-07-07,12.75,12.76,13.04,12.60,43819,55799169.00,3.41,-1.09,-0.14,2.45
2021-07-08,12.69,12.62,12.84,12.45,25241,31897486.00,3.06,-1.10,-0.14,1.41
2021-07-09,12.63,12.58,12.81,12.50,25713,32380042.00,2.46,-0.32,-0.04,1.44
2021-07-12,12.62,12.75,12.93,12.50,33372,42439131.00,3.42,1.35,0.17,1.87
2021-07-13,12.80,12.49,12.97,12.46,24703,31154833.00,4.00,-2.04,-0.26,1.38
2021-07-14,12.50,12.31,12.67,12.09,26655,32876490.00,4.64,-1.44,-0.18,1.49
2021-07-15,12.27,12.34,12.58,12.07,41225,50775813.00,4.14,0.24,0.03,2.31
2021-07-16,12.43,12.19,12.46,12.13,25481,31147887.00,2.67,-1.22,-0.15,1.43
