2021-03-09,9.28,9.28,9.28,9.28,3002,2785670.00,0.00,9.95,0.84,0.48
2021-03-10,10.21,10.21,10.21,10.21,1784,1821790.00,0.00,10.02,0.93,0.29
2021-03-11,11.23,11.23,11.23,11.23,1994,2239666.00,0.00,9.99,1.02,0.32
2021-03-12,12.35,12.35,12.35,12.35,11023,13613491.00,0.00,9.97,1.12,1.78
2021-03-15,13.59,13.59,13.59,13.59,103088,140096197.00,0.00,10.04,1.24,16.63
2021-03-16,13.99,14.95,14.95,12.23,427448,578106864.00,20.01,10.01,1.36,68.94
2021-03-17,14.80,16.45,16.45,14.14,217633,336192960.00,15.45,10.03,1.50,35.10
2021-03-18,15.50,18.10,18.10,15.20,422939,720383728.00,17.63,10.03,1.65,68.22
2021-03-19,18.10,19.91,19.91,17.20,201769,383016352.00,14.97,10.00,1.81,32.54
2021-03-22,21.90,21.90,21.90,21.90,27480,60182163.00,0.00,9.99,1.99,4.43
2021-03-23,23.99,24.09,24.09,23.40,98676,235891217.00,3.15,10.00,2.19,15.92
2021-03-24,25.99,26.50,26.50,24.10,246933,646259872.00,9.96,10.00,2.41,39.83
2021-03-25,28.69,29.15,29.15,25.15,446972,1236389536.00,15.09,10.00,2.65,72.09
2021-03-26,28.86,32.07,32.07,28.39,307705,961570560.00,12.62,10.02,2.92,49.63
2021-03-29,33.99,35.28,35.28,33.10,217116,752808080.00,6.80,10.01,3.21,35.02
2021-03-30,37.00,38.81,38.81,35.28,267146,1000454848.00,10.01,10.01,3.53,43.09
2021-03-31,39.66,42.69,42.69,39.66,141168,589451152.00,7.81,10.00,3.88,22.77
2021-04-01,45.80,46.96,46.96,44.70,245821,1139485232.00,5.29,10.00,4.27,39.65
2021-04-02,50.68,51.66,51.66,49.31,136205,698728432.00,5.00,10.01,4.70,21.97
2021-04-06,56.78,56.83,56.83,54.25,70556,397494112.00,4.99,10.01,5.17,11.38
2021-04-14,52.02,51.15,59.68,51.15,182142,976076928.00,15.01,-9.99,-5.68,29.38
2021-04-15,47.08,52.99,55.66,46.04,474507,2368113008.00,18.81,3.60,1.84,76.53
2021-04-16,47.69,47.69,48.53,47.69,83864,400919136.00,1.59,-10.00,-5.30,13.53
2021-04-19,44.30,45.91,48.10,44.21,360522,1647506496.00,8.16,-3.73,-1.78,58.15
2021-04-20,45.70,50.50,50.50,45.50,464832,2298116944.00,10.89,10.00,4.59,74.97
2021-04-21,45.50,46.08,47.79,45.45,352620,1625064640.00,4.63,-8.75,-4.42,56.87
2021-04-22,45.66,47.55,49.21,43.88,324130,1510927680.00,11.57,3.19,1.47,52.28
2021-04-23,48.00,43.80,48.50,43.01,281722,1265384672.00,11.55,-7.89,-3.75,45.44
2021-04-26,42.60,44.75,45.22,42.22,205833,905321104.00,6.85,2.17,0.95,33.20
2021-04-27,44.20,42.55,44.57,41.50,213303,913847488.00,6.86,-4.92,-2.20,34.40
2021-04-28,42.65,43.76,45.96,41.80,237490,1047530464.00,9.78,2.84,1.21,38.30
2021-04-29,43.01,42.72,47.79,42.08,308553,1399724768.00,13.05,-2.38,-1.04,49.77
2021-04-30,41.10,45.00,46.99,39.35,403110,1725849616.00,17.88,5.34,2.28,65.02
2021-05-06,43.01,46.44,46.91,42.71,317183,1419711232.00,9.33,3.20,1.44,51.16
2021-05-07,45.87,45.24,48.50,44.30,299812,1390706368.00,9.04,-2.58,-1.20,48.36
2021-05-10,43.41,47.59,49.18,41.25,309802,1414866240.00,17.53,5.19,2.35,49.97
2021-05-11,47.50,47.65,52.00,46.70,347950,1704161408.00,11.14,0.13,0.06,56.12
2021-05-12,45.35,45.94,46.39,44.44,236627,1070362208.00,4.09,-3.59,-1.71,38.17
2021-05-13,45.00,47.88,50.22,44.57,289541,1372323440.00,12.30,4.22,1.94,46.70
2021-05-14,46.87,49.60,51.19,46.56,307475,1520462384.00,9.67,3.59,1.72,49.59
2021-05-17,49.00,47.75,49.80,46.80,204527,981500464.00,6.05,-3.73,-1.85,32.99
2021-05-18,47.28,48.00,48.97,47.02,172333,828380528.00,4.08,0.52,0.25,27.80
2021-05-19,47.80,49.50,49.70,46.73,250937,1212044288.00,6.19,3.13,1.50,40.47
2021-05-20,50.00,47.87,50.15,46.80,242766,1186387296.00,6.77,-3.29,-1.63,39.16
2021-05-21,46.00,46.29,47.66,45.00,200696,933172416.00,5.56,-3.30,-1.58,32.37
2021-05-24,45.96,42.80,46.00,42.31,229883,1012287712.00,7.97,-7.54,-3.49,37.08
2021-05-25,42.32,42.82,43.25,41.41,129219,549243792.00,4.30,0.05,0.02,20.84
2021-05-26,43.00,47.10,47.10,42.30,273746,1244930096.00,11.21,10.00,4.28,44.15
2021-05-27,49.36,51.81,51.81,48.45,321083,1636136176.00,7.13,10.00,4.71,51.79
2021-05-28,54.50,56.99,56.99,49.50,458647,2446542272.00,14.46,10.00,5.18,73.98
2021-05-31,59.01,62.69,62.69,57.68,286371,1743817888.00,8.79,10.00,5.70,46.19
2021-06-01,62.69,56.80,62.89,56.42,397148,2315639712.00,10.32,-9.40,-5.89,64.06
2021-06-02,55.01,53.74,57.38,52.78,258476,1408419120.00,8.10,-5.39,-3.06,41.69
2021-06-03,53.14,51.77,53.68,51.51,175670,919555424.00,4.04,-3.67,-1.97,28.33
2021-06-04,51.00,51.96,52.70,50.43,144262,746029168.00,4.38,0.37,0.19,23.27
2021-06-07,51.75,50.01,52.30,49.86,148638,753368080.00,4.70,-3.75,-1.95,23.97
2021-06-08,49.51,49.13,50.90,49.01,123374,614230960.00,3.78,-1.76,-0.88,19.90
2021-06-09,49.80,47.40,49.80,46.73,149753,720953664.00,6.25,-3.52,-1.73,24.15
2021-06-10,47.41,48.14,48.32,46.47,134607,638010208.00,3.90,1.56,0.74,21.71
2021-06-11,47.84,45.88,48.60,45.88,137573,646139008.00,5.65,-4.69,-2.26,22.19
2021-06-15,45.66,46.85,49.09,44.90,139861,660121328.00,9.13,2.11,0.97,22.56
2021-06-16,46.00,44.21,46.17,43.20,126195,556730784.00,6.34,-5.64,-2.64,20.35
2021-06-17,44.00,45.20,46.00,43.51,99269,446458400.00,5.63,2.24,0.99,16.01
2021-06-18,45.20,46.30,47.99,44.27,122711,567790976.00,8.23,2.43,1.10,19.79
2021-06-21,45.28,47.02,47.47,45.26,102373,478460864.00,4.77,1.56,0.72,16.51
2021-06-22,47.02,47.11,48.80,46.21,128273,606865376.00,5.51,0.19,0.09,20.69
2021-06-23,46.58,45.65,47.49,45.54,97602,450568096.00,4.14,-3.10,-1.46,15.74
2021-06-24,45.14,43.21,45.18,43.19,100298,439188464.00,4.36,-5.35,-2.44,16.18
2021-06-25,42.91,43.79,44.45,42.58,71231,310315648.00,4.33,1.34,0.58,11.49
2021-06-28,43.78,43.32,44.10,43.00,61384,266277669.00,2.51,-1.07,-0.47,9.90
2021-06-29,43.30,42.06,43.30,42.00,68814,291152768.00,3.00,-2.91,-1.26,11.10
2021-06-30,42.06,41.81,42.68,41.73,50697,213664981.00,2.26,-0.59,-0.25,8.18
2021-07-01,41.82,40.60,42.55,40.51,68814,283282640.00,4.88,-2.89,-1.21,11.10
2021-07-02,40.99,39.19,40.99,39.00,67926,267720657.00,4.90,-3.47,-1.41,10.96
2021-07-05,39.19,39.51,39.84,37.67,85977,332974944.00,5.54,0.82,0.32,13.87
2021-07-06,39.25,40.80,40.98,39.00,97753,391687360.00,5.01,3.26,1.29,15.77
2021-07-07,40.07,39.61,40.41,39.40,65321,259574214.00,2.48,-2.92,-1.19,10.54
2021-07-08,39.62,38.24,40.10,38.23,63476,248761580.00,4.72,-3.46,-1.37,10.24
2021-07-09,37.69,38.19,38.45,37.26,51741,196442026.00,3.11,-0.13,-0.05,8.35
2021-07-12,38.55,37.94,38.68,37.80,48965,186497748.00,2.30,-0.65,-0.25,7.90
2021-07-13,37.91,41.73,41.73,37.53,151479,607963008.00,11.07,9.99,3.79,24.43
2021-07-14,42.54,42.34,45.08,40.96,194321,839268400.00,9.87,1.46,0.61,31.34
2021-07-15,41.00,39.29,41.00,39.20,107955,429438768.00,4.25,-7.20,-3.05,17.41
2021-07-16,39.32,38.51,39.84,38.51,71063,278106544.00,3.39,-1.99,-0.78,11.46
