2017-03-13,74.92,74.92,74.92,74.92,55,408613.00,0.00,10.00,6.81,0.02
2017-03-14,82.41,82.41,82.41,82.41,54,442541.00,0.00,10.00,7.49,0.02
2017-03-15,90.65,90.65,90.65,90.65,128,1158235.00,0.00,10.00,8.24,0.05
2017-03-16,99.72,99.72,99.72,99.72,136,1354297.00,0.00,10.01,9.07,0.05
2017-03-17,109.69,109.69,109.69,109.69,331,3630739.00,0.00,10.00,9.97,0.13
2017-03-20,120.66,120.66,120.66,120.66,876,10572108.00,0.00,10.00,10.97,0.35
2017-03-21,132.73,132.73,132.73,132.73,905,12009277.00,0.00,10.00,12.07,0.36
2017-03-22,146.00,146.00,146.00,142.02,28917,421343200.00,3.00,10.00,13.27,11.57
2017-03-23,160.00,160.60,160.60,156.00,122092,1944938880.00,3.15,10.00,14.60,48.84
2017-03-24,155.00,155.69,160.00,153.01,87875,1373679904.00,4.35,-3.06,-4.91,35.15
2017-03-27,154.00,147.09,154.00,147.01,69957,1043291536.00,4.49,-5.52,-8.60,27.98
2017-03-28,146.00,136.20,146.00,135.80,67619,951712944.00,6.93,-7.40,-10.89,27.05
2017-03-29,133.18,135.03,139.75,133.18,47885,656290288.00,4.82,-0.86,-1.17,19.15
2017-03-30,132.26,126.23,132.26,124.00,55768,707082880.00,6.12,-6.52,-8.80,22.31
2017-03-31,126.37,117.20,127.86,115.13,50966,617589008.00,10.08,-7.15,-9.03,20.39
2017-04-05,114.52,116.78,117.18,110.05,38667,442761312.00,6.08,-0.36,-0.42,15.47
2017-04-06,116.09,117.87,121.51,115.03,43329,516257856.00,5.55,0.93,1.09,17.33
2017-04-07,117.30,113.08,118.79,113.00,33364,384356768.00,4.91,-4.06,-4.79,13.35
2017-04-10,111.24,101.81,111.70,101.81,43801,464203360.00,8.75,-9.97,-11.27,17.52
2017-04-11,100.95,106.35,106.90,100.22,38629,401402096.00,6.56,4.46,4.54,15.45
2017-04-12,105.80,101.69,105.80,101.00,26952,277972608.00,4.51,-4.38,-4.66,10.78
2017-04-13,101.90,102.55,104.58,101.90,19822,204550292.00,2.64,0.85,0.86,7.93
2017-04-14,102.00,103.72,104.50,100.11,24638,252098354.00,4.28,1.14,1.17,9.86
2017-04-17,99.88,94.75,99.96,93.55,30402,294116448.00,6.18,-8.65,-8.97,12.16
2017-04-18,95.85,93.25,96.49,92.55,20542,194112070.00,4.16,-1.58,-1.50,8.22
2017-04-19,93.00,95.44,95.74,92.25,22686,214723337.00,3.74,2.35,2.19,9.07
2017-04-20,94.96,93.07,95.00,92.00,21149,197822331.00,3.14,-2.48,-2.37,8.46
2017-04-21,93.26,92.36,94.28,92.05,12439,115543023.00,2.40,-0.76,-0.71,4.98
2017-04-24,92.01,89.80,92.44,87.90,18392,164643628.00,4.92,-2.77,-2.56,7.36
2017-04-25,90.49,90.15,91.87,90.01,16484,149949848.00,2.07,0.39,0.35,6.59
2017-04-26,90.18,90.77,91.99,89.67,16805,152896655.00,2.57,0.69,0.62,6.72
2017-04-27,90.01,94.48,94.88,88.56,32254,297331744.00,6.96,4.09,3.71,12.90
2017-04-28,93.44,93.69,94.24,93.07,17410,162879263.00,1.24,-0.84,-0.79,6.96
2017-05-02,93.60,93.15,94.57,92.91,13180,123256900.00,1.77,-0.58,-0.54,5.27
2017-05-03,93.50,94.18,94.34,91.40,19084,178066389.00,3.16,1.11,1.03,7.63
2017-05-04,94.19,92.00,94.19,91.81,15269,141969709.00,2.53,-2.31,-2.18,6.11
2017-05-05,91.01,90.05,93.00,90.00,17278,157762675.00,3.26,-2.12,-1.95,6.91
2017-05-08,90.00,89.17,91.66,88.70,12666,114039227.00,3.29,-0.98,-0.88,5.07
2017-05-09,88.60,90.42,90.54,88.10,16730,150031348.00,2.74,1.40,1.25,6.69
2017-05-10,91.18,91.70,94.65,91.05,33305,309881264.00,3.98,1.42,1.28,13.32
2017-05-11,90.97,91.68,91.68,88.00,21898,196491273.00,4.01,-0.02,-0.02,8.76
2017-05-12,91.35,91.67,92.87,90.82,15542,142446140.00,2.24,-0.01,-0.01,6.22
2017-05-15,92.00,89.26,92.26,89.20,15045,135707420.00,3.34,-2.63,-2.41,6.02
2017-05-16,88.70,91.47,91.55,86.00,27871,247904729.00,6.22,2.48,2.21,11.15
2017-05-17,91.00,91.50,92.25,90.71,19729,180653454.00,1.68,0.03,0.03,7.89
2017-05-18,90.73,89.51,91.00,89.50,12014,108391048.00,1.64,-2.17,-1.99,4.81
2017-05-19,89.64,88.40,90.44,88.36,10060,89574064.00,2.32,-1.24,-1.11,4.02
2017-05-22,87.86,81.84,88.26,81.81,23341,198387552.00,7.30,-7.42,-6.56,9.34
2017-05-23,81.50,76.35,82.47,75.66,20269,159603714.00,8.32,-6.71,-5.49,8.11
2017-05-24,75.90,79.38,79.99,73.65,21637,167461572.00,8.30,3.97,3.03,8.65
2017-05-25,81.57,79.76,81.57,77.50,14907,118306736.00,5.13,0.48,0.38,5.96
2017-05-26,79.50,81.67,83.42,78.78,19285,156578259.00,5.82,2.39,1.91,7.71
2017-05-31,83.49,80.60,84.25,80.60,19223,158703257.00,4.47,-1.31,-1.07,7.69
2017-06-01,80.85,74.49,80.85,74.47,16151,124775374.00,7.92,-7.58,-6.11,6.46
2017-06-02,73.56,77.35,77.66,73.56,14056,105975651.00,5.50,3.84,2.86,5.62
2017-06-05,77.42,77.70,78.48,77.38,11067,86259278.00,1.42,0.45,0.35,4.43
2017-06-06,77.15,77.72,78.59,76.11,10257,79306554.00,3.19,0.03,0.02,4.10
2017-06-07,77.69,81.00,82.95,77.10,22020,176776306.00,7.53,4.22,3.28,8.81
2017-06-08,81.01,81.09,81.74,80.02,13891,112390965.00,2.12,0.11,0.09,5.56
2017-06-09,80.99,80.90,81.18,79.50,9730,78258169.00,2.07,-0.23,-0.19,3.89
2017-06-12,80.01,77.90,80.19,77.70,11009,86846340.00,3.08,-3.71,-3.00,4.40
2017-06-13,77.70,80.00,80.48,77.60,14014,111670730.00,3.70,2.70,2.10,5.61
2017-06-14,79.60,79.45,80.30,78.81,11497,91588886.00,1.86,-0.69,-0.55,4.60
2017-06-15,79.40,80.72,81.46,79.30,25582,206685658.00,2.72,1.60,1.27,10.23
2017-06-16,80.79,79.52,81.39,79.42,15587,124858113.00,2.44,-1.49,-1.20,6.23
2017-06-19,79.55,79.24,80.10,78.80,9344,74087427.00,1.63,-0.35,-0.28,3.74
2017-06-20,79.98,78.20,79.98,78.18,11200,88742064.00,2.27,-1.31,-1.04,4.48
2017-06-21,78.60,77.66,78.68,76.98,11214,87106613.00,2.17,-0.69,-0.54,4.49
2017-06-22,77.77,75.70,77.80,75.70,11605,89262886.00,2.70,-2.52,-1.96,4.64
2017-06-23,75.48,75.43,75.97,73.89,12010,89993926.00,2.75,-0.36,-0.27,4.80
2017-06-26,75.55,76.41,76.55,74.76,8760,66394134.00,2.37,1.30,0.98,3.50
2017-06-27,76.40,76.50,78.35,76.21,8744,67278668.00,2.80,0.12,0.09,3.50
2017-06-28,76.22,75.19,76.39,74.89,7776,58572342.00,1.96,-1.71,-1.31,3.11
2017-06-29,75.60,75.57,76.08,75.24,6835,51720860.00,1.12,0.51,0.38,2.73
2017-06-30,75.20,76.00,76.50,74.98,8722,66227154.00,2.01,0.57,0.43,3.49
2017-07-03,76.10,76.20,76.45,75.72,8043,61214384.00,0.96,0.26,0.20,3.22
2017-07-04,76.21,75.77,76.45,75.61,7522,57171767.00,1.10,-0.56,-0.43,3.01
2017-07-05,75.94,76.60,76.80,75.61,9773,74648176.00,1.57,1.10,0.83,3.91
2017-07-06,76.78,76.36,77.37,75.73,11126,85256917.00,2.14,-0.31,-0.24,4.45
2017-07-07,76.45,79.14,79.79,76.45,25678,202275054.00,4.37,3.64,2.78,10.27
2017-07-10,78.45,76.91,78.45,76.70,17037,132153704.00,2.21,-2.82,-2.23,6.81
2017-07-11,76.59,76.62,77.77,76.50,8826,67940945.00,1.65,-0.38,-0.29,3.53
2017-07-12,76.65,75.67,76.65,73.70,14791,110732785.00,3.85,-1.24,-0.95,5.92
2017-07-13,75.05,74.60,75.55,74.49,7610,56912504.00,1.40,-1.41,-1.07,3.04
2017-07-14,74.50,74.39,75.22,74.05,6639,49494601.00,1.57,-0.28,-0.21,2.66
2017-07-17,73.75,66.95,73.75,66.95,21204,145971208.00,9.14,-10.00,-7.44,8.48
2017-07-18,66.95,67.30,67.53,65.60,10104,67569154.00,2.88,0.52,0.35,4.04
2017-07-19,67.03,67.28,67.46,66.02,8383,56078063.00,2.14,-0.03,-0.02,3.35
2017-07-20,67.10,66.91,68.19,66.90,9155,61854582.00,1.92,-0.55,-0.37,3.66
2017-07-21,66.59,66.35,67.38,66.28,7021,46835312.00,1.64,-0.84,-0.56,2.81
2017-07-24,65.90,66.99,67.15,65.00,9582,63226269.00,3.24,0.96,0.64,3.83
2017-07-25,66.66,66.61,67.09,66.28,5450,36337036.00,1.21,-0.57,-0.38,2.18
2017-07-26,66.59,66.25,66.97,66.10,4732,31420485.00,1.31,-0.54,-0.36,1.89
2017-07-27,66.26,68.70,69.09,66.20,14500,98525149.00,4.36,3.70,2.45,5.80
2017-07-28,68.56,67.36,68.56,67.35,8504,57669221.00,1.76,-1.95,-1.34,3.40
2017-07-31,67.40,67.48,67.85,67.18,4923,33243748.00,0.99,0.18,0.12,1.97
2017-08-01,67.30,67.68,68.20,67.15,5543,37457925.00,1.56,0.30,0.20,2.22
2017-08-02,67.40,66.20,67.68,66.19,7501,50082514.00,2.20,-2.19,-1.48,3.00
2017-08-03,66.26,66.45,67.25,66.01,5867,39114504.00,1.87,0.38,0.25,2.35
2017-08-04,66.64,66.38,67.00,66.31,5106,33999733.00,1.04,-0.11,-0.07,2.04
2017-08-07,66.90,67.28,67.50,66.68,5668,37992507.00,1.24,1.36,0.90,2.27
2017-08-08,67.28,68.04,68.04,66.71,8240,55567084.00,1.98,1.13,0.76,3.30
2017-08-09,67.94,67.60,68.08,67.38,7217,48862407.00,1.03,-0.65,-0.44,2.89
2017-08-10,67.33,66.90,68.12,66.75,6522,43982209.00,2.03,-1.04,-0.70,2.61
2017-08-11,66.59,66.22,66.59,65.62,6405,42310995.00,1.45,-1.02,-0.68,2.56
2017-08-14,65.81,66.96,67.20,65.76,5723,38236424.00,2.17,1.12,0.74,2.29
2017-08-15,66.96,67.32,67.53,66.72,5819,39072936.00,1.21,0.54,0.36,2.33
2017-08-16,67.41,68.70,68.96,67.05,11832,80901136.00,2.84,2.05,1.38,4.73
2017-08-17,68.70,68.74,69.00,68.30,8120,55705581.00,1.02,0.06,0.04,3.25
2017-08-18,70.00,70.42,72.72,69.22,26786,191113374.00,5.09,2.44,1.68,10.71
2017-08-21,69.23,69.63,69.76,68.68,13785,95486351.00,1.53,-1.12,-0.79,5.51
2017-08-22,69.28,69.55,70.22,69.19,10541,73393962.00,1.48,-0.11,-0.08,4.22
2017-08-23,69.38,68.58,69.70,68.20,10970,75362545.00,2.16,-1.39,-0.97,4.39
2017-08-24,68.57,68.50,69.51,68.28,9241,63632988.00,1.79,-0.12,-0.08,3.70
2017-08-25,68.30,69.04,69.29,68.15,9553,65688727.00,1.66,0.79,0.54,3.82
2017-08-28,69.35,71.39,71.48,69.14,18191,128922359.00,3.39,3.40,2.35,7.28
2017-08-29,71.70,71.86,72.60,70.80,18920,135740308.00,2.52,0.66,0.47,7.57
2017-08-30,71.25,70.99,71.79,70.57,10579,75246134.00,1.70,-1.21,-0.87,4.23
2017-08-31,71.00,78.09,78.09,71.00,31440,236702326.00,9.99,10.00,7.10,12.58
2017-09-01,79.90,76.91,79.91,76.20,33360,258869470.00,4.75,-1.51,-1.18,13.34
2017-09-04,76.99,76.48,78.16,75.61,17894,137463021.00,3.32,-0.56,-0.43,7.16
2017-09-05,76.55,80.10,80.80,76.55,29485,233040100.00,5.56,4.73,3.62,11.79
2017-09-06,79.11,79.52,81.98,78.80,24834,198992195.00,3.97,-0.72,-0.58,9.93
2017-09-07,79.00,78.98,80.39,78.37,20777,164878898.00,2.54,-0.68,-0.54,8.31
2017-09-08,78.35,78.42,79.69,76.88,15991,124991506.00,3.56,-0.71,-0.56,6.40
2017-09-11,78.41,82.10,82.79,77.92,26922,218646329.00,6.21,4.69,3.68,10.77
2017-09-12,80.87,79.01,81.45,78.80,21172,168937942.00,3.23,-3.76,-3.09,8.47
2017-09-13,79.10,79.56,79.94,78.64,10166,80450738.00,1.65,0.70,0.55,4.07
2017-09-14,78.90,77.82,79.49,77.70,11910,93419489.00,2.25,-2.19,-1.74,4.76
2017-09-15,77.88,76.30,78.28,75.98,10062,77623395.00,2.96,-1.95,-1.52,4.02
2017-09-18,76.13,77.12,77.12,75.24,7910,60410947.00,2.46,1.07,0.82,3.16
2017-09-19,77.12,76.70,77.45,76.28,5942,45544263.00,1.52,-0.54,-0.42,2.38
2017-09-20,76.70,77.33,77.44,76.00,7926,60970104.00,1.88,0.82,0.63,3.17
2017-09-21,77.08,77.11,78.63,76.80,8423,65520091.00,2.37,-0.28,-0.22,3.37
2017-09-22,76.93,76.40,76.93,75.48,8843,67219237.00,1.88,-0.92,-0.71,3.54
2017-09-25,76.40,76.43,76.99,75.65,6922,52805060.00,1.75,0.04,0.03,2.77
2017-09-26,75.98,74.03,76.45,73.56,9567,71546690.00,3.78,-3.14,-2.40,3.83
2017-09-27,73.98,73.99,74.43,73.62,6110,45182134.00,1.09,-0.05,-0.04,2.44
2017-09-28,73.99,73.72,74.41,73.61,5723,42384778.00,1.08,-0.36,-0.27,2.29
2017-09-29,73.90,74.40,74.66,73.80,6665,49495180.00,1.17,0.92,0.68,2.67
2017-10-09,75.78,76.51,76.58,74.74,10135,76957454.00,2.47,2.84,2.11,4.05
2017-10-10,77.45,77.10,77.48,76.21,13521,104069478.00,1.66,0.77,0.59,5.41
2017-10-11,77.10,76.20,77.19,75.86,8438,64457105.00,1.73,-1.17,-0.90,3.38
2017-10-12,76.33,78.96,81.48,76.21,22997,182128548.00,6.92,3.62,2.76,9.20
2017-10-13,79.20,79.11,80.52,77.38,23451,185782249.00,3.98,0.19,0.15,9.38
2017-10-16,45.70,43.17,45.70,42.64,31536,138207250.00,3.87,-45.43,-35.94,7.42
2017-10-17,43.00,43.02,43.59,42.13,17692,75733436.00,3.38,-0.35,-0.15,4.16
2017-10-18,42.90,42.42,44.26,42.30,19914,86439303.00,4.56,-1.39,-0.60,4.69
2017-10-19,42.00,40.78,42.42,40.36,19305,79435387.00,4.86,-3.87,-1.64,4.54
2017-10-20,40.79,41.11,41.26,40.55,8660,35425478.00,1.74,0.81,0.33,2.04
2017-10-23,41.12,41.78,42.38,41.00,11113,46382893.00,3.36,1.63,0.67,2.61
2017-10-24,41.61,40.90,41.89,40.40,11553,47377935.00,3.57,-2.11,-0.88,2.72
2017-10-25,41.07,41.26,41.38,40.80,9642,39649418.00,1.42,0.88,0.36,2.27
2017-10-26,41.38,41.73,41.83,41.02,11445,47313363.00,1.96,1.14,0.47,2.69
2017-10-27,41.20,41.56,41.68,40.86,15130,62398917.00,1.97,-0.41,-0.17,3.56
2017-10-30,41.17,39.53,41.47,38.85,16893,67261604.00,6.30,-4.88,-2.03,3.97
2017-10-31,39.52,39.65,39.85,39.15,8130,32157176.00,1.77,0.30,0.12,1.91
2017-11-01,39.25,39.56,40.00,39.25,9759,38768781.00,1.89,-0.23,-0.09,2.30
2017-11-02,39.56,38.97,39.93,38.87,11554,45566166.00,2.68,-1.49,-0.59,2.72
2017-11-03,38.87,38.14,38.87,37.90,12978,49810498.00,2.49,-2.13,-0.83,3.05
2017-11-06,38.56,38.52,38.75,38.02,8506,32633459.00,1.91,1.00,0.38,2.00
2017-11-07,38.42,38.75,38.84,37.76,12144,46388384.00,2.80,0.60,0.23,2.86
2017-11-08,38.69,38.76,39.08,38.42,12070,46886988.00,1.70,0.03,0.01,2.84
2017-11-09,38.79,38.78,38.97,38.42,8552,33080327.00,1.42,0.05,0.02,2.01
2017-11-10,38.89,39.74,40.00,38.67,19501,77321552.00,3.43,2.48,0.96,4.59
2017-11-13,39.55,39.30,39.97,39.26,10952,43254915.00,1.79,-1.11,-0.44,2.58
2017-11-14,39.20,38.82,39.90,38.80,10945,42957669.00,2.80,-1.22,-0.48,2.58
2017-11-15,38.86,37.99,39.00,37.86,10754,41103320.00,2.94,-2.14,-0.83,2.53
2017-11-16,38.00,37.77,38.32,37.72,8371,31857113.00,1.58,-0.58,-0.22,1.97
2017-11-17,37.86,34.50,37.96,34.38,17668,63692266.00,9.48,-8.66,-3.27,4.16
2017-11-20,34.48,34.50,34.70,33.21,9361,31942275.00,4.32,0.00,0.00,2.20
2017-11-21,34.56,37.95,37.95,34.50,33318,123552659.00,10.00,10.00,3.45,7.84
2017-11-22,38.01,38.10,39.74,37.65,43488,169037474.00,5.51,0.40,0.15,10.23
2017-11-23,38.01,36.52,38.10,36.52,23487,87262497.00,4.15,-4.15,-1.58,5.53
2017-11-24,36.66,35.98,36.97,35.42,17684,63740450.00,4.24,-1.48,-0.54,4.16
2017-11-27,35.76,35.99,36.90,34.89,14309,51664001.00,5.59,0.03,0.01,3.37
2017-11-28,35.83,36.36,36.79,35.83,10247,37285564.00,2.67,1.03,0.37,2.41
2017-11-29,36.45,35.75,36.45,35.21,11186,39920010.00,3.41,-1.68,-0.61,2.63
2017-11-30,35.68,35.18,35.95,35.00,8368,29682309.00,2.66,-1.59,-0.57,1.97
2017-12-01,35.32,35.39,35.79,35.18,6682,23645295.00,1.73,0.60,0.21,1.57
2017-12-04,35.20,33.43,35.43,33.27,13984,47834996.00,6.10,-5.54,-1.96,3.29
2017-12-05,33.51,33.26,34.45,33.02,11497,38604228.00,4.28,-0.51,-0.17,2.71
2017-12-06,33.35,34.00,34.18,32.80,11317,37853171.00,4.15,2.22,0.74,2.66
2017-12-07,33.90,33.68,34.01,33.53,7560,25510018.00,1.41,-0.94,-0.32,1.78
2017-12-08,33.61,33.93,34.36,33.51,9653,32881575.00,2.52,0.74,0.25,2.27
2017-12-11,33.95,34.10,34.25,33.86,7521,25602102.00,1.15,0.50,0.17,1.77
2017-12-12,34.13,33.33,34.13,33.30,7835,26322413.00,2.43,-2.26,-0.77,1.84
2017-12-13,33.33,33.59,33.76,33.07,4752,15903825.00,2.07,0.78,0.26,1.12
2017-12-14,33.49,33.74,33.96,33.45,6985,23536606.00,1.52,0.45,0.15,1.64
2017-12-15,33.69,33.99,34.26,33.54,9484,32228553.00,2.13,0.74,0.25,2.23
2017-12-18,34.03,34.00,34.76,33.89,9289,31827585.00,2.56,0.03,0.01,2.19
2017-12-19,33.99,34.06,34.18,33.81,5915,20098139.00,1.09,0.18,0.06,1.39
2017-12-20,34.04,33.36,34.05,33.27,7464,25041806.00,2.29,-2.06,-0.70,1.76
2017-12-21,33.00,33.15,33.51,32.82,6491,21495112.00,2.07,-0.63,-0.21,1.53
2017-12-22,33.30,32.92,33.30,32.88,4932,16323799.00,1.27,-0.69,-0.23,1.16
2017-12-25,32.80,31.81,33.18,31.80,9547,30761478.00,4.19,-3.37,-1.11,2.25
2017-12-26,31.91,32.53,32.75,31.80,9482,30719733.00,2.99,2.26,0.72,2.23
2017-12-27,32.50,32.80,33.55,32.38,11913,39431487.00,3.60,0.83,0.27,2.80
2017-12-28,32.47,33.00,33.63,32.35,12014,39748724.00,3.90,0.61,0.20,2.83
2017-12-29,32.90,33.14,33.30,32.72,8169,26956587.00,1.76,0.42,0.14,1.92
2018-01-02,33.13,33.40,33.49,32.88,8730,29007015.00,1.84,0.78,0.26,2.05
2018-01-03,33.35,33.41,33.93,33.13,9882,32985745.00,2.40,0.03,0.01,2.33
2018-01-04,33.50,33.47,33.74,33.27,9843,32967371.00,1.41,0.18,0.06,2.32
2018-01-05,33.47,33.34,33.56,33.16,6612,22020998.00,1.20,-0.39,-0.13,1.56
2018-01-08,33.34,33.30,33.47,33.03,7618,25320782.00,1.32,-0.12,-0.04,1.79
2018-01-09,33.32,33.89,33.90,33.00,12936,43402715.00,2.70,1.77,0.59,3.04
2018-01-10,33.90,32.80,33.90,32.61,12709,42183648.00,3.81,-3.22,-1.09,2.99
2018-01-11,32.58,33.06,33.50,32.40,8742,28866608.00,3.35,0.79,0.26,2.06
2018-01-12,33.01,32.82,33.16,32.81,5719,18840057.00,1.06,-0.73,-0.24,1.35
2018-01-15,32.70,31.62,32.90,31.51,11116,35600207.00,4.24,-3.66,-1.20,2.62
2018-01-16,31.60,31.76,32.15,31.58,7517,23951305.00,1.80,0.44,0.14,1.77
2018-01-17,31.76,33.42,33.94,31.55,23813,78786410.00,7.53,5.23,1.66,5.60
2018-01-18,33.00,33.17,33.85,32.98,14724,49168493.00,2.60,-0.75,-0.25,3.46
2018-01-19,33.20,32.77,33.29,32.60,10249,33746621.00,2.08,-1.21,-0.40,2.41
2018-01-22,32.60,32.53,32.72,31.94,8858,28698924.00,2.38,-0.73,-0.24,2.08
2018-01-23,32.63,33.61,33.91,32.48,22766,76299637.00,4.40,3.32,1.08,5.36
2018-01-24,33.75,33.67,33.84,33.26,16859,56602779.00,1.73,0.18,0.06,3.97
2018-01-25,33.64,33.37,34.72,33.35,18032,61223069.00,4.07,-0.89,-0.30,4.24
2018-01-26,33.13,33.18,33.60,33.09,9135,30394069.00,1.53,-0.57,-0.19,2.15
2018-01-29,33.30,32.37,33.46,32.33,9777,32147046.00,3.41,-2.44,-0.81,2.30
2018-01-30,32.38,32.52,32.59,32.00,5371,17361551.00,1.82,0.46,0.15,1.26
2018-01-31,32.52,32.78,34.35,32.01,17560,58213616.00,7.20,0.80,0.26,4.13
2018-02-01,32.40,30.33,32.58,30.25,19411,60706437.00,7.11,-7.47,-2.45,4.57
2018-02-02,30.30,29.20,30.30,28.51,11478,33759487.00,5.90,-3.73,-1.13,2.70
2018-02-05,28.92,28.76,29.66,28.47,6577,19129177.00,4.08,-1.51,-0.44,1.55
2018-02-06,28.67,26.49,28.67,26.30,12364,34125233.00,8.24,-7.89,-2.27,2.91
2018-02-07,27.24,26.80,27.46,26.03,8887,23960327.00,5.40,1.17,0.31,2.09
2018-02-08,26.85,27.02,27.38,26.85,7881,21377893.00,1.98,0.82,0.22,1.85
2018-02-09,26.57,26.40,26.70,26.03,9587,25335964.00,2.48,-2.29,-0.62,2.26
2018-02-12,26.57,27.00,27.19,26.51,6803,18375554.00,2.58,2.27,0.60,1.60
2018-02-13,27.00,27.09,27.59,27.00,7413,20195210.00,2.19,0.33,0.09,1.74
2018-02-14,27.10,27.33,27.38,27.01,5369,14618120.00,1.37,0.89,0.24,1.26
2018-02-22,27.43,27.56,27.82,27.43,6054,16710239.00,1.43,0.84,0.23,1.42
2018-02-23,27.60,27.52,27.65,27.36,4982,13711387.00,1.05,-0.15,-0.04,1.17
2018-02-26,27.71,28.35,28.60,27.71,11365,31948918.00,3.23,3.02,0.83,2.67
2018-02-27,28.28,28.30,28.43,28.02,8448,23857891.00,1.45,-0.18,-0.05,1.99
2018-02-28,28.22,28.04,28.26,27.80,7597,21342658.00,1.63,-0.92,-0.26,1.79
2018-03-01,27.80,28.20,28.22,27.76,8302,23330008.00,1.64,0.57,0.16,1.95
2018-03-02,27.83,27.97,28.20,27.83,7533,21084698.00,1.31,-0.82,-0.23,1.77
2018-03-05,27.98,28.45,28.50,27.82,10526,29675511.00,2.43,1.72,0.48,2.48
2018-03-06,28.45,28.37,28.90,28.24,10803,30767032.00,2.32,-0.28,-0.08,2.54
2018-03-07,28.31,28.10,28.50,28.02,9888,27880452.00,1.69,-0.95,-0.27,2.33
2018-03-08,28.17,28.59,28.75,27.89,11894,33734723.00,3.06,1.74,0.49,2.80
2018-03-09,28.50,29.09,29.20,28.30,16285,46893040.00,3.15,1.75,0.50,3.83
2018-03-12,29.09,29.39,29.43,28.91,14723,42996267.00,1.79,1.03,0.30,2.00
2018-03-13,29.33,28.87,29.35,28.83,10688,31109550.00,1.77,-1.77,-0.52,1.45
2018-03-14,28.83,28.41,28.87,28.34,13218,37822387.00,1.84,-1.59,-0.46,1.79
2018-03-15,28.24,27.52,28.25,27.25,15091,41869321.00,3.52,-3.13,-0.89,2.05
2018-03-16,27.52,27.70,28.09,27.52,9485,26453363.00,2.07,0.65,0.18,1.29
2018-03-19,27.68,27.90,28.15,27.65,8018,22407242.00,1.81,0.72,0.20,1.09
2018-03-20,27.70,27.70,27.86,27.32,9126,25203497.00,1.94,-0.72,-0.20,1.24
2018-03-21,27.90,28.36,29.29,27.85,28489,81593223.00,5.20,2.38,0.66,3.86
2018-03-22,28.20,28.45,28.90,28.16,14258,40683958.00,2.61,0.32,0.09,1.93
2018-03-23,28.50,29.80,31.30,26.91,45113,132627598.00,15.43,4.75,1.35,6.12
2018-03-26,30.20,31.06,31.48,30.18,51327,158126612.00,4.36,4.23,1.26,6.96
2018-03-27,30.56,32.09,32.38,29.80,54882,170777244.00,8.31,3.32,1.03,7.44
2018-03-28,31.60,30.60,31.88,30.58,33256,104097594.00,4.05,-4.64,-1.49,4.51
2018-03-29,30.61,30.45,31.18,30.26,19354,59381922.00,3.01,-0.49,-0.15,2.62
2018-03-30,30.30,30.69,30.95,30.30,15893,48643329.00,2.13,0.79,0.24,2.15
2018-04-02,30.88,31.37,31.44,30.50,25941,80279510.00,3.06,2.22,0.68,3.52
2018-04-03,31.00,30.59,31.30,30.53,17224,53137178.00,2.45,-2.49,-0.78,2.33
2018-04-04,30.58,31.61,31.85,30.58,32665,102363121.00,4.15,3.33,1.02,4.43
2018-04-09,32.20,31.28,32.99,31.17,37357,119748562.00,5.76,-1.04,-0.33,5.06
2018-04-10,30.85,30.10,30.86,30.08,24070,72926045.00,2.49,-3.77,-1.18,3.26
2018-04-11,29.89,30.25,30.37,29.57,18678,55841800.00,2.66,0.50,0.15,2.53
2018-04-12,30.00,29.79,30.22,29.70,11194,33552943.00,1.72,-1.52,-0.46,1.52
2018-04-13,29.91,29.27,30.16,29.11,14123,41750214.00,3.52,-1.75,-0.52,1.91
2018-04-16,28.88,28.40,29.26,28.29,11658,33489463.00,3.31,-2.97,-0.87,1.58
2018-04-17,28.49,28.46,28.82,28.26,10786,30780429.00,1.97,0.21,0.06,1.46
2018-04-18,28.50,28.80,28.85,27.96,10157,28951497.00,3.13,1.19,0.34,1.38
2018-04-19,28.73,28.51,28.90,28.44,8647,24783998.00,1.60,-1.01,-0.29,1.17
2018-04-20,28.51,27.44,28.65,27.40,12830,35801809.00,4.38,-3.75,-1.07,1.74
2018-04-23,27.38,27.00,27.43,26.85,9498,25749549.00,2.11,-1.60,-0.44,1.29
2018-04-24,27.01,27.71,27.75,27.01,7781,21382707.00,2.74,2.63,0.71,1.05
2018-04-25,28.30,28.77,29.60,28.30,19903,57682289.00,4.69,3.83,1.06,2.70
2018-04-26,28.36,27.86,28.52,27.86,12467,35148320.00,2.29,-3.16,-0.91,1.69
2018-04-27,28.06,28.60,28.83,27.90,9597,27184905.00,3.34,2.66,0.74,1.30
2018-05-02,29.15,28.55,29.15,28.23,6764,19383356.00,3.22,-0.17,-0.05,0.92
2018-05-03,28.50,28.80,28.80,27.77,9471,26781545.00,3.61,0.88,0.25,1.28
2018-05-04,28.77,28.75,28.99,28.50,8837,25405165.00,1.70,-0.17,-0.05,1.20
2018-05-07,28.72,29.28,29.30,28.72,11780,34351296.00,2.02,1.84,0.53,1.60
2018-05-08,29.27,29.89,29.89,29.11,14474,42722268.00,2.66,2.08,0.61,1.96
2018-05-09,29.77,29.56,29.83,29.31,11693,34580583.00,1.74,-1.10,-0.33,1.59
2018-05-10,29.61,30.70,31.36,29.60,27760,85155783.00,5.95,3.86,1.14,3.76
2018-05-11,30.60,30.16,30.69,30.02,17167,51938047.00,2.18,-1.76,-0.54,2.33
2018-05-14,30.20,29.41,30.44,29.31,12317,36661140.00,3.75,-2.49,-0.75,1.67
2018-05-15,29.50,31.02,32.12,29.00,33913,104157016.00,10.61,5.47,1.61,4.60
2018-05-16,30.83,32.30,32.90,30.51,62522,200030253.00,7.70,4.13,1.28,8.48
2018-05-17,32.24,32.06,32.83,31.60,49022,157811491.00,3.81,-0.74,-0.24,6.65
2018-05-18,32.00,32.78,32.96,31.71,44464,144120062.00,3.90,2.25,0.72,6.03
2018-05-21,32.80,32.19,32.80,31.71,38982,125456478.00,3.33,-1.80,-0.59,5.28
2018-05-22,32.10,31.96,32.28,31.46,28951,92117218.00,2.55,-0.71,-0.23,3.92
2018-05-23,31.71,30.95,32.17,30.85,31857,100538834.00,4.13,-3.16,-1.01,4.32
2018-05-24,30.84,31.25,31.54,30.83,18808,58678877.00,2.29,0.97,0.30,2.55
2018-05-25,31.24,30.88,31.24,30.40,18059,55733137.00,2.69,-1.18,-0.37,2.45
2018-05-28,30.73,32.49,32.57,30.72,43811,140006726.00,5.99,5.21,1.61,5.94
2018-05-29,31.91,32.09,32.89,31.60,43128,139056068.00,3.97,-1.23,-0.40,5.85
2018-05-30,31.60,32.78,35.00,30.98,57702,187853222.00,12.53,2.15,0.69,7.82
2018-05-31,33.99,35.22,35.99,33.23,102779,356494384.00,8.42,7.44,2.44,13.93
2018-06-01,34.15,33.68,34.82,32.86,64022,216893542.00,5.57,-4.37,-1.54,8.68
2018-06-04,34.19,33.88,34.23,33.40,41664,141017356.00,2.46,0.59,0.20,5.65
2018-06-05,34.11,34.97,35.31,33.90,49498,171952305.00,4.16,3.22,1.09,6.71
2018-06-06,34.55,34.40,34.75,33.72,39228,134067550.00,2.95,-1.63,-0.57,5.32
2018-06-07,34.50,33.11,34.50,32.88,33948,113455917.00,4.71,-3.75,-1.29,4.60
2018-06-08,19.32,18.59,19.32,18.06,43115,80452214.00,3.81,-43.85,-14.52,3.44
2018-06-11,18.41,18.41,19.15,18.27,37202,69809926.00,4.73,-0.97,-0.18,2.97
2018-06-12,18.35,19.08,19.70,17.66,65659,122589104.00,11.08,3.64,0.67,5.24
2018-06-13,18.80,18.12,18.93,18.10,43899,81411423.00,4.35,-5.03,-0.96,3.50
2018-06-14,17.50,17.05,17.76,16.87,46981,81590138.00,4.91,-5.91,-1.07,3.75
2018-06-15,17.15,16.21,17.39,16.05,42780,70942322.00,7.86,-4.93,-0.84,3.41
2018-06-19,16.20,15.20,16.74,14.69,50132,79001292.00,12.65,-6.23,-1.01,4.00
2018-06-20,15.02,15.32,15.60,14.80,36350,55439180.00,5.26,0.79,0.12,2.90
2018-06-21,15.22,14.50,15.53,14.50,37557,56289064.00,6.72,-5.35,-0.82,2.99
2018-06-22,14.34,14.75,14.91,14.08,27129,39623738.00,5.72,1.72,0.25,2.16
2018-06-25,15.00,14.64,15.20,14.64,20542,30558877.00,3.80,-0.75,-0.11,1.64
2018-06-26,14.38,14.88,15.12,14.36,22795,33757635.00,5.19,1.64,0.24,1.82
2018-06-27,14.81,15.46,15.65,14.81,38918,59120664.00,5.65,3.90,0.58,3.10
2018-06-28,15.28,15.00,15.55,14.90,25228,38546254.00,4.20,-2.98,-0.46,2.01
2018-06-29,15.01,15.37,15.44,14.90,23330,35573704.00,3.60,2.47,0.37,1.86
2018-07-02,15.37,15.28,15.72,15.15,28360,43773357.00,3.71,-0.59,-0.09,2.26
2018-07-03,15.18,15.46,15.52,15.09,20761,31862916.00,2.81,1.18,0.18,1.66
2018-07-04,15.40,15.88,15.97,15.20,45383,71023515.00,4.98,2.72,0.42,3.62
2018-07-05,15.68,14.94,15.90,14.88,34614,53609715.00,6.42,-5.92,-0.94,2.76
2018-07-06,14.90,15.20,15.37,14.31,29686,44332976.00,7.10,1.74,0.26,2.37
2018-07-09,15.10,15.38,15.48,15.01,24337,37146365.00,3.09,1.18,0.18,1.94
2018-07-10,15.38,15.43,15.46,15.26,18374,28227262.00,1.30,0.33,0.05,1.47
2018-07-11,15.21,14.71,15.21,14.47,27263,40244937.00,4.80,-4.67,-0.72,2.17
2018-07-12,14.70,15.21,15.28,14.58,25249,38009106.00,4.76,3.40,0.50,2.01
2018-07-13,15.13,15.60,15.79,15.04,35513,54913808.00,4.93,2.56,0.39,2.83
2018-07-16,15.50,15.53,15.65,15.21,18061,27843815.00,2.82,-0.45,-0.07,1.44
2018-07-17,15.52,15.47,15.54,15.20,14607,22450486.00,2.19,-0.39,-0.06,1.16
2018-07-18,15.47,15.50,15.90,15.40,29900,46761050.00,3.23,0.19,0.03,2.38
2018-07-19,15.46,15.20,15.59,15.07,20758,31689062.00,3.35,-1.94,-0.30,1.66
2018-07-20,15.10,15.32,15.46,14.91,16279,24743443.00,3.62,0.79,0.12,1.30
2018-07-23,15.26,15.46,15.55,15.10,15577,24043185.00,2.94,0.91,0.14,1.24
2018-07-24,15.46,16.13,16.33,15.44,40646,64653974.00,5.76,4.33,0.67,3.24
2018-07-25,16.01,15.81,16.13,15.77,24112,38376122.00,2.23,-1.98,-0.32,1.92
2018-07-26,15.81,15.88,16.08,15.74,18387,29206899.00,2.15,0.44,0.07,1.47
2018-07-27,15.82,15.78,15.92,15.65,14657,23124655.00,1.70,-0.63,-0.10,1.17
2018-07-30,15.66,15.35,15.91,15.31,16060,24968136.00,3.80,-2.72,-0.43,1.28
2018-07-31,15.41,15.28,15.52,15.23,10396,15950631.00,1.89,-0.46,-0.07,0.83
2018-08-01,15.28,15.07,15.52,15.07,12293,18816598.00,2.95,-1.37,-0.21,0.98
2018-08-02,15.06,14.52,15.09,14.13,19123,27863760.00,6.37,-3.65,-0.55,1.52
2018-08-03,14.36,14.45,14.68,14.36,10654,15471578.00,2.20,-0.48,-0.07,0.85
2018-08-06,14.40,14.53,14.69,14.15,14454,20869894.00,3.74,0.55,0.08,1.15
2018-08-07,14.50,14.79,14.84,14.30,16545,24173168.00,3.72,1.79,0.26,1.32
2018-08-08,14.66,14.33,14.79,14.31,13570,19735580.00,3.25,-3.11,-0.46,1.08
2018-08-09,14.30,14.56,14.71,14.21,13929,20286581.00,3.49,1.61,0.23,1.11
2018-08-10,14.54,14.75,14.91,14.50,15497,22812865.00,2.82,1.30,0.19,1.24
2018-08-13,14.51,14.66,14.74,14.22,12536,18134804.00,3.53,-0.61,-0.09,1.00
2018-08-14,14.63,14.58,14.75,14.50,9341,13644171.00,1.71,-0.55,-0.08,0.74
2018-08-15,14.60,14.26,14.70,14.23,11124,16014773.00,3.22,-2.19,-0.32,0.89
2018-08-16,14.15,13.94,14.25,13.88,13409,18839998.00,2.59,-2.24,-0.32,1.07
2018-08-17,14.08,13.50,14.20,13.50,14354,19888522.00,5.02,-3.16,-0.44,1.14
2018-08-20,13.51,13.40,13.72,13.19,15519,20879429.00,3.93,-0.74,-0.10,1.24
2018-08-21,13.49,13.42,13.61,13.34,30974,41694416.00,2.01,0.15,0.02,2.47
2018-08-22,13.40,13.22,13.46,13.19,23970,31818884.00,2.01,-1.49,-0.20,1.91
2018-08-23,13.11,13.18,13.33,13.11,22789,30162509.00,1.66,-0.30,-0.04,1.82
2018-08-24,13.21,12.92,13.21,12.77,29930,38812634.00,3.34,-1.97,-0.26,2.39
2018-08-27,12.98,13.33,13.35,12.97,29531,38948227.00,2.94,3.17,0.41,2.35
2018-08-28,13.38,13.59,13.74,13.22,30359,40773742.00,3.90,1.95,0.26,2.42
2018-08-29,13.47,13.35,13.55,13.30,19180,25691378.00,1.84,-1.77,-0.24,1.53
2018-08-30,13.36,13.24,13.41,13.15,14852,19722264.00,1.95,-0.82,-0.11,1.18
2018-08-31,13.28,13.01,13.28,13.00,13123,17229050.00,2.11,-1.74,-0.23,1.05
2018-09-03,13.06,13.28,13.32,12.83,15798,20619807.00,3.77,2.08,0.27,1.26
2018-09-04,13.28,13.36,13.43,13.18,13735,18290051.00,1.88,0.60,0.08,1.10
2018-09-05,13.30,13.21,13.46,13.19,14623,19508954.00,2.02,-1.12,-0.15,1.17
2018-09-06,13.22,13.26,13.37,13.10,12005,15882101.00,2.04,0.38,0.05,0.96
2018-09-07,13.28,13.16,13.42,13.11,13518,17928028.00,2.34,-0.75,-0.10,1.08
2018-09-10,13.16,12.99,13.24,12.92,15715,20481252.00,2.43,-1.29,-0.17,1.25
2018-09-11,13.00,12.91,13.13,12.85,11747,15235751.00,2.16,-0.62,-0.08,0.94
2018-09-12,12.94,13.04,13.17,12.86,12753,16589866.00,2.40,1.01,0.13,1.02
2018-09-13,13.09,13.05,13.17,12.93,14143,18421140.00,1.84,0.08,0.01,1.13
2018-09-14,13.03,12.97,13.18,12.94,15622,20396028.00,1.84,-0.61,-0.08,1.25
2018-09-17,12.98,12.36,12.98,12.05,22495,28288836.00,7.17,-4.70,-0.61,1.79
2018-09-18,12.31,12.61,12.63,12.29,15938,19935683.00,2.75,2.02,0.25,1.27
2018-09-19,12.55,12.80,12.95,12.51,21670,27757299.00,3.49,1.51,0.19,1.73
2018-09-20,12.86,12.81,12.96,12.70,14808,19014037.00,2.03,0.08,0.01,1.18
2018-09-21,12.88,13.03,13.08,12.81,15828,20563350.00,2.11,1.72,0.22,1.26
2018-09-25,12.98,13.07,13.14,12.88,13355,17427616.00,2.00,0.31,0.04,1.06
2018-09-26,13.07,13.50,14.26,12.97,43707,59374985.00,9.87,3.29,0.43,3.49
2018-09-27,13.55,13.16,13.56,13.16,24539,32712867.00,2.96,-2.52,-0.34,1.96
2018-09-28,13.08,13.20,13.22,13.02,17452,22894246.00,1.52,0.30,0.04,1.39
2018-10-08,12.91,12.47,12.91,12.45,20734,26272926.00,3.48,-5.53,-0.73,1.65
2018-10-09,12.48,12.43,12.70,12.42,13747,17256773.00,2.25,-0.32,-0.04,1.10
2018-10-10,12.53,12.76,12.89,12.45,15075,19046190.00,3.54,2.65,0.33,1.20
2018-10-11,12.50,11.82,12.56,11.65,26484,32023764.00,7.13,-7.37,-0.94,2.11
2018-10-12,11.83,11.45,11.92,11.12,22811,26257417.00,6.77,-3.13,-0.37,1.82
2018-10-15,11.50,11.21,11.65,11.18,14501,16566235.00,4.10,-2.10,-0.24,1.16
2018-10-16,11.22,11.30,11.43,11.14,14173,15964476.00,2.59,0.80,0.09,1.13
2018-10-17,11.55,11.39,11.63,11.09,16188,18356933.00,4.78,0.80,0.09,1.29
2018-10-18,11.19,11.10,11.32,11.09,12725,14243235.00,2.02,-2.55,-0.29,1.01
2018-10-19,10.98,11.35,11.40,10.92,13284,14919559.00,4.32,2.25,0.25,1.06
2018-10-22,11.45,11.88,12.04,11.42,27266,32087381.00,5.46,4.67,0.53,2.17
2018-10-23,11.88,11.60,12.03,11.50,20531,24199965.00,4.46,-2.36,-0.28,1.64
2018-10-24,11.55,11.61,11.87,11.50,14715,17175167.00,3.19,0.09,0.01,1.17
2018-10-25,11.34,11.48,11.55,11.12,14096,16005314.00,3.70,-1.12,-0.13,1.12
2018-10-26,11.58,11.65,11.90,11.49,15763,18363427.00,3.57,1.48,0.17,1.26
2018-10-29,11.60,11.45,11.67,11.41,9430,10871932.00,2.23,-1.72,-0.20,0.75
2018-10-30,11.36,11.64,11.78,11.35,16342,18930187.00,3.76,1.66,0.19,1.30
2018-10-31,11.66,11.78,12.00,11.66,18588,21968147.00,2.92,1.20,0.14,1.48
2018-11-01,11.83,11.81,12.05,11.78,19731,23457402.00,2.29,0.25,0.03,1.57
2018-11-02,11.92,12.17,12.36,11.91,29513,35710415.00,3.81,3.05,0.36,2.35
2018-11-05,12.15,12.23,12.42,12.02,24063,29362236.00,3.29,0.49,0.06,1.92
2018-11-06,12.18,12.11,12.18,11.90,20751,24956239.00,2.29,-0.98,-0.12,1.65
2018-11-07,12.13,12.14,12.29,12.08,17943,21839219.00,1.73,0.25,0.03,1.43
2018-11-08,12.24,12.24,12.30,12.11,19059,23285143.00,1.57,0.82,0.10,1.52
2018-11-09,12.10,12.03,12.17,12.01,14414,17415995.00,1.31,-1.72,-0.21,1.15
2018-11-12,12.06,12.38,12.38,11.97,18795,22996526.00,3.41,2.91,0.35,1.50
2018-11-13,12.18,12.48,12.62,12.18,29877,37244841.00,3.55,0.81,0.10,2.38
2018-11-14,12.49,12.48,12.70,12.42,23328,29286819.00,2.24,0.00,0.00,1.86
2018-11-15,12.54,12.98,13.00,12.43,31141,39778060.00,4.57,4.01,0.50,2.48
2018-11-16,13.08,13.00,13.25,12.98,31788,41698375.00,2.08,0.15,0.02,2.53
2018-11-19,12.96,13.19,13.19,12.79,23880,30900148.00,3.08,1.46,0.19,1.90
2018-11-20,13.08,12.56,13.08,12.51,28186,36015289.00,4.32,-4.78,-0.63,2.25
2018-11-21,12.45,12.66,12.68,12.37,14786,18583479.00,2.47,0.80,0.10,1.18
2018-11-22,12.66,12.69,12.80,12.61,14188,18020843.00,1.50,0.24,0.03,1.13
2018-11-23,12.67,12.14,12.71,12.05,22585,27817651.00,5.20,-4.33,-0.55,1.80
2018-11-26,12.15,12.24,12.52,12.08,14443,17736164.00,3.62,0.82,0.10,1.15
2018-11-27,12.29,12.69,12.71,12.20,25467,31810290.00,4.17,3.68,0.45,2.03
2018-11-28,13.17,12.64,13.17,12.49,31367,39902293.00,5.36,-0.39,-0.05,2.50
2018-11-29,12.74,12.30,12.74,12.25,24176,30224700.00,3.88,-2.69,-0.34,1.93
2018-11-30,12.26,12.29,12.33,12.00,16428,20017152.00,2.68,-0.08,-0.01,1.31
2018-12-03,12.50,12.64,12.74,12.48,20680,26106498.00,2.12,2.85,0.35,1.65
2018-12-04,12.64,12.72,12.75,12.49,17735,22460653.00,2.06,0.63,0.08,1.41
2018-12-05,12.35,12.83,12.95,12.35,24585,31113299.00,4.72,0.86,0.11,1.96
2018-12-06,12.71,12.56,12.85,12.55,16433,20833862.00,2.34,-2.10,-0.27,1.31
2018-12-07,12.52,12.58,12.68,12.41,9977,12529002.00,2.15,0.16,0.02,0.80
2018-12-10,12.49,12.37,12.53,12.31,11413,14143557.00,1.75,-1.67,-0.21,0.91
2018-12-11,12.43,12.54,12.62,12.38,9877,12361328.00,1.94,1.37,0.17,0.79
2018-12-12,12.58,12.58,12.74,12.50,10677,13459900.00,1.91,0.32,0.04,0.85
2018-12-13,12.58,12.79,12.98,12.53,19603,25064494.00,3.58,1.67,0.21,1.56
2018-12-14,12.86,12.57,12.94,12.51,22337,28472197.00,3.36,-1.72,-0.22,1.78
2018-12-17,12.47,12.56,12.60,12.37,12359,15426251.00,1.83,-0.08,-0.01,0.99
2018-12-18,12.49,12.28,12.56,12.14,17094,21027890.00,3.34,-2.23,-0.28,1.36
2018-12-19,12.30,12.22,12.37,12.19,9799,12013785.00,1.47,-0.49,-0.06,0.78
2018-12-20,12.20,12.30,12.35,12.15,8386,10285311.00,1.64,0.65,0.08,0.67
2018-12-21,12.27,12.39,12.46,12.22,8431,10407629.00,1.95,0.73,0.09,0.67
2018-12-24,12.38,12.50,12.50,12.29,7590,9436224.00,1.69,0.89,0.11,0.61
2018-12-25,12.43,12.38,12.43,12.09,14967,18297607.00,2.72,-0.96,-0.12,1.19
2018-12-26,12.46,12.53,12.60,12.34,11140,13868271.00,2.10,1.21,0.15,0.89
2018-12-27,12.65,12.18,12.73,12.17,14278,17812134.00,4.47,-2.79,-0.35,1.14
2018-12-28,12.15,12.21,12.35,12.15,8233,10085483.00,1.64,0.25,0.03,0.66
2019-01-02,12.23,12.18,12.28,12.12,7859,9586269.00,1.31,-0.25,-0.03,0.63
2019-01-03,12.36,12.10,12.36,12.00,8986,10937025.00,2.96,-0.66,-0.08,0.72
2019-01-04,11.96,12.31,12.36,11.82,14482,17625236.00,4.46,1.74,0.21,1.16
2019-01-07,12.42,12.44,12.47,12.34,11667,14480524.00,1.06,1.06,0.13,0.94
2019-01-08,12.50,12.53,12.55,12.36,11122,13886313.00,1.53,0.72,0.09,0.89
2019-01-09,12.55,12.55,12.78,12.47,20538,25943799.00,2.47,0.16,0.02,1.65
2019-01-10,12.55,12.50,12.73,12.42,12035,15139230.00,2.47,-0.40,-0.05,0.96
2019-01-11,12.55,12.66,12.68,12.43,12092,15198269.00,2.00,1.28,0.16,0.97
2019-01-14,12.67,12.70,12.84,12.64,14920,18992146.00,1.58,0.32,0.04,1.20
2019-01-15,12.66,12.76,12.78,12.59,13624,17305368.00,1.50,0.47,0.06,1.09
2019-01-16,12.80,12.86,12.95,12.75,14924,19178934.00,1.57,0.78,0.10,1.20
2019-01-17,12.80,12.74,12.88,12.68,12796,16330582.00,1.56,-0.93,-0.12,1.03
2019-01-18,12.66,12.74,12.80,12.61,10363,13169841.00,1.49,0.00,0.00,0.83
2019-01-21,12.74,13.28,13.46,12.74,41552,54687398.00,5.65,4.24,0.54,3.33
2019-01-22,13.24,13.08,13.29,13.03,23188,30447369.00,1.96,-1.51,-0.20,1.86
2019-01-23,13.08,13.18,13.26,12.93,17889,23381177.00,2.52,0.76,0.10,1.43
2019-01-24,13.16,13.37,13.65,13.07,31585,42323353.00,4.40,1.44,0.19,2.53
2019-01-25,13.40,13.21,13.54,13.19,20087,26755530.00,2.62,-1.20,-0.16,1.61
2019-01-28,13.30,13.23,13.54,13.08,21167,28196048.00,3.48,0.15,0.02,1.70
2019-01-29,13.16,12.95,13.28,12.78,19579,25442104.00,3.78,-2.12,-0.28,1.57
2019-01-30,12.85,12.78,13.09,12.78,11703,15171934.00,2.39,-1.31,-0.17,0.94
2019-01-31,12.78,12.63,12.93,12.60,15863,20226817.00,2.58,-1.17,-0.15,1.27
2019-02-01,12.73,12.91,12.94,12.69,12108,15562065.00,1.98,2.22,0.28,0.97
2019-02-11,12.89,13.21,13.23,12.88,16132,21060122.00,2.71,2.32,0.30,1.29
2019-02-12,13.15,13.31,13.45,13.15,24656,32836400.00,2.27,0.76,0.10,1.98
2019-02-13,13.39,13.42,13.52,13.25,24816,33277150.00,2.03,0.83,0.11,1.99
2019-02-14,13.41,13.58,13.68,13.33,25560,34476133.00,2.61,1.19,0.16,2.05
2019-02-15,13.57,13.53,13.75,13.46,23054,31294614.00,2.14,-0.37,-0.05,1.85
2019-02-18,13.93,14.17,14.44,13.93,50708,71821085.00,3.77,4.73,0.64,4.06
2019-02-19,14.10,14.04,14.33,13.90,42256,59645100.00,3.03,-0.92,-0.13,3.39
2019-02-20,14.08,14.16,14.49,13.97,34083,48549676.00,3.70,0.85,0.12,2.73
2019-02-21,14.13,13.84,14.20,13.83,35229,49329508.00,2.61,-2.26,-0.32,2.82
2019-02-22,13.89,14.02,14.03,13.76,26589,36974673.00,1.95,1.30,0.18,2.13
2019-02-25,14.05,14.57,14.63,14.03,47744,68563730.00,4.28,3.92,0.55,3.83
2019-02-26,14.55,14.67,15.09,14.35,51736,76328504.00,5.08,0.69,0.10,4.15
2019-02-27,14.66,14.50,14.87,14.36,41563,60743216.00,3.48,-1.16,-0.17,3.33
2019-02-28,14.50,14.58,14.76,14.45,22536,32897693.00,2.14,0.55,0.08,1.81
2019-03-01,14.65,14.62,14.78,14.40,25113,36589851.00,2.61,0.27,0.04,2.01
2019-03-04,14.70,14.65,14.95,14.58,41129,60667884.00,2.53,0.21,0.03,3.30
2019-03-05,14.65,14.79,14.80,14.55,32444,47663931.00,1.71,0.96,0.14,2.60
2019-03-06,14.79,15.26,15.34,14.61,61373,92003312.00,4.94,3.18,0.47,4.92
2019-03-07,15.26,15.18,15.32,14.99,52513,79666148.00,2.16,-0.52,-0.08,4.21
2019-03-08,14.97,14.32,14.97,14.30,54903,80595896.00,4.41,-5.67,-0.86,4.40
2019-03-11,14.42,14.75,14.77,14.32,31738,46188696.00,3.14,3.00,0.43,2.54
2019-03-12,14.80,15.00,15.17,14.70,53583,80138473.00,3.19,1.69,0.25,4.30
2019-03-13,15.00,14.62,15.10,14.57,36731,54555029.00,3.53,-2.53,-0.38,2.94
2019-03-14,14.59,14.37,14.75,14.31,28315,41013800.00,3.01,-1.71,-0.25,2.27
2019-03-15,14.37,14.45,14.65,14.37,22978,33330037.00,1.95,0.56,0.08,1.84
2019-03-18,14.70,15.90,15.90,14.69,78997,121981334.00,8.37,10.03,1.45,6.33
2019-03-19,16.02,16.49,17.39,16.01,136603,227374777.00,8.68,3.71,0.59,10.95
2019-03-20,16.58,16.54,16.89,16.21,69010,113665833.00,4.12,0.30,0.05,5.53
2019-03-21,16.61,16.21,16.61,16.18,50336,82283846.00,2.60,-2.00,-0.33,4.04
2019-03-22,16.21,16.47,16.72,16.21,42141,69422632.00,3.15,1.60,0.26,3.38
2019-03-25,16.22,16.04,16.25,15.90,39344,63419098.00,2.13,-2.61,-0.43,3.15
2019-03-26,16.07,15.71,16.28,15.56,33987,54020745.00,4.49,-2.06,-0.33,2.72
2019-03-27,15.82,16.19,16.21,15.53,36624,58288969.00,4.33,3.06,0.48,2.94
2019-03-28,16.19,15.73,16.19,15.72,28479,45499111.00,2.90,-2.84,-0.46,2.28
2019-03-29,15.80,16.09,16.20,15.70,31305,50223040.00,3.18,2.29,0.36,2.51
2019-04-01,16.30,16.57,16.86,16.30,43332,71744335.00,3.48,2.98,0.48,3.47
2019-04-02,16.60,16.39,16.69,16.25,40362,66250718.00,2.66,-1.09,-0.18,3.24
2019-04-03,16.33,16.51,16.58,16.21,29163,47861113.00,2.26,0.73,0.12,2.34
2019-04-04,16.55,17.22,17.37,16.53,79762,135871342.00,5.09,4.30,0.71,6.39
2019-04-08,17.39,17.28,18.09,16.86,68167,119079095.00,7.14,0.35,0.06,5.46
2019-04-09,17.08,16.83,17.35,16.61,39724,67152498.00,4.28,-2.60,-0.45,3.18
2019-04-10,16.70,16.86,17.05,16.61,29062,48915455.00,2.61,0.18,0.03,2.33
2019-04-11,16.88,16.21,16.88,16.13,53758,87973854.00,4.45,-3.86,-0.65,4.31
2019-04-12,16.21,15.71,16.23,15.52,41243,65412407.00,4.38,-3.08,-0.50,3.31
2019-04-15,15.73,15.54,16.18,15.54,33444,53103095.00,4.07,-1.08,-0.17,2.68
2019-04-16,15.39,15.69,15.69,15.10,27255,41935127.00,3.80,0.97,0.15,2.18
2019-04-17,15.67,15.78,15.95,15.53,22632,35822988.00,2.68,0.57,0.09,1.81
2019-04-18,15.79,15.45,15.88,15.35,26229,40879286.00,3.36,-2.09,-0.33,2.10
2019-04-19,15.56,15.53,15.60,15.22,18681,28869928.00,2.46,0.52,0.08,1.50
2019-04-22,15.70,15.84,15.87,15.48,21595,33892075.00,2.51,2.00,0.31,1.73
2019-04-23,15.75,15.46,15.75,15.41,20221,31476185.00,2.15,-2.40,-0.38,1.62
2019-04-24,15.50,15.50,15.58,15.21,16491,25357291.00,2.39,0.26,0.04,1.32
2019-04-25,15.41,15.05,15.57,15.03,18857,28908375.00,3.48,-2.90,-0.45,1.51
2019-04-26,15.00,14.51,15.00,14.50,23495,34413014.00,3.32,-3.59,-0.54,1.88
2019-04-29,14.52,14.10,14.61,14.04,20272,28889966.00,3.93,-2.83,-0.41,1.63
2019-04-30,14.19,14.29,14.46,14.10,12358,17670484.00,2.55,1.35,0.19,0.99
2019-05-06,14.00,13.92,14.29,13.85,28710,40367449.00,3.08,-2.59,-0.37,2.30
2019-05-07,13.98,15.31,15.31,13.93,46314,68837923.00,9.91,9.99,1.39,3.71
2019-05-08,15.01,15.48,15.93,14.85,57270,89200550.00,7.05,1.11,0.17,4.59
2019-05-09,15.17,15.12,15.58,15.06,25220,38495352.00,3.36,-2.33,-0.36,2.02
2019-05-10,15.15,15.83,16.08,15.15,32408,50703422.00,6.15,4.70,0.71,2.60
2019-05-13,15.85,15.86,16.05,15.64,22546,35776937.00,2.59,0.19,0.03,1.81
2019-05-14,15.75,15.48,15.80,15.28,18688,29005098.00,3.28,-2.40,-0.38,1.50
2019-05-15,15.55,15.99,16.00,15.52,29568,46829146.00,3.10,3.29,0.51,2.37
2019-05-16,16.35,15.75,16.35,15.70,27500,43592616.00,4.07,-1.50,-0.24,2.20
2019-05-17,15.65,15.42,16.06,15.40,32564,51189049.00,4.19,-2.10,-0.33,2.61
2019-05-20,15.45,14.82,15.45,14.55,20591,30494009.00,5.84,-3.89,-0.60,1.65
2019-05-21,14.69,15.07,15.14,14.68,12608,18971031.00,3.10,1.69,0.25,1.01
2019-05-22,14.83,14.63,14.85,14.59,13042,19140851.00,1.73,-2.92,-0.44,1.05
2019-05-23,14.63,14.40,14.81,14.28,10621,15399436.00,3.62,-1.57,-0.23,0.85
2019-05-24,14.33,14.23,14.72,14.21,10351,14883320.00,3.54,-1.18,-0.17,0.83
2019-05-27,14.23,14.47,14.54,14.16,16386,23505361.00,2.67,1.69,0.24,1.31
2019-05-28,14.46,14.44,14.60,14.38,10154,14712365.00,1.52,-0.21,-0.03,0.81
2019-05-29,14.42,15.22,15.35,14.42,33881,50410547.00,6.44,5.40,0.78,2.72
2019-05-30,15.22,15.29,15.39,15.08,19830,30220473.00,2.04,0.46,0.07,1.59
2019-05-31,15.19,15.33,15.58,15.07,22848,35144224.00,3.34,0.26,0.04,1.83
2019-06-03,15.33,15.43,15.70,15.00,21206,32689716.00,4.57,0.65,0.10,1.70
2019-06-04,15.44,15.03,15.65,14.90,17976,27282544.00,4.86,-2.59,-0.40,1.44
2019-06-05,15.11,15.38,15.75,15.06,30209,46598628.00,4.59,2.33,0.35,2.42
2019-06-06,15.40,14.58,15.40,14.51,23885,35580560.00,5.79,-5.20,-0.80,1.91
2019-06-10,14.75,14.81,14.99,14.67,14825,22003929.00,2.19,1.58,0.23,1.19
2019-06-11,14.97,15.80,15.85,14.88,55880,87163149.00,6.55,6.68,0.99,4.48
2019-06-12,15.66,15.84,15.88,15.50,42642,66997079.00,2.41,0.25,0.04,3.42
2019-06-13,15.70,15.52,15.97,15.21,41843,64564150.00,4.80,-2.02,-0.32,3.35
2019-06-14,15.48,14.33,15.50,14.30,53514,79209715.00,7.73,-7.67,-1.19,4.29
2019-06-17,14.27,14.39,14.47,14.20,17238,24743710.00,1.88,0.42,0.06,1.38
2019-06-18,14.27,14.36,14.50,14.26,9850,14171363.00,1.67,-0.21,-0.03,0.79
2019-06-19,14.72,14.50,14.75,14.34,16678,24218667.00,2.86,0.97,0.14,1.34
2019-06-20,14.50,14.55,14.66,14.30,18729,27151314.00,2.48,0.34,0.05,1.50
2019-06-21,14.60,14.60,14.75,14.55,14958,21899611.00,1.37,0.34,0.05,1.20
2019-06-24,14.59,14.53,14.72,14.44,12491,18196852.00,1.92,-0.48,-0.07,1.00
2019-06-25,14.53,14.41,14.59,14.28,12858,18479006.00,2.13,-0.83,-0.12,1.03
2019-06-26,14.36,14.38,14.50,14.23,9460,13609792.00,1.87,-0.21,-0.03,0.76
2019-06-27,14.44,14.40,14.46,14.32,9542,13725917.00,0.97,0.14,0.02,0.76
2019-06-28,14.40,14.03,14.40,13.96,18922,26679235.00,3.06,-2.57,-0.37,1.52
2019-07-01,14.24,14.35,14.42,14.11,15615,22363245.00,2.21,2.28,0.32,1.25
2019-07-02,14.31,14.52,14.55,14.30,18176,26300601.00,1.74,1.18,0.17,1.46
2019-07-03,14.52,15.97,15.97,14.51,78670,125188926.00,10.06,9.99,1.45,6.31
2019-07-04,15.88,15.25,15.88,14.99,111279,171464206.00,5.57,-4.51,-0.72,8.93
2019-07-05,15.06,15.11,15.34,15.00,44913,67968987.00,2.23,-0.92,-0.14,3.60
2019-07-08,15.08,14.24,15.11,14.16,49117,71379179.00,6.29,-5.76,-0.87,3.94
2019-07-09,14.26,14.36,14.48,14.11,23831,34005862.00,2.60,0.84,0.12,1.91
2019-07-10,14.38,14.11,14.47,14.02,16162,23015494.00,3.13,-1.74,-0.25,1.30
2019-07-11,14.23,13.97,14.30,13.93,17476,24599220.00,2.62,-0.99,-0.14,1.40
2019-07-12,13.90,14.19,14.30,13.89,14902,20994195.00,2.93,1.57,0.22,1.20
2019-07-15,14.12,14.30,14.30,13.90,19158,27025931.00,2.82,0.78,0.11,1.54
2019-07-16,14.25,14.19,14.33,14.15,11631,16533285.00,1.26,-0.77,-0.11,0.93
2019-07-17,14.20,14.22,14.31,14.11,10825,15420151.00,1.41,0.21,0.03,0.87
2019-07-18,14.24,13.98,14.24,13.96,11695,16408758.00,1.97,-1.69,-0.24,0.94
2019-07-19,13.90,14.06,14.23,13.90,11080,15636288.00,2.36,0.57,0.08,0.89
2019-07-22,14.05,13.51,14.20,13.48,18181,25060299.00,5.12,-3.91,-0.55,1.46
2019-07-23,13.55,13.71,13.75,13.55,9656,13177884.00,1.48,1.48,0.20,0.77
2019-07-24,13.74,13.77,13.89,13.69,11166,15411889.00,1.46,0.44,0.06,0.90
2019-07-25,13.70,13.89,13.97,13.69,9537,13179491.00,2.03,0.87,0.12,0.77
2019-07-26,13.86,14.03,14.26,13.68,17436,24375406.00,4.18,1.01,0.14,1.40
2019-07-29,13.93,13.87,13.97,13.82,9802,13600955.00,1.07,-1.14,-0.16,0.79
2019-07-30,13.82,14.05,14.18,13.82,15669,22049647.00,2.60,1.30,0.18,1.26
2019-07-31,14.04,13.92,14.07,13.86,10395,14506330.00,1.49,-0.93,-0.13,0.83
2019-08-01,13.89,13.73,14.00,13.69,12475,17213378.00,2.23,-1.36,-0.19,1.00
2019-08-02,13.48,13.48,13.58,13.35,18293,24571388.00,1.68,-1.82,-0.25,1.47
2019-08-05,13.48,13.42,13.60,13.37,10858,14643421.00,1.71,-0.45,-0.06,0.87
2019-08-06,13.29,12.85,13.29,12.56,19296,24781467.00,5.44,-4.25,-0.57,1.55
2019-08-07,12.86,12.61,12.97,12.55,12298,15644089.00,3.27,-1.87,-0.24,0.99
2019-08-08,12.71,12.82,12.83,12.59,11759,14965300.00,1.90,1.67,0.21,0.94
2019-08-09,13.15,13.09,13.18,12.55,14860,19196512.00,4.91,2.11,0.27,1.19
2019-08-12,12.95,13.09,13.31,12.90,17317,22670108.00,3.13,0.00,0.00,1.39
2019-08-13,13.00,13.08,13.12,12.81,14347,18583623.00,2.37,-0.08,-0.01,1.15
2019-08-14,13.10,13.17,13.33,13.08,17004,22415353.00,1.91,0.69,0.09,1.36
2019-08-15,12.69,13.00,13.05,12.66,13003,16676794.00,2.96,-1.29,-0.17,1.04
2019-08-16,12.96,13.24,13.39,12.94,18507,24507378.00,3.46,1.85,0.24,1.49
2019-08-19,13.49,13.45,13.49,13.22,22847,30519204.00,2.04,1.59,0.21,1.83
2019-08-20,13.90,13.74,13.99,13.60,32542,44803175.00,2.90,2.16,0.29,2.61
2019-08-21,13.58,13.42,13.58,13.41,17227,23210264.00,1.24,-2.33,-0.32,1.38
2019-08-22,13.39,13.40,13.52,13.28,13104,17502888.00,1.79,-0.15,-0.02,1.05
2019-08-23,13.45,13.29,13.45,13.25,10433,13923860.00,1.49,-0.82,-0.11,0.84
2019-08-26,13.00,13.14,13.19,13.00,10324,13531480.00,1.43,-1.13,-0.15,0.83
2019-08-27,13.13,13.36,13.44,13.13,12573,16759347.00,2.36,1.67,0.22,1.01
2019-08-28,13.38,13.52,13.66,13.31,15186,20483118.00,2.62,1.20,0.16,1.22
2019-08-29,13.51,13.44,13.68,13.44,11031,14911516.00,1.78,-0.59,-0.08,0.89
2019-08-30,13.51,13.17,13.60,13.08,12296,16407838.00,3.87,-2.01,-0.27,0.99
2019-09-02,13.21,13.50,13.54,13.21,12383,16579775.00,2.51,2.51,0.33,0.99
2019-09-03,13.53,13.64,13.75,13.43,14353,19576151.00,2.37,1.04,0.14,1.15
2019-09-04,13.64,13.70,13.73,13.51,12948,17629502.00,1.61,0.44,0.06,1.04
2019-09-05,13.70,13.66,13.83,13.66,20872,28690182.00,1.24,-0.29,-0.04,1.67
2019-09-06,13.66,13.75,13.78,13.58,14535,19861582.00,1.46,0.66,0.09,1.17
2019-09-09,13.82,13.92,13.92,13.76,18220,25253437.00,1.16,1.24,0.17,1.46
2019-09-10,13.92,13.84,13.96,13.79,14106,19511231.00,1.22,-0.57,-0.08,1.13
2019-09-11,13.85,13.85,13.96,13.81,14960,20745836.00,1.08,0.07,0.01,1.20
2019-09-12,13.84,13.82,13.86,13.71,10523,14498104.00,1.08,-0.22,-0.03,0.84
2019-09-16,13.83,13.81,13.92,13.79,11755,16286747.00,0.94,-0.07,-0.01,0.94
2019-09-17,13.80,13.48,13.83,13.38,15436,20922279.00,3.26,-2.39,-0.33,1.24
2019-09-18,13.52,13.42,13.55,13.40,10994,14794395.00,1.11,-0.45,-0.06,0.88
2019-09-19,13.41,13.57,13.60,13.37,8619,11649331.00,1.71,1.12,0.15,0.69
2019-09-20,13.65,13.68,13.76,13.52,9228,12618305.00,1.77,0.81,0.11,0.74
2019-09-23,13.67,13.56,13.67,13.42,10071,13589211.00,1.83,-0.88,-0.12,0.81
2019-09-24,13.57,13.57,13.66,13.52,10102,13732432.00,1.03,0.07,0.01,0.81
2019-09-25,13.57,13.82,13.93,13.46,30618,42226792.00,3.46,1.84,0.25,2.46
2019-09-26,13.85,13.19,13.95,13.17,31037,41633278.00,5.64,-4.56,-0.63,2.49
2019-09-27,13.22,13.20,13.29,12.99,15833,20810684.00,2.27,0.08,0.01,1.27
2019-09-30,13.21,13.33,13.39,13.11,16909,22432396.00,2.12,0.98,0.13,1.36
2019-10-08,13.31,13.48,13.70,13.23,17996,24320323.00,3.53,1.13,0.15,1.44
2019-10-09,13.48,13.59,13.65,13.28,15957,21445108.00,2.74,0.82,0.11,1.28
2019-10-10,13.56,13.79,13.83,13.50,25648,35177808.00,2.43,1.47,0.20,2.06
2019-10-11,13.79,13.57,13.79,13.56,21312,29128894.00,1.67,-1.60,-0.22,1.71
2019-10-14,13.63,13.50,13.78,13.45,22046,29928483.00,2.43,-0.52,-0.07,1.77
2019-10-15,13.52,13.33,13.57,13.28,13797,18493689.00,2.15,-1.26,-0.17,1.11
2019-10-16,13.35,13.23,13.39,13.16,10421,13809377.00,1.73,-0.75,-0.10,0.84
2019-10-17,13.22,13.22,13.28,13.15,8855,11697926.00,0.98,-0.08,-0.01,0.71
2019-10-18,13.22,13.07,13.30,13.06,12010,15816327.00,1.82,-1.13,-0.15,0.96
2019-10-21,13.15,12.98,13.15,12.87,8063,10446682.00,2.14,-0.69,-0.09,0.65
2019-10-22,12.96,13.09,13.15,12.96,5125,6696623.00,1.46,0.85,0.11,0.41
2019-10-23,12.91,12.75,12.91,12.70,16794,21483487.00,1.60,-2.60,-0.34,1.35
2019-10-24,12.74,12.75,12.80,12.67,6724,8559330.00,1.02,0.00,0.00,0.54
2019-10-25,12.72,12.94,12.98,12.67,9455,12185985.00,2.43,1.49,0.19,0.76
2019-10-28,12.89,12.96,13.08,12.75,9515,12320304.00,2.55,0.15,0.02,0.76
2019-10-29,13.08,12.82,13.09,12.81,7926,10205320.00,2.16,-1.08,-0.14,0.64
2019-10-30,12.82,12.65,12.82,12.59,8540,10821328.00,1.79,-1.33,-0.17,0.69
2019-10-31,12.66,12.63,12.78,12.60,7256,9189195.00,1.42,-0.16,-0.02,0.58
2019-11-01,12.61,12.77,12.77,12.57,8302,10532325.00,1.58,1.11,0.14,0.67
2019-11-04,12.77,12.87,12.90,12.75,7548,9686508.00,1.17,0.78,0.10,0.61
2019-11-05,13.00,12.95,13.05,12.87,10105,13093721.00,1.40,0.62,0.08,0.81
2019-11-06,12.93,12.89,13.04,12.82,8319,10744071.00,1.70,-0.46,-0.06,0.67
2019-11-07,12.95,12.88,12.98,12.84,8233,10634586.00,1.09,-0.08,-0.01,0.66
2019-11-08,12.99,13.01,13.09,12.87,12315,16008983.00,1.71,1.01,0.13,0.99
2019-11-11,12.99,13.12,13.19,12.90,15974,20843990.00,2.23,0.85,0.11,1.28
2019-11-12,13.10,13.34,13.34,13.02,16550,21857601.00,2.44,1.68,0.22,1.33
2019-11-13,13.31,13.16,13.31,13.14,10018,13245189.00,1.27,-1.35,-0.18,0.80
2019-11-14,12.84,13.13,13.21,12.80,14109,18329838.00,3.12,-0.23,-0.03,1.13
2019-11-15,13.07,13.28,13.34,13.05,13676,18040422.00,2.21,1.14,0.15,1.10
2019-11-18,13.30,13.86,13.88,13.29,43458,59395991.00,4.44,4.37,0.58,3.49
2019-11-19,13.86,13.83,13.95,13.67,20637,28547534.00,2.02,-0.22,-0.03,1.66
2019-11-20,14.06,14.30,14.30,13.67,23779,33248138.00,4.56,3.40,0.47,1.91
2019-11-21,15.01,13.65,15.01,13.42,98504,139009991.00,11.12,-4.55,-0.65,7.90
2019-11-22,13.31,13.10,13.37,13.00,50078,65701563.00,2.71,-4.03,-0.55,4.02
2019-11-25,13.05,12.80,13.05,12.80,18517,23846599.00,1.91,-2.29,-0.30,1.49
2019-11-26,12.81,12.91,13.05,12.81,12169,15766838.00,1.88,0.86,0.11,0.98
2019-11-27,12.84,12.87,12.97,12.82,7848,10118678.00,1.16,-0.31,-0.04,0.63
2019-11-28,12.92,12.85,12.96,12.81,7237,9328935.00,1.17,-0.16,-0.02,0.58
2019-11-29,12.84,12.86,12.93,12.83,5513,7102984.00,0.78,0.08,0.01,0.44
2019-12-02,12.86,13.02,13.02,12.86,5404,7000056.00,1.24,1.24,0.16,0.43
2019-12-03,12.95,13.08,13.09,12.90,6244,8152121.00,1.46,0.46,0.06,0.50
2019-12-04,13.05,13.07,13.21,12.97,5652,7410437.00,1.83,-0.08,-0.01,0.45
2019-12-05,13.16,13.07,13.16,13.01,6042,7899360.00,1.15,0.00,0.00,0.48
2019-12-06,13.08,13.20,13.25,13.08,7465,9828379.00,1.30,0.99,0.13,0.60
2019-12-09,13.30,13.21,13.33,13.14,5426,7168073.00,1.44,0.08,0.01,0.44
2019-12-10,13.21,13.21,13.25,13.16,4397,5800525.00,0.68,0.00,0.00,0.35
2019-12-11,13.17,13.06,13.20,13.04,8663,11347075.00,1.21,-1.14,-0.15,0.70
2019-12-12,13.10,13.02,13.16,13.01,4730,6190953.00,1.15,-0.31,-0.04,0.38
2019-12-13,13.05,13.18,13.20,13.04,5908,7752489.00,1.23,1.23,0.16,0.47
2019-12-16,13.19,13.29,13.34,13.19,6999,9295391.00,1.14,0.83,0.11,0.56
2019-12-17,13.25,13.35,13.38,13.25,10306,13742865.00,0.98,0.45,0.06,0.83
2019-12-18,13.40,13.33,13.42,13.28,6633,8844369.00,1.05,-0.15,-0.02,0.53
2019-12-19,13.31,13.38,13.42,13.31,7423,9911277.00,0.83,0.38,0.05,0.60
2019-12-20,13.40,13.26,13.43,13.25,5648,7540479.00,1.35,-0.90,-0.12,0.45
2019-12-23,13.26,13.19,13.37,13.11,12496,16590642.00,1.96,-0.53,-0.07,1.00
2019-12-24,13.19,13.35,13.41,13.19,7393,9852432.00,1.67,1.21,0.16,0.59
2019-12-25,13.28,13.38,13.40,13.27,6481,8647202.00,0.97,0.22,0.03,0.52
2019-12-26,13.38,13.33,13.41,13.25,7893,10503285.00,1.20,-0.37,-0.05,0.63
2019-12-27,13.34,13.28,13.41,13.27,9762,13016574.00,1.05,-0.38,-0.05,0.78
2019-12-30,13.28,13.33,13.36,13.16,7328,9734774.00,1.51,0.38,0.05,0.59
2019-12-31,13.33,13.48,13.49,13.27,10968,14698805.00,1.65,1.13,0.15,0.88
2020-01-02,13.51,13.59,13.65,13.49,15360,20837588.00,1.19,0.82,0.11,1.23
2020-01-03,13.56,13.74,13.80,13.56,18087,24814338.00,1.77,1.10,0.15,1.45
2020-01-06,13.73,13.67,13.92,13.60,13720,18836745.00,2.33,-0.51,-0.07,1.10
2020-01-07,13.71,13.74,13.75,13.57,12172,16641039.00,1.32,0.51,0.07,0.98
2020-01-08,13.69,13.48,13.81,13.48,11836,16147420.00,2.40,-1.89,-0.26,0.95
2020-01-09,13.56,13.73,13.78,13.55,10827,14811303.00,1.71,1.85,0.25,0.87
2020-01-10,13.75,13.75,13.83,13.63,10802,14846392.00,1.46,0.15,0.02,0.87
2020-01-13,13.80,13.84,13.89,13.70,9438,12988842.00,1.38,0.65,0.09,0.76
2020-01-14,13.79,13.71,13.87,13.70,8753,12044257.00,1.23,-0.94,-0.13,0.70
2020-01-15,13.75,13.57,13.81,13.52,10954,14896200.00,2.12,-1.02,-0.14,0.88
2020-01-16,13.58,13.39,13.66,13.34,9965,13407708.00,2.36,-1.33,-0.18,0.80
2020-01-17,13.41,13.33,13.50,13.29,8356,11163289.00,1.57,-0.45,-0.06,0.67
2020-01-20,13.37,13.59,13.62,13.29,9074,12185175.00,2.48,1.95,0.26,0.73
2020-01-21,13.51,13.29,13.58,13.28,8821,11784479.00,2.21,-2.21,-0.30,0.71
2020-01-22,13.33,13.12,13.35,12.93,9211,12052943.00,3.16,-1.28,-0.17,0.74
2020-01-23,13.02,12.80,13.09,12.63,16542,21276797.00,3.51,-2.44,-0.32,1.33
2020-02-03,11.52,11.52,11.52,11.52,7670,8835840.00,0.00,-10.00,-1.28,0.62
2020-02-04,10.82,11.12,11.49,10.82,26347,29217616.00,5.82,-3.47,-0.40,2.11
2020-02-05,11.16,11.37,11.44,11.07,18195,20606441.00,3.33,2.25,0.25,1.46
2020-02-06,11.46,11.49,11.68,11.33,19493,22453848.00,3.08,1.06,0.12,1.56
2020-02-07,11.61,11.99,12.17,11.60,23800,28404348.00,4.96,4.35,0.50,1.91
2020-02-10,11.99,12.77,12.98,11.78,30240,38075832.00,10.01,6.51,0.78,2.43
2020-02-11,12.88,12.46,12.88,12.45,22878,28804842.00,3.37,-2.43,-0.31,1.84
2020-02-12,12.52,12.48,12.57,12.38,13117,16348187.00,1.52,0.16,0.02,1.05
2020-02-13,12.50,12.62,12.90,12.22,19170,24242662.00,5.45,1.12,0.14,1.54
2020-02-14,12.48,12.48,12.60,12.40,9552,11941157.00,1.58,-1.11,-0.14,0.77
2020-02-17,12.50,12.73,12.84,12.50,14099,17961734.00,2.72,2.00,0.25,1.13
2020-02-18,12.74,12.80,12.84,12.61,13210,16829021.00,1.81,0.55,0.07,1.06
2020-02-19,12.66,12.74,12.98,12.66,15168,19454704.00,2.50,-0.47,-0.06,1.22
2020-02-20,12.74,12.83,12.84,12.63,16625,21229673.00,1.65,0.71,0.09,1.33
2020-02-21,12.83,12.85,12.95,12.78,17009,21830777.00,1.33,0.16,0.02,1.36
2020-02-24,12.76,12.82,12.86,12.64,17899,22813491.00,1.71,-0.23,-0.03,1.44
2020-02-25,12.67,12.53,12.67,12.23,21683,27061857.00,3.43,-2.26,-0.29,1.74
2020-02-26,12.47,12.76,12.94,12.32,23192,29569164.00,4.95,1.84,0.23,1.86
2020-02-27,13.13,13.44,13.78,13.13,51788,69803520.00,5.09,5.33,0.68,4.16
2020-02-28,13.01,12.61,13.38,12.50,32758,42489865.00,6.55,-6.18,-0.83,2.63
2020-03-02,12.51,12.76,12.90,12.38,23625,30031286.00,4.12,1.19,0.15,1.90
2020-03-03,12.84,12.90,13.08,12.76,18863,24310340.00,2.51,1.10,0.14,1.51
2020-03-04,12.88,12.94,12.98,12.70,15986,20546045.00,2.17,0.31,0.04,1.28
2020-03-05,12.99,13.36,13.65,12.89,37946,50465974.00,5.87,3.25,0.42,3.04
2020-03-06,13.25,13.08,13.25,13.04,18774,24627159.00,1.57,-2.10,-0.28,1.50
2020-03-09,12.90,12.49,13.07,12.38,21584,27352667.00,5.28,-4.51,-0.59,1.73
2020-03-10,12.20,12.59,12.63,12.11,18147,22427655.00,4.16,0.80,0.10,0.88
2020-03-11,12.61,12.43,12.76,12.42,17363,21854832.00,2.70,-1.27,-0.16,0.84
2020-03-12,12.22,11.99,12.29,11.91,21997,26550353.00,3.06,-3.54,-0.44,1.07
2020-03-13,11.41,11.77,11.88,11.30,17382,20083691.00,4.84,-1.83,-0.22,0.84
2020-03-16,11.88,11.35,11.97,11.31,18445,21452771.00,5.61,-3.57,-0.42,0.89
2020-03-17,11.45,11.26,11.53,11.02,13175,14799940.00,4.49,-0.79,-0.09,0.64
2020-03-18,11.31,11.24,11.66,11.22,14004,15972963.00,3.91,-0.18,-0.02,0.68
2020-03-19,11.24,11.46,11.46,11.15,10788,12163605.00,2.76,1.96,0.22,0.52
2020-03-20,11.55,11.92,12.18,11.38,23079,27252265.00,6.98,4.01,0.46,1.12
2020-03-23,11.53,11.66,12.09,11.51,19057,22448817.00,4.87,-2.18,-0.26,0.92
2020-03-24,11.97,12.00,12.19,11.66,19287,22970326.00,4.55,2.92,0.34,0.93
2020-03-25,12.17,12.47,12.70,11.97,38940,47954275.00,6.08,3.92,0.47,1.89
2020-03-26,12.36,12.88,13.35,12.30,62315,80515745.00,8.42,3.29,0.41,3.02
2020-03-27,12.90,12.79,13.00,12.58,46311,58940133.00,3.26,-0.70,-0.09,2.24
2020-03-30,12.56,14.07,14.07,12.56,154428,212013384.00,11.81,10.01,1.28,7.48
2020-03-31,13.75,14.80,15.20,13.75,177131,259635491.00,10.31,5.19,0.73,8.58
2020-04-01,14.51,14.32,15.08,13.78,122066,175267027.00,8.78,-3.24,-0.48,5.92
2020-04-02,14.17,13.85,14.17,13.52,95688,131673034.00,4.54,-3.28,-0.47,4.64
2020-04-03,13.80,14.28,15.00,13.70,115620,166669665.00,9.39,3.10,0.43,5.60
2020-04-07,14.40,15.27,15.54,14.39,147910,222171995.00,8.05,6.93,0.99,7.17
2020-04-08,14.95,14.63,15.43,14.50,99611,147628495.00,6.09,-4.19,-0.64,4.83
2020-04-09,14.80,14.56,14.91,14.16,71173,103339867.00,5.13,-0.48,-0.07,3.45
2020-04-10,14.31,13.92,14.73,13.87,60628,86052880.00,5.91,-4.40,-0.64,2.94
2020-04-13,13.85,13.70,14.04,13.36,40719,55957911.00,4.89,-1.58,-0.22,1.97
2020-04-14,13.85,13.88,13.96,13.59,34733,47901341.00,2.70,1.31,0.18,1.68
2020-04-15,13.87,14.08,14.08,13.53,50260,69357797.00,3.96,1.44,0.20,2.44
2020-04-16,13.93,13.70,14.19,13.70,39794,55103393.00,3.48,-2.70,-0.38,1.93
2020-04-17,13.65,13.46,13.83,13.43,32365,44041399.00,2.92,-1.75,-0.24,1.57
2020-04-20,13.52,13.89,14.10,13.51,40543,56154999.00,4.38,3.19,0.43,1.96
2020-04-21,13.83,14.30,14.57,13.52,62441,88574321.00,7.56,2.95,0.41,3.03
2020-04-22,14.10,14.81,14.93,14.03,69852,101467694.00,6.29,3.57,0.51,3.39
2020-04-23,14.90,14.93,15.35,14.56,92497,138915115.00,5.33,0.81,0.12,4.48
2020-04-24,14.80,14.08,14.80,13.96,67930,97227122.00,5.63,-5.69,-0.85,3.29
2020-04-27,14.00,14.14,14.48,13.66,51645,72769279.00,5.82,0.43,0.06,2.50
2020-04-28,14.21,13.66,14.21,13.13,43980,59775423.00,7.64,-3.39,-0.48,2.13
2020-04-29,13.64,13.37,13.78,13.30,26066,35224288.00,3.51,-2.12,-0.29,1.26
2020-04-30,13.36,13.57,13.60,13.26,25844,34831959.00,2.54,1.50,0.20,1.25
2020-05-06,13.41,13.70,13.80,13.38,23611,32248203.00,3.10,0.96,0.13,1.14
2020-05-07,13.68,13.69,13.95,13.59,28663,39455990.00,2.63,-0.07,-0.01,1.39
2020-05-08,13.69,13.76,13.94,13.58,31741,43653376.00,2.63,0.51,0.07,1.54
2020-05-11,13.76,13.62,13.95,13.50,27359,37303928.00,3.27,-1.02,-0.14,1.33
2020-05-12,13.58,14.98,14.98,13.45,123305,179265805.00,11.23,9.99,1.36,5.98
2020-05-13,15.00,15.26,15.89,14.84,146715,223375124.00,7.01,1.87,0.28,7.11
2020-05-14,15.26,15.40,15.70,15.01,121755,186936182.00,4.52,0.92,0.14,5.90
2020-05-15,15.33,15.43,15.78,15.33,100413,155935692.00,2.92,0.19,0.03,4.87
2020-05-18,15.15,15.71,16.63,15.15,126125,201847315.00,9.59,1.81,0.28,6.11
2020-05-19,15.46,15.88,16.09,15.36,99454,156156333.00,4.65,1.08,0.17,4.82
2020-05-20,15.96,15.45,16.28,15.30,95195,149431313.00,6.17,-2.71,-0.43,4.61
2020-05-21,15.69,15.13,15.85,15.12,79853,123391714.00,4.72,-2.07,-0.32,3.87
2020-05-22,15.09,14.97,15.33,14.71,53362,80407046.00,4.10,-1.06,-0.16,2.59
2020-05-25,15.03,15.67,15.96,14.69,90337,139969683.00,8.48,4.68,0.70,4.38
2020-05-26,15.71,16.20,16.29,15.53,111217,178037766.00,4.85,3.38,0.53,5.39
2020-05-27,16.19,15.84,16.44,15.78,86896,139601446.00,4.07,-2.22,-0.36,4.21
2020-05-28,15.97,15.66,16.63,15.31,93534,149121019.00,8.33,-1.14,-0.18,4.53
2020-05-29,15.21,15.99,16.09,15.21,74895,117373366.00,5.62,2.11,0.33,3.63
2020-06-01,15.80,16.32,16.35,15.50,101401,161653573.00,5.32,2.06,0.33,4.91
2020-06-02,16.28,16.63,16.76,15.98,108390,176861889.00,4.78,1.90,0.31,5.25
2020-06-03,16.48,15.96,16.58,15.95,73434,119172183.00,3.79,-4.03,-0.67,3.56
2020-06-04,15.80,16.22,16.22,15.67,54562,87282783.00,3.45,1.63,0.26,2.64
2020-06-05,16.04,15.37,16.13,15.03,85716,133087129.00,6.78,-5.24,-0.85,4.15
2020-06-08,15.28,15.22,15.37,14.98,49227,74450619.00,2.54,-0.98,-0.15,2.39
2020-06-09,15.30,15.15,15.39,14.91,29511,44582923.00,3.15,-0.46,-0.07,1.43
2020-06-10,15.06,15.06,15.25,15.01,28634,43314577.00,1.58,-0.59,-0.09,1.39
2020-06-11,14.95,14.56,14.99,14.42,54348,79452266.00,3.78,-3.32,-0.50,2.63
2020-06-12,14.30,14.61,14.70,14.27,28276,41053421.00,2.95,0.34,0.05,1.37
2020-06-15,14.61,14.78,15.15,14.56,37297,55461582.00,4.04,1.16,0.17,1.81
2020-06-16,14.71,14.86,14.91,14.61,26890,39703621.00,2.03,0.54,0.08,1.30
2020-06-17,14.84,15.05,15.19,14.68,42175,63138767.00,3.43,1.28,0.19,2.04
2020-06-18,14.90,14.83,15.08,14.68,32232,47784285.00,2.66,-1.46,-0.22,1.56
2020-06-19,14.77,14.71,14.89,14.64,30455,44876890.00,1.69,-0.81,-0.12,1.48
2020-06-22,14.66,14.71,14.82,14.66,25687,37806041.00,1.09,0.00,0.00,1.24
2020-06-23,14.70,14.18,14.72,14.03,48915,70087680.00,4.69,-3.60,-0.53,2.37
2020-06-24,14.18,14.30,14.30,13.97,29375,41473179.00,2.33,0.85,0.12,1.42
2020-06-29,14.16,14.49,14.55,14.12,32027,46197029.00,3.01,1.33,0.19,1.55
2020-06-30,14.49,14.42,14.57,14.37,29067,42061030.00,1.38,-0.48,-0.07,1.41
2020-07-01,14.41,14.73,14.88,14.31,47380,69083652.00,3.95,2.15,0.31,2.30
2020-07-02,14.66,15.00,15.18,14.66,46337,69503674.00,3.53,1.83,0.27,2.25
2020-07-03,15.00,14.96,15.15,14.80,44687,66778653.00,2.33,-0.27,-0.04,2.17
2020-07-06,14.96,16.42,16.46,14.90,113764,177542429.00,10.43,9.76,1.46,5.51
2020-07-07,16.60,18.06,18.06,16.60,172306,305525008.00,8.89,9.99,1.64,8.35
2020-07-08,18.18,19.87,19.87,17.69,207981,396419424.00,12.07,10.02,1.81,10.08
2020-07-09,20.99,21.86,21.86,20.53,97439,207095092.00,6.69,10.02,1.99,4.72
2020-07-10,22.19,20.26,23.49,20.04,251905,534688384.00,15.78,-7.32,-1.60,12.21
2020-07-13,19.95,21.17,21.65,19.95,173889,364609328.00,8.39,4.49,0.91,8.43
2020-07-14,21.10,19.70,21.10,19.51,147122,296643904.00,7.51,-6.94,-1.47,7.13
2020-07-15,20.25,21.67,21.67,20.09,183261,383198752.00,8.02,10.00,1.97,8.88
2020-07-16,22.00,19.98,22.70,19.76,155587,323857536.00,13.57,-7.80,-1.69,7.54
2020-07-17,19.52,19.48,19.74,17.98,104043,197041413.00,8.81,-2.50,-0.50,5.04
2020-07-20,19.99,21.43,21.43,18.84,124101,254166398.00,13.30,10.01,1.95,6.01
2020-07-21,21.81,22.30,22.81,21.36,157369,348612816.00,6.77,4.06,0.87,7.63
2020-07-22,22.30,24.53,24.53,21.67,142756,338756384.00,12.83,10.00,2.23,6.92
2020-07-23,23.50,23.89,24.66,23.00,144853,341704080.00,6.77,-2.61,-0.64,7.02
2020-07-24,23.40,21.50,23.40,21.50,143241,312209056.00,7.95,-10.00,-2.39,6.94
2020-07-27,20.42,19.94,21.10,19.63,118757,238810153.00,6.84,-7.26,-1.56,5.76
2020-07-28,19.96,20.23,20.58,19.37,88270,177254944.00,6.07,1.45,0.29,4.28
2020-07-29,19.83,20.17,20.25,19.27,97946,193878215.00,4.84,-0.30,-0.06,4.75
2020-07-30,20.07,22.19,22.19,19.88,192543,413226624.00,11.45,10.01,2.02,9.33
2020-07-31,21.89,21.60,22.57,21.07,156686,339855408.00,6.76,-2.66,-0.59,7.59
2020-08-03,21.82,22.63,23.00,21.36,148181,328727584.00,7.59,4.77,1.03,7.18
2020-08-04,22.35,22.38,23.65,21.65,149499,339562288.00,8.84,-1.10,-0.25,7.25
2020-08-05,22.05,22.50,22.50,20.88,95802,209033361.00,7.24,0.54,0.12,4.64
2020-08-06,22.29,21.73,22.47,21.55,79945,174326005.00,4.09,-3.42,-0.77,3.87
2020-08-07,21.45,21.82,22.55,21.33,89172,196336460.00,5.61,0.41,0.09,4.32
2020-08-10,21.00,20.46,21.15,20.01,87507,179031108.00,5.22,-6.23,-1.36,4.24
2020-08-11,20.33,20.25,20.94,20.21,56463,116070137.00,3.57,-1.03,-0.21,2.74
2020-08-12,20.18,20.61,21.10,20.06,62901,129518016.00,5.14,1.78,0.36,3.05
2020-08-13,20.53,21.34,21.90,20.12,84152,178750130.00,8.64,3.54,0.73,4.08
2020-08-14,21.34,20.99,21.58,20.40,59897,125040904.00,5.53,-1.64,-0.35,2.90
2020-08-17,20.97,21.50,21.85,20.73,73087,156475596.00,5.34,2.43,0.51,3.54
2020-08-18,21.95,22.26,22.39,21.55,108424,239281202.00,3.91,3.53,0.76,5.25
2020-08-19,22.58,23.10,23.53,21.78,152083,346079152.00,7.86,3.77,0.84,7.37
2020-08-20,22.50,21.25,22.75,20.88,97390,212894947.00,8.10,-8.01,-1.85,4.72
2020-08-21,21.04,23.38,23.38,21.00,129672,293829696.00,11.20,10.02,2.13,6.28
2020-08-24,23.99,24.92,25.52,23.70,213988,524520016.00,7.78,6.59,1.54,10.37
2020-08-25,24.80,23.67,24.80,23.02,140162,334148480.00,7.14,-5.02,-1.25,6.79
2020-08-26,23.53,22.25,23.53,21.80,115638,258704163.00,7.31,-6.00,-1.42,5.60
2020-08-27,22.01,22.49,22.88,21.56,68407,152906950.00,5.93,1.08,0.24,3.32
2020-08-28,22.29,22.67,22.89,21.90,64094,143955962.00,4.40,0.80,0.18,3.11
2020-08-31,22.55,22.46,22.97,22.29,64954,146693495.00,3.00,-0.93,-0.21,3.15
2020-09-01,22.33,21.81,22.45,21.40,64111,139731533.00,4.67,-2.89,-0.65,3.11
2020-09-02,22.00,21.65,22.36,21.53,52387,114506271.00,3.81,-0.73,-0.16,2.54
2020-09-03,21.59,21.78,22.19,21.10,53183,115319058.00,5.03,0.60,0.13,2.58
2020-09-04,20.80,21.00,21.35,20.80,51579,108178408.00,2.53,-3.58,-0.78,2.50
2020-09-07,20.93,20.02,21.07,20.02,50811,103725578.00,5.00,-4.67,-0.98,2.46
2020-09-08,20.02,20.07,20.21,19.50,36621,72883791.00,3.55,0.25,0.05,1.77
2020-09-09,19.95,18.76,19.95,18.66,49802,95772897.00,6.43,-6.53,-1.31,2.41
2020-09-10,18.91,18.84,19.52,18.49,42961,81461489.00,5.49,0.43,0.08,2.08
2020-09-11,18.50,18.80,18.94,18.14,26409,49177027.00,4.25,-0.21,-0.04,1.28
2020-09-14,18.78,19.32,19.55,18.78,32525,62643081.00,4.10,2.77,0.52,1.58
2020-09-15,19.34,19.25,19.34,19.01,19351,37061124.00,1.71,-0.36,-0.07,0.94
2020-09-16,19.26,19.19,19.66,19.00,20759,40096401.00,3.43,-0.31,-0.06,1.01
2020-09-17,19.35,19.67,19.99,19.31,38092,74759209.00,3.54,2.50,0.48,1.85
2020-09-18,19.63,19.92,20.13,19.52,29676,59071675.00,3.10,1.27,0.25,1.44
2020-09-21,20.05,20.26,20.45,19.60,42724,85721829.00,4.27,1.71,0.34,2.07
2020-09-22,20.01,19.03,20.05,18.77,67489,130137620.00,6.32,-6.07,-1.23,3.27
2020-09-23,19.00,18.69,19.13,18.63,30897,57950987.00,2.63,-1.79,-0.34,1.50
2020-09-24,18.55,18.64,19.46,18.38,45651,86765295.00,5.78,-0.27,-0.05,2.21
2020-09-25,18.65,18.30,18.82,18.01,33183,60627784.00,4.35,-1.82,-0.34,1.61
2020-09-28,18.30,17.39,18.30,17.39,36725,65037780.00,4.97,-4.97,-0.91,1.78
2020-09-29,17.49,17.80,17.94,17.35,31916,56566930.00,3.39,2.36,0.41,1.55
2020-09-30,18.01,17.40,18.29,17.23,36314,63813796.00,5.96,-2.25,-0.40,1.76
2020-10-09,17.69,18.02,18.23,17.69,30799,55527434.00,3.10,3.56,0.62,1.49
2020-10-12,18.05,18.50,18.53,18.00,30972,56916671.00,2.94,2.66,0.48,1.50
2020-10-13,18.50,18.40,18.52,18.15,30199,55248844.00,2.00,-0.54,-0.10,1.46
2020-10-14,18.49,18.29,18.72,18.19,33162,61016064.00,2.88,-0.60,-0.11,1.61
2020-10-15,18.20,18.48,18.49,17.83,29446,53601258.00,3.61,1.04,0.19,1.43
2020-10-16,18.13,17.78,18.33,17.70,34657,61786121.00,3.41,-3.79,-0.70,1.68
2020-10-19,17.70,17.63,18.08,17.55,23387,41631657.00,2.98,-0.84,-0.15,1.13
2020-10-20,17.63,17.88,17.89,17.41,21891,38650679.00,2.72,1.42,0.25,1.06
2020-10-21,17.91,17.51,17.94,17.46,22415,39488645.00,2.68,-2.07,-0.37,1.09
2020-10-22,17.52,17.17,17.69,17.17,22356,38640185.00,2.97,-1.94,-0.34,1.08
2020-10-23,17.25,16.70,17.45,16.66,30539,51824046.00,4.60,-2.74,-0.47,1.48
2020-10-26,16.80,16.95,17.16,16.34,23198,39051770.00,4.91,1.50,0.25,1.12
2020-10-27,16.96,16.98,17.15,16.77,17541,29729392.00,2.24,0.18,0.03,0.85
2020-10-28,16.86,16.60,16.97,16.34,29200,48484225.00,3.71,-2.24,-0.38,1.42
2020-10-29,16.51,16.30,16.58,16.18,22016,36050359.00,2.41,-1.81,-0.30,1.07
2020-10-30,16.52,15.77,16.58,15.77,30049,48262878.00,4.97,-3.25,-0.53,1.46
2020-11-02,15.66,16.15,16.40,15.44,38303,61258177.00,6.09,2.41,0.38,1.86
2020-11-03,16.26,16.41,16.49,16.09,21250,34757937.00,2.48,1.61,0.26,1.03
2020-11-04,16.36,16.24,16.41,16.13,14546,23636281.00,1.71,-1.04,-0.17,0.70
2020-11-05,16.33,16.36,16.58,16.23,25974,42526127.00,2.16,0.74,0.12,1.26
2020-11-06,16.43,16.10,16.51,15.98,22246,35826918.00,3.24,-1.59,-0.26,1.08
2020-11-09,16.20,16.34,16.41,16.10,31317,50975199.00,1.93,1.49,0.24,1.52
2020-11-10,16.42,16.33,16.87,16.17,51081,84295537.00,4.28,-0.06,-0.01,2.48
2020-11-11,16.19,16.40,16.66,16.19,39022,64358899.00,2.88,0.43,0.07,1.89
2020-11-12,16.55,16.73,16.86,16.10,44501,73374682.00,4.63,2.01,0.33,2.16
2020-11-13,16.52,15.87,16.54,15.85,60902,97647490.00,4.12,-5.14,-0.86,2.95
2020-11-16,15.86,17.05,17.18,15.78,83794,139517729.00,8.82,7.44,1.18,4.06
2020-11-17,16.94,17.28,17.39,16.62,81780,139710938.00,4.52,1.35,0.23,3.96
2020-11-18,17.20,16.90,17.35,16.80,50114,85344318.00,3.18,-2.20,-0.38,2.43
2020-11-19,16.93,17.23,17.28,16.73,44839,76502536.00,3.25,1.95,0.33,2.17
2020-11-20,17.75,18.18,18.45,17.50,116969,211551025.00,5.51,5.51,0.95,5.67
2020-11-23,17.90,17.94,18.03,17.57,76678,136561904.00,2.53,-1.32,-0.24,3.72
2020-11-24,17.86,17.40,17.86,17.30,50633,88679447.00,3.12,-3.01,-0.54,2.45
2020-11-25,17.37,16.91,17.45,16.88,39784,68027979.00,3.28,-2.82,-0.49,1.93
2020-11-26,16.78,16.99,17.27,16.77,24711,42133698.00,2.96,0.47,0.08,1.20
2020-11-27,16.98,17.02,17.13,16.81,20329,34431343.00,1.88,0.18,0.03,0.99
2020-11-30,17.00,17.33,17.36,16.83,34415,59005851.00,3.11,1.82,0.31,1.67
2020-12-01,17.18,17.33,17.41,17.12,26938,46556773.00,1.67,0.00,0.00,1.31
2020-12-02,17.33,17.24,17.48,17.15,21383,36935429.00,1.90,-0.52,-0.09,1.04
2020-12-03,17.10,17.15,17.47,16.78,42615,72617670.00,4.00,-0.52,-0.09,2.07
2020-12-04,17.04,17.62,17.66,16.96,50488,87913042.00,4.08,2.74,0.47,2.45
2020-12-07,17.50,18.11,18.66,17.38,89827,162101013.00,7.26,2.78,0.49,4.35
2020-12-08,18.00,18.00,18.15,17.73,40563,72770804.00,2.32,-0.61,-0.11,1.97
2020-12-09,18.00,17.42,18.16,17.39,34071,60255846.00,4.28,-3.22,-0.58,1.65
2020-12-10,17.27,17.35,17.56,17.15,18634,32404435.00,2.35,-0.40,-0.07,0.90
2020-12-11,17.19,16.30,17.20,16.15,49013,80675240.00,6.05,-6.05,-1.05,2.38
2020-12-14,16.17,16.80,16.97,16.00,31146,51490382.00,5.95,3.07,0.50,1.51
2020-12-15,16.80,16.60,17.09,16.51,20874,34891108.00,3.45,-1.19,-0.20,1.01
2020-12-16,16.57,17.80,18.25,16.36,82293,144006769.00,11.39,7.23,1.20,3.99
2020-12-17,17.63,17.82,18.10,17.50,62863,111616671.00,3.37,0.11,0.02,3.05
2020-12-18,17.60,17.78,17.90,17.39,45189,79797582.00,2.86,-0.22,-0.04,2.19
2020-12-21,17.81,18.18,18.38,17.53,69762,126022228.00,4.78,2.25,0.40,3.38
2020-12-22,17.90,17.84,18.45,17.68,65342,118323668.00,4.24,-1.87,-0.34,3.17
2020-12-23,17.76,18.04,18.22,17.60,59437,106603762.00,3.48,1.12,0.20,2.88
2020-12-24,17.86,17.09,17.98,16.89,56421,97819767.00,6.04,-5.27,-0.95,2.73
2020-12-25,16.95,16.72,16.95,16.40,36317,60697739.00,3.22,-2.17,-0.37,1.76
2020-12-28,16.76,16.97,17.10,16.58,32434,54851122.00,3.11,1.50,0.25,1.57
2020-12-29,16.98,16.62,17.15,16.58,31283,52410352.00,3.36,-2.06,-0.35,1.52
2020-12-30,16.68,18.28,18.28,16.52,79659,141331757.00,10.59,9.99,1.66,3.86
2020-12-31,18.45,18.21,18.60,17.81,99711,181955811.00,4.32,-0.38,-0.07,4.86
2021-01-04,17.93,20.03,20.03,17.92,188616,362619024.00,11.59,9.99,1.82,9.18
2021-01-05,19.66,19.32,21.83,19.22,225859,455350528.00,13.03,-3.54,-0.71,11.00
2021-01-06,18.88,19.00,19.46,18.60,106474,201185751.00,4.45,-1.66,-0.32,5.18
2021-01-07,19.20,19.00,19.48,18.65,86555,164755014.00,4.37,0.00,0.00,4.21
2021-01-08,18.77,18.29,18.85,18.06,63360,116599496.00,4.16,-3.74,-0.71,3.09
2021-01-11,18.18,17.00,18.20,16.99,71517,124426443.00,6.62,-7.05,-1.29,3.48
2021-01-12,16.89,17.39,17.74,16.71,47113,81343336.00,6.06,2.29,0.39,2.29
2021-01-13,15.65,15.65,15.65,15.65,26788,41923220.00,0.00,-10.01,-1.74,1.30
2021-01-14,14.09,14.09,14.09,14.09,13227,18636843.00,0.00,-9.97,-1.56,0.64
2021-01-15,12.80,13.28,13.80,12.80,144102,189488390.00,7.10,-5.75,-0.81,7.02
2021-01-18,12.95,14.12,14.41,12.95,118066,160985090.00,10.99,6.33,0.84,5.75
2021-01-19,14.83,14.10,14.83,14.09,73337,105316959.00,5.24,-0.14,-0.02,3.57
2021-01-20,14.17,14.07,14.29,13.76,47630,66860530.00,3.76,-0.21,-0.03,2.32
2021-01-21,13.99,14.01,14.23,13.91,33112,46437099.00,2.27,-0.43,-0.06,1.61
2021-01-22,14.09,13.63,14.15,13.49,49236,67451123.00,4.71,-2.71,-0.38,2.40
2021-01-25,13.59,13.37,13.65,13.31,41096,55322590.00,2.49,-1.91,-0.26,2.00
2021-01-26,13.59,13.21,14.00,13.08,55396,74482506.00,6.88,-1.20,-0.16,2.70
2021-01-27,13.30,13.71,14.14,12.96,68877,93102671.00,8.93,3.79,0.50,3.35
2021-01-28,13.46,13.14,13.46,13.05,47240,62273567.00,2.99,-4.16,-0.57,2.30
2021-01-29,13.10,12.59,13.30,12.32,48307,61527989.00,7.46,-4.19,-0.55,2.35
2021-02-01,12.45,12.36,12.61,12.18,33907,41920665.00,3.42,-1.83,-0.23,1.65
2021-02-02,12.46,12.58,12.62,12.20,25432,31663821.00,3.40,1.78,0.22,1.24
2021-02-03,12.65,12.16,12.65,12.15,26879,33020257.00,3.97,-3.34,-0.42,1.31
2021-02-04,12.10,11.88,12.24,11.68,30552,36302532.00,4.61,-2.30,-0.28,1.49
2021-02-05,11.89,11.68,12.18,11.66,25006,29703749.00,4.38,-1.68,-0.20,1.22
2021-02-08,11.57,11.68,11.75,11.33,22915,26540539.00,3.60,0.00,0.00,1.12
2021-02-09,11.63,11.94,11.99,11.57,19918,23521275.00,3.60,2.23,0.26,0.97
2021-02-10,11.94,12.27,12.73,11.81,43199,53087320.00,7.71,2.76,0.33,2.10
2021-02-18,12.32,13.50,13.50,12.32,61496,80715009.00,9.62,10.02,1.23,2.99
2021-02-19,14.00,14.64,14.74,13.72,103220,147642323.00,7.56,8.44,1.14,5.03
2021-02-22,14.31,14.07,14.54,14.01,69123,98174263.00,3.62,-3.89,-0.57,3.37
2021-02-23,13.98,14.00,14.34,13.79,39800,55964222.00,3.91,-0.50,-0.07,1.94
2021-02-24,14.19,14.30,14.43,14.00,37976,54203054.00,3.07,2.14,0.30,1.85
2021-02-25,14.50,13.81,14.50,13.80,31834,44454201.00,4.90,-3.43,-0.49,1.55
2021-02-26,13.65,13.71,13.80,13.54,21366,29153199.00,1.88,-0.72,-0.10,1.04
2021-03-01,13.75,13.88,13.94,13.61,19470,26848159.00,2.41,1.24,0.17,0.95
2021-03-02,13.86,13.69,13.86,13.53,15932,21737997.00,2.38,-1.37,-0.19,0.78
2021-03-03,13.59,14.08,14.20,13.59,29292,41114591.00,4.46,2.85,0.39,1.43
2021-03-04,14.15,13.76,14.15,13.73,20492,28399729.00,2.98,-2.27,-0.32,1.00
2021-03-05,13.59,13.93,14.00,13.55,19678,27287547.00,3.27,1.24,0.17,0.96
2021-03-08,14.13,13.98,14.41,13.94,32180,45427821.00,3.37,0.36,0.05,1.57
2021-03-09,13.88,13.29,13.91,13.07,30025,40343150.00,6.01,-4.94,-0.69,1.46
2021-03-10,13.40,13.04,13.48,13.04,17442,22963418.00,3.31,-1.88,-0.25,0.85
2021-03-11,13.04,13.57,13.70,12.85,24081,32159259.00,6.52,4.06,0.53,1.17
2021-03-12,13.58,13.51,13.67,13.31,14180,19116770.00,2.65,-0.44,-0.06,0.69
2021-03-15,13.40,13.55,13.60,13.30,15428,20767037.00,2.22,0.30,0.04,0.75
2021-03-16,13.41,13.55,13.64,13.38,11972,16182047.00,1.92,0.00,0.00,0.58
2021-03-17,13.47,13.78,13.85,13.40,17702,24248224.00,3.32,1.70,0.23,0.86
2021-03-18,13.69,13.66,13.82,13.62,11858,16219064.00,1.45,-0.87,-0.12,0.58
2021-03-19,13.62,13.55,13.78,13.23,11728,15977104.00,4.03,-0.81,-0.11,0.57
2021-03-22,13.56,13.61,13.68,13.49,14720,19956868.00,1.40,0.44,0.06,0.72
2021-03-23,13.80,14.12,14.27,13.76,37298,52497215.00,3.75,3.75,0.51,1.82
2021-03-24,14.09,13.79,14.10,13.73,22993,31821722.00,2.62,-2.34,-0.33,1.12
2021-03-25,13.78,13.75,13.94,13.70,13545,18688133.00,1.74,-0.29,-0.04,0.66
2021-03-26,13.71,13.64,13.80,13.61,17906,24517961.00,1.38,-0.80,-0.11,0.87
2021-03-29,13.65,13.40,13.70,13.35,19087,25714476.00,2.57,-1.76,-0.24,0.93
2021-03-30,13.50,13.14,13.50,13.11,16350,21558239.00,2.91,-1.94,-0.26,0.80
2021-03-31,13.03,13.14,13.25,13.03,10108,13295086.00,1.67,0.00,0.00,0.49
2021-04-01,13.20,13.17,13.25,13.09,10823,14240037.00,1.22,0.23,0.03,0.53
2021-04-02,13.14,13.15,13.28,13.06,11645,15342787.00,1.67,-0.15,-0.02,0.57
2021-04-06,13.14,13.20,13.25,13.13,7977,10513475.00,0.91,0.38,0.05,0.39
2021-04-07,13.22,13.17,13.25,13.08,10501,13799435.00,1.29,-0.23,-0.03,0.51
2021-04-08,13.13,13.12,13.33,13.03,13093,17251591.00,2.28,-0.38,-0.05,0.64
2021-04-09,13.10,13.05,13.16,13.03,9763,12755876.00,0.99,-0.53,-0.07,0.48
2021-04-12,13.10,13.12,13.33,13.05,14435,18988053.00,2.15,0.54,0.07,0.70
2021-04-13,13.08,13.33,13.35,13.05,18713,24700300.00,2.29,1.60,0.21,0.91
2021-04-14,13.33,13.84,13.85,13.21,41016,55868325.00,4.80,3.83,0.51,2.00
2021-04-15,14.50,14.22,14.60,14.00,55616,79373364.00,4.34,2.75,0.38,2.71
2021-04-16,14.21,14.27,14.42,14.05,33517,47660630.00,2.60,0.35,0.05,1.63
2021-04-19,14.22,14.15,14.40,14.10,22349,31743541.00,2.10,-0.84,-0.12,1.09
2021-04-20,14.11,15.57,15.57,14.09,53824,81049821.00,10.46,10.04,1.42,2.62
2021-04-21,15.91,15.26,15.91,15.00,63606,97289734.00,5.84,-1.99,-0.31,3.10
2021-04-22,15.26,15.35,15.48,15.00,41160,62814713.00,3.15,0.59,0.09,2.00
2021-04-23,15.18,14.71,15.26,14.68,34121,50744158.00,3.78,-4.17,-0.64,1.66
2021-04-26,14.57,14.72,15.12,14.36,32862,48575317.00,5.17,0.07,0.01,1.60
2021-04-27,14.80,15.00,15.30,14.59,36328,54370792.00,4.82,1.90,0.28,1.77
2021-04-28,14.83,14.70,14.83,14.44,27509,40158895.00,2.60,-2.00,-0.30,1.34
2021-04-29,14.62,14.50,14.62,14.37,18277,26469554.00,1.70,-1.36,-0.20,0.89
2021-04-30,14.48,14.94,15.10,14.48,31631,47008039.00,4.28,3.03,0.44,1.54
2021-05-06,14.87,14.75,15.07,14.58,27153,40129114.00,3.28,-1.27,-0.19,1.32
2021-05-07,14.65,15.10,15.21,14.49,30783,46020997.00,4.88,2.37,0.35,1.50
2021-05-10,15.11,15.27,15.34,14.93,30206,45837301.00,2.72,1.13,0.17,1.47
2021-05-11,15.10,15.35,15.70,15.01,38260,58896435.00,4.52,0.52,0.08,1.86
2021-05-12,15.39,16.04,16.57,15.18,54714,86914109.00,9.06,4.50,0.69,2.66
2021-05-13,15.76,15.74,16.00,15.68,36434,57638008.00,2.00,-1.87,-0.30,1.77
2021-05-14,15.76,15.84,15.86,15.27,34219,53197981.00,3.75,0.64,0.10,1.67
2021-05-17,15.51,15.76,16.00,15.51,25261,39762160.00,3.09,-0.51,-0.08,1.23
2021-05-18,15.80,16.01,16.38,15.53,32321,52009818.00,5.39,1.59,0.25,1.57
2021-05-19,16.14,16.13,16.65,16.00,35761,58344114.00,4.06,0.75,0.12,1.74
2021-05-20,15.66,16.38,16.38,15.53,31539,50574148.00,5.27,1.55,0.25,1.54
2021-05-21,16.37,15.97,16.42,15.83,26972,43202012.00,3.60,-2.50,-0.41,1.31
2021-05-24,16.06,16.20,16.38,15.67,29495,47496446.00,4.45,1.44,0.23,1.44
2021-05-25,16.14,16.04,16.51,15.82,25287,40654115.00,4.26,-0.99,-0.16,1.23
2021-05-26,15.85,15.66,15.89,15.61,24574,38655578.00,1.75,-2.37,-0.38,1.20
2021-05-27,15.62,15.66,15.83,15.61,18984,29799470.00,1.40,0.00,0.00,0.92
2021-05-28,15.60,15.47,15.73,15.18,29544,45512852.00,3.51,-1.21,-0.19,1.44
2021-05-31,15.30,15.36,15.45,15.15,15672,23975994.00,1.94,-0.71,-0.11,0.76
2021-06-01,15.31,15.40,15.75,15.31,23961,37208269.00,2.86,0.26,0.04,1.17
2021-06-02,15.38,15.20,15.53,15.00,23144,35357466.00,3.44,-1.30,-0.20,1.13
2021-06-03,15.29,15.38,15.62,15.20,27926,43042017.00,2.76,1.18,0.18,1.36
2021-06-04,15.26,15.17,15.40,15.10,13731,20911547.00,1.95,-1.37,-0.21,0.67
2021-06-07,15.21,15.45,15.59,15.21,21159,32710377.00,2.50,1.85,0.28,1.03
2021-06-08,15.53,15.22,15.53,15.10,19865,30418912.00,2.78,-1.49,-0.23,0.97
2021-06-09,15.21,14.89,15.27,14.85,22216,33348692.00,2.76,-2.17,-0.33,1.08
2021-06-10,14.90,14.80,14.91,14.71,15781,23346784.00,1.34,-0.60,-0.09,0.77
2021-06-11,14.82,14.64,14.93,14.54,14039,20648813.00,2.64,-1.08,-0.16,0.68
2021-06-15,14.61,14.51,14.61,14.20,15388,22173406.00,2.80,-0.89,-0.13,0.75
2021-06-16,14.50,14.61,14.64,14.00,13461,19434754.00,4.41,0.69,0.10,0.66
2021-06-17,14.47,14.41,14.58,14.28,16316,23481763.00,2.05,-1.37,-0.20,0.79
2021-06-18,14.41,14.67,14.70,14.26,18194,26477729.00,3.05,1.80,0.26,0.89
2021-06-21,14.61,15.08,15.30,14.51,25011,37485542.00,5.39,2.79,0.41,1.22
2021-06-22,15.10,15.08,15.25,15.03,18567,28102757.00,1.46,0.00,0.00,0.90
2021-06-23,15.03,15.50,15.95,15.01,46928,72893893.00,6.23,2.79,0.42,2.28
2021-06-24,15.50,15.37,15.72,15.25,23621,36498179.00,3.03,-0.84,-0.13,1.15
2021-06-25,15.32,15.07,15.40,14.98,21841,32999950.00,2.73,-1.95,-0.30,1.06
2021-06-28,15.07,14.91,15.17,14.86,30777,46117675.00,2.06,-1.06,-0.16,1.50
2021-06-29,14.86,14.54,14.97,14.52,21115,31028125.00,3.02,-2.48,-0.37,1.03
2021-06-30,14.60,14.51,14.70,14.36,14653,21308599.00,2.34,-0.21,-0.03,0.71
2021-07-01,14.50,14.53,14.68,14.35,15882,23045278.00,2.27,0.14,0.02,0.77
2021-07-02,14.53,14.22,14.53,14.11,16204,23160592.00,2.89,-2.13,-0.31,0.79
2021-07-05,14.10,14.37,14.42,14.10,12341,17654188.00,2.25,1.05,0.15,0.60
2021-07-06,14.40,14.35,14.58,14.21,15196,21804642.00,2.57,-0.14,-0.02,0.74
2021-07-07,14.39,14.35,14.60,14.21,14815,21327901.00,2.72,0.00,0.00,0.72
2021-07-08,14.45,14.11,14.45,14.01,22460,31841264.00,3.07,-1.67,-0.24,1.09
2021-07-09,14.10,14.19,14.22,13.92,13411,18855648.00,2.13,0.57,0.08,0.65
2021-07-12,14.25,14.46,14.74,14.22,28857,41897067.00,3.66,1.90,0.27,1.41
2021-07-13,14.42,14.58,14.69,14.35,19437,28295486.00,2.35,0.83,0.12,0.95
2021-07-14,14.50,14.62,14.88,14.48,21577,31751933.00,2.74,0.27,0.04,1.05
2021-07-15,14.59,14.28,14.62,14.18,22767,32656122.00,3.01,-2.33,-0.34,1.11
2021-07-16,14.27,14.02,14.28,14.00,17482,24668653.00,1.96,-1.82,-0.26,0.85
