2016-11-30,16.20,16.20,16.20,16.20,94,152749.00,0.00,9.98,1.47,0.01
2016-12-01,17.82,17.82,17.82,17.82,64,113192.00,0.00,10.00,1.62,0.01
2016-12-02,19.60,19.60,19.60,19.60,155,303545.00,0.00,9.99,1.78,0.02
2016-12-05,21.56,21.56,21.56,21.56,302,651284.00,0.00,10.00,1.96,0.04
2016-12-06,23.72,23.72,23.72,23.72,154,366379.00,0.00,10.02,2.16,0.02
2016-12-07,26.09,26.09,26.09,26.09,206,537714.00,0.00,9.99,2.37,0.03
2016-12-08,28.70,28.70,28.70,28.70,397,1139390.00,0.00,10.00,2.61,0.05
2016-12-09,31.57,31.57,31.57,31.57,2255,7120424.00,0.00,10.00,2.87,0.30
2016-12-12,34.73,34.73,34.73,34.73,6595,22904712.00,0.00,10.01,3.16,0.88
2016-12-13,33.80,38.20,38.20,31.44,426355,1523685712.00,19.46,9.99,3.47,56.85
2016-12-14,36.10,34.89,37.87,34.50,314540,1143860480.00,8.82,-8.66,-3.31,41.94
2016-12-15,33.00,35.30,36.55,32.60,232555,813097056.00,11.32,1.18,0.41,31.01
2016-12-16,34.80,33.37,35.08,32.80,202719,684990432.00,6.46,-5.47,-1.93,27.03
2016-12-19,32.88,31.92,33.24,31.51,132027,426255360.00,5.18,-4.35,-1.45,17.60
2016-12-20,31.63,31.76,32.68,31.51,94915,303982480.00,3.67,-0.50,-0.16,12.66
2016-12-21,32.01,30.89,32.20,30.38,134458,417156864.00,5.73,-2.74,-0.87,17.93
2016-12-22,30.46,30.18,30.77,30.03,90043,272922912.00,2.40,-2.30,-0.71,12.01
2016-12-23,30.23,28.38,30.38,28.22,126593,369805472.00,7.16,-5.96,-1.80,16.88
2016-12-26,27.95,29.00,29.23,27.11,108225,306694288.00,7.47,2.18,0.62,14.43
2016-12-27,28.70,28.66,29.10,28.36,69494,199316647.00,2.55,-1.17,-0.34,9.27
2016-12-28,28.44,27.95,28.73,27.85,59754,168856222.00,3.07,-2.48,-0.71,7.97
2016-12-29,27.80,28.29,28.81,27.80,74999,213280101.00,3.61,1.22,0.34,10.00
2016-12-30,28.13,28.89,29.36,28.11,91307,262512316.00,4.42,2.12,0.60,12.17
2017-01-03,28.97,28.92,29.18,28.51,83190,239814430.00,2.32,0.10,0.03,11.09
2017-01-04,28.83,28.62,28.83,28.50,68074,195080760.00,1.14,-1.04,-0.30,9.08
2017-01-05,28.64,27.45,28.64,27.40,92335,258371088.00,4.33,-4.09,-1.17,12.31
2017-01-06,27.22,26.05,27.39,26.00,86205,228841542.00,5.06,-5.10,-1.40,11.49
2017-01-09,26.04,25.86,26.18,25.46,48798,126078450.00,2.76,-0.73,-0.19,6.51
2017-01-10,25.81,25.80,26.35,25.69,45039,117338327.00,2.55,-0.23,-0.06,6.01
2017-01-11,25.62,24.92,25.89,24.90,51991,131710483.00,3.84,-3.41,-0.88,6.93
2017-01-12,24.99,24.70,25.29,24.52,45326,112952783.00,3.09,-0.88,-0.22,6.04
2017-01-13,24.69,23.40,24.79,23.08,65686,156978902.00,6.92,-5.26,-1.30,8.76
2017-01-16,23.19,22.41,23.33,21.51,66301,149983542.00,7.78,-4.23,-0.99,8.84
2017-01-17,22.39,23.33,23.56,21.56,78606,179250225.00,8.92,4.11,0.92,10.48
2017-01-18,23.10,22.48,23.10,22.47,45394,103431753.00,2.70,-3.64,-0.85,6.05
2017-01-19,22.27,22.59,23.05,21.82,49030,110598230.00,5.47,0.49,0.11,6.54
2017-01-20,22.50,23.22,23.48,22.36,58498,135414985.00,4.96,2.79,0.63,7.80
2017-01-23,23.17,23.41,23.97,23.05,60556,142808233.00,3.96,0.82,0.19,8.07
2017-01-24,23.24,22.77,23.54,22.61,38642,88865376.00,3.97,-2.73,-0.64,5.15
2017-01-25,22.70,23.07,23.18,22.63,29939,68769158.00,2.42,1.32,0.30,3.99
2017-01-26,23.20,23.09,23.30,22.95,24709,57094538.00,1.52,0.09,0.02,3.29
2017-02-03,23.10,22.96,23.19,22.70,22805,52372452.00,2.12,-0.56,-0.13,3.04
2017-02-06,23.15,24.12,24.29,23.08,79107,188548137.00,5.27,5.05,1.16,10.55
2017-02-07,24.00,23.95,24.10,23.64,49442,117834657.00,1.91,-0.70,-0.17,6.59
2017-02-08,24.02,24.66,24.85,23.81,81088,198507525.00,4.34,2.96,0.71,10.81
2017-02-09,24.68,24.73,25.45,24.68,85046,212806381.00,3.12,0.28,0.07,11.34
2017-02-10,24.70,24.25,24.70,24.24,50830,123971492.00,1.86,-1.94,-0.48,6.78
2017-02-13,24.20,25.07,25.21,24.03,70625,175304459.00,4.87,3.38,0.82,9.42
2017-02-14,25.07,25.76,25.97,24.77,110388,281606288.00,4.79,2.75,0.69,14.72
2017-02-15,25.63,25.51,26.17,25.42,105096,271900832.00,2.91,-0.97,-0.25,14.01
2017-02-16,25.26,25.40,25.53,25.05,60388,152325024.00,1.88,-0.43,-0.11,8.05
2017-02-17,25.35,24.87,25.97,24.85,71747,182140235.00,4.41,-2.09,-0.53,9.57
2017-02-20,24.50,24.42,24.80,23.95,56209,136383328.00,3.42,-1.81,-0.45,7.49
2017-02-21,24.47,24.69,24.89,24.35,40999,101049761.00,2.21,1.11,0.27,5.47
2017-02-22,24.75,24.56,24.95,24.40,42901,105473691.00,2.23,-0.53,-0.13,5.72
2017-02-23,24.60,25.36,25.46,24.50,83328,208523178.00,3.91,3.26,0.80,11.11
2017-02-24,25.44,26.87,27.36,25.30,170025,451448240.00,8.12,5.95,1.51,22.67
2017-02-27,26.54,26.95,28.00,26.23,143316,388676368.00,6.59,0.30,0.08,19.11
2017-02-28,26.50,27.05,27.07,26.30,83489,223006927.00,2.86,0.37,0.10,11.13
2017-03-01,26.83,26.70,27.78,26.60,87856,238666844.00,4.36,-1.29,-0.35,11.71
2017-03-02,26.75,26.89,27.11,26.40,76289,204359846.00,2.66,0.71,0.19,10.17
2017-03-03,26.69,26.33,26.69,26.29,58073,153477189.00,1.49,-2.08,-0.56,7.74
2017-03-06,26.40,27.12,27.23,26.40,69294,185637532.00,3.15,3.00,0.79,9.24
2017-03-07,27.01,28.24,28.27,27.01,150257,417467328.00,4.65,4.13,1.12,20.03
2017-03-08,28.24,27.94,28.24,27.62,89971,250867878.00,2.20,-1.06,-0.30,12.00
2017-03-09,27.87,27.30,27.87,27.21,66686,182730721.00,2.36,-2.29,-0.64,8.89
2017-03-10,27.33,27.40,27.83,27.11,55102,151517980.00,2.64,0.37,0.10,7.35
2017-03-13,27.11,27.97,28.20,26.49,81315,222673721.00,6.24,2.08,0.57,10.84
2017-03-14,27.89,27.55,28.11,27.54,70652,196307126.00,2.04,-1.50,-0.42,9.42
2017-03-15,27.49,27.23,27.49,27.01,50907,138447408.00,1.74,-1.16,-0.32,6.79
2017-03-16,27.26,28.14,28.30,27.26,111279,311871648.00,3.82,3.34,0.91,14.84
2017-03-17,28.15,27.81,28.85,27.80,144598,409781408.00,3.73,-1.17,-0.33,19.28
2017-03-20,27.53,28.66,28.77,27.36,96914,273358592.00,5.07,3.06,0.85,12.92
2017-03-21,28.55,28.81,29.18,28.36,104803,300756176.00,2.86,0.52,0.15,13.97
2017-03-22,28.59,29.74,29.87,28.41,181040,530698336.00,5.07,3.23,0.93,24.14
2017-03-23,29.50,29.58,30.05,28.40,164893,485620480.00,5.55,-0.54,-0.16,21.99
2017-03-24,29.40,29.30,29.76,28.90,81550,239212373.00,2.91,-0.95,-0.28,10.87
2017-03-27,29.30,28.94,29.60,28.75,59802,173466009.00,2.90,-1.23,-0.36,7.97
2017-03-28,28.85,28.30,29.23,28.12,57757,165768148.00,3.84,-2.21,-0.64,7.70
2017-03-29,28.13,25.88,28.35,25.83,105138,281990400.00,8.90,-8.55,-2.42,14.02
2017-03-30,25.60,24.84,25.67,24.25,69929,173802554.00,5.49,-4.02,-1.04,9.32
2017-03-31,24.70,24.70,25.29,24.42,36740,91458705.00,3.50,-0.56,-0.14,4.90
2017-04-05,24.80,25.32,25.47,24.80,36810,92805976.00,2.71,2.51,0.62,4.91
2017-04-06,25.33,25.38,25.79,25.25,42957,109715527.00,2.13,0.24,0.06,5.73
2017-04-07,25.47,24.93,25.47,24.93,37656,94651827.00,2.13,-1.77,-0.45,5.02
2017-04-10,26.10,27.42,27.42,25.75,73666,197326943.00,6.70,9.99,2.49,9.82
2017-04-11,28.05,27.19,28.05,26.33,116890,315722976.00,6.27,-0.84,-0.23,15.59
2017-04-12,27.01,26.12,27.06,26.00,57495,152916555.00,3.90,-3.94,-1.07,7.67
2017-04-13,25.82,26.11,26.76,25.51,40368,105831913.00,4.79,-0.04,-0.01,5.38
2017-04-14,25.93,25.04,26.11,25.02,46223,117424840.00,4.17,-4.10,-1.07,6.16
2017-04-17,24.50,23.40,24.54,23.31,42769,101299494.00,4.91,-6.55,-1.64,5.70
2017-04-18,23.25,23.46,23.79,23.20,23488,55388994.00,2.52,0.26,0.06,3.13
2017-04-19,23.46,24.16,24.25,23.23,35011,83253581.00,4.35,2.98,0.70,4.67
2017-04-20,24.19,23.99,24.37,23.65,27568,66193554.00,2.98,-0.70,-0.17,3.68
2017-04-21,24.11,24.04,24.48,23.88,24236,58652968.00,2.50,0.21,0.05,3.23
2017-04-24,24.00,23.10,24.10,22.80,21454,50078867.00,5.41,-3.91,-0.94,2.86
2017-04-25,23.37,23.47,23.85,23.20,18656,43916283.00,2.81,1.60,0.37,2.49
2017-04-26,23.23,23.73,23.93,23.23,24475,57979990.00,2.98,1.11,0.26,3.26
2017-04-27,23.56,24.28,24.34,23.01,42248,100690302.00,5.60,2.32,0.55,5.63
2017-04-28,24.28,24.26,24.55,24.12,27633,67180141.00,1.77,-0.08,-0.02,3.68
2017-05-02,24.12,24.10,24.37,24.05,20644,49919149.00,1.32,-0.66,-0.16,2.75
2017-05-03,24.10,24.30,24.38,24.02,22514,54568652.00,1.49,0.83,0.20,3.00
2017-05-04,24.29,23.75,24.29,23.60,25818,61884667.00,2.84,-2.26,-0.55,3.44
2017-05-05,23.70,24.10,24.48,23.66,30250,72872572.00,3.45,1.47,0.35,4.03
2017-05-08,24.01,23.01,24.20,23.01,22919,54173687.00,4.94,-4.52,-1.09,3.06
2017-05-09,22.80,23.31,23.43,22.78,22095,51039285.00,2.82,1.30,0.30,2.95
2017-05-10,23.46,23.39,24.18,23.31,31475,74702141.00,3.73,0.34,0.08,4.20
2017-05-11,23.20,23.56,23.58,22.22,30427,70041695.00,5.81,0.73,0.17,4.06
2017-05-12,23.25,23.62,23.78,23.25,19783,46642234.00,2.25,0.25,0.06,2.64
2017-05-15,23.72,23.90,24.19,23.72,29477,70684949.00,1.99,1.19,0.28,3.93
2017-05-16,23.95,24.95,24.99,23.69,59555,146286856.00,5.44,4.39,1.05,7.94
2017-05-17,24.84,24.66,25.10,24.45,46114,114084053.00,2.61,-1.16,-0.29,6.15
2017-05-18,24.47,24.21,24.76,24.15,26455,64645116.00,2.47,-1.82,-0.45,3.53
2017-05-19,24.30,23.80,24.48,23.61,25085,60202406.00,3.59,-1.69,-0.41,3.34
2017-05-22,23.57,22.75,23.90,22.65,31471,72889822.00,5.25,-4.41,-1.05,4.20
2017-05-23,22.56,21.56,22.81,21.55,30010,66212574.00,5.54,-5.23,-1.19,4.00
2017-05-24,21.50,21.80,21.93,21.25,18067,39078113.00,3.15,1.11,0.24,2.41
2017-05-25,21.75,21.88,22.06,21.37,17746,38603290.00,3.17,0.37,0.08,2.37
2017-05-26,21.96,22.06,22.18,21.81,18203,40073418.00,1.69,0.82,0.18,2.43
2017-05-31,22.76,22.15,23.08,22.06,31589,71610192.00,4.62,0.41,0.09,4.21
2017-06-01,22.00,20.90,22.28,20.81,28745,61488693.00,6.64,-5.64,-1.25,3.83
2017-06-02,20.79,21.50,21.60,20.62,20658,43733710.00,4.69,2.87,0.60,2.75
2017-06-05,21.58,21.73,22.10,21.52,20759,45193814.00,2.70,1.07,0.23,2.77
2017-06-06,21.29,21.66,21.76,21.29,13195,28487807.00,2.16,-0.32,-0.07,1.76
2017-06-07,22.02,23.83,23.83,22.02,67195,155080234.00,8.36,10.02,2.17,8.96
2017-06-08,24.40,25.36,26.16,24.23,145309,366491712.00,8.10,6.42,1.53,19.37
2017-06-09,24.91,26.47,26.62,24.84,160792,418274992.00,7.02,4.38,1.11,21.44
2017-06-12,25.80,25.92,26.20,25.35,103959,268003196.00,3.21,-2.08,-0.55,13.86
2017-06-13,25.92,26.51,27.18,25.53,169242,450638096.00,6.37,2.28,0.59,22.57
2017-06-14,12.90,12.57,13.78,12.41,406042,533501040.00,5.17,-52.58,-13.94,27.07
2017-06-15,12.32,13.83,13.83,12.32,151749,204710498.00,12.01,10.02,1.26,10.12
2017-06-16,15.07,15.21,15.21,14.77,309463,468464400.00,3.18,9.98,1.38,20.63
2017-06-19,15.10,15.34,15.46,14.52,688341,1033454624.00,6.18,0.85,0.13,45.89
2017-06-20,16.00,15.08,16.73,15.08,756214,1202331952.00,10.76,-1.69,-0.26,50.41
2017-06-21,14.71,15.15,15.78,14.35,538864,814391056.00,9.48,0.46,0.07,35.92
2017-06-22,14.85,13.95,14.97,13.84,491191,705679360.00,7.46,-7.92,-1.20,32.75
2017-06-23,13.66,13.69,14.20,13.15,349544,478938912.00,7.53,-1.86,-0.26,23.30
2017-06-26,13.76,13.46,13.76,13.27,227879,307177712.00,3.58,-1.68,-0.23,15.19
2017-06-27,13.60,13.45,13.87,13.41,257792,350932352.00,3.42,-0.07,-0.01,17.19
2017-06-28,13.54,13.09,13.54,12.93,238884,314186720.00,4.54,-2.68,-0.36,15.93
2017-06-29,13.26,13.05,13.36,12.88,186142,243894410.00,3.67,-0.31,-0.04,12.41
2017-06-30,12.91,12.85,12.98,12.61,167094,214052698.00,2.84,-1.53,-0.20,11.14
2017-07-03,12.88,13.00,13.10,12.72,141818,183495487.00,2.96,1.17,0.15,9.45
2017-07-04,13.06,12.75,13.07,12.74,113638,145973968.00,2.54,-1.92,-0.25,7.58
2017-07-05,12.62,12.82,12.87,12.62,107534,137394692.00,1.96,0.55,0.07,7.17
2017-07-06,12.80,12.57,12.82,12.46,146133,184726010.00,2.81,-1.95,-0.25,9.74
2017-07-07,12.50,12.59,12.78,12.50,119292,150880797.00,2.23,0.16,0.02,7.95
2017-07-10,12.45,11.90,12.53,11.90,175047,211490880.00,5.00,-5.48,-0.69,11.67
2017-07-11,11.91,11.56,12.03,11.45,106844,125697494.00,4.87,-2.86,-0.34,7.12
2017-07-12,11.60,12.04,12.07,11.47,156325,184708630.00,5.19,4.15,0.48,10.42
2017-07-13,11.90,11.70,11.95,11.67,94626,111534206.00,2.33,-2.82,-0.34,6.31
2017-07-14,11.63,11.52,11.79,11.48,65239,75876948.00,2.65,-1.54,-0.18,4.35
2017-07-17,11.40,10.38,11.52,10.37,128931,138051972.00,9.98,-9.90,-1.14,8.60
2017-07-18,10.38,10.61,10.66,10.28,72035,75543723.00,3.66,2.22,0.23,4.80
2017-07-19,10.52,10.87,11.29,10.33,112123,120039339.00,9.05,2.45,0.26,7.47
2017-07-20,10.80,10.68,10.98,10.66,81280,88038946.00,2.94,-1.75,-0.19,5.42
2017-07-21,10.76,10.79,10.93,10.62,65503,70570276.00,2.90,1.03,0.11,4.37
2017-07-24,10.72,10.79,10.90,10.51,70172,74903215.00,3.61,0.00,0.00,4.68
2017-07-25,10.71,11.12,11.26,10.67,140812,155521771.00,5.47,3.06,0.33,9.39
2017-07-26,11.01,10.88,11.14,10.85,82408,90146400.00,2.61,-2.16,-0.24,5.49
2017-07-27,10.95,11.08,11.20,10.85,95330,105333814.00,3.22,1.84,0.20,6.36
2017-07-28,11.05,10.88,11.08,10.85,74766,81746037.00,2.08,-1.81,-0.20,4.98
2017-07-31,10.78,10.77,10.87,10.73,51740,55782485.00,1.29,-1.01,-0.11,3.45
2017-08-01,10.80,10.95,11.19,10.73,98651,107778207.00,4.27,1.67,0.18,6.58
2017-08-02,10.84,10.96,11.20,10.68,113014,123129749.00,4.75,0.09,0.01,7.53
2017-08-03,10.91,11.24,11.49,10.84,175382,197646964.00,5.93,2.55,0.28,11.69
2017-08-04,11.35,11.16,11.65,11.14,140494,159578116.00,4.54,-0.71,-0.08,9.37
2017-08-07,10.99,10.99,11.13,10.87,70200,77117383.00,2.33,-1.52,-0.17,4.68
2017-08-08,11.07,10.98,11.16,10.88,52929,58165790.00,2.55,-0.09,-0.01,3.53
2017-08-09,10.92,10.83,10.93,10.82,57331,62220538.00,1.00,-1.37,-0.15,3.82
2017-08-10,10.83,10.59,10.85,10.56,69342,74038334.00,2.68,-2.22,-0.24,4.62
2017-08-11,10.50,10.45,10.62,10.42,49843,52304371.00,1.89,-1.32,-0.14,3.32
2017-08-14,10.46,10.72,10.85,10.40,60363,64392220.00,4.31,2.58,0.27,4.02
2017-08-15,10.91,11.31,11.74,10.88,210782,238232554.00,8.02,5.50,0.59,14.05
2017-08-16,11.17,11.25,11.32,11.04,119068,133095576.00,2.48,-0.53,-0.06,7.94
2017-08-17,11.16,11.30,11.34,11.15,95295,107163143.00,1.69,0.44,0.05,6.35
2017-08-18,11.22,11.08,11.25,11.05,70836,78865478.00,1.77,-1.95,-0.22,4.72
2017-08-21,11.06,11.19,11.19,11.05,44802,49909996.00,1.26,0.99,0.11,2.99
2017-08-22,11.22,11.01,11.22,11.00,53724,59602400.00,1.97,-1.61,-0.18,3.58
2017-08-23,11.01,10.85,11.08,10.76,53500,58239349.00,2.91,-1.45,-0.16,3.57
2017-08-24,10.81,10.81,11.04,10.81,46832,51057503.00,2.12,-0.37,-0.04,3.12
2017-08-25,10.75,10.94,11.04,10.74,50760,55436129.00,2.78,1.20,0.13,3.38
2017-08-28,10.99,11.36,11.42,10.99,136209,153669498.00,3.93,3.84,0.42,9.08
2017-08-29,11.31,11.59,11.87,11.11,220543,255405364.00,6.69,2.02,0.23,14.70
2017-08-30,11.50,11.81,12.27,11.35,228562,268661024.00,7.94,1.90,0.22,15.24
2017-08-31,11.63,11.69,11.87,11.58,140691,164845273.00,2.46,-1.02,-0.12,9.38
2017-09-01,11.65,12.19,12.75,11.65,273567,335152400.00,9.41,4.28,0.50,18.24
2017-09-04,12.06,12.12,12.39,11.99,154246,187196089.00,3.28,-0.57,-0.07,10.28
2017-09-05,12.07,11.82,12.24,11.73,139985,166966436.00,4.21,-2.48,-0.30,9.33
2017-09-06,11.67,11.87,11.95,11.64,90330,107021162.00,2.62,0.42,0.05,6.02
2017-09-07,11.81,11.96,12.33,11.72,149769,179901421.00,5.14,0.76,0.09,9.98
2017-09-08,11.93,12.15,12.22,11.75,163834,196573085.00,3.93,1.59,0.19,10.92
2017-09-11,12.08,12.01,12.11,11.92,96698,116145080.00,1.56,-1.15,-0.14,6.45
2017-09-12,12.09,11.73,12.09,11.72,118783,140844711.00,3.08,-2.33,-0.28,7.92
2017-09-13,11.68,11.75,11.80,11.59,57172,66905503.00,1.79,0.17,0.02,3.81
2017-09-14,11.71,11.62,11.78,11.60,57628,67319639.00,1.53,-1.11,-0.13,3.84
2017-09-15,11.61,11.50,11.71,11.45,55005,63647723.00,2.24,-1.03,-0.12,3.67
2017-09-18,11.54,11.58,11.63,11.45,40111,46308465.00,1.57,0.70,0.08,2.67
2017-09-19,11.55,11.79,11.90,11.55,99675,117442905.00,3.02,1.81,0.21,6.64
2017-09-20,11.73,11.87,11.92,11.65,77390,91259133.00,2.29,0.68,0.08,5.16
2017-09-21,11.90,11.49,11.91,11.44,64381,75449228.00,3.96,-3.20,-0.38,4.29
2017-09-22,11.49,11.26,11.53,11.21,61427,69533454.00,2.79,-2.00,-0.23,4.10
2017-09-25,11.20,10.98,11.29,10.90,51897,57659885.00,3.46,-2.49,-0.28,3.46
2017-09-26,10.98,11.06,11.10,10.94,31109,34290466.00,1.46,0.73,0.08,2.07
2017-09-27,11.06,11.14,11.25,10.98,32697,36299437.00,2.44,0.72,0.08,2.18
2017-09-28,11.27,10.93,11.27,10.92,34375,38075555.00,3.14,-1.89,-0.21,2.29
2017-09-29,10.94,11.05,11.10,10.94,27191,30010638.00,1.46,1.10,0.12,1.81
2017-10-09,11.23,11.09,11.28,11.05,32959,36620082.00,2.08,0.36,0.04,2.20
2017-10-10,11.09,11.30,11.32,11.06,52923,59301960.00,2.34,1.89,0.21,3.53
2017-10-11,11.28,11.27,11.30,11.16,44319,49718430.00,1.24,-0.27,-0.03,2.95
2017-10-12,11.24,11.43,11.44,11.22,72765,82614759.00,1.95,1.42,0.16,4.85
2017-10-13,11.43,11.36,11.48,11.30,48272,54870779.00,1.57,-0.61,-0.07,3.22
2017-10-16,11.34,11.04,11.34,10.98,58013,64512600.00,3.17,-2.82,-0.32,3.87
2017-10-17,11.04,11.05,11.14,10.91,27101,29884079.00,2.08,0.09,0.01,1.81
2017-10-18,11.06,10.83,11.09,10.82,38881,42498436.00,2.44,-1.99,-0.22,2.59
2017-10-19,10.82,10.71,10.97,10.70,32095,34693217.00,2.49,-1.11,-0.12,2.14
2017-10-20,10.70,10.78,10.81,10.63,18815,20238209.00,1.68,0.65,0.07,1.25
2017-10-23,10.82,11.86,11.86,10.76,96347,113087297.00,10.20,10.02,1.08,6.42
2017-10-24,12.30,13.05,13.05,12.02,581980,725137360.00,8.68,10.03,1.19,38.80
2017-10-25,13.33,12.80,13.49,12.52,575378,742900688.00,7.43,-1.92,-0.25,38.36
2017-10-26,12.80,12.48,13.00,12.26,366848,458789792.00,5.78,-2.50,-0.32,24.46
2017-10-27,12.30,11.98,12.36,11.96,290139,351760752.00,3.21,-4.01,-0.50,19.34
2017-10-30,11.80,11.19,11.87,10.92,237473,270593024.00,7.93,-6.59,-0.79,15.83
2017-10-31,11.17,11.34,11.36,11.11,142906,160733795.00,2.23,1.34,0.15,9.53
2017-11-01,11.35,11.93,12.25,11.27,293469,347734592.00,8.64,5.20,0.59,19.56
2017-11-02,11.75,11.79,11.95,11.60,196542,231226624.00,2.93,-1.17,-0.14,13.10
2017-11-03,11.68,11.31,11.95,11.27,161515,186499420.00,5.77,-4.07,-0.48,10.77
2017-11-06,11.42,11.44,11.47,11.05,103924,116942000.00,3.71,1.15,0.13,6.93
2017-11-07,11.36,11.86,11.87,11.24,156145,180840644.00,5.51,3.67,0.42,10.41
2017-11-08,11.96,12.24,12.50,11.74,296090,357923744.00,6.41,3.20,0.38,19.74
2017-11-09,12.02,12.06,12.30,11.85,143539,173027583.00,3.68,-1.47,-0.18,9.57
2017-11-10,12.05,11.97,12.23,11.87,105994,127510145.00,2.99,-0.75,-0.09,7.07
2017-11-13,12.00,11.85,12.04,11.78,86739,102952812.00,2.17,-1.00,-0.12,5.78
2017-11-14,11.85,11.22,11.87,11.21,130740,149276510.00,5.57,-5.32,-0.63,8.72
2017-11-15,11.20,11.40,11.58,11.11,82812,94065825.00,4.19,1.60,0.18,5.52
2017-11-16,11.33,11.33,11.60,11.23,56424,63940225.00,3.25,-0.61,-0.07,3.76
2017-11-17,11.31,10.84,11.31,10.75,100495,110319060.00,4.94,-4.32,-0.49,6.70
2017-11-20,10.80,10.93,11.00,10.53,51175,55518183.00,4.34,0.83,0.09,3.41
2017-11-21,10.78,10.87,11.20,10.78,46089,50345262.00,3.84,-0.55,-0.06,3.07
2017-11-22,10.84,10.76,11.05,10.72,59342,64378477.00,3.04,-1.01,-0.11,3.96
2017-11-23,10.66,10.38,10.79,10.36,75091,78998887.00,4.00,-3.53,-0.38,5.01
2017-11-24,10.36,10.46,10.65,10.31,41926,43977716.00,3.28,0.77,0.08,2.80
2017-11-27,10.37,10.54,10.96,10.17,60370,63974945.00,7.55,0.76,0.08,4.02
2017-11-28,10.50,10.55,10.85,10.35,41009,43293482.00,4.74,0.09,0.01,2.73
2017-11-29,10.45,10.45,10.66,10.32,36159,37745461.00,3.22,-0.95,-0.10,2.41
2017-11-30,10.53,10.22,10.53,10.20,45763,47213190.00,3.16,-2.20,-0.23,3.05
2017-12-01,10.14,10.23,10.30,10.13,22068,22590330.00,1.66,0.10,0.01,0.72
2017-12-04,10.26,10.02,10.26,10.01,32320,32703283.00,2.44,-2.05,-0.21,1.06
2017-12-05,9.80,9.95,10.50,9.52,50189,50426376.00,9.78,-0.70,-0.07,1.64
2017-12-06,9.93,9.64,10.00,9.42,52386,50306841.00,5.83,-3.12,-0.31,1.71
2017-12-07,9.64,9.51,9.68,9.48,24813,23662450.00,2.07,-1.35,-0.13,0.81
2017-12-08,9.51,9.55,9.58,9.46,23873,22759791.00,1.26,0.42,0.04,0.78
2017-12-11,9.55,9.57,9.60,9.50,24626,23518582.00,1.05,0.21,0.02,0.80
2017-12-12,9.58,9.48,9.62,9.33,29910,28287726.00,3.03,-0.94,-0.09,0.98
2017-12-13,9.51,9.49,9.51,9.38,17559,16573992.00,1.37,0.11,0.01,0.57
2017-12-14,9.47,9.47,9.52,9.41,17105,16166133.00,1.16,-0.21,-0.02,0.56
2017-12-15,9.40,9.48,9.49,9.38,20354,19196107.00,1.16,0.11,0.01,0.67
2017-12-18,9.41,9.30,9.47,9.25,21710,20329351.00,2.32,-1.90,-0.18,0.71
2017-12-19,9.31,9.12,9.35,9.11,41276,37981445.00,2.58,-1.94,-0.18,1.35
2017-12-20,9.12,8.64,9.15,8.50,71024,62014906.00,7.13,-5.26,-0.48,2.32
2017-12-21,8.50,8.39,8.55,8.35,46686,39353179.00,2.31,-2.89,-0.25,1.53
2017-12-22,8.39,8.09,8.39,8.01,91156,74190109.00,4.53,-3.58,-0.30,2.98
2017-12-25,8.09,7.80,8.13,7.76,67733,53785506.00,4.57,-3.58,-0.29,2.21
2017-12-26,7.80,7.96,8.05,7.60,192773,150875823.00,5.77,2.05,0.16,6.30
2017-12-27,7.90,7.86,7.96,7.74,99051,77717042.00,2.76,-1.26,-0.10,3.24
2017-12-28,7.85,7.76,7.94,7.76,73239,57436805.00,2.29,-1.27,-0.10,2.39
2017-12-29,7.77,7.85,7.86,7.73,54441,42541734.00,1.68,1.16,0.09,1.78
2018-01-02,7.89,7.90,7.91,7.81,51081,40197883.00,1.27,0.64,0.05,1.67
2018-01-03,7.91,8.07,8.30,7.83,135466,109397907.00,5.95,2.15,0.17,4.43
2018-01-04,8.02,8.04,8.11,7.96,71221,57208453.00,1.86,-0.37,-0.03,2.33
2018-01-05,7.98,8.18,8.24,7.98,97182,78941055.00,3.23,1.74,0.14,3.18
2018-01-08,8.15,8.05,8.15,8.01,69177,55786138.00,1.71,-1.59,-0.13,2.26
2018-01-09,8.00,7.94,8.02,7.91,58277,46358395.00,1.37,-1.37,-0.11,1.90
2018-01-10,7.92,7.73,7.94,7.69,74896,58277183.00,3.15,-2.64,-0.21,2.45
2018-01-11,7.72,7.83,7.84,7.66,61634,47938904.00,2.33,1.29,0.10,2.01
2018-01-12,7.82,7.77,7.88,7.75,42657,33266076.00,1.66,-0.77,-0.06,1.39
2018-01-15,7.76,7.46,7.76,7.42,56124,42519662.00,4.38,-3.99,-0.31,1.83
2018-01-16,7.41,7.63,7.64,7.41,50564,38279419.00,3.08,2.28,0.17,1.65
2018-01-17,7.58,7.79,7.83,7.56,69024,53449218.00,3.54,2.10,0.16,2.26
2018-01-18,7.80,8.57,8.57,7.74,174540,142312435.00,10.65,10.01,0.78,5.70
2018-01-19,8.60,8.70,8.98,8.31,314842,271342656.00,7.82,1.52,0.13,10.29
2018-01-22,8.30,8.20,8.38,8.09,180409,148293695.00,3.33,-5.75,-0.50,5.89
2018-01-23,8.11,8.17,8.35,8.01,110807,90596971.00,4.15,-0.37,-0.03,3.62
2018-01-24,8.14,8.17,8.25,8.07,82031,66827223.00,2.20,0.00,0.00,2.68
2018-01-25,8.20,8.13,8.20,8.11,68422,55737546.00,1.10,-0.49,-0.04,2.24
2018-01-26,8.11,8.10,8.14,8.05,54648,44185661.00,1.11,-0.37,-0.03,1.79
2018-01-29,8.12,7.89,8.14,7.83,64186,51179524.00,3.83,-2.59,-0.21,2.10
2018-01-30,7.93,7.81,7.94,7.78,37471,29328004.00,2.03,-1.01,-0.08,1.22
2018-01-31,7.82,7.50,7.82,7.46,65400,49581701.00,4.61,-3.97,-0.31,2.14
2018-02-01,7.54,7.00,7.59,7.00,68039,49220727.00,7.87,-6.67,-0.50,2.22
2018-02-02,6.89,6.89,7.00,6.60,43059,29468662.00,5.71,-1.57,-0.11,1.41
2018-02-05,6.80,7.05,7.08,6.75,37897,26339905.00,4.79,2.32,0.16,1.24
2018-02-06,6.98,6.37,6.98,6.35,54001,36146182.00,8.94,-9.65,-0.68,1.76
2018-02-07,6.55,6.50,6.61,6.31,39074,25361674.00,4.71,2.04,0.13,1.28
2018-02-08,6.50,6.66,6.68,6.44,34488,22772534.00,3.69,2.46,0.16,1.13
2018-02-09,6.46,6.48,6.67,6.27,41710,27121162.00,6.01,-2.70,-0.18,1.36
2018-02-12,6.51,6.80,6.88,6.50,47119,31755126.00,5.86,4.94,0.32,1.54
2018-02-13,6.83,6.76,6.94,6.75,30150,20591475.00,2.79,-0.59,-0.04,0.99
2018-02-14,6.77,6.83,6.84,6.63,26219,17631174.00,3.11,1.04,0.07,0.86
2018-02-22,6.83,6.91,6.99,6.83,23817,16478002.00,2.34,1.17,0.08,0.78
2018-02-23,6.92,6.96,7.06,6.90,34566,24149251.00,2.32,0.72,0.05,1.13
2018-02-26,6.99,7.11,7.18,6.96,41540,29301943.00,3.16,2.16,0.15,1.36
2018-02-27,7.11,7.02,7.15,6.99,35338,24909682.00,2.25,-1.27,-0.09,1.15
2018-02-28,6.97,7.02,7.08,6.91,26202,18344746.00,2.42,0.00,0.00,0.86
2018-03-01,7.09,7.12,7.14,6.99,38327,27138439.00,2.14,1.42,0.10,1.25
2018-03-02,7.09,7.07,7.18,7.03,27129,19241049.00,2.11,-0.70,-0.05,0.89
2018-03-05,7.02,7.15,7.16,7.02,34061,24205688.00,1.98,1.13,0.08,1.11
2018-03-06,7.19,7.19,7.23,7.07,39709,28363701.00,2.24,0.56,0.04,1.30
2018-03-07,7.14,7.07,7.18,7.06,35866,25499295.00,1.67,-1.67,-0.12,1.17
2018-03-08,7.05,7.24,7.26,7.03,70904,50916464.00,3.25,2.40,0.17,2.32
2018-03-09,7.24,7.43,7.47,7.19,94058,69024166.00,3.87,2.62,0.19,3.07
2018-03-12,7.45,7.47,7.50,7.37,68506,50943831.00,1.75,0.54,0.04,2.24
2018-03-13,7.46,7.51,7.90,7.37,94655,71769491.00,7.10,0.54,0.04,3.09
2018-03-14,7.48,7.27,7.48,7.25,59808,44117878.00,3.06,-3.20,-0.24,1.95
2018-03-15,7.28,7.15,7.30,7.05,45254,32384644.00,3.44,-1.65,-0.12,1.48
2018-03-16,7.15,7.16,7.27,7.10,28932,20811563.00,2.38,0.14,0.01,0.95
2018-03-19,7.13,7.29,7.35,7.13,35643,25879029.00,3.07,1.82,0.13,1.16
2018-03-20,7.21,7.28,7.30,7.16,27003,19514023.00,1.92,-0.14,-0.01,0.88
2018-03-21,7.32,8.01,8.01,7.27,175377,138478582.00,10.16,10.03,0.73,5.73
2018-03-22,8.20,8.60,8.81,8.08,539599,454684096.00,9.11,7.37,0.59,17.63
2018-03-23,8.00,7.74,8.17,7.74,269991,213617135.00,5.00,-10.00,-0.86,8.82
2018-03-26,7.43,7.77,7.83,7.03,170218,126845742.00,10.34,0.39,0.03,5.56
2018-03-27,7.76,8.10,8.18,7.71,181005,143844944.00,6.05,4.25,0.33,5.91
2018-03-28,7.89,8.30,8.35,7.80,261047,212520310.00,6.79,2.47,0.20,8.53
2018-03-29,8.23,8.06,8.30,8.00,152050,123544930.00,3.61,-2.89,-0.24,4.97
2018-03-30,8.13,8.05,8.18,8.00,107557,86840850.00,2.23,-0.12,-0.01,3.51
2018-04-02,8.06,7.80,8.14,7.60,159966,126700797.00,6.71,-3.11,-0.25,5.23
2018-04-03,7.62,7.73,7.79,7.55,75248,57849240.00,3.08,-0.90,-0.07,2.46
2018-04-04,7.81,7.48,7.85,7.40,93828,71725747.00,5.82,-3.23,-0.25,3.07
2018-04-09,7.38,7.40,7.48,7.23,65175,48034949.00,3.34,-1.07,-0.08,2.13
2018-04-10,7.46,7.45,7.58,7.41,66240,49622194.00,2.30,0.68,0.05,2.16
2018-04-11,7.40,7.69,7.79,7.40,101587,77301328.00,5.23,3.22,0.24,3.32
2018-04-12,7.60,7.59,7.73,7.56,67328,51292856.00,2.21,-1.30,-0.10,2.20
2018-04-13,7.65,7.67,7.75,7.60,62478,47841043.00,1.98,1.05,0.08,2.04
2018-04-16,7.66,7.37,7.66,7.28,76060,56590956.00,4.95,-3.91,-0.30,2.49
2018-04-17,7.44,7.10,7.47,7.08,61076,44382978.00,5.29,-3.66,-0.27,2.00
2018-04-18,7.15,7.29,7.31,6.96,57932,41623367.00,4.93,2.68,0.19,1.89
2018-04-19,7.28,7.28,7.33,7.17,53197,38565142.00,2.19,-0.14,-0.01,1.74
2018-04-20,7.23,7.17,7.29,7.03,49168,35180687.00,3.57,-1.51,-0.11,1.61
2018-04-23,7.00,7.03,7.09,6.82,46068,32149983.00,3.77,-1.95,-0.14,1.51
2018-04-24,7.09,7.19,7.20,7.00,36867,26320031.00,2.84,2.28,0.16,1.20
2018-04-25,7.12,7.12,7.18,7.11,29807,21266811.00,0.97,-0.97,-0.07,0.97
2018-04-26,7.22,7.12,7.48,7.12,81929,59803729.00,5.06,0.00,0.00,2.68
2018-04-27,7.08,7.02,7.12,6.95,43382,30433320.00,2.39,-1.40,-0.10,1.42
2018-05-02,7.04,6.90,7.07,6.87,37070,25755837.00,2.85,-1.71,-0.12,1.21
2018-05-03,6.91,6.94,6.97,6.73,35188,24133546.00,3.48,0.58,0.04,1.15
2018-05-04,6.92,6.90,6.98,6.89,22816,15822266.00,1.30,-0.58,-0.04,0.75
2018-05-07,6.93,7.07,7.08,6.90,29990,21069092.00,2.61,2.46,0.17,0.98
2018-05-08,7.05,7.44,7.78,7.05,240911,182434923.00,10.33,5.23,0.37,7.87
2018-05-09,7.18,7.35,7.38,7.12,159182,115444975.00,3.49,-1.21,-0.09,5.20
2018-05-10,7.32,7.55,7.60,7.29,149536,111645951.00,4.22,2.72,0.20,4.89
2018-05-11,8.31,7.68,8.31,7.61,379741,305933808.00,9.27,1.72,0.13,12.41
2018-05-14,7.35,7.19,7.36,7.18,213603,155156803.00,2.34,-6.38,-0.49,6.98
2018-05-15,7.17,7.26,7.27,7.12,82778,59580250.00,2.09,0.97,0.07,2.70
2018-05-16,7.20,7.14,7.24,7.13,56233,40385627.00,1.52,-1.65,-0.12,1.84
2018-05-17,7.14,7.24,7.26,7.12,57344,41364013.00,1.96,1.40,0.10,1.87
2018-05-18,7.21,7.21,7.25,7.14,41052,29485358.00,1.52,-0.41,-0.03,1.34
2018-05-21,7.30,7.27,7.32,7.19,56737,41157714.00,1.80,0.83,0.06,1.85
2018-05-22,7.25,7.39,7.50,7.22,88988,65516642.00,3.85,1.65,0.12,2.91
2018-05-23,7.35,7.28,7.49,7.28,69913,51676988.00,2.84,-1.49,-0.11,2.28
2018-05-24,7.24,7.47,7.55,7.22,88669,65661681.00,4.53,2.61,0.19,2.90
2018-05-25,7.48,7.28,7.51,7.23,71065,52319077.00,3.75,-2.54,-0.19,2.32
2018-05-28,7.29,7.06,7.30,7.06,62616,44710808.00,3.30,-3.02,-0.22,2.05
2018-05-29,7.04,7.10,7.19,7.02,34469,24488412.00,2.41,0.57,0.04,1.13
2018-05-30,7.00,6.75,7.00,6.70,73822,50406684.00,4.23,-4.93,-0.35,2.41
2018-05-31,6.77,6.89,6.96,6.77,33259,22815284.00,2.81,2.07,0.14,1.09
2018-06-01,6.81,6.81,6.96,6.76,29642,20302616.00,2.90,-1.16,-0.08,0.97
2018-06-04,6.85,6.88,6.98,6.85,21343,14730801.00,1.91,1.03,0.07,0.70
2018-06-05,6.90,7.01,7.18,6.85,41612,29184755.00,4.80,1.89,0.13,1.36
2018-06-06,7.00,6.95,7.05,6.94,26987,18828724.00,1.57,-0.86,-0.06,0.88
2018-06-07,6.95,6.83,6.99,6.81,35237,24219049.00,2.59,-1.73,-0.12,1.15
2018-06-08,6.84,6.71,6.84,6.59,40221,26923052.00,3.66,-1.76,-0.12,1.31
2018-06-11,6.67,6.64,6.73,6.60,22518,15011906.00,1.94,-1.04,-0.07,0.74
2018-06-12,6.65,6.72,6.80,6.55,25698,17176131.00,3.77,1.20,0.08,0.84
2018-06-13,6.69,6.56,6.69,6.55,23968,15888088.00,2.08,-2.38,-0.16,0.78
2018-06-14,6.59,6.50,6.63,6.48,32152,21044383.00,2.29,-0.91,-0.06,1.05
2018-06-15,6.50,6.40,6.54,6.28,39242,25093434.00,4.00,-1.54,-0.10,1.28
2018-06-19,6.20,5.86,6.29,5.76,50908,30438108.00,8.28,-8.44,-0.54,1.66
2018-06-20,5.76,5.92,5.99,5.75,32231,18966489.00,4.10,1.02,0.06,1.05
2018-06-21,5.96,5.61,5.97,5.60,32116,18629399.00,6.25,-5.24,-0.31,1.05
2018-06-22,5.54,5.74,5.76,5.33,24527,13944839.00,7.66,2.32,0.13,0.80
2018-06-25,5.83,5.73,5.89,5.71,17005,9867838.00,3.14,-0.17,-0.01,0.56
2018-06-26,5.70,5.79,5.86,5.61,20536,11818908.00,4.36,1.05,0.06,0.67
2018-06-27,5.73,5.73,5.85,5.71,20055,11554001.00,2.42,-1.04,-0.06,0.66
2018-06-28,5.81,5.74,5.85,5.66,36565,21073892.00,3.32,0.17,0.01,1.19
2018-06-29,5.59,5.75,5.76,5.36,68202,38049577.00,6.97,0.17,0.01,2.23
2018-07-02,5.66,5.58,5.71,5.51,33799,19061083.00,3.48,-2.96,-0.17,1.10
2018-07-03,5.63,5.65,5.67,5.54,21818,12244913.00,2.33,1.25,0.07,0.71
2018-07-04,5.61,5.63,5.65,5.48,27223,15153791.00,3.01,-0.35,-0.02,0.89
2018-07-05,5.62,5.55,5.62,5.47,17003,9432707.00,2.66,-1.42,-0.08,0.56
2018-07-06,5.52,5.44,5.55,5.32,24021,13095974.00,4.14,-1.98,-0.11,0.78
2018-07-09,5.45,5.54,5.55,5.41,17927,9875966.00,2.57,1.84,0.10,0.59
2018-07-10,5.54,5.62,5.65,5.54,25751,14391329.00,1.99,1.44,0.08,0.84
2018-07-11,5.54,5.53,5.55,5.36,24341,13326517.00,3.38,-1.60,-0.09,0.80
2018-07-12,5.47,5.63,5.65,5.45,26795,15006462.00,3.62,1.81,0.10,0.88
2018-07-13,5.57,5.60,5.66,5.57,19860,11132868.00,1.60,-0.53,-0.03,0.65
2018-07-16,5.61,5.55,5.61,5.50,14834,8218245.00,1.96,-0.89,-0.05,0.48
2018-07-17,5.55,5.60,5.60,5.49,18252,10124385.00,1.98,0.90,0.05,0.60
2018-07-18,5.58,5.55,5.64,5.55,22901,12823832.00,1.61,-0.89,-0.05,0.75
2018-07-19,5.55,5.57,5.61,5.46,25910,14330475.00,2.70,0.36,0.02,0.85
2018-07-20,5.55,5.62,5.66,5.46,32441,18068468.00,3.59,0.90,0.05,1.06
2018-07-23,5.62,5.72,5.94,5.56,55755,32004246.00,6.76,1.78,0.10,1.82
2018-07-24,5.78,6.29,6.29,5.75,115067,70977681.00,9.44,9.97,0.57,3.76
2018-07-25,6.45,6.21,6.70,6.16,249290,161050736.00,8.59,-1.27,-0.08,8.15
2018-07-26,6.08,6.23,6.38,6.04,132557,81893358.00,5.48,0.32,0.02,4.33
2018-07-27,6.15,6.00,6.18,6.00,76531,46466776.00,2.89,-3.69,-0.23,2.50
2018-07-30,6.02,5.92,6.11,5.91,49151,29523921.00,3.33,-1.33,-0.08,1.61
2018-07-31,5.90,5.95,5.95,5.82,40770,24022573.00,2.20,0.51,0.03,1.33
2018-08-01,6.00,5.93,6.18,5.93,76892,46407591.00,4.20,-0.34,-0.02,2.51
2018-08-02,5.86,5.76,5.90,5.38,83238,47117124.00,8.77,-2.87,-0.17,2.72
2018-08-03,5.71,5.60,5.72,5.58,40120,22657587.00,2.43,-2.78,-0.16,1.31
2018-08-06,5.45,5.57,5.68,5.40,47251,26131992.00,5.00,-0.54,-0.03,1.54
2018-08-07,5.57,5.67,5.69,5.48,44367,24887990.00,3.77,1.80,0.10,1.45
2018-08-08,5.64,5.71,6.00,5.53,68286,39038270.00,8.29,0.71,0.04,2.23
2018-08-09,5.63,5.78,5.88,5.60,67947,39118824.00,4.90,1.23,0.07,2.22
2018-08-10,5.74,5.72,5.82,5.66,42582,24419308.00,2.77,-1.04,-0.06,1.39
2018-08-13,5.59,5.63,5.65,5.52,34652,19353501.00,2.27,-1.57,-0.09,1.13
2018-08-14,5.60,5.84,5.96,5.60,81445,47135231.00,6.39,3.73,0.21,2.66
2018-08-15,5.78,5.66,5.88,5.66,51214,29484520.00,3.77,-3.08,-0.18,1.67
2018-08-16,5.58,5.55,5.66,5.44,33916,18939514.00,3.89,-1.94,-0.11,1.11
2018-08-17,5.63,5.42,5.66,5.42,28121,15552204.00,4.32,-2.34,-0.13,0.92
2018-08-20,5.42,5.49,5.58,5.34,26503,14358335.00,4.43,1.29,0.07,0.87
2018-08-21,5.50,5.54,5.57,5.46,28245,15620115.00,2.00,0.91,0.05,0.92
2018-08-22,5.51,5.45,5.57,5.43,20188,11091649.00,2.53,-1.62,-0.09,0.66
2018-08-23,5.42,5.52,5.53,5.42,19084,10478137.00,2.02,1.28,0.07,0.62
2018-08-24,5.52,5.51,5.55,5.48,18635,10283564.00,1.27,-0.18,-0.01,0.61
2018-08-27,5.52,5.59,5.62,5.50,29527,16454492.00,2.18,1.45,0.08,0.96
2018-08-28,5.62,5.57,5.63,5.51,26625,14838660.00,2.15,-0.36,-0.02,0.87
2018-08-29,5.58,5.52,5.59,5.51,17567,9739375.00,1.44,-0.90,-0.05,0.57
2018-08-30,5.55,5.37,5.55,5.37,30169,16428797.00,3.26,-2.72,-0.15,0.99
2018-08-31,5.34,5.51,5.55,5.34,39892,21717632.00,3.91,2.61,0.14,1.30
2018-09-03,5.48,5.46,5.49,5.38,19195,10425502.00,2.00,-0.91,-0.05,0.63
2018-09-04,5.48,5.48,5.50,5.41,23070,12603301.00,1.65,0.37,0.02,0.75
2018-09-05,5.45,5.40,5.48,5.40,17801,9693282.00,1.46,-1.46,-0.08,0.58
2018-09-06,5.39,5.40,5.44,5.36,16609,8955239.00,1.48,0.00,0.00,0.54
2018-09-07,5.40,5.45,5.47,5.36,20620,11202418.00,2.04,0.93,0.05,0.67
2018-09-10,5.45,5.35,5.45,5.34,17855,9584732.00,2.02,-1.83,-0.10,0.58
2018-09-11,5.39,5.37,5.39,5.32,12282,6577831.00,1.31,0.37,0.02,0.40
2018-09-12,5.38,5.38,5.43,5.35,10483,5657551.00,1.49,0.19,0.01,0.34
2018-09-13,5.41,5.45,5.48,5.40,16819,9137783.00,1.49,1.30,0.07,0.55
2018-09-14,5.48,5.40,5.49,5.39,15198,8253309.00,1.83,-0.92,-0.05,0.50
2018-09-17,5.41,5.41,5.45,5.35,15084,8142685.00,1.85,0.19,0.01,0.49
2018-09-18,5.37,5.95,5.95,5.37,133113,78378290.00,10.72,9.98,0.54,4.35
2018-09-19,6.13,5.85,6.19,5.79,284296,170321996.00,6.72,-1.68,-0.10,9.29
2018-09-20,5.71,5.74,5.94,5.69,142831,82286640.00,4.27,-1.88,-0.11,4.67
2018-09-21,5.70,5.73,5.75,5.66,89936,51286689.00,1.57,-0.17,-0.01,2.94
2018-09-25,5.65,5.70,5.71,5.62,65181,36931536.00,1.57,-0.52,-0.03,2.13
2018-09-26,5.68,5.68,5.71,5.64,52289,29696561.00,1.23,-0.35,-0.02,1.71
2018-09-27,5.67,5.50,5.67,5.50,60252,33640415.00,2.99,-3.17,-0.18,1.97
2018-09-28,5.51,5.52,5.55,5.46,34549,19041451.00,1.64,0.36,0.02,1.13
2018-10-08,5.46,5.36,5.47,5.35,40162,21675642.00,2.17,-2.90,-0.16,1.31
2018-10-09,5.36,5.39,5.42,5.36,19911,10730471.00,1.12,0.56,0.03,0.65
2018-10-10,5.39,5.44,5.51,5.39,30782,16757718.00,2.23,0.93,0.05,1.01
2018-10-11,5.10,5.15,5.28,4.92,78619,40302031.00,6.62,-5.33,-0.29,2.57
2018-10-12,5.04,5.28,5.30,4.84,55417,28424892.00,8.93,2.52,0.13,1.81
2018-10-15,5.30,5.28,5.38,5.12,24962,13095344.00,4.92,0.00,0.00,0.82
2018-10-16,5.25,5.21,5.30,5.13,23804,12438543.00,3.22,-1.33,-0.07,0.78
2018-10-17,5.26,5.20,5.29,5.10,25031,13020919.00,3.65,-0.19,-0.01,0.82
2018-10-18,5.20,5.20,5.23,5.01,34513,17625258.00,4.23,0.00,0.00,1.13
2018-10-19,5.15,5.31,5.33,5.07,39394,20673930.00,5.00,2.12,0.11,1.29
2018-10-22,5.40,5.47,5.55,5.22,70663,38263123.00,6.21,3.01,0.16,2.31
2018-10-23,5.46,5.30,5.48,5.29,41066,22045581.00,3.47,-3.11,-0.17,1.34
2018-10-24,5.34,5.33,5.45,5.32,32541,17496317.00,2.45,0.57,0.03,1.06
2018-10-25,5.08,5.19,5.23,5.05,35617,18287638.00,3.38,-2.63,-0.14,1.16
2018-10-26,5.25,5.20,5.30,5.15,24897,13027183.00,2.89,0.19,0.01,0.81
2018-10-29,5.17,5.10,5.20,5.09,14169,7295421.00,2.12,-1.92,-0.10,0.46
2018-10-30,5.12,5.21,5.22,5.09,23605,12186085.00,2.55,2.16,0.11,0.77
2018-10-31,5.24,5.26,5.43,5.18,42578,22606881.00,4.80,0.96,0.05,1.39
2018-11-01,5.28,5.27,5.34,5.25,36060,19099466.00,1.71,0.19,0.01,1.18
2018-11-02,5.30,5.38,5.40,5.30,48653,25999655.00,1.90,2.09,0.11,1.59
2018-11-05,5.40,5.40,5.45,5.32,37349,20075679.00,2.42,0.37,0.02,1.22
2018-11-06,5.38,5.34,5.40,5.27,28159,14976810.00,2.41,-1.11,-0.06,0.92
2018-11-07,5.34,5.35,5.40,5.31,34525,18497272.00,1.69,0.19,0.01,1.13
2018-11-08,5.38,5.31,5.38,5.29,35788,19085946.00,1.68,-0.75,-0.04,1.17
2018-11-09,5.29,5.27,5.32,5.25,23445,12397691.00,1.32,-0.75,-0.04,0.77
2018-11-12,5.28,5.45,5.57,5.26,68233,36803172.00,5.88,3.42,0.18,2.23
2018-11-13,5.37,5.55,5.57,5.36,81621,44818927.00,3.85,1.83,0.10,2.67
2018-11-14,5.50,5.52,5.63,5.48,66844,37087204.00,2.70,-0.54,-0.03,2.18
2018-11-15,5.50,5.68,5.68,5.50,70594,39523713.00,3.26,2.90,0.16,2.31
2018-11-16,5.69,5.63,5.76,5.60,66359,37443236.00,2.82,-0.88,-0.05,2.17
2018-11-19,5.60,5.74,5.75,5.53,84005,47359803.00,3.91,1.95,0.11,2.74
2018-11-20,5.65,5.49,5.73,5.48,65946,37018356.00,4.36,-4.36,-0.25,2.15
2018-11-21,5.41,5.56,5.58,5.41,31894,17586830.00,3.10,1.28,0.07,1.04
2018-11-22,5.58,5.56,5.64,5.53,34399,19186249.00,1.98,0.00,0.00,1.12
2018-11-23,5.56,5.23,5.59,5.22,56800,30649425.00,6.65,-5.94,-0.33,1.86
2018-11-26,5.24,5.27,5.34,5.22,30878,16328442.00,2.29,0.76,0.04,1.01
2018-11-27,5.29,5.33,5.38,5.29,18403,9797202.00,1.71,1.14,0.06,0.60
2018-11-28,5.32,5.37,5.37,5.22,22314,11862890.00,2.81,0.75,0.04,0.73
2018-11-29,5.39,5.20,5.40,5.20,25605,13617624.00,3.72,-3.17,-0.17,0.84
2018-11-30,5.20,5.28,5.31,5.19,23595,12367250.00,2.31,1.54,0.08,0.77
2018-12-03,5.38,5.43,5.50,5.35,38731,21012284.00,2.84,2.84,0.15,1.27
2018-12-04,5.41,5.50,5.50,5.39,28396,15504694.00,2.03,1.29,0.07,0.93
2018-12-05,5.40,5.50,5.51,5.36,33551,18280414.00,2.73,0.00,0.00,1.10
2018-12-06,5.47,5.40,5.53,5.39,28171,15331350.00,2.55,-1.82,-0.10,0.92
2018-12-07,5.38,5.51,5.65,5.36,56573,31155567.00,5.37,2.04,0.11,1.85
2018-12-10,5.40,5.39,5.46,5.34,37322,20139606.00,2.18,-2.18,-0.12,1.22
2018-12-11,5.46,5.50,5.53,5.38,35290,19230038.00,2.78,2.04,0.11,1.15
2018-12-12,5.50,5.53,5.58,5.46,37429,20638936.00,2.18,0.55,0.03,1.22
2018-12-13,5.55,5.65,5.68,5.43,99242,55696876.00,4.52,2.17,0.12,3.24
2018-12-14,5.60,5.49,5.63,5.41,72278,39952674.00,3.89,-2.83,-0.16,2.36
2018-12-17,5.49,5.87,6.04,5.49,208160,120698068.00,10.02,6.92,0.38,6.80
2018-12-18,5.71,5.64,5.78,5.58,137947,78135149.00,3.41,-3.92,-0.23,4.51
2018-12-19,5.57,5.39,5.61,5.38,99343,54541702.00,4.08,-4.43,-0.25,3.25
2018-12-20,5.39,5.30,5.42,5.23,61766,32787608.00,3.53,-1.67,-0.09,2.02
2018-12-21,5.28,5.22,5.28,5.16,41492,21662271.00,2.26,-1.51,-0.08,1.36
2018-12-24,5.21,5.26,5.28,5.19,25048,13133276.00,1.72,0.77,0.04,0.82
2018-12-25,5.19,5.20,5.20,5.00,48128,24589105.00,3.80,-1.14,-0.06,1.57
2018-12-26,5.19,5.22,5.24,5.16,24305,12639906.00,1.54,0.38,0.02,0.79
2018-12-27,5.30,5.09,5.32,5.09,22667,11789040.00,4.41,-2.49,-0.13,0.74
2018-12-28,5.10,5.18,5.18,5.07,26064,13343595.00,2.16,1.77,0.09,0.85
2019-01-02,5.24,5.15,5.25,5.13,15997,8258029.00,2.32,-0.58,-0.03,0.52
2019-01-03,5.15,5.20,5.20,5.13,16075,8309503.00,1.36,0.97,0.05,0.53
2019-01-04,5.11,5.28,5.30,5.10,33707,17659213.00,3.85,1.54,0.08,1.10
2019-01-07,5.32,5.33,5.35,5.24,33943,18006017.00,2.08,0.95,0.05,1.11
2019-01-08,5.30,5.32,5.38,5.27,35877,19104435.00,2.06,-0.19,-0.01,1.17
2019-01-09,5.33,5.30,5.42,5.30,42481,22757511.00,2.26,-0.38,-0.02,1.39
2019-01-10,5.28,5.26,5.33,5.26,27670,14650931.00,1.32,-0.75,-0.04,0.90
2019-01-11,5.27,5.32,5.35,5.25,27934,14806771.00,1.90,1.14,0.06,0.91
2019-01-14,5.45,5.32,5.45,5.31,26678,14266033.00,2.63,0.00,0.00,0.87
2019-01-15,5.32,5.39,5.40,5.29,29705,15917249.00,2.07,1.32,0.07,0.97
2019-01-16,5.38,5.36,5.42,5.34,21863,11754630.00,1.48,-0.56,-0.03,0.71
2019-01-17,5.36,5.25,5.37,5.25,21254,11246814.00,2.24,-2.05,-0.11,0.69
2019-01-18,5.25,5.26,5.30,5.18,31631,16574551.00,2.29,0.19,0.01,1.03
2019-01-21,5.23,5.29,5.32,5.23,25152,13284673.00,1.71,0.57,0.03,0.82
2019-01-22,5.27,5.24,5.29,5.21,17951,9436923.00,1.51,-0.95,-0.05,0.59
2019-01-23,5.20,5.23,5.27,5.20,12132,6355086.00,1.34,-0.19,-0.01,0.40
2019-01-24,5.27,5.28,5.29,5.23,18439,9713478.00,1.15,0.96,0.05,0.60
2019-01-25,5.35,5.22,5.35,5.21,19107,10049040.00,2.65,-1.14,-0.06,0.62
2019-01-28,5.25,5.18,5.31,5.16,16019,8385783.00,2.87,-0.77,-0.04,0.52
2019-01-29,5.15,5.16,5.19,5.05,24441,12518566.00,2.70,-0.39,-0.02,0.80
2019-01-30,5.15,5.22,5.24,5.09,18911,9765869.00,2.91,1.16,0.06,0.62
2019-01-31,5.22,5.19,5.25,5.06,29117,15000804.00,3.64,-0.57,-0.03,0.95
2019-02-01,5.19,5.34,5.38,5.15,32119,16965711.00,4.43,2.89,0.15,1.05
2019-02-11,5.35,5.40,5.41,5.28,36834,19751981.00,2.43,1.12,0.06,1.20
2019-02-12,5.40,5.41,5.45,5.38,39206,21182971.00,1.30,0.19,0.01,1.28
2019-02-13,5.44,5.46,5.48,5.37,54242,29464781.00,2.03,0.92,0.05,1.77
2019-02-14,5.43,5.42,5.46,5.41,38390,20826280.00,0.92,-0.73,-0.04,1.25
2019-02-15,5.42,5.41,5.45,5.39,41389,22428694.00,1.11,-0.18,-0.01,1.35
2019-02-18,5.45,5.56,5.57,5.42,74663,41111971.00,2.77,2.77,0.15,2.44
2019-02-19,5.61,5.50,5.71,5.46,101060,56268722.00,4.50,-1.08,-0.06,3.30
2019-02-20,5.51,5.48,5.51,5.39,63688,34673235.00,2.18,-0.36,-0.02,2.08
2019-02-21,5.47,5.43,5.55,5.43,64412,35356437.00,2.19,-0.91,-0.05,2.10
2019-02-22,5.43,5.53,5.54,5.40,57822,31723160.00,2.58,1.84,0.10,1.89
2019-02-25,5.56,5.76,5.78,5.54,116811,66257411.00,4.34,4.16,0.23,3.82
2019-02-26,5.75,5.72,5.98,5.67,139889,81341689.00,5.38,-0.69,-0.04,4.57
2019-02-27,5.72,5.83,5.85,5.68,102515,59106072.00,2.97,1.92,0.11,3.35
2019-02-28,5.85,5.79,5.89,5.73,74130,42968257.00,2.74,-0.69,-0.04,2.42
2019-03-01,5.79,5.87,5.92,5.73,77696,45342135.00,3.28,1.38,0.08,2.54
2019-03-04,5.88,5.86,5.98,5.81,120599,71159603.00,2.90,-0.17,-0.01,3.94
2019-03-05,5.80,5.91,5.92,5.79,86613,50770546.00,2.22,0.85,0.05,2.83
2019-03-06,5.90,6.11,6.20,5.90,174129,105068848.00,5.08,3.38,0.20,5.69
2019-03-07,6.08,6.18,6.28,6.04,136983,84229623.00,3.93,1.15,0.07,4.48
2019-03-08,6.10,5.74,6.14,5.70,131769,78928326.00,7.12,-7.12,-0.44,4.31
2019-03-11,5.75,5.97,5.98,5.75,81468,47969312.00,4.01,4.01,0.23,2.66
2019-03-12,5.99,6.10,6.17,5.98,120502,73377270.00,3.18,2.18,0.13,3.94
2019-03-13,6.10,6.04,6.24,5.98,115612,70583534.00,4.26,-0.98,-0.06,3.78
2019-03-14,6.43,6.10,6.60,6.01,160305,99621022.00,9.77,0.99,0.06,5.24
2019-03-15,6.11,6.24,6.24,5.98,116840,71432604.00,4.26,2.30,0.14,3.82
2019-03-18,6.24,6.40,6.44,6.17,130011,81724716.00,4.33,2.56,0.16,4.25
2019-03-19,6.36,6.30,6.37,6.23,85961,54094973.00,2.19,-1.56,-0.10,2.81
2019-03-20,6.32,6.20,6.32,6.07,81920,50727074.00,3.97,-1.59,-0.10,2.68
2019-03-21,6.20,6.20,6.29,6.18,77350,48198839.00,1.77,0.00,0.00,2.53
2019-03-22,6.31,6.36,6.37,6.21,131145,82511716.00,2.58,2.58,0.16,4.28
2019-03-25,6.25,6.43,6.44,6.22,154436,97633983.00,3.46,1.10,0.07,5.05
2019-03-26,6.32,6.10,6.32,6.06,119187,73977561.00,4.04,-5.13,-0.33,3.89
2019-03-27,6.18,6.04,6.18,5.96,57384,34667403.00,3.61,-0.98,-0.06,1.87
2019-03-28,6.05,5.94,6.08,5.93,51920,31136401.00,2.48,-1.66,-0.10,1.70
2019-03-29,5.95,6.07,6.08,5.83,58907,35225906.00,4.21,2.19,0.13,1.92
2019-04-01,6.11,6.21,6.25,6.07,87577,54127063.00,2.97,2.31,0.14,2.86
2019-04-02,6.25,6.25,6.34,6.18,102178,63919305.00,2.58,0.64,0.04,3.34
2019-04-03,6.42,6.34,6.42,6.26,125811,79740976.00,2.56,1.44,0.09,4.11
2019-04-04,6.35,6.35,6.37,6.25,99519,62982357.00,1.89,0.16,0.01,3.25
2019-04-08,6.38,6.30,6.42,6.17,103556,65299615.00,3.94,-0.79,-0.05,3.38
2019-04-09,6.28,6.38,6.39,6.21,114646,72586970.00,2.86,1.27,0.08,3.75
2019-04-10,6.37,6.31,6.38,6.26,93372,58956893.00,1.88,-1.10,-0.07,3.05
2019-04-11,6.33,6.20,6.35,6.19,80169,50244708.00,2.54,-1.74,-0.11,2.62
2019-04-12,6.20,6.20,6.24,6.13,44753,27663797.00,1.77,0.00,0.00,1.46
2019-04-15,6.23,6.17,6.33,6.14,71108,44562101.00,3.06,-0.48,-0.03,2.32
2019-04-16,6.18,6.24,6.25,6.05,65086,39969687.00,3.24,1.13,0.07,2.13
2019-04-17,6.25,6.33,6.34,6.21,83242,52292683.00,2.08,1.44,0.09,2.72
2019-04-18,6.30,6.26,6.39,6.26,63672,40270689.00,2.05,-1.11,-0.07,2.08
2019-04-19,6.28,6.36,6.38,6.22,76005,47954026.00,2.56,1.60,0.10,2.48
2019-04-22,6.35,6.49,6.63,6.32,167862,108362826.00,4.87,2.04,0.13,5.48
2019-04-23,6.45,6.21,6.45,6.17,120154,75835553.00,4.31,-4.31,-0.28,3.93
2019-04-24,6.22,6.28,6.31,6.07,73978,45705863.00,3.86,1.13,0.07,2.42
2019-04-25,6.25,5.98,6.27,5.98,69403,42600988.00,4.62,-4.78,-0.30,2.27
2019-04-26,5.96,5.90,6.04,5.90,51272,30654904.00,2.34,-1.34,-0.08,1.68
2019-04-29,5.92,5.59,5.95,5.31,63036,35805154.00,10.85,-5.25,-0.31,2.06
2019-04-30,5.56,5.75,5.76,5.56,36177,20691401.00,3.58,2.86,0.16,1.18
2019-05-06,5.69,5.23,5.69,5.18,89075,47436774.00,8.87,-9.04,-0.52,2.91
2019-05-07,5.26,5.31,5.35,5.21,39512,20884103.00,2.68,1.53,0.08,1.29
2019-05-08,5.16,5.30,5.37,5.15,36170,19164610.00,4.14,-0.19,-0.01,1.18
2019-05-09,5.29,5.30,5.37,5.26,28537,15170529.00,2.08,0.00,0.00,0.93
2019-05-10,5.31,5.43,5.44,5.23,38493,20664123.00,3.96,2.45,0.13,1.26
2019-05-13,5.40,5.40,5.41,5.36,22829,12297499.00,0.92,-0.55,-0.03,0.75
2019-05-14,5.76,5.45,5.76,5.37,39094,21517376.00,7.22,0.93,0.05,1.28
2019-05-15,5.46,5.50,5.52,5.43,30324,16599843.00,1.65,0.92,0.05,0.99
2019-05-16,5.49,5.50,5.53,5.45,33475,18397108.00,1.45,0.00,0.00,1.09
2019-05-17,5.49,5.29,5.54,5.28,43495,23689301.00,4.73,-3.82,-0.21,1.42
2019-05-20,5.24,5.30,5.36,5.17,22848,12016003.00,3.59,0.19,0.01,0.75
2019-05-21,5.27,5.37,5.41,5.26,20795,11138900.00,2.83,1.32,0.07,0.68
2019-05-22,5.37,5.36,5.42,5.32,23174,12456785.00,1.86,-0.19,-0.01,0.76
2019-05-23,5.34,5.39,5.50,5.30,40224,21725902.00,3.73,0.56,0.03,1.31
2019-05-24,5.36,5.34,5.44,5.28,20740,11101733.00,2.97,-0.93,-0.05,0.68
2019-05-27,5.35,5.49,5.52,5.28,33728,18370108.00,4.49,2.81,0.15,1.10
2019-05-28,5.53,5.70,5.78,5.50,85416,48576144.00,5.10,3.83,0.21,2.79
2019-05-29,5.72,5.89,5.92,5.64,88514,51639688.00,4.91,3.33,0.19,2.89
2019-05-30,5.93,6.09,6.09,5.82,79569,47415790.00,4.58,3.40,0.20,2.60
2019-05-31,6.04,6.12,6.29,6.03,74888,46052825.00,4.27,0.49,0.03,2.45
2019-06-03,6.07,6.27,6.33,6.05,109327,68367919.00,4.58,2.45,0.15,3.57
2019-06-04,6.25,6.31,6.33,6.18,57528,35923175.00,2.39,0.64,0.04,1.88
2019-06-05,6.31,6.30,6.45,6.18,81124,51444046.00,4.28,-0.16,-0.01,2.65
2019-06-06,6.27,6.23,6.40,6.12,75821,47162328.00,4.44,-1.11,-0.07,2.48
2019-06-10,6.25,6.18,6.29,6.09,62981,38878981.00,3.21,-0.80,-0.05,2.06
2019-06-11,6.23,6.47,6.53,6.19,103745,66146630.00,5.50,4.69,0.29,3.39
2019-06-12,6.46,6.46,6.74,6.35,135203,88738973.00,6.03,-0.15,-0.01,4.42
2019-06-13,6.34,6.65,6.67,6.34,96343,62900270.00,5.11,2.94,0.19,3.15
2019-06-14,6.66,6.48,6.68,6.48,80183,52598205.00,3.01,-2.56,-0.17,2.62
2019-06-17,6.47,6.60,6.66,6.38,55413,36096124.00,4.32,1.85,0.12,1.81
2019-06-18,6.59,6.43,6.65,6.20,82234,52224802.00,6.82,-2.58,-0.17,2.69
2019-06-19,6.46,6.42,6.54,6.33,40989,26532757.00,3.27,-0.16,-0.01,1.34
2019-06-20,6.45,6.54,6.60,6.41,65894,42987515.00,2.96,1.87,0.12,2.15
2019-06-21,6.54,6.43,6.55,6.37,43937,28465063.00,2.75,-1.68,-0.11,1.44
2019-06-24,6.48,6.42,6.54,6.38,28652,18472859.00,2.49,-0.16,-0.01,0.94
2019-06-25,6.40,6.32,6.40,6.12,47360,29595097.00,4.36,-1.56,-0.10,1.55
2019-06-26,6.34,6.22,6.40,6.20,33915,21226256.00,3.16,-1.58,-0.10,1.11
2019-06-27,6.31,6.14,6.31,6.13,37983,23522632.00,2.89,-1.29,-0.08,1.24
2019-06-28,6.21,6.28,6.28,6.06,59259,36327924.00,3.58,2.28,0.14,1.94
2019-07-01,6.35,6.28,6.44,6.22,60506,38169723.00,3.50,0.00,0.00,1.98
2019-07-02,6.27,6.19,6.27,6.18,22147,13753726.00,1.43,-1.43,-0.09,0.72
2019-07-03,6.19,6.08,6.20,6.06,24124,14722706.00,2.26,-1.78,-0.11,0.79
2019-07-04,6.08,6.45,6.66,6.08,110232,70564697.00,9.54,6.09,0.37,3.60
2019-07-05,6.43,6.44,6.60,6.27,92731,59719939.00,5.12,-0.16,-0.01,3.03
2019-07-08,6.50,6.69,6.73,6.31,140872,93001760.00,6.52,3.88,0.25,4.60
2019-07-09,6.68,6.36,7.13,6.21,214372,143796679.00,13.75,-4.93,-0.33,7.00
2019-07-10,6.36,6.90,7.00,6.26,398571,272532080.00,11.64,8.49,0.54,13.02
2019-07-11,6.60,6.90,6.95,6.50,271860,183273686.00,6.52,0.00,0.00,8.88
2019-07-12,7.00,6.69,7.00,6.61,239734,162224771.00,5.65,-3.04,-0.21,7.83
2019-07-15,6.69,6.96,6.98,6.59,158372,108171228.00,5.83,4.04,0.27,5.17
2019-07-16,6.90,7.26,7.31,6.84,166628,117733229.00,6.75,4.31,0.30,5.44
2019-07-17,7.14,7.00,7.36,6.98,170114,122014689.00,5.23,-3.58,-0.26,5.56
2019-07-18,7.03,7.46,7.52,6.85,198482,144276892.00,9.57,6.57,0.46,6.49
2019-07-19,7.59,7.23,7.60,7.18,189039,138482733.00,5.63,-3.08,-0.23,6.18
2019-07-22,7.21,6.84,7.28,6.81,148224,104226279.00,6.50,-5.39,-0.39,4.84
2019-07-23,6.84,6.86,7.02,6.75,112006,77056112.00,3.95,0.29,0.02,3.66
2019-07-24,6.85,7.28,7.30,6.81,167614,119148018.00,7.14,6.12,0.42,5.48
2019-07-25,7.32,7.22,7.37,7.06,153772,110850671.00,4.26,-0.82,-0.06,5.02
2019-07-26,7.18,7.26,7.50,7.08,134044,97583229.00,5.82,0.55,0.04,4.38
2019-07-29,7.27,7.18,7.27,7.05,84493,60220056.00,3.03,-1.10,-0.08,2.76
2019-07-30,7.12,7.43,7.49,7.06,149765,109544338.00,5.99,3.48,0.25,4.89
2019-07-31,7.48,7.42,7.55,7.29,135421,100001945.00,3.50,-0.13,-0.01,4.42
2019-08-01,7.31,7.35,7.52,7.30,106389,78614182.00,2.96,-0.94,-0.07,3.48
2019-08-02,7.22,7.39,7.44,7.18,90090,66008356.00,3.54,0.54,0.04,2.94
2019-08-05,7.39,7.09,7.44,7.05,85037,61550566.00,5.28,-4.06,-0.30,2.78
2019-08-06,6.92,6.83,7.01,6.75,81380,56049535.00,3.67,-3.67,-0.26,2.66
2019-08-07,6.85,7.19,7.20,6.78,104468,73449543.00,6.15,5.27,0.36,3.41
2019-08-08,7.19,7.23,7.28,7.12,52243,37565097.00,2.23,0.56,0.04,1.71
2019-08-09,7.23,7.28,7.35,7.18,83617,60827146.00,2.35,0.69,0.05,2.73
2019-08-12,7.28,7.26,7.45,7.21,124188,90350172.00,3.30,-0.27,-0.02,4.06
2019-08-13,7.23,7.36,7.36,7.12,82136,59584246.00,3.31,1.38,0.10,2.68
2019-08-14,7.36,7.83,7.87,7.31,136189,103682446.00,7.61,6.39,0.47,4.45
2019-08-15,7.70,7.90,7.97,7.61,145292,112788093.00,4.60,0.89,0.07,4.75
2019-08-16,7.77,7.94,8.07,7.73,140126,110969000.00,4.30,0.51,0.04,4.58
2019-08-19,8.34,8.05,8.40,7.99,147392,120122488.00,5.16,1.39,0.11,4.82
2019-08-20,8.04,7.98,8.15,7.80,107432,85364477.00,4.35,-0.87,-0.07,3.51
2019-08-21,7.92,7.86,7.95,7.80,61370,48219311.00,1.88,-1.50,-0.12,2.01
2019-08-22,7.83,7.89,8.07,7.83,66998,53115166.00,3.05,0.38,0.03,2.19
2019-08-23,8.01,8.16,8.18,7.83,108399,87339444.00,4.44,3.42,0.27,3.54
2019-08-26,8.00,8.06,8.14,7.91,43446,34941829.00,2.82,-1.23,-0.10,1.42
2019-08-27,8.08,8.58,8.66,8.07,127490,106665787.00,7.32,6.45,0.52,4.17
2019-08-28,8.65,8.40,8.65,8.20,134071,112281290.00,5.24,-2.10,-0.18,4.38
2019-08-29,8.35,8.71,8.76,8.20,121456,103225993.00,6.67,3.69,0.31,3.97
2019-08-30,8.65,8.40,9.08,8.35,166795,144451740.00,8.38,-3.56,-0.31,5.45
2019-09-02,8.30,8.39,8.45,8.23,85145,71094212.00,2.62,-0.12,-0.01,2.78
2019-09-03,8.36,8.28,8.42,8.22,67523,56047510.00,2.38,-1.31,-0.11,2.21
2019-09-04,8.37,8.19,8.39,8.06,109320,90109373.00,3.99,-1.09,-0.09,3.57
2019-09-05,8.19,8.09,8.22,8.07,110356,89637454.00,1.83,-1.22,-0.10,3.61
2019-09-06,8.13,8.49,8.49,7.98,195872,161616646.00,6.30,4.94,0.40,6.40
2019-09-09,8.51,8.81,8.88,8.41,138878,119470881.00,5.54,3.77,0.32,4.54
2019-09-10,8.74,9.07,9.15,8.62,146410,130627790.00,6.02,2.95,0.26,4.78
2019-09-11,9.00,8.60,9.13,8.60,159001,139465656.00,5.84,-5.18,-0.47,5.20
2019-09-12,8.57,8.59,8.82,8.44,87718,75435351.00,4.42,-0.12,-0.01,2.87
2019-09-16,8.55,8.64,8.75,8.45,52191,45065541.00,3.49,0.58,0.05,1.71
2019-09-17,8.64,8.60,8.74,8.52,50163,43266095.00,2.55,-0.46,-0.04,1.64
2019-09-18,8.51,8.79,8.88,8.51,69747,60922261.00,4.30,2.21,0.19,2.28
2019-09-19,8.77,8.72,8.84,8.67,46559,40658385.00,1.93,-0.80,-0.07,1.52
2019-09-20,8.69,8.71,8.78,8.57,60677,52776754.00,2.41,-0.11,-0.01,1.98
2019-09-23,8.71,8.86,8.93,8.33,155698,135648023.00,6.89,1.72,0.15,5.09
2019-09-24,8.76,8.79,8.88,8.70,93538,82358249.00,2.03,-0.79,-0.07,3.06
2019-09-25,8.81,8.38,8.83,8.38,82843,71095936.00,5.12,-4.66,-0.41,2.71
2019-09-26,8.40,8.49,8.53,7.63,185024,150566233.00,10.74,1.31,0.11,6.05
2019-09-27,8.19,8.68,8.80,8.13,139709,118595769.00,7.89,2.24,0.19,4.56
2019-09-30,8.61,8.30,8.75,8.12,115484,96977113.00,7.26,-4.38,-0.38,3.77
2019-10-08,8.33,8.22,8.36,8.07,61160,50311813.00,3.49,-0.96,-0.08,2.00
2019-10-09,8.01,8.23,8.28,7.86,175753,141540451.00,5.11,0.12,0.01,5.74
2019-10-10,8.16,8.74,8.93,8.12,250301,213812355.00,9.84,6.20,0.51,8.18
2019-10-11,8.64,8.65,8.68,8.43,283215,241971209.00,2.86,-1.03,-0.09,9.25
2019-10-14,8.65,9.03,9.15,8.58,386213,344367008.00,6.59,4.39,0.38,12.62
2019-10-15,9.05,8.77,9.09,8.56,181645,159237928.00,5.87,-2.88,-0.26,5.93
2019-10-16,8.68,8.54,8.74,8.52,84974,73069607.00,2.51,-2.62,-0.23,2.78
2019-10-17,8.52,8.51,8.65,8.33,80178,68127686.00,3.75,-0.35,-0.03,2.62
2019-10-18,8.35,8.35,8.59,8.26,66623,55890524.00,3.88,-1.88,-0.16,2.18
2019-10-21,8.40,8.27,8.40,8.08,60817,50088933.00,3.83,-0.96,-0.08,1.99
2019-10-22,8.21,8.50,8.60,8.04,176909,146669418.00,6.77,2.78,0.23,5.78
2019-10-23,8.50,8.44,8.58,8.33,62162,52465182.00,2.94,-0.71,-0.06,2.03
2019-10-24,8.52,8.64,8.76,8.42,165767,142330064.00,4.03,2.37,0.20,5.42
2019-10-25,8.74,8.56,8.74,8.37,124059,106115385.00,4.28,-0.93,-0.08,4.05
2019-10-28,9.42,9.42,9.42,9.29,456513,429884656.00,1.52,10.05,0.86,14.92
2019-10-29,9.70,10.36,10.36,9.56,652064,661070192.00,8.49,9.98,0.94,21.31
2019-10-30,9.99,9.83,10.76,9.80,897617,918923632.00,9.27,-5.12,-0.53,29.33
2019-10-31,9.55,9.12,9.55,8.85,551205,503342544.00,7.12,-7.22,-0.71,18.01
2019-11-01,8.79,9.28,10.03,8.68,757641,715932336.00,14.80,1.75,0.16,24.75
2019-11-04,8.40,9.34,9.68,8.40,705424,637317936.00,13.79,0.65,0.06,23.05
2019-11-05,9.33,9.59,9.71,8.98,589614,546422912.00,7.82,2.68,0.25,19.26
2019-11-06,9.47,9.81,10.10,9.39,587909,577258304.00,7.40,2.29,0.22,19.21
2019-11-07,9.71,9.88,10.17,9.65,479549,477122672.00,5.30,0.71,0.07,13.17
2019-11-08,9.97,9.48,10.24,9.42,461110,452250608.00,8.30,-4.05,-0.40,12.66
2019-11-11,9.53,9.39,9.75,9.25,266025,252931292.00,5.27,-0.95,-0.09,7.31
2019-11-12,9.23,9.25,9.43,9.10,227115,209905566.00,3.51,-1.49,-0.14,6.24
2019-11-13,9.25,9.08,9.25,8.78,222174,200029404.00,5.08,-1.84,-0.17,6.10
2019-11-14,8.91,9.65,9.75,8.91,379600,357380864.00,9.25,6.28,0.57,10.32
2019-11-15,9.44,9.72,9.85,9.29,322736,308381648.00,5.80,0.73,0.07,8.78
2019-11-18,9.70,9.66,9.91,9.49,268664,259213777.00,4.32,-0.62,-0.06,7.31
2019-11-19,9.58,9.37,9.65,9.32,248591,235135290.00,3.42,-3.00,-0.29,6.76
2019-11-20,9.30,9.54,9.54,9.18,211416,198469682.00,3.84,1.81,0.17,5.64
2019-11-21,9.43,9.64,9.68,9.11,305355,287689136.00,5.97,1.05,0.10,8.14
2019-11-22,9.64,9.36,9.77,9.32,266307,252837738.00,4.67,-2.90,-0.28,7.10
2019-11-25,9.22,8.94,9.32,8.92,148685,134749987.00,4.27,-4.49,-0.42,3.96
2019-11-26,8.88,9.06,9.27,8.42,290952,256492942.00,9.51,1.34,0.12,7.76
2019-11-27,9.05,8.48,9.21,8.46,261398,230943372.00,8.28,-6.40,-0.58,6.97
2019-11-28,8.21,8.74,8.84,8.10,295505,250637051.00,8.73,3.07,0.26,7.88
2019-11-29,8.74,8.46,8.89,8.46,260124,225601767.00,4.92,-3.20,-0.28,3.89
2019-12-02,8.48,8.39,8.60,8.14,213780,178626713.00,5.44,-0.83,-0.07,3.20
2019-12-03,8.30,8.62,8.68,8.23,159790,135236743.00,5.36,2.74,0.23,2.39
2019-12-04,8.53,8.64,8.72,8.47,108638,93440391.00,2.90,0.23,0.02,1.62
2019-12-05,8.64,8.91,8.94,8.56,155509,137015871.00,4.40,3.13,0.27,2.32
2019-12-06,8.88,9.17,9.18,8.86,165193,149393201.00,3.59,2.92,0.26,2.47
2019-12-09,9.16,9.09,9.23,9.06,126161,115419521.00,1.85,-0.87,-0.08,1.89
2019-12-10,9.06,9.28,9.29,9.00,165390,151124763.00,3.19,2.09,0.19,2.47
2019-12-11,9.23,8.99,9.39,8.98,206119,189768544.00,4.42,-3.13,-0.29,3.08
2019-12-12,9.02,9.26,9.28,8.84,222689,202210810.00,4.89,3.00,0.27,3.33
2019-12-13,9.28,9.04,9.39,8.90,280529,253772995.00,5.29,-2.38,-0.22,4.19
2019-12-16,9.24,9.15,9.31,9.05,194653,178282153.00,2.88,1.22,0.11,2.91
2019-12-17,9.12,9.10,9.18,8.99,202606,183950188.00,2.08,-0.55,-0.05,3.03
2019-12-18,9.06,8.90,9.19,8.83,225186,202794355.00,3.96,-2.20,-0.20,3.37
2019-12-19,8.61,9.13,9.16,8.61,278611,250951422.00,6.18,2.58,0.23,4.16
2019-12-20,9.11,9.53,9.76,8.99,378386,354096608.00,8.43,4.38,0.40,5.66
2019-12-23,9.54,9.20,9.61,9.19,238249,223163388.00,4.41,-3.46,-0.33,3.56
2019-12-24,9.20,9.00,9.48,8.95,259758,236840922.00,5.76,-2.17,-0.20,3.88
2019-12-25,8.99,9.29,9.30,8.91,311716,283324992.00,4.33,3.22,0.29,4.66
2019-12-26,9.20,9.70,9.83,9.10,509076,490178640.00,7.86,4.41,0.41,7.61
2019-12-27,9.65,9.70,9.95,9.59,297329,289945680.00,3.71,0.00,0.00,4.44
2019-12-30,9.66,9.63,10.04,9.54,291144,283497936.00,5.15,-0.72,-0.07,4.35
2019-12-31,9.71,9.89,9.99,9.62,303648,299080160.00,3.84,2.70,0.26,4.88
2020-01-02,10.00,9.90,10.15,9.84,271284,269720208.00,3.13,0.10,0.01,4.36
2020-01-03,9.87,9.90,9.92,9.74,155813,153123772.00,1.82,0.00,0.00,2.50
2020-01-06,9.80,9.89,10.02,9.72,171590,169631640.00,3.03,-0.10,-0.01,2.76
2020-01-07,9.88,10.49,10.58,9.88,362734,372029552.00,7.08,6.07,0.60,5.83
2020-01-08,10.96,11.27,11.48,10.80,551637,612964944.00,6.48,7.44,0.78,8.86
2020-01-09,11.30,11.77,11.95,11.22,389312,453424112.00,6.48,4.44,0.50,6.25
2020-01-10,11.69,11.62,11.86,11.46,269819,314111072.00,3.40,-1.27,-0.15,4.33
2020-01-13,11.75,11.69,11.85,11.26,287013,330462736.00,5.08,0.60,0.07,4.61
2020-01-14,11.64,11.60,12.00,11.52,359030,422609696.00,4.11,-0.77,-0.09,5.77
2020-01-15,11.49,11.60,11.87,11.43,205801,239677668.00,3.79,0.00,0.00,3.31
2020-01-16,11.73,11.62,11.77,11.58,143109,167030786.00,1.64,0.17,0.02,2.30
2020-01-17,11.72,11.62,11.80,11.48,166958,194253988.00,2.75,0.00,0.00,2.68
2020-01-20,11.63,11.56,11.78,11.48,170692,198412040.00,2.58,-0.52,-0.06,2.74
2020-01-21,11.62,11.24,11.62,10.98,223531,250914727.00,5.54,-2.77,-0.32,3.59
2020-01-22,11.13,11.41,11.50,10.81,208971,233841015.00,6.14,1.51,0.17,3.36
2020-01-23,11.30,10.70,11.41,10.47,210598,229495659.00,8.24,-6.22,-0.71,3.38
2020-02-03,9.63,9.63,9.63,9.63,3449,3321387.00,0.00,-10.00,-1.07,0.06
2020-02-04,8.67,9.96,10.09,8.67,512685,474997504.00,14.75,3.43,0.33,8.24
2020-02-05,9.79,10.10,10.33,9.76,441870,440301648.00,5.72,1.41,0.14,7.10
2020-02-06,10.10,10.32,10.55,9.88,339584,346377936.00,6.63,2.18,0.22,5.45
2020-02-07,10.28,10.01,10.35,9.95,291706,294891408.00,3.88,-3.00,-0.31,4.69
2020-02-10,10.02,10.00,10.30,9.94,212719,214322496.00,3.60,-0.10,-0.01,3.42
2020-02-11,9.79,10.23,10.25,9.70,288200,287493344.00,5.50,2.30,0.23,4.63
2020-02-12,10.20,10.38,10.45,10.05,293585,300771104.00,3.91,1.47,0.15,4.72
2020-02-13,10.38,10.47,10.56,10.02,394256,407503456.00,5.20,0.87,0.09,6.33
2020-02-14,10.57,10.23,10.87,10.19,328393,342855904.00,6.49,-2.29,-0.24,5.27
2020-02-17,10.09,10.50,10.55,9.97,351565,360404224.00,5.67,2.64,0.27,5.65
2020-02-18,10.45,10.70,10.73,10.38,259516,273279408.00,3.33,1.90,0.20,4.17
2020-02-19,10.77,10.70,10.78,10.56,274090,292196896.00,2.06,0.00,0.00,4.40
2020-02-20,10.65,10.40,10.73,10.40,361230,380391616.00,3.08,-2.80,-0.30,5.80
2020-02-21,10.46,10.79,10.85,10.16,392279,410921808.00,6.63,3.75,0.39,6.30
2020-02-24,10.93,10.88,11.30,10.61,303672,328406544.00,6.39,0.83,0.09,4.88
2020-02-25,10.60,10.56,10.87,10.30,279175,296624336.00,5.24,-2.94,-0.32,4.48
2020-02-26,10.35,10.36,10.71,10.28,237375,248240591.00,4.07,-1.89,-0.20,3.81
2020-02-27,10.45,10.16,10.49,10.15,203309,208863667.00,3.28,-1.93,-0.20,3.27
2020-02-28,9.73,9.43,10.15,9.43,254292,246785604.00,7.09,-7.19,-0.73,4.08
2020-03-02,9.45,9.88,9.94,9.45,201540,195987754.00,5.20,4.77,0.45,3.24
2020-03-03,10.20,10.31,10.50,9.94,259631,264915380.00,5.67,4.35,0.43,4.17
2020-03-04,10.30,10.60,10.64,10.18,286635,297714560.00,4.46,2.81,0.29,4.60
2020-03-05,10.92,10.60,10.95,10.52,262390,279908288.00,4.06,0.00,0.00,4.21
2020-03-06,10.47,10.70,10.76,10.41,165640,174951641.00,3.30,0.94,0.10,2.66
2020-03-09,10.56,10.17,10.56,10.17,155433,161061904.00,3.64,-4.95,-0.53,2.50
2020-03-10,9.94,10.56,10.59,9.86,241929,247698831.00,7.18,3.83,0.39,3.89
2020-03-11,10.71,10.28,10.86,10.20,191404,199633143.00,6.25,-2.65,-0.28,3.07
2020-03-12,9.99,9.70,10.20,9.63,233200,231707777.00,5.54,-5.64,-0.58,3.75
2020-03-13,8.73,9.70,9.79,8.73,380082,348532576.00,10.93,0.00,0.00,6.11
2020-03-16,9.80,8.73,9.80,8.73,307145,284048704.00,11.03,-10.00,-0.97,4.93
2020-03-17,8.85,8.97,8.99,7.86,533220,440021376.00,12.94,2.75,0.24,8.56
2020-03-18,8.80,8.38,9.05,8.38,357921,312354096.00,7.47,-6.58,-0.59,5.75
2020-03-19,8.45,8.87,8.95,7.95,420836,355389936.00,11.93,5.85,0.49,6.69
2020-03-20,8.76,9.19,9.50,8.76,386905,354935136.00,8.34,3.61,0.32,6.15
2020-03-23,9.01,8.78,9.19,8.46,170822,150868127.00,7.94,-4.46,-0.41,2.72
2020-03-24,8.99,8.95,8.99,8.51,178611,156855824.00,5.47,1.94,0.17,2.84
2020-03-25,9.11,9.48,9.67,8.91,356656,330151696.00,8.49,5.92,0.53,5.67
2020-03-26,9.38,9.24,9.58,9.21,354562,333755600.00,3.90,-2.53,-0.24,5.64
2020-03-27,9.36,9.97,10.10,9.28,429673,417851104.00,8.87,7.90,0.73,6.83
2020-03-30,10.00,9.74,10.03,9.57,326951,316732512.00,4.61,-2.31,-0.23,5.20
2020-03-31,9.85,10.06,10.20,9.72,256994,257246775.00,4.93,3.29,0.32,4.09
2020-04-01,10.08,10.08,10.16,9.80,252616,252113941.00,3.58,0.20,0.02,4.02
2020-04-02,9.94,9.98,10.05,9.75,137455,136576227.00,2.98,-0.99,-0.10,2.19
2020-04-03,9.80,10.33,10.50,9.80,269206,275663872.00,7.01,3.51,0.35,4.28
2020-04-07,10.35,10.48,10.70,10.30,271301,283921888.00,3.87,1.45,0.15,4.31
2020-04-08,10.33,10.18,10.39,10.03,228001,231906060.00,3.44,-2.86,-0.30,3.63
2020-04-09,10.18,10.13,10.26,10.02,144593,146430099.00,2.36,-0.49,-0.05,2.30
2020-04-10,10.00,10.12,10.26,9.93,143538,145158461.00,3.26,-0.10,-0.01,2.28
2020-04-13,10.00,9.89,10.07,9.78,90099,89408845.00,2.87,-2.27,-0.23,1.43
2020-04-14,9.98,9.98,10.02,9.78,108678,107951848.00,2.43,0.91,0.09,1.73
2020-04-15,10.12,10.20,10.44,9.99,165189,169137391.00,4.51,2.20,0.22,2.63
2020-04-16,10.10,10.54,10.54,10.03,265509,273974720.00,5.00,3.33,0.34,4.22
2020-04-17,10.70,10.18,10.70,10.04,258580,267317363.00,6.26,-3.42,-0.36,4.11
2020-04-20,10.01,10.14,10.27,10.01,151022,153078496.00,2.55,-0.39,-0.04,2.40
2020-04-21,10.09,9.98,10.18,9.94,140064,140386740.00,2.37,-1.58,-0.16,2.23
2020-04-22,9.90,10.00,10.05,9.82,117799,117081854.00,2.30,0.20,0.02,1.87
2020-04-23,10.05,10.00,10.11,9.97,123801,124208320.00,1.40,0.00,0.00,1.97
2020-04-24,10.04,10.67,10.77,9.89,441710,463714096.00,8.80,6.70,0.67,7.03
2020-04-27,10.58,10.70,11.04,10.52,353336,380706320.00,4.87,0.28,0.03,5.62
2020-04-28,10.54,9.63,10.59,9.63,423500,420084784.00,8.97,-10.00,-1.07,6.74
2020-04-29,9.63,10.17,10.45,9.36,286359,284682624.00,11.32,5.61,0.54,4.55
2020-04-30,10.27,10.40,10.49,10.04,185910,191808062.00,4.42,2.26,0.23,2.96
2020-05-06,10.32,10.63,10.70,10.15,191028,200663179.00,5.29,2.21,0.23,3.04
2020-05-07,10.65,10.66,10.90,10.51,184572,197856682.00,3.67,0.28,0.03,2.94
2020-05-08,10.76,10.65,10.89,10.63,145835,156622884.00,2.44,-0.09,-0.01,2.32
2020-05-11,10.65,10.47,10.86,10.41,172453,182761273.00,4.23,-1.69,-0.18,2.74
2020-05-12,10.47,10.25,10.52,10.08,153554,156825747.00,4.20,-2.10,-0.22,2.44
2020-05-13,10.15,10.07,10.20,10.00,125738,126902081.00,1.95,-1.76,-0.18,2.00
2020-05-14,10.06,10.00,10.17,9.98,90716,91101401.00,1.89,-0.70,-0.07,1.44
2020-05-15,10.15,9.88,10.20,9.75,133654,132656655.00,4.50,-1.20,-0.12,2.13
2020-05-18,9.84,9.55,9.87,9.49,120496,116271597.00,3.85,-3.34,-0.33,1.92
2020-05-19,9.67,10.07,10.16,9.65,173094,172898474.00,5.34,5.45,0.52,2.75
2020-05-20,10.01,10.24,10.33,9.70,242356,244741022.00,6.26,1.69,0.17,3.85
2020-05-21,10.08,10.53,10.70,9.89,374393,388812816.00,7.91,2.83,0.29,5.95
2020-05-22,10.51,10.48,10.78,10.28,376057,397181984.00,4.75,-0.47,-0.05,5.98
2020-05-25,10.10,9.43,10.20,9.43,287666,277483024.00,7.35,-10.02,-1.05,4.58
2020-05-26,9.04,9.27,9.58,9.04,302284,279784992.00,5.73,-1.70,-0.16,4.81
2020-05-27,9.26,9.17,9.37,8.90,182573,166898294.00,5.07,-1.08,-0.10,2.90
2020-05-28,9.17,9.03,9.21,8.82,122044,110005317.00,4.25,-1.53,-0.14,1.94
2020-05-29,9.10,9.32,9.36,8.89,204537,186682228.00,5.20,3.21,0.29,3.25
2020-06-01,9.35,9.41,9.50,9.17,183205,171298515.00,3.54,0.97,0.09,2.91
2020-06-02,9.45,9.23,9.45,9.18,141628,131250568.00,2.87,-1.91,-0.18,2.25
2020-06-03,9.24,9.23,9.35,9.15,121436,112187991.00,2.17,0.00,0.00,1.93
2020-06-04,9.18,9.02,9.24,8.95,130621,118417764.00,3.14,-2.28,-0.21,2.08
2020-06-08,9.38,9.15,9.50,9.12,182628,169247623.00,4.21,1.44,0.13,2.90
2020-06-09,8.95,9.03,9.27,8.95,100158,90407657.00,3.50,-1.31,-0.12,1.59
2020-06-10,8.95,8.69,9.00,8.40,194353,169289517.00,6.64,-3.77,-0.34,3.09
2020-06-11,8.78,8.60,8.79,8.46,111999,96418670.00,3.80,-1.04,-0.09,1.78
2020-06-12,8.40,8.82,8.90,8.33,105061,90760448.00,6.63,2.56,0.22,1.67
2020-06-15,8.86,8.81,8.89,8.65,92982,81622046.00,2.72,-0.11,-0.01,1.48
2020-06-16,8.76,8.67,8.82,8.57,98298,85242539.00,2.84,-1.59,-0.14,1.56
2020-06-17,8.72,8.66,8.72,8.55,57753,49924218.00,1.96,-0.12,-0.01,0.92
2020-06-18,8.57,8.63,8.66,8.55,57804,49765896.00,1.27,-0.35,-0.03,0.92
2020-06-19,8.63,8.76,8.88,8.59,128403,112487464.00,3.36,1.51,0.13,2.04
2020-06-22,8.79,8.74,8.97,8.73,89245,78778884.00,2.74,-0.23,-0.02,1.42
2020-06-23,8.71,8.60,8.78,8.50,109043,93896743.00,3.20,-1.60,-0.14,1.73
2020-06-24,8.55,8.81,8.84,8.43,130544,112890376.00,4.77,2.44,0.21,2.08
2020-06-29,8.80,8.62,8.83,8.58,70070,60820075.00,2.84,-2.16,-0.19,1.11
2020-06-30,8.68,8.56,8.68,8.54,77236,66387258.00,1.62,-0.70,-0.06,1.23
2020-07-01,8.55,8.54,8.59,8.40,116978,99349028.00,2.22,-0.23,-0.02,1.86
2020-07-02,8.50,8.46,8.53,8.30,113681,95881689.00,2.69,-0.94,-0.08,1.81
2020-07-03,8.48,8.57,8.64,8.47,145321,124293870.00,2.01,1.30,0.11,2.31
2020-07-06,8.64,9.37,9.38,8.55,361961,323489024.00,9.68,9.33,0.80,5.76
2020-07-07,9.35,9.22,9.51,8.95,292392,269349920.00,5.98,-1.60,-0.15,4.65
2020-07-08,9.16,9.82,9.85,9.10,361029,345288048.00,8.13,6.51,0.60,5.74
2020-07-09,9.71,9.66,9.90,9.57,442585,428608544.00,3.36,-1.63,-0.16,7.04
2020-07-10,9.60,9.95,10.09,9.56,329333,322931792.00,5.49,3.00,0.29,5.24
2020-07-13,10.03,10.10,10.26,9.84,380232,379972976.00,4.22,1.51,0.15,6.05
2020-07-14,10.00,10.18,10.33,9.85,301187,303479920.00,4.75,0.79,0.08,4.79
2020-07-15,10.29,9.41,10.29,9.40,316198,311000016.00,8.74,-7.56,-0.77,5.03
2020-07-16,9.41,9.58,9.95,9.25,400069,385082992.00,7.44,1.81,0.17,6.36
2020-07-17,9.42,9.55,9.55,9.06,201058,188596512.00,5.11,-0.31,-0.03,3.20
2020-07-20,9.60,10.05,10.18,9.55,244637,241187535.00,6.60,5.24,0.50,3.89
2020-07-21,10.06,10.05,10.14,9.92,157428,158121628.00,2.19,0.00,0.00,2.50
2020-07-22,10.07,9.81,10.35,9.81,323404,321368224.00,5.37,-2.39,-0.24,5.14
2020-07-23,9.69,9.82,9.92,9.28,272496,260568172.00,6.52,0.10,0.01,4.33
2020-07-24,9.77,9.15,9.88,9.10,205976,196761033.00,7.94,-6.82,-0.67,3.28
2020-07-27,9.13,9.35,9.41,9.01,157103,144784972.00,4.37,2.19,0.20,2.50
2020-07-28,9.38,9.55,9.62,9.30,122875,116585131.00,3.42,2.14,0.20,1.95
2020-07-29,9.50,9.52,9.67,9.39,136335,129665922.00,2.93,-0.31,-0.03,2.17
2020-07-30,9.62,9.40,9.64,9.38,103740,98139582.00,2.73,-1.26,-0.12,1.65
2020-07-31,9.38,9.73,9.80,9.31,221363,210696116.00,5.21,3.51,0.33,3.52
2020-08-03,9.73,9.65,9.76,9.57,321489,309637936.00,1.95,-0.82,-0.08,5.11
2020-08-04,9.66,9.96,10.10,9.60,370186,365501664.00,5.18,3.21,0.31,5.89
2020-08-05,9.90,10.05,10.10,9.74,251055,250081498.00,3.61,0.90,0.09,3.99
2020-08-06,10.07,9.80,10.09,9.80,224048,222155639.00,2.89,-2.49,-0.25,3.56
2020-08-07,9.80,9.77,9.91,9.53,143909,140041808.00,3.88,-0.31,-0.03,2.29
2020-08-10,9.71,9.71,9.99,9.60,175156,171329895.00,3.99,-0.61,-0.06,2.79
2020-08-11,9.80,9.48,9.85,9.48,158374,153074104.00,3.81,-2.37,-0.23,2.52
2020-08-12,9.38,9.66,9.70,9.19,199510,187682516.00,5.38,1.90,0.18,3.17
2020-08-13,9.63,9.63,9.73,9.55,116405,111858600.00,1.86,-0.31,-0.03,1.85
2020-08-14,9.62,9.89,9.92,9.56,170939,166906303.00,3.74,2.70,0.26,2.72
2020-08-17,9.89,9.93,9.96,9.82,193731,191613287.00,1.42,0.40,0.04,3.08
2020-08-18,9.98,9.77,9.98,9.77,121160,119375294.00,2.11,-1.61,-0.16,1.93
2020-08-19,9.79,9.50,9.79,9.50,121717,116896755.00,2.97,-2.76,-0.27,1.94
2020-08-20,9.40,9.41,9.59,9.36,62408,59138790.00,2.42,-0.95,-0.09,0.99
2020-08-21,9.42,9.28,9.60,9.24,104211,97513392.00,3.83,-1.38,-0.13,1.66
2020-08-24,9.16,9.45,9.49,8.91,185355,170239741.00,6.25,1.83,0.17,2.95
2020-08-25,9.35,9.14,9.42,9.10,164347,151499586.00,3.39,-3.28,-0.31,2.61
2020-08-26,9.23,9.00,9.23,8.97,159570,144191865.00,2.84,-1.53,-0.14,2.54
2020-08-27,8.99,9.04,9.08,8.93,64098,57764217.00,1.67,0.44,0.04,1.02
2020-08-28,9.07,9.17,9.25,8.98,232927,210981243.00,2.99,1.44,0.13,3.70
2020-08-31,9.10,9.28,9.33,9.10,105522,97221281.00,2.51,1.20,0.11,1.68
2020-09-01,9.26,9.15,9.26,9.04,137086,124867006.00,2.37,-1.40,-0.13,2.18
2020-09-02,9.10,9.13,9.19,9.04,84368,76776203.00,1.64,-0.22,-0.02,1.34
2020-09-03,9.13,8.98,9.28,8.97,133405,121388940.00,3.40,-1.64,-0.15,2.12
2020-09-04,8.80,9.12,9.12,8.77,193500,173294181.00,3.90,1.56,0.14,3.08
2020-09-07,9.05,9.28,9.34,9.03,214871,196699135.00,3.40,1.75,0.16,3.42
2020-09-08,9.27,9.25,9.29,9.14,168821,155294958.00,1.62,-0.32,-0.03,2.69
2020-09-09,9.17,9.06,9.29,8.90,187226,170439763.00,4.22,-2.05,-0.19,2.98
2020-09-10,9.09,9.04,9.13,8.41,232684,207908358.00,7.95,-0.22,-0.02,3.70
2020-09-11,9.03,8.83,9.03,8.75,171871,151906047.00,3.10,-2.32,-0.21,2.73
2020-09-14,8.85,8.97,8.98,8.76,130809,115982722.00,2.49,1.59,0.14,2.08
2020-09-15,9.00,8.72,9.02,8.67,205429,180421573.00,3.90,-2.79,-0.25,3.27
2020-09-16,8.71,8.68,8.74,8.43,231860,198247530.00,3.56,-0.46,-0.04,3.69
2020-09-17,8.58,8.58,8.63,8.48,86029,73626186.00,1.73,-1.15,-0.10,1.37
2020-09-18,8.53,8.53,8.60,8.47,83381,71176648.00,1.52,-0.58,-0.05,1.33
2020-09-21,8.57,8.45,8.58,8.45,59012,50140252.00,1.52,-0.94,-0.08,0.94
2020-09-22,8.52,8.45,8.59,8.33,167191,141021574.00,3.08,0.00,0.00,2.66
2020-09-23,8.42,8.30,8.62,8.30,147137,123484269.00,3.79,-1.78,-0.15,2.34
2020-09-24,8.26,7.85,8.27,7.81,232117,185126732.00,5.54,-5.42,-0.45,3.69
2020-09-25,7.85,8.22,8.24,7.49,289518,226840282.00,9.55,4.71,0.37,4.60
2020-09-28,8.04,7.94,8.19,7.88,105553,84927202.00,3.77,-3.41,-0.28,1.68
2020-09-29,7.97,7.55,7.97,7.55,239796,183996855.00,5.29,-4.91,-0.39,3.81
2020-09-30,7.50,7.90,7.97,7.31,281280,216147424.00,8.74,4.64,0.35,4.47
2020-10-09,7.96,7.76,8.09,7.73,224169,175553285.00,4.56,-1.77,-0.14,3.57
2020-10-12,7.79,8.18,8.24,7.77,208528,166805154.00,6.06,5.41,0.42,3.32
2020-10-13,8.06,8.14,8.21,8.06,123242,100055998.00,1.83,-0.49,-0.04,1.96
2020-10-14,8.15,7.88,8.15,7.82,138975,110474552.00,4.05,-3.19,-0.26,2.21
2020-10-15,7.88,7.74,7.91,7.74,64498,50349477.00,2.16,-1.78,-0.14,1.03
2020-10-16,7.72,7.83,7.85,7.63,64677,49899577.00,2.84,1.16,0.09,1.03
2020-10-19,7.81,7.76,7.93,7.69,97212,75426311.00,3.07,-0.89,-0.07,1.55
2020-10-20,7.74,7.65,7.76,7.58,73377,56173587.00,2.32,-1.42,-0.11,1.17
2020-10-21,7.66,7.61,7.68,7.50,81263,61645052.00,2.35,-0.52,-0.04,1.29
2020-10-22,7.67,7.46,7.67,7.41,100526,75258217.00,3.42,-1.97,-0.15,1.60
2020-10-23,7.46,7.39,7.50,7.30,74510,55246240.00,2.68,-0.94,-0.07,1.19
2020-10-26,7.38,7.38,7.42,7.24,57694,42201569.00,2.44,-0.14,-0.01,0.92
2020-10-27,7.30,7.43,7.47,7.28,44644,32955842.00,2.57,0.68,0.05,0.71
2020-10-28,7.43,7.46,7.48,7.32,58428,43264929.00,2.15,0.40,0.03,0.93
2020-10-29,7.45,7.36,7.50,7.36,136143,100867224.00,1.88,-1.34,-0.10,2.17
2020-10-30,7.30,7.25,7.43,7.16,86953,63411358.00,3.67,-1.49,-0.11,1.38
2020-11-02,7.18,7.18,7.44,7.09,186550,133793753.00,4.83,-0.97,-0.07,2.97
2020-11-03,7.17,7.13,7.22,7.12,88827,63510973.00,1.39,-0.70,-0.05,1.41
2020-11-04,7.19,7.11,7.24,7.11,86851,62131692.00,1.82,-0.28,-0.02,1.38
2020-11-05,7.16,7.32,7.36,7.03,204989,147682836.00,4.64,2.95,0.21,3.26
2020-11-06,7.27,7.30,7.38,7.19,97990,71300842.00,2.60,-0.27,-0.02,1.56
2020-11-09,7.30,7.34,7.41,7.27,85459,62869232.00,1.92,0.55,0.04,1.36
2020-11-10,7.36,7.22,7.39,7.22,65549,47780053.00,2.32,-1.63,-0.12,1.04
2020-11-11,7.21,7.44,7.49,7.15,140433,103521076.00,4.71,3.05,0.22,2.23
2020-11-12,7.37,7.36,7.46,7.30,75760,55761752.00,2.15,-1.08,-0.08,1.20
2020-11-13,7.34,7.33,7.54,7.31,182932,135594406.00,3.13,-0.41,-0.03,2.91
2020-11-16,7.31,7.45,7.50,7.30,109916,81538159.00,2.73,1.64,0.12,1.75
2020-11-17,7.48,7.62,7.66,7.42,139571,105812369.00,3.22,2.28,0.17,2.22
2020-11-18,7.63,7.45,7.66,7.39,204842,153662282.00,3.54,-2.23,-0.17,3.26
2020-11-19,7.41,7.32,7.54,7.32,91032,67265109.00,2.95,-1.74,-0.13,1.45
2020-11-20,7.31,7.68,7.68,7.20,250542,188930601.00,6.56,4.92,0.36,3.98
2020-11-23,7.62,7.57,7.66,7.48,190015,143213046.00,2.34,-1.43,-0.11,3.02
2020-11-24,7.51,7.50,7.64,7.49,79851,60280913.00,1.98,-0.92,-0.07,1.27
2020-11-25,7.48,7.54,7.71,7.48,119583,90721634.00,3.07,0.53,0.04,1.90
2020-11-26,7.50,7.48,7.57,7.39,76502,57138013.00,2.39,-0.80,-0.06,1.21
2020-11-27,7.43,7.42,7.64,7.41,125558,93736302.00,3.07,-0.80,-0.06,1.99
2020-11-30,7.42,7.54,7.60,7.38,97555,73181806.00,2.96,1.62,0.12,1.55
2020-12-01,7.48,7.50,7.64,7.43,159551,120106659.00,2.79,-0.53,-0.04,2.53
2020-12-02,7.51,7.41,7.55,7.41,107782,80429851.00,1.87,-1.20,-0.09,1.71
2020-12-03,7.35,7.75,7.78,7.35,312040,237821584.00,5.80,4.59,0.34,4.95
2020-12-04,7.78,7.56,7.85,7.49,231037,176036249.00,4.65,-2.45,-0.19,3.67
2020-12-07,7.52,7.54,7.68,7.44,91119,68347008.00,3.17,-0.26,-0.02,1.45
2020-12-08,7.50,7.50,7.59,7.45,55968,42060680.00,1.86,-0.53,-0.04,0.89
2020-12-09,7.51,7.52,7.60,7.44,76332,57323221.00,2.13,0.27,0.02,1.21
2020-12-10,7.49,7.33,7.54,7.29,164560,121306765.00,3.32,-2.53,-0.19,2.61
2020-12-11,7.25,7.18,7.36,6.96,231163,164517256.00,5.46,-2.05,-0.15,3.67
2020-12-14,7.17,7.17,7.20,7.05,52437,37391204.00,2.09,-0.14,-0.01,0.83
2020-12-15,7.17,7.10,7.20,7.09,33235,23718682.00,1.53,-0.98,-0.07,0.53
2020-12-16,7.12,7.09,7.14,6.98,60405,42616141.00,2.25,-0.14,-0.01,0.96
2020-12-17,7.04,6.87,7.05,6.74,201271,138123925.00,4.37,-3.10,-0.22,3.20
2020-12-18,6.86,7.11,7.15,6.80,183607,127995177.00,5.09,3.49,0.24,2.92
2020-12-21,7.06,7.06,7.13,7.02,56755,40078963.00,1.55,-0.70,-0.05,0.90
2020-12-22,7.04,6.59,7.05,6.59,173381,117774437.00,6.52,-6.66,-0.47,2.75
2020-12-23,6.63,6.63,6.73,6.49,175710,115580813.00,3.64,0.61,0.04,2.79
2020-12-24,6.59,6.45,6.68,6.41,137727,89918094.00,4.07,-2.71,-0.18,2.19
2020-12-25,6.47,6.57,6.63,6.20,126307,82087310.00,6.67,1.86,0.12,2.01
2020-12-28,6.49,6.19,6.53,6.19,152561,96538000.00,5.18,-5.78,-0.38,2.42
2020-12-29,6.19,6.16,6.38,6.16,130435,81529235.00,3.55,-0.48,-0.03,2.07
2020-12-30,6.16,6.16,6.28,6.15,116299,72127514.00,2.11,0.00,0.00,1.85
2020-12-31,6.18,6.40,6.44,6.15,150405,95108051.00,4.71,3.90,0.24,2.39
2021-01-04,6.36,6.23,6.49,6.19,201878,126635220.00,4.69,-2.66,-0.17,3.21
2021-01-05,6.16,6.03,6.28,6.02,196331,120258273.00,4.17,-3.21,-0.20,3.12
2021-01-06,6.02,6.06,6.10,5.85,193622,115801423.00,4.15,0.50,0.03,3.07
2021-01-07,6.00,5.50,6.01,5.50,225143,129657565.00,8.42,-9.24,-0.56,3.57
2021-01-08,5.60,6.05,6.05,5.46,256021,150285083.00,10.73,10.00,0.55,4.06
2021-01-11,6.04,5.85,6.14,5.77,272662,160536747.00,6.12,-3.31,-0.20,4.33
2021-01-12,5.92,5.77,6.04,5.64,218279,125959184.00,6.84,-1.37,-0.08,3.47
2021-01-13,5.71,5.60,5.82,5.54,233494,132270654.00,4.85,-2.95,-0.17,3.71
2021-01-14,5.60,5.85,5.95,5.58,284396,164170435.00,6.61,4.46,0.25,4.52
2021-01-15,5.77,6.14,6.15,5.76,236347,142281724.00,6.67,4.96,0.29,3.75
2021-01-18,6.14,6.03,6.24,5.99,259940,158035655.00,4.07,-1.79,-0.11,4.13
2021-01-19,6.01,6.04,6.16,5.99,131072,79390537.00,2.82,0.17,0.01,2.08
2021-01-20,6.01,5.89,6.07,5.89,99495,59046613.00,2.98,-2.48,-0.15,1.58
2021-01-21,5.90,5.98,6.05,5.88,87857,52484021.00,2.89,1.53,0.09,1.39
2021-01-22,5.98,5.78,5.99,5.75,99570,57834651.00,4.01,-3.34,-0.20,1.58
2021-01-25,5.71,5.70,5.85,5.64,71640,40950447.00,3.63,-1.38,-0.08,1.14
2021-01-26,5.68,5.57,5.80,5.54,98446,55668333.00,4.56,-2.28,-0.13,1.56
2021-01-27,5.60,5.79,5.79,5.55,106778,60359328.00,4.31,3.95,0.22,1.70
2021-01-28,5.72,6.07,6.15,5.69,239583,143998229.00,7.94,4.84,0.28,3.80
2021-01-29,6.01,6.07,6.13,5.96,108912,65696451.00,2.80,0.00,0.00,1.73
2021-02-01,6.09,6.08,6.14,5.93,100247,60747792.00,3.46,0.16,0.01,1.59
2021-02-02,6.05,6.14,6.23,6.03,111941,68777560.00,3.29,0.99,0.06,1.78
2021-02-03,6.14,6.14,6.20,6.05,124312,76198358.00,2.44,0.00,0.00,1.97
2021-02-04,6.12,6.16,6.21,6.06,88457,54278914.00,2.44,0.33,0.02,1.42
2021-02-05,6.18,6.45,6.50,6.09,198224,124930573.00,6.66,4.71,0.29,3.18
2021-02-08,6.39,6.45,6.64,6.32,221784,142940554.00,4.96,0.00,0.00,3.56
2021-02-09,6.47,6.47,6.62,6.40,204755,133843414.00,3.41,0.31,0.02,3.29
2021-02-10,6.45,6.23,6.50,6.20,131306,83187874.00,4.64,-3.71,-0.24,2.11
2021-02-18,6.34,6.31,6.44,6.30,96213,61105630.00,2.25,1.28,0.08,1.55
2021-02-19,6.35,6.52,6.53,6.25,126423,81163604.00,4.44,3.33,0.21,2.03
2021-02-22,6.56,6.70,6.85,6.55,146550,98780425.00,4.60,2.76,0.18,2.35
2021-02-23,6.73,6.69,6.76,6.58,89428,59506662.00,2.69,-0.15,-0.01,1.44
2021-02-24,6.65,6.37,6.70,6.32,142074,92073880.00,5.68,-4.78,-0.32,2.28
2021-02-25,6.38,6.66,6.74,6.31,167137,110134580.00,6.75,4.55,0.29,2.68
2021-02-26,6.53,6.71,6.75,6.52,128270,85289205.00,3.45,0.75,0.05,2.06
2021-03-01,6.70,6.57,6.73,6.51,130113,85696312.00,3.28,-2.09,-0.14,2.09
2021-03-02,6.57,6.41,6.60,6.37,106921,68983375.00,3.50,-2.44,-0.16,1.72
2021-03-03,6.45,6.57,6.60,6.41,136720,89064312.00,2.96,2.50,0.16,2.15
2021-03-04,6.57,6.53,6.63,6.46,77538,50619436.00,2.59,-0.61,-0.04,1.22
2021-03-05,6.48,6.53,6.59,6.47,102034,66579687.00,1.84,0.00,0.00,1.60
2021-03-08,6.53,6.28,6.58,6.28,113432,73153161.00,4.59,-3.83,-0.25,1.78
2021-03-09,6.38,6.33,6.57,6.03,161481,102494358.00,8.60,0.80,0.05,2.54
2021-03-10,6.50,6.04,6.52,6.03,145320,89786913.00,7.74,-4.58,-0.29,2.28
2021-03-11,5.98,6.11,6.17,5.97,66365,40379003.00,3.31,1.16,0.07,1.04
2021-03-12,6.05,6.04,6.11,6.01,58185,35193013.00,1.64,-1.15,-0.07,0.91
2021-03-15,6.06,5.93,6.09,5.89,79619,47636001.00,3.31,-1.82,-0.11,1.25
2021-03-16,5.96,6.16,6.18,5.94,102783,62747693.00,4.05,3.88,0.23,1.61
2021-03-17,6.19,6.23,6.27,6.07,95863,59235383.00,3.25,1.14,0.07,1.51
2021-03-18,6.20,6.40,6.50,6.15,175913,111775236.00,5.62,2.73,0.17,2.76
2021-03-19,6.41,6.45,6.54,6.30,141362,91422932.00,3.75,0.78,0.05,2.22
2021-03-22,6.53,6.49,6.64,6.47,141616,92574773.00,2.64,0.62,0.04,2.22
2021-03-23,6.48,6.47,6.56,6.44,115252,74763904.00,1.85,-0.31,-0.02,1.81
2021-03-24,6.44,6.36,6.55,6.34,93430,59847170.00,3.25,-1.70,-0.11,1.47
2021-03-25,6.38,6.38,6.45,6.25,92422,58714711.00,3.14,0.31,0.02,1.45
2021-03-26,6.35,6.44,6.48,6.29,110345,70564627.00,2.98,0.94,0.06,1.73
2021-03-29,6.45,6.34,6.50,6.32,78771,50449857.00,2.80,-1.55,-0.10,1.24
2021-03-30,6.34,6.27,6.38,6.17,78105,48697097.00,3.31,-1.10,-0.07,1.23
2021-03-31,6.21,6.30,6.34,6.21,76619,48096219.00,2.07,0.48,0.03,1.20
2021-04-01,6.29,6.22,6.34,6.21,78036,48808727.00,2.06,-1.27,-0.08,1.23
2021-04-02,6.28,6.26,6.29,6.18,67187,41953410.00,1.77,0.64,0.04,1.06
2021-04-06,6.26,6.29,6.34,6.24,55535,34920534.00,1.60,0.48,0.03,0.87
2021-04-07,6.28,6.31,6.32,6.22,59034,37141883.00,1.59,0.32,0.02,0.93
2021-04-08,6.30,6.11,6.30,6.10,109926,67767412.00,3.17,-3.17,-0.20,1.73
2021-04-09,6.10,6.12,6.17,6.07,49893,30558757.00,1.64,0.16,0.01,0.78
2021-04-12,6.15,6.26,6.32,6.12,102901,64237293.00,3.27,2.29,0.14,1.62
2021-04-13,6.26,6.20,6.31,6.12,66776,41506240.00,3.04,-0.96,-0.06,1.05
2021-04-14,6.23,6.37,6.41,6.15,127305,80147197.00,4.19,2.74,0.17,2.00
2021-04-15,6.40,6.38,6.41,6.31,81209,51615750.00,1.57,0.16,0.01,1.28
2021-04-16,6.28,6.45,6.49,6.21,190739,121861947.00,4.39,1.10,0.07,3.00
2021-04-19,6.41,6.41,6.46,6.38,117377,75446538.00,1.24,-0.62,-0.04,1.84
2021-04-20,6.45,6.39,6.49,6.32,165471,105893072.00,2.65,-0.31,-0.02,2.60
2021-04-21,6.43,6.20,6.43,6.19,118779,74399562.00,3.76,-2.97,-0.19,1.87
2021-04-22,6.20,6.28,6.50,6.18,146824,92856562.00,5.16,1.29,0.08,2.31
2021-04-23,6.21,6.14,6.23,6.07,122391,75149587.00,2.55,-2.23,-0.14,1.92
2021-04-26,6.10,5.99,6.13,5.97,111151,66991854.00,2.61,-2.44,-0.15,1.75
2021-04-27,6.00,6.02,6.04,5.92,59544,35555640.00,2.00,0.50,0.03,0.94
2021-04-28,5.93,5.93,6.02,5.88,105115,62410842.00,2.33,-1.50,-0.09,1.65
2021-04-29,5.93,5.87,5.98,5.85,83519,49204426.00,2.19,-1.01,-0.06,1.31
2021-04-30,5.90,5.69,5.90,5.67,107603,61695618.00,3.92,-3.07,-0.18,1.69
2021-05-06,5.68,5.89,5.93,5.67,99446,57990018.00,4.57,3.51,0.20,1.56
2021-05-07,5.86,5.80,5.92,5.79,49196,28768516.00,2.21,-1.53,-0.09,0.77
2021-05-10,5.80,5.73,5.85,5.72,47052,27029346.00,2.24,-1.21,-0.07,0.74
2021-05-11,5.72,5.78,5.82,5.69,43055,24832139.00,2.27,0.87,0.05,0.68
2021-05-12,5.75,5.86,5.88,5.72,40162,23389192.00,2.77,1.38,0.08,0.63
2021-05-13,5.84,5.77,5.84,5.74,45014,26074780.00,1.71,-1.54,-0.09,0.71
2021-05-14,5.76,6.10,6.13,5.76,173553,103952789.00,6.41,5.72,0.33,2.73
2021-05-17,6.00,5.88,6.11,5.87,161361,95951241.00,3.93,-3.61,-0.22,2.53
2021-05-18,5.84,5.88,5.95,5.82,56774,33405864.00,2.21,0.00,0.00,0.89
2021-05-19,5.91,5.85,5.92,5.83,47778,28022964.00,1.53,-0.51,-0.03,0.75
2021-05-20,5.84,5.84,5.89,5.76,53741,31238353.00,2.22,-0.17,-0.01,0.84
2021-05-21,5.87,5.84,5.88,5.80,33184,19353630.00,1.37,0.00,0.00,0.52
2021-05-24,5.82,5.79,5.86,5.77,61731,35808761.00,1.54,-0.86,-0.05,0.97
2021-05-25,5.83,5.81,5.83,5.76,53579,31022887.00,1.21,0.35,0.02,0.84
2021-05-26,5.81,5.83,5.85,5.80,56580,32930656.00,0.86,0.34,0.02,0.89
2021-05-27,5.83,5.83,5.86,5.80,61093,35625724.00,1.03,0.00,0.00,0.96
2021-05-28,5.82,5.77,5.84,5.74,64284,37182180.00,1.72,-1.03,-0.06,1.01
2021-05-31,5.74,5.79,5.82,5.72,60934,35071986.00,1.73,0.35,0.02,0.96
2021-06-01,5.76,5.80,5.83,5.73,73531,42429731.00,1.73,0.17,0.01,1.15
2021-06-02,5.79,5.74,5.80,5.73,49472,28467051.00,1.21,-1.03,-0.06,0.78
2021-06-03,5.72,5.77,5.82,5.71,70943,40826647.00,1.92,0.52,0.03,1.11
2021-06-04,5.76,5.74,5.77,5.73,29369,16875472.00,0.69,-0.52,-0.03,0.46
2021-06-07,5.74,5.69,5.75,5.68,65260,37220357.00,1.22,-0.87,-0.05,1.03
2021-06-08,5.75,5.76,5.83,5.74,79560,46001041.00,1.58,1.23,0.07,1.25
2021-06-09,5.74,5.72,5.80,5.72,48701,27990593.00,1.39,-0.69,-0.04,0.76
2021-06-10,5.74,5.74,5.76,5.70,48467,27770783.00,1.05,0.35,0.02,0.76
2021-06-11,5.74,5.76,5.83,5.73,80708,46630902.00,1.74,0.35,0.02,1.27
2021-06-15,5.77,5.66,5.80,5.65,70032,39893173.00,2.60,-1.74,-0.10,1.10
2021-06-16,5.67,5.56,5.67,5.54,58312,32576698.00,2.30,-1.77,-0.10,0.92
2021-06-17,5.52,5.52,5.54,5.47,30421,16751466.00,1.26,-0.72,-0.04,0.48
2021-06-18,5.52,5.54,5.55,5.49,25952,14331461.00,1.09,0.36,0.02,0.41
2021-06-21,5.54,5.51,5.54,5.50,32914,18157505.00,0.72,-0.54,-0.03,0.52
2021-06-22,5.52,5.51,5.54,5.49,46153,25424908.00,0.91,0.00,0.00,0.73
2021-06-23,5.50,5.53,5.64,5.49,57745,32029499.00,2.72,0.36,0.02,0.91
2021-06-24,5.69,5.83,5.93,5.63,283615,164740615.00,5.42,5.42,0.30,4.46
2021-06-25,5.76,5.93,6.05,5.72,290873,171638162.00,5.66,1.72,0.10,4.57
2021-06-28,6.07,5.99,6.23,5.94,327209,198905401.00,4.89,1.01,0.06,5.14
2021-06-29,5.99,6.03,6.13,5.84,262057,156373429.00,4.84,0.67,0.04,4.12
2021-06-30,6.00,6.08,6.14,5.91,216923,131209551.00,3.81,0.83,0.05,3.41
2021-07-01,6.04,5.84,6.05,5.83,155691,92460398.00,3.62,-3.95,-0.24,2.45
2021-07-02,5.82,5.90,6.01,5.82,135388,80247744.00,3.25,1.03,0.06,2.13
2021-07-05,5.92,5.90,5.95,5.82,111329,65425407.00,2.20,0.00,0.00,1.75
2021-07-06,5.89,5.96,5.99,5.86,121433,71949103.00,2.20,1.02,0.06,1.91
2021-07-07,5.96,5.99,6.07,5.92,130812,78442354.00,2.52,0.50,0.03,2.06
2021-07-08,6.06,5.85,6.06,5.84,130622,77217318.00,3.67,-2.34,-0.14,2.05
2021-07-09,5.84,5.85,5.90,5.82,80157,46917719.00,1.37,0.00,0.00,1.26
2021-07-12,5.87,5.83,5.94,5.81,109239,63938017.00,2.22,-0.34,-0.02,1.72
2021-07-13,5.83,5.98,6.05,5.79,222652,132566470.00,4.46,2.57,0.15,3.50
2021-07-14,5.99,5.88,6.01,5.87,124188,73549570.00,2.34,-1.67,-0.10,1.95
2021-07-15,5.86,5.75,5.88,5.71,127595,73706554.00,2.89,-2.21,-0.13,2.00
2021-07-16,5.72,5.71,5.81,5.71,73257,42031919.00,1.74,-0.70,-0.04,1.15
