2015-12-23,21.09,21.09,21.09,21.09,70,147630.00,0.00,10.02,1.92,0.02
2015-12-24,23.20,23.20,23.20,23.20,110,255200.00,0.00,10.00,2.11,0.02
2015-12-25,25.52,25.52,25.52,25.52,133,339416.00,0.00,10.00,2.32,0.03
2015-12-28,28.07,28.07,28.07,28.07,253,710171.00,0.00,9.99,2.55,0.06
2015-12-29,30.88,30.88,30.88,30.88,117,360678.00,0.00,10.01,2.81,0.03
2015-12-30,33.97,33.97,33.97,33.97,486,1649922.00,0.00,10.01,3.09,0.11
2015-12-31,37.37,37.37,37.37,37.37,436,1629332.00,0.00,10.01,3.40,0.10
2016-01-04,41.11,41.11,41.11,41.11,2475,10174725.00,0.00,10.01,3.74,0.55
2016-01-05,45.22,45.22,45.22,45.22,4222,19094099.00,0.00,10.00,4.11,0.94
2016-01-06,49.74,49.74,49.74,49.74,654,3250509.00,0.00,10.00,4.52,0.15
2016-01-07,54.71,54.71,54.71,54.71,4599,25158393.00,0.00,9.99,4.97,1.02
2016-01-08,60.18,60.18,60.18,58.03,119963,721527984.00,3.93,10.00,5.47,26.66
2016-01-11,59.00,61.98,66.08,56.06,292175,1772456384.00,16.65,2.99,1.80,64.93
2016-01-12,56.32,55.78,58.99,55.78,71491,403128432.00,5.18,-10.00,-6.20,15.89
2016-01-13,50.20,50.20,51.00,50.20,128517,645803936.00,1.43,-10.00,-5.58,28.56
2016-01-14,45.18,46.25,48.88,45.18,186274,862399696.00,7.37,-7.87,-3.95,41.39
2016-01-15,46.00,41.63,46.68,41.63,131099,565392144.00,10.92,-9.99,-4.62,29.13
2016-01-18,38.88,39.01,41.38,37.61,127698,501266752.00,9.06,-6.29,-2.62,28.38
2016-01-19,39.02,40.99,42.50,39.02,125940,513151904.00,8.92,5.08,1.98,27.99
2016-01-20,40.00,38.45,40.77,37.90,107663,425155632.00,7.00,-6.20,-2.54,23.93
2016-01-21,37.50,34.72,38.16,34.66,95821,351368768.00,9.10,-9.70,-3.73,21.29
2016-01-22,35.50,38.19,38.19,35.02,147136,551083712.00,9.13,9.99,3.47,32.70
2016-01-25,38.68,39.56,39.80,37.61,148916,577376736.00,5.73,3.59,1.37,33.09
2016-01-26,38.40,35.60,38.40,35.60,94349,346599040.00,7.08,-10.01,-3.96,20.97
2016-01-27,34.95,38.70,38.97,34.00,136297,498140848.00,13.96,8.71,3.10,30.29
2016-01-28,37.25,35.09,37.60,34.85,98691,357993520.00,7.11,-9.33,-3.61,21.93
2016-01-29,35.10,36.50,37.50,34.50,89980,327664992.00,8.55,4.02,1.41,20.00
2016-02-01,35.80,36.59,37.48,35.02,75100,272948320.00,6.74,0.25,0.09,16.69
2016-02-02,36.00,37.56,38.05,35.91,82276,307189920.00,5.85,2.65,0.97,18.28
2016-02-03,36.87,36.75,37.25,35.55,60729,221026683.00,4.53,-2.16,-0.81,13.50
2016-02-04,36.99,38.62,39.90,36.95,103480,401108992.00,8.03,5.09,1.87,23.00
2016-02-05,38.40,36.69,38.95,36.68,70337,264050949.00,5.88,-5.00,-1.93,15.63
2016-02-15,34.54,35.20,35.96,33.90,51356,179262250.00,5.61,-4.06,-1.49,11.41
2016-02-16,35.35,36.55,37.14,35.33,60739,221347414.00,5.14,3.84,1.35,13.50
2016-02-17,36.55,37.19,37.98,36.16,72234,267713555.00,4.98,1.75,0.64,16.05
2016-02-18,38.15,38.30,39.32,37.18,103799,396099872.00,5.75,2.98,1.11,23.07
2016-02-19,37.96,38.50,38.54,37.51,71761,272921904.00,2.69,0.52,0.20,15.95
2016-02-22,39.20,41.08,41.60,38.54,121154,484222032.00,7.95,6.70,2.58,26.92
2016-02-23,40.90,41.88,42.30,40.50,109676,453334880.00,4.38,1.95,0.80,24.37
2016-02-24,41.18,39.52,41.56,38.18,93497,372560048.00,8.07,-5.64,-2.36,20.78
2016-02-25,39.00,35.57,39.00,35.57,78214,288965104.00,8.68,-9.99,-3.95,17.38
2016-02-26,35.58,34.29,36.19,33.51,53165,185179743.00,7.53,-3.60,-1.28,11.81
2016-02-29,34.29,30.86,34.29,30.86,54819,171708576.00,10.00,-10.00,-3.43,12.18
2016-03-01,31.07,31.50,31.99,29.10,50014,153891612.00,9.36,2.07,0.64,11.11
2016-03-02,31.35,32.88,33.25,30.85,61656,198419014.00,7.62,4.38,1.38,13.70
2016-03-03,33.00,32.31,34.00,32.24,63945,212087252.00,5.35,-1.73,-0.57,14.21
2016-03-04,31.68,30.00,31.90,29.59,54066,166386240.00,7.15,-7.15,-2.31,12.01
2016-03-07,30.66,30.65,31.37,30.25,41975,129444997.00,3.73,2.17,0.65,9.33
2016-03-08,30.29,30.44,30.61,28.51,38639,114705561.00,6.85,-0.69,-0.21,8.59
2016-03-09,29.55,30.48,31.39,29.13,43823,133509792.00,7.42,0.13,0.04,9.74
2016-03-10,30.30,29.33,30.99,29.20,32141,96486891.00,5.87,-3.77,-1.15,7.14
2016-03-11,28.90,29.26,29.68,28.70,29350,85716386.00,3.34,-0.24,-0.07,6.52
2016-03-14,29.81,30.57,31.31,29.81,47315,144988207.00,5.13,4.48,1.31,10.51
2016-03-15,30.40,30.21,30.99,30.15,33557,102311326.00,2.75,-1.18,-0.36,7.46
2016-03-16,30.55,30.12,31.19,30.01,34955,106781109.00,3.91,-0.30,-0.09,7.77
2016-03-17,30.33,31.28,31.39,30.10,51469,159024679.00,4.28,3.85,1.16,11.44
2016-03-18,31.41,32.82,32.94,31.28,74959,241840633.00,5.31,4.92,1.54,16.66
2016-03-21,33.42,33.83,33.99,32.51,76703,254077672.00,4.51,3.08,1.01,17.05
2016-03-22,33.36,32.97,33.70,32.90,49096,163107369.00,2.36,-2.54,-0.86,10.91
2016-03-23,32.80,33.95,34.68,32.66,67021,225861241.00,6.13,2.97,0.98,14.89
2016-03-24,33.60,32.55,33.69,32.55,49955,166066070.00,3.36,-4.12,-1.40,11.10
2016-03-25,32.59,32.29,32.92,31.85,33030,106744513.00,3.29,-0.80,-0.26,7.34
2016-03-28,32.89,32.50,33.26,32.22,34726,114106833.00,3.22,0.65,0.21,7.72
2016-03-29,32.24,31.48,32.36,31.21,30211,95834441.00,3.54,-3.14,-1.02,6.71
2016-03-30,31.91,32.89,32.89,31.70,37612,122013193.00,3.78,4.48,1.41,8.36
2016-03-31,33.21,33.11,33.88,33.03,51127,170795529.00,2.58,0.67,0.22,11.36
2016-04-01,33.11,32.46,33.12,32.00,29929,97377056.00,3.38,-1.96,-0.65,6.65
2016-04-05,32.40,33.68,33.88,32.18,43727,145401936.00,5.24,3.76,1.22,9.72
2016-04-06,33.68,33.77,34.38,33.34,47202,159747243.00,3.09,0.27,0.09,10.49
2016-04-07,33.97,32.93,34.03,32.91,37060,123663262.00,3.32,-2.49,-0.84,8.24
2016-04-08,32.51,32.58,32.79,32.00,34082,110388358.00,2.40,-1.06,-0.35,7.57
2016-04-11,32.98,35.78,35.80,32.75,97380,338291776.00,9.36,9.82,3.20,21.64
2016-04-12,35.36,36.52,37.37,34.88,128413,467493392.00,6.96,2.07,0.74,28.54
2016-04-13,36.20,36.37,37.49,36.02,91165,335352080.00,4.03,-0.41,-0.15,20.26
2016-04-14,36.33,39.75,39.97,36.32,116574,447062480.00,10.04,9.29,3.38,25.91
2016-04-15,39.30,39.82,40.89,38.21,111930,442096096.00,6.74,0.18,0.07,24.87
2016-04-18,39.00,37.20,39.00,36.68,70909,268694608.00,5.83,-6.58,-2.62,15.76
2016-04-19,37.74,38.20,38.75,37.70,65852,251476022.00,2.82,2.69,1.00,14.63
2016-04-20,38.40,35.38,38.43,34.39,81971,296174128.00,10.58,-7.38,-2.82,18.22
2016-04-21,35.05,36.43,37.85,34.81,81583,299802432.00,8.59,2.97,1.05,18.13
2016-04-22,35.20,39.19,39.93,35.20,103787,395806560.00,12.98,7.58,2.76,23.06
2016-04-25,38.68,39.99,40.80,37.66,108446,427303792.00,8.01,2.04,0.80,24.10
2016-04-26,38.01,38.24,39.46,36.50,110660,423523200.00,7.40,-4.38,-1.75,24.59
2016-04-27,37.96,40.43,41.70,37.55,132033,528947424.00,10.85,5.73,2.19,29.34
2016-04-28,39.70,42.90,43.99,39.53,153725,634612976.00,11.03,6.11,2.47,34.16
2016-04-29,42.29,41.41,42.98,41.31,104783,441060848.00,3.89,-3.47,-1.49,23.29
2016-05-03,41.02,41.90,43.59,40.84,114538,484647440.00,6.64,1.18,0.49,25.45
2016-05-04,41.43,45.30,45.89,41.20,142101,619826720.00,11.19,8.11,3.40,31.58
2016-05-05,44.45,45.20,46.53,43.80,131382,592709376.00,6.03,-0.22,-0.10,29.20
2016-05-06,44.95,42.30,46.51,42.05,132102,589933200.00,9.87,-6.42,-2.90,29.36
2016-05-09,41.60,43.02,43.95,39.70,110426,467502608.00,10.05,1.70,0.72,24.54
2016-05-10,42.50,42.22,43.60,41.02,77979,330813808.00,6.00,-1.86,-0.80,17.33
2016-05-11,42.88,38.00,43.02,38.00,93786,380143664.00,11.89,-10.00,-4.22,20.84
2016-05-12,36.13,36.03,37.00,34.40,81753,293176128.00,6.84,-5.18,-1.97,18.17
2016-05-13,35.80,35.71,36.98,35.08,55833,202134384.00,5.27,-0.89,-0.32,12.41
2016-05-16,35.68,37.30,37.30,35.10,57598,208634385.00,6.16,4.45,1.59,12.80
2016-05-17,37.55,37.81,38.90,37.49,80580,308014864.00,3.78,1.37,0.51,17.91
2016-05-18,37.00,35.16,37.00,34.20,65454,233102905.00,7.41,-7.01,-2.65,14.55
2016-05-19,35.00,35.48,36.65,35.00,51491,184759863.00,4.69,0.91,0.32,11.44
2016-05-20,35.00,37.38,37.50,34.70,63956,229278860.00,7.89,5.36,1.90,14.21
2016-05-23,37.21,38.95,39.50,37.21,84205,325006336.00,6.13,4.20,1.57,18.71
2016-05-24,38.56,38.43,38.86,37.53,59108,226056939.00,3.41,-1.34,-0.52,13.14
2016-05-25,38.79,38.50,39.68,37.90,65990,257061364.00,4.63,0.18,0.07,14.66
2016-05-26,38.04,38.93,38.96,35.81,58718,221147741.00,8.18,1.12,0.43,13.05
2016-05-27,38.67,40.70,41.97,38.40,108812,437324128.00,9.17,4.55,1.77,24.18
2016-05-30,40.00,40.36,41.75,39.06,79493,323658144.00,6.61,-0.84,-0.34,17.67
2016-05-31,40.25,42.63,42.63,40.07,85009,354870464.00,6.34,5.62,2.27,18.89
2016-06-01,42.60,42.76,43.60,41.80,102548,437583312.00,4.22,0.30,0.13,22.79
2016-06-02,42.58,43.72,43.80,42.00,82409,352959264.00,4.21,2.25,0.96,18.31
2016-06-03,43.50,42.16,43.50,42.02,79014,339030288.00,3.39,-3.57,-1.56,17.56
2016-06-06,41.93,42.36,42.66,41.32,55934,234654015.00,3.18,0.47,0.20,12.43
2016-06-07,42.35,44.63,45.73,42.20,112314,494689072.00,8.33,5.36,2.27,24.96
2016-06-08,44.60,42.55,44.60,42.51,83760,363501056.00,4.68,-4.66,-2.08,18.61
2016-06-13,41.01,38.30,41.10,38.30,73032,290127904.00,6.58,-9.99,-4.25,16.23
2016-06-14,37.76,37.88,38.28,37.10,44342,167412401.00,3.08,-1.10,-0.42,9.85
2016-06-15,37.50,39.47,40.28,37.11,56090,220115866.00,8.37,4.20,1.59,12.46
2016-06-16,39.30,38.93,40.38,38.81,44904,177855982.00,3.98,-1.37,-0.54,9.98
2016-06-17,38.96,40.15,40.18,38.96,49335,195661512.00,3.13,3.13,1.22,10.96
2016-06-20,40.30,42.30,42.61,39.81,87054,362663344.00,6.97,5.35,2.15,19.35
2016-06-21,42.70,41.55,42.95,41.20,78698,331315936.00,4.14,-1.77,-0.75,17.49
2016-06-22,41.18,44.55,45.00,41.13,109398,474124592.00,9.31,7.22,3.00,24.31
2016-06-23,44.32,44.46,44.86,42.80,89596,393421424.00,4.62,-0.20,-0.09,19.91
2016-06-24,44.18,44.60,45.68,42.22,118299,529633152.00,7.78,0.31,0.14,26.29
2016-06-27,44.43,45.83,46.58,44.11,101461,465582992.00,5.54,2.76,1.23,22.55
2016-06-28,45.30,44.99,46.10,43.80,85463,383567488.00,5.02,-1.83,-0.84,18.99
2016-06-29,44.80,47.26,48.10,43.91,118676,542767008.00,9.31,5.05,2.27,26.37
2016-06-30,45.90,43.35,45.90,42.99,100298,449084896.00,6.16,-8.27,-3.91,22.29
2016-07-01,43.67,44.13,45.09,43.50,53407,237115498.00,3.67,1.80,0.78,11.87
2016-07-04,43.62,47.27,48.40,43.51,106232,494656464.00,11.08,7.12,3.14,23.61
2016-07-05,47.27,48.82,49.66,46.68,127963,616343056.00,6.30,3.28,1.55,28.44
2016-07-06,48.80,48.72,50.27,47.17,106371,518276752.00,6.35,-0.20,-0.10,23.64
2016-07-07,48.50,49.33,49.78,47.50,88803,433876800.00,4.68,1.25,0.61,19.73
2016-07-08,49.17,49.52,51.49,48.71,91801,460114144.00,5.64,0.39,0.19,20.40
2016-07-11,48.61,46.47,48.99,45.80,84674,403144912.00,6.44,-6.16,-3.05,18.82
2016-07-12,46.73,48.16,48.39,45.78,65950,312087408.00,5.62,3.64,1.69,14.66
2016-07-13,48.38,48.59,49.78,47.60,67102,326546528.00,4.53,0.89,0.43,14.91
2016-07-14,48.13,50.14,50.35,48.13,77239,381590224.00,4.57,3.19,1.55,17.16
2016-07-15,50.03,49.30,50.69,49.11,65893,328022864.00,3.15,-1.68,-0.84,14.64
2016-07-18,49.21,49.62,50.95,48.88,62909,314664864.00,4.20,0.65,0.32,13.98
2016-07-19,49.16,48.79,49.60,47.77,55113,266993970.00,3.69,-1.67,-0.83,12.25
2016-07-20,48.60,47.90,49.37,47.79,44663,217031869.00,3.24,-1.82,-0.89,9.93
2016-07-21,47.98,45.99,48.29,45.85,56766,266188636.00,5.09,-3.99,-1.91,12.61
2016-07-22,46.06,46.04,46.83,45.51,31690,146320259.00,2.87,0.11,0.05,7.04
2016-07-25,46.09,46.50,46.95,45.78,27239,126261734.00,2.54,1.00,0.46,6.05
2016-07-26,46.40,46.68,47.29,46.30,25812,120785669.00,2.13,0.39,0.18,5.74
2016-07-27,46.59,42.17,46.84,42.01,69905,306087424.00,10.35,-9.66,-4.51,15.53
2016-07-28,41.90,42.28,42.45,40.03,42741,177031565.00,5.74,0.26,0.11,9.50
2016-07-29,42.28,41.52,42.46,41.30,23653,99046112.00,2.74,-1.80,-0.76,5.26
2016-08-01,41.10,39.68,41.10,39.00,32216,127443402.00,5.06,-4.43,-1.84,7.16
2016-08-02,39.89,40.14,40.29,39.69,16819,67266338.00,1.51,1.16,0.46,3.74
2016-08-03,40.00,41.10,41.45,39.69,30969,126469186.00,4.38,2.39,0.96,6.88
2016-08-04,40.96,41.48,41.89,40.59,24021,98976578.00,3.16,0.92,0.38,5.34
2016-08-05,41.41,40.32,41.68,40.21,23405,95792209.00,3.54,-2.80,-1.16,5.20
2016-08-08,40.02,41.38,41.40,39.40,24913,102062060.00,4.96,2.63,1.06,5.54
2016-08-09,41.10,41.44,41.75,41.02,23683,98116361.00,1.76,0.14,0.06,5.26
2016-08-10,41.50,41.51,42.10,41.45,23890,99825651.00,1.57,0.17,0.07,5.31
2016-08-11,41.40,39.90,41.40,39.89,26066,105824974.00,3.64,-3.88,-1.61,5.79
2016-08-12,39.93,40.44,40.49,39.70,17755,71375511.00,1.98,1.35,0.54,3.95
2016-08-15,40.52,41.72,41.99,40.16,30208,124700154.00,4.53,3.17,1.28,6.71
2016-08-16,41.70,42.58,43.26,41.70,39091,166031915.00,3.74,2.06,0.86,8.69
2016-08-17,42.69,43.00,43.38,42.21,33704,144375404.00,2.75,0.99,0.42,7.49
2016-08-18,42.80,42.44,42.98,41.96,31277,132508842.00,2.37,-1.30,-0.56,6.95
2016-08-19,42.46,42.20,42.78,42.15,19697,83460567.00,1.48,-0.57,-0.24,4.38
2016-08-22,42.18,41.00,42.28,40.90,24157,99875647.00,3.27,-2.84,-1.20,5.37
2016-08-23,41.32,41.43,41.59,40.60,16813,69345229.00,2.41,1.05,0.43,3.74
2016-08-24,41.13,40.61,41.78,40.34,30809,125520591.00,3.48,-1.98,-0.82,6.85
2016-08-25,40.62,40.28,40.65,39.30,30697,122642869.00,3.32,-0.81,-0.33,6.82
2016-08-26,40.80,40.93,41.89,40.56,37269,154003118.00,3.30,1.61,0.65,8.28
2016-08-29,41.76,40.39,41.80,40.30,21968,89846681.00,3.66,-1.32,-0.54,4.88
2016-08-30,40.45,40.65,41.18,40.44,15717,64029006.00,1.83,0.64,0.26,3.49
2016-08-31,40.80,40.80,40.98,40.45,15773,64294343.00,1.30,0.37,0.15,3.51
2016-09-01,41.08,40.55,41.55,40.55,22100,90748795.00,2.45,-0.61,-0.25,4.91
2016-09-02,40.10,39.87,40.55,39.66,20230,80790697.00,2.19,-1.68,-0.68,4.50
2016-09-05,39.89,40.17,40.27,39.72,12956,51856245.00,1.38,0.75,0.30,2.88
2016-09-06,40.01,41.96,42.68,39.65,32718,133990962.00,7.54,4.46,1.79,7.27
2016-09-07,41.95,41.57,41.95,41.03,23300,96751081.00,2.19,-0.93,-0.39,5.18
2016-09-08,41.60,42.14,42.78,41.31,32003,134421871.00,3.54,1.37,0.57,7.11
2016-09-09,42.60,41.80,42.60,41.14,19660,81890279.00,3.46,-0.81,-0.34,4.37
2016-09-12,41.00,40.69,41.66,40.12,24376,98989617.00,3.68,-2.66,-1.11,5.42
2016-09-13,40.69,40.82,41.85,40.43,23183,94795340.00,3.49,0.32,0.13,5.15
2016-09-14,40.73,40.09,40.73,39.82,13920,55860001.00,2.23,-1.79,-0.73,3.09
2016-09-19,40.10,40.60,40.88,40.10,20411,82726375.00,1.95,1.27,0.51,4.54
2016-09-20,41.20,40.56,41.21,40.41,16385,66720246.00,1.97,-0.10,-0.04,3.64
2016-09-21,40.55,40.32,40.56,40.17,12504,50440470.00,0.96,-0.59,-0.24,2.78
2016-09-22,41.95,40.66,42.81,40.36,48690,200079681.00,6.08,0.84,0.34,10.82
2016-09-23,40.50,40.12,40.66,40.02,17724,71350765.00,1.57,-1.33,-0.54,3.94
2016-09-26,40.10,37.86,40.12,37.86,27992,108493127.00,5.63,-5.63,-2.26,6.22
2016-09-27,37.86,37.19,37.88,36.36,22886,84880100.00,4.01,-1.77,-0.67,5.09
2016-09-28,37.26,36.33,37.30,35.97,22392,81670160.00,3.58,-2.31,-0.86,4.98
2016-09-29,36.41,36.65,36.85,36.35,15458,56633265.00,1.38,0.88,0.32,3.44
2016-09-30,36.60,36.69,36.76,36.41,8258,30262727.00,0.95,0.11,0.04,1.84
2016-10-10,36.74,37.67,37.70,36.74,16779,62650941.00,2.62,2.67,0.98,3.73
2016-10-11,37.71,37.79,37.80,37.34,16665,62566494.00,1.22,0.32,0.12,3.70
2016-10-12,37.64,38.02,38.43,37.40,20155,76560676.00,2.73,0.61,0.23,4.48
2016-10-13,37.90,38.23,38.38,37.84,12970,49537781.00,1.42,0.55,0.21,2.88
2016-10-14,38.35,37.98,38.35,37.62,12821,48546297.00,1.91,-0.65,-0.25,2.85
2016-10-17,37.69,37.54,38.30,37.40,16258,61585572.00,2.37,-1.16,-0.44,3.61
2016-10-18,37.55,38.05,38.10,37.34,13524,51126656.00,2.02,1.36,0.51,3.01
2016-10-19,38.20,37.86,38.20,37.70,13466,51065453.00,1.31,-0.50,-0.19,2.99
2016-10-20,37.94,38.48,38.98,37.62,27680,106491594.00,3.59,1.64,0.62,6.15
2016-10-21,38.40,38.04,38.65,37.03,18677,70814946.00,4.21,-1.14,-0.44,4.15
2016-10-24,38.05,38.15,38.33,37.56,14915,56735007.00,2.02,0.29,0.11,3.31
2016-10-25,38.11,38.63,38.84,38.11,21299,82216771.00,1.91,1.26,0.48,4.73
2016-10-26,38.70,38.13,38.70,37.87,13515,51635495.00,2.15,-1.29,-0.50,3.00
2016-10-27,38.13,38.09,38.56,37.80,12904,49309911.00,1.99,-0.10,-0.04,2.87
2016-10-28,38.18,37.61,38.25,37.50,15949,60249930.00,1.97,-1.26,-0.48,3.54
2016-10-31,37.62,37.37,37.62,36.88,11912,44337551.00,1.97,-0.64,-0.24,2.65
2016-11-01,37.47,39.01,39.50,37.31,46732,180647755.00,5.86,4.39,1.64,10.38
2016-11-02,38.85,39.13,39.88,38.71,45894,180846564.00,3.00,0.31,0.12,10.20
2016-11-03,38.96,39.85,40.41,38.50,47370,188650961.00,4.88,1.84,0.72,10.53
2016-11-04,40.18,43.84,43.84,39.86,36552,158202194.00,9.99,10.01,3.99,8.12
2016-11-07,46.89,43.35,46.89,43.31,129738,583235376.00,8.17,-1.12,-0.49,28.83
2016-11-08,43.00,44.50,45.21,42.50,85609,375060208.00,6.25,2.65,1.15,19.02
2016-11-09,43.98,42.80,44.17,42.06,66519,288130112.00,4.74,-3.82,-1.70,14.78
2016-11-10,43.42,44.27,44.37,42.74,70424,308637760.00,3.81,3.43,1.47,15.65
2016-11-11,43.84,43.11,44.09,42.93,46367,201170378.00,2.62,-2.62,-1.16,10.30
2016-11-14,42.65,44.29,44.47,42.40,55003,238310991.00,4.80,2.74,1.18,12.22
2016-11-15,43.90,43.77,44.18,43.06,35524,154991002.00,2.53,-1.17,-0.52,7.89
2016-11-16,43.70,44.26,45.60,43.12,74289,330822576.00,5.67,1.12,0.49,16.51
2016-11-17,43.60,43.84,43.90,42.36,53434,229959474.00,3.48,-0.95,-0.42,11.87
2016-11-18,44.99,45.12,47.19,44.68,98653,449932192.00,5.73,2.92,1.28,21.92
2016-11-21,45.69,48.48,49.63,45.00,129172,617435952.00,10.26,7.45,3.36,28.70
2016-11-22,47.80,48.30,49.00,46.98,84178,403362288.00,4.17,-0.37,-0.18,18.71
2016-11-23,48.00,45.90,48.00,45.28,75486,352426832.00,5.63,-4.97,-2.40,16.77
2016-11-24,45.80,44.65,46.46,44.50,42937,195160862.00,4.27,-2.72,-1.25,9.54
2016-11-25,44.32,45.27,45.65,43.51,38182,170488072.00,4.79,1.39,0.62,8.48
2016-11-28,45.00,43.12,45.27,43.01,34296,150842835.00,4.99,-4.75,-2.15,7.62
2016-11-29,43.05,42.31,43.60,42.21,30326,130012793.00,3.22,-1.88,-0.81,6.74
2016-11-30,42.00,42.35,42.50,41.50,21231,89321896.00,2.36,0.09,0.04,4.72
2016-12-01,42.01,42.38,42.75,42.00,19718,83564785.00,1.77,0.07,0.03,4.38
2016-12-02,42.39,39.87,42.73,39.68,45711,185653535.00,7.20,-5.92,-2.51,10.16
2016-12-05,39.65,39.93,40.29,39.39,17080,68346412.00,2.26,0.15,0.06,3.80
2016-12-06,39.83,39.90,40.38,39.83,14601,58543679.00,1.38,-0.08,-0.03,3.24
2016-12-07,39.55,40.87,40.97,39.55,22918,92657197.00,3.56,2.43,0.97,5.09
2016-12-08,40.80,39.70,40.80,39.60,19684,79043263.00,2.94,-2.86,-1.17,4.37
2016-12-09,39.60,38.70,39.90,38.45,22687,88620335.00,3.65,-2.52,-1.00,5.04
2016-12-12,38.40,35.51,38.99,35.37,30792,114224537.00,9.35,-8.24,-3.19,6.84
2016-12-13,35.36,36.39,36.77,35.35,23479,84712551.00,4.00,2.48,0.88,5.22
2016-12-14,36.12,35.85,36.65,35.73,14865,53766927.00,2.53,-1.48,-0.54,3.30
2016-12-15,35.96,36.35,36.79,35.85,16912,61489935.00,2.62,1.39,0.50,3.76
2016-12-16,36.34,36.73,36.86,36.12,16830,61525250.00,2.04,1.05,0.38,3.74
2016-12-19,36.68,36.08,36.68,35.88,14098,51074594.00,2.18,-1.77,-0.65,3.13
2016-12-20,36.28,36.27,36.59,35.86,11008,39853446.00,2.02,0.53,0.19,2.45
2016-12-21,36.46,36.63,36.67,36.19,17864,65010814.00,1.32,0.99,0.36,3.97
2016-12-22,36.23,33.60,36.29,32.97,106341,358251120.00,9.06,-8.27,-3.03,11.50
2016-12-23,33.10,33.21,33.30,32.03,69116,225913353.00,3.78,-1.16,-0.39,7.48
2016-12-26,32.78,33.67,33.72,32.53,43153,143254747.00,3.58,1.39,0.46,4.67
2016-12-27,33.48,33.13,33.70,33.10,25520,85048859.00,1.78,-1.60,-0.54,2.76
2016-12-28,33.19,32.85,33.34,32.75,25292,83462972.00,1.78,-0.85,-0.28,2.74
2016-12-29,32.62,32.62,33.04,32.55,15728,51599675.00,1.49,-0.70,-0.23,1.70
2016-12-30,32.55,32.25,32.77,32.18,16755,54339865.00,1.81,-1.13,-0.37,1.81
2017-01-03,32.30,32.57,32.66,32.28,16738,54335975.00,1.18,0.99,0.32,1.81
2017-01-04,32.52,33.11,33.21,32.51,23374,77007960.00,2.15,1.66,0.54,2.53
2017-01-05,33.00,33.03,33.39,32.90,20347,67366098.00,1.48,-0.24,-0.08,2.20
2017-01-06,32.79,32.27,33.02,32.11,18846,61344464.00,2.76,-2.30,-0.76,2.04
2017-01-09,32.33,32.07,32.33,31.61,15876,50770287.00,2.23,-0.62,-0.20,1.72
2017-01-10,32.46,33.01,33.52,32.20,37974,125623850.00,4.12,2.93,0.94,4.11
2017-01-11,32.93,32.68,33.26,32.61,20272,66571676.00,1.97,-1.00,-0.33,2.19
2017-01-12,32.70,33.38,33.38,32.63,34477,113947611.00,2.29,2.14,0.70,3.73
2017-01-13,33.40,34.00,34.36,33.39,59806,202484242.00,2.91,1.86,0.62,6.47
2017-01-16,33.30,31.31,33.77,30.60,39349,126563938.00,9.32,-7.91,-2.69,4.26
2017-01-17,31.00,31.21,31.65,29.55,34494,105448337.00,6.71,-0.32,-0.10,3.73
2017-01-18,30.60,29.98,30.99,29.98,20435,62195971.00,3.24,-3.94,-1.23,2.21
2017-01-19,29.93,30.10,30.64,29.02,22463,67098371.00,5.40,0.40,0.12,2.43
2017-01-20,30.03,30.78,31.10,29.95,20190,61914609.00,3.82,2.26,0.68,2.18
2017-01-23,30.81,31.60,31.61,30.81,15572,48894114.00,2.60,2.66,0.82,1.68
2017-01-24,31.76,31.68,31.84,31.09,11744,36986979.00,2.37,0.25,0.08,1.27
2017-01-25,31.60,31.65,31.84,31.34,7232,22877458.00,1.58,-0.09,-0.03,0.78
2017-01-26,31.65,32.31,32.55,31.57,14132,45335526.00,3.10,2.09,0.66,1.53
2017-02-03,32.31,31.70,32.69,31.67,7858,25229318.00,3.16,-1.89,-0.61,0.85
2017-02-06,31.50,31.69,31.99,31.30,16046,50659976.00,2.18,-0.03,-0.01,1.74
2017-02-07,31.52,31.80,32.07,31.52,11975,38074215.00,1.74,0.35,0.11,1.30
2017-02-08,31.60,32.07,32.09,31.50,12732,40546164.00,1.86,0.85,0.27,1.38
2017-02-09,32.04,32.51,32.88,31.91,17623,57216796.00,3.02,1.37,0.44,1.91
2017-02-10,32.43,32.88,33.12,32.42,21776,71748432.00,2.15,1.14,0.37,2.36
2017-02-13,32.88,32.98,33.28,32.52,20603,67945488.00,2.31,0.30,0.10,2.23
2017-02-14,32.95,32.77,33.26,32.62,12593,41346821.00,1.94,-0.64,-0.21,1.36
2017-02-15,32.90,32.62,33.10,32.39,16540,54122376.00,2.17,-0.46,-0.15,1.79
2017-02-16,32.47,32.57,32.70,32.25,11044,35945807.00,1.38,-0.15,-0.05,1.19
2017-02-17,33.01,32.34,33.44,32.33,15672,51485118.00,3.41,-0.71,-0.23,1.70
2017-02-20,32.20,32.37,32.39,31.88,10608,34003641.00,1.58,0.09,0.03,1.15
2017-02-21,32.36,32.72,33.00,32.36,13073,42677145.00,1.98,1.08,0.35,1.41
2017-02-22,32.72,32.38,32.97,32.26,13789,44842990.00,2.17,-1.04,-0.34,1.49
2017-02-23,31.80,31.41,31.99,30.84,39480,123693623.00,3.55,-3.00,-0.97,4.27
2017-02-24,31.51,31.66,31.79,31.36,30056,94818396.00,1.37,0.80,0.25,3.25
2017-02-27,31.66,31.10,31.72,31.04,21049,66028695.00,2.15,-1.77,-0.56,2.28
2017-02-28,31.01,31.57,31.65,30.91,20008,62823941.00,2.38,1.51,0.47,2.16
2017-03-01,31.51,31.47,31.82,31.43,16817,53104506.00,1.24,-0.32,-0.10,1.82
2017-03-02,31.59,31.22,31.73,31.11,13685,42866287.00,1.97,-0.79,-0.25,1.48
2017-03-03,31.31,31.98,32.20,31.03,32916,104270081.00,3.75,2.43,0.76,3.56
2017-03-06,31.98,33.03,33.05,31.75,36246,118055490.00,4.07,3.28,1.05,3.92
2017-03-07,33.04,32.82,33.15,32.51,19864,64976393.00,1.94,-0.64,-0.21,2.15
2017-03-08,32.84,32.48,32.99,32.36,13231,43131284.00,1.92,-1.04,-0.34,1.43
2017-03-09,32.35,32.52,32.56,32.05,11443,36953286.00,1.57,0.12,0.04,1.24
2017-03-10,32.62,32.34,32.88,32.19,16084,52247987.00,2.12,-0.55,-0.18,1.74
2017-03-13,32.45,32.60,32.65,31.85,13224,42767757.00,2.47,0.80,0.26,1.43
2017-03-14,32.51,33.63,33.80,32.51,44833,149642818.00,3.96,3.16,1.03,4.85
2017-03-15,33.58,33.68,33.90,33.08,30192,101056261.00,2.44,0.15,0.05,3.27
2017-03-16,33.97,33.90,34.15,33.44,30393,102676313.00,2.11,0.65,0.22,3.29
2017-03-17,33.89,33.33,34.25,33.03,30391,102749590.00,3.60,-1.68,-0.57,3.29
2017-03-20,33.21,34.41,34.88,33.04,33644,114185257.00,5.52,3.24,1.08,3.64
2017-03-21,34.24,35.43,35.60,34.09,54141,188449191.00,4.39,2.96,1.02,5.86
2017-03-22,35.00,36.01,36.27,34.85,53595,190994950.00,4.01,1.64,0.58,5.80
2017-03-23,35.68,35.43,36.07,35.01,34665,123506685.00,2.94,-1.61,-0.58,3.75
2017-03-24,35.59,35.24,35.64,34.92,24081,84959700.00,2.03,-0.54,-0.19,2.60
2017-03-27,35.24,35.22,35.55,35.10,14890,52569241.00,1.28,-0.06,-0.02,1.61
2017-03-28,35.20,34.77,35.60,34.76,13708,47950727.00,2.39,-1.28,-0.45,1.48
2017-03-29,34.93,33.93,34.93,33.91,24947,85539914.00,2.93,-2.42,-0.84,2.70
2017-03-30,34.26,32.67,34.48,32.60,25595,85217461.00,5.54,-3.71,-1.26,2.77
2017-03-31,32.90,33.50,33.70,32.75,15851,52844935.00,2.91,2.54,0.83,1.71
2017-04-05,33.35,33.74,33.90,33.00,14031,47291882.00,2.69,0.72,0.24,1.52
2017-04-06,33.67,33.55,33.93,33.51,12525,42285502.00,1.24,-0.56,-0.19,1.35
2017-04-07,33.55,33.70,34.10,33.34,14078,47612804.00,2.27,0.45,0.15,1.52
2017-04-10,33.70,32.26,33.70,32.20,19323,63564610.00,4.45,-4.27,-1.44,2.09
2017-04-11,32.29,32.14,32.67,30.99,16138,51464403.00,5.21,-0.37,-0.12,1.75
2017-04-12,32.20,32.85,33.13,32.01,14627,47970892.00,3.48,2.21,0.71,1.58
2017-04-13,32.60,32.39,33.07,32.35,8289,27045945.00,2.19,-1.40,-0.46,0.90
2017-04-14,32.39,31.40,32.50,31.18,10656,33575206.00,4.08,-3.06,-0.99,1.15
2017-04-17,31.30,30.15,31.30,28.28,9415,28501854.00,9.62,-3.98,-1.25,1.02
2017-04-18,30.15,30.03,30.44,29.27,8595,25732978.00,3.88,-0.40,-0.12,0.93
2017-04-19,29.86,30.00,30.00,28.36,11569,33610451.00,5.46,-0.10,-0.03,1.25
2017-04-20,30.00,29.90,30.00,29.02,8208,24263203.00,3.27,-0.33,-0.10,0.89
2017-04-21,29.76,29.80,29.91,29.51,5499,16347415.00,1.34,-0.33,-0.10,0.59
2017-04-24,29.76,29.51,29.76,28.94,6581,19232308.00,2.75,-0.97,-0.29,0.71
2017-04-25,29.46,30.00,30.50,29.13,9060,27134355.00,4.64,1.66,0.49,0.98
2017-04-26,29.90,28.65,29.90,28.43,19791,57749593.00,4.90,-4.50,-1.35,2.14
2017-04-27,28.65,29.58,29.83,27.20,22942,65290034.00,9.18,3.25,0.93,2.48
2017-04-28,29.65,29.85,29.98,29.10,22452,66356999.00,2.97,0.91,0.27,2.43
2017-05-02,29.86,30.30,30.53,29.60,30474,92013826.00,3.12,1.51,0.45,3.30
2017-05-03,29.88,29.62,30.00,29.39,14496,43005224.00,2.01,-2.24,-0.68,1.57
2017-05-04,29.41,28.97,29.79,28.87,13390,39278297.00,3.11,-2.19,-0.65,1.45
2017-05-05,29.00,28.75,29.12,28.35,12568,36041252.00,2.66,-0.76,-0.22,1.36
2017-05-08,28.64,27.94,28.76,27.80,10652,30102343.00,3.34,-2.82,-0.81,1.15
2017-05-09,28.00,28.94,29.06,28.00,13727,39277544.00,3.79,3.58,1.00,1.48
2017-05-10,28.80,27.89,29.10,27.68,11548,33022052.00,4.91,-3.63,-1.05,1.25
2017-05-11,27.70,28.05,28.11,26.51,7827,21610155.00,5.74,0.57,0.16,0.85
2017-05-12,28.04,27.78,28.04,27.36,6041,16751644.00,2.42,-0.96,-0.27,0.65
2017-05-15,27.99,27.79,27.99,27.40,6620,18342558.00,2.12,0.04,0.01,0.72
2017-05-16,27.80,27.80,27.81,26.68,13651,37181484.00,4.07,0.04,0.01,1.48
2017-05-17,27.79,27.70,28.38,27.68,11474,32054993.00,2.52,-0.36,-0.10,1.24
2017-05-18,27.50,28.05,28.14,27.28,13353,36993870.00,3.10,1.26,0.35,1.44
2017-05-19,28.06,28.40,28.41,27.90,14186,39969993.00,1.82,1.25,0.35,1.53
2017-05-22,28.30,28.53,28.60,27.61,11609,32744018.00,3.49,0.46,0.13,1.26
2017-05-23,28.48,27.83,28.48,27.70,9080,25416206.00,2.73,-2.45,-0.70,0.98
2017-05-24,27.50,27.33,27.97,27.20,8016,22030594.00,2.77,-1.80,-0.50,0.87
2017-05-25,27.33,27.20,27.57,26.90,6728,18324281.00,2.45,-0.48,-0.13,0.73
2017-05-26,27.29,29.44,29.60,27.19,25172,72398407.00,8.86,8.24,2.24,2.72
2017-11-01,32.33,32.33,32.33,32.33,34401,111219079.00,0.00,9.82,2.89,3.72
2017-11-02,35.50,31.80,35.50,31.50,87783,290910736.00,12.37,-1.64,-0.53,9.50
2017-11-03,31.21,29.86,31.30,29.67,48842,147975049.00,5.13,-6.10,-1.94,5.28
2017-11-06,29.68,29.96,30.39,28.88,34759,102757543.00,5.06,0.33,0.10,3.76
2017-11-07,29.95,30.15,30.51,29.52,34636,104331742.00,3.30,0.63,0.19,3.75
2017-11-08,30.34,29.70,30.38,29.68,21809,65155595.00,2.32,-1.49,-0.45,2.36
2017-11-09,29.37,29.46,29.70,28.95,15151,44423349.00,2.53,-0.81,-0.24,1.64
2017-11-10,29.46,29.11,29.58,29.03,13564,39565308.00,1.87,-1.19,-0.35,1.47
2017-11-13,29.11,28.22,29.12,28.02,21014,59685147.00,3.78,-3.06,-0.89,2.27
2017-11-14,28.29,27.70,28.29,26.97,24065,66088145.00,4.68,-1.84,-0.52,2.60
2017-11-15,27.69,28.03,28.06,27.10,16584,45746603.00,3.47,1.19,0.33,1.79
2017-11-16,27.76,28.17,28.56,27.76,14246,40293237.00,2.85,0.50,0.14,1.54
2017-11-17,28.19,26.30,28.22,25.90,14132,38476770.00,8.24,-6.64,-1.87,1.53
2017-11-20,26.03,25.52,26.45,24.83,10547,26731224.00,6.16,-2.97,-0.78,1.14
2017-11-21,25.37,24.75,25.58,24.69,11921,29839389.00,3.49,-3.02,-0.77,1.29
2017-11-22,24.70,24.10,24.86,24.00,11406,27775055.00,3.47,-2.63,-0.65,1.23
2017-11-23,24.20,23.97,24.47,23.89,9032,21885804.00,2.41,-0.54,-0.13,0.98
2017-11-24,23.98,23.85,24.15,23.80,7276,17437623.00,1.46,-0.50,-0.12,0.79
2017-11-27,23.83,23.64,23.99,23.30,7409,17540244.00,2.89,-0.88,-0.21,0.80
2017-11-28,23.64,24.25,24.40,23.64,7087,17019944.00,3.21,2.58,0.61,0.77
2017-11-29,24.04,24.26,24.55,24.04,7450,18082703.00,2.10,0.04,0.01,0.81
2017-11-30,24.30,23.80,24.43,23.80,5613,13529565.00,2.60,-1.90,-0.46,0.61
2017-12-01,23.98,24.22,24.25,23.71,5335,12851329.00,2.27,1.76,0.42,0.58
2017-12-04,24.22,22.97,24.46,22.96,8315,19625673.00,6.19,-5.16,-1.25,0.90
2017-12-05,22.97,23.32,23.74,22.97,9698,22639415.00,3.35,1.52,0.35,1.05
2017-12-06,23.23,22.78,23.50,22.22,10768,24463965.00,5.49,-2.32,-0.54,1.16
2017-12-07,22.79,22.41,22.79,22.40,5993,13519683.00,1.71,-1.62,-0.37,0.65
2017-12-08,22.37,23.25,23.42,22.37,8849,20365340.00,4.69,3.75,0.84,0.96
2017-12-11,23.16,24.29,24.43,23.13,10873,25913432.00,5.59,4.47,1.04,1.18
2017-12-12,24.38,23.82,24.38,23.77,7202,17245524.00,2.51,-1.93,-0.47,0.78
2017-12-13,23.65,24.01,24.41,23.65,5894,14187610.00,3.19,0.80,0.19,0.64
2017-12-14,24.25,24.17,24.27,23.90,6837,16461677.00,1.54,0.67,0.16,0.74
2017-12-15,24.30,24.00,24.30,24.00,4698,11331338.00,1.24,-0.70,-0.17,0.51
2017-12-18,24.05,23.56,24.16,23.56,3848,9151657.00,2.50,-1.83,-0.44,0.42
2017-12-19,23.74,24.29,24.40,23.61,5226,12557411.00,3.35,3.10,0.73,0.57
2017-12-20,24.29,24.18,24.35,23.80,5654,13592300.00,2.26,-0.45,-0.11,0.61
2017-12-21,24.08,23.96,24.27,23.63,4130,9916230.00,2.65,-0.91,-0.22,0.45
2017-12-22,23.98,23.86,24.12,23.81,2996,7176359.00,1.29,-0.42,-0.10,0.32
2017-12-25,23.90,24.33,24.34,23.85,11147,26897082.00,2.05,1.97,0.47,1.21
2017-12-26,24.34,24.36,24.38,24.01,4657,11283359.00,1.52,0.12,0.03,0.50
2017-12-27,24.38,23.90,24.51,23.88,5070,12259152.00,2.59,-1.89,-0.46,0.55
2017-12-28,23.95,23.69,24.10,23.60,5452,13013488.00,2.09,-0.88,-0.21,0.59
2017-12-29,23.66,23.61,23.88,23.45,4794,11323250.00,1.82,-0.34,-0.08,0.52
2018-01-02,23.78,24.04,24.14,23.68,6902,16524765.00,1.95,1.82,0.43,0.75
2018-01-03,24.03,24.22,24.30,23.84,5469,13157519.00,1.91,0.75,0.18,0.60
2018-01-04,24.17,23.98,24.30,23.85,6705,16083416.00,1.86,-0.99,-0.24,0.73
2018-01-05,24.13,24.05,24.18,23.95,4173,10030146.00,0.96,0.29,0.07,0.46
2018-01-08,24.05,24.32,24.35,23.91,8083,19525562.00,1.83,1.12,0.27,0.88
2018-01-09,24.46,24.99,25.46,24.14,18592,46457831.00,5.43,2.75,0.67,2.03
2018-01-10,24.80,24.02,24.95,23.96,14183,34551483.00,3.96,-3.88,-0.97,1.55
2018-01-11,24.00,24.06,24.23,23.52,6928,16532395.00,2.96,0.17,0.04,0.76
2018-01-12,24.09,23.51,24.11,23.48,7694,18260162.00,2.62,-2.29,-0.55,0.84
2018-01-15,23.51,22.15,23.60,22.00,14405,32591648.00,6.81,-5.78,-1.36,1.57
2018-01-16,22.10,21.99,22.24,21.95,9194,20299709.00,1.31,-0.72,-0.16,1.00
2018-01-17,22.15,21.72,22.15,21.41,12089,26225522.00,3.37,-1.23,-0.27,1.32
2018-01-18,21.72,21.99,22.09,21.46,8393,18415944.00,2.90,1.24,0.27,0.92
2018-01-19,22.06,21.74,22.08,21.68,7340,16073359.00,1.82,-1.14,-0.25,0.80
2018-01-22,21.73,21.67,21.90,21.00,12794,27378177.00,4.14,-0.32,-0.07,1.40
2018-01-23,21.65,21.39,21.83,21.32,9722,20998798.00,2.35,-1.29,-0.28,1.06
2018-01-24,21.30,21.72,21.89,21.26,8977,19454655.00,2.95,1.54,0.33,0.98
2018-01-25,21.79,21.42,21.96,21.40,8296,18046140.00,2.58,-1.38,-0.30,0.91
2018-01-26,21.38,21.40,21.66,21.16,8243,17644289.00,2.33,-0.09,-0.02,0.90
2018-01-29,21.44,20.84,21.51,20.41,14839,30894814.00,5.14,-2.62,-0.56,1.62
2018-01-30,20.82,20.63,20.98,20.41,7118,14650364.00,2.74,-1.01,-0.21,0.78
2018-01-31,20.60,20.57,20.74,20.36,8605,17688599.00,1.84,-0.29,-0.06,0.94
2018-02-01,20.57,20.56,20.85,18.51,23717,46605550.00,11.38,-0.05,-0.01,2.59
2018-02-02,19.31,19.36,20.19,19.21,11453,22333481.00,4.77,-5.84,-1.20,1.25
2018-02-05,19.24,19.00,19.26,18.83,6937,13167012.00,2.22,-1.86,-0.36,0.76
2018-02-06,17.99,17.96,18.55,17.77,9167,16712211.00,4.11,-5.47,-1.04,1.00
2018-02-07,18.32,17.79,18.58,17.45,7360,13218132.00,6.29,-0.95,-0.17,0.80
2018-02-08,17.75,17.91,18.09,17.41,3943,7061980.00,3.82,0.67,0.12,0.43
2018-02-09,17.65,17.19,17.65,17.12,8260,14287600.00,2.96,-4.02,-0.72,0.90
2018-02-12,17.50,17.71,17.93,17.35,5047,8948225.00,3.37,3.03,0.52,0.55
2018-02-13,17.75,18.20,18.83,17.75,7845,14414653.00,6.10,2.77,0.49,0.86
2018-02-14,18.22,19.05,19.10,17.85,9431,17548594.00,6.87,4.67,0.85,1.03
2018-02-22,19.05,19.01,19.12,18.80,8013,15227308.00,1.68,-0.21,-0.04,0.87
2018-02-23,18.94,18.84,18.94,18.60,5795,10853826.00,1.79,-0.89,-0.17,0.63
2018-02-26,18.70,19.05,19.14,18.62,6089,11535204.00,2.76,1.11,0.21,0.66
2018-02-27,19.05,19.07,19.18,18.86,5038,9554271.00,1.68,0.10,0.02,0.55
2018-02-28,18.63,18.87,19.01,18.63,3696,6970466.00,1.99,-1.05,-0.20,0.40
2018-03-01,18.85,19.19,19.25,18.66,6568,12548242.00,3.13,1.70,0.32,0.72
2018-03-02,19.09,18.98,19.30,18.91,5389,10311310.00,2.03,-1.09,-0.21,0.59
2018-03-05,18.98,19.00,19.19,18.82,4553,8642146.00,1.95,0.11,0.02,0.50
2018-03-06,19.00,19.30,19.38,18.93,6957,13368600.00,2.37,1.58,0.30,0.76
2018-03-07,19.22,18.93,19.26,18.86,7167,13621891.00,2.07,-1.92,-0.37,0.78
2018-03-08,19.09,20.17,20.39,18.81,21934,43612466.00,8.35,6.55,1.24,2.39
2018-03-09,19.75,20.06,20.31,19.64,15772,31457270.00,3.32,-0.55,-0.11,1.72
2018-03-12,20.05,22.07,22.07,19.89,69700,150714416.00,10.87,10.02,2.01,7.61
2018-03-13,22.08,21.58,22.27,21.41,37741,81804562.00,3.90,-2.22,-0.49,4.12
2018-03-14,21.58,20.97,21.58,20.97,17622,37319767.00,2.83,-2.83,-0.61,1.92
2018-03-15,20.76,20.72,21.08,20.19,16929,34833649.00,4.24,-1.19,-0.25,1.85
2018-03-16,20.78,20.72,21.12,20.62,12007,25005811.00,2.41,0.00,0.00,1.31
2018-03-19,20.90,20.73,20.90,20.30,9778,20170342.00,2.90,0.05,0.01,1.07
2018-03-20,20.47,20.73,20.75,20.33,8955,18448606.00,2.03,0.00,0.00,0.98
2018-03-21,20.84,20.22,20.97,20.22,14465,29856863.00,3.62,-2.46,-0.51,1.58
2018-03-22,20.15,20.44,20.60,20.07,9976,20335692.00,2.62,1.09,0.22,1.09
2018-03-23,19.79,18.85,19.86,18.46,18561,35685422.00,6.85,-7.78,-1.59,2.03
2018-03-26,18.85,19.00,19.02,17.87,8399,15555696.00,6.10,0.80,0.15,0.92
2018-03-27,19.20,19.51,19.75,19.00,9625,18776845.00,3.95,2.68,0.51,1.05
2018-03-28,19.41,19.63,19.85,19.10,7963,15615272.00,3.84,0.62,0.12,0.87
2018-03-29,19.63,19.89,20.16,19.63,11016,21977465.00,2.70,1.32,0.26,1.20
2018-03-30,20.20,20.41,20.48,19.80,12373,25149332.00,3.42,2.61,0.52,1.35
2018-04-02,20.47,20.10,20.52,20.05,9820,19839981.00,2.30,-1.52,-0.31,1.07
2018-04-03,19.70,20.25,20.50,19.50,10899,21791560.00,4.98,0.75,0.15,1.19
2018-04-04,20.58,20.00,20.58,20.00,8810,17793891.00,2.86,-1.23,-0.25,0.96
2018-04-09,19.95,20.40,20.44,19.60,9927,19938828.00,4.20,2.00,0.40,1.08
2018-04-10,20.33,20.50,20.66,20.15,6930,14157634.00,2.50,0.49,0.10,0.76
2018-04-11,20.49,20.68,20.98,20.48,12300,25509609.00,2.44,0.88,0.18,1.34
2018-04-12,20.68,20.33,20.88,20.33,8126,16762165.00,2.66,-1.69,-0.35,0.89
2018-04-13,20.58,20.45,20.77,20.38,7575,15585223.00,1.92,0.59,0.12,0.83
2018-04-16,20.45,20.26,20.46,20.15,6300,12781739.00,1.52,-0.93,-0.19,0.69
2018-04-17,20.30,19.69,20.54,19.50,7312,14725258.00,5.13,-2.81,-0.57,0.80
2018-04-18,20.25,20.15,20.25,19.55,8309,16561550.00,3.56,2.34,0.46,0.91
2018-04-19,20.15,20.45,20.58,20.09,9186,18748220.00,2.43,1.49,0.30,1.00
2018-04-20,20.44,19.74,20.50,19.69,9020,18001731.00,3.96,-3.47,-0.71,0.98
2018-04-23,19.74,20.22,20.40,19.74,5874,11743436.00,3.34,2.43,0.48,0.64
2018-04-24,19.63,20.02,20.22,19.63,10004,19892792.00,2.92,-0.99,-0.20,1.09
2018-04-25,20.06,19.62,20.06,19.55,9082,17927657.00,2.55,-2.00,-0.40,0.99
2018-04-26,19.63,18.74,19.75,18.70,9582,18224431.00,5.35,-4.49,-0.88,1.05
2018-04-27,18.86,18.95,19.19,18.60,4596,8701111.00,3.15,1.12,0.21,0.50
2018-05-02,19.04,18.60,19.04,18.51,4291,8053160.00,2.80,-1.85,-0.35,0.47
2018-05-03,18.73,18.90,18.94,18.10,4551,8456263.00,4.52,1.61,0.30,0.50
2018-05-04,18.71,18.63,18.98,18.56,6959,12991172.00,2.22,-1.43,-0.27,0.76
2018-05-07,18.63,18.95,19.00,18.63,5843,11030486.00,1.99,1.72,0.32,0.64
2018-05-08,18.96,19.18,19.30,18.77,8368,16023048.00,2.80,1.21,0.23,0.91
2018-05-09,19.19,19.37,19.59,19.09,7956,15390492.00,2.61,0.99,0.19,0.87
2018-05-10,19.40,19.49,19.66,19.24,9831,19070877.00,2.17,0.62,0.12,1.07
2018-05-11,19.64,19.50,19.91,19.20,9485,18537335.00,3.64,0.05,0.01,1.04
2018-05-14,19.32,19.50,19.59,19.27,5426,10566922.00,1.64,0.00,0.00,0.59
2018-05-15,19.50,19.58,19.64,19.27,6558,12772948.00,1.90,0.41,0.08,0.72
2018-05-16,19.91,19.26,19.91,19.25,6914,13505398.00,3.37,-1.63,-0.32,0.75
2018-05-17,19.28,19.40,19.58,19.22,5522,10700768.00,1.87,0.73,0.14,0.60
2018-05-18,19.54,19.41,19.59,19.10,6284,12190707.00,2.53,0.05,0.01,0.69
2018-05-21,19.47,19.68,19.77,19.31,9458,18491688.00,2.37,1.39,0.27,1.03
2018-05-22,19.74,19.65,19.75,19.46,8927,17501034.00,1.47,-0.15,-0.03,0.97
2018-05-23,19.85,19.00,19.85,18.91,12437,24005744.00,4.78,-3.31,-0.65,1.36
2018-05-24,19.10,18.85,19.25,18.69,8674,16396032.00,2.95,-0.79,-0.15,0.95
2018-05-25,18.90,19.00,19.75,18.72,11012,21061088.00,5.46,0.80,0.15,1.20
2018-05-28,19.00,18.41,19.02,18.41,10314,19191597.00,3.21,-3.11,-0.59,1.13
2018-05-29,18.30,18.20,18.50,18.13,7446,13599668.00,2.01,-1.14,-0.21,0.81
2018-05-30,17.99,17.26,17.99,17.25,10569,18592912.00,4.07,-5.16,-0.94,1.15
2018-05-31,17.48,17.52,17.62,17.29,5288,9241246.00,1.91,1.51,0.26,0.58
2018-06-01,17.37,17.51,17.78,17.28,5165,9016971.00,2.85,-0.06,-0.01,0.56
2018-06-04,17.51,17.47,17.68,17.41,3731,6537313.00,1.54,-0.23,-0.04,0.41
2018-06-05,17.50,17.72,17.85,17.40,4727,8332508.00,2.58,1.43,0.25,0.52
2018-06-06,17.76,17.93,17.96,17.73,5263,9412475.00,1.30,1.19,0.21,0.57
2018-06-07,17.93,17.50,17.99,17.49,5788,10218159.00,2.79,-2.40,-0.43,0.63
2018-06-08,17.12,17.15,17.60,16.90,9237,15841433.00,4.00,-2.00,-0.35,1.01
2018-06-11,17.15,17.00,17.28,17.00,3754,6423606.00,1.63,-0.87,-0.15,0.41
2018-06-12,17.08,17.06,17.11,16.88,5074,8625802.00,1.35,0.35,0.06,0.55
2018-06-13,17.06,16.79,17.09,16.70,6539,11056848.00,2.29,-1.58,-0.27,0.71
2018-06-14,16.92,16.72,17.02,16.68,4344,7294317.00,2.03,-0.42,-0.07,0.47
2018-06-15,16.70,16.70,16.79,15.80,9666,15725555.00,5.92,-0.12,-0.02,1.06
2018-06-19,16.10,15.33,16.55,15.04,10446,16522045.00,9.04,-8.20,-1.37,1.14
2018-06-20,15.22,15.69,15.90,15.22,5366,8357939.00,4.44,2.35,0.36,0.59
2018-06-21,15.90,15.47,15.98,15.41,32250,50577114.00,3.63,-1.40,-0.22,3.52
2018-06-22,15.31,15.84,15.84,15.21,32746,51161852.00,4.07,2.39,0.37,3.57
2018-06-25,15.87,15.67,16.06,15.65,17824,28181204.00,2.59,-1.07,-0.17,1.95
2018-06-26,15.42,15.70,15.83,15.30,17253,27099073.00,3.38,0.19,0.03,1.88
2018-06-27,15.74,15.49,15.76,15.41,4672,7277245.00,2.23,-1.34,-0.21,0.51
2018-06-28,15.60,14.93,15.60,14.91,6929,10582386.00,4.45,-3.62,-0.56,0.76
2018-06-29,14.90,15.80,15.85,14.90,10903,16845868.00,6.36,5.83,0.87,1.19
2018-07-02,15.65,15.60,15.76,15.25,8362,12971667.00,3.23,-1.27,-0.20,0.91
2018-07-03,15.56,15.74,15.75,15.36,10432,16254100.00,2.50,0.90,0.14,1.14
2018-07-04,15.84,15.50,15.84,15.22,6819,10573954.00,3.94,-1.52,-0.24,0.75
2018-07-05,15.71,15.23,15.71,15.10,5796,8872658.00,3.94,-1.74,-0.27,0.63
2018-07-06,15.28,15.40,15.42,14.77,7674,11618956.00,4.27,1.12,0.17,0.84
2018-07-09,15.25,15.56,15.64,15.25,7582,11738910.00,2.53,1.04,0.16,0.83
2018-07-10,15.50,15.51,15.63,15.33,5926,9154168.00,1.93,-0.32,-0.05,0.65
2018-07-11,15.35,14.99,15.35,14.81,6382,9538675.00,3.48,-3.35,-0.52,0.70
2018-07-12,14.92,15.29,15.39,14.92,9448,14383937.00,3.14,2.00,0.30,1.03
2018-07-13,15.27,15.28,15.39,15.10,6449,9816604.00,1.90,-0.07,-0.01,0.71
2018-07-16,15.29,15.56,15.59,15.17,16109,24895288.00,2.75,1.83,0.28,1.76
2018-07-17,15.57,15.48,15.60,15.38,19007,29342808.00,1.41,-0.51,-0.08,2.08
2018-07-18,15.41,15.58,15.66,15.41,12576,19587562.00,1.61,0.65,0.10,1.38
2018-07-19,15.58,16.12,16.38,15.46,24822,39235277.00,5.91,3.47,0.54,2.72
2018-07-20,16.05,16.49,17.04,15.89,28212,46159325.00,7.13,2.30,0.37,3.09
2018-07-23,16.30,16.16,16.42,16.00,14749,23814398.00,2.55,-2.00,-0.33,1.61
2018-07-24,16.15,16.60,16.80,16.10,26648,43967508.00,4.33,2.72,0.44,2.92
2018-07-25,16.58,16.22,16.59,16.22,18773,30710903.00,2.23,-2.29,-0.38,2.05
2018-07-26,16.23,16.10,16.28,16.00,10434,16793277.00,1.73,-0.74,-0.12,1.14
2018-07-27,16.16,15.90,16.16,15.86,8272,13186578.00,1.86,-1.24,-0.20,0.91
2018-07-30,15.90,15.73,16.05,15.70,5804,9197838.00,2.20,-1.07,-0.17,0.64
2018-07-31,15.73,15.95,15.95,15.73,5582,8866539.00,1.40,1.40,0.22,0.61
2018-08-01,15.88,15.48,16.08,15.34,8489,13397759.00,4.64,-2.95,-0.47,0.93
2018-08-02,15.45,15.04,15.48,14.49,14753,21960264.00,6.40,-2.84,-0.44,1.61
2018-08-03,15.20,15.10,15.20,14.83,13446,20123997.00,2.46,0.40,0.06,1.47
2018-08-06,14.98,15.01,15.14,14.72,6979,10418659.00,2.78,-0.60,-0.09,0.76
2018-08-07,14.90,15.25,15.25,14.82,9305,14097099.00,2.86,1.60,0.24,1.02
2018-08-08,15.15,15.11,15.36,15.00,7448,11263630.00,2.36,-0.92,-0.14,0.81
2018-08-09,15.01,15.35,15.42,14.80,7994,12251376.00,4.10,1.59,0.24,0.87
2018-08-10,15.40,15.53,15.60,15.37,5762,8918231.00,1.50,1.17,0.18,0.63
2018-08-13,15.33,15.44,15.48,15.21,8611,13223195.00,1.74,-0.58,-0.09,0.94
2018-08-14,15.43,15.53,15.77,15.30,9845,15204115.00,3.04,0.58,0.09,1.08
2018-08-15,15.84,15.38,15.84,15.15,7272,11237266.00,4.44,-0.97,-0.15,0.80
2018-08-16,15.38,15.29,15.70,15.13,10395,15846558.00,3.71,-0.59,-0.09,1.14
2018-08-17,15.22,15.14,15.39,15.01,10349,15742765.00,2.49,-0.98,-0.15,1.13
2018-08-20,15.02,15.29,15.29,14.88,7589,11428434.00,2.71,0.99,0.15,0.83
2018-08-21,15.29,15.32,15.68,15.08,10152,15551236.00,3.92,0.20,0.03,1.11
2018-08-22,15.48,15.26,15.48,15.16,5574,8509536.00,2.09,-0.39,-0.06,0.61
2018-08-23,15.10,15.30,15.32,15.02,5252,8005594.00,1.97,0.26,0.04,0.57
2018-08-24,15.48,15.30,15.48,15.25,4680,7178109.00,1.50,0.00,0.00,0.51
2018-08-27,15.18,15.43,15.48,15.18,8197,12594089.00,1.96,0.85,0.13,0.90
2018-08-28,15.38,15.43,15.55,15.32,5680,8739484.00,1.49,0.00,0.00,0.62
2018-08-29,15.40,15.29,15.40,15.17,3332,5079110.00,1.49,-0.91,-0.14,0.36
2018-08-30,15.22,15.21,15.71,15.13,5629,8620199.00,3.79,-0.52,-0.08,0.62
2018-08-31,15.12,15.18,15.26,14.90,3708,5584867.00,2.37,-0.20,-0.03,0.41
2018-09-03,14.96,15.12,15.16,14.82,4603,6919386.00,2.24,-0.40,-0.06,0.50
2018-09-04,15.19,15.23,15.28,15.07,2129,3234128.00,1.39,0.73,0.11,0.23
2018-09-05,15.31,15.09,15.31,15.02,2408,3647806.00,1.90,-0.92,-0.14,0.26
2018-09-06,14.93,15.00,15.09,14.89,5556,8318791.00,1.33,-0.60,-0.09,0.61
2018-09-07,14.92,15.07,15.18,14.88,2932,4396340.00,2.00,0.47,0.07,0.32
2018-09-10,15.07,15.06,15.15,14.81,2854,4268358.00,2.26,-0.07,-0.01,0.31
2018-09-11,14.92,15.02,15.15,14.78,2754,4113574.00,2.46,-0.27,-0.04,0.30
2018-09-12,14.87,15.01,15.03,14.80,1882,2814324.00,1.53,-0.07,-0.01,0.21
2018-09-13,14.89,15.03,15.07,14.89,2727,4088051.00,1.20,0.13,0.02,0.30
2018-09-14,15.03,15.00,15.11,14.80,2991,4466355.00,2.06,-0.20,-0.03,0.33
2018-09-17,14.81,14.95,14.98,14.73,2054,3051379.00,1.67,-0.33,-0.05,0.22
2018-09-18,14.84,15.00,15.04,14.76,4865,7275635.00,1.87,0.33,0.05,0.53
2018-09-19,14.90,15.05,15.08,14.90,8586,12875521.00,1.20,0.33,0.05,0.94
2018-09-20,15.08,14.96,15.08,14.90,4695,7027343.00,1.20,-0.60,-0.09,0.51
2018-09-21,14.91,15.09,15.15,14.85,9118,13644193.00,2.01,0.87,0.13,1.00
2018-09-25,14.99,15.00,15.13,14.92,3965,5948060.00,1.39,-0.60,-0.09,0.43
2018-09-26,15.01,15.01,15.03,14.92,3851,5772338.00,0.73,0.07,0.01,0.42
2018-09-27,15.02,14.95,15.08,14.62,7526,11181265.00,3.06,-0.40,-0.06,0.82
2018-09-28,14.90,15.10,15.20,14.80,7045,10561578.00,2.68,1.00,0.15,0.77
2018-10-08,14.90,14.85,14.98,14.77,5391,8010497.00,1.39,-1.66,-0.25,0.59
2018-10-09,14.78,14.90,14.95,14.65,3625,5376695.00,2.02,0.34,0.05,0.40
2018-10-10,14.90,14.90,14.94,14.65,3939,5835519.00,1.95,0.00,0.00,0.43
2018-10-11,14.63,14.09,14.85,13.54,12352,17560815.00,8.79,-5.44,-0.81,1.35
2018-10-12,13.92,14.17,14.30,13.50,8346,11581094.00,5.68,0.57,0.08,0.91
2018-10-15,14.33,14.12,14.38,13.92,6858,9692224.00,3.25,-0.35,-0.05,0.75
2018-10-16,13.91,13.98,14.20,12.71,20992,28349137.00,10.55,-0.99,-0.14,2.30
2018-10-17,13.76,14.11,14.11,13.45,21716,30127990.00,4.72,0.93,0.13,2.38
2018-10-18,14.11,13.90,14.16,13.86,15840,22127040.00,2.13,-1.49,-0.21,1.73
2018-10-19,13.71,14.09,14.11,13.21,6144,8537963.00,6.47,1.37,0.19,0.67
2018-10-22,14.09,14.54,14.78,13.96,11882,17098418.00,5.82,3.19,0.45,1.30
2018-10-23,14.41,14.18,14.48,14.05,7195,10251464.00,2.96,-2.48,-0.36,0.79
2018-10-24,14.20,14.06,14.30,13.90,6165,8646367.00,2.82,-0.85,-0.12,0.67
2018-10-25,13.70,14.04,14.09,13.20,6350,8742071.00,6.33,-0.14,-0.02,0.69
2018-10-26,13.94,13.99,14.09,13.88,11746,16428414.00,1.50,-0.36,-0.05,1.29
2018-10-29,13.98,13.90,14.06,13.78,2609,3627939.00,2.00,-0.64,-0.09,0.29
2018-10-30,13.81,13.90,14.00,13.73,2072,2875551.00,1.94,0.00,0.00,0.23
2018-10-31,13.91,14.10,14.18,13.85,10019,14085323.00,2.37,1.44,0.20,1.10
2018-11-01,14.10,14.38,14.89,14.10,17388,25312403.00,5.60,1.99,0.28,1.90
2018-11-02,14.39,14.65,14.80,14.38,10164,14785587.00,2.92,1.88,0.27,1.11
2018-11-05,14.64,14.56,14.78,14.46,5991,8749100.00,2.18,-0.61,-0.09,0.66
2018-11-06,14.51,14.73,14.83,14.51,7556,11092496.00,2.20,1.17,0.17,0.83
2018-11-07,14.82,14.56,14.82,14.50,4613,6755605.00,2.17,-1.15,-0.17,0.50
2018-11-08,14.64,14.43,14.66,14.36,11660,16968355.00,2.06,-0.89,-0.13,1.28
2018-11-09,14.38,14.30,14.55,14.21,7826,11250313.00,2.36,-0.90,-0.13,0.86
2018-11-12,14.30,14.58,14.65,14.26,7590,10986058.00,2.73,1.96,0.28,0.83
2018-11-13,14.69,15.51,15.95,14.58,49338,75638017.00,9.40,6.38,0.93,5.40
2018-11-14,15.18,15.19,15.30,15.11,22803,34632840.00,1.23,-2.06,-0.32,2.50
2018-11-15,15.20,15.43,15.44,15.06,18250,27873254.00,2.50,1.58,0.24,2.00
2018-11-16,15.44,15.46,15.58,15.34,16947,26189374.00,1.56,0.19,0.03,1.85
2018-11-19,15.46,15.88,15.88,15.36,19539,30586131.00,3.36,2.72,0.42,2.14
2018-11-20,15.80,15.26,15.80,15.11,16467,25429345.00,4.35,-3.90,-0.62,1.80
2018-11-21,15.06,15.50,15.69,14.97,19022,29229572.00,4.72,1.57,0.24,2.08
2018-11-22,15.50,15.43,15.67,15.41,10838,16853033.00,1.68,-0.45,-0.07,1.19
2018-11-23,15.45,14.67,15.46,14.44,16686,24880677.00,6.61,-4.93,-0.76,1.83
2018-11-26,14.51,14.35,14.77,14.30,6590,9582400.00,3.20,-2.18,-0.32,0.72
2018-11-27,14.38,14.47,14.64,14.33,5925,8601362.00,2.16,0.84,0.12,0.65
2018-11-28,14.35,14.57,14.57,14.16,5329,7676256.00,2.83,0.69,0.10,0.58
2018-11-29,14.67,15.13,15.76,14.57,26663,40514293.00,8.17,3.84,0.56,2.92
2018-11-30,14.91,15.24,15.34,14.81,14158,21356330.00,3.50,0.73,0.11,1.55
2018-12-03,15.41,15.48,15.68,15.19,18836,29102169.00,3.22,1.57,0.24,2.06
2018-12-04,15.41,15.49,15.60,15.35,9971,15412413.00,1.61,0.06,0.01,1.09
2018-12-05,15.05,15.23,15.29,15.00,7906,11991073.00,1.87,-1.68,-0.26,0.87
2018-12-06,15.23,16.50,16.75,15.05,42002,67157597.00,11.16,8.34,1.27,4.60
2018-12-07,16.01,16.17,16.27,15.86,29211,46942108.00,2.48,-2.00,-0.33,3.20
2018-12-10,15.97,15.69,16.13,15.57,13960,22014041.00,3.46,-2.97,-0.48,1.53
2018-12-11,15.80,16.01,16.03,15.65,10442,16514873.00,2.42,2.04,0.32,1.14
2018-12-12,16.09,15.43,16.09,15.43,15986,25169646.00,4.12,-3.62,-0.58,1.75
2018-12-13,15.61,15.58,15.70,15.40,10776,16785871.00,1.94,0.97,0.15,1.18
2018-12-14,15.58,15.55,15.77,15.41,10840,16880639.00,2.31,-0.19,-0.03,1.19
2018-12-17,15.30,15.85,15.92,15.30,9420,14769765.00,3.99,1.93,0.30,1.03
2018-12-18,15.90,15.30,15.90,15.15,9953,15366331.00,4.73,-3.47,-0.55,1.09
2018-12-19,15.16,14.81,15.30,14.78,8232,12332488.00,3.40,-3.20,-0.49,0.90
2018-12-20,14.62,14.83,14.96,14.62,3966,5865919.00,2.30,0.14,0.02,0.43
2018-12-21,14.65,14.32,14.66,14.20,7567,10883967.00,3.10,-3.44,-0.51,0.83
2018-12-24,14.21,14.61,14.66,14.10,5191,7520152.00,3.91,2.03,0.29,0.25
2018-12-25,14.48,14.51,14.73,14.12,7308,10475081.00,4.18,-0.68,-0.10,0.35
2018-12-26,14.48,14.39,14.61,14.32,3392,4911725.00,2.00,-0.83,-0.12,0.16
2018-12-27,14.65,14.32,14.69,14.30,4610,6704277.00,2.71,-0.49,-0.07,0.22
2018-12-28,14.38,14.41,14.62,14.31,3816,5523134.00,2.16,0.63,0.09,0.18
2019-01-02,14.42,14.32,14.67,14.28,3875,5614594.00,2.71,-0.62,-0.09,0.19
2019-01-03,13.98,14.32,14.46,13.98,3618,5172860.00,3.35,0.00,0.00,0.17
2019-01-04,14.25,14.56,14.58,14.02,4217,6101427.00,3.91,1.68,0.24,0.20
2019-01-07,14.52,14.73,14.78,14.52,6424,9439694.00,1.79,1.17,0.17,0.31
2019-01-08,14.68,14.61,14.72,14.38,4032,5885297.00,2.31,-0.81,-0.12,0.19
2019-01-09,14.53,15.07,15.27,14.53,13469,20242713.00,5.07,3.15,0.46,0.65
2019-01-10,15.09,15.50,15.84,15.02,15640,24134549.00,5.44,2.85,0.43,0.75
2019-01-11,15.35,15.42,15.52,15.20,5857,8986145.00,2.06,-0.52,-0.08,0.28
2019-01-14,15.63,15.21,15.63,15.20,4820,7383702.00,2.79,-1.36,-0.21,0.23
2019-01-15,15.21,15.84,15.87,15.15,14894,23320737.00,4.73,4.14,0.63,0.72
2019-01-16,15.87,15.71,16.16,15.68,13298,21134492.00,3.03,-0.82,-0.13,0.64
2019-01-17,15.74,16.11,16.22,15.51,12087,19235392.00,4.52,2.55,0.40,0.58
2019-01-18,15.97,16.39,16.52,15.84,19287,31304861.00,4.22,1.74,0.28,0.93
2019-01-21,16.39,16.11,16.39,15.83,17248,27724068.00,3.42,-1.71,-0.28,0.83
2019-01-22,15.99,15.69,16.15,15.34,19771,31158951.00,5.03,-2.61,-0.42,0.95
2019-01-23,15.57,16.45,16.45,15.50,17610,28148879.00,6.05,4.84,0.76,0.85
2019-01-24,16.25,16.40,16.74,16.05,27351,44841283.00,4.19,-0.30,-0.05,1.31
2019-01-25,16.40,16.14,16.40,16.12,6599,10732880.00,1.71,-1.59,-0.26,0.32
2019-01-28,16.15,16.08,16.17,15.74,13350,21322352.00,2.66,-0.37,-0.06,0.64
2019-01-29,16.21,15.58,16.21,15.55,9196,14504230.00,4.10,-3.11,-0.50,0.44
2019-01-30,15.58,16.24,16.24,15.25,22273,35368179.00,6.35,4.24,0.66,1.07
2019-01-31,16.23,16.32,16.32,15.78,16423,26323499.00,3.33,0.49,0.08,0.79
2019-02-01,16.14,16.34,16.44,16.09,11418,18547932.00,2.14,0.12,0.02,0.55
2019-02-11,16.34,16.92,17.30,16.22,38826,65128184.00,6.61,3.55,0.58,1.86
2019-02-12,17.20,17.46,17.86,16.91,44028,76358351.00,5.61,3.19,0.54,2.11
2019-02-13,17.53,17.09,17.58,17.00,32605,56061661.00,3.32,-2.12,-0.37,1.57
2019-02-14,17.16,17.03,17.38,16.90,32371,55436665.00,2.81,-0.35,-0.06,1.55
2019-02-15,17.15,16.90,17.15,16.83,17716,30032526.00,1.88,-0.76,-0.13,0.85
2019-02-18,16.93,17.39,17.42,16.90,24742,42422834.00,3.08,2.90,0.49,1.19
2019-02-19,17.65,16.89,17.65,16.78,25603,43676172.00,5.00,-2.88,-0.50,1.23
2019-02-20,16.89,16.93,16.99,16.65,9484,15918459.00,2.01,0.24,0.04,0.46
2019-02-21,16.93,16.70,17.08,16.67,15242,25730383.00,2.42,-1.36,-0.23,0.73
2019-02-22,16.61,16.83,16.87,16.41,15248,25392274.00,2.75,0.78,0.13,0.73
2019-02-25,16.86,17.32,17.40,16.83,36686,62899672.00,3.39,2.91,0.49,1.76
2019-02-26,17.27,17.01,17.34,16.94,27474,46939222.00,2.31,-1.79,-0.31,1.32
2019-02-27,17.00,16.93,17.15,16.80,19823,33631654.00,2.06,-0.47,-0.08,0.95
2019-02-28,17.00,17.24,17.34,16.90,24275,41590299.00,2.60,1.83,0.31,1.17
2019-03-01,17.29,17.38,17.62,17.16,28156,48955555.00,2.67,0.81,0.14,1.35
2019-03-04,17.39,17.45,18.05,17.27,37051,65039044.00,4.49,0.40,0.07,1.78
2019-03-05,17.36,17.40,17.43,17.05,31294,53812237.00,2.18,-0.29,-0.05,1.50
2019-03-06,17.46,18.26,18.27,17.45,57013,102003626.00,4.71,4.94,0.86,2.74
2019-03-07,18.06,17.90,18.16,17.62,58129,103901409.00,2.96,-1.97,-0.36,2.79
2019-03-08,17.67,16.76,17.67,16.65,34940,60112336.00,5.70,-6.37,-1.14,1.68
2019-03-11,16.80,17.12,17.12,16.64,23531,39738343.00,2.86,2.15,0.36,1.13
2019-03-12,17.20,17.29,17.42,17.01,31302,53833673.00,2.39,0.99,0.17,1.50
2019-03-13,17.18,17.08,17.25,16.66,25056,42527912.00,3.41,-1.21,-0.21,1.20
2019-03-14,16.94,16.41,16.96,16.30,16700,27664424.00,3.86,-3.92,-0.67,0.80
2019-03-15,16.44,16.85,17.06,16.44,21751,36443843.00,3.78,2.68,0.44,1.04
2019-03-18,16.81,17.02,17.04,16.70,14776,24968909.00,2.02,1.01,0.17,0.71
2019-03-19,17.00,17.28,17.33,16.89,27462,47062818.00,2.59,1.53,0.26,1.32
2019-03-20,17.80,17.92,18.90,17.53,101704,183756961.00,7.93,3.70,0.64,4.89
2019-03-21,17.75,18.17,18.57,17.57,74315,134021392.00,5.58,1.40,0.25,3.57
2019-03-22,18.07,18.15,18.28,17.79,38486,69419126.00,2.70,-0.11,-0.02,1.85
2019-03-25,17.90,18.19,18.48,17.80,39192,71247285.00,3.75,0.22,0.04,1.88
2019-03-26,19.82,18.49,19.82,18.11,77889,146699414.00,9.40,1.65,0.30,3.74
2019-03-27,18.49,17.94,18.57,17.60,41468,74142008.00,5.25,-2.97,-0.55,1.99
2019-03-28,17.80,17.22,17.84,17.20,33046,57764914.00,3.57,-4.01,-0.72,1.59
2019-03-29,17.25,17.41,17.47,16.66,30166,51648119.00,4.70,1.10,0.19,1.45
2019-04-01,17.44,17.79,17.91,17.37,37917,66958870.00,3.10,2.18,0.38,1.82
2019-04-02,17.79,17.72,17.88,17.62,28926,51274123.00,1.46,-0.39,-0.07,1.39
2019-04-03,17.68,18.31,18.48,17.55,77111,139158435.00,5.25,3.33,0.59,3.70
2019-04-04,18.35,18.12,18.36,17.93,27706,50118465.00,2.35,-1.04,-0.19,1.33
2019-04-08,18.20,18.25,18.51,17.75,31963,58127942.00,4.19,0.72,0.13,1.54
2019-04-09,18.25,18.00,18.26,17.88,22913,41256216.00,2.08,-1.37,-0.25,1.10
2019-04-10,17.90,17.76,18.05,17.63,17614,31278236.00,2.33,-1.33,-0.24,0.85
2019-04-11,17.80,17.50,17.95,17.50,22647,40152010.00,2.53,-1.46,-0.26,1.09
2019-04-12,17.40,17.33,17.54,17.20,18213,31564809.00,1.94,-0.97,-0.17,0.87
2019-04-15,17.47,17.31,17.76,17.24,28800,50339966.00,3.00,-0.12,-0.02,1.38
2019-04-16,17.36,17.68,17.71,17.09,16193,28125605.00,3.58,2.14,0.37,0.78
2019-04-17,17.67,17.58,17.72,17.48,16799,29560609.00,1.36,-0.57,-0.10,0.81
2019-04-18,17.55,17.48,17.73,17.38,21497,37707533.00,1.99,-0.57,-0.10,1.03
2019-04-19,17.48,17.58,17.60,17.33,9152,15998215.00,1.54,0.57,0.10,0.44
2019-04-22,17.58,17.29,17.69,17.27,15281,26681699.00,2.39,-1.65,-0.29,0.73
2019-04-23,17.31,16.87,17.38,16.84,19549,33517123.00,3.12,-2.43,-0.42,0.94
2019-04-24,16.90,16.98,16.98,16.77,10701,18068444.00,1.24,0.65,0.11,0.51
2019-04-25,16.97,16.42,17.15,16.41,14230,23931076.00,4.36,-3.30,-0.56,0.68
2019-04-26,16.42,16.28,16.49,16.12,13032,21180172.00,2.25,-0.85,-0.14,0.63
2019-04-29,16.20,16.20,16.35,16.03,14580,23655885.00,1.97,-0.49,-0.08,0.70
2019-04-30,16.01,16.30,16.41,16.01,9549,15557052.00,2.47,0.62,0.10,0.46
2019-05-06,15.50,15.29,15.92,14.80,18641,28707819.00,6.87,-6.20,-1.01,0.90
2019-05-07,15.29,15.45,15.52,15.14,12089,18524586.00,2.49,1.05,0.16,0.58
2019-05-08,15.33,15.34,15.49,15.05,6639,10194433.00,2.85,-0.71,-0.11,0.32
2019-05-09,15.17,15.24,15.41,15.17,7450,11383728.00,1.56,-0.65,-0.10,0.36
2019-05-10,15.61,15.54,15.76,15.01,7613,11778630.00,4.92,1.97,0.30,0.37
2019-05-13,15.54,15.60,15.73,15.36,5684,8838451.00,2.38,0.39,0.06,0.27
2019-05-14,15.41,16.06,16.06,15.13,11539,18151319.00,5.96,2.95,0.46,0.55
2019-05-15,16.11,16.39,16.75,16.11,15900,26164820.00,3.99,2.05,0.33,0.76
2019-05-16,16.16,16.31,16.40,16.15,9602,15628162.00,1.53,-0.49,-0.08,0.46
2019-05-17,16.30,15.98,16.40,15.85,12991,20829476.00,3.37,-2.02,-0.33,0.62
2019-05-20,15.82,16.27,16.28,15.65,6305,10081179.00,3.94,1.81,0.29,0.30
2019-05-21,16.42,16.64,16.70,16.27,8948,14837126.00,2.64,2.27,0.37,0.43
2019-05-22,16.74,16.65,17.05,16.52,12931,21766497.00,3.19,0.06,0.01,0.62
2019-05-23,16.65,16.53,16.89,16.44,8232,13698863.00,2.70,-0.72,-0.12,0.40
2019-05-24,16.49,16.71,16.85,16.20,10175,16716799.00,3.93,1.09,0.18,0.49
2019-05-27,16.72,17.02,17.02,16.53,14480,24469071.00,2.93,1.86,0.31,0.70
2019-05-28,17.01,16.95,17.01,16.80,11506,19492223.00,1.23,-0.41,-0.07,0.55
2019-05-29,16.80,16.96,16.99,16.80,8951,15135540.00,1.12,0.06,0.01,0.43
2019-05-30,16.80,17.20,17.20,16.80,20141,34369774.00,2.36,1.42,0.24,0.97
2019-05-31,17.25,17.01,17.47,16.94,9234,15816943.00,3.08,-1.10,-0.19,0.44
2019-06-03,17.10,16.97,17.26,16.88,8047,13703242.00,2.23,-0.24,-0.04,0.39
2019-06-04,16.95,17.17,17.19,16.82,12951,22038987.00,2.18,1.18,0.20,0.62
2019-06-05,17.17,17.22,17.29,16.95,8583,14692029.00,1.98,0.29,0.05,0.41
2019-06-06,17.21,17.12,17.34,16.63,14585,25006644.00,4.12,-0.58,-0.10,0.70
2019-06-10,15.51,16.85,16.89,15.42,24525,40123884.00,8.59,-1.58,-0.27,1.18
2019-06-11,16.10,17.57,17.68,16.10,25928,45077047.00,9.38,4.27,0.72,1.25
2019-06-12,17.56,17.37,17.56,17.35,8651,15104755.00,1.20,-1.14,-0.20,0.42
2019-06-13,17.36,17.45,17.66,17.27,10065,17518124.00,2.25,0.46,0.08,0.48
2019-06-14,17.50,16.90,17.50,16.79,10507,17950346.00,4.07,-3.15,-0.55,0.50
2019-06-17,16.85,17.21,17.43,16.85,8069,13936105.00,3.43,1.83,0.31,0.39
2019-06-18,17.53,17.20,17.53,16.90,5506,9418089.00,3.66,-0.06,-0.01,0.26
2019-06-19,17.48,17.48,17.54,17.34,7532,13126304.00,1.16,1.63,0.28,0.36
2019-06-20,17.48,17.77,17.97,17.27,14448,25522485.00,4.00,1.66,0.29,0.69
2019-06-21,18.09,17.85,18.09,17.62,10184,18119162.00,2.64,0.45,0.08,0.49
2019-06-24,17.85,17.81,18.05,17.56,7390,13073283.00,2.75,-0.22,-0.04,0.35
2019-06-25,17.64,18.16,18.24,17.37,10685,19081948.00,4.88,1.97,0.35,0.51
2019-06-26,18.01,18.16,18.43,17.96,9612,17511150.00,2.59,0.00,0.00,0.46
2019-06-27,18.34,18.00,18.39,17.99,10587,19226746.00,2.20,-0.88,-0.16,0.51
2019-06-28,18.00,17.94,18.18,17.60,6839,12212226.00,3.22,-0.33,-0.06,0.33
2019-07-01,18.15,18.13,18.25,17.98,6689,12129559.00,1.51,1.06,0.19,0.33
2019-07-02,18.19,18.00,18.19,17.82,5042,9042009.00,2.04,-0.72,-0.13,0.25
2019-07-03,17.97,17.83,17.97,17.69,3396,6035988.00,1.56,-0.94,-0.17,0.17
2019-07-04,17.83,17.68,17.93,17.55,3659,6477770.00,2.13,-0.84,-0.15,0.18
2019-07-05,17.52,17.97,18.12,17.50,7655,13627210.00,3.51,1.64,0.29,0.38
2019-07-08,18.48,17.85,18.50,17.77,10546,19074904.00,4.06,-0.67,-0.12,0.52
2019-07-09,17.49,17.65,17.76,17.35,5385,9458703.00,2.30,-1.12,-0.20,0.27
2019-07-10,17.63,17.85,17.88,17.48,4045,7147287.00,2.27,1.13,0.20,0.20
2019-07-11,17.83,17.91,17.95,17.64,3083,5507487.00,1.74,0.34,0.06,0.15
2019-07-12,17.78,17.63,18.10,17.63,8439,15095449.00,2.62,-1.56,-0.28,0.42
2019-07-15,17.83,17.71,17.83,17.37,6233,10985789.00,2.61,0.45,0.08,0.31
2019-07-16,17.52,18.03,18.28,17.52,8145,14607899.00,4.29,1.81,0.32,0.40
2019-07-17,18.02,18.02,18.19,17.84,4835,8701653.00,1.94,-0.06,-0.01,0.24
2019-07-18,17.99,18.05,18.16,17.57,6284,11166176.00,3.27,0.17,0.03,0.31
2019-07-19,17.92,18.17,18.28,17.80,13020,23528497.00,2.66,0.66,0.12,0.64
2019-07-22,18.17,17.42,18.18,16.50,41210,71768225.00,9.25,-4.13,-0.75,2.03
2019-07-23,17.60,17.26,17.69,16.85,14420,24996561.00,4.82,-0.92,-0.16,0.71
2019-07-24,17.01,17.31,17.58,17.01,18102,31354017.00,3.30,0.29,0.05,0.89
2019-07-25,17.30,17.46,17.48,17.07,10925,18959422.00,2.37,0.87,0.15,0.54
2019-07-26,17.57,17.81,18.10,17.45,17257,30562069.00,3.72,2.00,0.35,0.85
2019-07-29,18.00,17.95,18.02,17.71,14168,25402688.00,1.74,0.79,0.14,0.70
2019-07-30,18.08,17.96,18.08,17.82,13554,24352527.00,1.45,0.06,0.01,0.67
2019-07-31,17.97,17.92,18.06,17.72,8728,15600625.00,1.89,-0.22,-0.04,0.43
2019-08-01,17.92,17.82,17.92,17.70,5155,9181362.00,1.23,-0.56,-0.10,0.25
2019-08-02,17.65,17.82,17.92,17.30,5542,9828588.00,3.48,0.00,0.00,0.27
2019-08-05,17.90,17.98,18.25,17.65,18520,33481030.00,3.37,0.90,0.16,0.91
2019-08-06,17.67,17.81,18.12,16.18,15190,26763384.00,10.79,-0.95,-0.17,0.75
2019-08-07,17.70,17.82,18.10,17.67,14109,25330161.00,2.41,0.06,0.01,0.70
2019-08-08,17.80,17.95,18.18,17.61,14479,26024330.00,3.20,0.73,0.13,0.71
2019-08-09,17.98,17.80,18.17,17.65,11308,20242026.00,2.90,-0.84,-0.15,0.56
2019-08-12,17.78,18.52,18.56,17.35,39214,70988612.00,6.80,4.04,0.72,1.93
2019-08-13,18.52,18.61,18.82,18.31,26636,49414983.00,2.75,0.49,0.09,1.31
2019-08-14,18.70,18.49,18.75,18.31,37382,69395115.00,2.36,-0.64,-0.12,1.84
2019-08-15,17.81,18.25,18.50,17.81,23190,42244058.00,3.73,-1.30,-0.24,1.14
2019-08-16,18.53,18.25,18.56,18.10,23189,42736849.00,2.52,0.00,0.00,1.14
2019-08-19,18.51,18.84,18.96,18.28,34096,63625760.00,3.73,3.23,0.59,1.68
2019-08-20,18.78,18.89,19.19,18.67,24715,46753241.00,2.76,0.27,0.05,1.22
2019-08-21,18.90,18.86,19.18,18.70,25186,47600436.00,2.54,-0.16,-0.03,1.24
2019-08-22,18.95,18.85,19.17,18.72,13762,26034622.00,2.39,-0.05,-0.01,0.68
2019-08-23,18.90,18.58,19.07,18.47,19869,37262635.00,3.18,-1.43,-0.27,0.98
2019-08-26,18.47,18.22,18.70,17.96,15345,27959814.00,3.98,-1.94,-0.36,0.76
2019-08-27,18.31,19.06,19.19,18.05,27042,51174359.00,6.26,4.61,0.84,1.33
2019-08-28,19.14,18.97,19.50,18.76,20694,39617530.00,3.88,-0.47,-0.09,1.02
2019-08-29,19.23,19.03,19.23,18.80,14119,26751493.00,2.27,0.32,0.06,0.70
2019-08-30,19.15,19.00,19.39,18.67,11956,22677196.00,3.78,-0.16,-0.03,0.59
2019-09-02,19.00,18.83,19.16,18.73,14808,28111830.00,2.26,-0.89,-0.17,0.73
2019-09-03,18.95,18.58,18.99,18.41,16524,30686256.00,3.08,-1.33,-0.25,0.81
2019-09-04,18.58,18.67,18.69,18.27,17710,32741208.00,2.26,0.48,0.09,0.87
2019-09-05,18.74,18.41,18.96,18.40,20982,39016065.00,3.00,-1.39,-0.26,1.03
2019-09-06,18.43,18.63,18.78,18.29,19652,36550761.00,2.66,1.20,0.22,0.97
2019-09-09,18.66,19.24,19.40,18.48,36326,69375333.00,4.94,3.27,0.61,1.79
2019-09-10,19.30,18.58,19.30,18.47,41271,77734653.00,4.31,-3.43,-0.66,2.03
2019-09-11,18.50,18.44,18.57,17.96,33217,60449584.00,3.28,-0.75,-0.14,1.64
2019-09-12,18.30,18.37,18.47,18.06,12686,23170666.00,2.22,-0.38,-0.07,0.63
2019-09-16,18.37,18.30,18.88,18.00,19378,35461237.00,4.79,-0.38,-0.07,0.95
2019-09-17,18.30,18.07,18.39,18.03,18249,33169290.00,1.97,-1.26,-0.23,0.90
2019-09-18,18.07,18.05,18.22,18.01,12310,22311511.00,1.16,-0.11,-0.02,0.61
2019-09-19,18.30,18.70,18.77,18.06,17795,32887449.00,3.93,3.60,0.65,0.88
2019-09-20,18.69,18.75,18.92,18.55,15260,28718158.00,1.98,0.27,0.05,0.75
2019-09-23,18.90,19.19,19.30,18.60,27618,52482034.00,3.73,2.35,0.44,1.36
2019-09-24,19.33,19.39,19.58,19.12,27694,53712435.00,2.40,1.04,0.20,1.36
2019-09-25,19.52,19.36,19.70,19.20,22195,43072764.00,2.58,-0.15,-0.03,1.09
2019-09-26,19.67,19.09,19.68,18.80,12485,23948842.00,4.55,-1.39,-0.27,0.62
2019-09-27,19.50,18.86,19.50,18.75,16249,30776704.00,3.93,-1.20,-0.23,0.80
2019-09-30,18.84,18.51,19.27,18.18,16315,30298743.00,5.78,-1.86,-0.35,0.80
2019-10-08,18.47,18.51,18.78,17.90,12087,22062513.00,4.75,0.00,0.00,0.60
2019-10-09,18.35,17.93,18.35,17.85,15123,27244536.00,2.70,-3.13,-0.58,0.75
2019-10-10,17.93,17.93,18.04,17.73,7156,12761125.00,1.73,0.00,0.00,0.35
2019-10-11,17.93,17.94,18.05,17.83,8876,15951290.00,1.23,0.06,0.01,0.44
2019-10-14,17.78,17.63,18.00,17.60,18201,32398266.00,2.23,-1.73,-0.31,0.90
2019-10-15,17.50,16.65,17.50,16.65,23987,40401235.00,4.82,-5.56,-0.98,1.18
2019-10-16,16.70,16.56,16.78,16.45,12834,21277216.00,1.98,-0.54,-0.09,0.63
2019-10-17,16.68,16.54,16.75,16.51,11368,18855687.00,1.45,-0.12,-0.02,0.56
2019-10-18,16.48,16.60,16.75,16.41,7776,12888205.00,2.06,0.36,0.06,0.38
2019-10-21,16.43,16.76,16.79,16.41,9497,15791634.00,2.29,0.96,0.16,0.47
2019-10-22,16.75,16.77,16.90,16.61,10778,18098405.00,1.73,0.06,0.01,0.53
2019-10-23,16.80,16.67,16.95,16.67,10154,17038823.00,1.67,-0.60,-0.10,0.50
2019-10-24,16.55,16.69,16.80,16.24,15006,24780732.00,3.36,0.12,0.02,0.74
2019-10-25,16.68,16.69,16.70,16.50,4494,7464511.00,1.20,0.00,0.00,0.22
2019-10-28,16.70,16.81,16.85,16.60,7802,13064133.00,1.50,0.72,0.12,0.38
2019-10-29,16.87,16.66,16.87,16.45,8374,13947813.00,2.50,-0.89,-0.15,0.41
2019-10-30,16.40,16.48,16.75,16.02,12806,20910136.00,4.38,-1.08,-0.18,0.63
2019-10-31,16.33,16.96,18.13,16.30,24260,41312356.00,11.10,2.91,0.48,1.20
2019-11-01,16.91,16.62,17.20,16.38,9901,16376694.00,4.83,-2.00,-0.34,0.49
2019-11-04,17.05,16.93,17.45,16.42,18168,30973087.00,6.20,1.87,0.31,0.90
2019-11-05,16.90,16.82,17.08,16.25,14163,23694209.00,4.90,-0.65,-0.11,0.70
2019-11-06,16.70,16.55,16.86,16.30,9276,15338335.00,3.33,-1.61,-0.27,0.46
2019-11-07,16.55,16.46,16.58,16.35,6687,10983490.00,1.39,-0.54,-0.09,0.33
2019-11-08,16.45,16.44,16.55,16.21,11009,18024279.00,2.07,-0.12,-0.02,0.54
2019-11-11,16.31,16.43,16.44,16.15,5003,8152401.00,1.76,-0.06,-0.01,0.25
2019-11-12,16.43,17.10,17.24,16.31,26411,44791682.00,5.66,4.08,0.67,1.30
2019-11-13,17.25,16.78,17.25,16.47,8420,14136771.00,4.56,-1.87,-0.32,0.41
2019-11-14,16.62,16.48,16.75,16.27,6160,10150370.00,2.86,-1.79,-0.30,0.30
2019-11-15,16.35,16.43,16.58,16.23,12939,21198824.00,2.12,-0.30,-0.05,0.64
2019-11-18,16.25,16.53,16.56,16.21,19542,32022290.00,2.13,0.61,0.10,0.96
2019-11-19,16.32,16.44,16.56,16.32,4866,7999260.00,1.45,-0.54,-0.09,0.24
2019-11-20,16.40,16.43,16.49,16.27,7483,12248956.00,1.34,-0.06,-0.01,0.37
2019-11-21,16.29,16.45,16.54,16.27,7029,11534317.00,1.64,0.12,0.02,0.35
2019-11-22,16.44,16.48,16.60,16.30,7998,13169227.00,1.82,0.18,0.03,0.39
2019-11-25,16.40,16.47,16.56,16.20,14963,24615551.00,2.18,-0.06,-0.01,0.74
2019-11-26,16.42,16.54,17.80,16.42,15366,25684316.00,8.38,0.43,0.07,0.76
2019-11-27,16.42,16.45,16.57,16.29,10246,16821856.00,1.69,-0.54,-0.09,0.50
2019-11-28,16.38,16.42,16.47,16.27,4911,8033351.00,1.22,-0.18,-0.03,0.24
2019-11-29,16.37,16.52,16.74,16.30,13667,22598792.00,2.68,0.61,0.10,0.67
2019-12-02,17.32,16.82,17.32,16.60,14138,23921573.00,4.36,1.82,0.30,0.70
2019-12-03,16.50,16.81,17.05,16.48,7649,12854906.00,3.39,-0.06,-0.01,0.38
2019-12-04,16.81,16.79,16.89,16.56,7731,12926548.00,1.96,-0.12,-0.02,0.38
2019-12-05,17.30,16.81,17.30,16.66,11337,19124336.00,3.81,0.12,0.02,0.56
2019-12-06,16.81,17.23,17.26,16.65,28327,48392077.00,3.63,2.50,0.42,1.40
2019-12-09,17.31,17.82,17.87,17.08,22909,40217886.00,4.59,3.42,0.59,1.13
2019-12-10,18.20,16.99,18.20,16.97,24517,42325796.00,6.90,-4.66,-0.83,1.21
2019-12-11,17.08,16.74,17.15,16.66,18173,30522770.00,2.88,-1.47,-0.25,0.90
2019-12-12,16.80,16.74,16.95,16.43,15820,26390820.00,3.11,0.00,0.00,0.78
2019-12-13,16.70,17.05,17.20,16.69,18547,31603149.00,3.05,1.85,0.31,0.91
2019-12-16,17.20,16.95,17.20,16.71,24295,41196767.00,2.87,-0.59,-0.10,1.20
2019-12-17,17.00,16.92,17.10,16.78,22999,38854721.00,1.89,-0.18,-0.03,1.13
2019-12-18,16.94,16.80,16.97,16.75,31752,53562336.00,1.30,-0.71,-0.12,1.56
2019-12-19,16.81,16.60,16.87,16.60,20298,33958945.00,1.61,-1.19,-0.20,1.00
2019-12-20,16.60,16.58,16.70,16.56,12782,21245868.00,0.84,-0.12,-0.02,0.63
2019-12-23,16.58,16.46,16.60,16.45,16206,26806842.00,0.90,-0.72,-0.12,0.80
2019-12-24,16.30,16.61,16.77,16.25,26334,43724541.00,3.16,0.91,0.15,1.30
2019-12-25,16.62,16.59,16.88,16.46,10726,17879469.00,2.53,-0.12,-0.02,0.53
2019-12-26,16.59,16.70,16.79,16.52,7501,12509589.00,1.63,0.66,0.11,0.37
2019-12-27,16.70,16.53,16.75,16.52,13567,22560478.00,1.38,-1.02,-0.17,0.67
2019-12-30,16.53,16.43,16.56,16.24,12505,20456996.00,1.94,-0.60,-0.10,0.62
2019-12-31,16.37,16.26,16.40,16.24,11183,18212149.00,0.97,-1.03,-0.17,0.54
2020-01-02,16.39,16.41,16.67,16.28,22788,37398358.00,2.40,0.92,0.15,1.09
2020-01-03,16.40,16.40,16.52,16.24,26069,42653143.00,1.71,-0.06,-0.01,1.25
2020-01-06,16.26,16.23,16.37,16.15,19155,31132196.00,1.34,-1.04,-0.17,0.92
2020-01-07,16.17,16.23,16.30,16.09,19901,32222867.00,1.29,0.00,0.00,0.96
2020-01-08,16.18,16.37,16.48,16.00,26876,43478471.00,2.96,0.86,0.14,1.29
2020-01-09,16.33,17.09,17.24,16.29,60399,101314157.00,5.80,4.40,0.72,2.90
2020-01-10,17.06,17.09,17.26,16.74,39718,67626020.00,3.04,0.00,0.00,1.91
2020-01-13,17.00,17.00,17.09,16.69,24506,41271064.00,2.34,-0.53,-0.09,1.18
2020-01-14,16.89,16.78,16.93,16.61,18702,31350610.00,1.88,-1.29,-0.22,0.90
2020-01-15,16.70,16.68,16.78,16.57,9838,16392474.00,1.25,-0.60,-0.10,0.47
2020-01-16,16.68,16.61,16.86,16.53,10422,17440172.00,1.98,-0.42,-0.07,0.50
2020-01-17,16.60,16.49,16.68,16.37,12308,20277683.00,1.87,-0.72,-0.12,0.59
2020-01-20,16.44,16.51,16.61,16.31,5940,9792324.00,1.82,0.12,0.02,0.29
2020-01-21,16.51,16.37,16.60,16.22,8660,14197912.00,2.30,-0.85,-0.14,0.42
2020-01-22,16.25,16.55,16.55,16.04,10633,17240786.00,3.12,1.10,0.18,0.51
2020-01-23,16.37,16.06,16.37,16.03,5922,9539923.00,2.05,-2.96,-0.49,0.28
2020-02-03,14.45,14.45,14.45,14.45,1108,1601060.00,0.00,-10.02,-1.61,0.05
2020-02-04,13.01,13.73,14.00,13.01,65100,86900938.00,6.85,-4.98,-0.72,3.13
2020-02-05,13.43,14.78,14.84,13.32,38701,54348053.00,11.07,7.65,1.05,1.86
2020-02-06,14.50,14.90,14.91,14.36,22183,32592130.00,3.72,0.81,0.12,1.07
2020-02-07,14.66,15.08,15.23,14.60,18963,28302948.00,4.23,1.21,0.18,0.91
2020-02-10,15.03,15.25,15.37,14.92,10594,16145160.00,2.98,1.13,0.17,0.51
2020-02-11,15.25,16.02,16.15,15.24,24492,38199525.00,5.97,5.05,0.77,1.18
2020-02-12,15.78,16.59,16.90,15.78,32850,53638074.00,6.99,3.56,0.57,1.58
2020-02-13,16.55,16.13,16.55,16.05,16753,27295151.00,3.01,-2.77,-0.46,0.80
2020-02-14,16.09,15.89,16.11,15.80,11863,18902302.00,1.92,-1.49,-0.24,0.57
2020-02-17,15.70,16.22,16.42,15.70,13218,21461457.00,4.53,2.08,0.33,0.63
2020-02-18,16.29,16.14,16.29,16.07,5206,8388768.00,1.36,-0.49,-0.08,0.25
2020-02-19,16.17,15.93,16.27,15.89,4350,6969131.00,2.35,-1.30,-0.21,0.21
2020-02-20,15.93,16.02,16.10,15.81,4562,7281423.00,1.82,0.56,0.09,0.22
2020-02-21,16.05,16.03,16.17,15.81,7288,11622441.00,2.25,0.06,0.01,0.35
2020-02-24,15.97,15.98,16.06,15.76,22488,35678984.00,1.87,-0.31,-0.05,1.08
2020-02-25,15.80,15.74,15.95,15.17,22605,35349858.00,4.88,-1.50,-0.24,1.09
2020-02-26,15.50,15.76,15.92,15.50,19332,30454625.00,2.67,0.13,0.02,0.93
2020-02-27,15.75,15.89,15.96,15.60,26829,42381493.00,2.28,0.82,0.13,1.29
2020-02-28,15.77,14.77,15.79,14.77,17877,27149592.00,6.42,-7.05,-1.12,0.86
2020-03-02,14.91,15.21,15.48,14.57,29229,44445260.00,6.16,2.98,0.44,1.40
2020-03-03,15.37,15.17,15.60,14.92,42894,65581276.00,4.47,-0.26,-0.04,2.06
2020-03-04,15.06,15.07,15.29,14.86,43428,65110181.00,2.83,-0.66,-0.10,2.09
2020-03-05,15.02,15.15,15.30,14.97,56190,84959419.00,2.19,0.53,0.08,2.70
2020-03-06,15.04,15.03,15.17,14.90,24829,37250720.00,1.78,-0.79,-0.12,1.19
2020-03-09,14.90,14.55,14.90,14.30,41175,59909058.00,3.99,-3.19,-0.48,1.98
2020-03-10,14.11,14.59,14.67,14.11,49227,70958436.00,3.85,0.27,0.04,2.36
2020-03-11,14.54,14.50,14.65,14.30,36139,52351006.00,2.40,-0.62,-0.09,1.74
2020-03-12,14.15,14.27,14.45,14.07,32687,46594704.00,2.62,-1.59,-0.23,1.57
2020-03-13,13.62,13.95,14.40,13.20,44092,60058301.00,8.41,-2.24,-0.32,2.12
2020-03-16,13.98,13.82,14.11,13.61,37820,52425548.00,3.58,-0.93,-0.13,1.82
2020-03-17,13.80,13.71,13.88,13.35,29444,40047206.00,3.84,-0.80,-0.11,1.41
2020-03-18,13.67,13.75,14.08,13.53,34601,47866493.00,4.01,0.29,0.04,1.66
2020-03-19,13.89,13.79,14.00,13.67,36410,50278305.00,2.40,0.29,0.04,1.75
2020-03-20,13.87,13.83,13.96,13.71,30347,41952188.00,1.81,0.29,0.04,1.46
2020-03-23,13.73,13.51,13.80,13.40,39480,53713148.00,2.89,-2.31,-0.32,1.90
2020-03-24,13.73,13.77,13.90,13.37,27374,37308085.00,3.92,1.92,0.26,1.31
2020-03-25,13.80,14.19,14.30,13.80,65410,91922532.00,3.63,3.05,0.42,3.14
2020-03-26,14.10,14.63,14.66,13.96,78118,111568488.00,4.93,3.10,0.44,3.75
2020-03-27,14.70,14.17,14.84,14.08,64365,93135358.00,5.19,-3.14,-0.46,3.09
2020-03-30,14.09,13.88,14.20,13.65,45039,62195472.00,3.88,-2.05,-0.29,2.16
2020-03-31,14.00,14.44,14.51,13.81,61493,86840739.00,5.04,4.03,0.56,2.95
2020-04-01,14.38,14.12,14.65,13.93,36019,51261101.00,4.99,-2.22,-0.32,1.73
2020-04-02,14.01,14.74,14.80,13.81,74251,107081400.00,7.01,4.39,0.62,3.57
2020-04-03,14.78,14.79,15.21,14.43,57693,85323147.00,5.29,0.34,0.05,2.77
2020-04-07,15.00,15.00,15.15,14.70,56383,84168282.00,3.04,1.42,0.21,2.71
2020-04-08,14.99,14.85,15.14,14.80,38799,57895540.00,2.27,-1.00,-0.15,1.86
2020-04-09,14.89,14.82,15.01,14.76,30600,45570070.00,1.68,-0.20,-0.03,1.47
2020-04-10,14.81,14.76,14.98,14.51,32159,47239697.00,3.17,-0.40,-0.06,1.54
2020-04-13,14.63,15.02,15.06,14.37,59297,87235514.00,4.67,1.76,0.26,2.85
2020-04-14,14.99,15.51,15.58,14.78,89713,136080931.00,5.33,3.26,0.49,4.31
2020-04-15,15.40,15.18,15.40,15.15,21678,33078939.00,1.61,-2.13,-0.33,1.04
2020-04-16,16.00,15.52,16.10,15.25,105766,164865630.00,5.60,2.24,0.34,5.08
2020-04-17,15.10,14.86,15.35,14.80,55711,84043537.00,3.54,-4.25,-0.66,2.68
2020-04-20,14.86,14.70,14.87,14.52,40538,59293635.00,2.36,-1.08,-0.16,1.95
2020-04-21,14.58,14.44,14.59,14.25,37491,53883690.00,2.31,-1.77,-0.26,1.80
2020-04-22,14.44,14.59,14.65,14.26,51460,74656450.00,2.70,1.04,0.15,2.47
2020-04-23,14.58,15.35,15.37,14.46,80885,120436010.00,6.24,5.21,0.76,3.89
2020-04-24,15.28,14.90,15.28,14.60,47592,70984484.00,4.43,-2.93,-0.45,2.29
2020-04-27,14.87,14.94,15.15,14.76,45908,68929318.00,2.62,0.27,0.04,2.21
2020-04-28,14.75,13.90,14.82,13.80,45482,64432341.00,6.83,-6.96,-1.04,2.18
2020-04-29,13.80,13.90,14.02,13.72,26555,36785845.00,2.16,0.00,0.00,1.28
2020-04-30,13.82,13.92,14.10,13.82,21639,30270082.00,2.01,0.14,0.02,1.04
2020-05-06,13.74,14.08,14.13,13.70,34824,48439483.00,3.09,1.15,0.16,1.67
2020-05-07,14.00,14.15,14.25,13.94,30013,42322700.00,2.20,0.50,0.07,1.44
2020-05-08,14.19,14.23,14.43,14.11,13271,18904693.00,2.26,0.57,0.08,0.64
2020-05-11,14.10,14.00,14.24,13.90,18006,25242217.00,2.39,-1.62,-0.23,0.86
2020-05-12,14.01,13.91,14.04,13.90,11700,16335577.00,1.00,-0.64,-0.09,0.56
2020-05-13,13.88,14.10,14.13,13.81,15691,21980030.00,2.30,1.37,0.19,0.75
2020-05-14,14.10,13.78,14.11,13.73,13123,18241816.00,2.70,-2.27,-0.32,0.63
2020-05-15,13.77,13.43,13.87,13.38,12286,16687129.00,3.56,-2.54,-0.35,0.59
2020-05-18,13.54,13.68,13.77,13.44,15962,21762559.00,2.46,1.86,0.25,0.77
2020-05-19,13.77,13.95,13.98,13.66,14345,19783793.00,2.34,1.97,0.27,0.69
2020-05-20,13.89,13.92,14.01,13.80,12459,17353171.00,1.51,-0.22,-0.03,0.60
2020-05-21,13.87,13.80,13.98,13.73,4472,6181422.00,1.80,-0.86,-0.12,0.21
2020-05-22,13.80,13.63,13.80,13.44,8595,11669148.00,2.61,-1.23,-0.17,0.41
2020-05-25,13.61,13.86,13.94,13.50,10465,14416464.00,3.23,1.69,0.23,0.50
2020-05-26,13.85,14.18,14.35,13.85,15766,22338968.00,3.61,2.31,0.32,0.76
2020-05-27,14.25,13.98,14.25,13.91,7163,10056785.00,2.40,-1.41,-0.20,0.34
2020-05-28,13.98,14.05,14.15,13.85,8918,12499740.00,2.15,0.50,0.07,0.43
2020-05-29,14.04,14.10,14.23,13.94,13025,18401598.00,2.06,0.36,0.05,0.63
2020-06-01,14.08,14.18,14.23,14.02,14477,20464093.00,1.49,0.57,0.08,0.70
2020-06-02,14.15,14.10,14.21,14.05,9061,12805599.00,1.13,-0.56,-0.08,0.44
2020-06-03,14.11,14.10,14.18,14.05,8086,11419808.00,0.92,0.00,0.00,0.39
2020-06-04,14.12,14.29,14.38,14.02,17479,24754666.00,2.55,1.35,0.19,0.84
2020-06-05,14.28,14.39,15.18,14.16,48385,70763214.00,7.14,0.70,0.10,2.32
2020-06-08,14.41,14.01,14.41,14.01,25157,35466834.00,2.78,-2.64,-0.38,1.21
2020-06-09,13.95,14.14,14.38,13.94,17910,25379684.00,3.14,0.93,0.13,0.86
2020-06-10,14.10,14.30,14.50,13.96,19973,28498709.00,3.82,1.13,0.16,0.96
2020-06-11,14.34,14.20,14.48,14.03,19291,27476303.00,3.15,-0.70,-0.10,0.93
2020-06-12,14.02,13.97,14.18,13.86,16019,22383144.00,2.25,-1.62,-0.23,0.77
2020-06-15,13.98,13.95,14.05,13.85,8730,12175885.00,1.43,-0.14,-0.02,0.42
2020-06-16,14.02,14.00,14.08,13.89,10998,15330446.00,1.36,0.36,0.05,0.53
2020-06-17,13.96,14.25,14.50,13.85,19196,26975039.00,4.64,1.79,0.25,0.92
2020-06-18,14.16,14.14,14.36,14.10,23754,33786022.00,1.82,-0.77,-0.11,1.14
2020-06-19,14.09,14.14,14.25,14.06,7245,10247390.00,1.34,0.00,0.00,0.35
2020-06-22,15.37,14.61,15.54,14.56,54944,81743933.00,6.93,3.32,0.47,2.64
2020-06-23,14.45,14.40,14.73,14.14,29021,41764231.00,4.04,-1.44,-0.21,1.39
2020-06-24,14.39,14.07,14.39,14.06,18045,25542204.00,2.29,-2.29,-0.33,0.87
2020-06-29,14.02,13.85,14.05,13.78,12696,17618280.00,1.92,-1.56,-0.22,0.61
2020-06-30,13.88,13.99,14.13,13.86,12332,17236282.00,1.95,1.01,0.14,0.59
2020-07-01,14.00,14.01,14.15,13.91,15713,21997720.00,1.72,0.14,0.02,0.75
2020-07-02,14.01,14.10,14.15,13.99,13031,18344931.00,1.14,0.64,0.09,0.63
2020-07-03,14.10,14.28,14.35,14.04,16348,23261683.00,2.20,1.28,0.18,0.79
2020-07-06,14.26,14.63,14.69,14.22,25466,36985465.00,3.29,2.45,0.35,1.22
2020-07-07,14.66,14.62,14.96,14.50,26569,38962273.00,3.14,-0.07,-0.01,1.28
2020-07-08,14.62,14.78,14.96,14.52,24850,36615141.00,3.01,1.09,0.16,1.19
2020-07-09,14.76,14.99,15.15,14.70,33284,49734182.00,3.04,1.42,0.21,1.60
2020-07-10,14.92,14.87,15.13,14.81,25909,38740158.00,2.13,-0.80,-0.12,1.24
2020-07-13,14.91,15.13,15.21,14.85,29831,44890999.00,2.42,1.75,0.26,1.43
2020-07-14,15.14,14.96,15.24,14.74,24008,36001321.00,3.30,-1.12,-0.17,1.15
2020-07-15,14.95,14.60,15.09,14.36,21260,31071820.00,4.88,-2.41,-0.36,1.02
2020-07-16,14.59,14.24,14.96,14.22,29376,42326275.00,5.07,-2.47,-0.36,1.41
2020-07-17,14.25,14.22,14.59,14.08,12955,18446779.00,3.58,-0.14,-0.02,0.62
2020-07-20,14.19,14.88,14.88,14.19,22628,32966339.00,4.85,4.64,0.66,1.09
2020-07-21,14.88,15.02,15.10,14.79,20574,30834224.00,2.08,0.94,0.14,0.99
2020-07-22,14.94,14.88,15.16,14.78,16049,23980068.00,2.53,-0.93,-0.14,0.77
2020-07-23,14.88,14.90,15.00,14.61,16177,23950641.00,2.62,0.13,0.02,0.78
2020-07-24,14.90,14.73,15.03,14.50,18742,27645390.00,3.56,-1.14,-0.17,0.90
2020-07-27,15.80,14.90,15.80,14.90,44876,68466730.00,6.11,1.15,0.17,2.16
2020-07-28,14.81,14.72,15.27,14.55,18451,27132864.00,4.83,-1.21,-0.18,0.89
2020-07-29,14.70,15.05,15.15,14.60,16180,24034022.00,3.74,2.24,0.33,0.78
2020-07-30,15.05,14.83,15.14,14.80,11214,16747452.00,2.26,-1.46,-0.22,0.54
2020-07-31,14.82,15.19,15.60,14.73,37268,57029310.00,5.87,2.43,0.36,1.79
2020-08-03,15.20,15.18,15.30,15.07,23765,36016070.00,1.51,-0.07,-0.01,1.14
2020-08-04,15.38,15.05,15.38,15.04,17222,26123020.00,2.24,-0.86,-0.13,0.83
2020-08-05,15.08,15.09,15.20,14.88,15926,23914163.00,2.13,0.27,0.04,0.76
2020-08-06,15.05,14.97,15.24,14.83,15221,22764976.00,2.72,-0.80,-0.12,0.73
2020-08-07,14.95,15.49,15.60,14.87,36516,55851228.00,4.88,3.47,0.52,1.75
2020-08-10,15.38,15.93,16.07,15.31,37975,59887024.00,4.91,2.84,0.44,1.82
2020-08-11,15.83,15.52,16.12,15.50,23683,37242426.00,3.89,-2.57,-0.41,1.14
2020-08-12,15.43,15.38,15.58,15.08,13871,21183190.00,3.22,-0.90,-0.14,0.67
2020-08-13,15.38,15.43,15.67,15.37,9385,14525921.00,1.95,0.33,0.05,0.45
2020-08-14,15.41,15.56,15.85,15.10,18061,27781775.00,4.86,0.84,0.13,0.87
2020-08-17,15.57,16.01,16.10,15.43,21777,34498579.00,4.31,2.89,0.45,1.05
2020-08-18,15.94,16.10,16.29,15.83,18552,29798629.00,2.87,0.56,0.09,0.89
2020-08-19,16.20,15.71,16.20,15.62,10230,16236569.00,3.60,-2.42,-0.39,0.49
2020-08-20,15.53,16.75,16.88,15.50,36722,60346269.00,8.78,6.62,1.04,1.76
2020-08-21,16.79,16.78,17.18,16.55,23336,39228973.00,3.76,0.18,0.03,1.12
2020-08-24,16.78,17.25,17.44,16.52,25844,43832313.00,5.48,2.80,0.47,1.24
2020-08-25,17.40,18.01,18.19,17.17,97160,174497096.00,5.91,4.41,0.76,4.67
2020-08-26,17.80,19.61,19.68,17.51,66554,125703577.00,12.05,8.88,1.60,3.20
2020-08-27,19.40,19.62,20.24,19.40,101731,201325692.00,4.28,0.05,0.01,4.89
2020-08-28,19.41,19.15,19.90,18.82,47215,90840160.00,5.50,-2.40,-0.47,2.27
2020-08-31,19.15,20.38,20.50,19.02,83322,165806722.00,7.73,6.42,1.23,4.00
2020-09-01,20.20,21.17,21.27,19.98,56151,115470021.00,6.33,3.88,0.79,2.70
2020-09-02,21.26,21.38,22.00,21.15,85320,184706417.00,4.02,0.99,0.21,4.10
2020-09-03,21.36,22.22,22.72,21.28,46934,103925440.00,6.74,3.93,0.84,2.25
2020-09-04,21.83,21.63,22.21,21.30,40644,87823094.00,4.10,-2.66,-0.59,1.95
2020-09-07,21.65,20.83,21.79,20.71,45946,97209601.00,4.99,-3.70,-0.80,2.21
2020-09-08,20.86,20.32,21.16,20.25,35890,73780744.00,4.37,-2.45,-0.51,1.72
2020-09-09,20.50,20.11,20.77,20.06,25117,51203385.00,3.49,-1.03,-0.21,1.21
2020-09-10,20.14,20.32,20.99,19.77,31167,63492277.00,6.07,1.04,0.21,1.50
2020-09-11,20.38,20.68,20.96,20.27,18290,37719439.00,3.40,1.77,0.36,0.88
2020-09-14,20.86,21.22,21.39,20.40,22669,47041269.00,4.79,2.61,0.54,1.09
2020-09-15,21.12,21.33,21.78,20.73,33750,72117432.00,4.95,0.52,0.11,1.62
2020-09-16,21.35,21.88,22.00,21.08,21788,47194903.00,4.31,2.58,0.55,1.05
2020-09-17,21.88,21.71,22.19,21.40,16889,36751621.00,3.61,-0.78,-0.17,0.81
2020-09-18,21.62,21.81,21.97,21.50,15146,32839662.00,2.16,0.46,0.10,0.73
2020-09-21,21.81,21.91,22.29,21.52,13435,29402936.00,3.53,0.46,0.10,0.65
2020-09-22,21.91,22.45,22.68,21.66,28028,62065078.00,4.66,2.46,0.54,1.35
2020-09-23,22.69,22.65,23.06,22.42,22558,51065950.00,2.85,0.89,0.20,1.08
2020-09-24,22.98,22.00,22.98,21.21,38486,84315546.00,7.81,-2.87,-0.65,1.85
2020-09-25,21.73,21.28,21.73,20.13,39312,81858038.00,7.27,-3.27,-0.72,1.89
2020-09-28,21.00,21.00,21.37,20.52,23191,48442255.00,3.99,-1.32,-0.28,1.11
2020-09-29,21.01,21.48,21.74,20.80,15289,32583016.00,4.48,2.29,0.48,0.73
2020-09-30,21.48,21.51,21.68,21.20,11279,24252372.00,2.23,0.14,0.03,0.54
2020-10-09,21.56,21.53,21.83,20.98,16989,36058647.00,3.95,0.09,0.02,0.82
2020-10-12,21.50,21.98,22.86,21.42,32343,71430095.00,6.69,2.09,0.45,1.55
2020-10-13,21.81,21.71,22.03,21.35,16220,35013098.00,3.09,-1.23,-0.27,0.78
2020-10-14,21.65,21.48,21.89,21.20,10934,23450917.00,3.18,-1.06,-0.23,0.53
2020-10-15,21.30,21.10,21.50,20.91,13277,28080023.00,2.75,-1.77,-0.38,0.64
2020-10-16,21.00,21.16,21.57,20.80,9017,18943261.00,3.65,0.28,0.06,0.43
2020-10-19,21.20,20.27,21.49,20.10,32595,67663962.00,6.57,-4.21,-0.89,1.57
2020-10-20,20.26,20.54,20.95,20.10,20819,42978114.00,4.19,1.33,0.27,1.00
2020-10-21,20.77,20.05,20.88,19.73,26049,52440202.00,5.60,-2.39,-0.49,1.25
2020-10-22,20.00,19.50,20.11,19.30,22498,43921079.00,4.04,-2.74,-0.55,1.08
2020-10-23,19.50,19.97,19.99,19.30,16738,32799157.00,3.54,2.41,0.47,0.80
2020-10-26,19.90,19.55,19.96,18.81,45123,87246304.00,5.76,-2.10,-0.42,2.17
2020-10-27,19.55,20.10,20.30,19.35,16409,32619910.00,4.86,2.81,0.55,0.79
2020-10-28,20.55,20.20,20.55,20.03,10913,22051719.00,2.59,0.50,0.10,0.52
2020-10-29,20.10,19.89,20.45,19.63,21045,41730005.00,4.06,-1.53,-0.31,1.01
2020-10-30,19.98,19.90,19.98,19.44,16670,32783091.00,2.71,0.05,0.01,0.80
2020-11-02,19.80,20.29,20.44,19.61,22519,45038437.00,4.17,1.96,0.39,1.08
2020-11-03,20.29,20.28,20.48,19.91,12854,25792894.00,2.81,-0.05,-0.01,0.62
2020-11-04,20.02,20.97,20.97,19.86,15521,31622595.00,5.47,3.40,0.69,0.75
2020-11-05,20.97,21.22,21.50,20.68,17593,37062055.00,3.91,1.19,0.25,0.85
2020-11-06,21.20,20.80,21.20,20.43,9618,19870107.00,3.63,-1.98,-0.42,0.46
2020-11-09,20.73,20.58,20.88,20.34,10012,20531697.00,2.60,-1.06,-0.22,0.48
2020-11-10,20.54,20.52,20.80,20.21,7933,16231987.00,2.87,-0.29,-0.06,0.38
2020-11-11,20.48,20.71,20.77,20.14,9490,19448450.00,3.07,0.93,0.19,0.46
2020-11-12,20.68,21.55,21.69,20.68,34136,73141409.00,4.88,4.06,0.84,1.64
2020-11-13,21.65,22.32,22.50,21.54,35074,77780909.00,4.45,3.57,0.77,1.68
2020-11-16,22.46,23.19,23.32,22.31,25552,58763980.00,4.53,3.90,0.87,1.23
2020-11-17,23.37,23.20,23.47,22.92,16398,38061551.00,2.37,0.04,0.01,0.79
2020-11-18,23.52,23.20,23.88,22.60,41528,95800868.00,5.52,0.00,0.00,1.99
2020-11-19,23.20,20.88,23.42,20.88,239076,528610320.00,10.95,-10.00,-2.32,11.48
2020-11-20,18.79,18.79,18.79,18.79,2648,4975592.00,0.00,-10.01,-2.09,0.13
2020-11-23,16.91,17.98,18.75,16.91,195409,337035616.00,9.79,-4.31,-0.81,9.39
2020-11-24,17.40,17.36,17.60,17.23,44629,77313728.00,2.06,-3.45,-0.62,2.14
2020-11-25,17.42,17.36,17.52,17.02,45918,79327367.00,2.88,0.00,0.00,2.21
2020-11-26,17.30,17.33,17.42,17.10,27981,48230289.00,1.84,-0.17,-0.03,1.34
2020-11-27,17.32,17.32,17.40,17.00,27366,46873119.00,2.31,-0.06,-0.01,1.31
2020-11-30,17.30,17.13,17.31,17.02,25205,43142358.00,1.67,-1.10,-0.19,1.21
2020-12-01,17.10,17.17,17.28,17.05,21904,37566059.00,1.34,0.23,0.04,1.05
2020-12-02,17.18,17.38,17.48,17.07,19601,33946431.00,2.39,1.22,0.21,0.94
2020-12-03,17.38,17.70,17.98,17.30,51693,90772821.00,3.91,1.84,0.32,2.48
2020-12-04,17.68,18.13,18.46,17.55,34020,61573846.00,5.14,2.43,0.43,1.63
2020-12-07,18.14,18.16,18.43,18.05,15663,28530187.00,2.10,0.17,0.03,0.75
2020-12-08,18.35,18.18,18.35,18.01,12875,23398882.00,1.87,0.11,0.02,0.62
2020-12-09,18.22,18.20,18.42,18.07,12261,22357703.00,1.93,0.11,0.02,0.59
2020-12-10,18.30,18.33,18.40,18.11,12896,23540570.00,1.59,0.71,0.13,0.62
2020-12-11,18.34,18.38,18.79,18.29,49108,90765750.00,2.73,0.27,0.05,2.36
2020-12-14,18.37,18.38,18.68,18.10,11432,20917585.00,3.16,0.00,0.00,0.55
2020-12-15,18.39,18.58,19.00,18.38,18222,33831770.00,3.37,1.09,0.20,0.88
2020-12-16,18.58,16.72,18.62,16.72,41473,74757269.00,10.23,-10.01,-1.86,1.99
2020-12-17,15.05,15.05,15.05,15.05,2832,4262160.00,0.00,-9.99,-1.67,0.14
2021-01-04,13.55,13.55,13.55,13.55,2655,3597525.00,0.00,-9.97,-1.50,0.13
2021-01-05,12.20,12.20,12.20,12.20,2452,2991440.00,0.00,-9.96,-1.35,0.12
2021-01-06,10.98,10.98,10.98,10.98,2498,2742804.00,0.00,-10.00,-1.22,0.12
2021-01-07,9.88,9.88,9.88,9.88,8060,7963280.00,0.00,-10.02,-1.10,0.39
2021-01-08,8.89,8.89,8.89,8.89,6843,6083427.00,0.00,-10.02,-0.99,0.33
2021-01-11,8.00,8.91,8.92,8.00,490510,396960816.00,10.35,0.22,0.02,23.56
2021-01-12,8.02,8.02,8.20,8.02,312353,251185858.00,2.02,-9.99,-0.89,15.00
2021-01-13,7.91,7.90,8.16,7.82,159260,126874481.00,4.24,-1.50,-0.12,7.65
2021-01-14,7.80,7.89,7.92,7.50,153289,118225294.00,5.32,-0.13,-0.01,7.36
2021-01-15,7.87,8.07,8.13,7.78,149559,119847267.00,4.44,2.28,0.18,7.18
2021-01-18,7.99,8.31,8.81,7.98,143378,120222896.00,10.29,2.97,0.24,6.89
2021-01-19,8.21,8.38,8.64,8.21,129068,109409894.00,5.17,0.84,0.07,6.20
2021-01-20,8.34,8.25,8.57,8.21,101607,84913570.00,4.30,-1.55,-0.13,4.88
2021-01-21,8.22,8.38,8.38,8.14,86522,71621550.00,2.91,1.58,0.13,4.16
2021-01-22,8.36,8.13,8.47,7.95,98608,80080819.00,6.21,-2.98,-0.25,4.74
2021-01-25,8.12,7.90,8.17,7.76,74161,58820358.00,5.04,-2.83,-0.23,3.56
2021-01-26,7.86,7.93,8.04,7.76,52723,41745401.00,3.54,0.38,0.03,2.53
2021-01-27,7.85,8.40,8.58,7.71,106032,86014793.00,10.97,5.93,0.47,5.09
2021-01-28,8.20,7.96,8.39,7.92,125471,101282190.00,5.60,-5.24,-0.44,6.03
2021-01-29,8.00,7.73,8.03,7.58,68136,52926049.00,5.65,-2.89,-0.23,3.27
2021-02-01,7.15,7.56,7.73,7.15,94213,70203575.00,7.50,-2.20,-0.17,4.53
2021-02-02,7.55,7.67,7.83,7.40,65220,49813393.00,5.69,1.46,0.11,3.13
2021-02-03,7.70,7.31,7.70,7.31,64431,47784270.00,5.08,-4.69,-0.36,3.09
2021-02-04,7.27,6.83,7.27,6.78,73721,51205637.00,6.70,-6.57,-0.48,3.54
2021-02-05,6.83,6.68,6.99,6.67,41930,28518000.00,4.69,-2.20,-0.15,2.01
2021-02-08,6.68,6.67,6.89,6.61,49705,33451871.00,4.19,-0.15,-0.01,2.39
2021-02-09,6.67,6.76,6.81,6.66,28927,19503440.00,2.25,1.35,0.09,1.39
2021-02-10,6.72,6.73,6.86,6.70,34463,23300732.00,2.37,-0.44,-0.03,1.66
2021-02-18,6.76,7.00,7.09,6.76,75496,52552824.00,4.90,4.01,0.27,3.63
2021-02-19,7.03,7.47,7.49,6.98,65705,48058423.00,7.29,6.71,0.47,3.16
2021-02-22,7.61,7.70,7.94,7.53,78264,60703991.00,5.49,3.08,0.23,3.76
2021-02-23,7.79,7.48,7.93,7.45,55589,42336130.00,6.23,-2.86,-0.22,2.67
2021-02-24,7.58,7.93,8.15,7.50,109455,86497142.00,8.69,6.02,0.45,5.26
2021-02-25,7.95,8.19,8.33,7.72,117669,94936929.00,7.69,3.28,0.26,5.65
2021-02-26,8.04,8.80,8.88,7.95,164077,138095451.00,11.36,7.45,0.61,7.88
2021-03-01,8.74,9.68,9.68,8.50,176404,160786661.00,13.41,10.00,0.88,8.47
2021-03-02,10.09,8.86,10.32,8.85,300797,283635136.00,15.19,-8.47,-0.82,14.45
2021-03-03,8.53,8.88,9.14,8.36,189497,163984976.00,8.80,0.23,0.02,9.10
2021-03-04,8.69,9.31,9.68,8.65,227991,212446732.00,11.60,4.84,0.43,10.95
2021-03-05,9.26,9.53,9.91,9.18,212457,202744910.00,7.84,2.36,0.22,10.21
2021-03-08,9.31,10.48,10.48,9.20,228294,225313075.00,13.43,9.97,0.95,10.97
2021-03-09,10.40,10.52,11.33,9.69,359394,383797680.00,15.65,0.38,0.04,17.26
2021-03-10,10.00,9.47,10.29,9.47,186534,181589244.00,7.79,-9.98,-1.05,8.96
2021-03-11,8.81,9.02,9.45,8.52,217771,192008585.00,9.82,-4.75,-0.45,10.46
2021-03-12,8.90,9.92,9.92,8.85,251357,241983428.00,11.86,9.98,0.90,12.07
2021-03-15,10.00,9.39,10.17,9.28,236266,227660418.00,8.97,-5.34,-0.53,11.35
2021-03-16,9.38,9.74,9.80,9.20,188250,179647940.00,6.39,3.73,0.35,9.04
2021-03-17,9.76,10.00,10.33,9.62,188340,187988870.00,7.29,2.67,0.26,9.05
2021-03-18,9.78,9.58,9.88,9.52,120967,116733237.00,3.60,-4.20,-0.42,5.81
2021-03-19,9.41,9.36,9.80,9.25,123881,117362119.00,5.74,-2.30,-0.22,5.95
2021-03-22,9.36,9.01,9.36,8.95,117372,106750383.00,4.38,-3.74,-0.35,5.64
2021-03-23,9.01,8.39,9.04,8.35,135105,116128896.00,7.66,-6.88,-0.62,6.49
2021-03-24,8.27,7.88,8.36,7.77,181001,145399335.00,7.03,-6.08,-0.51,8.69
2021-03-25,7.82,7.93,8.15,7.79,112826,89616178.00,4.57,0.63,0.05,5.42
2021-03-26,7.93,7.93,8.10,7.78,91672,72778938.00,4.04,0.00,0.00,4.40
2021-03-29,7.90,7.77,7.95,7.74,89947,70488479.00,2.65,-2.02,-0.16,4.32
2021-03-30,7.77,7.52,7.78,7.48,95595,72424028.00,3.86,-3.22,-0.25,4.59
2021-03-31,7.52,7.91,7.97,7.52,143247,112110018.00,5.98,5.19,0.39,6.88
2021-04-01,7.85,8.34,8.59,7.73,205068,168185043.00,10.87,5.44,0.43,9.85
2021-04-02,8.28,8.01,8.34,8.00,150729,122155300.00,4.08,-3.96,-0.33,7.24
2021-04-06,7.92,8.08,8.10,7.81,97265,77882925.00,3.62,0.87,0.07,4.67
2021-04-07,8.02,8.24,8.42,7.96,137796,113126735.00,5.69,1.98,0.16,6.62
2021-04-08,8.23,8.30,8.65,8.08,182623,152523809.00,6.92,0.73,0.06,8.77
2021-04-09,8.42,8.01,8.42,7.97,124339,100869329.00,5.42,-3.49,-0.29,5.97
2021-04-12,7.93,7.84,8.10,7.82,82225,65405253.00,3.50,-2.12,-0.17,3.95
2021-04-13,7.83,7.66,7.87,7.64,68864,53267881.00,2.93,-2.30,-0.18,3.31
2021-04-14,7.67,7.70,7.74,7.58,44765,34386720.00,2.09,0.52,0.04,2.15
2021-04-15,7.63,7.58,7.71,7.57,48422,37013146.00,1.82,-1.56,-0.12,2.33
2021-04-16,7.58,8.01,8.20,7.56,113195,90022308.00,8.44,5.67,0.43,5.44
2021-04-19,8.05,8.02,8.20,7.98,93941,75892494.00,2.75,0.12,0.01,4.51
2021-04-20,8.02,7.95,8.17,7.91,59898,48066909.00,3.24,-0.87,-0.07,2.88
2021-04-21,7.90,7.74,7.95,7.70,49558,38699904.00,3.14,-2.64,-0.21,2.38
2021-04-22,7.71,7.75,7.96,7.69,49282,38394437.00,3.49,0.13,0.01,2.37
2021-04-23,7.77,7.52,7.79,7.41,65062,49020568.00,4.90,-2.97,-0.23,3.13
2021-04-26,7.51,7.30,7.52,7.27,58511,43171418.00,3.32,-2.93,-0.22,2.81
2021-04-27,7.27,7.16,7.30,7.08,44894,32114141.00,3.01,-1.92,-0.14,2.16
2021-04-28,7.26,7.14,7.26,7.10,35428,25354392.00,2.23,-0.28,-0.02,1.70
2021-04-29,7.18,7.17,7.34,7.03,57427,41277069.00,4.34,0.42,0.03,2.76
2021-04-30,7.18,7.03,7.18,6.92,49394,34711557.00,3.63,-1.95,-0.14,2.37
2021-05-06,7.03,7.11,7.23,6.97,38354,27296418.00,3.70,1.14,0.08,1.84
2021-05-07,7.14,7.11,7.20,6.97,40844,28925150.00,3.23,0.00,0.00,1.96
2021-05-10,7.10,7.15,7.21,7.08,36072,25773021.00,1.83,0.56,0.04,1.73
2021-05-11,7.15,7.26,7.38,7.13,45225,32704025.00,3.50,1.54,0.11,2.17
2021-05-12,7.15,7.20,7.24,6.95,52049,36959979.00,3.99,-0.83,-0.06,2.50
2021-05-13,7.12,7.23,7.31,7.12,49228,35601760.00,2.64,0.42,0.03,2.36
2021-05-14,7.25,7.24,7.35,7.20,49480,36024944.00,2.07,0.14,0.01,2.38
2021-05-17,7.20,6.95,7.22,6.91,65814,46050849.00,4.28,-4.01,-0.29,3.16
2021-05-18,6.96,7.02,7.03,6.92,29078,20284745.00,1.58,1.01,0.07,1.40
2021-05-19,7.00,7.00,7.12,6.95,31703,22221584.00,2.42,-0.28,-0.02,1.52
2021-05-20,6.99,6.86,6.99,6.81,39310,27015697.00,2.57,-2.00,-0.14,1.89
2021-05-21,6.86,6.96,7.08,6.80,45765,31946920.00,4.08,1.46,0.10,2.20
2021-05-24,6.93,6.97,7.05,6.92,27724,19349933.00,1.87,0.14,0.01,1.33
2021-05-25,6.94,6.94,6.97,6.86,28158,19470075.00,1.58,-0.43,-0.03,1.35
2021-05-26,6.94,7.05,7.10,6.90,48289,33929743.00,2.88,1.59,0.11,2.32
2021-05-27,7.04,7.16,7.18,7.01,36887,26263614.00,2.41,1.56,0.11,1.77
2021-05-28,7.16,7.14,7.20,7.11,33639,24036763.00,1.26,-0.28,-0.02,1.62
2021-05-31,7.14,7.16,7.18,7.08,30296,21623050.00,1.40,0.28,0.02,1.46
2021-06-01,7.15,7.30,7.42,7.10,65563,47890206.00,4.47,1.96,0.14,3.15
2021-06-02,7.30,7.38,7.51,7.22,72722,53644178.00,3.97,1.10,0.08,3.49
2021-06-03,7.39,7.40,7.44,7.27,49030,36187515.00,2.30,0.27,0.02,2.36
2021-06-04,7.35,7.34,7.43,7.30,41962,30901091.00,1.76,-0.81,-0.06,2.02
2021-06-07,7.34,7.27,7.34,7.25,37971,27635384.00,1.23,-0.95,-0.07,1.82
2021-06-08,7.24,7.28,7.32,7.22,26603,19316597.00,1.38,0.14,0.01,1.28
2021-06-09,7.25,7.57,7.87,7.25,101478,76292474.00,8.52,3.98,0.29,4.87
2021-06-10,7.55,7.47,7.64,7.41,63670,47632831.00,3.04,-1.32,-0.10,3.06
2021-06-11,7.77,8.22,8.22,7.76,135749,110366201.00,6.16,10.04,0.75,6.52
2021-06-15,8.63,8.12,8.88,8.02,329480,279453616.00,10.46,-1.22,-0.10,15.83
2021-06-16,7.79,7.72,8.07,7.68,162846,127337032.00,4.80,-4.93,-0.40,7.82
2021-06-17,7.73,7.69,7.96,7.52,106449,81866453.00,5.70,-0.39,-0.03,5.11
2021-06-18,7.57,7.63,7.86,7.54,73196,55922360.00,4.16,-0.78,-0.06,3.52
2021-06-21,7.65,7.59,7.67,7.55,63087,47958723.00,1.57,-0.52,-0.04,3.03
2021-06-22,7.55,7.55,7.67,7.54,63732,48316503.00,1.71,-0.53,-0.04,3.06
2021-06-23,7.55,7.50,7.57,7.43,63799,47692776.00,1.85,-0.66,-0.05,3.06
2021-06-24,7.51,7.71,7.78,7.45,92628,70334382.00,4.40,2.80,0.21,4.45
2021-06-25,7.73,7.85,8.15,7.67,117797,92758533.00,6.23,1.82,0.14,5.66
2021-06-28,7.79,7.69,7.79,7.56,63095,48279813.00,2.93,-2.04,-0.16,3.03
2021-06-29,7.60,7.54,7.66,7.50,49708,37586538.00,2.08,-1.95,-0.15,2.39
2021-06-30,7.49,7.47,7.56,7.37,50215,37446645.00,2.52,-0.93,-0.07,2.41
2021-07-01,7.45,7.29,7.52,7.27,41803,31025078.00,3.35,-2.41,-0.18,2.01
2021-07-02,7.27,7.37,7.38,7.22,37332,27276192.00,2.19,1.10,0.08,1.79
2021-07-05,7.37,7.55,7.63,7.34,50050,37559805.00,3.93,2.44,0.18,2.40
2021-07-06,7.50,7.67,7.68,7.50,50370,38303173.00,2.38,1.59,0.12,2.42
2021-07-07,7.61,7.65,7.75,7.57,44525,34127426.00,2.35,-0.26,-0.02,2.14
2021-07-08,7.63,7.72,7.83,7.56,60424,46430292.00,3.53,0.92,0.07,2.90
2021-07-09,7.69,7.87,8.00,7.65,77429,60828797.00,4.53,1.94,0.15,3.72
2021-07-12,7.87,7.78,8.05,7.77,68587,54078092.00,3.56,-1.14,-0.09,3.29
2021-07-13,7.78,7.97,8.04,7.71,69014,54682232.00,4.24,2.44,0.19,3.32
2021-07-14,8.05,8.77,8.77,8.05,75593,65188671.00,9.03,10.04,0.80,3.63
2021-07-15,8.60,7.97,8.60,7.89,219548,179121305.00,8.10,-9.12,-0.80,10.55
2021-07-16,7.85,8.01,8.32,7.71,165495,132415499.00,7.65,0.50,0.04,7.95
