2017-10-27,11.84,11.84,11.84,11.84,35,41582.00,0.00,10.04,1.08,0.01
2017-10-30,13.02,13.02,13.02,13.02,67,87234.00,0.00,9.97,1.18,0.02
2017-10-31,14.32,14.32,14.32,14.32,72,103075.00,0.00,9.98,1.30,0.02
2017-11-01,15.75,15.75,15.75,15.75,54,85176.00,0.00,9.99,1.43,0.02
2017-11-02,17.33,17.33,17.33,17.33,103,178499.00,0.00,10.03,1.58,0.03
2017-11-03,19.06,19.06,19.06,19.06,256,488355.00,0.00,9.98,1.73,0.09
2017-11-06,20.97,20.97,20.97,20.97,425,891392.00,0.00,10.02,1.91,0.14
2017-11-07,23.07,23.07,23.07,23.07,705,1626388.00,0.00,10.01,2.10,0.23
2017-11-10,25.38,25.38,25.38,25.38,1501,3810223.00,0.00,10.01,2.31,0.50
2017-11-13,27.92,27.92,27.92,27.92,1894,5288662.00,0.00,10.01,2.54,0.63
2017-11-14,30.71,30.71,30.71,30.71,2710,8323362.00,0.00,9.99,2.79,0.90
2017-11-15,32.88,28.37,32.90,28.30,162531,478507280.00,14.98,-7.62,-2.34,54.18
2017-11-16,27.33,26.43,28.31,25.63,124241,334245552.00,9.45,-6.84,-1.94,41.41
2017-11-17,26.37,23.95,26.59,23.89,86558,218528728.00,10.22,-9.38,-2.48,28.85
2017-11-20,23.52,23.67,24.00,22.72,53165,124662124.00,5.34,-1.17,-0.28,17.72
2017-11-21,23.62,23.31,23.70,22.02,74495,170543776.00,7.10,-1.52,-0.36,24.83
2017-11-22,23.02,22.90,23.70,22.51,58080,134593311.00,5.11,-1.76,-0.41,19.36
2017-11-23,22.60,22.98,23.52,22.01,68064,155398764.00,6.59,0.35,0.08,22.69
2017-11-24,22.31,21.42,22.88,21.35,52404,116251512.00,6.66,-6.79,-1.56,17.47
2017-11-27,21.16,20.85,21.87,20.80,32063,67837022.00,5.00,-2.66,-0.57,10.69
2017-11-28,21.06,21.19,21.41,20.92,31596,66871448.00,2.35,1.63,0.34,10.53
2017-11-29,21.26,20.90,21.26,20.07,40704,83873889.00,5.62,-1.37,-0.29,13.57
2017-11-30,20.88,21.15,21.47,20.68,50750,107098448.00,3.78,1.20,0.25,16.92
2017-12-01,20.90,20.92,21.20,20.60,33155,69398516.00,2.84,-1.09,-0.23,11.05
2017-12-04,20.70,18.90,20.70,18.88,55596,109585021.00,8.70,-9.66,-2.02,18.53
2017-12-05,18.86,18.15,19.16,17.86,35774,66319295.00,6.88,-3.97,-0.75,11.92
2017-12-06,18.22,18.50,18.60,18.05,23508,43144362.00,3.03,1.93,0.35,7.84
2017-12-07,18.49,18.56,18.84,18.26,22886,42323699.00,3.14,0.32,0.06,7.63
2017-12-08,18.45,19.02,19.27,18.41,33724,64001010.00,4.63,2.48,0.46,11.24
2017-12-11,18.98,19.23,19.37,18.90,29368,56232104.00,2.47,1.10,0.21,9.79
2017-12-12,19.23,19.30,19.55,19.00,35652,68684773.00,2.86,0.36,0.07,11.88
2017-12-13,19.10,20.61,21.10,19.03,59971,120841688.00,10.73,6.79,1.31,19.99
2017-12-14,20.30,20.31,20.55,20.00,32049,65027753.00,2.67,-1.46,-0.30,10.68
2017-12-15,20.11,20.58,20.66,19.90,30886,62598551.00,3.74,1.33,0.27,10.30
2017-12-18,20.54,21.40,21.49,20.05,51093,107156681.00,7.00,3.98,0.82,17.03
2017-12-19,21.49,21.00,21.49,20.69,36659,77184741.00,3.74,-1.87,-0.40,12.22
2017-12-20,20.73,20.49,20.99,20.27,24946,51087184.00,3.43,-2.43,-0.51,8.32
2017-12-21,20.47,19.92,20.47,19.41,29372,58447441.00,5.17,-2.78,-0.57,9.79
2017-12-22,19.83,19.26,20.18,19.00,28281,55432489.00,5.92,-3.31,-0.66,9.43
2017-12-25,19.03,19.53,19.66,18.65,28052,53659063.00,5.24,1.40,0.27,9.35
2017-12-26,19.44,20.73,20.93,19.29,45282,92489782.00,8.40,6.14,1.20,15.09
2017-12-27,20.47,20.47,21.45,20.45,50221,105181235.00,4.82,-1.25,-0.26,16.74
2017-12-28,20.50,22.52,22.52,20.35,45376,100244916.00,10.60,10.01,2.05,15.13
2017-12-29,23.86,21.97,24.77,21.88,144515,340556320.00,12.83,-2.44,-0.55,48.17
2018-01-02,20.96,22.47,22.85,20.95,100794,220708278.00,8.65,2.28,0.50,33.60
2018-01-03,21.98,21.40,21.98,21.00,76571,164129453.00,4.36,-4.76,-1.07,25.52
2018-01-04,21.40,21.10,21.60,20.91,49453,104681908.00,3.22,-1.40,-0.30,16.48
2018-01-05,21.07,21.01,21.35,20.83,39912,84216606.00,2.46,-0.43,-0.09,13.30
2018-01-08,20.91,21.74,21.86,20.69,51553,109337381.00,5.57,3.47,0.73,17.18
2018-01-09,21.68,22.60,22.96,21.55,93581,210104450.00,6.49,3.96,0.86,31.19
2018-01-10,22.20,21.86,22.31,21.21,56959,124442688.00,4.87,-3.27,-0.74,18.99
2018-01-11,21.37,22.91,23.60,21.11,83407,188922011.00,11.39,4.80,1.05,27.80
2018-01-12,22.85,24.21,24.87,22.65,112484,265589000.00,9.69,5.67,1.30,37.49
2018-01-15,23.67,24.03,25.37,22.90,112390,271777008.00,10.20,-0.74,-0.18,37.46
2018-01-16,23.00,25.89,26.40,22.83,127175,321003936.00,14.86,7.74,1.86,42.39
2018-01-17,25.45,25.12,27.25,24.81,121125,314093248.00,9.42,-2.97,-0.77,40.38
2018-01-18,24.36,25.18,25.78,24.03,75031,185845161.00,6.97,0.24,0.06,25.01
2018-01-19,24.60,23.48,25.65,23.32,75650,185068949.00,9.25,-6.75,-1.70,25.22
2018-01-22,22.94,22.12,23.20,21.33,53493,118759702.00,7.96,-5.79,-1.36,17.83
2018-01-23,22.31,22.44,22.50,22.08,28817,64344148.00,1.90,1.45,0.32,9.61
2018-01-24,22.44,22.83,23.17,22.21,37748,86050303.00,4.28,1.74,0.39,12.58
2018-01-25,22.79,23.83,24.25,22.40,66317,155913994.00,8.10,4.38,1.00,22.11
2018-01-26,23.30,22.70,23.79,22.50,39820,92081808.00,5.41,-4.74,-1.13,13.27
2018-01-29,22.88,23.48,23.58,22.55,38476,89253870.00,4.54,3.44,0.78,12.83
2018-01-30,23.48,24.79,25.27,23.30,82141,201507343.00,8.39,5.58,1.31,27.38
2018-01-31,23.70,23.57,24.19,23.08,58443,138400239.00,4.48,-4.92,-1.22,19.48
2018-02-01,23.99,21.50,24.50,21.21,49589,114740448.00,13.96,-8.78,-2.07,16.53
2018-02-02,20.92,19.35,20.92,19.35,54851,108996055.00,7.30,-10.00,-2.15,18.28
2018-02-05,18.59,17.95,18.94,17.60,39009,71686548.00,6.93,-7.24,-1.40,13.00
2018-02-06,17.20,16.70,18.34,16.67,32885,57763650.00,9.30,-6.96,-1.25,10.96
2018-02-07,17.35,17.45,17.80,16.32,34181,58696692.00,8.86,4.49,0.75,11.39
2018-02-08,17.30,17.74,17.98,17.28,22868,40602588.00,4.01,1.66,0.29,7.62
2018-02-09,17.22,16.80,17.53,16.50,22278,37920219.00,5.81,-5.30,-0.94,7.43
2018-02-12,17.20,17.42,17.55,16.90,17988,31203426.00,3.87,3.69,0.62,6.00
2018-02-13,17.75,17.27,17.75,17.27,19498,34038105.00,2.76,-0.86,-0.15,6.50
2018-02-14,17.27,16.94,17.46,16.85,13024,22133615.00,3.53,-1.91,-0.33,4.34
2018-02-22,17.16,17.31,17.36,17.02,12838,22135579.00,2.01,2.18,0.37,4.28
2018-02-23,17.28,17.82,17.91,17.22,20176,35419269.00,3.99,2.95,0.51,6.73
2018-02-26,18.01,18.40,18.58,18.01,26012,47586042.00,3.20,3.25,0.58,8.67
2018-02-27,18.48,18.41,18.59,18.07,28536,52431898.00,2.83,0.05,0.01,9.51
2018-02-28,18.22,18.16,18.23,17.60,24163,43389872.00,3.42,-1.36,-0.25,8.05
2018-03-01,17.67,18.29,18.36,17.67,17338,31596540.00,3.80,0.72,0.13,5.78
2018-03-02,18.18,17.82,18.37,17.74,18371,33075436.00,3.44,-2.57,-0.47,6.12
2018-03-05,17.80,18.28,18.32,17.75,17965,32476339.00,3.20,2.58,0.46,5.99
2018-03-06,18.30,19.14,19.93,18.28,47810,91576155.00,9.03,4.70,0.86,15.94
2018-03-07,18.99,19.15,19.42,18.63,33412,63567984.00,4.13,0.05,0.01,11.14
2018-03-08,19.16,19.45,19.48,19.06,34257,66126323.00,2.19,1.57,0.30,11.42
2018-03-09,19.42,20.01,20.18,19.23,37853,74819639.00,4.88,2.88,0.56,12.62
2018-03-12,19.97,20.21,20.58,19.70,41762,84168363.00,4.40,1.00,0.20,13.92
2018-03-13,20.30,19.31,20.30,19.31,31444,61988522.00,4.90,-4.45,-0.90,10.48
2018-03-14,19.30,19.40,19.78,19.20,21466,41986505.00,3.00,0.47,0.09,7.16
2018-03-15,19.10,18.19,19.11,17.71,36295,66690822.00,7.22,-6.24,-1.21,12.10
2018-03-16,18.11,18.53,18.85,18.11,22834,42433797.00,4.07,1.87,0.34,7.61
2018-03-19,18.51,19.17,19.38,18.47,22992,43974217.00,4.91,3.45,0.64,7.66
2018-03-20,19.08,19.71,19.76,18.86,30414,59193714.00,4.69,2.82,0.54,10.14
2018-03-21,19.70,19.34,20.18,19.30,34950,69235086.00,4.46,-1.88,-0.37,11.65
2018-03-22,18.66,19.71,19.97,18.27,52146,99031439.00,8.79,1.91,0.37,17.38
2018-03-23,18.89,17.74,19.10,17.74,39457,72483753.00,6.90,-9.99,-1.97,13.15
2018-03-26,17.00,17.52,17.63,16.32,32756,55553470.00,7.38,-1.24,-0.22,10.92
2018-03-27,17.60,18.24,18.50,17.60,32507,58685992.00,5.14,4.11,0.72,10.84
2018-03-28,17.90,18.37,18.59,17.70,26768,49155950.00,4.88,0.71,0.13,8.92
2018-03-29,18.22,20.21,20.21,18.22,81917,161934053.00,10.83,10.02,1.84,27.31
2018-03-30,21.50,20.84,21.78,20.27,108150,228092936.00,7.47,3.12,0.63,36.05
2018-04-02,20.57,20.90,21.31,20.34,79473,164836995.00,4.65,0.29,0.06,26.49
2018-04-03,20.22,20.29,20.48,20.00,46208,93392550.00,2.30,-2.92,-0.61,15.40
2018-04-04,20.50,19.82,20.79,19.80,38691,78619766.00,4.88,-2.32,-0.47,12.90
2018-04-09,19.44,20.53,20.58,19.44,41998,85170119.00,5.75,3.58,0.71,14.00
2018-04-10,20.54,20.85,20.98,19.96,53881,110780437.00,4.97,1.56,0.32,17.96
2018-04-11,20.86,22.08,22.90,20.45,97581,209604152.00,11.75,5.90,1.23,32.53
2018-04-12,21.63,21.10,21.98,20.86,55265,118131902.00,5.07,-4.44,-0.98,18.42
2018-04-13,21.22,20.40,21.45,20.34,35493,74130547.00,5.26,-3.32,-0.70,11.83
2018-04-16,19.98,20.20,20.33,19.75,29293,58578315.00,2.84,-0.98,-0.20,9.76
2018-04-17,20.20,19.32,20.58,19.32,28030,56445462.00,6.24,-4.36,-0.88,9.34
2018-04-18,19.50,19.86,20.00,18.02,31908,60663147.00,10.25,2.80,0.54,10.64
2018-04-19,19.78,18.84,19.85,18.72,24333,47274772.00,5.69,-5.14,-1.02,8.11
2018-04-20,18.80,17.74,19.19,17.00,29783,54308451.00,11.62,-5.84,-1.10,9.93
2018-04-23,17.59,18.10,18.14,17.31,16425,29396474.00,4.68,2.03,0.36,5.48
2018-04-24,17.95,19.22,19.28,17.95,28696,54097424.00,7.35,6.19,1.12,9.57
2018-04-25,19.12,19.13,19.64,18.89,20929,40136832.00,3.90,-0.47,-0.09,6.98
2018-04-26,19.74,18.67,20.03,18.66,26903,51887722.00,7.16,-2.40,-0.46,8.97
2018-04-27,18.66,18.82,19.20,18.30,14319,26898170.00,4.82,0.80,0.15,4.77
2018-05-02,18.95,18.39,19.32,18.03,12482,23172502.00,6.85,-2.28,-0.43,4.16
2018-05-03,18.28,18.95,18.98,18.02,12862,23953980.00,5.22,3.05,0.56,4.29
2018-05-04,18.95,18.69,19.12,18.65,10696,20141545.00,2.48,-1.37,-0.26,3.57
2018-05-07,18.63,19.30,19.37,18.63,18442,35338958.00,3.96,3.26,0.61,6.15
2018-05-08,19.30,19.50,19.68,19.10,18262,35395134.00,3.01,1.04,0.20,6.09
2018-05-09,19.54,19.90,20.30,19.39,28860,57376453.00,4.67,2.05,0.40,9.62
2018-05-10,19.94,20.36,20.46,19.65,36736,74170505.00,4.07,2.31,0.46,12.25
2018-05-11,20.20,20.21,20.59,20.08,30700,62426402.00,2.50,-0.74,-0.15,10.23
2018-05-14,20.07,20.05,20.53,19.71,23658,47208854.00,4.06,-0.79,-0.16,7.89
2018-05-15,19.82,20.72,20.99,19.70,31797,65210286.00,6.43,3.34,0.67,10.60
2018-05-16,20.48,20.18,20.77,20.15,20527,41954449.00,2.99,-2.61,-0.54,6.84
2018-05-17,20.17,20.85,22.14,20.14,59334,125103081.00,9.91,3.32,0.67,19.78
2018-05-18,20.84,21.04,21.26,20.10,39830,82864194.00,5.56,0.91,0.19,13.28
2018-05-21,20.92,21.58,21.89,20.92,37473,80378521.00,4.61,2.57,0.54,12.49
2018-05-22,21.62,22.81,23.56,21.27,73506,165297202.00,10.61,5.70,1.23,24.50
2018-05-23,22.42,23.05,23.41,22.36,64766,147866939.00,4.60,1.05,0.24,21.59
2018-05-24,22.84,22.52,23.12,22.41,32046,72770732.00,3.08,-2.30,-0.53,10.68
2018-05-25,22.46,22.54,23.20,22.16,50187,114286158.00,4.62,0.09,0.02,16.73
2018-05-28,15.99,15.56,16.36,15.33,42633,67296872.00,4.57,-30.97,-6.98,10.15
2018-05-29,15.30,15.00,15.97,14.92,41054,63666905.00,6.75,-3.60,-0.56,9.77
2018-05-30,15.35,15.00,16.50,14.71,160120,258122796.00,11.93,0.00,0.00,38.12
2018-05-31,13.90,14.29,14.48,13.51,137545,192907185.00,6.47,-4.73,-0.71,32.75
2018-06-01,13.95,13.55,14.29,13.00,81708,112903755.00,9.03,-5.18,-0.74,19.45
2018-06-04,13.61,13.89,13.99,13.61,44987,62201921.00,2.80,2.51,0.34,10.71
2018-06-05,13.90,14.37,14.68,13.89,49634,70799297.00,5.69,3.46,0.48,11.82
2018-06-06,14.90,14.70,15.68,14.53,66086,97718821.00,8.00,2.30,0.33,15.73
2018-06-07,15.22,16.17,16.17,15.20,120522,192062702.00,6.60,10.00,1.47,28.70
2018-06-08,15.35,16.10,16.23,15.14,153049,239288228.00,6.74,-0.43,-0.07,36.44
2018-06-11,15.63,15.23,15.95,15.00,90730,140851784.00,5.90,-5.40,-0.87,21.60
2018-06-12,15.14,14.70,15.28,14.01,81517,118843088.00,8.34,-3.48,-0.53,19.41
2018-06-13,14.47,14.00,14.64,13.88,54922,78135239.00,5.17,-4.76,-0.70,13.08
2018-06-14,14.08,15.40,15.40,13.90,87240,130778690.00,10.71,10.00,1.40,20.77
2018-06-15,15.67,14.65,15.88,14.10,117038,174789669.00,11.56,-4.87,-0.75,27.87
2018-06-19,14.70,16.12,16.12,14.15,247076,392978672.00,13.45,10.03,1.47,58.83
2018-06-20,16.88,17.73,17.73,16.84,70583,121509590.00,5.52,9.99,1.61,16.81
2018-06-21,19.50,18.60,19.50,17.99,271884,523358320.00,8.52,4.91,0.87,64.73
2018-06-22,17.71,20.46,20.46,17.21,318092,621242320.00,17.47,10.00,1.86,75.74
2018-06-25,19.50,22.51,22.51,18.70,279861,573512640.00,18.62,10.02,2.05,66.63
2018-06-26,20.35,20.26,21.44,20.26,188547,389909328.00,5.24,-10.00,-2.25,44.89
2018-06-27,19.18,20.56,21.99,18.83,280740,573728272.00,15.60,1.48,0.30,66.84
2018-06-28,19.44,18.90,20.18,18.65,219716,426607568.00,7.44,-8.07,-1.66,52.31
2018-06-29,18.28,18.75,19.45,17.78,173311,321512224.00,8.84,-0.79,-0.15,41.26
2018-07-02,18.75,19.26,19.90,18.41,173695,332152592.00,7.95,2.72,0.51,41.36
2018-07-03,18.42,19.12,19.12,17.87,136695,255062611.00,6.49,-0.73,-0.14,32.55
2018-07-04,18.82,17.21,19.09,17.21,113918,205690398.00,9.83,-9.99,-1.91,27.12
2018-07-05,16.78,16.29,17.36,15.85,124049,206398423.00,8.77,-5.35,-0.92,29.54
2018-07-06,16.54,16.40,16.96,15.97,96983,159830679.00,6.08,0.68,0.11,23.09
2018-07-09,16.46,16.89,16.91,16.40,79028,132219885.00,3.11,2.99,0.49,18.82
2018-07-10,16.89,17.42,17.58,16.71,109046,187863675.00,5.15,3.14,0.53,25.96
2018-07-11,16.70,16.76,17.05,16.05,91118,151248568.00,5.74,-3.79,-0.66,21.69
2018-07-12,16.61,17.18,17.48,16.61,98690,169995887.00,5.19,2.51,0.42,23.50
2018-07-13,17.10,18.90,18.90,16.40,199205,353699568.00,14.55,10.01,1.72,47.43
2018-07-16,18.60,19.24,19.96,18.53,251067,483235328.00,7.57,1.80,0.34,59.78
2018-07-17,18.46,18.28,18.76,17.60,139738,255219319.00,6.03,-4.99,-0.96,33.27
2018-07-18,17.85,18.02,18.14,17.63,95662,171131485.00,2.79,-1.42,-0.26,22.78
2018-07-19,17.90,17.09,18.10,16.80,87652,152106402.00,7.21,-5.16,-0.93,20.87
2018-07-20,17.10,17.71,18.80,16.52,133271,237697237.00,13.34,3.63,0.62,31.73
2018-07-23,17.36,17.16,17.41,16.70,92703,157722799.00,4.01,-3.11,-0.55,22.07
2018-07-24,17.17,18.88,18.88,16.92,184806,336758944.00,11.42,10.02,1.72,44.00
2018-07-25,19.44,19.18,20.44,19.10,263747,514405328.00,7.10,1.59,0.30,62.80
2018-07-26,18.63,18.32,19.26,18.32,137773,257714060.00,4.90,-4.48,-0.86,32.80
2018-07-27,18.35,19.05,19.29,16.49,158177,292941920.00,15.28,3.98,0.73,37.66
2018-07-30,18.44,17.65,18.90,17.50,102135,185010999.00,7.35,-7.35,-1.40,24.32
2018-07-31,17.45,17.98,18.38,17.02,69441,124850259.00,7.71,1.87,0.33,16.53
2018-08-01,17.50,18.30,18.80,17.50,92479,169679001.00,7.23,1.78,0.32,22.02
2018-08-02,17.89,18.86,19.64,17.89,159162,299146272.00,9.56,3.06,0.56,37.90
2018-08-03,18.57,17.80,18.60,17.21,107871,194222261.00,7.37,-5.62,-1.06,25.68
2018-08-06,17.57,17.87,18.48,17.00,91889,163111063.00,8.31,0.39,0.07,21.88
2018-08-07,17.71,18.91,19.19,17.50,134979,249953563.00,9.46,5.82,1.04,32.14
2018-08-08,18.62,18.00,18.84,17.92,99031,182067168.00,4.87,-4.81,-0.91,23.58
2018-08-09,17.54,19.80,19.80,17.50,233104,452792624.00,12.78,10.00,1.80,55.50
2018-08-10,19.65,19.60,20.09,19.30,185824,366016848.00,3.99,-1.01,-0.20,44.24
2018-08-13,19.65,19.77,20.26,19.11,148845,292731824.00,5.87,0.87,0.17,35.44
2018-08-14,19.35,19.33,19.73,18.89,115063,221418919.00,4.25,-2.23,-0.44,27.40
2018-08-15,19.42,21.26,21.26,19.34,255628,515969152.00,9.93,9.98,1.93,60.86
2018-08-16,20.60,21.00,22.38,20.01,246766,517212688.00,11.15,-1.22,-0.26,58.75
2018-08-17,20.80,20.56,21.27,20.03,159280,328573152.00,5.90,-2.10,-0.44,37.92
2018-08-20,20.60,20.75,21.12,20.48,163541,340431472.00,3.11,0.92,0.19,38.94
2018-08-21,20.56,19.55,20.74,19.00,155465,306586016.00,8.39,-5.78,-1.20,37.02
2018-08-22,19.11,18.85,19.65,18.80,108306,206875498.00,4.35,-3.58,-0.70,25.79
2018-08-23,18.98,18.68,19.20,18.40,98941,185762130.00,4.24,-0.90,-0.17,23.56
2018-08-24,18.50,17.79,18.59,17.78,100650,182625748.00,4.34,-4.76,-0.89,23.96
2018-08-27,17.94,18.22,18.22,17.33,103804,185140340.00,5.00,2.42,0.43,24.72
2018-08-28,18.02,18.33,18.47,18.02,86536,158079033.00,2.47,0.60,0.11,20.60
2018-08-29,18.38,17.75,18.39,17.70,58323,104715972.00,3.76,-3.16,-0.58,13.89
2018-08-30,17.61,16.58,17.68,16.51,87786,149709665.00,6.59,-6.59,-1.17,20.90
2018-08-31,16.53,16.22,16.80,16.20,48276,79530703.00,3.62,-2.17,-0.36,11.49
2018-09-03,16.20,16.99,17.30,15.07,93205,152023039.00,13.75,4.75,0.77,22.19
2018-09-04,16.50,16.72,17.03,16.35,70447,117559620.00,4.00,-1.59,-0.27,16.77
2018-09-05,16.73,16.55,17.15,16.49,57043,95811932.00,3.95,-1.02,-0.17,13.58
2018-09-06,16.50,16.05,16.69,16.01,49502,80526321.00,4.11,-3.02,-0.50,11.79
2018-09-07,15.89,15.55,16.29,15.41,48066,76186144.00,5.48,-3.12,-0.50,11.44
2018-09-10,15.50,15.59,16.00,15.01,51408,79513744.00,6.37,0.26,0.04,12.24
2018-09-11,15.52,15.69,15.74,15.10,43804,67623436.00,4.11,0.64,0.10,10.43
2018-09-12,15.54,15.73,15.99,15.41,43122,67832530.00,3.70,0.25,0.04,10.27
2018-09-13,15.73,16.12,16.16,15.73,54861,87779953.00,2.73,2.48,0.39,13.06
2018-09-14,16.13,15.48,16.20,15.23,43266,68438289.00,6.02,-3.97,-0.64,10.30
2018-09-17,15.20,14.65,15.42,14.43,43933,65351632.00,6.40,-5.36,-0.83,10.46
2018-09-18,14.52,14.83,14.88,14.50,29652,43669563.00,2.59,1.23,0.18,7.06
2018-09-19,14.81,15.04,15.31,14.65,37070,55690458.00,4.45,1.42,0.21,8.83
2018-09-20,15.12,14.83,15.20,14.60,36969,54848646.00,3.99,-1.40,-0.21,8.80
2018-09-21,14.83,14.81,14.95,14.68,29681,44078048.00,1.82,-0.13,-0.02,7.07
2018-09-25,14.75,14.67,14.93,14.58,25802,37978699.00,2.36,-0.95,-0.14,6.14
2018-09-26,14.69,14.70,14.79,14.53,29056,42620849.00,1.77,0.20,0.03,6.92
2018-09-27,14.71,13.26,14.76,13.23,63151,88000503.00,10.41,-9.80,-1.44,15.04
2018-09-28,13.31,13.74,13.91,13.31,50345,68998927.00,4.52,3.62,0.48,11.99
2018-10-08,13.62,13.73,14.18,13.40,48789,67428815.00,5.68,-0.07,-0.01,11.62
2018-10-09,13.82,13.79,14.20,13.50,38034,52629901.00,5.10,0.44,0.06,9.06
2018-10-10,13.64,14.46,14.90,13.64,77360,111700997.00,9.14,4.86,0.67,18.42
2018-10-11,13.88,13.17,13.98,13.01,58786,78973418.00,6.71,-8.92,-1.29,14.00
2018-10-12,13.10,12.32,13.15,11.88,48584,60067168.00,9.64,-6.45,-0.85,11.57
2018-10-15,12.34,12.19,12.72,12.02,31102,38483607.00,5.68,-1.06,-0.13,7.41
2018-10-16,12.30,11.95,12.45,11.86,27935,33838742.00,4.84,-1.97,-0.24,6.65
2018-10-17,11.80,12.35,12.46,11.80,39407,48185774.00,5.52,3.35,0.40,9.38
2018-10-18,12.20,11.33,12.20,11.12,47677,55457005.00,8.74,-8.26,-1.02,11.35
2018-10-19,11.14,11.45,11.45,10.82,36633,41343556.00,5.56,1.06,0.12,8.72
2018-10-22,11.62,11.92,12.12,11.44,46406,54882064.00,5.94,4.10,0.47,11.05
2018-10-23,11.53,11.94,12.09,11.53,41984,49921904.00,4.70,0.17,0.02,10.00
2018-10-24,11.88,11.55,11.89,11.45,38429,44617044.00,3.69,-3.27,-0.39,9.15
2018-10-25,11.10,10.77,11.10,10.50,41327,44485682.00,5.19,-6.75,-0.78,9.84
2018-10-26,10.83,11.85,11.85,10.83,57735,65833613.00,9.47,10.03,1.08,7.27
2018-10-29,12.01,11.40,12.07,11.33,61568,72219125.00,6.24,-3.80,-0.45,7.76
2018-10-30,11.42,11.45,11.91,11.05,52507,60075395.00,7.54,0.44,0.05,6.62
2018-10-31,11.47,11.66,11.78,11.38,52883,61354030.00,3.49,1.83,0.21,6.66
2018-11-01,11.32,11.63,11.79,11.30,59438,68566367.00,4.20,-0.26,-0.03,7.49
2018-11-02,11.67,11.96,12.20,11.60,79905,95066376.00,5.16,2.84,0.33,10.07
2018-11-05,11.96,12.27,12.28,11.78,83632,100920060.00,4.18,2.59,0.31,10.54
2018-11-06,12.49,12.07,12.75,11.92,74857,91895772.00,6.76,-1.63,-0.20,9.43
2018-11-07,12.10,11.77,12.14,11.72,46417,55284715.00,3.48,-2.49,-0.30,5.85
2018-11-08,11.89,11.83,12.07,11.76,38490,45767043.00,2.63,0.51,0.06,4.85
2018-11-09,11.80,11.46,11.82,11.46,28862,33497981.00,3.04,-3.13,-0.37,3.64
2018-11-12,11.49,11.93,11.97,11.42,43286,50937286.00,4.80,4.10,0.47,5.45
2018-11-13,11.88,11.99,12.10,11.78,43507,52019815.00,2.68,0.50,0.06,5.48
2018-11-14,12.20,12.64,13.18,12.19,119192,150785246.00,8.26,5.42,0.65,15.02
2018-11-15,12.41,12.69,12.77,12.33,76487,95822768.00,3.48,0.40,0.05,9.64
2018-11-16,12.61,12.59,12.71,12.50,54160,68171590.00,1.65,-0.79,-0.10,6.82
2018-11-19,12.48,12.59,12.67,12.35,35411,44296565.00,2.54,0.00,0.00,4.46
2018-11-20,12.49,12.61,13.20,12.29,65271,83542101.00,7.23,0.16,0.02,8.22
2018-11-21,12.40,12.51,12.59,12.22,32534,40398999.00,2.93,-0.79,-0.10,4.10
2018-11-22,12.53,13.03,13.12,12.45,87278,112388679.00,5.36,4.16,0.52,11.00
2018-11-23,13.09,13.86,14.33,11.78,163056,222209012.00,19.57,6.37,0.83,20.55
2018-11-26,13.21,14.46,14.65,13.09,137127,194146189.00,11.26,4.33,0.60,17.28
2018-11-27,14.32,13.92,14.49,13.80,83759,117587064.00,4.77,-3.73,-0.54,10.55
2018-11-28,14.00,13.50,14.10,13.30,65889,89312224.00,5.75,-3.02,-0.42,8.30
2018-11-29,13.52,13.54,13.88,12.82,84275,113475886.00,7.85,0.30,0.04,10.62
2018-11-30,13.31,13.33,13.55,13.10,46705,62116099.00,3.32,-1.55,-0.21,5.88
2018-12-03,13.49,13.79,13.85,13.33,75460,102820316.00,3.90,3.45,0.46,9.51
2018-12-04,13.64,13.50,13.88,13.38,58140,79153249.00,3.63,-2.10,-0.29,7.33
2018-12-05,13.10,12.82,13.19,12.82,59583,77167665.00,2.74,-5.04,-0.68,7.51
2018-12-06,12.67,11.85,12.67,11.83,83630,101326211.00,6.55,-7.57,-0.97,10.54
2018-12-07,11.80,11.80,11.96,11.76,34511,40938863.00,1.69,-0.42,-0.05,4.35
2018-12-10,11.66,11.85,12.00,11.51,29931,35318813.00,4.15,0.42,0.05,3.77
2018-12-11,11.93,11.90,12.05,11.81,26628,31788830.00,2.03,0.42,0.05,3.36
2018-12-12,12.00,11.90,12.05,11.84,25081,29952061.00,1.76,0.00,0.00,3.16
2018-12-13,11.90,11.92,12.04,11.81,26216,31298264.00,1.93,0.17,0.02,3.30
2018-12-14,11.86,11.24,11.98,11.18,38761,44848589.00,6.71,-5.70,-0.68,4.88
2018-12-17,11.25,11.38,11.48,11.25,20347,23137636.00,2.05,1.25,0.14,2.56
2018-12-18,11.36,11.81,12.17,11.11,48931,57305796.00,9.31,3.78,0.43,6.17
2018-12-19,11.68,11.37,11.78,11.27,33283,38296500.00,4.32,-3.73,-0.44,4.19
2018-12-20,11.30,11.35,11.44,11.26,21390,24295299.00,1.58,-0.18,-0.02,2.70
2018-12-21,11.35,11.31,11.48,11.25,18631,21165355.00,2.03,-0.35,-0.04,2.35
2018-12-24,11.32,11.57,11.57,11.21,26105,29973626.00,3.18,2.30,0.26,3.29
2018-12-25,11.46,11.42,11.49,11.10,29441,33223346.00,3.37,-1.30,-0.15,3.71
2018-12-26,11.44,11.37,11.56,11.30,22514,25711111.00,2.28,-0.44,-0.05,2.84
2018-12-27,11.55,10.96,11.55,10.86,28753,32524901.00,6.07,-3.61,-0.41,3.62
2018-12-28,11.04,10.86,11.10,10.67,22008,24090493.00,3.92,-0.91,-0.10,2.77
2019-01-02,10.95,10.88,11.09,10.86,16078,17609057.00,2.12,0.18,0.02,2.14
2019-01-03,10.95,10.31,11.03,9.79,32661,34178731.00,11.40,-5.24,-0.57,4.34
2019-01-04,10.06,10.51,10.58,9.86,23855,24826166.00,6.98,1.94,0.20,3.17
2019-01-07,10.62,10.72,10.88,10.60,22814,24429716.00,2.66,2.00,0.21,3.03
2019-01-08,10.80,10.73,10.85,10.65,15632,16787629.00,1.87,0.09,0.01,2.08
2019-01-09,10.79,10.75,10.95,10.67,22878,24741684.00,2.61,0.19,0.02,3.04
2019-01-10,10.73,10.41,10.75,10.35,28217,29747024.00,3.72,-3.16,-0.34,3.75
2019-01-11,10.42,10.88,11.45,10.42,44692,48570639.00,9.89,4.51,0.47,5.94
2019-01-14,10.87,10.56,10.87,10.52,27297,29066455.00,3.22,-2.94,-0.32,3.63
2019-01-15,10.61,10.59,10.65,10.43,23791,25086222.00,2.08,0.28,0.03,3.16
2019-01-16,10.63,10.45,10.63,10.41,20581,21631648.00,2.08,-1.32,-0.14,2.74
2019-01-17,10.49,10.18,10.52,10.10,21739,22324147.00,4.02,-2.58,-0.27,2.89
2019-01-18,10.20,10.40,10.67,10.17,32130,33316584.00,4.91,2.16,0.22,4.27
2019-01-21,10.37,10.33,10.45,10.28,22758,23576454.00,1.63,-0.67,-0.07,3.03
2019-01-22,10.38,10.34,10.44,10.27,18312,18984975.00,1.65,0.10,0.01,2.43
2019-01-23,10.34,10.36,10.39,10.20,13042,13428868.00,1.84,0.19,0.02,1.73
2019-01-24,10.36,10.41,10.45,10.28,15466,16047218.00,1.64,0.48,0.05,2.06
2019-01-25,10.40,10.51,10.78,10.35,37871,39880641.00,4.13,0.96,0.10,5.03
2019-01-28,10.51,10.16,10.66,10.04,23951,24811607.00,5.90,-3.33,-0.35,3.18
2019-01-29,10.16,9.61,10.16,9.38,21059,20577944.00,7.68,-5.41,-0.55,2.80
2019-01-30,9.61,9.49,9.79,9.43,16635,16048487.00,3.75,-1.25,-0.12,2.21
2019-01-31,9.41,8.90,9.61,8.71,26984,24695269.00,9.48,-6.22,-0.59,3.59
2019-02-01,9.04,9.42,9.47,9.04,23495,21876349.00,4.83,5.84,0.52,3.12
2019-02-11,9.52,9.76,9.79,9.52,20108,19536731.00,2.87,3.61,0.34,2.67
2019-02-12,9.87,9.94,10.24,9.73,24988,24987406.00,5.23,1.84,0.18,3.32
2019-02-13,9.94,10.17,10.48,9.94,36777,37473163.00,5.43,2.31,0.23,4.89
2019-02-14,10.17,10.11,10.22,10.01,23589,23778922.00,2.06,-0.59,-0.06,3.14
2019-02-15,10.10,10.03,10.14,10.00,16365,16471778.00,1.38,-0.79,-0.08,2.18
2019-02-18,10.13,10.35,10.36,10.02,28541,29258268.00,3.39,3.19,0.32,3.79
2019-02-19,10.50,10.37,10.50,10.24,30036,31088796.00,2.51,0.19,0.02,3.99
2019-02-20,10.35,10.46,10.55,10.28,30660,31976173.00,2.60,0.87,0.09,4.08
2019-02-21,10.49,10.77,11.03,10.35,68628,73360067.00,6.50,2.96,0.31,9.12
2019-02-22,10.70,10.57,10.70,10.33,54214,56890920.00,3.44,-1.86,-0.20,7.21
2019-02-25,10.57,10.98,11.00,10.56,67392,72858021.00,4.16,3.88,0.41,8.96
2019-02-26,10.99,10.87,11.22,10.73,68023,74631733.00,4.46,-1.00,-0.11,9.04
2019-02-27,10.93,10.68,10.99,10.52,44805,48545161.00,4.32,-1.75,-0.19,5.96
2019-02-28,10.70,11.22,11.37,10.70,78257,86649735.00,6.27,5.06,0.54,10.40
2019-03-01,11.15,11.06,11.32,11.00,42804,47405521.00,2.85,-1.43,-0.16,5.69
2019-03-04,11.13,11.60,11.66,11.04,80308,91147419.00,5.61,4.88,0.54,10.68
2019-03-05,11.50,12.37,12.76,11.41,155697,192288860.00,11.64,6.64,0.77,20.70
2019-03-06,12.09,12.19,12.26,11.80,106230,128412459.00,3.72,-1.46,-0.18,14.12
2019-03-07,12.10,12.30,12.40,11.88,102722,124330332.00,4.27,0.90,0.11,13.66
2019-03-08,12.01,11.11,12.14,11.08,70520,82780153.00,8.62,-9.67,-1.19,9.37
2019-03-11,11.26,11.60,11.63,11.20,40769,46680567.00,3.87,4.41,0.49,5.42
2019-03-12,11.86,11.81,11.93,11.45,50050,58751495.00,4.14,1.81,0.21,6.65
2019-03-13,11.73,11.50,11.89,11.27,49559,57949310.00,5.25,-2.62,-0.31,6.59
2019-03-14,11.54,11.00,11.63,10.82,36223,40462144.00,7.04,-4.35,-0.50,4.82
2019-03-15,11.11,11.28,11.37,11.09,24240,27218627.00,2.55,2.55,0.28,3.22
2019-03-18,11.41,11.61,11.65,11.23,31656,36373139.00,3.72,2.93,0.33,4.21
2019-03-19,11.61,11.54,11.69,11.50,28607,33077992.00,1.64,-0.60,-0.07,3.80
2019-03-20,11.56,11.69,11.71,11.36,31846,36833510.00,3.03,1.30,0.15,4.23
2019-03-21,11.75,11.70,11.75,11.60,35442,41442748.00,1.28,0.09,0.01,4.71
2019-03-22,11.71,11.49,11.72,11.30,27195,31205976.00,3.59,-1.79,-0.21,3.62
2019-03-25,11.20,11.34,11.57,11.20,25581,29206161.00,3.22,-1.31,-0.15,3.40
2019-03-26,11.27,11.24,11.62,11.20,28943,33075914.00,3.70,-0.88,-0.10,3.85
2019-03-27,11.35,11.40,11.40,11.13,27362,30814079.00,2.40,1.42,0.16,3.64
2019-03-28,11.41,11.98,12.07,11.26,83365,98360506.00,7.11,5.09,0.58,11.08
2019-03-29,11.98,12.14,12.17,11.71,86362,103503185.00,3.84,1.34,0.16,11.48
2019-04-01,12.14,12.70,12.73,12.10,109707,137038010.00,5.19,4.61,0.56,14.58
2019-04-02,12.54,12.42,12.67,12.31,68379,85195519.00,2.83,-2.20,-0.28,9.09
2019-04-03,12.44,12.31,12.50,12.12,45113,55354665.00,3.06,-0.89,-0.11,6.00
2019-04-04,12.40,12.44,12.53,12.15,53347,65868750.00,3.09,1.06,0.13,7.09
2019-04-08,12.79,12.99,13.23,12.50,119885,154017451.00,5.87,4.42,0.55,15.94
2019-04-09,12.80,12.39,12.87,12.30,63802,79522534.00,4.39,-4.62,-0.60,8.48
2019-04-10,12.41,12.18,12.41,12.10,41027,50016587.00,2.50,-1.69,-0.21,5.45
2019-04-11,12.20,11.90,12.35,11.87,34117,41136506.00,3.94,-2.30,-0.28,4.54
2019-04-12,11.87,11.97,12.08,11.80,18966,22638942.00,2.35,0.59,0.07,2.52
2019-04-15,12.12,11.93,12.19,11.91,22057,26586287.00,2.34,-0.33,-0.04,2.93
2019-04-16,11.98,12.09,12.14,11.65,29554,35236418.00,4.11,1.34,0.16,3.93
2019-04-17,12.05,12.11,12.19,12.00,25260,30534591.00,1.57,0.17,0.02,3.36
2019-04-18,12.14,11.78,12.14,11.68,28435,33907250.00,3.80,-2.73,-0.33,3.78
2019-04-19,11.70,11.83,11.87,11.68,18016,21223711.00,1.61,0.42,0.05,2.40
2019-04-22,11.80,11.75,11.95,11.75,16776,19831912.00,1.69,-0.68,-0.08,2.23
2019-04-23,11.78,11.32,11.78,11.28,21902,25245849.00,4.26,-3.66,-0.43,2.91
2019-04-24,11.33,11.65,11.67,11.33,17833,20560035.00,3.00,2.92,0.33,2.37
2019-04-25,11.60,11.10,11.77,10.98,27146,30977494.00,6.78,-4.72,-0.55,3.61
2019-04-26,11.10,10.70,11.18,10.00,20383,22059077.00,10.63,-3.60,-0.40,2.71
2019-04-29,10.64,10.30,10.93,10.19,20938,22053052.00,6.92,-3.74,-0.40,2.78
2019-04-30,10.30,10.49,10.58,10.30,16335,17084793.00,2.72,1.84,0.19,2.17
2019-05-06,10.38,9.55,10.38,9.45,23212,22779610.00,8.87,-8.96,-0.94,3.09
2019-05-07,9.70,9.83,9.93,9.59,17375,16982465.00,3.56,2.93,0.28,2.31
2019-05-08,9.68,9.76,9.90,9.52,16522,16103380.00,3.87,-0.71,-0.07,2.20
2019-05-09,9.66,9.77,9.92,9.66,12275,12041134.00,2.66,0.10,0.01,1.63
2019-05-10,9.88,10.06,10.16,9.68,21039,21079896.00,4.91,2.97,0.29,2.80
2019-05-13,9.98,10.18,10.28,9.91,18062,18306104.00,3.68,1.19,0.12,2.40
2019-05-14,10.14,10.24,10.33,10.08,19829,20299839.00,2.46,0.59,0.06,2.64
2019-05-15,10.24,10.37,10.43,10.24,17141,17727530.00,1.86,1.27,0.13,2.28
2019-05-16,10.37,10.53,10.53,10.33,15687,16369246.00,1.93,1.54,0.16,2.09
2019-05-17,10.49,10.09,10.62,10.00,21153,21752026.00,5.89,-4.18,-0.44,2.81
2019-05-20,10.13,10.28,10.28,9.82,16340,16517014.00,4.56,1.88,0.19,2.17
2019-05-21,10.20,10.68,10.91,10.13,35530,37500421.00,7.59,3.89,0.40,4.72
2019-05-22,10.65,10.35,10.65,10.27,22400,23395662.00,3.56,-3.09,-0.33,2.98
2019-05-23,10.63,10.02,10.64,9.85,17553,17894568.00,7.63,-3.19,-0.33,2.33
2019-05-24,9.92,10.06,10.20,9.92,8958,9025273.00,2.79,0.40,0.04,1.19
2019-05-27,10.20,10.22,10.25,9.97,14699,14921915.00,2.78,1.59,0.16,1.95
2019-05-28,10.19,10.55,10.68,10.16,31362,32844088.00,5.09,3.23,0.33,4.17
2019-05-29,10.55,10.64,10.80,10.43,23674,25163898.00,3.51,0.85,0.09,3.15
2019-05-30,10.65,10.73,10.82,10.36,24983,26652047.00,4.32,0.85,0.09,3.32
2019-05-31,10.70,10.60,10.89,10.60,17844,19176209.00,2.70,-1.21,-0.13,2.37
2019-06-03,10.70,11.03,11.25,10.61,50981,55821448.00,6.04,4.06,0.43,6.78
2019-06-04,11.00,11.08,11.20,10.80,37441,41193079.00,3.63,0.45,0.05,4.98
2019-06-05,11.11,12.19,12.19,11.11,65139,76549353.00,9.75,10.02,1.11,8.66
2019-06-06,13.06,11.36,13.41,11.29,213184,275653616.00,17.39,-6.81,-0.83,28.34
2019-06-10,10.22,10.22,10.22,10.22,34041,34789902.00,0.00,-10.04,-1.14,4.53
2019-06-11,9.35,9.77,9.97,9.20,162366,155073986.00,7.53,-4.40,-0.45,21.58
2019-06-12,9.50,9.62,9.79,9.50,89386,86027198.00,2.97,-1.54,-0.15,11.88
2019-06-13,9.56,9.64,9.73,9.56,48373,46726881.00,1.77,0.21,0.02,6.43
2019-06-14,9.67,9.28,9.72,9.25,43513,41200346.00,4.88,-3.73,-0.36,5.78
2019-06-17,9.22,9.40,9.49,9.00,28321,26457889.00,5.28,1.29,0.12,3.76
2019-06-18,9.44,9.37,9.45,9.28,16085,15066716.00,1.81,-0.32,-0.03,2.14
2019-06-19,9.58,9.51,9.58,9.47,30755,29288844.00,1.17,1.49,0.14,4.09
2019-06-20,9.52,9.61,9.68,9.42,28376,27137927.00,2.73,1.05,0.10,3.77
2019-06-21,9.71,9.79,9.88,9.67,34844,34024752.00,2.19,1.87,0.18,4.63
2019-06-24,9.71,9.77,9.80,9.61,23747,23110488.00,1.94,-0.20,-0.02,3.16
2019-06-25,9.73,9.79,9.84,9.60,26833,26153353.00,2.46,0.20,0.02,3.57
2019-06-26,9.60,9.83,9.93,9.40,47013,46002568.00,5.41,0.41,0.04,6.25
2019-06-27,9.82,9.74,10.05,9.71,40301,39556842.00,3.46,-0.92,-0.09,5.36
2019-06-28,9.74,9.67,9.78,9.54,29383,28327999.00,2.46,-0.72,-0.07,3.91
2019-07-01,9.82,9.86,9.93,9.74,25467,25029872.00,1.96,1.96,0.19,3.36
2019-07-02,9.88,9.87,9.94,9.81,22275,21998989.00,1.32,0.10,0.01,2.93
2019-07-03,9.89,9.93,9.95,9.76,29990,29597850.00,1.93,0.61,0.06,3.95
2019-07-04,9.93,10.17,10.49,9.86,55983,56870617.00,6.34,2.42,0.24,7.38
2019-07-05,10.10,9.98,10.18,9.89,35893,35889976.00,2.85,-1.87,-0.19,4.73
2019-07-08,9.95,9.55,9.95,9.38,31611,30366798.00,5.71,-4.31,-0.43,4.17
2019-07-09,9.57,9.73,9.73,9.45,16611,15994023.00,2.93,1.88,0.18,2.19
2019-07-10,9.74,9.70,9.90,9.65,17652,17269625.00,2.57,-0.31,-0.03,2.33
2019-07-11,9.73,9.93,10.25,9.70,36085,35982334.00,5.67,2.37,0.23,4.75
2019-07-12,9.75,9.79,9.88,9.70,31130,30453208.00,1.81,-1.41,-0.14,4.10
2019-07-15,9.98,10.12,10.35,9.89,52604,53290355.00,4.70,3.37,0.33,6.93
2019-07-16,10.08,10.45,10.48,9.98,61601,63407702.00,4.94,3.26,0.33,8.12
2019-07-17,10.37,10.20,10.40,10.17,45389,46577481.00,2.20,-2.39,-0.25,5.98
2019-07-18,10.15,10.58,10.98,9.91,81013,84488294.00,10.49,3.73,0.38,10.67
2019-07-19,10.53,10.50,10.79,10.23,59558,62403479.00,5.29,-0.76,-0.08,7.85
2019-07-22,10.30,10.11,10.39,9.98,40635,41286078.00,3.90,-3.71,-0.39,5.35
2019-07-23,10.06,10.53,10.61,9.97,53614,55408025.00,6.33,4.15,0.42,7.06
2019-07-24,10.56,10.65,10.85,10.47,62024,66098784.00,3.61,1.14,0.12,8.17
2019-07-25,10.57,10.50,10.65,10.37,42105,44243950.00,2.63,-1.41,-0.15,5.55
2019-07-26,10.48,10.53,10.76,10.30,42037,44206168.00,4.38,0.29,0.03,5.54
2019-07-29,10.60,10.87,10.96,10.53,68261,73565631.00,4.08,3.23,0.34,8.99
2019-07-30,10.75,10.74,10.88,10.66,43361,46681067.00,2.02,-1.20,-0.13,5.71
2019-07-31,10.74,10.72,10.94,10.61,35210,37950107.00,3.07,-0.19,-0.02,4.64
2019-08-01,10.71,11.02,11.08,10.35,64238,68743131.00,6.81,2.80,0.30,8.46
2019-08-02,10.71,10.78,11.00,10.58,52592,56783908.00,3.81,-2.18,-0.24,6.93
2019-08-05,10.60,10.55,10.82,10.48,34055,36190030.00,3.15,-2.13,-0.23,4.49
2019-08-06,10.20,9.85,10.22,9.51,52418,51845879.00,6.73,-6.64,-0.70,6.91
2019-08-07,9.88,9.61,9.96,9.60,28413,27770556.00,3.65,-2.44,-0.24,3.74
2019-08-08,9.63,9.59,9.74,9.56,20316,19622131.00,1.87,-0.21,-0.02,2.68
2019-08-09,9.69,9.81,9.93,9.62,30174,29577247.00,3.23,2.29,0.22,3.98
2019-08-12,9.84,10.13,10.13,9.67,30994,30895615.00,4.69,3.26,0.32,4.08
2019-08-13,10.00,10.14,10.23,9.96,28104,28449277.00,2.67,0.10,0.01,3.70
2019-08-14,10.30,10.51,10.65,10.16,55370,57609478.00,4.83,3.65,0.37,7.30
2019-08-15,10.00,10.51,10.79,9.70,60660,63343705.00,10.37,0.00,0.00,7.99
2019-08-16,10.52,10.49,10.85,10.31,58254,61742703.00,5.14,-0.19,-0.02,7.68
2019-08-19,10.71,10.80,10.94,10.58,66100,71126230.00,3.43,2.96,0.31,8.71
2019-08-20,10.86,10.69,10.90,10.62,45618,48987875.00,2.59,-1.02,-0.11,6.01
2019-08-21,10.73,10.66,10.93,10.56,39112,41935520.00,3.46,-0.28,-0.03,5.15
2019-08-22,10.80,10.82,11.06,10.61,47636,51591831.00,4.22,1.50,0.16,6.28
2019-08-23,10.78,10.52,10.91,10.47,39249,41667723.00,4.07,-2.77,-0.30,5.17
2019-08-26,10.40,10.70,10.78,10.23,35909,38071659.00,5.23,1.71,0.18,4.73
2019-08-27,10.77,10.78,10.81,10.62,40433,43317669.00,1.78,0.75,0.08,5.33
2019-08-28,10.68,10.55,10.70,10.51,27219,28785151.00,1.76,-2.13,-0.23,3.59
2019-08-29,10.57,10.37,10.67,10.34,31900,33566236.00,3.13,-1.71,-0.18,4.20
2019-08-30,10.50,10.72,11.41,10.42,125662,138750933.00,9.55,3.38,0.35,16.56
2019-09-02,10.51,11.01,11.15,10.42,104409,112674731.00,6.81,2.71,0.29,13.76
2019-09-03,10.98,10.91,11.03,10.75,64832,70372205.00,2.54,-0.91,-0.10,8.54
2019-09-04,10.85,10.86,10.99,10.77,43276,47016559.00,2.02,-0.46,-0.05,5.70
2019-09-05,10.95,10.94,11.14,10.89,59928,66050155.00,2.30,0.74,0.08,7.90
2019-09-06,10.95,11.13,11.23,10.93,53736,59592668.00,2.74,1.74,0.19,7.08
2019-09-09,11.28,11.20,11.30,11.02,52903,58895065.00,2.52,0.63,0.07,6.97
2019-09-10,11.22,11.14,11.35,11.07,47787,53387939.00,2.50,-0.54,-0.06,6.30
2019-09-11,11.16,11.01,11.19,10.94,42108,46561761.00,2.24,-1.17,-0.13,5.55
2019-09-12,11.05,11.01,11.09,10.84,27944,30664569.00,2.27,0.00,0.00,3.68
2019-09-16,11.04,11.21,11.28,10.88,44843,50086854.00,3.63,1.82,0.20,5.91
2019-09-17,11.20,10.90,11.35,10.68,43205,47705018.00,5.98,-2.77,-0.31,5.69
2019-09-18,10.94,11.31,11.76,10.90,72256,82059449.00,7.89,3.76,0.41,9.52
2019-09-19,11.34,11.72,11.86,11.28,96867,112701894.00,5.13,3.63,0.41,12.76
2019-09-20,11.57,11.49,11.70,11.42,65618,75770916.00,2.39,-1.96,-0.23,8.65
2019-09-23,11.50,11.70,11.72,11.26,45901,52911765.00,4.00,1.83,0.21,6.05
2019-09-24,11.63,11.54,11.66,11.33,39828,45779878.00,2.82,-1.37,-0.16,5.25
2019-09-25,11.50,11.26,11.50,11.03,36761,41384640.00,4.07,-2.43,-0.28,4.84
2019-09-26,11.28,10.59,11.30,10.59,40230,43595194.00,6.31,-5.95,-0.67,5.30
2019-09-27,10.60,10.69,10.81,10.46,27088,28950873.00,3.31,0.94,0.10,3.57
2019-09-30,10.69,10.55,10.82,10.53,18743,20000282.00,2.71,-1.31,-0.14,2.47
2019-10-08,10.50,10.66,10.85,10.48,21013,22475129.00,3.51,1.04,0.11,2.77
2019-10-09,10.66,11.04,11.04,10.54,35406,38533835.00,4.69,3.56,0.38,4.67
2019-10-10,11.04,11.29,11.34,11.00,39783,44655806.00,3.08,2.26,0.25,5.24
2019-10-11,11.31,11.49,11.56,11.30,49229,56375484.00,2.30,1.77,0.20,6.49
2019-10-14,11.58,11.57,11.69,11.47,46595,53907757.00,1.91,0.70,0.08,6.14
2019-10-15,11.93,11.38,12.37,11.32,92428,107856079.00,9.08,-1.64,-0.19,12.18
2019-10-16,11.45,11.66,11.80,11.14,58956,67672797.00,5.80,2.46,0.28,7.77
2019-10-17,11.66,11.23,11.66,11.14,52460,59373420.00,4.46,-3.69,-0.43,6.91
2019-10-18,11.28,11.05,11.34,10.93,31452,34991767.00,3.65,-1.60,-0.18,4.14
2019-10-21,11.03,11.02,11.08,10.75,30214,32980446.00,2.99,-0.27,-0.03,3.98
2019-10-22,11.05,11.36,11.44,11.01,34829,39109236.00,3.90,3.09,0.34,4.59
2019-10-23,11.30,11.34,11.48,11.29,23129,26301229.00,1.67,-0.18,-0.02,3.05
2019-10-24,11.41,11.52,11.56,11.26,32932,37670784.00,2.65,1.59,0.18,4.34
2019-10-25,11.44,11.66,11.73,11.34,35013,40615772.00,3.39,1.22,0.14,4.61
2019-10-28,11.66,11.76,11.84,11.59,41625,48851370.00,2.14,0.86,0.10,5.48
2019-10-29,11.75,11.65,11.76,11.55,28463,33133655.00,1.79,-0.94,-0.11,3.75
2019-10-30,11.78,11.46,11.85,11.33,30723,35235178.00,4.46,-1.63,-0.19,4.05
2019-10-31,11.45,11.58,11.69,11.39,26643,30684763.00,2.62,1.05,0.12,3.51
2019-11-01,11.52,11.45,11.58,11.18,24126,27441651.00,3.45,-1.12,-0.13,3.18
2019-11-04,11.26,11.55,11.63,11.22,30979,35686675.00,3.58,0.87,0.10,4.08
2019-11-05,11.44,11.55,11.58,11.35,19738,22687864.00,1.99,0.00,0.00,2.60
2019-11-06,11.44,11.10,11.75,11.04,29672,33446208.00,6.15,-3.90,-0.45,3.91
2019-11-07,11.22,11.30,11.30,11.01,25226,28213514.00,2.61,1.80,0.20,3.32
2019-11-08,11.32,11.18,11.38,11.11,19366,21661738.00,2.39,-1.06,-0.12,2.55
2019-11-11,11.18,10.63,11.18,10.54,28297,30476970.00,5.72,-4.92,-0.55,3.73
2019-11-12,10.58,10.72,10.79,10.58,15547,16632426.00,1.98,0.85,0.09,2.05
2019-11-13,10.72,10.81,10.91,10.66,13168,14240935.00,2.33,0.84,0.09,1.73
2019-11-14,10.74,10.77,10.91,10.70,11023,11915292.00,1.94,-0.37,-0.04,1.45
2019-11-15,10.95,10.46,10.95,10.40,14709,15661448.00,5.11,-2.88,-0.31,1.94
2019-11-18,10.46,10.66,10.67,10.28,19560,20459207.00,3.73,1.91,0.20,2.58
2019-11-19,10.60,10.82,10.85,10.55,14801,15917379.00,2.81,1.50,0.16,1.95
2019-11-20,10.81,10.74,10.87,10.69,9912,10673669.00,1.66,-0.74,-0.08,1.31
2019-11-21,10.74,10.62,10.74,10.52,11300,11996678.00,2.05,-1.12,-0.12,1.49
2019-11-22,10.64,10.52,10.90,10.45,14437,15372211.00,4.24,-0.94,-0.10,1.90
2019-11-25,10.60,10.52,10.70,10.46,14674,15477792.00,2.28,0.00,0.00,1.93
2019-11-26,10.62,10.38,10.69,10.35,19014,19934249.00,3.23,-1.33,-0.14,2.51
2019-11-27,10.41,10.38,10.52,10.15,13896,14382535.00,3.56,0.00,0.00,1.83
2019-11-28,10.28,10.29,10.50,10.22,13562,14046738.00,2.70,-0.87,-0.09,1.79
2019-11-29,10.33,10.25,10.33,10.11,14927,15210990.00,2.14,-0.39,-0.04,1.97
2019-12-02,10.25,10.41,10.49,10.25,15642,16267812.00,2.34,1.56,0.16,2.06
2019-12-03,10.38,10.41,10.42,10.25,9531,9850506.00,1.63,0.00,0.00,1.26
2019-12-04,10.41,10.66,10.75,10.35,21158,22454616.00,3.84,2.40,0.25,2.79
2019-12-05,10.68,10.77,10.86,10.66,16814,18099784.00,1.88,1.03,0.11,2.22
2019-12-06,10.75,10.92,10.95,10.70,18670,20292159.00,2.32,1.39,0.15,2.46
2019-12-09,10.90,10.80,11.08,10.76,22978,24979836.00,2.93,-1.10,-0.12,3.03
2019-12-10,10.75,10.84,10.88,10.73,13352,14436199.00,1.39,0.37,0.04,1.76
2019-12-11,10.84,10.75,10.85,10.64,13649,14643521.00,1.94,-0.83,-0.09,1.80
2019-12-12,10.79,10.81,11.02,10.70,15459,16828192.00,2.98,0.56,0.06,2.04
2019-12-13,10.97,10.86,10.97,10.78,10893,11812234.00,1.76,0.46,0.05,1.44
2019-12-16,10.95,11.06,11.07,10.85,20888,23015103.00,2.03,1.84,0.20,2.75
2019-12-17,11.03,11.17,11.22,11.01,21254,23645408.00,1.90,0.99,0.11,2.80
2019-12-18,11.24,11.15,11.27,11.05,18026,20136073.00,1.97,-0.18,-0.02,2.38
2019-12-19,11.25,11.20,11.32,11.14,15871,17778618.00,1.61,0.45,0.05,2.09
2019-12-20,11.27,11.10,11.28,11.08,17597,19702594.00,1.79,-0.89,-0.10,2.32
2019-12-23,11.10,11.00,11.32,10.98,17284,19230638.00,3.06,-0.90,-0.10,2.28
2019-12-24,11.01,11.09,11.11,10.97,20285,22444586.00,1.27,0.82,0.09,2.67
2019-12-25,11.18,11.12,11.26,11.04,19741,22023899.00,1.98,0.27,0.03,2.60
2019-12-26,11.12,11.38,11.45,11.06,28972,32867690.00,3.51,2.34,0.26,3.82
2019-12-27,11.36,11.18,11.53,11.15,22328,25275124.00,3.34,-1.76,-0.20,2.94
2019-12-30,11.14,11.32,11.35,10.93,19795,22221925.00,3.76,1.25,0.14,2.61
2019-12-31,11.18,11.50,11.56,11.17,26574,30416685.00,3.45,1.59,0.18,3.50
2020-01-02,11.51,11.57,11.61,11.39,30825,35554910.00,1.91,0.61,0.07,4.06
2020-01-03,11.51,11.60,11.65,11.45,23576,27255013.00,1.73,0.26,0.03,3.11
2020-01-06,11.56,11.69,11.79,11.48,30699,35728229.00,2.67,0.78,0.09,4.04
2020-01-07,11.62,11.66,11.75,11.54,23513,27352277.00,1.80,-0.26,-0.03,3.10
2020-01-08,11.65,11.55,11.72,11.45,26105,30243762.00,2.32,-0.94,-0.11,3.44
2020-01-09,11.56,11.73,11.87,11.56,28679,33647983.00,2.68,1.56,0.18,3.78
2020-01-10,11.82,11.78,11.92,11.70,16414,19322237.00,1.88,0.43,0.05,2.16
2020-01-13,11.78,11.97,12.02,11.72,28302,33664816.00,2.55,1.61,0.19,3.73
2020-01-14,13.17,13.17,13.17,13.17,23990,31594263.00,0.00,10.03,1.20,3.16
2020-01-15,13.19,12.60,13.36,12.50,150474,195389009.00,6.53,-4.33,-0.57,19.83
2020-01-16,12.34,12.12,12.54,12.09,79612,97731407.00,3.57,-3.81,-0.48,10.49
2020-01-17,12.25,11.84,12.29,11.79,61271,73518631.00,4.13,-2.31,-0.28,8.07
2020-01-20,11.96,12.02,12.03,11.80,44218,52702740.00,1.94,1.52,0.18,5.83
2020-01-21,11.92,11.72,11.92,11.53,48578,56929113.00,3.24,-2.50,-0.30,6.40
2020-01-22,11.59,11.61,11.70,11.20,33117,38096615.00,4.27,-0.94,-0.11,4.36
2020-01-23,11.55,11.32,11.69,11.11,38169,43269767.00,5.00,-2.50,-0.29,5.03
2020-02-03,10.19,10.19,10.19,10.19,7329,7468251.00,0.00,-9.98,-1.13,0.97
2020-02-04,9.60,9.89,10.13,9.60,42992,42121124.00,5.20,-2.94,-0.30,5.66
2020-02-05,9.88,10.07,10.25,9.81,30068,30353008.00,4.45,1.82,0.18,3.96
2020-02-06,9.96,10.21,10.26,9.96,29999,30398428.00,2.98,1.39,0.14,3.95
2020-02-07,10.25,10.30,10.31,10.05,28067,28567775.00,2.55,0.88,0.09,3.70
2020-02-10,10.32,10.75,10.76,10.22,43139,45812663.00,5.24,4.37,0.45,5.68
2020-02-11,10.77,10.94,11.17,10.66,44096,48145809.00,4.74,1.77,0.19,5.81
2020-02-12,10.85,10.95,10.95,10.73,28519,30966988.00,2.01,0.09,0.01,3.76
2020-02-13,10.90,10.72,11.04,10.68,20727,22401593.00,3.29,-2.10,-0.23,2.73
2020-02-14,10.70,10.73,10.85,10.60,19151,20535109.00,2.33,0.09,0.01,2.52
2020-02-17,10.72,11.03,11.05,10.65,23859,26069433.00,3.73,2.80,0.30,3.14
2020-02-18,11.03,11.28,11.28,10.99,36337,40526381.00,2.63,2.27,0.25,4.79
2020-02-19,11.24,11.17,11.32,11.10,25667,28765201.00,1.95,-0.98,-0.11,3.38
2020-02-20,11.19,11.39,11.42,11.09,33988,38320044.00,2.95,1.97,0.22,4.48
2020-02-21,11.35,11.69,11.88,11.32,42516,49189981.00,4.92,2.63,0.30,5.60
2020-02-24,11.63,11.67,11.73,11.50,32788,38076651.00,1.97,-0.17,-0.02,4.32
2020-02-25,11.25,11.75,11.80,11.21,37128,42923484.00,5.06,0.69,0.08,4.89
2020-02-26,11.49,11.46,11.70,11.36,36402,41994993.00,2.89,-2.47,-0.29,4.80
2020-02-27,11.53,11.46,11.60,11.28,30466,34807275.00,2.79,0.00,0.00,4.01
2020-02-28,11.22,10.55,11.32,10.46,40992,44778481.00,7.50,-7.94,-0.91,5.40
2020-03-02,10.77,11.61,11.61,10.65,54539,61923746.00,9.10,10.05,1.06,7.19
2020-03-03,11.88,11.83,12.05,11.56,56103,66012046.00,4.22,1.89,0.22,7.39
2020-03-04,11.78,12.24,12.25,11.56,75359,90493248.00,5.83,3.47,0.41,9.93
2020-03-05,12.25,12.06,12.31,11.91,51813,62634003.00,3.27,-1.47,-0.18,6.83
2020-03-06,12.06,12.14,12.42,11.96,51823,63206708.00,3.81,0.66,0.08,6.83
2020-03-09,11.85,11.62,12.02,11.56,38636,45380157.00,3.79,-4.28,-0.52,5.09
2020-03-10,11.40,11.87,11.90,11.27,33022,38424030.00,5.42,2.15,0.25,4.35
2020-03-11,11.80,11.69,12.09,11.61,31215,36963003.00,4.04,-1.52,-0.18,4.11
2020-03-12,11.50,11.31,11.56,11.15,28912,32740160.00,3.51,-3.25,-0.38,3.81
2020-03-13,10.70,10.94,11.12,10.53,34460,37221603.00,5.22,-3.27,-0.37,4.54
2020-03-16,11.13,10.67,11.44,10.58,32562,36136197.00,7.86,-2.47,-0.27,4.29
2020-03-17,10.72,10.80,10.87,10.23,24427,25991586.00,6.00,1.22,0.13,3.22
2020-03-18,10.87,10.71,11.16,10.66,20925,22838633.00,4.63,-0.83,-0.09,2.76
2020-03-19,10.70,10.84,10.94,10.40,24642,26269621.00,5.04,1.21,0.13,3.25
2020-03-20,10.91,11.11,11.19,10.91,24660,27189232.00,2.58,2.49,0.27,3.25
2020-03-23,10.88,10.94,11.25,10.79,28408,31357412.00,4.14,-1.53,-0.17,3.74
2020-03-24,11.08,11.81,11.86,11.08,48786,55824159.00,7.13,7.95,0.87,6.43
2020-03-25,11.89,11.73,11.97,11.62,41794,49310326.00,2.96,-0.68,-0.08,5.51
2020-03-26,11.73,11.72,11.94,11.63,30061,35395338.00,2.64,-0.09,-0.01,3.96
2020-03-27,11.84,11.80,12.15,11.71,31792,37821854.00,3.75,0.68,0.08,4.19
2020-03-30,11.51,11.70,12.09,11.44,54183,64152452.00,5.51,-0.85,-0.10,7.14
2020-03-31,12.21,11.95,12.36,11.72,76189,91408725.00,5.47,2.14,0.25,10.04
2020-04-01,11.74,12.20,12.42,11.65,85529,103212850.00,6.44,2.09,0.25,11.27
2020-04-02,12.14,12.19,12.36,11.91,75226,91193746.00,3.69,-0.08,-0.01,9.91
2020-04-03,12.18,12.49,12.65,12.07,89006,110336931.00,4.76,2.46,0.30,11.73
2020-04-07,12.68,12.65,12.87,12.42,96246,121256980.00,3.60,1.28,0.16,12.68
2020-04-08,12.50,12.16,12.58,12.14,70475,86761675.00,3.48,-3.87,-0.49,9.29
2020-04-09,12.22,12.17,12.28,12.12,39272,47869056.00,1.32,0.08,0.01,5.17
2020-04-10,12.16,11.80,12.20,11.71,46806,55756101.00,4.03,-3.04,-0.37,6.17
2020-04-13,11.83,12.02,12.14,11.77,32874,39422045.00,3.14,1.86,0.22,4.33
2020-04-14,12.05,12.12,12.12,11.88,31947,38429008.00,2.00,0.83,0.10,4.21
2020-04-15,11.80,11.17,11.80,11.00,79180,89662825.00,6.60,-7.84,-0.95,10.43
2020-04-16,11.18,11.11,11.32,11.05,31722,35365605.00,2.42,-0.54,-0.06,4.18
2020-04-17,11.13,11.07,11.23,11.06,25992,28903993.00,1.53,-0.36,-0.04,3.42
2020-04-20,11.08,11.19,11.23,11.07,19539,21819808.00,1.45,1.08,0.12,2.57
2020-04-21,11.19,11.12,11.20,10.99,22581,25005299.00,1.88,-0.63,-0.07,2.98
2020-04-22,11.08,11.29,11.30,11.03,24352,27307596.00,2.43,1.53,0.17,3.21
2020-04-23,11.29,11.32,11.38,11.23,22494,25455443.00,1.33,0.27,0.03,2.96
2020-04-24,11.28,10.97,11.32,10.91,24631,27277807.00,3.62,-3.09,-0.35,3.25
2020-04-27,11.08,10.98,11.08,10.92,12467,13690815.00,1.46,0.09,0.01,1.64
2020-04-28,10.89,10.62,10.97,10.27,24389,25840587.00,6.38,-3.28,-0.36,3.21
2020-04-29,10.50,10.49,10.64,10.43,15768,16575762.00,1.98,-1.22,-0.13,2.08
2020-04-30,10.54,10.74,10.80,10.52,15326,16398407.00,2.67,2.38,0.25,2.02
2020-05-06,10.65,10.92,10.92,10.63,11546,12492009.00,2.70,1.68,0.18,1.52
2020-05-07,10.88,10.92,10.97,10.83,12317,13452313.00,1.28,0.00,0.00,1.62
2020-05-08,10.93,11.06,11.07,10.88,12524,13802171.00,1.74,1.28,0.14,1.65
2020-05-11,11.11,11.03,11.14,10.96,12265,13542356.00,1.63,-0.27,-0.03,1.64
2020-05-12,10.97,10.92,11.10,10.81,10526,11495931.00,2.63,-1.00,-0.11,1.41
2020-05-13,10.90,11.03,11.05,10.85,10582,11614319.00,1.83,1.01,0.11,1.41
2020-05-14,10.99,10.95,11.04,10.92,10353,11365168.00,1.09,-0.73,-0.08,1.38
2020-05-15,11.03,11.03,11.09,10.97,11711,12927201.00,1.10,0.73,0.08,1.56
2020-05-18,11.00,11.03,11.09,10.98,12440,13727602.00,1.00,0.00,0.00,1.66
2020-05-19,11.09,11.13,11.19,11.03,18548,20634634.00,1.45,0.91,0.10,2.48
2020-05-20,11.10,10.97,11.17,10.91,16575,18351999.00,2.34,-1.44,-0.16,2.21
2020-05-21,11.02,11.28,11.33,11.02,31925,35760665.00,2.83,2.83,0.31,4.26
2020-05-22,11.20,11.35,11.49,11.17,43822,49598308.00,2.84,0.62,0.07,5.85
2020-05-25,11.30,11.53,11.58,11.10,23561,26752618.00,4.23,1.59,0.18,3.15
2020-05-26,11.42,11.50,11.62,11.37,27181,31286961.00,2.17,-0.26,-0.03,3.63
2020-05-27,11.50,11.52,11.59,11.40,14609,16784022.00,1.65,0.17,0.02,1.97
2020-05-28,11.60,11.33,11.60,11.22,16745,19055877.00,3.30,-1.65,-0.19,2.26
2020-05-29,11.39,11.32,11.42,11.24,13425,15217665.00,1.59,-0.09,-0.01,1.81
2020-06-01,11.43,11.61,11.74,11.38,26995,31301888.00,3.18,2.56,0.29,3.64
2020-06-02,11.68,11.70,11.72,11.58,17139,19953458.00,1.21,0.78,0.09,2.31
2020-06-03,11.74,11.74,11.82,11.66,23130,27171556.00,1.37,0.34,0.04,3.12
2020-06-04,11.85,11.70,11.85,11.59,23334,27318848.00,2.21,-0.34,-0.04,3.15
2020-06-05,8.10,7.95,8.12,7.89,33149,26381528.00,1.97,-32.05,-3.75,3.19
2020-06-08,8.02,8.35,8.41,7.91,73524,60445684.00,6.29,5.03,0.40,7.08
2020-06-09,8.34,8.20,8.35,8.11,38201,31320764.00,2.87,-1.80,-0.15,3.68
2020-06-10,8.18,8.03,8.18,8.00,24819,19988291.00,2.20,-2.07,-0.17,2.39
2020-06-11,8.05,8.05,8.16,8.00,19055,15379767.00,1.99,0.25,0.02,1.83
2020-06-12,7.94,8.00,8.06,7.85,19242,15306165.00,2.61,-0.62,-0.05,1.85
2020-06-15,7.92,8.07,8.21,7.85,33609,27122613.00,4.50,0.88,0.07,3.24
2020-06-16,8.16,8.13,8.18,8.05,24876,20152708.00,1.61,0.74,0.06,2.40
2020-06-17,8.10,8.49,8.94,8.08,184842,159757849.00,10.58,4.43,0.36,17.80
2020-06-18,8.94,9.34,9.34,8.79,213217,196960137.00,6.48,10.01,0.85,20.53
2020-06-19,9.30,10.27,10.27,8.91,307347,298721168.00,14.56,9.96,0.93,29.60
2020-06-22,10.72,11.30,11.30,10.72,119702,134151101.00,5.65,10.03,1.03,11.53
2020-06-23,11.70,10.35,11.80,10.17,361679,389766352.00,14.42,-8.41,-0.95,34.83
2020-06-24,9.88,9.32,9.89,9.32,237256,225488620.00,5.51,-9.95,-1.03,22.85
2020-06-29,9.00,8.80,9.07,8.76,173493,153998308.00,3.33,-5.58,-0.52,16.71
2020-06-30,8.85,8.96,8.98,8.80,130879,116510847.00,2.05,1.82,0.16,12.60
2020-07-01,8.82,8.86,8.95,8.66,122466,107678685.00,3.24,-1.12,-0.10,11.79
2020-07-02,8.86,8.88,8.94,8.71,93618,82673532.00,2.60,0.23,0.02,9.02
2020-07-03,8.88,8.78,8.88,8.75,80206,70532489.00,1.46,-1.13,-0.10,7.72
2020-07-06,9.66,9.66,9.66,9.22,242090,229859420.00,5.01,10.02,0.88,23.31
2020-07-07,9.89,10.03,10.57,9.71,212234,214198762.00,8.90,3.83,0.37,20.44
2020-07-08,9.95,10.18,10.29,9.79,158204,159748748.00,4.99,1.50,0.15,15.23
2020-07-09,10.29,10.51,10.55,9.94,133757,137625508.00,5.99,3.24,0.33,12.88
2020-07-10,10.37,10.36,10.70,10.12,98351,102263772.00,5.52,-1.43,-0.15,9.47
2020-07-13,10.36,10.57,10.64,10.29,86182,90108813.00,3.38,2.03,0.21,8.30
2020-07-14,10.50,10.39,10.64,10.13,65740,68030895.00,4.82,-1.70,-0.18,6.33
2020-07-15,10.45,10.38,10.68,10.30,72564,75947083.00,3.66,-0.10,-0.01,6.99
2020-07-16,10.39,9.75,10.48,9.71,74234,74522260.00,7.42,-6.07,-0.63,7.15
2020-07-17,9.78,9.66,9.91,9.51,50496,48866038.00,4.10,-0.92,-0.09,4.86
2020-07-20,9.77,10.28,10.40,9.77,64678,65724675.00,6.52,6.42,0.62,6.23
2020-07-21,10.38,10.49,10.58,10.22,60248,62751553.00,3.50,2.04,0.21,5.80
2020-07-22,10.41,10.55,10.85,10.31,64993,69015876.00,5.15,0.57,0.06,6.26
2020-07-23,10.66,10.54,10.98,10.30,84278,89326616.00,6.45,-0.09,-0.01,8.12
2020-07-24,10.42,10.08,10.58,9.97,57893,59261031.00,5.79,-4.36,-0.46,5.57
2020-07-27,10.13,10.23,10.35,10.00,35797,36397798.00,3.47,1.49,0.15,3.45
2020-07-28,10.35,10.90,10.98,10.24,94756,101877889.00,7.23,6.55,0.67,9.12
2020-07-29,10.82,11.30,11.47,10.80,101449,113656608.00,6.15,3.67,0.40,9.77
2020-07-30,11.40,11.88,12.03,11.21,109179,127317373.00,7.26,5.13,0.58,10.51
2020-07-31,11.71,11.81,11.97,11.62,73556,86755348.00,2.95,-0.59,-0.07,7.08
2020-08-03,12.03,12.99,12.99,11.85,113777,143860492.00,9.65,9.99,1.18,10.96
2020-08-04,13.35,12.40,13.89,12.40,122453,159125736.00,11.47,-4.54,-0.59,11.79
2020-08-05,12.50,13.64,13.64,12.50,136994,180922989.00,9.19,10.00,1.24,13.19
2020-08-06,13.23,13.00,13.36,12.83,120842,157626615.00,3.89,-4.69,-0.64,11.64
2020-08-07,12.90,12.46,13.28,12.15,88112,111260467.00,8.69,-4.15,-0.54,8.48
2020-08-10,12.50,12.51,12.99,12.22,66932,84241382.00,6.18,0.40,0.05,6.45
2020-08-11,12.83,12.44,13.18,12.37,78175,99346850.00,6.47,-0.56,-0.07,7.53
2020-08-12,12.37,12.10,12.68,11.87,63796,77333415.00,6.51,-2.73,-0.34,6.14
2020-08-13,12.14,11.99,12.30,11.85,42895,51623044.00,3.72,-0.91,-0.11,4.13
2020-08-14,12.02,12.20,12.20,11.77,37871,45476704.00,3.59,1.75,0.21,3.65
2020-08-17,12.30,12.39,12.55,12.05,50918,62643511.00,4.10,1.56,0.19,4.90
2020-08-18,12.50,12.85,13.45,12.22,102015,132332631.00,9.93,3.71,0.46,9.82
2020-08-19,12.97,12.63,13.14,12.49,52525,67385760.00,5.06,-1.71,-0.22,5.06
2020-08-20,12.47,12.21,12.60,12.11,34410,42308977.00,3.88,-3.33,-0.42,3.31
2020-08-21,12.39,12.26,12.45,12.05,26742,32804776.00,3.28,0.41,0.05,2.58
2020-08-24,12.29,13.01,13.09,12.07,54392,69061156.00,8.32,6.12,0.75,5.24
2020-08-25,13.01,12.89,13.11,12.65,29477,37821438.00,3.54,-0.92,-0.12,2.84
2020-08-26,12.79,12.22,12.80,12.11,51365,63457066.00,5.35,-5.20,-0.67,4.95
2020-08-27,12.03,11.54,12.20,11.40,66513,77408016.00,6.55,-5.56,-0.68,6.40
2020-08-28,11.54,11.53,11.65,11.31,41330,47474579.00,2.95,-0.09,-0.01,3.98
2020-08-31,11.80,11.64,12.14,11.55,53230,62905860.00,5.12,0.95,0.11,5.13
2020-09-01,11.68,11.69,11.85,11.44,32579,37961084.00,3.52,0.43,0.05,3.14
2020-09-02,11.60,11.48,11.90,11.16,56134,64598895.00,6.33,-1.80,-0.21,5.41
2020-09-03,11.60,11.41,11.65,11.26,43674,50075419.00,3.40,-0.61,-0.07,4.21
2020-09-04,11.32,11.21,11.48,11.03,43445,48661263.00,3.94,-1.75,-0.20,4.18
2020-09-07,11.38,10.91,11.43,10.89,42508,47342095.00,4.82,-2.68,-0.30,4.09
2020-09-08,10.95,11.06,11.16,10.84,29382,32325384.00,2.93,1.37,0.15,2.83
2020-09-09,10.91,10.88,11.19,10.63,43183,47168014.00,5.06,-1.63,-0.18,4.16
2020-09-10,10.86,10.39,10.91,10.33,36916,39105499.00,5.33,-4.50,-0.49,3.55
2020-09-11,10.50,10.47,10.57,10.18,28667,29919357.00,3.75,0.77,0.08,2.76
2020-09-14,10.59,10.48,10.70,10.28,34378,36011198.00,4.01,0.10,0.01,3.31
2020-09-15,10.48,10.50,10.77,10.27,38658,40622836.00,4.77,0.19,0.02,3.72
2020-09-16,10.55,10.35,10.55,10.20,28064,29039996.00,3.33,-1.43,-0.15,2.70
2020-09-17,10.28,10.30,10.56,10.11,28971,29866960.00,4.35,-0.48,-0.05,2.79
2020-09-18,10.30,10.48,10.53,10.15,48836,50686308.00,3.69,1.75,0.18,4.70
2020-09-21,10.54,10.29,10.55,10.29,34014,35297104.00,2.48,-1.81,-0.19,3.28
2020-09-22,10.18,10.06,10.31,9.97,28803,29205907.00,3.30,-2.24,-0.23,2.77
2020-09-23,10.07,10.02,10.20,9.96,31014,31200845.00,2.39,-0.40,-0.04,2.99
2020-09-24,9.96,9.75,9.98,9.69,31607,31024577.00,2.89,-2.69,-0.27,3.04
2020-09-25,9.78,9.65,9.78,9.54,52910,51088879.00,2.46,-1.03,-0.10,5.10
2020-09-28,9.77,9.40,9.78,9.33,26402,25008801.00,4.66,-2.59,-0.25,2.54
2020-09-29,9.55,9.51,9.84,9.43,44505,42749121.00,4.36,1.17,0.11,4.29
2020-09-30,9.60,9.34,9.62,9.23,28980,27153529.00,4.10,-1.79,-0.17,2.79
2020-10-09,9.49,9.93,10.04,9.45,45099,44323002.00,6.32,6.32,0.59,4.34
2020-10-12,10.05,10.72,10.82,9.95,72357,76036440.00,8.76,7.96,0.79,6.97
2020-10-13,10.75,10.85,10.94,10.45,43004,46268725.00,4.57,1.21,0.13,4.14
2020-10-14,11.47,10.75,11.48,10.65,102059,112864047.00,7.65,-0.92,-0.10,9.83
2020-10-15,10.86,10.84,11.09,10.60,50464,54734715.00,4.56,0.84,0.09,4.86
2020-10-16,10.84,10.90,11.27,10.75,57105,62981789.00,4.80,0.55,0.06,5.50
2020-10-19,11.16,10.87,11.16,10.82,32317,35508619.00,3.12,-0.28,-0.03,3.11
2020-10-20,10.85,10.87,10.97,10.71,26973,29324786.00,2.39,0.00,0.00,2.60
2020-10-21,11.00,10.59,11.00,10.51,32463,34543643.00,4.51,-2.58,-0.28,3.13
2020-10-22,10.56,10.69,10.75,10.36,24211,25560070.00,3.68,0.94,0.10,2.33
2020-10-23,10.80,10.49,10.90,10.47,29260,31158051.00,4.02,-1.87,-0.20,2.82
2020-10-26,10.60,10.53,10.68,10.37,27997,29415300.00,2.96,0.38,0.04,1.29
2020-10-27,10.50,10.68,10.83,10.38,26168,27918073.00,4.27,1.42,0.15,1.21
2020-10-28,10.69,10.95,10.95,10.55,26823,28948657.00,3.75,2.53,0.27,1.24
2020-10-29,10.76,10.88,10.95,10.74,23099,25067102.00,1.92,-0.64,-0.07,1.06
2020-10-30,10.80,10.41,11.01,10.39,41478,44001218.00,5.70,-4.32,-0.47,1.91
2020-11-02,10.49,10.50,10.80,10.25,37372,39130991.00,5.28,0.86,0.09,1.72
2020-11-03,10.51,10.64,11.07,10.49,57649,61663657.00,5.52,1.33,0.14,2.66
2020-11-04,10.56,10.40,10.70,10.36,36124,37974646.00,3.20,-2.26,-0.24,1.67
2020-11-05,10.56,10.84,10.86,10.40,42017,44679268.00,4.42,4.23,0.44,1.94
2020-11-06,10.93,11.15,11.30,10.50,71558,78031750.00,7.38,2.86,0.31,3.30
2020-11-09,11.22,11.73,11.82,11.08,112340,130116420.00,6.64,5.20,0.58,5.18
2020-11-10,11.73,11.68,11.96,11.55,82453,96447298.00,3.50,-0.43,-0.05,3.80
2020-11-11,11.61,11.32,11.79,11.25,61993,71295962.00,4.62,-3.08,-0.36,2.86
2020-11-12,11.36,11.65,11.78,11.08,115165,131667112.00,6.18,2.92,0.33,5.31
2020-11-13,11.49,11.21,11.52,10.88,99932,112120277.00,5.49,-3.78,-0.44,4.61
2020-11-16,11.28,11.33,11.70,11.16,86430,98326778.00,4.82,1.07,0.12,3.98
2020-11-17,11.29,11.71,11.78,11.25,97433,113041345.00,4.68,3.35,0.38,4.49
2020-11-18,11.69,12.43,12.44,11.50,164498,198666523.00,8.03,6.15,0.72,7.58
2020-11-19,12.30,12.03,12.32,11.80,115382,138500890.00,4.18,-3.22,-0.40,5.32
2020-11-20,12.01,12.02,12.38,11.60,113426,135757510.00,6.48,-0.08,-0.01,5.23
2020-11-23,12.03,12.17,12.35,11.73,106114,128084060.00,5.16,1.25,0.15,4.89
2020-11-24,11.97,11.95,12.10,11.81,59495,71034244.00,2.38,-1.81,-0.22,2.74
2020-11-25,11.95,11.48,12.05,11.43,63992,74730703.00,5.19,-3.93,-0.47,2.95
2020-11-26,11.44,11.95,12.11,11.39,80179,94134991.00,6.27,4.09,0.47,3.70
2020-11-27,11.89,11.38,11.93,11.02,77597,89284132.00,7.62,-4.77,-0.57,3.58
2020-11-30,11.38,11.37,11.70,11.22,51536,59200151.00,4.22,-0.09,-0.01,2.38
2020-12-01,11.39,11.27,11.39,11.06,43404,48717376.00,2.90,-0.88,-0.10,2.01
2020-12-02,11.29,10.95,11.36,10.91,55049,60827889.00,3.99,-2.84,-0.32,2.55
2020-12-03,11.00,11.02,11.06,10.83,35887,39278300.00,2.10,0.64,0.07,1.66
2020-12-04,11.04,11.42,11.50,11.04,62210,70245082.00,4.17,3.63,0.40,2.88
2020-12-07,11.49,11.40,11.53,11.20,46367,52628117.00,2.89,-0.18,-0.02,2.14
2020-12-08,11.28,11.07,11.33,11.05,28596,31859845.00,2.46,-2.89,-0.33,1.32
2020-12-09,11.01,10.78,11.21,10.78,32396,35527667.00,3.88,-2.62,-0.29,1.50
2020-12-10,10.77,10.60,10.84,10.40,36763,39094722.00,4.08,-1.67,-0.18,1.70
2020-12-11,10.77,10.22,10.77,10.16,36450,37690505.00,5.75,-3.58,-0.38,1.69
2020-12-14,10.21,10.11,10.31,10.04,27803,28191412.00,2.64,-1.08,-0.11,1.29
2020-12-15,10.14,10.20,10.25,10.08,21223,21599255.00,1.68,0.89,0.09,0.98
2020-12-16,10.23,10.08,10.27,10.06,20104,20344671.00,2.06,-1.18,-0.12,0.93
2020-12-17,10.12,10.32,10.36,9.82,36462,36872459.00,5.36,2.38,0.24,1.69
2020-12-18,10.31,10.14,10.40,10.11,23129,23673710.00,2.81,-1.74,-0.18,1.07
2020-12-21,10.08,10.22,10.35,10.05,24824,25418937.00,2.96,0.79,0.08,1.15
2020-12-22,10.12,10.05,10.25,10.01,26453,26809385.00,2.35,-1.66,-0.17,1.22
2020-12-23,10.03,10.19,10.22,10.01,17877,18065115.00,2.09,1.39,0.14,0.83
2020-12-24,10.18,9.99,10.18,9.85,31016,30938560.00,3.24,-1.96,-0.20,1.43
2020-12-25,9.89,9.95,10.07,9.84,14753,14636134.00,2.30,-0.40,-0.04,0.68
2020-12-28,9.94,9.55,9.95,9.53,32731,31688314.00,4.22,-4.02,-0.40,1.51
2020-12-29,9.55,9.66,9.78,9.51,17080,16493268.00,2.83,1.15,0.11,0.79
2020-12-30,9.65,9.90,9.96,9.55,23649,23173742.00,4.24,2.48,0.24,1.09
2020-12-31,9.90,10.30,10.38,9.89,32070,32624985.00,4.95,4.04,0.40,1.48
2021-01-04,10.50,10.50,10.74,10.35,28782,30346415.00,3.79,1.94,0.20,1.33
2021-01-05,10.51,10.59,10.66,10.36,29343,30907071.00,2.86,0.86,0.09,1.36
2021-01-06,10.60,10.33,10.62,10.22,19871,20514543.00,3.78,-2.46,-0.26,0.92
2021-01-07,10.65,9.97,10.65,9.83,31432,31497905.00,7.94,-3.48,-0.36,1.45
2021-01-08,9.87,9.72,10.09,9.62,39633,38807620.00,4.71,-2.51,-0.25,1.83
2021-01-11,9.73,9.42,9.80,9.31,38882,37047696.00,5.04,-3.09,-0.30,1.80
2021-01-12,9.49,9.50,9.70,9.33,19945,19003306.00,3.93,0.85,0.08,0.92
2021-01-13,9.41,9.37,9.46,9.22,19810,18419154.00,2.53,-1.37,-0.13,0.92
2021-01-14,9.37,9.51,9.63,9.23,20812,19606773.00,4.27,1.49,0.14,0.96
2021-01-15,9.43,9.77,9.85,9.43,22473,21817688.00,4.42,2.73,0.26,1.04
2021-01-18,9.74,9.79,9.97,9.67,29083,28579348.00,3.07,0.20,0.02,1.35
2021-01-19,9.67,9.92,9.99,9.65,20532,20284958.00,3.47,1.33,0.13,0.95
2021-01-20,9.93,9.80,9.96,9.75,14488,14227188.00,2.12,-1.21,-0.12,0.67
2021-01-21,9.84,9.74,9.93,9.66,17497,17094587.00,2.76,-0.61,-0.06,0.81
2021-01-22,9.86,9.69,9.86,9.58,15083,14577159.00,2.87,-0.51,-0.05,0.70
2021-01-25,9.80,9.54,9.94,9.40,26657,25725320.00,5.57,-1.55,-0.15,1.23
2021-01-26,9.54,9.44,9.61,9.41,12193,11587843.00,2.10,-1.05,-0.10,0.56
2021-01-27,9.48,9.33,9.56,9.32,15277,14382185.00,2.54,-1.17,-0.11,0.71
2021-01-28,9.31,9.20,9.44,9.16,21717,20168969.00,3.00,-1.39,-0.13,1.00
2021-01-29,9.20,9.02,9.27,8.89,24037,21782721.00,4.13,-1.96,-0.18,1.11
2021-02-01,9.03,9.11,9.29,8.12,20082,18363840.00,12.97,1.00,0.09,0.93
2021-02-02,9.33,9.46,9.68,9.16,25031,23490433.00,5.71,3.84,0.35,1.16
2021-02-03,9.36,9.22,9.60,9.17,16448,15333434.00,4.55,-2.54,-0.24,0.76
2021-02-04,9.20,9.03,9.29,8.97,15023,13652396.00,3.47,-2.06,-0.19,0.69
2021-02-05,9.05,8.97,9.17,8.86,13459,12120781.00,3.43,-0.66,-0.06,0.62
2021-02-08,9.06,9.26,9.30,8.94,18231,16558073.00,4.01,3.23,0.29,0.84
2021-02-09,9.25,9.53,9.59,9.18,22447,21310676.00,4.43,2.92,0.27,1.04
2021-02-10,9.66,9.53,9.66,9.40,14492,13764267.00,2.73,0.00,0.00,0.67
2021-02-18,9.53,9.73,9.98,9.53,19351,18814881.00,4.72,2.10,0.20,0.89
2021-02-19,9.63,9.89,9.91,9.63,15913,15678150.00,2.88,1.64,0.16,0.74
2021-02-22,9.95,10.02,10.30,9.95,26723,27033562.00,3.54,1.31,0.13,1.24
2021-02-23,9.98,9.95,10.16,9.85,16524,16497952.00,3.09,-0.70,-0.07,0.76
2021-02-24,9.99,9.98,10.13,9.93,16532,16580507.00,2.01,0.30,0.03,0.76
2021-02-25,10.00,10.08,10.16,9.93,14888,14876838.00,2.30,1.00,0.10,0.69
2021-02-26,10.00,9.99,10.06,9.88,14128,14060712.00,1.79,-0.89,-0.09,0.65
2021-03-01,10.00,10.21,10.25,9.97,23800,24034066.00,2.80,2.20,0.22,1.10
2021-03-02,10.22,10.08,10.33,10.00,15335,15518231.00,3.23,-1.27,-0.13,0.71
2021-03-03,10.09,10.22,10.24,10.04,15785,15997964.00,1.98,1.39,0.14,0.73
2021-03-04,10.17,10.13,10.23,10.07,16057,16298031.00,1.57,-0.88,-0.09,0.74
2021-03-05,10.13,10.15,10.19,10.06,14014,14206580.00,1.28,0.20,0.02,0.65
2021-03-08,10.11,10.14,10.25,10.04,16036,16229703.00,2.07,-0.10,-0.01,0.74
2021-03-09,10.13,9.69,10.13,9.47,25208,24551520.00,6.51,-4.44,-0.45,1.17
2021-03-10,9.69,9.82,9.86,9.60,13297,12939845.00,2.68,1.34,0.13,0.61
2021-03-11,9.86,10.09,10.25,9.76,13228,13109294.00,4.99,2.75,0.27,0.61
2021-03-12,10.09,10.14,10.17,9.97,14255,14380157.00,1.98,0.50,0.05,0.66
2021-03-15,10.22,10.20,10.32,10.08,17265,17644636.00,2.37,0.59,0.06,0.80
2021-03-16,10.13,10.18,10.25,10.11,13795,14047822.00,1.37,-0.20,-0.02,0.64
2021-03-17,10.14,10.18,10.27,10.00,12773,12914106.00,2.65,0.00,0.00,0.59
2021-03-18,10.13,10.64,10.66,10.11,42226,44183202.00,5.40,4.52,0.46,1.95
2021-03-19,10.50,10.38,10.65,10.30,26810,27998884.00,3.29,-2.44,-0.26,1.24
2021-03-22,10.33,10.51,10.60,10.30,22119,23010470.00,2.89,1.25,0.13,1.02
2021-03-23,10.50,10.71,10.72,10.40,28657,30173297.00,3.04,1.90,0.20,1.32
2021-03-24,10.66,10.85,10.94,10.55,44472,47933670.00,3.64,1.31,0.14,2.06
2021-03-25,10.87,10.85,10.98,10.51,35059,37729235.00,4.33,0.00,0.00,1.62
2021-03-26,10.79,10.95,10.98,10.51,33042,35513919.00,4.33,0.92,0.10,1.53
2021-03-29,10.90,11.35,11.36,10.73,52795,58771837.00,5.75,3.65,0.40,2.44
2021-03-30,11.53,10.81,11.73,10.77,92503,105169688.00,8.46,-4.76,-0.54,4.28
2021-03-31,10.58,10.60,10.83,10.42,27135,28637863.00,3.79,-1.94,-0.21,1.25
2021-04-01,10.70,10.53,10.71,10.43,19360,20295159.00,2.64,-0.66,-0.07,0.89
2021-04-02,10.51,10.31,10.51,10.21,22434,23125163.00,2.85,-2.09,-0.22,1.04
2021-04-06,10.20,10.40,10.48,10.19,14033,14572934.00,2.81,0.87,0.09,0.65
2021-04-07,10.50,10.42,10.50,10.29,17110,17763499.00,2.02,0.19,0.02,0.79
2021-04-08,10.41,10.21,10.42,10.21,15562,15987660.00,2.02,-2.02,-0.21,0.72
2021-04-09,10.36,10.55,10.64,10.31,30318,31776856.00,3.23,3.33,0.34,1.40
2021-04-12,10.48,10.45,10.65,10.29,21010,21927394.00,3.41,-0.95,-0.10,0.97
2021-04-13,10.51,10.34,10.55,10.26,10910,11297350.00,2.78,-1.05,-0.11,0.50
2021-04-14,10.19,10.03,10.19,9.95,23965,24050248.00,2.32,-3.00,-0.31,1.11
2021-04-15,10.18,10.17,10.21,10.02,13476,13648572.00,1.89,1.40,0.14,0.62
2021-04-16,10.16,10.35,10.38,10.15,11213,11517156.00,2.26,1.77,0.18,0.52
2021-04-19,10.31,10.31,10.38,10.31,13656,14115603.00,0.68,-0.39,-0.04,0.63
2021-04-20,10.31,10.13,10.34,10.10,17874,18208610.00,2.33,-1.75,-0.18,0.83
2021-04-21,10.13,10.14,10.22,10.06,7355,7461493.00,1.58,0.10,0.01,0.34
2021-04-22,10.14,10.13,10.20,10.06,10488,10613854.00,1.38,-0.10,-0.01,0.48
2021-04-23,10.13,10.06,10.16,10.02,10276,10357946.00,1.38,-0.69,-0.07,0.47
2021-04-26,10.05,10.07,10.18,10.03,10454,10556092.00,1.49,0.10,0.01,0.48
2021-04-27,10.08,10.00,10.08,9.87,11731,11667206.00,2.09,-0.70,-0.07,0.54
2021-04-28,9.95,10.01,10.04,9.95,7396,7394639.00,0.90,0.10,0.01,0.34
2021-04-29,10.01,10.07,10.10,9.82,7966,7984238.00,2.80,0.60,0.06,0.37
2021-04-30,10.07,9.88,10.07,9.76,17600,17406337.00,3.08,-1.89,-0.19,0.81
2021-05-06,9.87,9.61,9.87,9.60,13747,13313444.00,2.73,-2.73,-0.27,0.64
2021-05-07,9.66,9.38,9.66,9.37,13806,13125261.00,3.02,-2.39,-0.23,0.64
2021-05-10,9.41,9.45,9.48,9.36,7648,7202023.00,1.28,0.75,0.07,0.35
2021-05-11,9.41,9.37,9.43,9.27,14919,13937045.00,1.69,-0.85,-0.08,0.69
2021-05-12,9.30,9.38,9.39,9.24,8073,7516893.00,1.60,0.11,0.01,0.37
2021-05-13,9.38,9.38,9.45,9.31,10904,10227234.00,1.49,0.00,0.00,0.50
2021-05-14,9.38,9.44,9.50,9.36,12581,11856771.00,1.49,0.64,0.06,0.58
2021-05-17,9.50,9.38,9.50,9.36,7814,7345534.00,1.48,-0.64,-0.06,0.36
2021-05-18,9.39,9.33,9.39,9.30,6394,5960907.00,0.96,-0.53,-0.05,0.30
2021-05-19,9.33,9.25,9.34,9.22,8219,7625472.00,1.29,-0.86,-0.08,0.38
2021-05-20,9.27,9.21,9.27,9.12,8169,7492706.00,1.62,-0.43,-0.04,0.38
2021-05-21,9.22,9.28,9.30,9.17,5717,5289057.00,1.41,0.76,0.07,0.26
2021-05-24,9.30,9.41,9.44,9.28,10402,9772358.00,1.72,1.40,0.13,0.48
2021-05-25,9.41,9.49,9.50,9.34,9153,8630342.00,1.70,0.85,0.08,0.42
2021-05-26,9.97,9.48,9.98,9.48,15779,15105040.00,5.27,-0.11,-0.01,0.73
2021-05-27,9.45,9.41,9.56,9.37,10895,10295279.00,2.00,-0.74,-0.07,0.50
2021-05-28,9.42,9.27,9.44,9.20,16150,14987595.00,2.55,-1.49,-0.14,0.75
2021-05-31,9.28,9.21,9.30,9.18,15521,14319069.00,1.29,-0.65,-0.06,0.72
2021-06-01,9.24,9.44,9.45,9.20,11425,10663508.00,2.71,2.50,0.23,0.53
2021-06-02,9.40,9.30,9.48,9.28,8672,8121979.00,2.12,-1.48,-0.14,0.40
2021-06-03,9.33,9.33,9.36,9.30,5393,5037181.00,0.65,0.32,0.03,0.25
2021-06-04,9.33,9.47,9.48,9.31,9867,9277425.00,1.82,1.50,0.14,0.46
2021-06-07,9.51,9.47,9.53,9.44,7706,7305069.00,0.95,0.00,0.00,0.36
2021-06-08,9.54,9.59,9.61,9.36,9853,9325152.00,2.64,1.27,0.12,0.46
2021-06-09,9.58,9.59,9.61,9.48,11335,10835730.00,1.36,0.00,0.00,0.52
2021-06-10,9.60,9.54,9.60,9.51,10140,9686110.00,0.94,-0.52,-0.05,0.47
2021-06-11,9.56,9.60,9.62,9.51,9724,9284186.00,1.15,0.63,0.06,0.45
2021-06-15,9.59,9.43,9.59,9.38,9601,9069376.00,2.19,-1.77,-0.17,0.44
2021-06-16,9.43,9.27,9.44,9.25,7348,6858633.00,2.01,-1.70,-0.16,0.34
2021-06-17,9.28,9.28,9.40,9.25,5112,4752950.00,1.62,0.11,0.01,0.24
2021-06-18,9.40,9.52,9.58,9.26,16138,15293019.00,3.45,2.59,0.24,0.75
2021-06-21,9.45,9.47,9.49,9.37,13204,12447303.00,1.26,-0.53,-0.05,0.61
2021-06-22,9.50,9.50,9.54,9.43,8446,8003873.00,1.16,0.32,0.03,0.39
2021-06-23,9.46,9.46,9.55,9.43,7225,6850693.00,1.26,-0.42,-0.04,0.33
2021-06-24,9.46,9.40,9.50,9.38,6544,6167614.00,1.27,-0.63,-0.06,0.30
2021-06-25,9.37,9.42,9.46,9.34,7546,7088461.00,1.28,0.21,0.02,0.35
2021-06-28,9.40,9.39,9.44,9.36,6482,6089859.00,0.85,-0.32,-0.03,0.30
2021-06-29,9.58,9.48,9.59,9.46,13794,13128367.00,1.38,0.96,0.09,0.64
2021-06-30,9.55,9.41,9.55,9.38,9018,8494867.00,1.79,-0.74,-0.07,0.42
2021-07-01,9.37,9.40,9.40,9.30,7880,7364462.00,1.06,-0.11,-0.01,0.36
2021-07-02,9.40,9.32,9.40,9.30,5247,4894062.00,1.06,-0.85,-0.08,0.24
2021-07-05,9.30,9.38,9.39,9.18,8491,7886674.00,2.25,0.64,0.06,0.39
2021-07-06,9.37,9.41,9.45,9.33,6982,6551946.00,1.28,0.32,0.03,0.32
2021-07-07,9.41,9.40,9.42,9.34,5794,5434698.00,0.85,-0.11,-0.01,0.27
2021-07-08,9.41,9.45,9.53,9.38,14752,13933147.00,1.60,0.53,0.05,0.59
2021-07-09,9.42,9.55,9.57,9.38,23832,22597045.00,2.01,1.06,0.10,0.96
2021-07-12,9.37,9.38,9.48,8.88,39128,36254209.00,6.28,-1.78,-0.17,1.57
2021-07-13,9.22,9.29,9.47,9.19,22960,21345773.00,2.99,-0.96,-0.09,0.92
2021-07-14,9.34,9.39,9.63,9.30,36419,34474395.00,3.55,1.08,0.10,1.46
2021-07-15,9.40,9.25,9.41,9.16,21947,20311724.00,2.66,-1.49,-0.14,0.88
2021-07-16,9.21,9.19,9.32,9.09,19036,17503673.00,2.49,-0.65,-0.06,0.76
