2017-05-22,29.16,29.16,29.16,29.16,34,99756.00,0.00,10.00,2.65,0.02
2017-05-23,32.08,32.08,32.08,32.08,21,67303.00,0.00,10.01,2.92,0.01
2017-05-24,35.29,35.29,35.29,35.29,38,134102.00,0.00,10.01,3.21,0.02
2017-05-25,38.82,38.82,38.82,38.82,267,1036494.00,0.00,10.00,3.53,0.16
2017-05-26,42.70,42.70,42.70,42.70,609,2600088.00,0.00,9.99,3.88,0.35
2017-05-31,46.97,46.97,46.97,46.97,366,1720229.00,0.00,10.00,4.27,0.21
2017-06-01,51.67,51.67,51.67,51.67,17184,88789831.00,0.00,10.01,4.70,9.98
2017-06-02,48.88,47.62,50.16,46.66,83778,405068976.00,6.77,-7.84,-4.05,48.65
2017-06-05,50.00,52.38,52.38,49.56,105524,543865776.00,5.92,10.00,4.76,61.28
2017-06-06,47.87,48.55,50.34,47.14,85111,412716560.00,6.11,-7.31,-3.83,49.43
2017-06-07,47.83,53.41,53.41,47.83,103930,533614432.00,11.49,10.01,4.86,60.35
2017-06-08,52.98,48.12,52.98,48.07,88281,445486576.00,9.19,-9.90,-5.29,51.27
2017-06-09,48.55,48.80,49.80,47.89,52783,257864741.00,3.97,1.41,0.68,30.65
2017-06-12,46.90,45.09,46.99,44.52,52296,239790670.00,5.06,-7.60,-3.71,30.37
2017-06-13,45.00,46.49,47.95,44.99,40386,187172126.00,6.56,3.10,1.40,23.45
2017-06-14,45.90,44.70,45.93,44.25,38620,174104804.00,3.61,-3.85,-1.79,22.43
2017-06-15,44.52,45.55,46.19,44.50,32126,146365506.00,3.78,1.90,0.85,18.66
2017-06-16,45.37,45.20,45.62,44.49,23912,107947033.00,2.48,-0.77,-0.35,13.89
2017-06-19,45.35,45.00,45.68,44.61,18281,82240771.00,2.37,-0.44,-0.20,10.62
2017-06-20,45.00,45.03,45.80,44.72,19709,89100908.00,2.40,0.07,0.03,11.45
2017-06-21,45.01,45.15,45.29,44.66,14615,65677789.00,1.40,0.27,0.12,8.49
2017-06-22,45.15,45.65,46.98,45.14,40815,188436243.00,4.08,1.11,0.50,23.70
2017-06-23,45.38,44.08,45.50,42.69,33211,146547338.00,6.16,-3.44,-1.57,19.29
2017-06-26,43.58,43.88,44.18,42.95,16725,73190096.00,2.79,-0.45,-0.20,9.71
2017-06-27,43.80,43.89,45.00,43.70,15808,69984594.00,2.96,0.02,0.01,9.18
2017-06-28,43.68,43.08,43.99,42.70,19266,83145406.00,2.94,-1.85,-0.81,11.19
2017-06-29,43.00,43.00,43.39,42.85,10794,46504775.00,1.25,-0.19,-0.08,6.27
2017-06-30,42.56,43.90,44.55,42.20,25911,113924384.00,5.47,2.09,0.90,15.05
2017-07-03,43.77,44.00,44.29,43.53,17909,78681938.00,1.73,0.23,0.10,10.40
2017-07-04,44.00,44.10,44.55,43.70,12765,56259588.00,1.93,0.23,0.10,7.41
2017-07-05,43.92,44.77,45.21,43.89,22603,100996351.00,2.99,1.52,0.67,13.13
2017-07-06,44.76,44.93,45.43,44.40,22489,101097453.00,2.30,0.36,0.16,13.06
2017-07-07,45.20,45.45,46.20,45.00,28039,128116169.00,2.67,1.16,0.52,16.28
2017-07-10,44.51,43.12,44.80,43.00,24234,105959911.00,3.96,-5.13,-2.33,14.07
2017-07-11,43.12,42.36,43.35,42.25,12310,52722631.00,2.55,-1.76,-0.76,7.15
2017-07-12,42.20,42.43,42.50,41.03,13613,56998927.00,3.47,0.17,0.07,7.91
2017-07-13,42.12,41.70,42.12,41.50,7673,32079624.00,1.46,-1.72,-0.73,4.46
2017-07-14,41.70,41.70,42.51,41.51,8164,34269721.00,2.40,0.00,0.00,4.74
2017-07-17,41.07,37.53,41.28,37.53,21633,83371027.00,8.99,-10.00,-4.17,12.56
2017-07-18,37.14,37.23,37.59,36.48,11083,41173019.00,2.96,-0.80,-0.30,6.44
2017-07-19,36.97,37.60,37.80,36.52,9848,36621056.00,3.44,0.99,0.37,5.72
2017-07-20,37.40,37.30,38.21,37.25,8424,31815957.00,2.55,-0.80,-0.30,4.89
2017-07-21,37.03,36.85,37.59,36.75,5984,22139807.00,2.25,-1.21,-0.45,3.47
2017-07-24,36.33,37.23,37.23,35.68,11631,42381839.00,4.21,1.03,0.38,6.75
2017-07-25,36.92,36.99,37.47,36.90,7009,26050152.00,1.53,-0.64,-0.24,4.07
2017-07-26,36.98,36.62,37.22,36.57,5370,19773247.00,1.76,-1.00,-0.37,3.12
2017-07-27,36.66,37.68,37.91,36.50,12055,45146509.00,3.85,2.89,1.06,7.00
2017-07-28,37.80,37.35,37.80,37.30,7218,27057006.00,1.33,-0.88,-0.33,4.19
2017-07-31,37.20,37.34,37.72,37.06,5506,20592044.00,1.77,-0.03,-0.01,3.20
2017-08-01,37.32,37.59,37.61,36.80,6923,25805186.00,2.17,0.67,0.25,4.02
2017-08-02,37.47,37.03,37.70,37.01,6795,25343119.00,1.84,-1.49,-0.56,3.95
2017-08-03,37.06,37.26,37.68,36.72,7678,28667317.00,2.59,0.62,0.23,4.46
2017-08-04,37.45,36.70,37.45,36.51,6548,24149317.00,2.52,-1.50,-0.56,3.80
2017-08-07,37.00,37.00,37.30,36.55,4767,17659067.00,2.04,0.82,0.30,2.77
2017-08-08,36.95,37.25,37.27,36.85,4779,17720213.00,1.14,0.68,0.25,2.78
2017-08-09,37.26,37.85,38.30,37.03,10836,40794219.00,3.41,1.61,0.60,6.29
2017-08-10,37.85,36.86,37.85,36.60,8063,29968327.00,3.30,-2.62,-0.99,4.68
2017-08-11,36.78,36.24,36.78,36.17,6510,23692207.00,1.65,-1.68,-0.62,3.78
2017-08-14,36.18,36.80,36.93,36.07,4191,15386816.00,2.37,1.55,0.56,2.43
2017-08-15,36.80,37.34,37.34,36.80,5857,21711117.00,1.47,1.47,0.54,3.40
2017-08-16,37.38,38.01,38.09,37.15,10324,38987853.00,2.52,1.79,0.67,6.00
2017-08-17,39.53,39.86,40.83,39.53,34036,136244201.00,3.42,4.87,1.85,19.77
2017-08-18,38.98,38.75,39.18,38.39,18326,71018425.00,1.98,-2.78,-1.11,10.64
2017-08-21,38.65,39.46,39.59,38.60,10210,40082932.00,2.55,1.83,0.71,5.93
2017-08-22,39.25,39.19,39.99,39.12,11421,45194791.00,2.20,-0.68,-0.27,6.63
2017-08-23,39.01,38.93,39.30,38.52,8032,31274010.00,1.99,-0.66,-0.26,4.66
2017-08-24,38.84,38.99,39.71,38.84,9778,38383176.00,2.23,0.15,0.06,5.68
2017-08-25,38.88,40.16,40.16,38.70,14256,56464585.00,3.74,3.00,1.17,8.28
2017-08-28,40.33,41.15,41.56,40.33,17713,72646375.00,3.06,2.47,0.99,10.29
2017-08-29,40.88,41.14,42.50,40.80,22285,92407311.00,4.13,-0.02,-0.01,12.94
2017-08-30,40.81,40.38,41.33,40.20,12995,52866420.00,2.75,-1.85,-0.76,7.55
2017-08-31,40.38,41.94,42.17,40.35,19116,79377856.00,4.51,3.86,1.56,11.10
2017-09-01,41.78,42.25,42.48,41.76,15793,66601655.00,1.72,0.74,0.31,9.17
2017-09-04,42.25,41.40,42.30,41.31,14535,60705891.00,2.34,-2.01,-0.85,8.44
2017-09-05,41.30,41.51,41.80,41.27,7923,32892607.00,1.28,0.27,0.11,4.60
2017-09-06,41.51,41.41,41.60,40.81,9225,38054158.00,1.90,-0.24,-0.10,5.36
2017-09-07,41.41,41.39,41.98,41.25,11033,46014951.00,1.76,-0.05,-0.02,6.41
2017-09-08,41.28,41.51,41.98,41.14,11091,46055998.00,2.03,0.29,0.12,6.44
2017-09-11,41.55,42.37,42.39,41.42,12595,52921646.00,2.34,2.07,0.86,7.31
2017-09-12,42.35,40.92,42.35,40.83,13675,56841169.00,3.59,-3.42,-1.45,7.94
2017-09-13,41.02,41.40,41.49,40.83,5553,22856961.00,1.61,1.17,0.48,3.22
2017-09-14,41.41,41.38,41.59,41.05,6954,28734588.00,1.30,-0.05,-0.02,4.04
2017-09-15,41.33,40.73,41.40,40.71,6100,25040331.00,1.67,-1.57,-0.65,3.54
2017-09-18,40.72,40.86,40.93,40.22,4875,19791158.00,1.74,0.32,0.13,2.83
2017-09-19,40.87,41.40,41.60,40.73,7454,30768424.00,2.13,1.32,0.54,4.33
2017-09-20,41.17,41.58,41.62,40.98,8237,34052431.00,1.55,0.43,0.18,4.78
2017-09-21,41.45,41.67,42.11,41.33,11474,48067451.00,1.88,0.22,0.09,6.66
2017-09-22,41.67,43.10,43.60,41.01,20416,86852165.00,6.22,3.43,1.43,11.86
2017-09-25,42.90,42.61,44.42,42.50,17679,76917742.00,4.45,-1.14,-0.49,10.27
2017-09-26,42.61,41.80,42.95,41.22,11678,48878513.00,4.06,-1.90,-0.81,6.78
2017-09-27,41.72,43.45,43.51,41.50,13454,57452604.00,4.81,3.95,1.65,7.81
2017-09-28,43.30,42.90,44.10,42.80,11414,49429619.00,2.99,-1.27,-0.55,6.63
2017-09-29,42.85,43.29,43.68,42.53,7515,32331715.00,2.68,0.91,0.39,4.36
2017-10-09,43.77,43.70,44.40,43.42,11447,50286673.00,2.26,0.95,0.41,6.65
2017-10-10,43.51,44.74,44.87,43.50,14202,63096867.00,3.14,2.38,1.04,8.25
2017-10-11,44.74,44.12,45.44,43.89,14936,66627666.00,3.46,-1.39,-0.62,8.67
2017-10-12,44.00,43.92,44.28,43.40,9926,43595740.00,1.99,-0.45,-0.20,5.76
2017-10-13,43.82,44.86,45.14,43.73,13921,62235741.00,3.21,2.14,0.94,8.08
2017-10-16,44.80,43.19,44.80,43.00,15736,69021171.00,4.01,-3.72,-1.67,9.14
2017-10-17,43.17,43.84,44.10,43.17,10979,47988261.00,2.15,1.50,0.65,6.38
2017-10-18,43.80,44.22,45.10,43.66,19463,86359400.00,3.28,0.87,0.38,11.30
2017-10-19,44.22,46.07,46.25,44.01,27695,126194781.00,5.07,4.18,1.85,16.08
2017-10-20,45.99,45.63,45.99,45.16,17620,80223967.00,1.80,-0.96,-0.44,10.23
2017-10-23,45.82,46.40,46.96,45.78,17422,80726997.00,2.59,1.69,0.77,10.12
2017-10-24,46.60,46.28,47.77,45.53,22778,106497330.00,4.83,-0.26,-0.12,13.23
2017-10-25,46.49,49.00,49.06,45.82,32151,152702728.00,7.00,5.88,2.72,18.67
2017-10-26,48.60,49.25,51.00,48.52,31405,156238478.00,5.06,0.51,0.25,18.24
2017-10-27,48.89,51.97,53.52,48.89,37776,194785135.00,9.40,5.52,2.72,21.94
2017-10-30,51.10,52.79,53.53,50.32,30594,157835413.00,6.18,1.58,0.82,17.77
2017-10-31,51.90,51.88,52.27,50.55,22526,116120063.00,3.26,-1.72,-0.91,13.08
2017-11-01,51.38,51.61,52.19,50.40,20743,106324866.00,3.45,-0.52,-0.27,12.05
2017-11-02,51.18,49.70,52.70,49.55,28307,144039898.00,6.10,-3.70,-1.91,16.44
2017-11-03,49.19,48.42,49.49,47.87,19661,95435659.00,3.26,-2.58,-1.28,11.42
2017-11-06,48.78,49.70,50.07,48.66,16547,81761178.00,2.91,2.64,1.28,9.61
2017-11-07,49.59,49.51,49.90,48.40,14740,72369890.00,3.02,-0.38,-0.19,8.56
2017-11-08,49.48,49.47,50.75,49.20,14009,70068587.00,3.13,-0.08,-0.04,8.14
2017-11-09,49.25,50.19,50.26,49.13,10670,53033448.00,2.28,1.46,0.72,6.20
2017-11-10,50.50,51.21,51.80,50.00,19494,99889421.00,3.59,2.03,1.02,11.32
2017-11-13,51.28,53.40,53.50,51.01,21906,114987064.00,4.86,4.28,2.19,12.72
2017-11-14,53.33,51.80,53.33,51.20,17886,93746803.00,3.99,-3.00,-1.60,10.39
2017-11-15,51.60,51.01,52.19,50.23,11913,60960718.00,3.78,-1.53,-0.79,6.92
2017-11-16,50.67,48.89,51.26,48.81,12758,63852791.00,4.80,-4.16,-2.12,7.41
2017-11-17,48.25,45.80,49.17,45.18,16791,79391060.00,8.16,-6.32,-3.09,9.75
2017-11-20,46.50,47.83,48.00,46.10,10684,50487455.00,4.15,4.43,2.03,6.20
2017-11-21,47.49,47.83,48.26,45.89,12322,58113060.00,4.96,0.00,0.00,7.16
2017-11-22,47.38,49.63,50.48,47.38,12837,63219588.00,6.48,3.76,1.80,7.45
2017-11-23,49.50,48.30,49.75,48.02,9199,44905193.00,3.49,-2.68,-1.33,5.34
2017-11-24,48.44,48.00,49.48,47.88,7276,35512904.00,3.31,-0.62,-0.30,4.23
2017-11-27,47.29,44.35,47.29,44.30,12633,57610786.00,6.23,-7.60,-3.65,7.34
2017-11-28,44.36,45.18,45.48,44.36,5455,24494005.00,2.53,1.87,0.83,3.17
2017-11-29,45.15,44.22,45.21,42.03,8212,35840003.00,7.04,-2.12,-0.96,4.77
2017-11-30,43.88,43.84,45.00,43.30,5654,24975340.00,3.84,-0.86,-0.38,3.28
2017-12-01,43.68,44.42,44.48,43.62,4281,18894865.00,1.96,1.32,0.58,2.49
2017-12-04,43.90,40.74,43.90,40.42,10963,45814609.00,7.83,-8.28,-3.68,6.37
2017-12-05,40.72,39.49,41.14,39.02,7790,31308009.00,5.20,-3.07,-1.25,4.52
2017-12-06,39.11,40.74,41.00,39.10,5218,20963137.00,4.81,3.17,1.25,3.03
2017-12-07,40.41,40.88,41.36,40.17,4072,16611872.00,2.92,0.34,0.14,2.36
2017-12-08,40.51,41.70,42.46,40.51,4766,19915432.00,4.77,2.01,0.82,2.77
2017-12-11,41.50,41.87,42.15,41.46,3726,15585741.00,1.65,0.41,0.17,2.16
2017-12-12,41.70,40.15,41.88,39.99,5117,20887860.00,4.51,-4.11,-1.72,2.97
2017-12-13,40.22,42.00,42.39,40.15,7025,29189929.00,5.58,4.61,1.85,4.08
2017-12-14,41.66,42.25,42.60,41.58,4143,17450394.00,2.43,0.60,0.25,2.41
2017-12-15,42.05,41.39,42.39,40.90,4839,20060330.00,3.53,-2.04,-0.86,2.81
2017-12-18,41.34,40.90,41.68,40.75,2348,9641908.00,2.25,-1.18,-0.49,1.36
2017-12-19,41.04,41.48,41.96,40.88,3529,14663219.00,2.64,1.42,0.58,2.05
2017-12-20,41.44,39.18,41.63,38.60,10797,43043263.00,7.30,-5.54,-2.30,6.27
2017-12-21,39.14,39.41,39.75,38.40,6703,26313850.00,3.45,0.59,0.23,3.89
2017-12-22,39.54,39.41,39.87,39.05,4146,16417035.00,2.08,0.00,0.00,2.41
2017-12-25,39.41,40.07,40.20,38.18,8270,32416198.00,5.13,1.67,0.66,4.80
2017-12-26,39.59,41.30,41.51,39.59,11042,45076425.00,4.79,3.07,1.23,6.41
2017-12-27,41.05,40.70,41.48,40.60,6486,26602930.00,2.13,-1.45,-0.60,3.77
2017-12-28,40.60,42.33,43.00,40.60,13019,54872851.00,5.90,4.00,1.63,7.56
2017-12-29,42.28,42.40,42.69,41.79,6199,26156827.00,2.13,0.17,0.07,3.60
2018-01-02,42.35,42.18,42.45,41.50,6727,28332322.00,2.24,-0.52,-0.22,3.91
2018-01-03,41.80,42.14,42.37,41.69,5182,21781025.00,1.61,-0.09,-0.04,3.01
2018-01-04,42.14,41.60,42.50,41.40,5941,24875275.00,2.61,-1.28,-0.54,3.45
2018-01-05,41.33,40.50,41.90,40.00,11709,47761544.00,4.57,-2.64,-1.10,6.80
2018-01-08,40.49,41.10,41.11,40.12,6302,25554332.00,2.44,1.48,0.60,3.66
2018-01-09,40.72,42.10,42.49,40.63,11935,50053429.00,4.53,2.43,1.00,6.93
2018-01-10,41.64,40.10,41.99,39.60,15131,61265619.00,5.68,-4.75,-2.00,8.79
2018-01-11,40.00,41.01,41.38,39.50,13440,54532278.00,4.69,2.27,0.91,7.80
2018-01-12,41.00,45.11,45.11,40.20,33479,145224250.00,11.97,10.00,4.10,19.44
2018-01-15,45.50,45.12,47.20,43.58,47872,219944594.00,8.02,0.02,0.01,27.80
2018-01-16,44.23,46.24,46.59,43.13,31482,140595188.00,7.67,2.48,1.12,18.28
2018-01-17,45.50,45.00,46.36,44.66,21292,96850365.00,3.68,-2.68,-1.24,12.36
2018-01-18,45.00,44.51,45.86,44.45,11868,53414646.00,3.13,-1.09,-0.49,6.89
2018-01-19,44.42,43.93,44.73,43.82,10403,45900757.00,2.04,-1.30,-0.58,6.04
2018-01-22,43.40,43.30,44.30,42.61,9631,41894080.00,3.85,-1.43,-0.63,5.59
2018-01-23,43.12,43.50,43.91,42.95,6699,29090721.00,2.22,0.46,0.20,3.89
2018-01-24,43.58,43.94,44.50,43.23,8168,35896526.00,2.92,1.01,0.44,4.74
2018-01-25,43.70,43.34,44.28,43.26,7199,31551676.00,2.32,-1.37,-0.60,4.18
2018-01-26,42.98,42.30,43.20,42.24,6909,29503564.00,2.22,-2.40,-1.04,4.01
2018-01-29,42.00,41.11,42.35,40.75,6624,27441958.00,3.78,-2.81,-1.19,3.85
2018-01-30,41.01,41.16,41.49,40.88,3389,13936682.00,1.48,0.12,0.05,1.97
2018-01-31,41.11,39.95,41.30,39.63,4774,19233836.00,4.06,-2.94,-1.21,2.77
2018-02-01,39.95,39.08,40.50,38.48,5457,21536528.00,5.06,-2.18,-0.87,3.17
2018-02-02,38.88,38.12,39.29,35.95,5956,22720099.00,8.55,-2.46,-0.96,3.46
2018-02-05,37.66,38.83,39.59,36.06,5866,22712594.00,9.26,1.86,0.71,3.41
2018-02-06,37.80,36.50,38.33,36.25,5675,21195844.00,5.36,-6.00,-2.33,3.30
2018-02-07,37.30,38.06,38.58,36.38,6706,25244551.00,6.03,4.27,1.56,3.89
2018-02-08,37.80,38.29,39.30,37.80,3615,13940846.00,3.94,0.60,0.23,2.10
2018-02-09,37.48,37.96,38.14,36.97,4410,16567994.00,3.06,-0.86,-0.33,2.56
2018-02-12,38.23,39.03,39.79,38.05,3924,15292337.00,4.58,2.82,1.07,2.28
2018-02-13,39.03,39.15,39.29,38.52,3561,13843119.00,1.97,0.31,0.12,2.07
2018-02-14,39.15,40.49,40.80,38.75,7135,28489872.00,5.24,3.42,1.34,4.14
2018-02-22,40.80,40.53,40.80,40.02,3161,12742533.00,1.93,0.10,0.04,1.84
2018-02-23,40.21,40.40,40.55,39.77,3262,13098867.00,1.92,-0.32,-0.13,1.89
2018-02-26,40.90,41.04,41.25,40.63,5541,22735938.00,1.53,1.58,0.64,3.22
2018-02-27,40.49,38.80,40.75,38.64,14649,57741066.00,5.14,-5.46,-2.24,8.51
2018-02-28,38.60,38.15,38.60,37.80,8284,31522346.00,2.06,-1.68,-0.65,4.81
2018-03-01,37.91,38.60,38.60,37.68,5437,20803966.00,2.41,1.18,0.45,3.16
2018-03-02,38.20,38.06,38.46,37.87,4566,17420018.00,1.53,-1.40,-0.54,2.65
2018-03-05,37.95,38.99,39.18,37.95,5641,21868394.00,3.23,2.44,0.93,3.28
2018-03-06,39.16,39.53,39.86,38.80,7521,29658928.00,2.72,1.38,0.54,4.37
2018-03-07,39.54,39.05,39.65,38.86,5120,20048078.00,2.00,-1.21,-0.48,2.97
2018-03-08,39.20,40.70,41.38,39.19,12182,49086227.00,5.61,4.23,1.65,7.07
2018-03-09,40.64,40.86,40.91,40.00,10227,41386588.00,2.24,0.39,0.16,5.94
2018-03-12,41.15,41.00,41.30,40.73,7968,32658091.00,1.40,0.34,0.14,4.63
2018-03-13,40.80,39.90,41.10,39.80,7441,30032754.00,3.17,-2.68,-1.10,4.32
2018-03-14,40.15,40.65,41.56,39.90,10261,41978443.00,4.16,1.88,0.75,5.96
2018-03-15,40.00,39.03,40.63,38.31,10094,39645822.00,5.71,-3.99,-1.62,5.86
2018-03-16,39.00,38.47,39.26,38.01,7077,27428097.00,3.20,-1.43,-0.56,4.11
2018-03-19,38.36,38.64,38.89,37.56,12529,47863151.00,3.46,0.44,0.17,7.28
2018-03-20,38.08,40.66,41.59,37.86,23206,92838826.00,9.65,5.23,2.02,13.48
2018-03-21,41.06,39.60,41.50,39.39,21024,85803764.00,5.19,-2.61,-1.06,12.21
2018-03-22,40.09,41.83,42.88,39.63,28856,120732056.00,8.21,5.63,2.23,16.76
2018-03-23,40.35,42.14,44.98,39.93,37812,159707895.00,12.07,0.74,0.31,21.96
2018-03-26,40.60,43.40,43.80,40.60,27955,119237119.00,7.59,2.99,1.26,16.23
2018-03-27,43.87,43.71,45.36,43.21,36311,160405152.00,4.95,0.71,0.31,21.09
2018-03-28,48.08,48.08,48.08,48.08,6948,33405984.00,0.00,10.00,4.37,4.03
2018-03-29,50.99,50.71,52.89,50.05,79192,409606464.00,5.91,5.47,2.63,45.99
2018-03-30,51.00,50.30,51.11,48.05,55759,278479888.00,6.03,-0.81,-0.41,32.38
2018-04-02,50.79,48.48,50.99,48.31,42703,211600020.00,5.33,-3.62,-1.82,24.80
2018-04-03,47.33,48.70,49.45,46.46,32160,155265244.00,6.17,0.45,0.22,18.68
2018-04-04,49.50,48.10,51.50,48.01,39299,195841713.00,7.17,-1.23,-0.60,22.82
2018-04-09,47.83,48.40,48.68,45.00,31742,148516152.00,7.65,0.62,0.30,18.43
2018-04-10,48.30,53.24,53.24,47.50,54465,280705920.00,11.86,10.00,4.84,31.63
2018-04-11,57.00,58.56,58.56,55.88,28497,165124172.00,5.03,9.99,5.32,16.55
2018-04-12,64.00,55.70,64.42,55.00,98471,603989504.00,16.09,-4.88,-2.86,57.18
2018-04-13,53.50,52.10,56.10,51.93,64576,346091632.00,7.49,-6.46,-3.60,37.50
2018-04-16,51.21,50.13,52.35,49.58,35903,182156552.00,5.32,-3.78,-1.97,20.85
2018-04-17,50.63,49.01,51.61,48.57,31613,159486533.00,6.06,-2.23,-1.12,18.36
2018-04-18,49.78,50.56,50.75,48.10,27316,136178318.00,5.41,3.16,1.55,15.86
2018-04-19,50.28,49.10,51.50,48.90,28311,142306650.00,5.14,-2.89,-1.46,16.44
2018-04-20,48.57,45.33,48.80,45.15,31481,147597238.00,7.43,-7.68,-3.77,18.28
2018-04-23,45.10,46.23,46.51,45.00,17183,78565460.00,3.33,1.99,0.90,9.98
2018-04-24,45.61,48.20,48.49,44.93,30320,143135804.00,7.70,4.26,1.97,17.61
2018-04-25,47.39,48.29,49.55,46.68,31114,149149419.00,5.95,0.19,0.09,18.07
2018-04-26,47.52,46.20,48.13,46.10,20936,98870944.00,4.20,-4.33,-2.09,12.16
2018-04-27,46.50,47.42,48.62,46.19,22999,109570570.00,5.26,2.64,1.22,13.36
2018-05-02,47.89,48.70,49.08,46.50,25980,125635209.00,5.44,2.70,1.28,15.09
2018-05-03,48.20,50.15,50.79,47.50,30854,151738364.00,6.76,2.98,1.45,17.92
2018-05-04,50.58,50.86,51.38,49.50,30456,154108170.00,3.75,1.42,0.71,17.69
2018-05-07,50.00,51.41,51.86,49.51,29937,152719807.00,4.62,1.08,0.55,17.39
2018-05-08,51.38,53.42,54.62,50.72,39416,207800614.00,7.59,3.91,2.01,22.89
2018-05-09,53.98,51.60,54.00,51.33,30457,159362075.00,5.00,-3.41,-1.82,17.69
2018-05-10,50.80,51.28,51.69,50.70,20957,107133886.00,1.92,-0.62,-0.32,12.17
2018-05-11,51.39,49.60,52.43,49.25,21031,107263607.00,6.20,-3.28,-1.68,12.21
2018-05-14,49.07,48.36,49.40,47.89,17444,84929758.00,3.04,-2.50,-1.24,10.13
2018-05-15,48.15,49.05,49.16,48.15,11393,55603990.00,2.09,1.43,0.69,6.62
2018-05-16,48.80,51.40,53.96,48.75,40773,211853734.00,10.62,4.79,2.35,23.68
2018-05-17,51.43,52.74,53.53,50.00,37884,198373110.00,6.87,2.61,1.34,22.00
2018-05-18,52.08,51.21,53.00,50.16,28434,145754662.00,5.38,-2.90,-1.53,16.51
2018-05-21,50.64,52.32,52.48,50.64,20270,104807169.00,3.59,2.17,1.11,11.77
2018-05-22,52.26,53.59,54.38,51.60,28557,152185736.00,5.31,2.43,1.27,16.58
2018-05-23,52.30,52.03,53.19,51.48,25630,134017239.00,3.19,-2.91,-1.56,14.88
2018-05-24,51.55,51.81,52.22,51.13,17387,90006087.00,2.09,-0.42,-0.22,4.52
2018-05-25,52.03,52.75,53.00,51.56,20156,105497926.00,2.78,1.81,0.94,5.24
2018-05-28,52.79,51.00,52.85,50.20,14670,75251604.00,5.02,-3.32,-1.75,3.82
2018-05-29,50.38,49.12,52.55,49.09,17620,90366178.00,6.78,-3.69,-1.88,4.58
2018-05-30,47.50,44.89,47.98,44.68,20204,94087359.00,6.72,-8.61,-4.23,5.25
2018-05-31,45.15,45.66,46.50,45.07,13648,62455165.00,3.19,1.72,0.77,3.55
2018-06-01,45.46,45.03,46.38,44.40,11768,53473638.00,4.34,-1.38,-0.63,3.06
2018-06-04,45.57,45.64,46.25,44.91,8302,37772649.00,2.98,1.35,0.61,2.16
2018-06-05,45.76,47.09,47.20,45.58,10579,49473877.00,3.55,3.18,1.45,2.75
2018-06-06,47.09,47.88,47.94,46.71,10359,49222592.00,2.61,1.68,0.79,2.69
2018-06-07,47.64,47.20,48.15,46.80,10998,52078744.00,2.82,-1.42,-0.68,2.86
2018-06-08,47.25,47.88,48.82,46.74,12242,58504290.00,4.41,1.44,0.68,3.18
2018-06-11,47.88,47.99,48.33,47.34,8159,39020442.00,2.07,0.23,0.11,2.12
2018-06-12,47.99,47.72,48.26,45.44,8436,39708891.00,5.88,-0.56,-0.27,2.19
2018-06-13,47.48,45.95,47.48,45.85,7327,34234478.00,3.42,-3.71,-1.77,1.91
2018-06-14,45.85,47.14,47.25,45.65,9653,45241185.00,3.48,2.59,1.19,2.51
2018-06-15,47.23,45.19,47.38,45.14,7427,34057969.00,4.75,-4.14,-1.95,1.93
2018-06-19,43.58,40.99,44.36,40.67,12702,53932974.00,8.17,-9.29,-4.20,3.30
2018-06-20,40.86,42.60,43.00,40.86,8075,33956248.00,5.22,3.93,1.61,2.10
2018-06-21,42.51,42.30,43.60,41.86,8843,37858386.00,4.08,-0.70,-0.30,2.30
2018-06-22,41.81,43.35,43.35,41.10,6302,26869620.00,5.32,2.48,1.05,1.64
2018-06-25,43.33,43.03,43.96,43.01,5736,24932364.00,2.19,-0.74,-0.32,1.49
2018-06-26,43.30,44.49,44.65,42.50,8076,35690728.00,5.00,3.39,1.46,2.10
2018-06-27,44.37,45.10,45.90,44.08,11610,52239007.00,4.09,1.37,0.61,3.02
2018-06-28,45.00,44.48,45.49,44.40,6071,27231418.00,2.42,-1.37,-0.62,1.58
2018-06-29,44.61,45.42,45.70,44.46,12262,55384078.00,2.79,2.11,0.94,3.19
2018-07-02,45.42,43.30,45.95,42.83,11270,50330643.00,6.87,-4.67,-2.12,2.93
2018-07-03,43.34,44.64,44.96,43.20,12137,53597044.00,4.06,3.09,1.34,3.16
2018-07-04,25.78,24.11,26.14,23.88,22588,56052764.00,5.06,-45.99,-20.53,3.46
2018-07-05,24.11,25.69,26.52,23.90,60821,159425747.00,10.87,6.55,1.58,9.30
2018-07-06,24.83,23.39,25.50,23.12,58568,140650648.00,9.26,-8.95,-2.30,8.96
2018-07-09,23.50,24.03,24.27,23.50,27702,66261739.00,3.29,2.74,0.64,4.24
2018-07-10,24.22,26.43,26.43,24.22,44667,114036148.00,9.20,9.99,2.40,6.83
2018-07-11,26.05,27.38,28.99,25.61,83338,225223196.00,12.79,3.59,0.95,12.75
2018-07-12,26.22,27.07,27.78,25.68,69831,186383800.00,7.67,-1.13,-0.31,10.68
2018-07-13,26.56,26.81,27.36,26.55,43740,117681459.00,2.99,-0.96,-0.26,6.69
2018-07-16,26.79,26.39,26.79,26.03,22984,60632447.00,2.83,-1.57,-0.42,3.52
2018-07-17,26.14,25.53,26.66,24.50,34297,88092109.00,8.18,-3.26,-0.86,5.25
2018-07-18,25.16,28.08,28.08,25.12,69446,189130437.00,11.59,9.99,2.55,10.62
2018-07-19,28.99,27.21,28.99,27.02,92242,258668233.00,7.02,-3.10,-0.87,14.11
2018-07-20,27.29,27.30,27.91,26.73,47928,130834569.00,4.34,0.33,0.09,7.33
2018-07-23,24.88,25.08,25.90,24.57,67733,169272285.00,4.87,-8.13,-2.22,10.36
2018-07-24,24.83,25.63,26.27,24.60,39528,100791300.00,6.66,2.19,0.55,6.05
2018-07-25,25.24,25.25,25.72,24.96,29310,74019820.00,2.97,-1.48,-0.38,4.48
2018-07-26,25.35,24.37,25.35,24.09,25941,63721992.00,4.99,-3.49,-0.88,3.97
2018-07-27,24.45,24.48,24.81,24.24,13070,32028093.00,2.34,0.45,0.11,2.00
2018-07-30,24.51,23.45,24.51,22.90,27362,64358180.00,6.58,-4.21,-1.03,4.19
2018-07-31,23.20,23.20,23.64,23.03,11567,26968928.00,2.60,-1.07,-0.25,1.77
2018-08-01,23.21,21.85,23.40,21.58,24448,54971587.00,7.84,-5.82,-1.35,3.74
2018-08-02,21.65,21.40,21.77,19.70,31564,65151347.00,9.47,-2.06,-0.45,4.83
2018-08-03,20.94,20.39,21.24,20.30,15147,31344785.00,4.39,-4.72,-1.01,2.32
2018-08-06,20.40,19.36,20.66,19.12,16903,33303069.00,7.55,-5.05,-1.03,2.59
2018-08-07,19.32,19.95,19.98,19.28,11592,22838754.00,3.62,3.05,0.59,1.77
2018-08-08,20.24,19.67,20.56,19.56,14451,29039114.00,5.01,-1.40,-0.28,2.21
2018-08-09,19.00,20.02,20.30,19.00,14288,28436344.00,6.61,1.78,0.35,2.19
2018-08-10,20.05,20.57,21.12,20.01,19052,39324612.00,5.54,2.75,0.55,2.91
2018-08-13,20.16,20.42,20.50,19.75,12632,25458403.00,3.65,-0.73,-0.15,1.93
2018-08-14,20.37,20.50,20.75,20.15,10836,22144231.00,2.94,0.39,0.08,1.66
2018-08-15,20.45,19.80,20.45,19.73,10598,21206076.00,3.51,-3.41,-0.70,1.62
2018-08-16,19.60,19.54,20.00,19.02,7391,14579897.00,4.95,-1.31,-0.26,1.13
2018-08-17,19.83,18.80,20.10,18.71,15652,30242233.00,7.11,-3.79,-0.74,2.39
2018-08-20,19.50,18.96,19.50,18.30,13441,25320937.00,6.38,0.85,0.16,2.06
2018-08-21,18.88,19.19,19.50,18.86,13596,26112385.00,3.38,1.21,0.23,2.08
2018-08-22,19.24,18.80,19.47,18.78,10936,20815013.00,3.60,-2.03,-0.39,1.67
2018-08-23,18.99,19.09,19.29,18.85,11243,21481396.00,2.34,1.54,0.29,1.72
2018-08-24,19.00,19.10,19.35,18.95,9380,17952541.00,2.10,0.05,0.01,1.43
2018-08-27,19.15,19.48,19.59,18.96,13612,26366859.00,3.30,1.99,0.38,2.08
2018-08-28,19.50,19.42,19.87,19.31,11928,23289701.00,2.87,-0.31,-0.06,1.82
2018-08-29,19.45,19.27,19.66,19.06,9512,18327212.00,3.09,-0.77,-0.15,1.46
2018-08-30,19.34,18.85,19.37,18.80,10400,19916054.00,2.96,-2.18,-0.42,1.59
2018-08-31,18.99,18.90,19.15,18.86,8444,16043506.00,1.54,0.27,0.05,1.29
2018-09-03,18.95,18.08,18.99,17.68,12752,23080999.00,6.93,-4.34,-0.82,1.95
2018-09-04,18.10,18.58,18.63,18.00,10524,19388179.00,3.48,2.77,0.50,1.61
2018-09-05,18.70,18.39,18.78,18.39,11335,21118763.00,2.10,-1.02,-0.19,1.73
2018-09-06,18.59,18.40,18.68,18.18,6114,11295884.00,2.72,0.05,0.01,0.94
2018-09-07,18.42,18.28,18.71,18.22,8219,15173476.00,2.66,-0.65,-0.12,1.26
2018-09-10,18.29,18.00,18.54,17.90,8385,15183723.00,3.50,-1.53,-0.28,1.28
2018-09-11,18.05,17.86,18.10,17.56,8871,15792357.00,3.00,-0.78,-0.14,1.36
2018-09-12,17.91,18.02,18.15,17.72,7061,12701090.00,2.41,0.90,0.16,1.08
2018-09-13,18.13,18.05,18.29,17.64,9091,16269227.00,3.61,0.17,0.03,1.39
2018-09-14,18.22,17.73,18.22,17.62,5692,10178698.00,3.32,-1.77,-0.32,0.87
2018-09-17,17.79,17.06,17.79,17.02,8140,14075021.00,4.34,-3.78,-0.67,1.25
2018-09-18,17.00,17.30,17.35,16.83,7521,12945270.00,3.05,1.41,0.24,1.15
2018-09-19,17.12,17.55,17.77,17.09,7943,13905118.00,3.93,1.45,0.25,1.22
2018-09-20,17.55,17.37,17.59,17.20,6070,10552046.00,2.22,-1.03,-0.18,0.93
2018-09-21,17.40,17.65,17.68,17.33,7904,13833072.00,2.01,1.61,0.28,1.21
2018-09-25,17.70,17.58,17.70,17.41,5299,9322144.00,1.64,-0.40,-0.07,0.81
2018-09-26,17.64,17.63,17.77,17.50,6601,11630476.00,1.54,0.28,0.05,1.01
2018-09-27,17.67,17.61,17.97,17.53,10446,18522332.00,2.50,-0.11,-0.02,1.60
2018-09-28,17.61,17.48,17.62,17.30,6571,11451339.00,1.82,-0.74,-0.13,1.01
2018-10-08,17.20,16.61,17.20,16.54,14470,24280388.00,3.78,-4.98,-0.87,2.21
2018-10-09,16.57,16.60,16.76,16.51,6149,10233112.00,1.51,-0.06,-0.01,0.94
2018-10-10,16.66,17.05,17.05,16.66,8721,14714532.00,2.35,2.71,0.45,1.33
2018-10-11,16.55,15.35,16.70,15.35,15369,24500390.00,7.92,-9.97,-1.70,2.35
2018-10-12,15.18,15.03,15.38,14.08,15742,23390027.00,8.47,-2.08,-0.32,2.41
2018-10-15,15.26,14.99,15.54,14.91,8331,12717391.00,4.19,-0.27,-0.04,1.27
2018-10-16,15.02,14.91,15.41,14.64,7769,11733863.00,5.14,-0.53,-0.08,1.19
2018-10-17,15.04,15.17,15.26,14.77,7423,11204422.00,3.29,1.74,0.26,1.14
2018-10-18,15.11,15.02,15.57,14.85,10593,16064543.00,4.75,-0.99,-0.15,1.62
2018-10-19,14.80,15.47,15.50,14.52,9388,14304605.00,6.52,3.00,0.45,1.44
2018-10-22,15.51,16.59,17.02,15.51,20098,33047954.00,9.76,7.24,1.12,3.07
2018-10-23,16.40,16.12,16.54,15.90,11394,18470317.00,3.86,-2.83,-0.47,1.74
2018-10-24,16.02,16.02,16.26,15.81,8425,13469701.00,2.79,-0.62,-0.10,1.29
2018-10-25,15.52,15.80,15.98,15.30,7084,11077919.00,4.24,-1.37,-0.22,1.08
2018-10-26,15.90,16.14,16.28,15.90,7381,11904605.00,2.41,2.15,0.34,1.13
2018-10-29,16.13,15.78,16.13,15.67,4934,7840302.00,2.85,-2.23,-0.36,0.75
2018-10-30,15.80,16.23,16.45,15.69,8247,13266803.00,4.82,2.85,0.45,1.26
2018-10-31,16.84,16.46,16.86,16.32,9904,16405196.00,3.33,1.42,0.23,1.52
2018-11-01,16.36,16.53,16.83,16.35,11770,19510178.00,2.92,0.43,0.07,1.80
2018-11-02,17.00,16.86,17.09,16.59,13439,22599445.00,3.02,2.00,0.33,2.06
2018-11-05,16.85,16.63,16.92,16.41,13501,22524475.00,3.02,-1.36,-0.23,2.07
2018-11-06,16.43,16.49,16.60,16.18,9521,15581220.00,2.53,-0.84,-0.14,1.46
2018-11-07,16.36,16.56,16.86,16.35,9847,16416757.00,3.09,0.42,0.07,1.51
2018-11-08,16.66,16.40,16.80,16.31,7602,12644623.00,2.96,-0.97,-0.16,1.16
2018-11-09,16.41,16.60,16.74,16.25,8443,13998135.00,2.99,1.22,0.20,1.29
2018-11-12,16.55,16.80,16.80,16.30,30507,50354981.00,3.01,1.20,0.20,4.67
2018-11-13,16.49,16.74,16.90,16.38,23527,39168506.00,3.10,-0.36,-0.06,3.60
2018-11-14,16.74,16.75,16.96,16.65,15716,26377697.00,1.85,0.06,0.01,2.40
2018-11-15,16.75,17.37,17.47,16.60,25135,42896137.00,5.19,3.70,0.62,3.85
2018-11-16,17.37,17.35,17.45,17.15,17653,30553421.00,1.73,-0.12,-0.02,2.70
2018-11-19,18.37,18.03,19.00,17.89,53348,97548153.00,6.40,3.92,0.68,8.16
2018-11-20,17.72,17.34,17.84,17.28,22388,39301990.00,3.11,-3.83,-0.69,3.42
2018-11-21,17.12,17.50,17.64,16.83,15480,26851497.00,4.67,0.92,0.16,2.37
2018-11-22,17.65,17.44,17.65,17.33,11815,20712597.00,1.83,-0.34,-0.06,1.81
2018-11-23,17.40,16.67,17.41,16.66,14715,25015249.00,4.30,-4.42,-0.77,2.25
2018-11-26,16.67,16.45,16.88,16.30,8047,13290219.00,3.48,-1.32,-0.22,1.23
2018-11-27,16.45,16.56,16.60,16.28,7426,12225324.00,1.95,0.67,0.11,1.14
2018-11-28,16.59,16.70,16.73,16.23,6996,11568420.00,3.02,0.85,0.14,1.07
2018-11-29,16.74,16.18,16.80,16.08,8675,14279933.00,4.31,-3.11,-0.52,1.33
2018-11-30,16.35,16.25,16.39,15.95,6937,11226652.00,2.72,0.43,0.07,1.06
2018-12-03,16.48,16.87,17.14,16.48,14368,24226327.00,4.06,3.82,0.62,2.20
2018-12-04,16.80,17.01,17.08,16.80,10067,17070562.00,1.66,0.83,0.14,1.54
2018-12-05,16.72,16.87,17.03,16.65,8995,15167196.00,2.23,-0.82,-0.14,1.38
2018-12-06,16.87,16.49,16.95,16.48,9446,15755328.00,2.79,-2.25,-0.38,1.44
2018-12-07,16.66,16.23,16.66,16.06,10437,17048867.00,3.64,-1.58,-0.26,1.60
2018-12-10,16.00,15.60,16.06,15.50,12157,19074593.00,3.45,-3.88,-0.63,1.86
2018-12-11,15.78,15.66,15.87,15.60,6057,9506570.00,1.73,0.38,0.06,0.93
2018-12-12,15.62,15.63,15.79,15.50,6226,9725125.00,1.85,-0.19,-0.03,0.95
2018-12-13,15.69,15.90,15.97,15.58,9185,14522013.00,2.50,1.73,0.27,1.41
2018-12-14,15.95,15.65,15.95,15.50,7645,11991921.00,2.83,-1.57,-0.25,1.24
2018-12-17,15.44,15.56,15.69,15.27,4785,7402997.00,2.68,-0.58,-0.09,0.78
2018-12-18,15.49,15.56,15.68,15.35,4272,6632844.00,2.12,0.00,0.00,0.69
2018-12-19,15.65,15.66,15.91,15.46,9333,14701068.00,2.89,0.64,0.10,1.52
2018-12-20,15.66,15.89,15.98,15.61,9730,15425814.00,2.36,1.47,0.23,1.58
2018-12-21,15.81,15.84,15.99,15.64,4540,7160608.00,2.20,-0.31,-0.05,0.74
2018-12-24,15.93,16.37,16.48,15.82,11494,18697405.00,4.17,3.35,0.53,1.87
2018-12-25,16.14,16.20,16.26,15.81,10609,16992244.00,2.75,-1.04,-0.17,1.72
2018-12-26,16.20,16.01,16.28,16.01,6495,10462445.00,1.67,-1.17,-0.19,1.05
2018-12-27,16.21,16.00,16.39,16.00,9450,15316372.00,2.44,-0.06,-0.01,1.53
2018-12-28,17.48,16.24,17.48,16.23,9751,16126689.00,7.81,1.50,0.24,1.58
2019-01-02,16.07,16.19,16.23,16.00,4899,7891636.00,1.42,-0.31,-0.05,0.80
2019-01-03,17.40,16.29,17.40,16.03,6083,9981668.00,8.46,0.62,0.10,0.99
2019-01-04,16.06,16.44,16.46,15.81,9793,15798702.00,3.99,0.92,0.15,1.59
2019-01-07,16.40,16.60,16.76,16.35,8525,14064483.00,2.49,0.97,0.16,1.38
2019-01-08,16.65,16.40,16.65,16.36,4567,7504585.00,1.75,-1.20,-0.20,0.74
2019-01-09,16.20,16.30,16.59,16.11,7026,11557624.00,2.93,-0.61,-0.10,1.14
2019-01-10,16.30,15.90,16.37,15.89,8164,13150431.00,2.94,-2.45,-0.40,1.33
2019-01-11,15.95,15.98,16.05,15.80,4277,6808217.00,1.57,0.50,0.08,0.69
2019-01-14,15.97,15.94,16.08,15.86,3269,5212725.00,1.38,-0.25,-0.04,0.53
2019-01-15,16.00,16.13,16.17,15.88,5105,8203724.00,1.82,1.19,0.19,0.83
2019-01-16,16.09,16.19,16.24,16.04,4870,7855634.00,1.24,0.37,0.06,0.79
2019-01-17,16.25,15.88,16.25,15.88,5017,8023693.00,2.29,-1.91,-0.31,0.81
2019-01-18,15.88,16.03,16.03,15.68,6175,9832843.00,2.20,0.94,0.15,1.00
2019-01-21,15.98,16.59,17.63,15.98,19781,32937140.00,10.29,3.49,0.56,3.21
2019-01-22,16.62,16.18,16.65,16.07,11975,19498898.00,3.50,-2.47,-0.41,1.94
2019-01-23,16.05,16.20,16.28,16.00,5189,8369292.00,1.73,0.12,0.02,0.84
2019-01-24,16.12,16.40,16.52,16.05,9870,16200464.00,2.90,1.23,0.20,1.60
2019-01-25,16.32,16.16,16.45,16.16,6419,10484418.00,1.77,-1.46,-0.24,1.04
2019-01-28,16.16,16.27,16.50,16.16,7727,12627333.00,2.10,0.68,0.11,1.25
2019-01-29,16.25,16.07,16.47,15.80,7375,11866222.00,4.12,-1.23,-0.20,1.20
2019-01-30,16.01,16.06,16.36,16.01,5430,8777014.00,2.18,-0.06,-0.01,0.88
2019-01-31,16.21,15.71,16.24,15.68,6866,10961493.00,3.49,-2.18,-0.35,1.11
2019-02-01,16.47,16.20,16.47,16.01,6607,10711092.00,2.93,3.12,0.49,1.07
2019-02-11,16.19,16.50,16.50,15.90,9448,15489317.00,3.70,1.85,0.30,1.53
2019-02-12,16.64,16.80,17.30,16.51,15754,26591540.00,4.79,1.82,0.30,2.56
2019-02-13,16.70,16.88,16.90,16.41,14182,23616138.00,2.92,0.48,0.08,2.30
2019-02-14,16.88,16.70,16.90,16.62,10135,16950752.00,1.66,-1.07,-0.18,1.65
2019-02-15,16.71,16.60,16.71,16.48,10316,17104165.00,1.38,-0.60,-0.10,1.67
2019-02-18,16.65,17.05,17.07,16.60,17815,30138951.00,2.83,2.71,0.45,2.89
2019-02-19,17.06,16.85,17.23,16.78,18821,31983095.00,2.64,-1.17,-0.20,3.06
2019-02-20,16.95,17.12,17.12,16.73,15026,25457047.00,2.31,1.60,0.27,2.44
2019-02-21,17.13,16.96,17.43,16.81,18765,32249711.00,3.62,-0.93,-0.16,3.05
2019-02-22,16.94,17.07,17.13,16.67,14282,24146589.00,2.71,0.65,0.11,2.32
2019-02-25,17.08,17.76,17.76,17.08,27458,47874249.00,3.98,4.04,0.69,4.46
2019-02-26,17.77,17.97,18.30,17.53,35382,63672245.00,4.34,1.18,0.21,5.74
2019-02-27,17.80,17.84,18.17,17.69,19681,35286778.00,2.67,-0.72,-0.13,3.20
2019-02-28,17.75,18.35,18.35,17.72,21764,39315964.00,3.53,2.86,0.51,3.53
2019-03-01,18.37,18.08,18.38,17.90,16401,29599470.00,2.62,-1.47,-0.27,2.66
2019-03-04,18.08,17.99,18.44,17.86,27214,49444805.00,3.21,-0.50,-0.09,4.42
2019-03-05,17.91,18.24,18.25,17.78,22710,41058476.00,2.61,1.39,0.25,3.69
2019-03-06,18.45,18.65,18.65,18.00,27165,49979570.00,3.56,2.25,0.41,4.41
2019-03-07,19.29,19.14,19.60,18.72,37632,72281395.00,4.72,2.63,0.49,6.11
2019-03-08,18.70,18.03,18.75,18.03,28467,52533652.00,3.76,-5.80,-1.11,4.62
2019-03-11,18.03,18.82,18.87,18.03,18934,34909986.00,4.66,4.38,0.79,3.07
2019-03-12,18.91,19.20,19.20,18.73,25286,47924385.00,2.50,2.02,0.38,4.11
2019-03-13,19.20,18.75,19.40,18.55,18819,35865618.00,4.43,-2.34,-0.45,3.06
2019-03-14,18.72,18.24,19.38,18.10,14006,25925868.00,6.83,-2.72,-0.51,2.27
2019-03-15,18.38,18.65,18.69,18.30,11924,22090561.00,2.14,2.25,0.41,1.94
2019-03-18,18.82,19.17,19.19,18.51,18033,34130833.00,3.65,2.79,0.52,2.93
2019-03-19,19.00,19.21,19.33,18.98,18199,34913839.00,1.83,0.21,0.04,2.95
2019-03-20,19.02,18.88,19.08,18.71,17200,32510089.00,1.93,-1.72,-0.33,2.79
2019-03-21,18.96,18.94,19.30,18.86,20678,39309483.00,2.33,0.32,0.06,3.36
2019-03-22,18.97,19.00,19.06,18.55,12000,22558776.00,2.69,0.32,0.06,1.95
2019-03-25,18.81,18.66,18.88,18.62,14144,26527358.00,1.37,-1.79,-0.34,2.30
2019-03-26,18.79,17.82,18.79,17.76,17916,32583932.00,5.52,-4.50,-0.84,2.91
2019-03-27,17.91,18.24,18.27,17.74,14508,26231199.00,2.97,2.36,0.42,2.36
2019-03-28,18.11,18.19,18.48,17.86,11736,21399649.00,3.40,-0.27,-0.05,1.91
2019-03-29,17.70,18.04,18.05,17.18,26415,46632838.00,4.78,-0.82,-0.15,4.29
2019-04-01,17.98,18.52,18.57,17.98,20305,37256089.00,3.27,2.66,0.48,3.30
2019-04-02,18.59,18.73,18.88,18.43,20495,38295479.00,2.43,1.13,0.21,3.33
2019-04-03,18.54,18.94,18.94,18.45,17802,33352553.00,2.62,1.12,0.21,2.89
2019-04-04,19.91,18.99,19.91,18.95,28104,53845051.00,5.07,0.26,0.05,4.56
2019-04-08,19.00,18.84,19.10,18.65,22130,41764336.00,2.37,-0.79,-0.15,3.59
2019-04-09,18.85,19.40,19.50,18.82,26851,51661063.00,3.61,2.97,0.56,4.36
2019-04-10,19.10,20.14,21.12,19.10,50522,101933541.00,10.41,3.81,0.74,8.20
2019-04-11,19.95,18.98,19.95,18.92,38964,75464538.00,5.11,-5.76,-1.16,6.33
2019-04-12,18.98,18.50,19.11,18.31,20344,37924068.00,4.21,-2.53,-0.48,3.30
2019-04-15,18.70,18.65,18.85,18.35,12082,22475150.00,2.70,0.81,0.15,1.96
2019-04-16,18.55,18.87,18.90,18.11,16795,31127184.00,4.24,1.18,0.22,2.73
2019-04-17,18.92,18.88,18.99,18.65,13890,26129341.00,1.80,0.05,0.01,2.26
2019-04-18,18.88,18.48,18.88,18.45,10489,19536085.00,2.28,-2.12,-0.40,1.70
2019-04-19,18.56,18.75,18.80,18.29,12692,23549303.00,2.76,1.46,0.27,2.06
2019-04-22,18.79,18.43,18.79,18.40,9837,18221456.00,2.08,-1.71,-0.32,1.60
2019-04-23,18.42,18.16,18.56,17.95,8797,15976855.00,3.31,-1.47,-0.27,1.43
2019-04-24,18.16,18.39,18.50,18.08,8762,16004281.00,2.31,1.27,0.23,1.42
2019-04-25,18.34,17.56,18.40,17.50,12678,22790470.00,4.89,-4.51,-0.83,2.06
2019-04-26,17.35,17.32,17.56,17.28,7332,12755096.00,1.59,-1.37,-0.24,1.19
2019-04-29,17.33,17.08,17.53,17.00,7223,12439836.00,3.06,-1.39,-0.24,1.17
2019-04-30,17.00,17.09,17.26,16.86,6350,10841950.00,2.34,0.06,0.01,1.03
2019-05-06,16.93,15.68,16.93,15.60,10476,16795451.00,7.78,-8.25,-1.41,1.70
2019-05-07,15.84,16.09,16.29,15.81,7684,12310204.00,3.06,2.61,0.41,1.25
2019-05-08,15.90,16.08,16.27,15.65,6875,11047011.00,3.85,-0.06,-0.01,1.12
2019-05-09,16.06,16.20,16.36,16.00,6337,10253364.00,2.24,0.75,0.12,1.03
2019-05-10,16.26,16.51,16.54,16.06,9270,15201178.00,2.96,1.91,0.31,1.50
2019-05-13,16.35,16.14,16.52,16.09,8765,14242116.00,2.60,-2.24,-0.37,1.42
2019-05-14,15.89,16.09,16.21,15.89,4352,7009392.00,1.98,-0.31,-0.05,0.71
2019-05-15,16.23,16.39,16.46,16.09,5772,9452199.00,2.30,1.86,0.30,0.94
2019-05-16,16.38,16.66,16.80,16.38,8314,13832349.00,2.56,1.65,0.27,1.35
2019-05-17,16.70,15.90,16.78,15.83,9125,14825405.00,5.70,-4.56,-0.76,1.48
2019-05-20,15.90,15.82,15.97,15.56,7986,12547194.00,2.58,-0.50,-0.08,1.30
2019-05-21,15.95,16.06,16.06,15.72,5733,9149940.00,2.15,1.52,0.24,0.93
2019-05-22,16.05,15.98,16.13,15.89,4285,6858953.00,1.49,-0.50,-0.08,0.70
2019-05-23,16.08,15.56,16.08,15.50,5067,7949751.00,3.63,-2.63,-0.42,0.82
2019-05-24,15.46,15.69,15.77,15.46,3471,5422922.00,1.99,0.84,0.13,0.56
2019-05-27,15.69,16.00,16.08,15.35,5746,9109123.00,4.65,1.98,0.31,0.93
2019-05-28,16.08,16.07,16.30,15.92,5330,8602771.00,2.38,0.44,0.07,0.87
2019-05-29,16.48,16.06,16.50,16.00,6459,10490078.00,3.11,-0.06,-0.01,1.05
2019-05-30,15.99,15.91,16.12,15.76,6270,9948479.00,2.24,-0.93,-0.15,1.02
2019-05-31,15.97,16.06,16.16,15.90,4457,7153128.00,1.63,0.94,0.15,0.72
2019-06-03,16.01,15.61,16.12,15.58,6760,10685751.00,3.36,-2.80,-0.45,1.10
2019-06-04,15.63,15.49,15.77,15.47,4685,7304615.00,1.92,-0.77,-0.12,0.76
2019-06-05,15.56,15.46,15.75,15.36,5522,8563841.00,2.52,-0.19,-0.03,0.90
2019-06-06,15.40,15.11,15.47,15.10,5950,9050213.00,2.39,-2.26,-0.35,0.97
2019-06-10,15.31,15.12,15.34,15.00,4805,7255406.00,2.25,0.07,0.01,0.78
2019-06-11,15.20,15.56,15.61,15.06,7904,12155464.00,3.64,2.91,0.44,1.28
2019-06-12,15.49,15.70,15.80,15.49,7740,12135057.00,1.99,0.90,0.14,1.26
2019-06-13,15.65,15.79,15.81,15.43,7118,11136075.00,2.42,0.57,0.09,1.16
2019-06-14,16.60,15.41,16.62,15.39,16085,25914292.00,7.79,-2.41,-0.38,2.61
2019-06-17,15.38,16.02,16.30,15.38,15778,25107880.00,5.97,3.96,0.61,2.56
2019-06-18,16.01,15.57,16.01,15.40,12369,19331006.00,3.81,-2.81,-0.45,2.01
2019-06-19,15.67,15.70,15.91,15.55,14168,22187752.00,2.31,0.83,0.13,2.30
2019-06-20,15.31,15.71,15.80,15.31,13326,20739460.00,3.12,0.06,0.01,2.16
2019-06-21,15.81,15.92,16.19,15.80,12775,20344166.00,2.48,1.34,0.21,2.07
2019-06-24,15.92,15.80,16.01,15.70,10650,16837820.00,1.95,-0.75,-0.12,1.73
2019-06-25,15.83,15.52,15.83,15.36,9459,14695574.00,2.97,-1.77,-0.28,1.54
2019-06-26,15.50,15.62,15.67,15.42,6502,10139175.00,1.61,0.64,0.10,1.06
2019-06-27,15.61,15.90,15.95,15.57,12179,19243690.00,2.43,1.79,0.28,1.98
2019-06-28,15.97,15.47,16.01,15.40,13589,21187497.00,3.84,-2.70,-0.43,2.21
2019-07-01,15.66,15.92,16.01,15.61,14589,23086376.00,2.59,2.91,0.45,2.37
2019-07-02,15.90,16.30,16.35,15.81,18445,29644973.00,3.39,2.39,0.38,3.00
2019-07-03,16.09,16.15,16.38,16.03,15299,24767076.00,2.15,-0.92,-0.15,2.49
2019-07-04,16.14,16.06,16.30,16.06,9810,15858030.00,1.49,-0.56,-0.09,1.59
2019-07-05,16.06,16.15,16.19,15.91,5803,9360395.00,1.74,0.56,0.09,0.94
2019-07-08,16.08,15.54,16.08,15.45,10964,17186166.00,3.90,-3.78,-0.61,1.78
2019-07-09,15.52,15.67,15.75,15.30,8085,12543872.00,2.90,0.84,0.13,1.31
2019-07-10,15.65,15.51,15.80,15.46,4701,7337978.00,2.17,-1.02,-0.16,0.76
2019-07-11,15.67,15.61,15.82,15.51,5293,8279832.00,2.00,0.64,0.10,0.86
2019-07-12,15.63,15.80,15.89,15.60,7198,11336092.00,1.86,1.22,0.19,1.17
2019-07-15,15.80,15.95,15.95,15.51,8760,13796700.00,2.78,0.95,0.15,1.42
2019-07-16,15.95,15.96,16.03,15.78,5096,8111433.00,1.57,0.06,0.01,0.83
2019-07-17,15.99,15.95,16.06,15.83,5269,8416812.00,1.44,-0.06,-0.01,0.86
2019-07-18,15.89,15.51,15.90,15.40,9539,14877578.00,3.13,-2.76,-0.44,1.55
2019-07-19,15.70,15.70,15.94,15.55,6440,10141223.00,2.51,1.23,0.19,1.05
2019-07-22,15.70,15.17,15.75,15.01,10561,16064217.00,4.71,-3.38,-0.53,1.72
2019-07-23,15.23,15.17,15.32,15.08,7082,10761632.00,1.58,0.00,0.00,1.15
2019-07-24,15.25,15.49,16.50,15.18,15150,23571549.00,8.70,2.11,0.32,2.46
2019-07-25,15.58,15.63,15.92,15.50,12312,19282345.00,2.71,0.90,0.14,2.00
2019-07-26,15.48,15.40,15.55,15.30,7689,11843923.00,1.60,-1.47,-0.23,1.25
2019-07-29,15.44,15.43,15.48,15.33,4260,6559422.00,0.97,0.19,0.03,0.69
2019-07-30,15.31,15.50,15.59,15.31,6785,10530522.00,1.81,0.45,0.07,1.10
2019-07-31,15.54,15.40,15.54,15.35,5441,8373918.00,1.23,-0.65,-0.10,0.88
2019-08-01,15.31,15.35,15.44,15.20,6103,9358460.00,1.56,-0.32,-0.05,0.99
2019-08-02,15.30,15.17,15.30,15.05,5833,8833740.00,1.63,-1.17,-0.18,0.95
2019-08-05,15.17,15.08,15.28,15.06,5921,8976845.00,1.45,-0.59,-0.09,0.96
2019-08-06,14.70,14.48,14.87,14.10,10493,15167763.00,5.11,-3.98,-0.60,1.71
2019-08-07,14.57,14.29,14.57,14.28,3804,5474223.00,2.00,-1.31,-0.19,0.62
2019-08-08,14.33,14.30,14.42,14.24,6196,8870923.00,1.26,0.07,0.01,1.01
2019-08-09,14.48,13.94,14.48,13.90,8788,12405885.00,4.06,-2.52,-0.36,1.43
2019-08-12,13.97,14.06,14.07,13.77,5993,8341825.00,2.15,0.86,0.12,0.97
2019-08-13,14.00,14.18,14.19,13.97,5982,8434048.00,1.56,0.85,0.12,0.97
2019-08-14,14.31,14.26,14.38,14.20,5555,7936867.00,1.27,0.56,0.08,0.90
2019-08-15,13.91,14.41,14.44,13.85,8033,11433265.00,4.14,1.05,0.15,1.31
2019-08-16,14.41,14.50,14.83,14.40,9643,14117116.00,2.98,0.62,0.09,1.57
2019-08-19,14.68,15.06,15.08,14.48,14658,21671841.00,4.14,3.86,0.56,2.38
2019-08-20,14.97,15.75,16.57,14.97,41666,65832024.00,10.62,4.58,0.69,6.77
2019-08-21,15.51,15.25,16.28,15.19,24926,38364620.00,6.92,-3.17,-0.50,4.05
2019-08-22,15.42,15.06,15.44,14.90,13113,19825571.00,3.54,-1.25,-0.19,2.13
2019-08-23,15.13,15.30,15.38,14.98,12909,19672356.00,2.66,1.59,0.24,2.10
2019-08-26,14.95,15.25,15.45,14.89,12823,19511691.00,3.66,-0.33,-0.05,2.08
2019-08-27,15.25,15.69,15.70,15.23,18364,28583439.00,3.08,2.89,0.44,2.98
2019-08-28,15.67,15.49,15.67,15.43,9782,15183104.00,1.53,-1.27,-0.20,1.59
2019-08-29,15.50,15.36,15.62,15.30,7491,11545190.00,2.07,-0.84,-0.13,1.22
2019-08-30,15.38,15.06,15.56,14.95,10833,16482382.00,3.97,-1.95,-0.30,1.76
2019-09-02,15.01,15.30,15.31,15.01,6231,9483365.00,1.99,1.59,0.24,1.01
2019-09-03,15.25,15.31,15.40,15.24,7362,11266449.00,1.05,0.07,0.01,1.20
2019-09-04,15.31,15.33,15.48,15.19,7617,11646726.00,1.89,0.13,0.02,1.24
2019-09-05,15.39,15.42,15.55,15.33,13167,20350951.00,1.44,0.59,0.09,2.14
2019-09-06,15.47,15.33,15.47,15.17,9505,14577073.00,1.95,-0.58,-0.09,1.54
2019-09-09,15.38,15.62,15.67,15.36,14403,22291400.00,2.02,1.89,0.29,2.34
2019-09-10,15.62,15.86,15.99,15.48,19231,30320180.00,3.27,1.54,0.24,3.12
2019-09-11,15.88,15.67,16.00,15.52,11112,17479784.00,3.03,-1.20,-0.19,1.81
2019-09-12,15.69,15.75,15.80,15.55,9087,14238136.00,1.60,0.51,0.08,1.48
2019-09-16,15.75,15.77,15.88,15.69,7970,12582974.00,1.21,0.13,0.02,1.30
2019-09-17,15.78,15.32,15.78,15.25,11137,17201027.00,3.36,-2.85,-0.45,1.81
2019-09-18,15.35,15.38,15.47,15.28,5869,9028783.00,1.24,0.39,0.06,0.95
2019-09-19,15.38,15.61,15.66,15.38,7419,11509399.00,1.82,1.50,0.23,1.21
2019-09-20,15.60,15.75,15.90,15.59,11044,17443990.00,1.99,0.90,0.14,1.79
2019-09-23,15.75,15.50,15.79,15.39,6260,9702643.00,2.54,-1.59,-0.25,1.02
2019-09-24,15.54,15.79,15.80,15.48,10923,17121183.00,2.06,1.87,0.29,1.77
2019-09-25,15.88,15.34,15.88,15.34,13068,20292945.00,3.42,-2.85,-0.45,2.12
2019-09-26,15.40,14.78,15.42,13.85,12575,18754094.00,10.23,-3.65,-0.56,2.04
2019-09-27,14.68,16.26,16.26,14.68,24534,38740820.00,10.69,10.01,1.48,3.99
2019-09-30,17.09,16.52,17.80,16.46,97325,164710209.00,8.24,1.60,0.26,15.81
2019-10-08,16.03,17.05,17.25,15.70,76209,125213599.00,9.38,3.21,0.53,12.38
2019-10-09,16.86,16.54,16.88,16.23,43364,71615172.00,3.81,-2.99,-0.51,7.04
2019-10-10,16.25,16.81,16.86,16.00,39684,65003939.00,5.20,1.63,0.27,6.45
2019-10-11,16.58,16.36,16.67,16.28,25857,42680413.00,2.32,-2.68,-0.45,4.20
2019-10-14,16.36,17.00,17.28,16.26,45972,77596303.00,6.23,3.91,0.64,7.47
2019-10-15,16.82,16.90,16.98,16.65,23024,38712748.00,1.94,-0.59,-0.10,3.74
2019-10-16,16.86,17.14,17.46,16.51,36618,62296224.00,5.62,1.42,0.24,5.95
2019-10-17,17.00,17.60,17.78,16.90,50269,87502483.00,5.13,2.68,0.46,8.16
2019-10-18,17.50,16.89,17.64,16.89,37382,64459424.00,4.26,-4.03,-0.71,6.07
2019-10-21,16.38,15.88,16.55,15.66,28374,45447968.00,5.27,-5.98,-1.01,4.61
2019-10-22,15.93,15.89,16.10,15.65,18482,29312664.00,2.83,0.06,0.01,3.00
2019-10-23,15.72,15.35,15.75,15.27,25922,40069000.00,3.02,-3.40,-0.54,4.21
2019-10-24,15.62,15.62,15.86,15.43,16424,25679926.00,2.80,1.76,0.27,2.67
2019-10-25,15.65,16.00,16.10,15.58,17593,27874002.00,3.33,2.43,0.38,2.86
2019-10-28,16.02,16.39,16.46,16.00,22037,35936935.00,2.88,2.44,0.39,3.58
2019-10-29,16.27,16.07,16.49,16.05,15898,25839871.00,2.68,-1.95,-0.32,2.58
2019-10-30,15.99,15.87,16.16,15.85,10737,17153010.00,1.93,-1.24,-0.20,1.74
2019-10-31,15.83,15.79,15.99,15.74,8455,13421897.00,1.58,-0.50,-0.08,1.37
2019-11-01,15.63,16.13,16.19,15.63,10120,16237503.00,3.55,2.15,0.34,1.64
2019-11-04,16.14,16.23,16.40,16.06,13297,21676375.00,2.11,0.62,0.10,2.16
2019-11-05,16.37,16.26,16.37,15.95,11095,18015726.00,2.59,0.18,0.03,1.80
2019-11-06,16.19,16.18,16.55,16.09,12505,20410063.00,2.83,-0.49,-0.08,2.03
2019-11-07,16.24,16.35,16.37,16.10,11131,18105186.00,1.67,1.05,0.17,1.81
2019-11-08,16.38,15.92,16.42,15.88,13309,21500604.00,3.30,-2.63,-0.43,2.16
2019-11-11,15.90,15.45,16.07,15.45,11461,18002366.00,3.89,-2.95,-0.47,1.86
2019-11-12,15.28,15.53,15.66,15.28,8305,12888227.00,2.46,0.52,0.08,1.35
2019-11-13,15.69,15.60,15.85,15.42,7115,11142122.00,2.77,0.45,0.07,1.16
2019-11-14,15.50,15.61,15.76,15.50,7137,11128026.00,1.67,0.06,0.01,1.16
2019-11-15,15.61,15.16,15.69,15.16,9312,14287877.00,3.40,-2.88,-0.45,1.51
2019-11-18,15.29,15.14,15.37,15.06,6656,10108138.00,2.04,-0.13,-0.02,1.08
2019-11-19,15.19,15.30,15.38,15.14,6791,10368952.00,1.59,1.06,0.16,1.10
2019-11-20,15.31,15.23,15.46,15.20,7288,11170846.00,1.70,-0.46,-0.07,1.18
2019-11-21,15.12,15.19,15.43,15.12,6214,9440793.00,2.04,-0.26,-0.04,1.01
2019-11-22,15.28,14.75,15.32,14.67,15217,22714171.00,4.28,-2.90,-0.44,2.47
2019-11-25,14.84,14.72,14.87,14.62,6479,9550889.00,1.69,-0.20,-0.03,1.05
2019-11-26,14.72,14.72,14.87,14.67,6498,9596253.00,1.36,0.00,0.00,1.06
2019-11-27,14.78,14.70,14.78,14.53,5480,8028337.00,1.70,-0.14,-0.02,0.89
2019-11-28,14.70,14.62,14.85,14.55,5997,8816626.00,2.04,-0.54,-0.08,0.97
2019-11-29,14.71,14.74,14.82,14.58,4972,7315384.00,1.64,0.82,0.12,0.81
2019-12-02,14.74,14.80,14.85,14.70,5359,7919441.00,1.02,0.41,0.06,0.87
2019-12-03,15.00,16.28,16.28,14.98,44899,71328093.00,8.78,10.00,1.48,7.29
2019-12-04,16.15,16.50,17.45,15.74,75225,123080862.00,10.50,1.35,0.22,12.22
2019-12-05,16.13,16.29,16.54,16.03,43195,70166448.00,3.09,-1.27,-0.21,7.02
2019-12-06,16.20,16.56,16.66,16.19,42716,70235087.00,2.89,1.66,0.27,6.94
2019-12-09,16.53,16.54,16.99,16.40,34192,56892197.00,3.56,-0.12,-0.02,5.55
2019-12-10,16.38,16.86,16.86,16.10,37264,61528181.00,4.59,1.93,0.32,6.05
2019-12-11,16.70,16.74,16.80,16.35,28775,47758593.00,2.67,-0.71,-0.12,4.67
2019-12-12,16.69,16.50,16.74,16.40,19729,32585394.00,2.03,-1.43,-0.24,3.20
2019-12-13,16.49,16.53,16.79,16.43,26214,43486499.00,2.18,0.18,0.03,4.26
2019-12-16,16.52,16.96,16.96,16.39,34563,57941077.00,3.45,2.60,0.43,5.61
2019-12-17,16.89,17.00,17.20,16.73,35830,60656957.00,2.77,0.24,0.04,5.82
2019-12-18,17.03,16.93,17.09,16.59,28393,47778207.00,2.94,-0.41,-0.07,4.61
2019-12-19,16.93,17.29,17.45,16.88,35068,60043106.00,3.37,2.13,0.36,5.70
2019-12-20,17.28,16.41,17.29,16.41,35388,59515169.00,5.09,-5.09,-0.88,5.75
2019-12-23,16.12,16.29,16.55,16.12,16661,27187683.00,2.62,-0.73,-0.12,2.71
2019-12-24,16.28,16.42,16.55,16.28,12766,20965928.00,1.66,0.80,0.13,2.07
2019-12-25,16.45,16.27,16.54,16.19,17120,28028641.00,2.13,-0.91,-0.15,2.78
2019-12-26,16.48,16.62,16.64,16.43,20447,33834209.00,1.29,2.15,0.35,3.32
2019-12-27,16.69,16.81,16.81,16.57,26198,43715428.00,1.44,1.14,0.19,4.26
2019-12-30,16.57,16.43,16.58,16.13,21724,35469605.00,2.68,-2.26,-0.38,3.53
2019-12-31,16.30,16.86,16.90,16.27,30265,50479154.00,3.83,2.62,0.43,4.92
2020-01-02,16.91,16.97,17.10,16.67,28393,47887469.00,2.55,0.65,0.11,4.62
2020-01-03,17.07,16.93,17.29,16.88,22008,37583207.00,2.42,-0.24,-0.04,3.58
2020-01-06,16.78,16.98,17.24,16.74,24383,41636270.00,2.95,0.30,0.05,3.96
2020-01-07,16.98,17.09,17.13,16.86,19952,33965021.00,1.59,0.65,0.11,3.24
2020-01-08,17.07,16.70,17.07,16.60,20108,33836374.00,2.75,-2.28,-0.39,3.27
2020-01-09,16.87,17.19,17.28,16.81,24523,41699430.00,2.81,2.93,0.49,3.99
2020-01-10,17.58,17.53,17.70,17.10,41697,72481130.00,3.49,1.98,0.34,6.78
2020-01-13,17.44,17.41,17.47,17.21,18220,31562242.00,1.48,-0.68,-0.12,2.96
2020-01-14,17.38,17.84,18.30,17.32,31002,55487557.00,5.63,2.47,0.43,5.04
2020-01-15,17.65,18.38,18.82,17.56,39617,72287383.00,7.06,3.03,0.54,6.44
2020-01-16,18.37,18.08,18.50,18.01,27498,50211150.00,2.67,-1.63,-0.30,4.47
2020-01-17,18.22,17.88,18.35,17.76,22353,40186141.00,3.26,-1.11,-0.20,3.63
2020-01-20,17.99,18.03,18.20,17.62,19693,35345600.00,3.24,0.84,0.15,3.20
2020-01-21,18.08,18.38,18.86,18.08,34238,63153640.00,4.33,1.94,0.35,5.57
2020-01-22,18.55,17.55,18.55,17.00,27153,48127268.00,8.43,-4.52,-0.83,4.41
2020-01-23,17.54,17.31,18.08,16.85,27379,48125125.00,7.01,-1.37,-0.24,4.45
2020-02-03,16.01,16.34,16.80,15.58,38597,61926606.00,7.05,-5.60,-0.97,6.28
2020-02-04,16.20,17.21,17.35,16.02,38039,63823670.00,8.14,5.32,0.87,6.18
2020-02-05,17.09,18.05,18.05,16.95,42268,74542227.00,6.39,4.88,0.84,6.87
2020-02-06,18.03,18.35,19.33,17.70,72781,134377247.00,9.03,1.66,0.30,11.83
2020-02-07,18.30,17.88,18.58,17.66,43504,78634149.00,5.01,-2.56,-0.47,7.07
2020-02-10,17.85,17.01,17.85,16.73,42790,73410532.00,6.26,-4.87,-0.87,6.96
2020-02-11,16.90,17.10,17.18,16.62,21912,37030678.00,3.29,0.53,0.09,3.56
2020-02-12,17.00,17.13,17.25,16.81,20089,34190201.00,2.57,0.18,0.03,3.27
2020-02-13,17.00,16.67,17.00,16.62,19296,32380361.00,2.22,-2.69,-0.46,3.14
2020-02-14,16.76,16.78,16.88,16.51,14294,23852971.00,2.22,0.66,0.11,2.32
2020-02-17,16.90,17.14,17.22,16.88,19422,33171401.00,2.03,2.15,0.36,3.16
2020-02-18,17.18,17.16,17.29,16.80,26420,45001225.00,2.86,0.12,0.02,4.30
2020-02-19,17.01,16.81,17.10,16.79,18336,31041441.00,1.81,-2.04,-0.35,2.98
2020-02-20,16.84,17.17,17.18,16.77,24233,41146653.00,2.44,2.14,0.36,3.94
2020-02-21,17.20,17.50,17.50,17.15,30356,52544057.00,2.04,1.92,0.33,4.94
2020-02-24,17.60,17.51,17.66,17.35,26584,46539621.00,1.77,0.06,0.01,4.32
2020-02-25,17.15,17.45,17.59,16.91,22949,39568177.00,3.88,-0.34,-0.06,3.73
2020-02-26,17.16,16.93,17.35,16.89,18296,31316766.00,2.64,-2.98,-0.52,2.97
2020-02-27,16.89,16.76,17.09,16.69,16667,28030562.00,2.36,-1.00,-0.17,2.71
2020-02-28,16.55,15.80,16.55,15.72,21852,35237323.00,4.95,-5.73,-0.96,3.55
2020-03-02,15.93,16.24,16.31,15.83,11756,18975814.00,3.04,2.78,0.44,1.91
2020-03-03,16.28,16.24,16.53,16.13,13070,21392784.00,2.46,0.00,0.00,2.13
2020-03-04,16.23,16.28,16.29,16.05,10753,17384817.00,1.48,0.25,0.04,1.75
2020-03-05,16.36,16.55,16.55,16.35,13269,21859828.00,1.23,1.66,0.27,2.16
2020-03-06,16.61,16.62,16.86,16.58,14574,24330321.00,1.69,0.42,0.07,2.37
2020-03-09,17.05,16.77,17.40,16.74,26975,45850769.00,3.97,0.90,0.15,4.39
2020-03-10,16.05,17.12,17.38,16.05,30059,50182171.00,7.93,2.09,0.35,4.89
2020-03-11,17.15,17.19,17.35,16.90,26773,45877744.00,2.63,0.41,0.07,4.35
2020-03-12,17.00,16.80,17.20,16.70,16093,27290704.00,2.91,-2.27,-0.39,2.62
2020-03-13,16.30,18.48,18.48,15.99,71017,126416660.00,14.82,10.00,1.68,11.55
2020-03-16,20.33,20.33,20.33,20.33,12126,24652889.00,0.00,10.01,1.85,1.97
2020-03-17,22.36,22.36,22.36,22.36,8594,19216877.00,0.00,9.99,2.03,1.40
2020-03-18,24.60,24.60,24.60,24.60,16466,40506483.00,0.00,10.02,2.24,2.68
2020-03-19,26.00,27.06,27.06,24.95,285147,748870608.00,8.58,10.00,2.46,46.36
2020-03-20,25.92,24.35,26.17,24.35,168188,422728432.00,6.73,-10.01,-2.71,27.35
2020-03-23,22.92,21.92,23.29,21.92,76650,170812884.00,5.63,-9.98,-2.43,12.46
2020-03-24,20.50,19.73,20.95,19.73,181403,363060416.00,5.57,-9.99,-2.19,29.49
2020-03-25,19.70,20.30,20.49,19.30,152543,303914912.00,6.03,2.89,0.57,24.80
2020-03-26,19.91,20.73,20.99,19.61,147586,300134752.00,6.80,2.12,0.43,24.00
2020-03-27,20.29,19.71,20.46,19.71,97809,196211479.00,3.62,-4.92,-1.02,15.90
2020-03-30,19.50,18.84,19.57,18.81,71184,135656541.00,3.86,-4.41,-0.87,11.57
2020-03-31,19.00,20.23,20.58,18.88,122423,242253538.00,9.02,7.38,1.39,19.90
2020-04-01,19.75,19.22,19.85,19.06,84111,163331243.00,3.91,-4.99,-1.01,13.68
2020-04-02,19.30,19.48,19.56,18.67,69891,133745982.00,4.63,1.35,0.26,11.36
2020-04-03,19.48,20.00,20.20,19.48,88947,176186276.00,3.70,2.67,0.52,14.46
2020-04-07,20.00,20.48,20.89,19.60,105972,214337402.00,6.45,2.40,0.48,17.23
2020-04-08,20.12,21.15,22.50,19.73,137334,287692784.00,13.53,3.27,0.67,22.33
2020-04-09,20.78,20.90,21.63,20.51,100843,211880252.00,5.30,-1.18,-0.25,16.40
2020-04-10,20.44,20.00,21.30,19.82,79891,164163367.00,7.08,-4.31,-0.90,12.99
2020-04-13,18.08,18.70,19.17,18.06,81461,151465010.00,5.55,-6.50,-1.30,13.24
2020-04-14,18.95,18.91,19.22,18.45,57558,108242238.00,4.12,1.12,0.21,9.36
2020-04-15,18.99,20.03,20.40,18.99,97101,191486829.00,7.46,5.92,1.12,15.79
2020-04-16,19.93,19.46,19.96,19.28,73823,144838426.00,3.39,-2.85,-0.57,12.00
2020-04-17,19.66,18.86,19.74,18.70,62437,118948185.00,5.34,-3.08,-0.60,10.15
2020-04-20,19.12,19.18,19.47,19.00,44318,85203476.00,2.49,1.70,0.32,7.21
2020-04-21,19.00,19.30,19.65,18.70,53675,103703617.00,4.95,0.63,0.12,8.73
2020-04-22,19.00,19.18,19.28,18.85,32541,62047160.00,2.23,-0.62,-0.12,5.29
2020-04-23,19.30,18.75,19.49,18.70,52604,100282756.00,4.12,-2.24,-0.43,8.55
2020-04-24,18.77,17.98,18.84,17.83,46755,84876194.00,5.39,-4.11,-0.77,7.60
2020-04-27,18.01,17.46,18.10,17.35,30829,54256761.00,4.17,-2.89,-0.52,5.01
2020-04-28,17.30,16.74,17.66,16.02,40800,68327995.00,9.39,-4.12,-0.72,6.63
2020-04-29,16.77,16.66,17.21,16.60,28246,47751877.00,3.64,-0.48,-0.08,4.59
2020-04-30,16.71,16.76,16.97,16.60,28744,48189518.00,2.22,0.60,0.10,4.67
2020-05-06,16.77,16.99,17.02,16.59,22047,37155970.00,2.57,1.37,0.23,3.58
2020-05-07,16.99,17.13,17.18,16.86,23992,40884058.00,1.88,0.82,0.14,3.90
2020-05-08,17.13,17.06,17.18,16.95,20507,35002459.00,1.34,-0.41,-0.07,3.33
2020-05-11,17.18,17.20,17.40,17.05,21830,37466814.00,2.05,0.82,0.14,3.55
2020-05-12,17.35,17.41,17.76,17.17,30109,52443037.00,3.43,1.22,0.21,4.90
2020-05-13,17.37,17.25,17.37,17.03,19254,33091228.00,1.95,-0.92,-0.16,3.13
2020-05-14,17.33,16.91,17.33,16.88,20799,35343682.00,2.61,-1.97,-0.34,3.38
2020-05-15,16.93,16.78,17.13,16.66,22537,37998068.00,2.78,-0.77,-0.13,3.66
2020-05-18,16.79,16.38,16.89,16.33,23752,39193385.00,3.34,-2.38,-0.40,3.86
2020-05-19,16.50,16.51,16.70,16.41,14987,24733990.00,1.77,0.79,0.13,1.32
2020-05-20,16.85,18.16,18.16,16.85,36218,63844013.00,7.93,9.99,1.65,3.20
2020-05-21,18.58,19.04,19.60,17.51,114984,215636913.00,11.51,4.85,0.88,10.16
2020-05-22,18.51,17.83,18.58,17.77,52364,94878342.00,4.25,-6.36,-1.21,4.63
2020-05-25,17.53,17.86,18.10,17.53,29912,53446476.00,3.20,0.17,0.03,2.64
2020-05-26,17.59,17.89,17.91,17.22,34036,59725108.00,3.86,0.17,0.03,3.01
2020-05-27,18.00,17.35,18.10,17.25,31868,56059745.00,4.75,-3.02,-0.54,2.82
2020-05-28,17.18,16.97,17.30,16.66,29282,49645758.00,3.69,-2.19,-0.38,2.59
2020-05-29,16.84,16.94,17.15,16.69,20195,34184597.00,2.71,-0.18,-0.03,1.78
2020-06-01,16.98,17.30,17.38,16.98,22833,39326130.00,2.36,2.13,0.36,2.02
2020-06-02,17.27,17.32,17.57,17.14,24365,42246094.00,2.49,0.12,0.02,2.15
2020-06-03,17.92,19.05,19.05,17.78,43587,82012581.00,7.33,9.99,1.73,3.85
2020-06-04,19.00,18.60,19.47,18.43,88902,168046788.00,5.46,-2.36,-0.45,7.86
2020-06-05,18.80,18.32,18.80,17.96,44319,80835509.00,4.52,-1.51,-0.28,3.92
2020-06-08,18.33,19.86,20.15,18.16,111074,214032518.00,10.86,8.41,1.54,9.82
2020-06-09,19.42,19.94,20.37,19.10,93234,184492486.00,6.39,0.40,0.08,8.24
2020-06-10,19.70,19.41,20.08,19.33,50500,99019990.00,3.76,-2.66,-0.53,4.46
2020-06-11,19.41,19.11,19.62,19.00,45080,86651373.00,3.19,-1.55,-0.30,3.98
2020-06-12,18.52,19.04,19.39,18.52,32565,62103386.00,4.55,-0.37,-0.07,2.88
2020-06-15,19.22,19.70,19.90,19.20,52617,103177393.00,3.68,3.47,0.66,4.65
2020-06-16,19.60,19.45,19.60,19.25,36019,69837312.00,1.78,-1.27,-0.25,3.18
2020-06-17,19.55,20.15,20.20,19.40,81264,161651868.00,4.11,3.60,0.70,7.18
2020-06-18,20.00,19.21,20.00,19.20,51443,100205048.00,3.97,-4.67,-0.94,4.55
2020-06-19,19.04,19.08,19.38,18.90,26286,50110037.00,2.50,-0.68,-0.13,2.32
2020-06-22,19.07,19.30,19.30,19.00,26686,51096304.00,1.57,1.15,0.22,2.36
2020-06-23,19.65,19.55,19.73,19.10,30993,60140205.00,3.26,1.30,0.25,2.74
2020-06-24,19.82,19.15,19.82,19.10,24889,48009341.00,3.68,-2.05,-0.40,2.20
2020-06-29,19.15,18.63,19.15,18.55,23368,43906924.00,3.13,-2.72,-0.52,2.07
2020-06-30,18.80,18.88,18.97,18.66,18283,34416923.00,1.66,1.34,0.25,1.62
2020-07-01,18.80,18.67,18.98,18.55,18665,35021532.00,2.28,-1.11,-0.21,1.65
2020-07-02,18.70,18.44,18.76,18.20,32963,60850049.00,3.00,-1.23,-0.23,2.91
2020-07-03,18.42,18.74,18.78,18.14,30610,56410992.00,3.47,1.63,0.30,2.70
2020-07-06,18.70,19.16,19.29,18.56,44588,84544915.00,3.90,2.24,0.42,3.94
2020-07-07,19.33,19.47,19.67,19.00,54029,104838162.00,3.50,1.62,0.31,4.77
2020-07-08,19.58,19.65,19.89,19.25,41193,80542494.00,3.29,0.92,0.18,3.64
2020-07-09,19.60,20.44,20.64,19.47,67976,137069680.00,5.95,4.02,0.79,6.01
2020-07-10,20.12,20.35,20.71,19.91,67502,137181333.00,3.91,-0.44,-0.09,5.96
2020-07-13,21.50,22.39,22.39,21.28,124962,273906384.00,5.45,10.02,2.04,11.04
2020-07-14,22.77,21.80,22.77,21.50,77961,171384391.00,5.67,-2.64,-0.59,6.89
2020-07-15,21.70,21.72,22.97,21.53,78133,174292706.00,6.61,-0.37,-0.08,6.90
2020-07-16,21.26,20.10,21.46,19.75,58611,120968901.00,7.87,-7.46,-1.62,5.18
2020-07-17,20.07,19.75,20.40,19.45,33369,66463016.00,4.73,-1.74,-0.35,2.95
2020-07-20,19.80,20.60,20.68,19.71,32987,66662984.00,4.91,4.30,0.85,2.91
2020-07-21,20.55,21.13,21.15,20.04,38848,80248684.00,5.39,2.57,0.53,3.43
2020-07-22,21.13,20.57,21.15,20.39,32244,67093566.00,3.60,-2.65,-0.56,2.85
2020-07-23,20.51,21.73,21.98,20.22,56026,118596905.00,8.56,5.64,1.16,4.95
2020-07-24,21.50,20.00,21.65,19.85,47334,98485036.00,8.28,-7.96,-1.73,4.18
2020-07-27,20.19,20.69,21.56,20.10,40561,84390264.00,7.30,3.45,0.69,3.58
2020-07-28,20.75,21.66,21.68,20.36,59738,127073663.00,6.38,4.69,0.97,5.28
2020-07-29,21.45,21.72,21.86,21.11,50538,108587578.00,3.46,0.28,0.06,4.46
2020-07-30,21.52,21.96,22.75,21.51,62596,138928069.00,5.71,1.10,0.24,5.53
2020-07-31,21.69,22.18,22.26,21.27,50572,109942035.00,4.51,1.00,0.22,4.47
2020-08-03,22.18,22.86,23.30,21.95,63929,143715376.00,6.09,3.07,0.68,5.65
2020-08-04,22.63,22.15,22.79,22.00,49847,111244190.00,3.46,-3.11,-0.71,4.40
2020-08-05,21.59,21.53,21.78,21.11,42521,91212527.00,3.02,-2.80,-0.62,3.75
2020-08-06,21.42,20.96,21.64,20.71,39685,83410546.00,4.32,-2.65,-0.57,3.50
2020-08-07,21.05,20.69,21.20,20.20,27366,56409407.00,4.77,-1.29,-0.27,2.42
2020-08-10,20.60,20.90,21.05,20.44,18471,38474243.00,2.95,1.01,0.21,1.63
2020-08-11,20.90,20.23,20.96,20.00,20465,42050205.00,4.59,-3.21,-0.67,1.81
2020-08-12,20.05,20.20,20.21,19.71,18834,37472156.00,2.47,-0.15,-0.03,1.66
2020-08-13,20.10,20.07,20.26,20.01,12477,25101289.00,1.24,-0.64,-0.13,1.10
2020-08-14,20.15,20.44,20.47,19.83,11473,23131049.00,3.19,1.84,0.37,1.01
2020-08-17,20.42,20.66,20.78,20.32,15146,31181642.00,2.25,1.08,0.22,1.34
2020-08-18,20.78,20.57,20.81,20.48,14419,29727269.00,1.60,-0.44,-0.09,1.27
2020-08-19,20.58,20.09,20.59,20.03,15823,31993789.00,2.72,-2.33,-0.48,1.40
2020-08-20,20.03,20.31,20.50,19.86,15036,30341921.00,3.19,1.10,0.22,1.33
2020-08-21,20.58,20.14,20.69,20.08,13037,26541352.00,3.00,-0.84,-0.17,1.15
2020-08-24,20.05,19.90,20.18,19.61,12914,25623455.00,2.83,-1.19,-0.24,1.14
2020-08-25,19.90,20.32,20.35,19.79,14183,28464261.00,2.81,2.11,0.42,1.25
2020-08-26,20.26,19.87,20.56,19.85,12195,24621440.00,3.49,-2.21,-0.45,1.08
2020-08-27,19.92,19.73,19.92,19.30,15226,29829138.00,3.12,-0.70,-0.14,1.34
2020-08-28,19.88,20.00,20.00,19.46,14001,27668613.00,2.74,1.37,0.27,1.24
2020-08-31,20.18,19.87,20.40,19.80,13310,26765961.00,3.00,-0.65,-0.13,1.18
2020-09-01,19.98,19.90,20.05,19.75,9880,19656390.00,1.51,0.15,0.03,0.87
2020-09-02,20.02,19.97,20.05,19.78,8940,17836769.00,1.36,0.35,0.07,0.79
2020-09-03,19.98,19.89,20.33,19.85,18545,37217153.00,2.40,-0.40,-0.08,1.64
2020-09-04,19.65,19.13,19.65,18.97,22325,42782801.00,3.42,-3.82,-0.76,1.97
2020-09-07,19.01,18.85,19.30,18.72,17260,32885335.00,3.03,-1.46,-0.28,1.52
2020-09-08,18.91,19.17,19.18,18.70,11144,21120570.00,2.55,1.70,0.32,0.98
2020-09-09,19.00,18.62,19.09,18.60,13692,25778558.00,2.56,-2.87,-0.55,1.21
2020-09-10,18.68,17.66,18.77,17.59,17649,31996651.00,6.34,-5.16,-0.96,1.56
2020-09-11,17.72,18.17,18.24,17.57,13765,24678015.00,3.79,2.89,0.51,1.22
2020-09-14,18.40,18.24,18.49,18.14,11365,20812549.00,1.93,0.39,0.07,1.00
2020-09-15,18.35,18.18,18.35,17.96,7567,13694469.00,2.14,-0.33,-0.06,0.67
2020-09-16,18.20,18.02,18.24,17.87,7001,12608055.00,2.04,-0.88,-0.16,0.62
2020-09-17,17.81,17.90,18.14,17.77,11027,19797344.00,2.05,-0.67,-0.12,0.97
2020-09-18,17.94,18.25,18.29,17.85,10470,18951731.00,2.46,1.96,0.35,0.92
2020-09-21,18.35,18.41,18.56,18.20,9497,17466025.00,1.97,0.88,0.16,0.84
2020-09-22,18.25,18.15,18.57,18.01,9582,17551829.00,3.04,-1.41,-0.26,0.85
2020-09-23,18.16,18.35,18.48,18.04,9515,17420962.00,2.42,1.10,0.20,0.84
2020-09-24,18.20,17.97,18.24,17.92,7302,13169226.00,1.74,-2.07,-0.38,0.64
2020-09-25,17.91,17.75,18.11,17.72,6668,11922969.00,2.17,-1.22,-0.22,0.59
2020-09-28,17.88,17.14,17.88,17.05,9467,16372886.00,4.68,-3.44,-0.61,0.84
2020-09-29,17.31,17.39,17.88,17.07,11155,19543546.00,4.73,1.46,0.25,0.99
2020-09-30,17.55,17.42,17.65,17.31,7266,12689349.00,1.96,0.17,0.03,0.64
2020-10-09,17.50,18.05,18.09,17.49,9146,16407797.00,3.44,3.62,0.63,0.81
2020-10-12,18.02,18.42,18.42,18.02,12780,23393446.00,2.22,2.05,0.37,1.13
2020-10-13,18.48,18.30,18.87,18.23,17241,31776665.00,3.47,-0.65,-0.12,1.52
2020-10-14,18.26,18.32,18.58,18.15,11709,21482326.00,2.35,0.11,0.02,1.03
2020-10-15,18.32,17.99,18.32,17.99,9675,17493501.00,1.80,-1.80,-0.33,0.85
2020-10-16,18.09,18.35,18.57,17.90,14441,26384451.00,3.72,2.00,0.36,1.28
2020-10-19,18.43,18.37,18.85,18.06,16819,31134582.00,4.31,0.11,0.02,1.49
2020-10-20,18.37,18.88,19.07,18.16,20099,37725894.00,4.95,2.78,0.51,1.78
2020-10-21,18.88,18.63,19.01,18.63,10909,20484609.00,2.01,-1.32,-0.25,0.96
2020-10-22,18.63,18.58,18.81,18.36,8847,16436881.00,2.42,-0.27,-0.05,0.78
2020-10-23,18.52,18.20,18.73,18.16,9947,18271292.00,3.07,-2.05,-0.38,0.88
2020-10-26,18.20,18.30,18.43,18.01,8729,15925559.00,2.31,0.55,0.10,0.77
2020-10-27,18.20,18.06,18.35,17.95,6695,12137976.00,2.19,-1.31,-0.24,0.59
2020-10-28,18.11,18.09,18.18,17.72,7440,13332082.00,2.55,0.17,0.03,0.66
2020-10-29,18.01,18.52,18.80,17.92,16875,31268968.00,4.86,2.38,0.43,1.49
2020-10-30,18.50,18.29,18.67,18.26,13451,24848934.00,2.21,-1.24,-0.23,1.19
2020-11-02,18.29,18.15,18.48,17.85,10935,19753428.00,3.44,-0.77,-0.14,0.97
2020-11-03,18.27,18.32,18.39,18.03,9556,17449886.00,1.98,0.94,0.17,0.84
2020-11-04,18.32,18.27,18.60,18.12,8894,16293916.00,2.62,-0.27,-0.05,0.79
2020-11-05,18.28,18.59,18.72,18.22,13411,24806830.00,2.74,1.75,0.32,1.18
2020-11-06,18.61,18.40,18.67,18.30,10085,18608632.00,1.99,-1.02,-0.19,0.89
2020-11-09,18.40,18.75,18.77,18.39,14530,27100353.00,2.07,1.90,0.35,1.28
2020-11-10,18.74,18.60,18.87,18.42,10631,19798985.00,2.40,-0.80,-0.15,0.94
2020-11-11,18.51,18.10,18.51,18.07,9569,17429758.00,2.37,-2.69,-0.50,0.85
2020-11-12,18.01,18.24,18.31,18.01,5214,9489540.00,1.66,0.77,0.14,0.46
2020-11-13,18.20,18.29,18.36,18.07,5375,9794897.00,1.59,0.27,0.05,0.47
2020-11-16,18.29,18.22,18.46,18.16,6948,12706896.00,1.64,-0.38,-0.07,0.61
2020-11-17,18.15,18.04,18.23,17.87,7621,13693511.00,1.98,-0.99,-0.18,0.67
2020-11-18,17.88,18.05,18.27,17.88,5875,10639645.00,2.16,0.06,0.01,0.52
2020-11-19,18.05,18.33,18.37,17.98,7812,14231904.00,2.16,1.55,0.28,0.69
2020-11-20,18.34,18.38,18.50,18.18,7017,12864624.00,1.75,0.27,0.05,0.62
2020-11-23,18.41,18.50,18.63,18.26,10913,20176704.00,2.01,0.65,0.12,0.96
2020-11-24,18.60,18.38,18.60,18.33,6429,11824750.00,1.46,-0.65,-0.12,0.57
2020-11-25,18.38,18.05,18.41,18.03,11147,20229694.00,2.07,-1.80,-0.33,0.98
2020-11-26,17.91,17.99,18.13,17.84,5820,10446949.00,1.61,-0.33,-0.06,0.51
2020-11-27,17.95,17.79,18.05,17.64,6738,11981182.00,2.28,-1.11,-0.20,0.60
2020-11-30,17.79,17.81,17.96,17.67,4343,7744084.00,1.63,0.11,0.02,0.38
2020-12-01,17.81,17.98,18.10,17.72,5573,10026952.00,2.13,0.95,0.17,0.49
2020-12-02,17.90,17.93,18.10,17.80,3539,6352996.00,1.67,-0.28,-0.05,0.31
2020-12-03,17.93,18.09,18.15,17.82,5614,10133116.00,1.84,0.89,0.16,0.50
2020-12-04,18.09,18.39,18.42,17.96,10294,18760223.00,2.54,1.66,0.30,0.91
2020-12-07,18.35,17.93,18.35,17.81,11512,20719028.00,2.94,-2.50,-0.46,1.02
2020-12-08,17.90,17.82,17.97,17.80,4176,7460103.00,0.95,-0.61,-0.11,0.37
2020-12-09,17.90,17.51,17.92,17.49,6887,12137437.00,2.41,-1.74,-0.31,0.61
2020-12-10,17.51,17.39,17.60,17.32,4384,7652160.00,1.60,-0.69,-0.12,0.39
2020-12-11,17.38,17.21,17.49,17.05,5587,9618066.00,2.53,-1.04,-0.18,0.49
2020-12-14,17.44,17.30,17.44,17.06,3214,5546570.00,2.21,0.52,0.09,0.28
2020-12-15,17.41,17.38,17.45,17.20,2804,4853988.00,1.45,0.46,0.08,0.25
2020-12-16,17.28,17.03,17.34,16.90,5809,9906272.00,2.53,-2.01,-0.35,0.51
2020-12-17,17.00,17.20,17.28,16.88,3976,6790089.00,2.35,1.00,0.17,0.35
2020-12-18,17.17,16.92,17.30,16.88,5216,8876175.00,2.44,-1.63,-0.28,0.46
2020-12-21,16.93,16.94,17.00,16.72,4050,6845365.00,1.65,0.12,0.02,0.36
2020-12-22,16.95,17.02,17.24,16.85,6812,11643953.00,2.30,0.47,0.08,0.60
2020-12-23,17.03,16.73,17.06,16.65,6986,11712905.00,2.41,-1.70,-0.29,0.62
2020-12-24,16.59,16.05,16.64,15.92,10480,16974534.00,4.30,-4.06,-0.68,0.93
2020-12-25,16.06,15.93,16.17,15.88,6969,11143268.00,1.81,-0.75,-0.12,0.62
2020-12-28,16.00,15.22,16.00,15.19,10126,15665049.00,5.08,-4.46,-0.71,0.89
2020-12-29,15.44,16.74,16.74,15.43,10533,17322019.00,8.61,9.99,1.52,0.93
2020-12-30,16.74,16.40,16.91,15.93,19896,32523464.00,5.85,-2.03,-0.34,1.76
2020-12-31,16.40,16.26,16.44,15.83,10197,16512676.00,3.72,-0.85,-0.14,0.90
2021-01-04,16.21,16.24,16.44,16.00,8135,13206439.00,2.71,-0.12,-0.02,0.72
2021-01-05,16.26,16.50,16.69,16.26,9514,15693498.00,2.65,1.60,0.26,0.84
2021-01-06,16.51,16.35,16.78,16.18,7668,12584845.00,3.64,-0.91,-0.15,0.68
2021-01-07,16.19,15.79,16.24,15.68,9948,15823857.00,3.43,-3.43,-0.56,0.88
2021-01-08,15.69,15.90,16.10,15.20,6900,10798769.00,5.70,0.70,0.11,0.61
2021-01-11,15.90,15.35,16.08,15.24,8201,12701941.00,5.28,-3.46,-0.55,0.72
2021-01-12,15.33,15.50,15.66,15.33,5257,8138325.00,2.15,0.98,0.15,0.46
2021-01-13,15.51,15.45,15.73,15.21,6171,9476526.00,3.35,-0.32,-0.05,0.55
2021-01-14,15.47,15.56,15.96,15.38,6931,10848328.00,3.75,0.71,0.11,0.61
2021-01-15,14.82,15.95,17.12,14.82,9048,14564026.00,14.78,2.51,0.39,0.80
2021-01-18,15.84,15.85,16.10,15.77,6532,10398000.00,2.07,-0.63,-0.10,0.58
2021-01-19,15.85,15.86,15.99,15.70,5857,9269791.00,1.83,0.06,0.01,0.52
2021-01-20,15.84,15.76,15.84,15.64,4080,6412664.00,1.26,-0.63,-0.10,0.36
2021-01-21,15.75,15.83,15.87,15.70,4452,7041424.00,1.08,0.44,0.07,0.39
2021-01-22,15.66,15.90,16.10,15.66,7232,11513913.00,2.78,0.44,0.07,0.64
2021-01-25,15.87,15.43,16.04,15.33,6657,10387750.00,4.47,-2.96,-0.47,0.59
2021-01-26,15.37,15.55,15.64,15.21,4240,6569904.00,2.79,0.78,0.12,0.37
2021-01-27,15.55,15.43,15.76,15.37,3153,4873174.00,2.51,-0.77,-0.12,0.28
2021-01-28,14.93,15.30,15.42,14.93,7045,10708375.00,3.18,-0.84,-0.13,0.62
2021-01-29,15.29,14.95,15.30,14.81,4099,6162350.00,3.20,-2.29,-0.35,0.36
2021-02-01,14.91,15.07,15.20,14.62,5118,7683719.00,3.88,0.80,0.12,0.45
2021-02-02,15.07,15.29,15.68,14.93,6177,9489159.00,4.98,1.46,0.22,0.55
2021-02-03,15.07,15.35,15.50,13.76,8882,13402425.00,11.38,0.39,0.06,0.78
2021-02-04,15.35,15.30,15.48,14.82,5101,7708188.00,4.30,-0.33,-0.05,0.45
2021-02-05,15.33,15.16,15.42,15.00,2857,4343170.00,2.75,-0.92,-0.14,0.25
2021-02-08,15.16,15.03,15.28,14.96,2385,3608611.00,2.11,-0.86,-0.13,0.21
2021-02-09,15.03,15.40,15.50,14.95,4541,6883841.00,3.66,2.46,0.37,0.40
2021-02-10,15.24,15.57,15.78,15.24,7078,11025019.00,3.51,1.10,0.17,0.63
2021-02-18,15.59,16.01,16.18,15.58,6194,9810984.00,3.85,2.83,0.44,0.55
2021-02-19,15.95,16.11,16.19,15.84,5141,8262068.00,2.19,0.62,0.10,0.45
2021-02-22,16.11,16.02,16.35,16.02,9034,14623789.00,2.05,-0.56,-0.09,0.80
2021-02-23,16.01,15.93,16.07,15.83,4187,6676291.00,1.50,-0.56,-0.09,0.37
2021-02-24,15.87,16.02,16.07,15.84,4142,6612982.00,1.44,0.56,0.09,0.37
2021-02-25,16.01,15.80,16.08,15.78,3244,5151794.00,1.87,-1.37,-0.22,0.29
2021-02-26,15.70,15.97,16.13,15.67,4721,7542783.00,2.91,1.08,0.17,0.42
2021-03-01,15.97,16.08,16.11,15.97,3734,5990218.00,0.88,0.69,0.11,0.33
2021-03-02,16.18,15.95,16.18,15.80,4267,6789789.00,2.36,-0.81,-0.13,0.38
2021-03-03,15.99,15.95,16.01,15.84,3321,5295924.00,1.07,0.00,0.00,0.29
2021-03-04,15.88,15.86,16.09,15.83,4255,6781567.00,1.63,-0.56,-0.09,0.38
2021-03-05,15.87,15.98,16.02,15.76,3599,5728816.00,1.64,0.76,0.12,0.32
2021-03-08,16.18,15.86,16.19,15.83,3798,6081202.00,2.25,-0.75,-0.12,0.34
2021-03-09,15.80,15.55,15.86,15.40,5525,8641982.00,2.90,-1.95,-0.31,0.49
2021-03-10,15.58,15.40,15.63,15.30,2747,4239244.00,2.12,-0.96,-0.15,0.24
2021-03-11,15.40,15.55,15.68,15.38,2655,4126946.00,1.95,0.97,0.15,0.23
2021-03-12,15.49,15.54,15.56,15.42,2405,3721761.00,0.90,-0.06,-0.01,0.21
2021-03-15,15.44,15.52,15.68,15.38,2525,3927431.00,1.93,-0.13,-0.02,0.22
2021-03-16,15.52,16.00,16.12,15.51,7215,11463208.00,3.93,3.09,0.48,0.64
2021-03-17,16.00,16.04,16.11,15.91,4805,7703806.00,1.25,0.25,0.04,0.42
2021-03-18,16.12,16.05,16.60,16.02,12597,20506634.00,3.62,0.06,0.01,1.11
2021-03-19,15.90,16.16,16.40,15.50,7169,11585359.00,5.61,0.69,0.11,0.63
2021-03-22,16.07,16.17,16.28,16.07,4373,7062192.00,1.30,0.06,0.01,0.39
2021-03-23,16.16,15.98,16.17,15.88,3524,5630502.00,1.79,-1.18,-0.19,0.31
2021-03-24,15.90,15.69,16.00,15.60,3977,6266917.00,2.50,-1.81,-0.29,0.35
2021-03-25,15.68,15.64,15.79,15.51,5311,8308995.00,1.78,-0.32,-0.05,0.47
2021-03-26,15.64,15.76,15.78,15.63,3738,5872083.00,0.96,0.77,0.12,0.33
2021-03-29,15.73,15.86,16.04,15.73,5522,8772087.00,1.97,0.63,0.10,0.49
2021-03-30,16.29,17.45,17.45,16.12,45569,78726813.00,8.39,10.03,1.59,4.03
2021-03-31,17.82,16.74,17.82,16.56,53187,90838273.00,7.22,-4.07,-0.71,4.67
2021-04-01,16.68,16.64,16.68,16.20,21503,35317538.00,2.87,-0.60,-0.10,1.89
2021-04-02,16.51,16.38,16.56,16.30,14605,23905307.00,1.56,-1.56,-0.26,1.28
2021-04-06,16.45,16.49,16.50,16.26,9964,16332534.00,1.47,0.67,0.11,0.87
2021-04-07,16.48,16.37,16.52,16.31,10241,16789167.00,1.27,-0.73,-0.12,0.90
2021-04-08,16.42,16.41,16.47,16.24,10053,16432351.00,1.41,0.24,0.04,0.88
2021-04-09,16.39,16.39,16.67,16.27,12180,20075098.00,2.44,-0.12,-0.02,1.07
2021-04-12,16.39,15.88,16.46,15.85,10185,16449072.00,3.72,-3.11,-0.51,0.89
2021-04-13,15.80,15.72,15.94,15.70,6760,10699051.00,1.51,-1.01,-0.16,0.59
2021-04-14,15.82,15.92,16.03,15.00,7046,11098030.00,6.55,1.27,0.20,0.62
2021-04-15,16.30,16.09,16.45,15.95,10919,17633379.00,3.14,1.07,0.17,0.96
2021-04-16,16.11,16.32,16.42,16.06,7539,12294222.00,2.24,1.43,0.23,0.66
2021-04-19,16.42,16.49,16.53,16.27,9851,16193293.00,1.59,1.04,0.17,0.86
2021-04-20,16.48,16.41,16.63,16.37,6500,10711364.00,1.58,-0.49,-0.08,0.57
2021-04-21,16.40,16.85,16.99,16.21,16439,27467791.00,4.75,2.68,0.44,1.44
2021-04-22,16.89,16.87,17.18,16.79,13171,22311691.00,2.31,0.12,0.02,1.16
2021-04-23,16.87,16.83,16.93,16.70,8336,13999772.00,1.36,-0.24,-0.04,0.73
2021-04-26,16.85,16.88,17.30,16.84,13875,23662560.00,2.73,0.30,0.05,1.22
2021-04-27,17.07,17.14,17.15,16.61,13262,22421220.00,3.20,1.54,0.26,1.16
2021-04-28,17.00,17.28,17.74,16.88,18769,32645955.00,5.02,0.82,0.14,1.65
2021-04-29,17.28,17.50,17.69,17.11,21030,36801748.00,3.36,1.27,0.22,1.85
2021-04-30,17.60,17.48,17.77,17.23,17595,30682102.00,3.09,-0.11,-0.02,1.54
2021-05-06,17.88,18.28,18.55,17.64,33212,60618887.00,5.21,4.58,0.80,2.91
2021-05-07,18.28,18.05,18.37,18.00,15714,28555651.00,2.02,-1.26,-0.23,1.38
2021-05-10,18.20,18.33,18.88,18.10,24708,45893476.00,4.32,1.55,0.28,2.17
2021-05-11,18.35,18.35,18.68,18.21,14459,26608988.00,2.56,0.11,0.02,1.27
2021-05-12,18.21,18.24,18.58,18.10,14027,25616576.00,2.62,-0.60,-0.11,1.23
2021-05-13,18.22,18.66,18.99,18.10,24716,46204078.00,4.88,2.30,0.42,2.17
2021-05-14,18.73,18.65,18.85,18.47,18120,33829242.00,2.04,-0.05,-0.01,1.59
2021-05-17,18.70,18.09,18.76,18.00,24979,45473029.00,4.08,-3.00,-0.56,2.19
2021-05-18,18.09,18.27,18.30,17.78,14807,26693279.00,2.87,1.00,0.18,1.30
2021-05-19,18.27,17.73,18.27,17.72,13128,23418640.00,3.01,-2.96,-0.54,1.15
2021-05-20,17.63,17.75,18.00,17.53,13634,24269936.00,2.65,0.11,0.02,1.20
2021-05-21,17.82,17.67,18.05,17.60,8766,15556640.00,2.54,-0.45,-0.08,0.77
2021-05-24,18.07,17.71,18.10,17.40,11957,21138366.00,3.96,0.23,0.04,1.05
2021-05-25,17.73,17.82,17.91,17.56,8697,15428100.00,1.98,0.62,0.11,0.76
2021-05-26,17.82,18.08,18.31,17.44,22290,40014350.00,4.88,1.46,0.26,1.96
2021-05-27,17.95,17.83,18.04,17.75,14134,25214313.00,1.60,-1.38,-0.25,1.24
2021-05-28,17.89,17.50,17.90,17.49,14017,24718504.00,2.30,-1.85,-0.33,1.23
2021-05-31,17.71,17.77,17.78,17.42,11440,20212536.00,2.06,1.54,0.27,1.00
2021-06-01,17.91,18.36,18.65,17.79,23405,42900086.00,4.84,3.32,0.59,2.05
2021-06-02,18.27,18.21,18.53,18.05,13390,24432380.00,2.61,-0.82,-0.15,1.18
2021-06-03,18.21,17.96,18.40,17.93,9945,18065011.00,2.58,-1.37,-0.25,0.87
2021-06-04,18.16,17.82,18.16,17.80,8862,15889969.00,2.00,-0.78,-0.14,0.78
2021-06-07,17.82,17.79,17.93,17.63,7483,13322032.00,1.68,-0.17,-0.03,0.66
2021-06-08,17.99,17.72,17.99,17.69,7365,13103841.00,1.69,-0.39,-0.07,0.65
2021-06-09,17.70,17.86,17.93,17.57,15582,27675280.00,2.03,0.79,0.14,1.37
2021-06-10,17.90,18.06,18.17,17.79,11246,20242670.00,2.13,1.12,0.20,0.99
2021-06-11,18.11,18.21,18.62,18.10,21467,39496300.00,2.88,0.83,0.15,1.88
2021-06-15,18.17,17.87,18.34,17.76,11380,20467426.00,3.19,-1.87,-0.34,1.00
2021-06-16,17.87,17.60,17.87,17.53,9120,16098090.00,1.90,-1.51,-0.27,0.80
2021-06-17,17.48,18.00,18.08,17.48,6681,11945319.00,3.41,2.27,0.40,0.59
2021-06-18,18.00,18.00,18.14,17.85,9018,16189439.00,1.61,0.00,0.00,0.79
2021-06-21,17.92,18.41,18.44,17.81,13729,25158090.00,3.50,2.28,0.41,1.20
2021-06-22,18.61,18.43,18.78,18.31,13682,25335277.00,2.55,0.11,0.02,1.20
2021-06-23,18.33,18.65,18.71,18.18,17703,32753789.00,2.88,1.19,0.22,1.55
2021-06-24,18.65,18.10,18.65,18.02,17656,32122544.00,3.38,-2.95,-0.55,1.55
2021-06-25,18.09,18.26,18.65,18.01,14739,27154142.00,3.54,0.88,0.16,1.29
2021-06-28,18.26,18.56,18.58,18.20,11319,20886092.00,2.08,1.64,0.30,1.02
2021-06-29,18.68,18.57,18.85,18.38,12137,22555836.00,2.53,0.05,0.01,1.09
2021-06-30,18.59,19.19,19.50,18.43,30452,57978632.00,5.76,3.34,0.62,2.74
2021-07-01,19.37,19.61,20.27,19.11,52728,104177988.00,6.04,2.19,0.42,4.74
2021-07-02,19.74,18.97,19.94,18.69,37661,72363825.00,6.37,-3.26,-0.64,3.39
2021-07-05,18.85,18.30,18.97,18.01,27457,50377849.00,5.06,-3.53,-0.67,2.47
2021-07-06,18.24,17.86,18.39,17.67,24421,43794434.00,3.93,-2.40,-0.44,2.20
2021-07-07,17.73,17.79,18.03,17.70,17804,31792033.00,1.85,-0.39,-0.07,1.60
2021-07-08,17.80,17.34,17.96,17.32,22873,40060611.00,3.60,-2.53,-0.45,2.06
2021-07-09,17.40,17.51,17.66,17.22,14530,25315273.00,2.54,0.98,0.17,1.31
2021-07-12,17.62,17.62,17.93,17.51,16536,29317496.00,2.40,0.63,0.11,1.49
2021-07-13,17.58,17.67,17.80,17.38,13009,22900284.00,2.38,0.28,0.05,1.17
2021-07-14,17.64,17.68,18.07,17.38,25426,45003581.00,3.90,0.06,0.01,2.29
2021-07-15,17.52,17.25,17.59,17.10,15674,27129509.00,2.77,-2.43,-0.43,1.41
2021-07-16,17.26,17.01,17.41,17.00,13408,23015785.00,2.38,-1.39,-0.24,1.21
