2018-10-24,36.54,36.54,36.54,36.54,200,731859.00,0.00,9.99,3.32,0.09
2018-10-25,40.19,40.19,40.19,40.19,391,1570303.00,0.00,9.99,3.65,0.17
2018-10-26,44.21,44.21,44.21,44.21,814,3600816.00,0.00,10.00,4.02,0.36
2018-10-29,48.63,48.63,48.63,48.63,19712,95860428.00,0.00,10.00,4.42,8.76
2018-10-30,48.00,49.37,51.06,46.20,134531,643109376.00,9.99,1.52,0.74,59.79
2018-10-31,47.30,51.00,54.31,47.30,136561,683734800.00,14.20,3.30,1.63,60.69
2018-11-01,49.51,48.95,51.33,48.51,108561,539021200.00,5.53,-4.02,-2.05,48.25
2018-11-02,49.29,50.45,51.18,48.88,100195,501270544.00,4.70,3.06,1.50,44.53
2018-11-05,52.00,49.80,53.87,48.26,110788,567871216.00,11.12,-1.29,-0.65,49.24
2018-11-06,47.02,48.78,48.86,44.91,96536,450157024.00,7.93,-2.05,-1.02,42.91
2018-11-07,47.90,49.31,50.27,47.50,91040,447097648.00,5.68,1.09,0.53,40.46
2018-11-08,48.61,51.00,51.88,47.30,100480,496730512.00,9.29,3.43,1.69,44.66
2018-11-09,50.00,47.85,50.63,47.70,71922,355301424.00,5.75,-6.18,-3.15,31.97
2018-11-12,47.52,52.64,52.64,46.52,126031,640736720.00,12.79,10.01,4.79,56.01
2018-11-13,51.00,51.50,52.68,50.52,102748,528589216.00,4.10,-2.17,-1.14,45.67
2018-11-14,50.76,51.95,53.75,50.50,99123,516031904.00,6.31,0.87,0.45,44.05
2018-11-15,50.30,51.14,51.42,48.58,86602,433830272.00,5.47,-1.56,-0.81,38.49
2018-11-16,50.68,51.10,54.19,50.50,110038,576382528.00,7.22,-0.08,-0.04,48.91
2018-11-19,49.50,52.60,52.69,48.61,83524,421839504.00,7.98,2.94,1.50,37.12
2018-11-20,51.50,50.00,53.24,50.00,73458,379508000.00,6.16,-4.94,-2.60,32.65
2018-11-21,48.50,49.25,50.63,48.10,54251,267227661.00,5.06,-1.50,-0.75,24.11
2018-11-22,49.60,48.53,50.06,48.50,42221,207487608.00,3.17,-1.46,-0.72,18.77
2018-11-23,49.00,45.56,49.80,45.11,59073,279302096.00,9.66,-6.12,-2.97,26.25
2018-11-26,45.90,43.85,45.90,43.45,41648,185185998.00,5.38,-3.75,-1.71,18.51
2018-11-27,44.22,43.92,44.35,42.98,31328,136983835.00,3.12,0.16,0.07,13.92
2018-11-28,43.85,44.30,44.50,43.10,29179,128196020.00,3.19,0.87,0.38,12.97
2018-11-29,44.36,41.06,44.90,40.89,41404,178031731.00,9.05,-7.31,-3.24,18.40
2018-11-30,40.78,40.31,40.79,38.68,40123,160611831.00,5.14,-1.83,-0.75,17.83
2018-12-03,41.05,41.74,42.33,40.88,38433,159744754.00,3.60,3.55,1.43,17.08
2018-12-04,41.45,41.11,41.60,40.60,30154,123793776.00,2.40,-1.51,-0.63,13.40
2018-12-05,39.89,40.41,40.76,39.34,26398,105893617.00,3.45,-1.70,-0.70,11.73
2018-12-06,40.18,39.82,41.00,39.80,20817,83768320.00,2.97,-1.46,-0.59,9.25
2018-12-07,39.78,38.85,40.20,38.43,28075,109798053.00,4.45,-2.44,-0.97,12.48
2018-12-10,38.26,38.10,38.49,37.61,18820,71573694.00,2.27,-1.93,-0.75,8.36
2018-12-11,38.08,38.69,38.97,37.81,21322,81967234.00,3.04,1.55,0.59,9.48
2018-12-12,38.69,39.09,39.61,38.68,20798,81672484.00,2.40,1.03,0.40,9.24
2018-12-13,39.00,38.65,39.30,38.02,20246,78305667.00,3.27,-1.13,-0.44,9.00
2018-12-14,38.49,38.27,39.35,38.16,19091,73911495.00,3.08,-0.98,-0.38,8.49
2018-12-17,38.01,39.47,39.72,38.01,25841,100775340.00,4.47,3.14,1.20,11.48
2018-12-18,39.06,38.63,39.35,38.28,18338,71122578.00,2.71,-2.13,-0.84,8.15
2018-12-19,38.39,38.40,39.14,38.39,12285,47521968.00,1.94,-0.60,-0.23,5.46
2018-12-20,38.19,39.32,39.56,38.10,25359,99344422.00,3.80,2.40,0.92,11.27
2018-12-21,39.20,39.80,39.80,39.10,26999,106804700.00,1.78,1.22,0.48,12.00
2018-12-24,39.79,40.40,40.98,39.61,31497,127024053.00,3.44,1.51,0.60,14.00
2018-12-25,39.73,38.91,39.73,37.82,29209,112809598.00,4.73,-3.69,-1.49,12.98
2018-12-26,38.90,38.62,39.35,38.43,20800,81064301.00,2.36,-0.75,-0.29,9.24
2018-12-27,39.28,37.66,39.28,37.61,21858,84494299.00,4.32,-2.49,-0.96,9.71
2018-12-28,37.85,35.77,37.99,35.68,26484,97153325.00,6.13,-5.02,-1.89,11.77
2019-01-02,35.87,35.49,35.98,35.07,15599,55134831.00,2.54,-0.78,-0.28,6.93
2019-01-03,35.44,34.34,35.80,34.14,18871,66056565.00,4.68,-3.24,-1.15,8.39
2019-01-04,34.01,35.36,35.50,33.99,18444,64432430.00,4.40,2.97,1.02,8.20
2019-01-07,35.40,35.70,35.83,35.06,18899,67025967.00,2.18,0.96,0.34,8.40
2019-01-08,35.40,35.20,35.66,35.16,13986,49471765.00,1.40,-1.40,-0.50,6.22
2019-01-09,35.20,35.63,36.17,35.20,21800,77901351.00,2.76,1.22,0.43,9.69
2019-01-10,35.77,36.16,36.23,35.33,21716,77868836.00,2.53,1.49,0.53,9.65
2019-01-11,36.14,38.32,38.77,35.81,51655,193499308.00,8.19,5.97,2.16,22.96
2019-01-14,38.71,36.94,39.38,36.68,39406,148620369.00,7.05,-3.60,-1.38,17.51
2019-01-15,36.30,37.19,37.45,35.62,27410,100001066.00,4.95,0.68,0.25,12.18
2019-01-16,37.10,37.35,37.99,37.10,26952,101182536.00,2.39,0.43,0.16,11.98
2019-01-17,37.97,37.97,39.38,37.68,39954,153865479.00,4.55,1.66,0.62,17.76
2019-01-18,37.50,39.83,40.50,37.41,62374,243687838.00,8.14,4.90,1.86,27.72
2019-01-21,39.37,39.50,39.57,38.50,38525,151086080.00,2.69,-0.83,-0.33,17.12
2019-01-22,39.52,40.21,41.50,39.50,56924,230790867.00,5.06,1.80,0.71,25.30
2019-01-23,39.70,40.75,40.89,39.08,40391,161686015.00,4.50,1.34,0.54,17.95
2019-01-24,40.77,41.44,42.22,39.75,56374,231598255.00,6.06,1.69,0.69,25.06
2019-01-25,41.36,39.21,41.36,39.21,40979,164642996.00,5.19,-5.38,-2.23,18.21
2019-01-28,39.50,39.86,39.89,38.35,28378,111430020.00,3.93,1.66,0.65,12.61
2019-01-29,39.50,38.96,39.86,37.78,28193,109677666.00,5.22,-2.26,-0.90,12.53
2019-01-30,38.78,39.40,40.54,38.64,34736,138287046.00,4.88,1.13,0.44,15.44
2019-01-31,38.44,35.53,38.95,35.50,41398,153226553.00,8.76,-9.82,-3.87,18.40
2019-02-01,35.48,36.31,36.67,35.48,16442,59588705.00,3.35,2.20,0.78,7.31
2019-02-11,36.66,37.44,37.58,36.36,20322,75498519.00,3.36,3.11,1.13,9.03
2019-02-12,37.53,39.70,40.80,37.46,44611,176084271.00,8.92,6.04,2.26,19.83
2019-02-13,39.30,40.10,40.10,39.02,38672,153528641.00,2.72,1.01,0.40,17.19
2019-02-14,40.05,39.76,40.08,39.32,25455,101021964.00,1.90,-0.85,-0.34,11.31
2019-02-15,39.80,39.87,40.07,39.45,24365,96957434.00,1.56,0.28,0.11,10.83
2019-02-18,40.04,40.73,40.86,39.46,37975,152648592.00,3.51,2.16,0.86,16.88
2019-02-19,40.61,39.90,40.72,39.52,33907,136058379.00,2.95,-2.04,-0.83,15.07
2019-02-20,40.00,39.48,40.34,38.82,24016,95067906.00,3.81,-1.05,-0.42,10.67
2019-02-21,39.49,38.93,39.87,38.87,23106,90722344.00,2.53,-1.39,-0.55,10.27
2019-02-22,38.82,39.31,39.45,38.40,23273,90492621.00,2.70,0.98,0.38,10.34
2019-02-25,39.37,41.28,41.48,39.32,47370,191791671.00,5.49,5.01,1.97,21.05
2019-02-26,40.81,41.39,43.00,40.50,56769,237381212.00,6.06,0.27,0.11,25.23
2019-02-27,41.46,41.86,42.54,41.21,42395,177608092.00,3.21,1.14,0.47,18.84
2019-02-28,41.84,42.51,42.90,40.50,41457,174461289.00,5.73,1.55,0.65,18.43
2019-03-01,42.78,41.67,42.84,41.29,30929,129263800.00,3.65,-1.98,-0.84,13.75
2019-03-04,41.75,41.77,42.59,41.51,42287,177428755.00,2.59,0.24,0.10,18.79
2019-03-05,41.70,42.46,42.50,41.20,36823,153389645.00,3.11,1.65,0.69,16.37
2019-03-06,42.50,43.56,44.47,42.30,55426,240700380.00,5.11,2.59,1.10,24.63
2019-03-07,43.27,44.65,45.87,42.50,63217,279452528.00,7.74,2.50,1.09,28.10
2019-03-08,43.58,41.57,44.15,41.50,41483,179162288.00,5.94,-6.90,-3.08,18.44
2019-03-11,41.58,42.99,43.10,41.58,23422,99183753.00,3.66,3.42,1.42,10.41
2019-03-12,43.36,43.55,43.98,42.98,32339,140823570.00,2.33,1.30,0.56,14.37
2019-03-13,43.54,42.44,43.96,41.81,25906,111984355.00,4.94,-2.55,-1.11,11.51
2019-03-14,42.00,41.27,42.89,40.61,21685,90560275.00,5.37,-2.76,-1.17,9.64
2019-03-15,41.40,42.06,42.30,41.40,15477,64874334.00,2.18,1.91,0.79,6.88
2019-03-18,42.38,43.73,43.88,42.11,28720,124080739.00,4.21,3.97,1.67,12.76
2019-03-19,43.36,43.28,43.70,42.89,22372,96662656.00,1.85,-1.03,-0.45,9.94
2019-03-20,43.15,42.81,43.50,41.88,19084,81385155.00,3.74,-1.09,-0.47,8.48
2019-03-21,42.99,42.67,43.19,42.05,20165,85746723.00,2.66,-0.33,-0.14,8.96
2019-03-22,42.00,42.39,42.47,41.58,17886,75188116.00,2.09,-0.66,-0.28,7.95
2019-03-25,41.80,43.00,43.50,41.60,28570,121777770.00,4.48,1.44,0.61,12.70
2019-03-26,43.20,43.62,44.66,42.80,35058,152942602.00,4.33,1.44,0.62,15.58
2019-03-27,43.68,42.40,44.19,39.26,26745,114077174.00,11.30,-2.80,-1.22,11.89
2019-03-28,42.00,41.19,42.15,41.00,22017,91361703.00,2.71,-2.85,-1.21,9.79
2019-03-29,41.01,41.53,41.91,40.00,23698,97448257.00,4.64,0.83,0.34,10.53
2019-04-01,40.50,42.00,42.04,40.28,40812,168664296.00,4.24,1.13,0.47,18.14
2019-04-02,41.98,41.33,41.98,41.27,28192,116976862.00,1.69,-1.60,-0.67,12.53
2019-04-03,41.08,41.40,41.87,40.81,19527,80890700.00,2.56,0.17,0.07,8.68
2019-04-04,41.59,41.41,41.75,41.01,20199,83633727.00,1.79,0.02,0.01,8.98
2019-04-08,41.41,41.14,41.87,40.80,19619,81245196.00,2.58,-0.65,-0.27,8.72
2019-04-09,40.89,41.02,41.21,40.68,14274,58389731.00,1.29,-0.29,-0.12,6.34
2019-04-10,41.05,41.80,42.08,40.80,28396,118490390.00,3.12,1.90,0.78,12.62
2019-04-11,41.90,40.05,42.44,40.02,23453,96095346.00,5.79,-4.19,-1.75,10.42
2019-04-12,39.46,39.55,40.00,39.26,13902,54932086.00,1.85,-1.25,-0.50,6.18
2019-04-15,40.00,39.16,40.16,39.16,10154,40357609.00,2.53,-0.99,-0.39,4.51
2019-04-16,39.24,39.61,39.73,39.11,8377,33083702.00,1.58,1.15,0.45,3.72
2019-04-17,39.73,39.80,40.05,39.56,10475,41703334.00,1.24,0.48,0.19,4.66
2019-04-18,39.78,39.23,39.78,39.09,10990,43216569.00,1.73,-1.43,-0.57,4.88
2019-04-19,39.25,39.57,39.68,39.23,6875,27117137.00,1.15,0.87,0.34,3.06
2019-04-22,39.59,38.96,39.68,38.88,9062,35534885.00,2.02,-1.54,-0.61,4.03
2019-04-23,38.96,38.20,38.96,38.01,9739,37471435.00,2.44,-1.95,-0.76,4.33
2019-04-24,38.18,38.59,38.67,37.00,6932,26654149.00,4.37,1.02,0.39,3.08
2019-04-25,38.52,37.04,38.60,37.01,10422,39405031.00,4.12,-4.02,-1.55,4.63
2019-04-26,36.80,36.71,37.30,36.70,6898,25447800.00,1.62,-0.89,-0.33,3.07
2019-04-29,36.95,35.92,37.09,35.80,7945,29002416.00,3.51,-2.15,-0.79,3.53
2019-04-30,36.07,36.60,36.96,36.07,5450,19938098.00,2.48,1.89,0.68,2.42
2019-05-06,36.29,33.88,36.29,33.05,11450,39812476.00,8.85,-7.43,-2.72,5.09
2019-05-07,34.00,34.54,34.58,34.00,6291,21626850.00,1.71,1.95,0.66,2.80
2019-05-08,34.18,34.35,34.96,33.66,4957,17074785.00,3.76,-0.55,-0.19,2.20
2019-05-09,34.36,34.50,34.90,34.15,4769,16500780.00,2.18,0.44,0.15,2.12
2019-05-10,34.70,35.19,35.28,34.01,9243,32316479.00,3.68,2.00,0.69,4.11
2019-05-13,34.82,34.89,35.08,34.69,6113,21278272.00,1.11,-0.85,-0.30,2.72
2019-05-14,34.60,35.04,35.10,34.40,5110,17827235.00,2.01,0.43,0.15,2.27
2019-05-15,35.26,35.74,35.86,35.17,7330,26036256.00,1.97,2.00,0.70,3.26
2019-05-16,35.99,35.78,35.99,35.43,5611,20018863.00,1.57,0.11,0.04,2.49
2019-05-17,35.80,34.65,35.80,34.51,6715,23640596.00,3.61,-3.16,-1.13,2.98
2019-05-20,34.66,34.37,34.89,33.80,5262,17987748.00,3.15,-0.81,-0.28,2.34
2019-05-21,33.77,33.74,34.15,33.08,6368,21450043.00,3.11,-1.83,-0.63,2.83
2019-05-22,33.91,33.39,33.98,33.28,4452,14924751.00,2.07,-1.04,-0.35,1.98
2019-05-23,33.39,32.52,33.47,32.32,6474,21255243.00,3.44,-2.61,-0.87,2.88
2019-05-24,32.48,32.95,33.18,32.38,4525,14820195.00,2.46,1.32,0.43,2.01
2019-05-27,33.04,33.63,33.74,32.79,5552,18552341.00,2.88,2.06,0.68,2.47
2019-05-28,33.63,33.42,33.93,33.28,5402,18220235.00,1.93,-0.62,-0.21,2.40
2019-05-29,33.40,33.88,34.33,33.28,7095,24081806.00,3.14,1.38,0.46,3.15
2019-05-30,33.70,34.77,35.04,33.40,10802,37068070.00,4.84,2.63,0.89,4.80
2019-05-31,34.30,35.81,36.29,34.20,23525,83551976.00,6.01,2.99,1.04,10.46
2019-06-03,35.64,34.60,35.82,34.60,12350,43329620.00,3.41,-3.38,-1.21,5.49
2019-06-04,34.55,34.35,35.12,34.05,7404,25508114.00,3.09,-0.72,-0.25,3.29
2019-06-05,34.65,33.40,34.94,33.20,8913,30410616.00,5.07,-2.77,-0.95,3.96
2019-06-06,33.40,32.10,33.40,31.92,9057,29393712.00,4.43,-3.89,-1.30,4.03
2019-06-10,32.20,32.81,32.82,32.10,4914,15962832.00,2.24,2.21,0.71,2.18
2019-06-11,32.80,33.77,33.83,32.65,7661,25534159.00,3.60,2.93,0.96,3.40
2019-06-12,33.51,33.58,33.95,33.43,5435,18284614.00,1.54,-0.56,-0.19,2.42
2019-06-13,33.58,33.40,33.66,33.20,4733,15809993.00,1.37,-0.54,-0.18,2.10
2019-06-14,33.40,32.36,33.60,32.22,5709,18770948.00,4.13,-3.11,-1.04,2.54
2019-06-17,33.03,32.75,33.03,32.36,3664,11980881.00,2.07,1.21,0.39,1.63
2019-06-18,32.75,33.69,33.88,32.40,10275,34417270.00,4.52,2.87,0.94,4.57
2019-06-19,34.11,34.37,34.63,34.11,14410,49544658.00,1.54,2.02,0.68,6.40
2019-06-20,34.59,34.15,34.59,33.71,11778,40088591.00,2.56,-0.64,-0.22,5.23
2019-06-21,33.71,34.96,35.77,33.71,16612,57665743.00,6.03,2.37,0.81,7.38
2019-06-24,34.70,34.36,35.03,34.30,9694,33529527.00,2.09,-1.72,-0.60,4.31
2019-06-25,34.37,33.80,34.59,33.46,7353,24838235.00,3.29,-1.63,-0.56,3.27
2019-06-26,33.80,34.09,34.15,33.50,5143,17478203.00,1.92,0.86,0.29,2.29
2019-06-27,33.91,34.05,34.48,33.91,8546,29196825.00,1.67,-0.12,-0.04,3.80
2019-06-28,34.05,33.48,34.05,33.12,6551,21947555.00,2.73,-1.67,-0.57,2.91
2019-07-01,33.88,34.30,34.36,33.72,9847,33584779.00,1.91,2.45,0.82,4.38
2019-07-02,34.18,34.67,34.69,34.11,10201,35198337.00,1.69,1.08,0.37,4.53
2019-07-03,34.41,34.25,34.60,34.06,6659,22809843.00,1.56,-1.21,-0.42,2.96
2019-07-04,34.31,33.98,34.50,33.90,5155,17578508.00,1.75,-0.79,-0.27,2.29
2019-07-05,34.26,34.78,34.78,33.93,10529,36342099.00,2.50,2.35,0.80,4.68
2019-07-08,34.66,33.31,34.66,33.31,10717,36102886.00,3.88,-4.23,-1.47,4.76
2019-07-09,33.13,33.01,33.59,32.80,5511,18254757.00,2.37,-0.90,-0.30,2.45
2019-07-10,33.18,32.81,33.19,32.60,4007,13212907.00,1.79,-0.61,-0.20,1.78
2019-07-11,32.80,33.10,33.24,32.80,4022,13286073.00,1.34,0.88,0.29,1.79
2019-07-12,33.11,33.48,33.70,32.98,5023,16793143.00,2.18,1.15,0.38,2.23
2019-07-15,33.47,33.47,33.59,32.80,6403,21302359.00,2.36,-0.03,-0.01,2.85
2019-07-16,33.44,33.77,33.94,33.28,6527,22010168.00,1.97,0.90,0.30,2.90
2019-07-17,33.81,33.60,33.90,33.45,4725,15895219.00,1.33,-0.50,-0.17,2.10
2019-07-18,33.45,32.89,33.59,32.80,4865,16041683.00,2.35,-2.11,-0.71,2.16
2019-07-19,32.99,32.82,33.25,32.77,4067,13399591.00,1.46,-0.21,-0.07,1.81
2019-07-22,32.85,31.56,33.00,31.52,7151,22834337.00,4.51,-3.84,-1.26,3.18
2019-07-23,31.87,32.09,32.10,31.30,5900,18705307.00,2.53,1.68,0.53,2.62
2019-07-24,31.90,32.18,32.43,31.90,3695,11907322.00,1.65,0.28,0.09,1.64
2019-07-25,32.18,32.08,32.40,31.93,3716,11945632.00,1.46,-0.31,-0.10,1.65
2019-07-26,32.18,31.90,32.18,31.85,3392,10838194.00,1.03,-0.56,-0.18,1.51
2019-07-29,31.89,31.89,32.07,31.80,3002,9588405.00,0.85,-0.03,-0.01,1.33
2019-07-30,31.89,32.12,32.26,31.89,3335,10712756.00,1.16,0.72,0.23,1.48
2019-07-31,32.31,31.96,32.31,31.91,2446,7824807.00,1.25,-0.50,-0.16,1.09
2019-08-01,31.81,31.87,31.96,31.53,2856,9078658.00,1.35,-0.28,-0.09,1.27
2019-08-02,31.60,30.98,31.60,30.75,7470,23239537.00,2.67,-2.79,-0.89,3.32
2019-08-05,31.10,30.87,31.26,30.78,3831,11872771.00,1.55,-0.36,-0.11,1.70
2019-08-06,30.08,29.86,30.25,29.41,6446,19260610.00,2.72,-3.27,-1.01,2.86
2019-08-07,29.99,29.95,30.14,29.80,3186,9545586.00,1.14,0.30,0.09,1.42
2019-08-08,29.85,30.10,30.33,29.85,4033,12138293.00,1.60,0.50,0.15,1.79
2019-08-09,30.50,29.60,30.50,29.43,4499,13422261.00,3.55,-1.66,-0.50,2.00
2019-08-12,29.39,29.80,29.89,29.39,2855,8494545.00,1.69,0.68,0.20,1.27
2019-08-13,29.80,30.16,30.33,29.70,4448,13378991.00,2.11,1.21,0.36,1.98
2019-08-14,30.33,30.42,30.76,30.16,6059,18431498.00,1.99,0.86,0.26,2.69
2019-08-15,29.80,31.73,32.77,29.75,15186,47821306.00,9.93,4.31,1.31,6.75
2019-08-16,31.53,31.20,31.79,31.03,9968,31201382.00,2.40,-1.67,-0.53,4.43
2019-08-19,31.30,31.80,31.85,31.19,8053,25493447.00,2.12,1.92,0.60,3.58
2019-08-20,31.82,32.26,32.39,31.60,9797,31321755.00,2.48,1.45,0.46,4.35
2019-08-21,32.12,31.84,32.20,31.76,6188,19738640.00,1.36,-1.30,-0.42,2.75
2019-08-22,31.90,31.82,32.00,31.62,3808,12096310.00,1.19,-0.06,-0.02,1.69
2019-08-23,31.90,32.04,32.40,31.72,8771,28187852.00,2.14,0.69,0.22,3.90
2019-08-26,30.80,31.48,31.76,30.00,9675,30138955.00,5.49,-1.75,-0.56,4.30
2019-08-27,31.47,31.92,32.99,31.45,10750,34689465.00,4.89,1.40,0.44,4.78
2019-08-28,31.74,32.42,32.66,31.60,11565,37293989.00,3.32,1.57,0.50,5.14
2019-08-29,32.20,31.77,32.48,31.76,7845,25139946.00,2.22,-2.00,-0.65,3.49
2019-08-30,31.77,30.83,32.07,30.68,7503,23504085.00,4.38,-2.96,-0.94,3.33
2019-09-02,30.83,31.32,31.33,30.60,6166,19138627.00,2.37,1.59,0.49,2.74
2019-09-03,31.40,31.66,31.70,31.21,6308,19852982.00,1.56,1.09,0.34,2.80
2019-09-04,31.66,31.62,31.93,31.40,5814,18397813.00,1.67,-0.13,-0.04,2.58
2019-09-05,31.87,31.98,32.37,31.72,9261,29707669.00,2.06,1.14,0.36,4.12
2019-09-06,32.00,32.06,32.13,31.69,7147,22824588.00,1.38,0.25,0.08,3.18
2019-09-09,32.21,32.77,32.80,32.11,12426,40416770.00,2.15,2.21,0.71,5.52
2019-09-10,32.78,33.03,33.32,32.25,13616,44777941.00,3.27,0.79,0.26,6.05
2019-09-11,33.09,32.62,33.30,32.62,8169,26837784.00,2.06,-1.24,-0.41,3.63
2019-09-12,32.60,33.22,33.32,32.48,11333,37379428.00,2.58,1.84,0.60,5.04
2019-09-16,33.45,32.84,33.45,32.70,8566,28227451.00,2.26,-1.14,-0.38,3.81
2019-09-17,32.84,32.20,32.84,31.95,7927,25655925.00,2.71,-1.95,-0.64,3.52
2019-09-18,32.22,32.38,32.66,32.18,5882,19070044.00,1.49,0.56,0.18,2.61
2019-09-19,32.39,33.25,33.32,32.26,11973,39445700.00,3.27,2.69,0.87,5.32
2019-09-20,33.25,32.98,33.86,32.92,9360,31029968.00,2.83,-0.81,-0.27,4.16
2019-09-23,32.97,33.13,33.13,32.37,6776,22250506.00,2.30,0.45,0.15,3.01
2019-09-24,33.25,32.80,33.25,32.71,7950,26239605.00,1.63,-1.00,-0.33,3.53
2019-09-25,32.52,31.77,32.75,31.76,9845,31523607.00,3.02,-3.14,-1.03,4.38
2019-09-26,31.83,30.92,32.07,30.76,8779,27315663.00,4.12,-2.68,-0.85,3.90
2019-09-27,31.17,31.38,31.72,30.76,4729,14780325.00,3.10,1.49,0.46,2.10
2019-09-30,31.23,31.36,31.80,31.11,4314,13578197.00,2.20,-0.06,-0.02,1.92
2019-10-08,31.00,31.09,31.59,30.88,4530,14178632.00,2.26,-0.86,-0.27,2.01
2019-10-09,31.00,31.39,31.40,30.60,3771,11715198.00,2.57,0.96,0.30,1.68
2019-10-10,31.39,31.75,31.84,31.27,4410,13919299.00,1.82,1.15,0.36,1.96
2019-10-11,31.77,31.69,31.91,31.51,3854,12237594.00,1.26,-0.19,-0.06,1.71
2019-10-14,31.71,31.95,32.18,31.60,5258,16809820.00,1.83,0.82,0.26,2.34
2019-10-15,31.75,31.37,31.99,31.21,4563,14366737.00,2.44,-1.82,-0.58,2.03
2019-10-16,31.36,30.90,31.52,30.83,4764,14865685.00,2.20,-1.50,-0.47,2.12
2019-10-17,30.94,30.69,31.22,30.60,4054,12493220.00,2.01,-0.68,-0.21,1.80
2019-10-18,30.68,30.24,30.89,30.14,4986,15192866.00,2.44,-1.47,-0.45,2.22
2019-10-21,30.23,29.61,30.23,29.46,6265,18601248.00,2.55,-2.08,-0.63,2.78
2019-10-22,29.50,29.96,29.97,29.50,4271,12745576.00,1.59,1.18,0.35,1.90
2019-10-23,29.99,30.12,30.70,29.67,4711,14307834.00,3.44,0.53,0.16,1.11
2019-10-24,30.13,29.37,30.43,29.28,8520,25165141.00,3.82,-2.49,-0.75,2.00
2019-10-25,28.12,28.63,28.78,28.09,10416,29701086.00,2.35,-2.52,-0.74,2.45
2019-10-28,28.55,28.70,28.75,28.45,9611,27547166.00,1.05,0.24,0.07,2.26
2019-10-29,28.66,28.54,28.93,28.51,8022,23048767.00,1.46,-0.56,-0.16,1.88
2019-10-30,28.60,27.58,28.60,27.55,10957,30593715.00,3.68,-3.36,-0.96,2.57
2019-10-31,27.69,26.82,27.75,26.75,12126,32874992.00,3.63,-2.76,-0.76,2.85
2019-11-01,26.80,27.07,27.10,26.70,7960,21478665.00,1.49,0.93,0.25,1.87
2019-11-04,27.16,27.26,27.34,27.12,7536,20519841.00,0.81,0.70,0.19,1.77
2019-11-05,27.43,27.17,27.43,26.83,7210,19560480.00,2.20,-0.33,-0.09,1.69
2019-11-06,27.22,26.89,27.29,26.82,6584,17786621.00,1.73,-1.03,-0.28,1.55
2019-11-07,26.96,27.10,27.19,26.81,7901,21299700.00,1.41,0.78,0.21,1.86
2019-11-08,27.12,27.32,27.48,27.04,10960,29847880.00,1.62,0.81,0.22,2.57
2019-11-11,27.15,26.50,27.18,26.12,10483,27885728.00,3.88,-3.00,-0.82,2.46
2019-11-12,26.61,26.50,26.69,26.21,5173,13645001.00,1.81,0.00,0.00,1.21
2019-11-13,26.50,26.26,26.50,26.15,5855,15380220.00,1.32,-0.91,-0.24,1.38
2019-11-14,26.26,27.15,27.25,26.18,12657,34042913.00,4.07,3.39,0.89,2.97
2019-11-15,27.18,26.89,27.20,26.67,7024,18904503.00,1.95,-0.96,-0.26,1.65
2019-11-18,26.77,26.96,27.15,26.73,7876,21202468.00,1.56,0.26,0.07,1.85
2019-11-19,26.87,27.67,27.77,26.83,14503,39634912.00,3.49,2.63,0.71,3.41
2019-11-20,27.55,28.84,29.20,27.34,33205,94682249.00,6.72,4.23,1.17,7.80
2019-11-21,28.50,28.78,28.98,28.26,12994,37121883.00,2.50,-0.21,-0.06,3.05
2019-11-22,28.61,28.59,29.46,28.27,15864,45690818.00,4.13,-0.66,-0.19,3.73
2019-11-25,28.31,28.43,28.63,28.09,7869,22277794.00,1.89,-0.56,-0.16,1.85
2019-11-26,28.33,28.28,28.55,28.26,5105,14479670.00,1.02,-0.53,-0.15,1.20
2019-11-27,28.06,28.15,28.73,28.06,4465,12629645.00,2.37,-0.46,-0.13,1.05
2019-11-28,28.15,28.73,28.80,28.05,8355,23785631.00,2.66,2.06,0.58,1.96
2019-11-29,28.32,28.26,28.95,28.16,7461,21132995.00,2.75,-1.64,-0.47,1.75
2019-12-02,28.20,28.70,28.85,28.20,7422,21195293.00,2.30,1.56,0.44,1.74
2019-12-03,28.69,28.46,28.69,28.37,6979,19886031.00,1.11,-0.84,-0.24,1.64
2019-12-04,28.45,28.36,28.65,28.27,5490,15582973.00,1.34,-0.35,-0.10,1.29
2019-12-05,28.30,28.98,29.01,28.30,9542,27427916.00,2.50,2.19,0.62,2.24
2019-12-06,28.95,28.99,29.00,28.73,6594,19031075.00,0.93,0.03,0.01,1.55
2019-12-09,28.99,29.79,30.25,28.61,17750,52803712.00,5.66,2.76,0.80,4.17
2019-12-10,29.98,29.55,29.98,29.41,8666,25630735.00,1.91,-0.81,-0.24,2.04
2019-12-11,29.56,30.21,30.40,29.33,10586,31625508.00,3.62,2.23,0.66,2.49
2019-12-12,30.15,30.09,30.52,29.95,11383,34411424.00,1.89,-0.40,-0.12,2.67
2019-12-13,30.25,30.44,30.62,29.99,9982,30270957.00,2.09,1.16,0.35,2.34
2019-12-16,30.52,30.48,30.90,30.25,7793,23837785.00,2.14,0.13,0.04,1.83
2019-12-17,30.49,30.00,30.60,29.85,12365,37460994.00,2.46,-1.57,-0.48,2.90
2019-12-18,30.00,30.00,30.22,29.88,9000,26996094.00,1.13,0.00,0.00,2.11
2019-12-19,29.99,30.02,30.10,29.68,6512,19467960.00,1.40,0.07,0.02,1.53
2019-12-20,30.08,29.70,30.11,29.58,4269,12753596.00,1.77,-1.07,-0.32,1.00
2019-12-23,29.74,29.00,29.74,29.00,5558,16341938.00,2.49,-2.36,-0.70,1.31
2019-12-24,29.03,29.31,29.60,29.03,5302,15541074.00,1.97,1.07,0.31,1.25
2019-12-25,29.32,29.25,29.45,29.02,5282,15455829.00,1.47,-0.20,-0.06,1.24
2019-12-26,29.34,29.34,29.43,29.16,5981,17519135.00,0.92,0.31,0.09,1.40
2019-12-27,29.40,29.05,29.60,29.00,5515,16143061.00,2.04,-0.99,-0.29,1.30
2019-12-30,29.08,29.33,29.38,28.60,7201,20920438.00,2.69,0.96,0.28,1.69
2019-12-31,29.19,29.92,29.99,29.19,9999,29741147.00,2.73,2.01,0.59,2.36
2020-01-02,29.93,29.97,30.20,29.73,9907,29702449.00,1.57,0.17,0.05,2.33
2020-01-03,30.06,29.95,30.15,29.81,5946,17796389.00,1.13,-0.07,-0.02,1.40
2020-01-06,29.81,29.87,30.22,29.69,8967,26839105.00,1.77,-0.27,-0.08,2.11
2020-01-07,30.00,30.33,30.40,29.85,10038,30214945.00,1.84,1.54,0.46,2.36
2020-01-08,30.20,30.47,30.67,30.06,12232,37272175.00,2.01,0.46,0.14,2.88
2020-01-09,30.62,31.72,31.80,30.48,20974,65755801.00,4.33,4.10,1.25,4.94
2020-01-10,31.70,32.12,32.41,31.42,14664,46761356.00,3.12,1.26,0.40,3.45
2020-01-13,32.25,34.04,34.21,32.01,25552,85033799.00,6.85,5.98,1.92,6.02
2020-01-14,33.83,35.58,36.45,33.78,38682,137023032.00,7.84,4.52,1.54,9.11
2020-01-15,35.53,35.96,36.31,34.81,23487,83488171.00,4.22,1.07,0.38,5.53
2020-01-16,36.29,36.03,36.77,35.62,25206,91203425.00,3.20,0.19,0.07,5.94
2020-01-17,36.43,37.36,37.43,35.67,25875,95197324.00,4.88,3.69,1.33,6.10
2020-01-20,38.00,39.27,39.39,36.00,30822,118679575.00,9.07,5.11,1.91,7.26
2020-01-21,38.70,38.00,39.80,38.00,23292,89702635.00,4.58,-3.23,-1.27,5.49
2020-01-22,37.80,37.66,38.37,37.02,17370,65193404.00,3.55,-0.89,-0.34,4.09
2020-01-23,37.66,35.00,37.69,34.37,32729,116689185.00,8.82,-7.06,-2.66,7.71
2020-02-03,31.50,31.50,33.80,31.50,31574,100309626.00,6.57,-10.00,-3.50,7.44
2020-02-04,31.48,34.65,34.65,31.48,33209,112180094.00,10.06,10.00,3.15,7.82
2020-02-05,34.55,37.15,37.46,34.50,30391,109649874.00,8.54,7.22,2.50,7.16
2020-02-06,37.15,37.24,38.15,36.65,26889,100718105.00,4.04,0.24,0.09,6.33
2020-02-07,37.00,36.04,37.00,35.53,29445,106443298.00,3.95,-3.22,-1.20,6.94
2020-02-10,35.88,35.55,35.88,34.87,17323,61202269.00,2.80,-1.36,-0.49,4.08
2020-02-11,35.51,36.90,37.28,35.11,20309,73270775.00,6.10,3.80,1.35,4.78
2020-02-12,36.89,36.81,37.28,36.30,14989,54991965.00,2.66,-0.24,-0.09,3.53
2020-02-13,37.05,35.60,37.05,35.60,20144,72543353.00,3.94,-3.29,-1.21,4.75
2020-02-14,35.00,36.16,36.28,35.00,13570,48785101.00,3.60,1.57,0.56,3.20
2020-02-17,36.17,37.77,38.06,36.17,20949,78490050.00,5.23,4.45,1.61,4.93
2020-02-18,37.59,37.60,39.00,36.89,17807,66829223.00,5.59,-0.45,-0.17,4.19
2020-02-19,37.55,39.45,39.79,37.22,26221,101640691.00,6.84,4.92,1.85,6.18
2020-02-20,39.90,39.38,39.90,38.76,17697,69316359.00,2.89,-0.18,-0.07,4.17
2020-02-21,39.44,43.32,43.32,39.44,27826,119102212.00,9.85,10.01,3.94,6.55
2020-02-24,44.09,45.67,45.67,43.30,34456,153419439.00,5.47,5.42,2.35,8.12
2020-02-25,44.00,44.60,45.55,43.30,19256,85187718.00,4.93,-2.34,-1.07,4.54
2020-02-26,44.20,41.80,44.40,41.55,21035,89786852.00,6.39,-6.28,-2.80,4.96
2020-02-27,41.79,41.66,43.29,40.71,14506,60138549.00,6.17,-0.33,-0.14,3.42
2020-02-28,39.00,38.15,39.99,37.49,21611,83070918.00,6.00,-8.43,-3.51,5.09
2020-03-02,38.71,37.64,38.71,37.51,26754,101748485.00,3.15,-1.34,-0.51,6.30
2020-03-03,38.02,38.80,39.80,37.70,26448,102008421.00,5.58,3.08,1.16,6.23
2020-03-04,38.05,38.04,38.48,37.45,14081,53332520.00,2.65,-1.96,-0.76,3.32
2020-03-05,38.08,40.10,40.15,38.08,22615,89433766.00,5.44,5.42,2.06,5.33
2020-03-06,39.93,42.18,43.07,39.34,23326,97163729.00,9.30,5.19,2.08,5.49
2020-03-09,41.50,40.35,42.83,39.01,22729,92079737.00,9.06,-4.34,-1.83,5.35
2020-03-10,39.50,40.43,40.46,37.51,26234,103557485.00,7.31,0.20,0.08,6.18
2020-03-11,40.15,40.43,41.43,40.11,17566,71772052.00,3.26,0.00,0.00,4.14
2020-03-12,40.07,38.88,40.07,38.58,9958,38988434.00,3.69,-3.83,-1.55,2.35
2020-03-13,35.60,38.72,39.30,35.50,13685,51706036.00,9.77,-0.41,-0.16,3.22
2020-03-16,38.86,36.80,39.87,36.28,15640,59062150.00,9.27,-4.96,-1.92,3.68
2020-03-17,37.54,38.00,38.08,34.58,21670,79065661.00,9.51,3.26,1.20,5.10
2020-03-18,38.00,39.79,41.00,38.00,31694,126908422.00,7.89,4.71,1.79,7.47
2020-03-19,40.11,39.63,40.11,38.38,23875,93903577.00,4.35,-0.40,-0.16,5.62
2020-03-20,39.66,41.87,42.20,39.66,24263,100331610.00,6.41,5.65,2.24,5.72
2020-03-23,40.02,42.05,42.89,40.01,33827,142610309.00,6.88,0.43,0.18,7.97
2020-03-24,42.60,43.19,43.31,41.52,30341,129557522.00,4.26,2.71,1.14,7.15
2020-03-25,43.84,43.37,43.87,42.54,16821,72489252.00,3.08,0.42,0.18,3.96
2020-03-26,43.02,44.24,44.33,42.85,13409,58906540.00,3.41,2.01,0.87,3.16
2020-03-27,44.41,44.00,44.90,43.42,13978,61796115.00,3.35,-0.54,-0.24,3.29
2020-03-30,43.82,42.98,43.82,41.00,22286,94361732.00,6.41,-2.32,-1.02,5.25
2020-03-31,43.00,42.48,43.22,41.84,11590,49200581.00,3.21,-1.16,-0.50,2.73
2020-04-01,42.29,42.55,42.99,41.86,9076,38612266.00,2.66,0.16,0.07,2.14
2020-04-02,42.02,43.60,43.85,41.35,15467,66489531.00,5.88,2.47,1.05,3.64
2020-04-03,42.91,42.42,43.33,41.73,13771,58445772.00,3.67,-2.71,-1.18,3.24
2020-04-07,42.44,45.75,45.93,42.44,17761,79089967.00,8.23,7.85,3.33,4.18
2020-04-08,45.60,46.40,47.88,45.00,21351,99306611.00,6.30,1.42,0.65,5.03
2020-04-09,46.58,47.97,48.06,45.60,15062,71135639.00,5.30,3.38,1.57,3.55
2020-04-10,47.90,47.58,48.38,46.04,13104,61587315.00,4.88,-0.81,-0.39,3.09
2020-04-13,46.50,47.23,47.63,45.37,10179,47604582.00,4.75,-0.74,-0.35,2.40
2020-04-14,48.95,47.14,49.01,46.31,9085,42598501.00,5.72,-0.19,-0.09,2.14
2020-04-15,47.14,46.49,47.68,46.12,9533,44351119.00,3.31,-1.38,-0.65,2.25
2020-04-16,46.22,46.99,47.37,45.30,14403,66645374.00,4.45,1.08,0.50,3.39
2020-04-17,46.98,48.13,48.40,46.12,15137,72117673.00,4.85,2.43,1.14,3.57
2020-04-20,49.00,52.33,52.61,48.30,33391,169917541.00,8.95,8.73,4.20,7.87
2020-04-21,50.56,50.72,51.59,49.52,16761,84406364.00,3.96,-3.08,-1.61,3.95
2020-04-22,50.30,49.90,50.67,48.88,15073,75155712.00,3.53,-1.62,-0.82,3.55
2020-04-23,50.26,48.79,50.87,48.60,12272,60596306.00,4.55,-2.22,-1.11,2.89
2020-04-24,49.08,47.35,49.08,46.81,12664,60166176.00,4.65,-2.95,-1.44,2.98
2020-04-27,47.35,47.68,48.88,46.64,13360,63767691.00,4.73,0.70,0.33,3.15
2020-04-28,47.27,46.95,47.90,45.00,9315,43326933.00,6.08,-1.53,-0.73,2.19
2020-04-29,46.33,46.48,46.99,45.60,11113,51319979.00,2.96,-1.00,-0.47,2.62
2020-04-30,46.11,46.66,47.17,46.00,11281,52677359.00,2.52,0.39,0.18,2.66
2020-05-06,46.42,47.37,47.89,45.00,11497,53753061.00,6.19,1.52,0.71,2.71
2020-05-07,47.80,49.83,50.50,47.08,19567,96145482.00,7.22,5.19,2.46,4.61
2020-05-08,49.99,49.00,50.15,48.19,16187,79208807.00,3.93,-1.67,-0.83,3.81
2020-05-11,49.00,47.06,49.20,47.05,11461,54755848.00,4.39,-3.96,-1.94,2.70
2020-05-12,47.25,47.86,47.95,46.80,9173,43606807.00,2.44,1.70,0.80,2.16
2020-05-13,47.61,48.97,49.44,46.95,13265,64466922.00,5.20,2.32,1.11,3.12
2020-05-14,48.14,47.70,48.88,47.67,9036,43310065.00,2.47,-2.59,-1.27,2.13
2020-05-15,47.51,47.59,47.91,46.64,9363,44197450.00,2.66,-0.23,-0.11,2.21
2020-05-18,47.96,48.23,49.85,46.00,15938,77727245.00,8.09,1.34,0.64,3.75
2020-05-19,48.99,47.59,49.50,47.10,11787,56631345.00,4.98,-1.33,-0.64,2.78
2020-05-20,47.01,46.63,47.89,45.51,12591,58933942.00,5.00,-2.02,-0.96,2.97
2020-05-21,47.18,45.46,47.18,45.45,13537,62352778.00,3.71,-2.51,-1.17,3.19
2020-05-22,46.00,45.75,46.46,45.05,11861,54043307.00,3.10,0.64,0.29,2.79
2020-05-25,46.30,46.54,47.00,45.12,9317,42838297.00,4.11,1.73,0.79,2.19
2020-05-26,46.61,48.68,49.30,46.61,20536,99692759.00,5.78,4.60,2.14,4.84
2020-05-27,48.50,48.48,49.58,48.23,15670,76831627.00,2.77,-0.41,-0.20,3.69
2020-05-28,48.80,48.76,49.49,47.38,12486,60557986.00,4.35,0.58,0.28,2.94
2020-05-29,49.19,51.31,51.78,48.00,40388,203094214.00,7.75,5.23,2.55,9.51
2020-06-01,51.47,50.58,52.49,50.03,27729,141106933.00,4.79,-1.42,-0.73,6.53
2020-06-02,50.40,50.42,50.45,49.80,11207,56105214.00,1.29,-0.32,-0.16,2.64
2020-06-03,50.49,50.23,50.87,50.00,15346,77431790.00,1.73,-0.38,-0.19,3.62
2020-06-04,50.79,50.00,51.37,49.80,8847,44519499.00,3.13,-0.46,-0.23,2.08
2020-06-05,50.01,50.88,51.45,49.88,12071,61191020.00,3.14,1.76,0.88,2.84
2020-06-08,51.17,50.94,52.93,50.30,13954,71822019.00,5.17,0.12,0.06,3.29
2020-06-09,50.45,52.50,53.29,49.86,22542,117544681.00,6.73,3.06,1.56,5.31
2020-06-10,52.20,54.83,55.17,51.80,38579,208288580.00,6.42,4.44,2.33,9.09
2020-06-11,54.66,58.28,60.00,53.87,39185,223688712.00,11.18,6.29,3.45,9.23
2020-06-12,56.30,57.68,59.30,56.30,26004,150356655.00,5.15,-1.03,-0.60,6.13
2020-06-15,57.20,60.31,61.20,57.20,25698,153624938.00,6.93,4.56,2.63,6.05
2020-06-16,60.04,60.98,61.29,59.20,21308,128339913.00,3.47,1.11,0.67,5.02
2020-06-17,60.40,58.30,62.18,58.03,28409,169455792.00,6.81,-4.39,-2.68,6.69
2020-06-18,58.90,55.32,58.90,54.55,38171,214055713.00,7.46,-5.11,-2.98,8.99
2020-06-19,56.05,55.00,56.05,54.51,19705,108730368.00,2.78,-0.58,-0.32,4.64
2020-06-22,55.50,54.86,56.30,54.00,24994,136577339.00,4.18,-0.25,-0.14,5.89
2020-06-23,53.85,56.74,57.60,52.55,32304,179706684.00,9.21,3.43,1.88,7.61
2020-06-24,56.60,55.45,57.41,54.37,22126,122639627.00,5.36,-2.27,-1.29,5.21
2020-06-29,55.00,54.98,55.76,53.68,19997,109060558.00,3.75,-0.85,-0.47,4.71
2020-06-30,55.32,54.14,55.94,54.11,22541,123594105.00,3.33,-1.53,-0.84,5.18
2020-07-01,54.20,55.00,55.44,53.53,21436,116135518.00,3.53,1.59,0.86,4.93
2020-07-02,54.83,54.46,58.01,54.38,27937,155653562.00,6.60,-0.98,-0.54,6.42
2020-07-03,54.30,54.30,54.54,53.01,17331,93146299.00,2.81,-0.29,-0.16,3.98
2020-07-06,53.80,54.00,54.55,53.20,22784,123100587.00,2.49,-0.55,-0.30,5.24
2020-07-07,54.86,54.21,54.95,53.85,32121,174581081.00,2.04,0.39,0.21,7.38
2020-07-08,54.78,52.89,54.78,52.79,35523,189242660.00,3.67,-2.43,-1.32,8.17
2020-07-09,52.63,54.25,55.35,52.63,39962,215521621.00,5.14,2.57,1.36,9.19
2020-07-10,54.33,57.62,58.74,54.00,60272,339874384.00,8.74,6.21,3.37,13.86
2020-07-13,58.50,57.25,58.90,55.58,46307,262275425.00,5.76,-0.64,-0.37,10.65
2020-07-14,57.35,62.98,62.98,56.99,84639,511492336.00,10.46,10.01,5.73,19.46
2020-07-15,61.68,59.89,64.30,59.66,52835,326550544.00,7.37,-4.91,-3.09,12.15
2020-07-16,59.83,54.78,59.83,54.30,41443,233198694.00,9.23,-8.53,-5.11,9.53
2020-07-17,54.00,53.57,55.41,53.00,23106,124334510.00,4.40,-2.21,-1.21,5.31
2020-07-20,54.21,57.82,58.77,53.26,33912,191468355.00,10.29,7.93,4.25,7.80
2020-07-21,57.90,63.60,63.60,57.90,48171,301911424.00,9.86,10.00,5.78,11.07
2020-07-22,62.70,66.85,69.79,62.70,73303,488961088.00,11.15,5.11,3.25,16.85
2020-07-23,69.05,68.00,69.10,65.50,53151,358337824.00,5.39,1.72,1.15,12.22
2020-07-24,68.00,63.92,68.00,61.20,50815,329872400.00,10.00,-6.00,-4.08,11.68
2020-07-27,64.82,66.20,69.61,64.61,55797,369757776.00,7.82,3.57,2.28,12.83
2020-07-28,68.00,63.00,68.00,59.70,60406,376267856.00,12.54,-4.83,-3.20,13.89
2020-07-29,64.00,65.00,65.78,62.22,29662,190816381.00,5.65,3.17,2.00,6.82
2020-07-30,65.00,61.60,65.01,60.84,48199,299046704.00,6.42,-5.23,-3.40,11.08
2020-07-31,61.20,62.30,62.90,59.00,29411,181429170.00,6.33,1.14,0.70,6.76
2020-08-03,62.08,62.23,63.20,61.15,25909,160267311.00,3.29,-0.11,-0.07,5.96
2020-08-04,62.25,61.00,62.35,60.48,19103,117335045.00,3.00,-1.98,-1.23,4.39
2020-08-05,60.81,61.45,63.44,60.21,22752,140630599.00,5.30,0.74,0.45,5.23
2020-08-06,61.02,59.68,61.84,58.82,25577,153055392.00,4.91,-2.88,-1.77,5.88
2020-08-07,60.98,57.80,60.98,56.50,25029,145634615.00,7.51,-3.15,-1.88,5.75
2020-08-10,57.79,58.92,59.22,56.92,15089,88116558.00,3.98,1.94,1.12,3.47
2020-08-11,59.38,57.68,59.90,57.55,13429,78969010.00,3.99,-2.10,-1.24,3.09
2020-08-12,57.95,54.84,57.95,53.50,19852,109453165.00,7.71,-4.92,-2.84,4.56
2020-08-13,54.80,52.95,55.29,52.88,24426,131071423.00,4.39,-3.45,-1.89,5.62
2020-08-14,53.21,52.70,53.21,50.83,25656,133351781.00,4.49,-0.47,-0.25,5.90
2020-08-17,52.40,54.65,55.13,52.40,21763,118085128.00,5.18,3.70,1.95,5.00
2020-08-18,54.77,56.49,57.60,54.20,22695,126742315.00,6.22,3.37,1.84,5.22
2020-08-19,56.45,54.98,57.35,54.80,15846,88334350.00,4.51,-2.67,-1.51,3.64
2020-08-20,54.56,54.06,55.67,53.99,10501,57354381.00,3.06,-1.67,-0.92,2.41
2020-08-21,54.07,54.41,54.78,53.89,7201,39183234.00,1.65,0.65,0.35,1.66
2020-08-24,54.54,55.20,55.44,53.63,19189,104021472.00,3.33,1.45,0.79,4.41
2020-08-25,54.70,54.55,55.30,54.00,11473,62679010.00,2.36,-1.18,-0.65,2.64
2020-08-26,54.06,52.89,54.70,52.65,11188,60088243.00,3.76,-3.04,-1.66,2.57
2020-08-27,53.50,54.65,54.80,53.06,10771,58420012.00,3.29,3.33,1.76,2.48
2020-08-28,54.16,56.21,57.02,53.89,16903,93629900.00,5.73,2.85,1.56,3.89
2020-08-31,56.22,56.07,57.28,55.57,13375,75263650.00,3.04,-0.25,-0.14,3.07
2020-09-01,56.07,56.60,56.62,55.01,13427,74800177.00,2.87,0.95,0.53,3.09
2020-09-02,56.41,58.97,60.58,56.28,32009,189226289.00,7.60,4.19,2.37,7.36
2020-09-03,58.93,57.97,60.56,57.97,17756,105118048.00,4.39,-1.70,-1.00,4.08
2020-09-04,57.23,60.02,60.45,57.23,17508,103863683.00,5.55,3.54,2.05,4.02
2020-09-07,61.77,62.30,64.60,59.20,38517,241745165.00,9.00,3.80,2.28,8.85
2020-09-08,62.00,62.65,63.46,60.82,16263,101135941.00,4.24,0.56,0.35,3.74
2020-09-09,61.80,60.85,62.90,58.81,15483,94466175.00,6.53,-2.87,-1.80,3.56
2020-09-10,60.85,57.80,61.39,57.20,11415,67603849.00,6.89,-5.01,-3.05,2.62
2020-09-11,57.59,58.47,58.70,56.80,9282,53421662.00,3.29,1.16,0.67,2.13
2020-09-14,58.97,57.81,58.97,57.50,6805,39544710.00,2.51,-1.13,-0.66,1.56
2020-09-15,57.81,58.52,58.80,57.00,6529,37722971.00,3.11,1.23,0.71,1.50
2020-09-16,58.52,57.99,60.39,57.00,9822,57008541.00,5.79,-0.91,-0.53,2.26
2020-09-17,58.10,57.82,59.13,57.50,10259,59694256.00,2.81,-0.29,-0.17,2.36
2020-09-18,57.30,57.52,58.61,56.60,9766,56005045.00,3.48,-0.52,-0.30,2.25
2020-09-21,57.42,56.42,57.52,56.13,6702,37928143.00,2.42,-1.91,-1.10,1.54
2020-09-22,56.42,55.86,57.30,55.66,5008,28342277.00,2.91,-0.99,-0.56,1.15
2020-09-23,56.55,57.70,59.22,55.90,12377,71605271.00,5.94,3.29,1.84,2.85
2020-09-24,57.46,58.06,58.49,55.89,11127,63531019.00,4.51,0.62,0.36,2.56
2020-09-25,58.13,58.48,60.49,57.69,15085,88773708.00,4.82,0.72,0.42,3.47
2020-09-28,58.61,56.33,58.74,56.23,8107,46469288.00,4.29,-3.68,-2.15,1.86
2020-09-29,56.83,55.60,56.83,55.30,8718,48697359.00,2.72,-1.30,-0.73,2.00
2020-09-30,55.55,55.76,56.75,55.03,4578,25675992.00,3.09,0.29,0.16,1.05
2020-10-09,56.00,55.75,56.50,55.01,10358,57724549.00,2.67,-0.02,-0.01,2.38
2020-10-12,55.80,60.65,60.83,55.80,25522,150745744.00,9.02,8.79,4.90,5.87
2020-10-13,60.98,61.04,61.70,59.28,17001,103015513.00,3.99,0.64,0.39,3.91
2020-10-14,61.38,57.68,61.38,57.56,23613,137948781.00,6.26,-5.50,-3.36,5.43
2020-10-15,58.18,57.70,58.63,56.66,14223,81868942.00,3.42,0.03,0.02,3.27
2020-10-16,58.00,56.22,58.00,55.84,15544,88108406.00,3.74,-2.56,-1.48,3.57
2020-10-19,56.47,55.90,56.86,55.62,10791,60590057.00,2.21,-0.57,-0.32,2.48
2020-10-20,55.37,55.70,55.86,55.05,12104,66932470.00,1.45,-0.36,-0.20,2.78
2020-10-21,55.60,53.87,56.00,53.43,14941,81452278.00,4.61,-3.29,-1.83,3.43
2020-10-22,53.42,53.42,54.98,52.66,14674,78885928.00,4.31,-0.84,-0.45,3.37
2020-10-23,53.45,50.00,53.95,49.91,18606,95551312.00,7.56,-6.40,-3.42,4.28
2020-10-26,50.95,48.94,50.95,48.32,27663,136654235.00,5.26,-2.12,-1.06,6.36
2020-10-27,49.30,47.90,49.50,47.48,27658,132873768.00,4.13,-2.13,-1.04,6.36
2020-10-28,49.03,48.47,49.69,46.10,36169,172730799.00,7.49,1.19,0.57,8.31
2020-10-29,48.02,51.33,51.66,48.01,33449,166765197.00,7.53,5.90,2.86,7.69
2020-10-30,50.98,49.60,51.64,49.54,21136,106890749.00,4.09,-3.37,-1.73,4.86
2020-11-02,50.04,51.47,51.89,49.99,19761,101066741.00,3.83,3.77,1.87,4.54
2020-11-03,51.44,51.27,51.76,50.60,11780,60307815.00,2.25,-0.39,-0.20,2.71
2020-11-04,51.24,51.60,52.40,51.01,9575,49414722.00,2.71,0.64,0.33,2.20
2020-11-05,51.85,51.98,52.97,51.65,12200,63569722.00,2.56,0.74,0.38,2.80
2020-11-06,51.64,50.93,52.88,50.52,13642,69677102.00,4.54,-2.02,-1.05,3.14
2020-11-09,51.02,51.35,52.25,51.01,12393,64160839.00,2.43,0.82,0.42,2.85
2020-11-10,51.59,50.90,51.59,50.27,9719,49239415.00,2.57,-0.88,-0.45,2.23
2020-11-11,50.90,49.41,50.90,48.55,15325,75564524.00,4.62,-2.93,-1.49,3.52
2020-11-12,49.60,49.28,49.88,49.03,7182,35463921.00,1.72,-0.26,-0.13,1.65
2020-11-13,49.28,48.60,49.30,48.08,11727,56749418.00,2.48,-1.38,-0.68,2.70
2020-11-16,49.00,48.63,49.15,48.36,7771,37820791.00,1.63,0.06,0.03,1.79
2020-11-17,48.93,47.92,48.93,47.05,10117,48157199.00,3.87,-1.46,-0.71,2.33
2020-11-18,48.35,47.51,48.60,46.88,9843,46786777.00,3.59,-0.86,-0.41,2.26
2020-11-19,47.35,47.73,48.28,46.46,9585,45495715.00,3.83,0.46,0.22,2.20
2020-11-20,47.55,47.40,47.88,47.00,9121,43230021.00,1.84,-0.69,-0.33,2.10
2020-11-23,47.50,46.72,47.52,46.51,13120,61521198.00,2.13,-1.43,-0.68,3.02
2020-11-24,47.10,46.42,47.20,46.32,8418,39286699.00,1.88,-0.64,-0.30,1.94
2020-11-25,46.63,45.16,46.80,45.00,14535,66185092.00,3.88,-2.71,-1.26,3.34
2020-11-26,45.56,45.56,45.97,44.90,10606,48107214.00,2.37,0.89,0.40,2.44
2020-11-27,45.60,46.13,47.54,45.00,18372,85068005.00,5.58,1.25,0.57,4.22
2020-11-30,45.86,45.10,45.86,45.00,12177,55097593.00,1.86,-2.23,-1.03,2.80
2020-12-01,45.28,46.18,46.36,44.00,15470,70708196.00,5.23,2.39,1.08,3.56
2020-12-02,46.49,46.45,46.88,45.91,10418,48324104.00,2.10,0.58,0.27,2.39
2020-12-03,46.47,46.52,46.89,45.99,9725,45175861.00,1.94,0.15,0.07,2.24
2020-12-04,46.75,46.49,47.50,46.33,12935,60577499.00,2.52,-0.06,-0.03,2.97
2020-12-07,46.88,45.83,46.98,45.50,14901,68847173.00,3.18,-1.42,-0.66,3.43
2020-12-08,45.80,45.44,46.27,45.01,10441,47619185.00,2.75,-0.85,-0.39,2.40
2020-12-09,45.54,44.26,45.77,44.23,11844,53264693.00,3.39,-2.60,-1.18,2.72
2020-12-10,44.28,44.61,45.22,43.72,9662,43108098.00,3.39,0.79,0.35,2.22
2020-12-11,44.47,43.08,44.48,42.51,11399,49359732.00,4.42,-3.43,-1.53,2.62
2020-12-14,43.20,43.73,43.84,42.00,12291,53040852.00,4.27,1.51,0.65,2.83
2020-12-15,43.60,44.22,44.47,43.40,8412,37035304.00,2.45,1.12,0.49,1.93
2020-12-16,44.22,43.21,44.28,43.00,8261,35949842.00,2.89,-2.28,-1.01,1.90
2020-12-17,43.69,43.96,43.98,42.51,10476,45382747.00,3.40,1.74,0.75,2.41
2020-12-18,43.92,42.69,43.99,42.54,11326,48752013.00,3.30,-2.89,-1.27,2.60
2020-12-21,42.69,42.12,42.78,41.87,9876,41770440.00,2.13,-1.34,-0.57,2.27
2020-12-22,41.90,41.35,42.86,41.25,13007,54627058.00,3.82,-1.83,-0.77,2.99
2020-12-23,41.25,41.30,41.89,41.00,10016,41461374.00,2.15,-0.12,-0.05,2.30
2020-12-24,41.03,40.20,41.50,40.02,9549,38734964.00,3.58,-2.66,-1.10,2.20
2020-12-25,40.03,40.19,41.30,39.65,9814,39602699.00,4.10,-0.02,-0.01,2.26
2020-12-28,40.30,40.41,41.12,39.60,10325,41587385.00,3.78,0.55,0.22,2.37
2020-12-29,40.22,40.02,40.35,39.76,7919,31710671.00,1.46,-0.97,-0.39,1.82
2020-12-30,40.30,40.01,40.30,39.41,8300,33121801.00,2.22,-0.02,-0.01,1.91
2020-12-31,40.00,41.36,41.53,39.85,14324,58256376.00,4.20,3.37,1.35,3.29
2021-01-04,41.03,41.35,41.68,40.88,11489,47347221.00,1.93,-0.02,-0.01,2.64
2021-01-05,41.35,40.96,41.52,40.72,10327,42393751.00,1.93,-0.94,-0.39,2.37
2021-01-06,41.07,39.75,41.55,39.58,13807,55323730.00,4.81,-2.95,-1.21,3.17
2021-01-07,39.54,36.74,39.66,36.57,21053,79243596.00,7.77,-7.57,-3.01,4.84
2021-01-08,36.59,37.65,38.03,35.82,16479,61485938.00,6.02,2.48,0.91,3.76
2021-01-11,37.80,35.89,37.80,35.79,15737,57356543.00,5.34,-4.67,-1.76,3.59
2021-01-12,36.02,36.08,36.66,35.32,10380,37495283.00,3.73,0.53,0.19,2.37
2021-01-13,36.37,34.96,36.37,34.55,14427,50615186.00,5.04,-3.10,-1.12,3.29
2021-01-14,34.96,35.83,36.18,34.45,15765,55755394.00,4.95,2.49,0.87,3.59
2021-01-15,35.59,36.83,37.23,35.58,11207,41090319.00,4.61,2.79,1.00,2.55
2021-01-18,36.90,37.60,38.68,36.60,15704,59739322.00,5.65,2.09,0.77,3.58
2021-01-19,37.74,37.50,37.86,37.10,12186,45579882.00,2.02,-0.27,-0.10,2.78
2021-01-20,37.50,37.82,38.52,37.20,13828,52474381.00,3.52,0.85,0.32,3.15
2021-01-21,37.83,37.20,38.15,36.92,21807,81267262.00,3.25,-1.64,-0.62,4.97
2021-01-22,37.14,37.09,37.53,36.65,15613,57850641.00,2.37,-0.30,-0.11,3.56
2021-01-25,38.03,36.88,39.39,36.76,23227,87282706.00,7.09,-0.57,-0.21,5.29
2021-01-26,36.59,36.26,37.23,35.90,10788,39454910.00,3.61,-1.68,-0.62,2.46
2021-01-27,36.30,36.03,36.74,35.81,11394,41153923.00,2.56,-0.63,-0.23,2.60
2021-01-28,35.67,35.87,36.44,35.45,8639,31153052.00,2.75,-0.44,-0.16,1.97
2021-01-29,35.82,34.64,36.01,34.34,15681,54828050.00,4.66,-3.43,-1.23,3.57
2021-02-01,34.89,35.01,35.29,34.50,8606,30106220.00,2.28,1.07,0.37,1.96
2021-02-02,34.94,35.61,36.20,34.77,10354,36859790.00,4.08,1.71,0.60,2.36
2021-02-03,35.60,34.14,36.10,34.10,18006,63354136.00,5.62,-4.13,-1.47,4.10
2021-02-04,34.15,33.08,34.69,32.90,14367,48320507.00,5.24,-3.10,-1.06,3.27
2021-02-05,33.10,32.13,33.77,31.99,12269,40312909.00,5.38,-2.87,-0.95,2.80
2021-02-08,32.49,31.21,32.49,31.10,13150,41569282.00,4.33,-2.86,-0.92,3.00
2021-02-09,31.29,31.53,32.13,31.06,14099,44375140.00,3.43,1.03,0.32,3.21
2021-02-10,31.53,31.35,31.85,31.21,11858,37326365.00,2.03,-0.57,-0.18,2.70
2021-02-18,31.78,33.12,33.74,31.74,17174,56626947.00,6.38,5.65,1.77,3.91
2021-02-19,33.15,34.10,34.20,32.65,12402,41669473.00,4.68,2.96,0.98,2.83
2021-02-22,34.15,34.46,35.33,34.12,17784,61820722.00,3.55,1.06,0.36,4.05
2021-02-23,34.31,34.71,34.95,33.60,11190,38594581.00,3.92,0.73,0.25,2.55
2021-02-24,34.59,34.60,35.12,34.32,12540,43526356.00,2.30,-0.32,-0.11,2.86
2021-02-25,34.70,34.03,34.88,33.88,10186,34967312.00,2.89,-1.65,-0.57,2.32
2021-02-26,33.65,34.29,34.93,33.53,12094,41646770.00,4.11,0.76,0.26,2.76
2021-03-01,34.00,35.50,35.75,34.00,17024,59880918.00,5.10,3.53,1.21,3.88
2021-03-02,35.50,34.72,35.72,34.43,13504,47220177.00,3.63,-2.20,-0.78,3.08
2021-03-03,34.73,34.84,35.24,34.53,10973,38245997.00,2.04,0.35,0.12,2.50
2021-03-04,34.80,34.05,34.94,33.60,14062,48176253.00,3.85,-2.27,-0.79,3.20
2021-03-05,34.07,34.35,34.78,33.94,10205,35104545.00,2.47,0.88,0.30,2.33
2021-03-08,34.58,33.89,34.87,33.83,12025,41248275.00,3.03,-1.34,-0.46,2.74
2021-03-09,33.89,32.63,33.95,32.15,19125,62798141.00,5.31,-3.72,-1.26,4.36
2021-03-10,32.70,32.68,33.38,32.35,14840,48783073.00,3.16,0.15,0.05,3.38
2021-03-11,32.76,33.02,33.16,32.45,9876,32477541.00,2.17,1.04,0.34,2.25
2021-03-12,33.18,32.58,33.18,32.16,9198,29877156.00,3.09,-1.33,-0.44,2.10
2021-03-15,32.65,32.36,32.82,32.00,9573,30996232.00,2.52,-0.68,-0.22,2.18
2021-03-16,32.50,32.93,33.05,32.21,9374,30652608.00,2.60,1.76,0.57,2.14
2021-03-17,33.18,36.22,36.22,33.04,42602,150417639.00,9.66,9.99,3.29,9.71
2021-03-18,36.67,38.26,38.88,36.23,75944,286093648.00,7.32,5.63,2.04,17.31
2021-03-19,37.55,38.70,38.70,37.34,44538,169495566.00,3.55,1.15,0.44,10.15
2021-03-22,38.18,39.00,39.94,38.08,43146,168792537.00,4.81,0.78,0.30,9.83
2021-03-23,38.75,39.01,39.28,38.50,27275,106193570.00,2.00,0.03,0.01,6.22
2021-03-24,38.80,37.29,39.10,36.94,35731,134791980.00,5.54,-4.41,-1.72,8.14
2021-03-25,37.35,36.95,37.62,36.70,18410,68421511.00,2.47,-0.91,-0.34,4.20
2021-03-26,37.17,37.47,38.35,36.78,20395,76781862.00,4.25,1.41,0.52,4.65
2021-03-29,37.17,37.24,38.59,37.06,21318,80663286.00,4.08,-0.61,-0.23,4.86
2021-03-30,37.19,37.43,38.16,37.10,17211,64545067.00,2.85,0.51,0.19,3.92
2021-03-31,37.32,37.81,37.85,37.15,14812,55514627.00,1.87,1.02,0.38,3.38
2021-04-01,38.14,36.60,38.20,36.50,21342,79138325.00,4.50,-3.20,-1.21,4.86
2021-04-02,36.70,37.02,37.36,36.26,16032,58916589.00,3.01,1.15,0.42,3.65
2021-04-06,37.02,37.50,37.96,36.80,15407,57769128.00,3.13,1.30,0.48,3.51
2021-04-07,37.25,37.65,37.85,37.18,15129,56814849.00,1.79,0.40,0.15,3.45
2021-04-08,37.50,36.65,38.51,36.65,21363,79443097.00,4.94,-2.66,-1.00,4.87
2021-04-09,36.73,37.12,37.27,36.38,13753,50816622.00,2.43,1.28,0.47,3.13
2021-04-12,37.20,35.40,37.20,35.33,20246,73045028.00,5.04,-4.63,-1.72,4.61
2021-04-13,35.37,35.59,36.18,35.30,12021,42855788.00,2.49,0.54,0.19,2.74
2021-04-14,35.65,36.09,36.15,35.22,11230,40144603.00,2.61,1.40,0.50,2.56
2021-04-15,36.21,36.56,36.61,35.78,11118,40338989.00,2.30,1.30,0.47,2.53
2021-04-16,36.60,36.50,36.99,36.23,15165,55670633.00,2.08,-0.16,-0.06,3.46
2021-04-19,35.31,33.71,35.31,32.85,55076,183780029.00,6.74,-7.64,-2.79,12.55
2021-04-20,33.25,33.19,33.75,33.05,27633,92196289.00,2.08,-1.54,-0.52,6.30
2021-04-21,33.11,33.17,33.38,32.81,17926,59380448.00,1.72,-0.06,-0.02,4.09
2021-04-22,33.20,33.65,34.20,33.07,20516,69001518.00,3.41,1.45,0.48,4.68
2021-04-23,33.66,33.35,33.86,33.23,14203,47451564.00,1.87,-0.89,-0.30,3.24
2021-04-26,33.88,34.23,35.25,33.88,31168,107308601.00,4.11,2.64,0.88,7.10
2021-04-27,34.24,33.69,34.25,32.60,22627,75461579.00,4.82,-1.58,-0.54,5.16
2021-04-28,33.60,33.57,34.00,33.10,14374,48293565.00,2.67,-0.36,-0.12,3.28
2021-04-29,33.47,32.74,33.68,32.68,18174,60041099.00,2.98,-2.47,-0.83,4.14
2021-04-30,31.01,31.41,32.18,30.60,29230,91584113.00,4.83,-4.06,-1.33,6.66
2021-05-06,31.29,29.98,31.29,29.88,23700,71784860.00,4.49,-4.55,-1.43,5.40
2021-05-07,30.00,29.53,30.40,29.45,16331,48748390.00,3.17,-1.50,-0.45,3.72
2021-05-10,29.62,29.39,29.82,29.02,13783,40391136.00,2.71,-0.47,-0.14,3.14
2021-05-11,29.21,29.50,29.61,29.21,8118,23898185.00,1.36,0.37,0.11,1.85
2021-05-12,29.59,29.60,29.65,29.28,9692,28524145.00,1.25,0.34,0.10,2.21
2021-05-13,29.30,30.23,30.56,29.28,15043,45299171.00,4.32,2.13,0.63,3.43
2021-05-14,30.15,30.65,30.81,30.02,11800,35944987.00,2.61,1.39,0.42,2.69
2021-05-17,30.40,30.45,30.72,30.05,10389,31443950.00,2.19,-0.65,-0.20,2.37
2021-05-18,30.40,30.45,30.65,29.85,9092,27438242.00,2.63,0.00,0.00,2.07
2021-05-19,30.43,30.38,30.62,30.26,6382,19411223.00,1.18,-0.23,-0.07,1.45
2021-05-20,30.38,30.24,30.54,30.14,7386,22400992.00,1.32,-0.46,-0.14,1.68
2021-05-21,30.35,30.08,30.42,30.08,6760,20443239.00,1.12,-0.53,-0.16,1.54
2021-05-24,30.16,30.08,30.17,29.38,9243,27511820.00,2.63,0.00,0.00,2.11
2021-05-25,29.99,30.34,30.72,29.88,9215,27982199.00,2.79,0.86,0.26,2.10
2021-05-26,30.31,30.63,30.75,30.08,11328,34500026.00,2.21,0.96,0.29,2.58
2021-05-27,30.63,30.90,30.98,30.30,12581,38714092.00,2.22,0.88,0.27,2.53
2021-05-28,30.91,30.73,31.38,30.69,12869,39877344.00,2.23,-0.55,-0.17,2.58
2021-05-31,30.81,33.80,33.80,30.81,38752,126750965.00,9.73,9.99,3.07,7.78
2021-06-01,34.52,37.18,37.18,34.26,71877,256945765.00,8.64,10.00,3.38,14.43
2021-06-02,40.78,40.90,40.90,39.50,69881,284513792.00,3.77,10.01,3.72,14.03
2021-06-03,40.01,39.11,42.20,38.29,96237,380447632.00,9.56,-4.38,-1.79,19.31
2021-06-04,38.42,39.77,42.82,37.61,95321,382957200.00,13.32,1.69,0.66,19.13
2021-06-07,40.22,42.00,43.75,39.63,118357,500177088.00,10.36,5.61,2.23,23.75
2021-06-08,40.62,37.80,40.85,37.80,75467,292196272.00,7.26,-10.00,-4.20,15.15
2021-06-09,36.88,37.12,37.81,36.01,53127,196352553.00,4.76,-1.80,-0.68,10.66
2021-06-10,37.10,35.78,37.55,35.51,56264,202969136.00,5.50,-3.61,-1.34,11.29
2021-06-11,36.16,35.45,36.22,34.68,42583,150120955.00,4.30,-0.92,-0.33,8.55
2021-06-15,35.44,34.98,35.93,34.73,31198,109888875.00,3.39,-1.33,-0.47,6.26
2021-06-16,34.98,33.39,35.30,33.19,38470,131274020.00,6.03,-4.55,-1.59,7.72
2021-06-17,33.42,33.05,33.94,32.74,39060,129765857.00,3.59,-1.02,-0.34,7.84
2021-06-18,33.20,33.45,33.45,32.23,25758,84859282.00,3.69,1.21,0.40,5.17
2021-06-21,33.45,34.22,34.36,33.00,36383,122673256.00,4.07,2.30,0.77,7.30
2021-06-22,34.10,33.87,34.52,33.62,27721,94340028.00,2.63,-1.02,-0.35,5.56
2021-06-23,33.87,33.37,33.87,33.08,29099,96953684.00,2.33,-1.48,-0.50,5.84
2021-06-24,33.49,33.11,33.63,32.75,20286,67360188.00,2.64,-0.78,-0.26,4.07
2021-06-25,33.30,36.42,36.42,33.18,60196,210666632.00,9.79,10.00,3.31,12.08
2021-06-28,36.42,37.48,38.70,35.67,84312,311462480.00,8.32,2.91,1.06,16.92
2021-06-29,37.48,37.18,38.00,36.28,48557,180267908.00,4.59,-0.80,-0.30,9.75
2021-06-30,37.20,37.28,39.25,36.77,52702,199390400.00,6.67,0.27,0.10,10.58
2021-07-01,37.28,36.52,38.50,36.30,42258,158185790.00,5.90,-2.04,-0.76,8.48
2021-07-02,36.52,35.71,36.81,35.42,34093,122734574.00,3.81,-2.22,-0.81,6.84
2021-07-05,35.70,35.90,36.53,35.46,23628,85027371.00,3.00,0.53,0.19,4.74
2021-07-06,35.53,33.95,35.53,33.58,36317,124345881.00,5.43,-5.43,-1.95,7.29
2021-07-07,34.35,33.95,34.39,33.66,16949,57606626.00,2.15,0.00,0.00,3.40
2021-07-08,34.04,34.99,36.69,33.72,41933,146817361.00,8.75,3.06,1.04,8.42
2021-07-09,34.69,34.63,35.33,34.22,19310,66875278.00,3.17,-1.03,-0.36,3.88
2021-07-12,34.41,36.03,36.36,34.40,36988,131797218.00,5.66,4.04,1.40,7.42
2021-07-13,36.00,36.03,36.47,35.60,23869,85933213.00,2.41,0.00,0.00,4.79
2021-07-14,35.99,36.39,36.60,35.50,25933,93765235.00,3.05,1.00,0.36,5.20
2021-07-15,36.40,34.92,36.45,34.70,27547,97026282.00,4.81,-4.04,-1.47,5.53
2021-07-16,34.90,35.20,35.41,34.29,17319,60136351.00,3.21,0.80,0.28,3.48
