2017-08-28,11.13,11.13,11.13,11.13,69,76563.00,0.00,9.98,1.01,0.02
2017-08-29,12.24,12.24,12.24,12.24,33,40318.00,0.00,9.97,1.11,0.01
2017-08-30,13.46,13.46,13.46,13.46,101,135946.00,0.00,9.97,1.22,0.03
2017-08-31,14.81,14.81,14.81,14.81,160,236382.00,0.00,10.03,1.35,0.04
2017-09-01,16.29,16.29,16.29,16.29,274,445629.00,0.00,9.99,1.48,0.07
2017-09-04,17.92,17.92,17.92,17.92,618,1107366.00,0.00,10.01,1.63,0.15
2017-09-05,19.71,19.71,19.71,19.71,852,1679094.00,0.00,9.99,1.79,0.21
2017-09-06,21.68,21.68,21.68,21.68,1251,2713056.00,0.00,9.99,1.97,0.31
2017-09-07,23.85,23.85,23.85,23.85,2022,4823280.00,0.00,10.01,2.17,0.51
2017-09-13,26.24,26.24,26.24,26.24,3833,10057424.00,0.00,10.02,2.39,0.96
2017-09-14,28.86,28.86,28.86,28.86,5448,15723678.00,0.00,9.98,2.62,1.36
2017-09-15,31.75,31.75,31.75,31.75,4826,15323248.00,0.00,10.01,2.89,1.21
2017-09-18,32.00,28.61,32.00,28.60,228342,681038432.00,10.71,-9.89,-3.14,57.07
2017-09-19,27.43,29.90,30.57,27.21,196377,579091392.00,11.74,4.51,1.29,49.08
2017-09-20,28.59,32.89,32.89,27.54,186427,575008608.00,17.89,10.00,2.99,46.60
2017-09-21,34.87,36.18,36.18,31.94,278635,980652048.00,12.89,10.00,3.29,69.64
2017-09-22,36.00,39.80,39.80,35.20,156300,596838512.00,12.71,10.01,3.62,39.07
2017-09-26,41.30,37.62,43.00,36.01,257756,1012115680.00,17.56,-5.48,-2.18,64.42
2017-09-27,37.62,36.06,37.96,34.22,206450,735374816.00,9.94,-4.15,-1.56,51.60
2017-09-28,35.60,33.76,35.82,33.66,150153,519949840.00,5.99,-6.38,-2.30,37.53
2017-09-29,33.09,31.60,33.79,30.69,157202,504496240.00,9.18,-6.40,-2.16,39.29
2017-10-09,31.70,31.83,32.22,31.11,102669,325551072.00,3.51,0.73,0.23,25.66
2017-10-10,31.77,32.02,32.40,31.21,97067,310518656.00,3.74,0.60,0.19,24.26
2017-10-11,31.55,29.20,31.60,29.18,131013,395782576.00,7.56,-8.81,-2.82,32.74
2017-10-12,29.20,28.55,29.42,27.76,85454,244676147.00,5.68,-2.23,-0.65,21.36
2017-10-13,28.41,28.90,29.27,28.41,64807,187076854.00,3.01,1.23,0.35,16.20
2017-10-16,28.91,29.05,29.99,27.65,92273,266297968.00,8.10,0.52,0.15,23.06
2017-10-17,28.31,29.20,29.88,28.10,87440,255789378.00,6.13,0.52,0.15,21.85
2017-10-18,28.69,27.50,29.54,27.38,81816,233720062.00,7.40,-5.82,-1.70,20.45
2017-10-19,27.35,27.84,28.20,27.17,51187,141749047.00,3.75,1.24,0.34,12.79
2017-10-20,27.85,29.74,30.30,27.51,123533,361557568.00,10.02,6.82,1.90,30.88
2017-10-23,29.40,29.64,30.20,28.80,82431,242931488.00,4.71,-0.34,-0.10,20.60
2017-10-24,29.05,27.89,29.26,27.77,79326,224814724.00,5.03,-5.90,-1.75,19.83
2017-10-25,27.88,28.28,28.37,27.50,46004,128950510.00,3.12,1.40,0.39,11.50
2017-10-26,28.20,28.02,28.25,27.68,42770,119624725.00,2.02,-0.92,-0.26,10.69
2017-10-27,28.00,27.65,28.29,27.50,45095,125846600.00,2.82,-1.32,-0.37,11.27
2017-10-30,27.29,24.89,27.34,24.89,72797,185951820.00,8.86,-9.98,-2.76,18.19
2017-10-31,24.68,24.76,24.98,24.01,41099,101065208.00,3.90,-0.52,-0.13,10.27
2017-11-01,24.70,24.88,25.18,24.66,32155,80174681.00,2.10,0.48,0.12,8.04
2017-11-02,24.95,25.39,26.06,24.14,57536,145357057.00,7.72,2.05,0.51,14.38
2017-11-03,25.12,26.37,26.99,25.12,74301,195318814.00,7.37,3.86,0.98,18.57
2017-11-06,26.57,26.42,27.29,26.32,56907,152098692.00,3.68,0.19,0.05,14.22
2017-11-07,26.13,25.83,26.13,25.28,42962,110246140.00,3.22,-2.23,-0.59,10.74
2017-11-08,25.87,26.81,27.32,25.81,68383,182427158.00,5.85,3.79,0.98,17.09
2017-11-09,26.81,26.29,26.81,26.02,39601,104327692.00,2.95,-1.94,-0.52,9.90
2017-11-10,26.29,26.11,26.57,26.04,31526,82749336.00,2.02,-0.68,-0.18,7.88
2017-11-13,26.30,26.41,26.66,25.91,30706,80754467.00,2.87,1.15,0.30,7.67
2017-11-14,26.56,25.24,26.65,25.10,45598,119033243.00,5.87,-4.43,-1.17,11.40
2017-11-15,25.29,24.23,25.34,24.03,41575,101543431.00,5.19,-4.00,-1.01,10.39
2017-11-16,24.07,23.58,24.57,23.35,25219,60816901.00,5.04,-2.68,-0.65,6.30
2017-11-17,23.56,21.22,23.70,21.22,47054,103578121.00,10.52,-10.01,-2.36,11.76
2017-11-20,21.10,20.89,21.20,19.89,28940,59469682.00,6.17,-1.56,-0.33,7.23
2017-11-21,21.00,20.79,21.49,20.38,25283,52741477.00,5.31,-0.48,-0.10,6.32
2017-11-22,20.79,20.86,21.13,20.39,21027,43753666.00,3.56,0.34,0.07,5.26
2017-11-23,20.81,21.70,21.98,20.51,43949,92760095.00,7.05,4.03,0.84,10.98
2017-11-24,21.40,21.10,21.78,20.84,32514,69348832.00,4.33,-2.76,-0.60,8.13
2017-11-27,20.90,20.90,21.60,20.56,23700,50026974.00,4.93,-0.95,-0.20,5.92
2017-11-28,20.90,21.25,21.36,20.75,22141,46778276.00,2.92,1.67,0.35,5.53
2017-11-29,21.27,20.49,21.34,20.06,26664,55010570.00,6.02,-3.58,-0.76,6.66
2017-11-30,20.56,21.23,21.40,20.24,34279,71618927.00,5.66,3.61,0.74,8.57
2017-12-01,21.33,23.35,23.35,21.24,87890,201467705.00,9.94,9.99,2.12,21.97
2017-12-04,23.67,22.23,23.93,21.86,88060,201675668.00,8.87,-4.80,-1.12,22.01
2017-12-05,22.19,24.45,24.45,22.19,87222,207631850.00,10.17,9.99,2.22,21.80
2017-12-06,24.65,26.90,26.90,24.44,155365,395028480.00,10.06,10.02,2.45,38.83
2017-12-07,26.89,28.07,29.50,26.78,184901,521943232.00,10.11,4.35,1.17,46.21
2017-12-08,27.71,27.74,28.50,26.92,144354,399584176.00,5.63,-1.18,-0.33,36.08
2017-12-11,26.99,28.14,29.00,26.22,152524,422665056.00,10.02,1.44,0.40,38.12
2017-12-12,27.23,26.48,27.48,26.41,110043,295433088.00,3.80,-5.90,-1.66,27.50
2017-12-13,26.55,27.08,27.40,25.97,88290,236687120.00,5.40,2.27,0.60,22.07
2017-12-14,26.84,29.79,29.79,26.57,161954,457477728.00,11.89,10.01,2.71,40.48
2017-12-15,29.79,28.99,29.80,28.15,143742,416273152.00,5.54,-2.69,-0.80,35.93
2017-12-18,27.95,28.35,28.46,27.50,80266,224563394.00,3.31,-2.21,-0.64,20.06
2017-12-19,28.30,27.57,28.30,27.50,69024,192245749.00,2.82,-2.75,-0.78,17.25
2017-12-20,27.20,26.20,27.21,25.01,93748,243764576.00,7.98,-4.97,-1.37,23.43
2017-12-21,26.00,26.80,27.82,25.39,94902,252905799.00,9.27,2.29,0.60,23.72
2017-12-22,26.20,25.18,26.99,24.98,76876,200287645.00,7.50,-6.04,-1.62,19.21
2017-12-25,24.40,23.99,24.79,23.18,84204,201055776.00,6.39,-4.73,-1.19,21.05
2017-12-26,23.76,24.76,25.29,23.61,82332,202710019.00,7.00,3.21,0.77,20.58
2017-12-27,24.65,24.96,25.87,24.48,85375,216064119.00,5.61,0.81,0.20,21.34
2017-12-28,24.64,26.23,26.98,23.61,111370,284300816.00,13.50,5.09,1.27,27.84
2017-12-29,25.85,27.50,27.99,25.38,132618,357123520.00,9.95,4.84,1.27,33.15
2018-01-02,26.87,27.16,27.78,26.58,91114,246977562.00,4.36,-1.24,-0.34,22.77
2018-01-03,26.88,26.09,26.95,25.81,80064,210256705.00,4.20,-3.94,-1.07,20.01
2018-01-04,25.73,27.39,27.39,25.41,101255,269781136.00,7.59,4.98,1.30,25.31
2018-01-05,27.12,26.20,27.47,26.12,74886,199305678.00,4.93,-4.34,-1.19,18.72
2018-01-08,25.72,26.11,26.70,25.61,49342,128960122.00,4.16,-0.34,-0.09,12.33
2018-01-09,26.15,25.27,26.21,25.00,59237,150885882.00,4.63,-3.22,-0.84,14.81
2018-01-10,25.29,24.62,26.00,24.35,55909,140839439.00,6.53,-2.57,-0.65,13.97
2018-01-11,24.17,24.79,25.47,23.70,51930,128178820.00,7.19,0.69,0.17,12.98
2018-01-12,24.53,24.95,25.27,24.40,43179,107463378.00,3.51,0.65,0.16,10.79
2018-01-15,25.47,27.45,27.45,25.10,80668,214187763.00,9.42,10.02,2.50,20.16
2018-01-16,29.80,30.20,30.20,29.01,60477,180322952.00,4.34,10.02,2.75,15.12
2018-01-17,33.22,29.38,33.22,29.20,253986,804770384.00,13.31,-2.72,-0.82,63.48
2018-01-18,28.32,30.00,31.06,28.32,189583,562583504.00,9.33,2.11,0.62,47.38
2018-01-19,28.50,29.23,31.91,28.18,190143,573820240.00,12.43,-2.57,-0.77,47.52
2018-01-22,27.36,26.31,27.69,26.31,110397,292888160.00,4.72,-9.99,-2.92,27.59
2018-01-23,25.15,25.83,26.25,25.15,77357,198912134.00,4.18,-1.82,-0.48,19.33
2018-01-24,26.13,26.44,26.66,25.63,85845,225839320.00,3.99,2.36,0.61,21.46
2018-01-25,26.45,29.08,29.08,26.15,168241,480262688.00,11.08,9.98,2.64,42.05
2018-01-26,27.75,27.70,28.80,27.40,123406,345848064.00,4.81,-4.75,-1.38,30.84
2018-01-29,27.70,29.09,29.68,27.69,148261,426712368.00,7.18,5.02,1.39,37.06
2018-01-30,29.11,29.23,30.60,28.31,141281,415986592.00,7.87,0.48,0.14,35.31
2018-01-31,28.61,28.36,30.60,28.32,135762,400474624.00,7.80,-2.98,-0.87,33.93
2018-02-01,26.99,29.47,30.60,26.95,157007,457621504.00,12.87,3.91,1.11,39.24
2018-02-02,28.00,29.85,31.79,28.00,180956,546812672.00,12.86,1.29,0.38,45.23
2018-02-05,28.91,26.87,29.80,26.87,112520,309576624.00,9.82,-9.98,-2.98,28.12
2018-02-06,24.18,24.18,24.80,24.18,25913,62760741.00,2.31,-10.01,-2.69,6.48
2018-02-07,22.80,22.41,24.66,21.76,118464,271252784.00,11.99,-7.32,-1.77,29.61
2018-02-08,22.37,22.24,22.99,21.93,57043,127779259.00,4.73,-0.76,-0.17,14.26
2018-02-09,21.00,20.03,21.31,20.02,73460,149302498.00,5.80,-9.94,-2.21,18.36
2018-02-12,20.81,20.62,21.49,20.51,51896,108713657.00,4.89,2.95,0.59,12.97
2018-02-13,21.07,21.65,21.98,20.64,71327,152047707.00,6.50,5.00,1.03,17.83
2018-02-14,21.40,20.86,21.73,20.69,44013,92813725.00,4.80,-3.65,-0.79,11.00
2018-02-22,21.18,21.65,21.85,20.89,40444,86869788.00,4.60,3.79,0.79,10.11
2018-02-23,21.82,22.40,22.95,21.49,59342,132068766.00,6.74,3.46,0.75,14.83
2018-02-26,23.00,23.18,23.50,22.53,63897,147083609.00,4.33,3.48,0.78,15.97
2018-02-27,22.86,23.48,24.30,22.80,78000,184196416.00,6.47,1.29,0.30,19.50
2018-02-28,22.89,22.48,23.20,21.89,57840,130239216.00,5.58,-4.26,-1.00,14.46
2018-03-01,22.60,22.87,23.49,22.60,54915,126142198.00,3.96,1.73,0.39,13.73
2018-03-02,23.02,23.16,23.99,23.02,73756,173141481.00,4.24,1.27,0.29,18.43
2018-03-05,22.50,23.17,23.35,22.22,51518,118024626.00,4.88,0.04,0.01,12.88
2018-03-06,23.59,23.88,24.19,23.03,80344,189804535.00,5.01,3.06,0.71,20.08
2018-03-07,23.86,23.70,23.87,23.33,54283,128069161.00,2.26,-0.75,-0.18,13.57
2018-03-08,23.64,24.24,24.69,23.64,80066,193708359.00,4.43,2.28,0.54,20.01
2018-03-09,24.10,24.82,25.00,23.74,88328,215459836.00,5.20,2.39,0.58,22.08
2018-03-12,24.90,25.53,26.25,24.60,101632,256936873.00,6.65,2.86,0.71,25.40
2018-03-13,25.06,24.54,25.31,24.50,64180,159597390.00,3.17,-3.88,-0.99,16.04
2018-03-14,24.35,24.52,25.45,24.10,51580,127912235.00,5.50,-0.08,-0.02,12.89
2018-03-15,23.81,22.90,24.00,22.18,72767,167153317.00,7.42,-6.61,-1.62,18.19
2018-03-16,22.85,22.61,23.20,22.55,32071,73315014.00,2.84,-1.27,-0.29,8.02
2018-03-19,22.57,23.13,23.38,22.50,35274,81305383.00,3.89,2.30,0.52,8.82
2018-03-20,22.80,23.84,23.91,22.62,52082,122092190.00,5.58,3.07,0.71,13.02
2018-03-21,24.19,23.76,24.45,23.58,57157,137217246.00,3.65,-0.34,-0.08,14.29
2018-03-22,23.88,24.09,24.50,23.71,47679,114686206.00,3.32,1.39,0.33,11.92
2018-03-23,23.30,21.68,23.30,21.68,53043,117748247.00,6.72,-10.00,-2.41,13.26
2018-03-26,20.99,21.85,21.86,19.78,40942,85675900.00,9.59,0.78,0.17,10.23
2018-03-27,22.06,22.30,22.76,22.06,40001,89443267.00,3.20,2.06,0.45,10.00
2018-03-28,21.94,22.26,22.56,21.77,33168,73701640.00,3.54,-0.18,-0.04,8.29
2018-03-29,22.41,23.15,23.29,22.41,58602,134428342.00,3.95,4.00,0.89,14.65
2018-03-30,23.22,23.65,24.01,23.10,63600,150346587.00,3.93,2.16,0.50,15.90
2018-04-02,22.57,26.02,26.02,22.25,135468,342558800.00,15.94,10.02,2.37,33.86
2018-04-03,26.02,26.61,28.21,25.70,220737,596503488.00,9.65,2.27,0.59,55.17
2018-04-04,26.00,25.70,26.78,25.26,132185,341494272.00,5.71,-3.42,-0.91,33.04
2018-04-09,24.88,25.57,25.85,24.36,87520,220736322.00,5.80,-0.51,-0.13,21.87
2018-04-10,25.41,25.05,25.73,24.18,72578,181432901.00,6.06,-2.03,-0.52,18.14
2018-04-11,25.00,25.98,26.75,25.00,100769,259491671.00,6.99,3.71,0.93,25.19
2018-04-12,25.21,26.51,27.99,25.21,129490,341800176.00,10.70,2.04,0.53,32.36
2018-04-13,26.00,26.26,27.58,26.00,117077,313320176.00,5.96,-0.94,-0.25,29.26
2018-04-16,25.89,25.50,26.98,25.00,72943,190295397.00,7.54,-2.89,-0.76,18.23
2018-04-17,25.34,26.07,26.90,24.75,97279,251436493.00,8.43,2.24,0.57,24.31
2018-04-18,25.63,24.83,25.90,23.51,79056,195226870.00,9.17,-4.76,-1.24,19.76
2018-04-19,24.58,23.90,25.26,23.88,59614,146604602.00,5.56,-3.75,-0.93,14.90
2018-04-20,23.72,22.15,23.72,22.01,61675,140404533.00,7.15,-7.32,-1.75,15.42
2018-04-23,22.15,22.61,22.79,21.71,29338,65660022.00,4.88,2.08,0.46,7.33
2018-04-24,22.40,23.11,23.23,22.40,35393,81277136.00,3.67,2.21,0.50,8.85
2018-04-25,23.00,23.40,23.44,22.69,29764,68762598.00,3.25,1.25,0.29,7.44
2018-04-26,23.36,22.16,23.40,22.11,31803,72046927.00,5.51,-5.30,-1.24,7.95
2018-04-27,21.70,21.85,22.43,21.70,23424,51531968.00,3.29,-1.40,-0.31,5.85
2018-05-02,22.02,22.54,22.95,22.00,30178,67845307.00,4.35,3.16,0.69,7.54
2018-05-03,22.41,22.65,22.78,21.85,25153,56381020.00,4.13,0.49,0.11,6.29
2018-05-04,22.65,22.74,22.90,22.46,24328,55214309.00,1.94,0.40,0.09,6.08
2018-05-07,23.00,23.17,23.41,22.70,32683,75531303.00,3.12,1.89,0.43,8.17
2018-05-08,23.17,23.30,23.43,22.90,29565,68550391.00,2.29,0.56,0.13,7.39
2018-05-09,23.31,23.01,23.32,22.91,25449,58754187.00,1.76,-1.24,-0.29,6.36
2018-05-10,22.93,23.20,23.40,22.93,29911,69434337.00,2.04,0.83,0.19,7.48
2018-05-11,23.35,24.68,25.52,22.95,129823,319873424.00,11.08,6.38,1.48,32.45
2018-05-14,24.00,24.40,24.51,23.71,76673,184330800.00,3.24,-1.13,-0.28,19.16
2018-05-15,24.10,24.36,24.55,23.55,52999,127665098.00,4.10,-0.16,-0.04,13.25
2018-05-16,24.04,23.73,24.24,23.62,36626,87443843.00,2.55,-2.59,-0.63,9.15
2018-05-17,23.83,24.52,24.89,23.72,75443,183786996.00,4.93,3.33,0.79,18.86
2018-05-18,24.21,24.25,24.46,23.81,48948,118332971.00,2.65,-1.10,-0.27,12.23
2018-05-21,24.27,26.68,26.68,24.27,80122,205775769.00,9.94,10.02,2.43,20.03
2018-05-22,27.69,27.17,29.35,26.91,233617,650383168.00,9.15,1.84,0.49,58.39
2018-05-23,26.25,26.27,27.32,26.00,127747,338779376.00,4.86,-3.31,-0.90,31.93
2018-05-24,25.38,26.63,27.15,25.38,98239,258232098.00,6.74,1.37,0.36,24.55
2018-05-25,26.34,26.10,26.34,25.39,69571,180745383.00,3.57,-1.99,-0.53,17.39
2018-05-28,25.98,26.75,26.82,25.60,82455,218161776.00,4.67,2.49,0.65,20.61
2018-05-29,26.30,25.60,26.66,25.55,54061,141578039.00,4.15,-4.30,-1.15,13.51
2018-05-30,24.49,23.04,24.49,23.04,64619,150874887.00,5.66,-10.00,-2.56,16.15
2018-05-31,23.02,23.28,23.65,22.81,39338,91612973.00,3.65,1.04,0.24,9.83
2018-06-01,23.19,22.62,23.23,21.15,42385,95298645.00,8.93,-2.84,-0.66,10.59
2018-06-04,22.76,22.80,23.13,22.60,22339,51070431.00,2.34,0.80,0.18,5.58
2018-06-05,22.74,23.60,23.60,22.63,29459,68436427.00,4.25,3.51,0.80,7.36
2018-06-06,23.40,24.60,25.06,23.40,67774,165588387.00,7.03,4.24,1.00,16.94
2018-06-07,24.59,25.07,25.50,24.00,71091,178177057.00,6.10,1.91,0.47,17.77
2018-06-08,24.60,24.43,24.80,23.41,49171,118546094.00,5.54,-2.55,-0.64,12.29
2018-06-11,24.59,25.30,25.40,24.03,60834,151690331.00,5.61,3.56,0.87,15.20
2018-06-12,25.30,24.91,25.50,23.11,48401,119737605.00,9.45,-1.54,-0.39,12.10
2018-06-13,24.77,23.45,24.85,23.30,44125,106019422.00,6.22,-5.86,-1.46,11.03
2018-06-14,23.58,23.72,24.20,23.58,29236,69920488.00,2.64,1.15,0.27,7.31
2018-06-15,22.80,22.77,23.50,22.50,34650,79507676.00,4.22,-4.01,-0.95,8.66
2018-06-19,22.00,20.49,22.28,20.49,37984,80457462.00,7.86,-10.01,-2.28,9.49
2018-06-20,20.24,21.30,21.64,20.24,28749,60413191.00,6.83,3.95,0.81,7.19
2018-06-21,21.43,20.67,21.80,20.33,26135,55388563.00,6.90,-2.96,-0.63,6.53
2018-06-22,20.67,21.32,21.46,19.51,24635,51589562.00,9.43,3.14,0.65,6.16
2018-06-25,21.70,21.19,21.76,21.01,19727,42167631.00,3.52,-0.61,-0.13,4.93
2018-06-26,20.93,21.53,21.53,20.52,22288,47302343.00,4.77,1.60,0.34,5.57
2018-06-27,22.02,21.19,22.02,21.11,21110,45532631.00,4.23,-1.58,-0.34,5.28
2018-06-28,21.21,20.49,21.50,20.49,21583,45205352.00,4.77,-3.30,-0.70,5.39
2018-06-29,20.49,21.10,21.16,20.20,22917,47695411.00,4.69,2.98,0.61,5.73
2018-07-02,21.21,21.14,21.50,20.68,21308,45018471.00,3.89,0.19,0.04,5.33
2018-07-03,21.03,21.55,21.60,20.72,23954,51021070.00,4.16,1.94,0.41,5.99
2018-07-04,21.43,20.59,21.50,20.49,21621,45234917.00,4.69,-4.45,-0.96,5.40
2018-07-05,20.59,19.52,20.88,19.18,19813,39731488.00,8.26,-5.20,-1.07,4.95
2018-07-06,19.52,19.19,19.99,18.50,23362,45372401.00,7.63,-1.69,-0.33,5.84
2018-07-09,19.23,19.66,19.69,19.23,14489,28336984.00,2.40,2.45,0.47,3.62
2018-07-10,19.70,20.25,20.29,19.56,23368,46703325.00,3.71,3.00,0.59,5.84
2018-07-11,19.88,19.47,19.98,19.18,23034,45127624.00,3.95,-3.85,-0.78,5.76
2018-07-12,19.56,20.10,20.22,19.48,21173,42395092.00,3.80,3.24,0.63,5.29
2018-07-13,20.10,19.95,20.37,19.77,19168,38423527.00,2.99,-0.75,-0.15,4.79
2018-07-16,19.58,19.79,20.05,19.55,15420,30349361.00,2.51,-0.80,-0.16,3.85
2018-07-17,19.63,19.69,19.86,19.10,15621,30416264.00,3.84,-0.51,-0.10,3.90
2018-07-18,19.69,19.45,19.85,19.30,13626,26808175.00,2.79,-1.22,-0.24,3.41
2018-07-19,19.34,18.73,19.60,18.65,18753,35509077.00,4.88,-3.70,-0.72,4.69
2018-07-20,18.78,18.65,18.82,18.00,18631,34280847.00,4.38,-0.43,-0.08,4.66
2018-07-23,18.70,18.57,18.70,18.01,18651,34210179.00,3.70,-0.43,-0.08,4.66
2018-07-24,20.43,20.43,20.43,20.43,18115,37009271.00,0.00,10.02,1.86,4.53
2018-07-25,21.77,19.85,21.77,19.72,61952,127640285.00,10.03,-2.84,-0.58,15.48
2018-07-26,19.83,19.35,19.97,19.09,30818,59877937.00,4.43,-2.52,-0.50,7.70
2018-07-27,19.11,18.75,19.30,18.75,21135,40140049.00,2.84,-3.10,-0.60,5.28
2018-07-30,18.81,20.63,20.63,18.81,33445,68151575.00,9.71,10.03,1.88,8.36
2018-07-31,20.05,20.05,20.31,19.44,59121,117595347.00,4.22,-2.81,-0.58,14.78
2018-08-01,19.51,19.71,19.94,19.38,29936,58880086.00,2.79,-1.70,-0.34,7.48
2018-08-02,19.57,19.06,19.57,18.40,25368,48066134.00,5.94,-3.30,-0.65,6.34
2018-08-03,19.07,18.60,19.16,18.60,15965,30053313.00,2.94,-2.41,-0.46,3.99
2018-08-06,18.48,17.46,18.48,17.42,20724,36955013.00,5.70,-6.13,-1.14,5.18
2018-08-07,17.42,18.31,18.50,17.33,25483,46188174.00,6.70,4.87,0.85,6.37
2018-08-08,18.39,18.05,19.17,17.95,26776,49525983.00,6.66,-1.42,-0.26,6.69
2018-08-09,17.50,18.27,18.38,17.06,25529,45773432.00,7.31,1.22,0.22,6.38
2018-08-10,18.01,18.18,18.50,17.81,19435,35220960.00,3.78,-0.49,-0.09,4.86
2018-08-13,17.95,18.11,18.22,17.53,16311,29095114.00,3.80,-0.39,-0.07,4.08
2018-08-14,17.99,18.00,18.25,17.93,13366,24141107.00,1.77,-0.61,-0.11,3.34
2018-08-15,18.00,17.48,18.12,17.46,15303,27034692.00,3.67,-2.89,-0.52,3.82
2018-08-16,17.20,17.19,17.57,17.04,11493,19903203.00,3.03,-1.66,-0.29,2.87
2018-08-17,17.48,16.56,17.50,16.50,15656,26564744.00,5.82,-3.66,-0.63,3.91
2018-08-20,16.80,16.54,16.80,16.01,15691,25616280.00,4.77,-0.12,-0.02,3.92
2018-08-21,16.50,16.55,16.70,16.15,14770,24263623.00,3.33,0.06,0.01,3.69
2018-08-22,16.55,16.10,16.55,16.09,10302,16699424.00,2.78,-2.72,-0.45,2.57
2018-08-23,16.09,16.07,16.25,15.86,12235,19683658.00,2.42,-0.19,-0.03,3.06
2018-08-24,16.06,15.70,16.34,15.68,15789,25297855.00,4.11,-2.30,-0.37,3.95
2018-08-27,15.57,15.86,16.20,15.57,24154,38286426.00,4.01,1.02,0.16,2.71
2018-08-28,15.76,15.10,15.80,15.00,41674,63605810.00,5.04,-4.79,-0.76,4.68
2018-08-29,15.25,15.10,15.33,14.95,23526,35692549.00,2.52,0.00,0.00,2.64
2018-08-30,14.83,14.35,15.08,14.20,29628,43105784.00,5.83,-4.97,-0.75,3.33
2018-08-31,14.65,14.13,14.99,14.12,29990,43622323.00,6.06,-1.53,-0.22,3.37
2018-09-03,13.81,13.36,14.00,13.10,35711,47797770.00,6.37,-5.45,-0.77,4.01
2018-09-04,13.49,13.41,13.56,13.11,31072,41461698.00,3.37,0.37,0.05,3.49
2018-09-05,13.47,13.04,13.50,13.02,30054,39935715.00,3.58,-2.76,-0.37,3.38
2018-09-06,13.00,13.20,13.27,12.83,29010,38135190.00,3.37,1.23,0.16,3.26
2018-09-07,13.30,13.06,13.40,12.81,30598,40126891.00,4.47,-1.06,-0.14,3.44
2018-09-10,12.97,12.26,12.98,12.18,37005,46081258.00,6.13,-6.13,-0.80,4.16
2018-09-11,12.42,12.48,12.62,12.25,36506,45360138.00,3.02,1.79,0.22,4.10
2018-09-12,12.57,12.47,12.68,12.40,31958,39980772.00,2.24,-0.08,-0.01,3.59
2018-09-13,12.67,12.57,12.78,12.31,37637,47001127.00,3.77,0.80,0.10,4.23
2018-09-14,12.76,12.31,12.79,12.20,37946,47313839.00,4.69,-2.07,-0.26,4.26
2018-09-17,12.24,11.82,12.29,11.66,25756,30503058.00,5.12,-3.98,-0.49,2.89
2018-09-18,11.89,13.00,13.00,11.87,114490,147921793.00,9.56,9.98,1.18,12.86
2018-09-19,12.84,12.65,13.00,12.44,113551,143716779.00,4.31,-2.69,-0.35,12.75
2018-09-20,12.56,12.50,12.67,12.33,55717,69409784.00,2.69,-1.19,-0.15,6.26
2018-09-21,12.44,12.44,12.54,12.18,49345,61045326.00,2.88,-0.48,-0.06,5.54
2018-09-25,12.25,12.49,12.99,12.25,65467,82848439.00,5.95,0.40,0.05,7.35
2018-09-26,12.33,12.39,12.51,12.22,44476,55012185.00,2.32,-0.80,-0.10,4.99
2018-09-27,12.33,12.36,12.99,12.33,84430,106955421.00,5.33,-0.24,-0.03,9.48
2018-09-28,12.21,12.54,12.85,12.21,55741,69629542.00,5.18,1.46,0.18,6.26
2018-10-08,12.09,11.76,12.32,11.66,48417,58158391.00,5.26,-6.22,-0.78,5.44
2018-10-09,11.85,12.94,12.94,11.83,71981,89908603.00,9.44,10.03,1.18,8.08
2018-10-10,13.90,14.23,14.23,13.60,64640,90481706.00,4.87,9.97,1.29,7.26
2018-10-11,14.43,13.89,15.65,13.86,269045,402037680.00,12.58,-2.39,-0.34,30.22
2018-10-12,13.00,14.40,14.99,12.75,207816,284663056.00,16.13,3.67,0.51,23.34
2018-10-15,13.75,13.36,14.05,13.33,136854,186632968.00,5.00,-7.22,-1.04,15.37
2018-10-16,12.98,12.93,13.22,12.12,113661,144457822.00,8.23,-3.22,-0.43,12.76
2018-10-17,12.90,13.29,13.52,12.63,113244,148439182.00,6.88,2.78,0.36,12.72
2018-10-18,12.99,11.96,13.00,11.96,83704,102521216.00,7.83,-10.01,-1.33,9.40
2018-10-19,11.20,11.33,11.45,10.76,94145,104228532.00,5.77,-5.27,-0.63,10.57
2018-10-22,11.40,11.76,11.93,11.21,88551,103137055.00,6.35,3.80,0.43,9.94
2018-10-23,11.93,11.92,12.67,11.76,104626,127359732.00,7.74,1.36,0.16,11.75
2018-10-24,11.81,12.05,12.30,11.50,76930,91876792.00,6.71,1.09,0.13,8.64
2018-10-25,11.60,11.47,11.63,11.03,69386,78637456.00,4.98,-4.81,-0.58,7.79
2018-10-26,11.72,11.64,11.97,11.36,64553,75361409.00,5.32,1.48,0.17,7.25
2018-10-29,11.56,11.16,11.73,11.11,47248,53844303.00,5.33,-4.12,-0.48,5.31
2018-10-30,11.22,11.38,11.46,10.76,52842,59119598.00,6.27,1.97,0.22,5.93
2018-10-31,11.40,11.59,11.99,11.29,62449,72548554.00,6.15,1.85,0.21,7.01
2018-11-01,11.54,11.56,11.96,11.53,66513,77845912.00,3.71,-0.26,-0.03,7.47
2018-11-02,11.66,12.02,12.22,11.58,85468,101448091.00,5.54,3.98,0.46,9.60
2018-11-05,11.97,12.30,12.47,11.85,94889,114805409.00,5.16,2.33,0.28,10.66
2018-11-06,12.19,11.99,12.19,11.80,50109,60056457.00,3.17,-2.52,-0.31,5.63
2018-11-07,11.91,11.78,12.13,11.78,44107,52652097.00,2.92,-1.75,-0.21,4.95
2018-11-08,11.95,11.99,12.03,11.71,41832,49791390.00,2.72,1.78,0.21,4.70
2018-11-09,11.85,12.07,12.89,11.75,95516,117532929.00,9.51,0.67,0.08,10.73
2018-11-12,11.92,12.41,12.48,11.92,70641,86588511.00,4.64,2.82,0.34,7.93
2018-11-13,12.21,12.47,12.59,12.08,75657,93746873.00,4.11,0.48,0.06,8.50
2018-11-14,12.49,12.52,12.97,12.44,76291,96609614.00,4.25,0.40,0.05,8.57
2018-11-15,12.65,12.87,12.88,12.50,80051,101755226.00,3.04,2.80,0.35,8.99
2018-11-16,12.95,12.76,12.98,12.68,59095,75642018.00,2.33,-0.85,-0.11,6.64
2018-11-19,12.75,13.30,13.70,12.65,97626,128468944.00,8.23,4.23,0.54,10.96
2018-11-20,13.07,12.61,13.18,12.55,66995,86117794.00,4.74,-5.19,-0.69,7.52
2018-11-21,12.40,12.66,12.66,12.24,35271,44050540.00,3.33,0.40,0.05,3.96
2018-11-22,12.70,12.57,12.80,12.41,27904,35120560.00,3.08,-0.71,-0.09,3.13
2018-11-23,12.48,11.63,12.66,11.60,48190,58132600.00,8.43,-7.48,-0.94,5.41
2018-11-26,11.58,11.45,11.82,11.31,28979,33478552.00,4.39,-1.55,-0.18,3.25
2018-11-27,11.57,11.65,11.70,11.47,25171,29167942.00,2.01,1.75,0.20,2.83
2018-11-28,11.74,11.80,11.85,11.50,27178,31896824.00,3.00,1.29,0.15,3.05
2018-11-29,11.85,11.31,11.93,11.30,26536,30851005.00,5.34,-4.15,-0.49,2.98
2018-11-30,11.31,11.57,11.62,11.12,26579,30341296.00,4.42,2.30,0.26,2.98
2018-12-03,11.89,12.10,12.20,11.74,42436,50807102.00,3.98,4.58,0.53,4.77
2018-12-04,12.14,13.31,13.31,12.05,88171,115973027.00,10.41,10.00,1.21,9.90
2018-12-05,13.28,13.79,14.20,12.90,241333,328025936.00,9.77,3.61,0.48,27.10
2018-12-06,13.31,12.84,13.42,12.83,125465,164058434.00,4.28,-6.89,-0.95,14.09
2018-12-07,13.04,12.90,13.14,12.60,72078,92640860.00,4.21,0.47,0.06,8.09
2018-12-10,12.71,12.81,12.88,12.50,57825,73372780.00,2.95,-0.70,-0.09,6.49
2018-12-11,12.83,12.76,12.87,12.62,53148,67632363.00,1.95,-0.39,-0.05,5.97
2018-12-12,12.83,12.93,13.01,12.65,75466,96942067.00,2.82,1.33,0.17,8.48
2018-12-13,13.00,13.07,13.20,12.65,97272,125998858.00,4.25,1.08,0.14,10.92
2018-12-14,12.95,12.11,12.98,12.08,80235,100660259.00,6.89,-7.35,-0.96,9.01
2018-12-17,11.85,12.00,12.05,11.67,51924,61713316.00,3.14,-0.91,-0.11,5.83
2018-12-18,11.88,11.74,12.09,11.60,45483,53758152.00,4.08,-2.17,-0.26,5.11
2018-12-19,11.86,12.03,12.60,11.83,63460,76924770.00,6.56,2.47,0.29,7.13
2018-12-20,12.12,12.91,13.23,12.05,184641,238390582.00,9.81,7.32,0.88,20.74
2018-12-21,12.38,12.55,12.65,12.20,121270,150813736.00,3.49,-2.79,-0.36,13.62
2018-12-24,12.55,13.00,13.06,12.55,124020,159347158.00,4.06,3.59,0.45,13.93
2018-12-25,12.67,12.81,12.89,12.20,99059,123976301.00,5.31,-1.46,-0.19,11.12
2018-12-26,12.78,13.03,13.44,12.56,138928,180991504.00,6.87,1.72,0.22,15.60
2018-12-27,13.15,12.41,13.21,12.41,108496,139852770.00,6.14,-4.76,-0.62,12.18
2018-12-28,12.47,11.96,12.71,11.85,81513,100337311.00,6.93,-3.63,-0.45,9.15
2019-01-02,11.96,12.26,12.38,11.96,60105,73434920.00,3.51,2.51,0.30,6.75
2019-01-03,12.41,11.72,12.48,11.69,64866,77760889.00,6.44,-4.40,-0.54,7.28
2019-01-04,11.40,11.91,11.96,11.30,53965,63388459.00,5.63,1.62,0.19,6.06
2019-01-07,12.12,12.07,12.18,11.91,53615,64495058.00,2.27,1.34,0.16,6.02
2019-01-08,12.07,11.84,12.07,11.76,45424,53893469.00,2.57,-1.91,-0.23,5.10
2019-01-09,11.82,11.90,12.20,11.79,52156,62550874.00,3.46,0.51,0.06,5.86
2019-01-10,11.87,12.38,12.87,11.87,111291,137444590.00,8.40,4.03,0.48,12.50
2019-01-11,12.25,12.58,12.65,12.05,110905,137405330.00,4.85,1.62,0.20,12.46
2019-01-14,12.45,12.84,13.17,12.31,121781,154987974.00,6.84,2.07,0.26,13.68
2019-01-15,12.70,12.98,13.10,12.51,100123,128160527.00,4.60,1.09,0.14,11.24
2019-01-16,13.00,12.48,13.00,12.48,86188,109407491.00,4.01,-3.85,-0.50,9.68
2019-01-17,12.61,13.00,13.73,12.61,250776,336675552.00,8.97,4.17,0.52,28.16
2019-01-18,13.70,14.30,14.30,13.20,319978,444560688.00,8.46,10.00,1.30,35.94
2019-01-21,15.10,13.77,15.73,13.61,327628,482979232.00,14.83,-3.71,-0.53,36.79
2019-01-22,13.62,13.88,14.23,13.46,201471,278632368.00,5.59,0.80,0.11,22.63
2019-01-23,13.49,13.53,13.82,13.25,146372,197757430.00,4.11,-2.52,-0.35,16.44
2019-01-24,13.53,13.53,13.86,13.40,131338,178921517.00,3.40,0.00,0.00,14.75
2019-01-25,13.38,12.67,13.41,12.62,142215,183163091.00,5.84,-6.36,-0.86,15.97
2019-01-28,12.67,12.22,12.90,12.18,77586,96892908.00,5.68,-3.55,-0.45,8.71
2019-01-29,12.20,11.90,12.34,11.52,73020,87060130.00,6.71,-2.62,-0.32,8.20
2019-01-30,11.88,11.79,12.06,11.76,44304,52730973.00,2.52,-0.92,-0.11,4.98
2019-01-31,11.87,11.90,12.12,11.61,49100,58488658.00,4.33,0.93,0.11,5.51
2019-02-01,12.02,12.23,12.29,11.92,44328,53690551.00,3.11,2.77,0.33,4.98
2019-02-11,12.25,12.54,12.55,12.06,56162,69437439.00,4.01,2.53,0.31,6.31
2019-02-12,12.60,12.61,12.71,12.39,56423,70798340.00,2.55,0.56,0.07,6.34
2019-02-13,12.60,12.93,12.95,12.50,79361,101333683.00,3.57,2.54,0.32,8.91
2019-02-14,12.84,12.80,12.92,12.64,61514,78617475.00,2.17,-1.01,-0.13,6.91
2019-02-15,12.77,12.85,12.95,12.65,55064,70587300.00,2.34,0.39,0.05,6.18
2019-02-18,12.91,13.25,13.29,12.90,82233,107789826.00,3.04,3.11,0.40,9.24
2019-02-19,13.21,13.03,13.54,12.81,86260,113617520.00,5.51,-1.66,-0.22,9.69
2019-02-20,13.03,13.58,13.58,13.00,123422,165077030.00,4.45,4.22,0.55,13.86
2019-02-21,13.55,13.20,13.55,13.14,126393,167960611.00,3.02,-2.80,-0.38,14.19
2019-02-22,13.12,13.34,13.38,12.86,99521,130677959.00,3.94,1.06,0.14,11.18
2019-02-25,13.50,13.99,13.99,13.30,145221,198063544.00,5.17,4.87,0.65,16.31
2019-02-26,13.99,13.88,14.24,13.72,155058,216797288.00,3.72,-0.79,-0.11,17.41
2019-02-27,13.88,13.53,14.06,13.40,103077,141758637.00,4.76,-2.52,-0.35,11.58
2019-02-28,13.70,13.86,14.28,13.70,104666,146165770.00,4.29,2.44,0.33,11.75
2019-03-01,13.88,13.75,14.00,13.50,60562,82731291.00,3.61,-0.79,-0.11,6.80
2019-03-04,13.82,13.87,14.12,13.71,91892,127834829.00,2.98,0.87,0.12,10.32
2019-03-05,13.83,14.08,14.08,13.76,101791,141362552.00,2.31,1.51,0.21,11.43
2019-03-06,14.35,14.24,14.38,13.86,131158,185149644.00,3.69,1.14,0.16,14.73
2019-03-07,14.24,14.67,14.83,14.15,151415,220256833.00,4.78,3.02,0.43,17.00
2019-03-08,14.35,13.68,14.54,13.67,117067,166585593.00,5.93,-6.75,-0.99,13.15
2019-03-11,13.74,14.71,14.71,13.74,124046,177715142.00,7.09,7.53,1.03,13.93
2019-03-12,14.73,14.97,15.50,14.56,165019,245249836.00,6.39,1.77,0.26,18.53
2019-03-13,14.82,14.38,14.90,14.21,89692,130876586.00,4.61,-3.94,-0.59,10.07
2019-03-14,14.24,14.14,14.60,13.86,58487,82950121.00,5.15,-1.67,-0.24,6.57
2019-03-15,14.24,14.38,14.54,14.00,63556,91328013.00,3.82,1.70,0.24,7.14
2019-03-18,14.45,14.72,14.97,14.27,73054,106670891.00,4.87,2.36,0.34,8.20
2019-03-19,14.67,14.51,14.80,14.33,58002,84256343.00,3.19,-1.43,-0.21,6.51
2019-03-20,14.59,14.38,14.59,14.05,50989,72832271.00,3.72,-0.90,-0.13,5.73
2019-03-21,14.36,14.33,14.50,14.29,54714,78688340.00,1.46,-0.35,-0.05,6.14
2019-03-22,14.37,14.10,14.37,13.89,59800,84154066.00,3.35,-1.61,-0.23,6.72
2019-03-25,13.88,13.83,14.03,13.70,43263,60021158.00,2.34,-1.91,-0.27,4.86
2019-03-26,13.90,13.40,13.99,13.38,51164,69831702.00,4.41,-3.11,-0.43,5.75
2019-03-27,13.50,13.36,13.58,13.11,43161,57660163.00,3.51,-0.30,-0.04,4.85
2019-03-28,13.49,13.40,13.73,13.33,49093,66353060.00,2.99,0.30,0.04,5.51
2019-03-29,13.28,13.79,13.82,13.22,52330,71451614.00,4.48,2.91,0.39,5.88
2019-04-01,13.79,14.22,14.26,13.79,76757,107721987.00,3.41,3.12,0.43,8.62
2019-04-02,14.24,14.33,14.37,14.04,68702,97509642.00,2.32,0.77,0.11,7.72
2019-04-03,14.41,14.38,14.44,14.16,58850,84332305.00,1.95,0.35,0.05,6.61
2019-04-04,14.38,14.78,15.50,14.38,133260,198370646.00,7.79,2.78,0.40,14.97
2019-04-08,15.55,15.05,16.08,14.88,193088,296932960.00,8.12,1.83,0.27,21.69
2019-04-09,14.64,14.54,14.72,14.27,100937,145712840.00,2.99,-3.39,-0.51,11.34
2019-04-10,14.60,14.80,15.38,14.50,97585,145315153.00,6.05,1.79,0.26,10.96
2019-04-11,14.59,13.97,14.65,13.95,94516,134586447.00,4.73,-5.61,-0.83,10.61
2019-04-12,13.97,13.70,14.07,13.61,52568,72472412.00,3.29,-1.93,-0.27,5.90
2019-04-15,13.86,13.50,13.97,13.50,55604,76705327.00,3.43,-1.46,-0.20,6.24
2019-04-16,13.51,13.98,14.01,13.40,59009,80982390.00,4.52,3.56,0.48,6.63
2019-04-17,14.00,13.94,14.05,13.84,48566,67803194.00,1.50,-0.29,-0.04,5.45
2019-04-18,14.32,14.05,14.49,13.99,68533,97336740.00,3.59,0.79,0.11,7.70
2019-04-19,14.25,14.05,14.25,13.72,47037,65605547.00,3.77,0.00,0.00,5.28
2019-04-22,14.10,13.83,14.17,13.75,40800,56862333.00,2.99,-1.57,-0.22,4.58
2019-04-23,13.72,14.21,14.23,13.34,85824,119224078.00,6.44,2.75,0.38,9.64
2019-04-24,14.18,14.80,15.20,14.03,162631,238564713.00,8.23,4.15,0.59,18.26
2019-04-25,14.55,13.88,14.76,13.80,96322,138491089.00,6.49,-6.22,-0.92,10.82
2019-04-26,13.84,14.80,15.00,13.77,116265,166898488.00,8.86,6.63,0.92,13.06
2019-04-29,14.80,14.56,15.33,14.45,164173,244665703.00,5.95,-1.62,-0.24,18.44
2019-04-30,14.38,15.32,15.36,13.84,160601,236326603.00,10.44,5.22,0.76,18.04
2019-05-06,14.70,16.01,16.85,14.52,288530,448241376.00,15.21,4.50,0.69,32.40
2019-05-07,15.64,16.89,17.49,15.46,288184,473845264.00,12.68,5.50,0.88,32.36
2019-05-08,15.89,14.93,16.20,14.93,225139,345216384.00,7.52,-11.60,-1.96,25.28
2019-05-09,14.10,13.44,14.40,13.44,157788,217524652.00,6.43,-9.98,-1.49,17.72
2019-05-10,13.35,13.70,13.84,12.69,126817,171272986.00,8.56,1.93,0.26,14.24
2019-05-13,13.49,13.15,13.50,13.02,85261,112678061.00,3.50,-4.01,-0.55,9.58
2019-05-14,13.17,13.35,13.73,13.05,84508,113684347.00,5.17,1.52,0.20,9.49
2019-05-15,13.44,13.55,13.65,13.30,69915,94344434.00,2.62,1.50,0.20,7.85
2019-05-16,13.55,13.41,13.65,13.28,59857,80243218.00,2.73,-1.03,-0.14,6.72
2019-05-17,13.45,13.17,13.79,13.15,89847,121506778.00,4.77,-1.79,-0.24,10.09
2019-05-20,13.17,12.39,13.29,11.90,72762,90864294.00,10.55,-5.92,-0.78,8.17
2019-05-21,12.22,12.57,12.71,12.22,48919,61327040.00,3.95,1.45,0.18,5.49
2019-05-22,12.62,12.15,12.64,12.03,62154,76179497.00,4.85,-3.34,-0.42,6.98
2019-05-23,12.27,11.84,12.27,11.75,58804,70107844.00,4.28,-2.55,-0.31,6.60
2019-05-24,11.66,12.38,12.50,11.51,84609,101965281.00,8.36,4.56,0.54,9.50
2019-05-27,12.45,12.60,12.76,12.25,63944,79973063.00,4.12,1.78,0.22,7.18
2019-05-28,12.57,12.43,12.71,12.36,37469,47036137.00,2.78,-1.35,-0.17,4.21
2019-05-29,12.27,12.33,12.49,12.27,32599,40357557.00,1.77,-0.80,-0.10,3.66
2019-05-30,12.33,12.13,12.40,11.82,36610,44211808.00,4.70,-1.62,-0.20,4.11
2019-05-31,12.10,12.16,12.42,12.06,34514,42201795.00,2.97,0.25,0.03,3.88
2019-06-03,12.16,11.91,12.22,11.77,38409,45744786.00,3.70,-2.06,-0.25,4.31
2019-06-04,11.86,11.60,11.88,11.48,37088,43105267.00,3.36,-2.60,-0.31,4.17
2019-06-05,11.73,11.58,11.84,11.55,24786,29015106.00,2.50,-0.17,-0.02,2.78
2019-06-06,11.67,11.31,11.77,11.26,26953,31015021.00,4.40,-2.33,-0.27,3.03
2019-06-10,11.36,11.45,11.49,11.28,21354,24342784.00,1.86,1.24,0.14,2.40
2019-06-11,11.49,11.81,11.89,11.40,37468,43862190.00,4.28,3.14,0.36,4.21
2019-06-12,11.81,11.78,11.98,11.74,33024,39091960.00,2.03,-0.25,-0.03,3.71
2019-06-13,11.78,11.96,12.02,11.72,30610,36436058.00,2.55,1.53,0.18,3.44
2019-06-14,11.96,11.42,12.05,11.29,33579,39248490.00,6.35,-4.52,-0.54,3.77
2019-06-17,11.41,11.48,11.61,11.41,15910,18284100.00,1.75,0.53,0.06,1.79
2019-06-18,11.48,11.40,11.57,11.31,18950,21620409.00,2.26,-0.70,-0.08,2.13
2019-06-19,11.61,11.54,11.72,11.51,21584,25032427.00,1.84,1.23,0.14,2.42
2019-06-20,11.54,11.63,11.72,11.36,25394,29441204.00,3.12,0.78,0.09,2.85
2019-06-21,11.62,12.03,12.13,11.62,54484,64757178.00,4.39,3.44,0.40,6.12
2019-06-24,11.90,11.83,12.05,11.71,39616,46907012.00,2.83,-1.66,-0.20,4.45
2019-06-25,11.87,11.55,11.87,11.46,34601,40159477.00,3.47,-2.37,-0.28,3.89
2019-06-26,11.55,11.53,11.71,11.46,26883,31131619.00,2.16,-0.17,-0.02,3.02
2019-06-27,11.54,11.50,11.73,11.38,37380,43141390.00,3.04,-0.26,-0.03,4.20
2019-06-28,11.51,11.61,11.67,11.43,26753,30853236.00,2.09,0.96,0.11,3.00
2019-07-01,11.80,12.22,12.28,11.68,86531,104634714.00,5.17,5.25,0.61,9.72
2019-07-02,12.10,12.52,12.73,12.03,99780,123685616.00,5.73,2.45,0.30,11.21
2019-07-03,12.31,12.63,12.82,12.18,98282,123941029.00,5.11,0.88,0.11,11.04
2019-07-04,12.77,12.68,12.77,12.50,79998,101283787.00,2.14,0.40,0.05,8.98
2019-07-05,12.60,12.48,12.85,12.32,65230,82230684.00,4.18,-1.58,-0.20,7.33
2019-07-08,12.51,12.34,12.84,12.28,70749,88690079.00,4.49,-1.12,-0.14,7.95
2019-07-09,12.50,12.63,12.67,11.90,88260,108482434.00,6.24,2.35,0.29,9.91
2019-07-10,12.92,12.40,13.30,12.36,116105,149720112.00,7.44,-1.82,-0.23,13.04
2019-07-11,12.58,13.36,13.58,12.34,182319,236729493.00,10.00,7.74,0.96,20.48
2019-07-12,13.80,13.77,14.15,13.11,236893,324737840.00,7.78,3.07,0.41,26.60
2019-07-15,13.35,14.20,14.60,12.91,224492,305618880.00,12.27,3.12,0.43,25.21
2019-07-16,13.99,14.84,15.18,13.70,263049,381139136.00,10.42,4.51,0.64,29.54
2019-07-17,14.46,14.17,14.71,14.14,189753,272994608.00,3.84,-4.51,-0.67,21.31
2019-07-18,13.90,13.30,13.97,13.18,155374,211071900.00,5.58,-6.14,-0.87,17.45
2019-07-19,13.31,12.98,13.44,12.85,115401,151663179.00,4.44,-2.41,-0.32,12.96
2019-07-22,13.00,13.21,13.46,12.75,119744,157947771.00,5.47,1.77,0.23,13.45
2019-07-23,13.00,13.62,13.70,12.90,124662,166820333.00,6.06,3.10,0.41,14.00
2019-07-24,13.54,13.44,13.79,13.38,98451,133271676.00,3.01,-1.32,-0.18,11.06
2019-07-25,13.28,13.62,13.74,13.02,109515,146350155.00,5.36,1.34,0.18,12.30
2019-07-26,13.41,13.16,13.62,13.13,66859,89145408.00,3.60,-3.38,-0.46,7.51
2019-07-29,13.14,12.79,13.16,12.71,73207,94348582.00,3.42,-2.81,-0.37,8.22
2019-07-30,12.79,12.66,12.87,12.62,66042,84120371.00,1.95,-1.02,-0.13,7.42
2019-07-31,12.52,12.67,12.86,12.52,52487,66829604.00,2.69,0.08,0.01,5.89
2019-08-01,12.60,12.79,12.93,12.56,43021,54828440.00,2.92,0.95,0.12,4.83
2019-08-02,12.58,12.83,12.97,12.35,56026,71519851.00,4.85,0.31,0.04,6.29
2019-08-05,12.85,12.50,13.00,12.50,43840,56174289.00,3.90,-2.57,-0.33,4.92
2019-08-06,12.10,11.61,12.10,11.28,80578,94016996.00,6.56,-7.12,-0.89,9.05
2019-08-07,11.61,11.45,11.83,11.45,38489,44677632.00,3.27,-1.38,-0.16,4.32
2019-08-08,11.51,11.52,11.66,11.48,27666,31986995.00,1.57,0.61,0.07,3.11
2019-08-09,11.59,11.35,11.73,11.31,34268,39551633.00,3.65,-1.48,-0.17,3.85
2019-08-12,11.35,11.56,11.57,11.32,28107,32168431.00,2.20,1.85,0.21,3.16
2019-08-13,11.48,11.64,11.66,11.44,29716,34398019.00,1.90,0.69,0.08,3.34
2019-08-14,11.75,11.56,11.83,11.52,28906,33669597.00,2.66,-0.69,-0.08,3.25
2019-08-15,11.22,11.51,11.56,11.02,28319,32092827.00,4.67,-0.43,-0.05,3.18
2019-08-16,11.51,11.51,11.69,11.42,28403,32887615.00,2.35,0.00,0.00,3.19
2019-08-19,11.60,11.81,11.81,11.54,38220,44704467.00,2.35,2.61,0.30,4.29
2019-08-20,11.80,11.96,11.99,11.75,46954,55772101.00,2.03,1.27,0.15,5.27
2019-08-21,11.98,12.20,12.45,11.86,61806,75782994.00,4.93,2.01,0.24,6.94
2019-08-22,12.14,12.10,12.28,11.96,41410,50176509.00,2.62,-0.82,-0.10,4.65
2019-08-23,12.04,12.09,12.26,11.91,37075,44830295.00,2.89,-0.08,-0.01,4.16
2019-08-26,11.81,11.89,12.07,11.70,28478,33851117.00,3.06,-1.65,-0.20,3.20
2019-08-27,12.05,12.24,12.26,12.00,48513,59019693.00,2.19,2.94,0.35,5.45
2019-08-28,12.18,12.12,12.24,12.06,31071,37747437.00,1.47,-0.98,-0.12,3.49
2019-08-29,12.15,12.16,12.26,12.11,27363,33321326.00,1.24,0.33,0.04,3.07
2019-08-30,12.24,11.82,12.43,11.65,43639,52457038.00,6.41,-2.80,-0.34,4.90
2019-09-02,11.87,12.18,12.24,11.85,47955,58067378.00,3.30,3.05,0.36,5.39
2019-09-03,12.38,12.20,12.44,12.08,41172,50208211.00,2.96,0.16,0.02,4.62
2019-09-04,12.15,12.20,12.21,12.04,36080,43761640.00,1.39,0.00,0.00,4.05
2019-09-05,12.24,12.24,12.50,12.19,61579,75961816.00,2.54,0.33,0.04,6.92
2019-09-06,12.28,12.55,12.60,12.28,75033,93410821.00,2.61,2.53,0.31,8.43
2019-09-09,12.65,12.61,12.72,12.40,59441,74435333.00,2.55,0.48,0.06,6.68
2019-09-10,12.61,12.78,12.81,12.47,55664,70415731.00,2.70,1.35,0.17,6.25
2019-09-11,12.78,12.57,12.80,12.56,43031,54489688.00,1.88,-1.64,-0.21,4.83
2019-09-12,12.58,12.70,12.89,12.51,39057,49417752.00,3.02,1.03,0.13,4.39
2019-09-16,12.71,12.66,12.83,12.56,41015,52044390.00,2.13,-0.31,-0.04,4.61
2019-09-17,12.79,12.91,13.29,12.70,99743,129664431.00,4.66,1.97,0.25,11.20
2019-09-18,12.87,13.19,13.28,12.63,105725,137763354.00,5.03,2.17,0.28,11.87
2019-09-19,13.14,13.20,13.26,13.00,65737,86377962.00,1.97,0.08,0.01,7.38
2019-09-20,13.23,12.85,13.25,12.74,64280,83514933.00,3.86,-2.65,-0.35,7.22
2019-09-23,12.96,12.90,13.25,12.82,52656,68471897.00,3.35,0.39,0.05,5.91
2019-09-24,13.04,12.66,13.04,12.62,58170,74222163.00,3.26,-1.86,-0.24,6.53
2019-09-25,12.66,11.88,12.66,11.85,77002,93913605.00,6.40,-6.16,-0.78,8.65
2019-09-26,11.96,11.94,12.20,11.81,55214,66399445.00,3.28,0.51,0.06,6.20
2019-09-27,11.81,11.92,12.02,11.81,30875,36819595.00,1.76,-0.17,-0.02,3.47
2019-09-30,11.96,11.69,11.96,11.69,25683,30289126.00,2.27,-1.93,-0.23,2.88
2019-10-08,11.59,11.68,11.83,11.59,19644,23035729.00,2.05,-0.09,-0.01,2.21
2019-10-09,11.62,11.89,11.90,11.52,19702,23127401.00,3.25,1.80,0.21,2.21
2019-10-10,11.86,11.93,11.95,11.75,27110,32181148.00,1.68,0.34,0.04,3.04
2019-10-11,12.03,11.89,12.03,11.84,22861,27209491.00,1.59,-0.34,-0.04,2.57
2019-10-14,12.30,12.32,12.41,12.18,58450,72002664.00,1.93,3.62,0.43,6.56
2019-10-15,12.22,12.30,12.36,12.20,32816,40312909.00,1.30,-0.16,-0.02,3.69
2019-10-16,12.38,12.05,12.47,12.03,33333,40716124.00,3.58,-2.03,-0.25,3.74
2019-10-17,12.11,12.59,12.63,12.03,79088,98724627.00,4.98,4.48,0.54,8.88
2019-10-18,12.52,12.52,12.70,12.26,61136,76237087.00,3.49,-0.56,-0.07,6.87
2019-10-21,12.41,12.38,12.47,12.18,33814,41578104.00,2.32,-1.12,-0.14,3.80
2019-10-22,12.36,12.56,12.57,12.26,39954,49717317.00,2.50,1.45,0.18,4.49
2019-10-23,12.46,12.17,12.56,12.16,43264,53509953.00,3.18,-3.11,-0.39,4.86
2019-10-24,12.17,12.66,12.68,12.16,80985,101617176.00,4.27,4.03,0.49,9.10
2019-10-25,12.60,12.52,12.86,12.40,66401,83643404.00,3.63,-1.11,-0.14,7.46
2019-10-28,12.60,12.67,12.83,12.51,54324,68468983.00,2.56,1.20,0.15,6.10
2019-10-29,12.61,12.44,12.67,12.29,45423,56416690.00,3.00,-1.82,-0.23,5.10
2019-10-30,12.54,12.30,12.55,12.18,31748,39146583.00,2.97,-1.13,-0.14,3.57
2019-10-31,12.30,11.98,12.39,11.90,38486,46547872.00,3.98,-2.60,-0.32,4.32
2019-11-01,12.01,12.30,12.33,11.92,35902,43696547.00,3.42,2.67,0.32,4.03
2019-11-04,12.25,12.46,12.49,12.21,35954,44551179.00,2.28,1.30,0.16,4.04
2019-11-05,12.45,12.33,12.47,12.22,26877,33132981.00,2.01,-1.04,-0.13,3.02
2019-11-06,12.37,12.18,12.46,12.11,22292,27328087.00,2.84,-1.22,-0.15,2.50
2019-11-07,12.14,12.12,12.31,12.06,27671,33650036.00,2.05,-0.49,-0.06,3.11
2019-11-08,12.21,11.99,12.35,11.99,25928,31467114.00,2.97,-1.07,-0.13,2.91
2019-11-11,12.05,11.71,12.05,11.66,26018,30721409.00,3.25,-2.34,-0.28,2.92
2019-11-12,11.71,11.66,11.81,11.45,23400,27150903.00,3.07,-0.43,-0.05,2.63
2019-11-13,11.74,11.89,12.05,11.45,31330,36838258.00,5.15,1.97,0.23,3.52
2019-11-14,11.95,11.76,12.08,11.74,24970,29501433.00,2.86,-1.09,-0.13,2.80
2019-11-15,11.71,11.50,11.81,11.50,20986,24342112.00,2.64,-2.21,-0.26,2.36
2019-11-18,11.55,11.65,11.65,11.52,13214,15333588.00,1.13,1.30,0.15,1.48
2019-11-19,11.64,11.78,11.80,11.64,15638,18378170.00,1.37,1.12,0.13,1.76
2019-11-20,11.82,11.63,11.87,11.58,16020,18721836.00,2.46,-1.27,-0.15,1.80
2019-11-21,11.57,11.66,11.78,11.54,15156,17645502.00,2.06,0.26,0.03,1.70
2019-11-22,11.66,11.46,11.78,11.43,23180,26848783.00,3.00,-1.72,-0.20,2.60
2019-11-25,11.46,11.59,11.73,11.35,23481,27191704.00,3.32,1.13,0.13,2.64
2019-11-26,11.68,11.54,11.74,11.50,17256,20034403.00,2.07,-0.43,-0.05,1.94
2019-11-27,11.59,11.63,11.66,11.53,14948,17331099.00,1.13,0.78,0.09,1.68
2019-11-28,11.60,11.69,11.80,11.51,27550,32085006.00,2.49,0.52,0.06,3.09
2019-11-29,11.63,11.73,11.76,11.61,14098,16490672.00,1.28,0.34,0.04,1.58
2019-12-02,11.72,11.83,11.85,11.68,17343,20447580.00,1.45,0.85,0.10,1.95
2019-12-03,11.69,11.75,11.79,11.65,14643,17166867.00,1.18,-0.68,-0.08,1.64
2019-12-04,11.73,11.68,11.76,11.63,13605,15891414.00,1.11,-0.60,-0.07,1.53
2019-12-05,11.71,11.73,11.76,11.66,20848,24419114.00,0.86,0.43,0.05,2.34
2019-12-06,11.74,11.83,11.89,11.68,25071,29587230.00,1.79,0.85,0.10,2.82
2019-12-09,11.83,11.79,11.89,11.77,16407,19379997.00,1.01,-0.34,-0.04,1.84
2019-12-10,11.79,11.83,11.89,11.68,17288,20364058.00,1.78,0.34,0.04,1.94
2019-12-11,11.80,11.65,11.80,11.65,20876,24429137.00,1.27,-1.52,-0.18,2.34
2019-12-12,11.63,11.56,11.70,11.52,20288,23529025.00,1.55,-0.77,-0.09,2.28
2019-12-13,11.59,11.62,11.65,11.54,21198,24575331.00,0.95,0.52,0.06,2.38
2019-12-16,11.64,11.77,11.79,11.56,26837,31358893.00,1.98,1.29,0.15,3.01
2019-12-17,11.82,11.89,11.94,11.80,35663,42342526.00,1.19,1.02,0.12,4.01
2019-12-18,11.89,11.91,11.93,11.84,27629,32837308.00,0.76,0.17,0.02,3.10
2019-12-19,11.91,12.00,12.05,11.83,34251,40976900.00,1.85,0.76,0.09,3.85
2019-12-20,11.98,11.87,12.10,11.87,28736,34359485.00,1.92,-1.08,-0.13,3.23
2019-12-23,11.86,11.69,11.87,11.66,25491,29915166.00,1.77,-1.52,-0.18,2.86
2019-12-24,11.82,12.18,12.24,11.80,66847,80699051.00,3.76,4.19,0.49,7.51
2019-12-25,12.14,12.06,12.18,11.99,41240,49704811.00,1.56,-0.99,-0.12,4.63
2019-12-26,12.01,12.32,12.41,11.97,60782,74275821.00,3.65,2.16,0.26,6.83
2019-12-27,12.29,12.13,12.41,12.13,41946,51438463.00,2.27,-1.54,-0.19,4.71
2019-12-30,12.06,12.34,12.40,11.94,47402,57988957.00,3.79,1.73,0.21,5.32
2019-12-31,12.34,12.38,12.45,12.22,37303,46009384.00,1.86,0.32,0.04,4.19
2020-01-02,12.46,12.45,12.67,12.39,62153,78000569.00,2.26,0.57,0.07,6.98
2020-01-03,12.42,12.68,12.85,12.35,68708,86505049.00,4.02,1.85,0.23,7.72
2020-01-06,12.53,12.62,12.76,12.46,56964,72086958.00,2.37,-0.47,-0.06,6.40
2020-01-07,12.57,12.63,12.75,12.55,40198,50730061.00,1.58,0.08,0.01,4.51
2020-01-08,12.63,12.25,12.69,12.20,50878,63142590.00,3.88,-3.01,-0.38,5.71
2020-01-09,12.52,12.52,12.68,12.40,45975,57645279.00,2.29,2.20,0.27,5.16
2020-01-10,12.55,12.52,12.70,12.37,35173,44005474.00,2.64,0.00,0.00,3.95
2020-01-13,12.63,12.70,12.93,12.58,49379,62785154.00,2.80,1.44,0.18,5.55
2020-01-14,12.72,12.74,12.77,12.63,30959,39334882.00,1.10,0.31,0.04,3.48
2020-01-15,12.72,12.89,13.09,12.42,68957,87906205.00,5.26,1.18,0.15,7.74
2020-01-16,12.76,12.64,12.92,12.60,43004,54524381.00,2.48,-1.94,-0.25,4.83
2020-01-17,12.79,12.51,12.87,12.51,46849,59350210.00,2.85,-1.03,-0.13,5.26
2020-01-20,12.47,12.52,12.57,12.40,35772,44675886.00,1.36,0.08,0.01,4.02
2020-01-21,12.50,12.24,12.50,12.21,32595,40125311.00,2.32,-2.24,-0.28,3.66
2020-01-22,12.29,12.37,12.42,12.06,31951,39158951.00,2.94,1.06,0.13,3.59
2020-01-23,12.30,11.96,12.43,11.65,32641,39579427.00,6.31,-3.31,-0.41,3.67
2020-02-03,10.76,10.76,10.76,10.76,8886,9561336.00,0.00,-10.03,-1.20,1.00
2020-02-04,9.75,10.28,10.44,9.75,47572,48731735.00,6.41,-4.46,-0.48,5.34
2020-02-05,10.31,10.43,10.70,10.31,35964,37857724.00,3.79,1.46,0.15,4.04
2020-02-06,10.47,10.60,10.67,10.40,34070,35932635.00,2.59,1.63,0.17,3.83
2020-02-07,10.59,10.62,10.66,10.43,31371,33079189.00,2.17,0.19,0.02,3.52
2020-02-10,10.60,10.97,11.00,10.51,44914,48432840.00,4.61,3.30,0.35,5.04
2020-02-11,11.05,10.95,11.15,10.88,35490,39058623.00,2.46,-0.18,-0.02,3.99
2020-02-12,10.95,11.16,11.23,10.95,34506,38344052.00,2.56,1.92,0.21,3.88
2020-02-13,11.17,11.86,12.12,11.16,91765,107708659.00,8.60,6.27,0.70,10.31
2020-02-14,11.68,11.80,12.06,11.55,68940,81208738.00,4.30,-0.51,-0.06,7.74
2020-02-17,11.91,12.02,12.14,11.75,70334,84332664.00,3.31,1.86,0.22,7.90
2020-02-18,11.98,12.24,12.45,11.90,78348,95417148.00,4.58,1.83,0.22,8.80
2020-02-19,12.04,12.11,12.45,12.00,73278,89913434.00,3.68,-1.06,-0.13,8.23
2020-02-20,12.18,12.27,12.35,11.90,62643,76260507.00,3.72,1.32,0.16,7.04
2020-02-21,12.24,12.25,12.38,12.22,46202,56813827.00,1.30,-0.16,-0.02,5.19
2020-02-24,12.10,12.39,12.45,11.98,66522,81475385.00,3.84,1.14,0.14,7.47
2020-02-25,11.99,12.15,12.20,11.71,58244,70206401.00,3.95,-1.94,-0.24,6.54
2020-02-26,11.98,12.35,12.58,11.98,105969,130541871.00,4.94,1.65,0.20,11.90
2020-02-27,12.38,12.09,12.48,12.05,58201,70815900.00,3.48,-2.11,-0.26,6.54
2020-02-28,11.87,11.19,11.87,11.19,64238,73962408.00,5.62,-7.44,-0.90,7.21
2020-03-02,11.25,11.68,11.78,11.25,45712,53224682.00,4.74,4.38,0.49,5.13
2020-03-03,11.97,11.90,12.09,11.65,49351,58568064.00,3.77,1.88,0.22,5.54
2020-03-04,11.79,12.16,12.18,11.79,50998,61142709.00,3.28,2.18,0.26,5.73
2020-03-05,12.27,12.29,12.35,12.10,58362,71505246.00,2.06,1.07,0.13,6.55
2020-03-06,12.15,12.63,12.73,12.15,85018,106292910.00,4.72,2.77,0.34,9.55
2020-03-09,12.56,12.26,13.05,12.23,89389,112546908.00,6.49,-2.93,-0.37,10.04
2020-03-10,12.30,12.57,12.62,11.89,69259,85652972.00,5.95,2.53,0.31,7.78
2020-03-11,13.01,12.26,13.01,12.25,70117,88067689.00,6.05,-2.47,-0.31,7.87
2020-03-12,12.08,11.76,12.10,11.60,55666,65926738.00,4.08,-4.08,-0.50,6.25
2020-03-13,11.22,11.38,11.55,10.78,51384,57735617.00,6.55,-3.23,-0.38,5.77
2020-03-16,11.47,10.81,11.55,10.77,41578,46275670.00,6.85,-5.01,-0.57,4.67
2020-03-17,10.72,10.55,10.90,10.20,38674,40731556.00,6.48,-2.41,-0.26,4.34
2020-03-18,10.59,10.45,10.89,10.45,33707,35992094.00,4.17,-0.95,-0.10,3.79
2020-03-19,10.54,10.81,10.82,10.43,37366,39789820.00,3.73,3.44,0.36,4.20
2020-03-20,10.85,11.10,11.18,10.85,40279,44406735.00,3.05,2.68,0.29,4.52
2020-03-23,10.92,11.07,11.22,10.88,30537,33811828.00,3.06,-0.27,-0.03,3.43
2020-03-24,11.22,11.31,11.35,11.04,30999,34678365.00,2.80,2.17,0.24,3.48
2020-03-25,11.45,11.39,11.47,11.28,30292,34378534.00,1.68,0.71,0.08,3.40
2020-03-26,11.27,11.59,11.60,11.27,37811,43212201.00,2.90,1.76,0.20,4.25
2020-03-27,11.38,10.94,11.57,10.93,50016,55806391.00,5.52,-5.61,-0.65,5.62
2020-03-30,10.90,10.83,11.07,10.51,32070,34729161.00,5.12,-1.01,-0.11,3.60
2020-03-31,10.90,10.86,11.12,10.80,35914,39381267.00,2.95,0.28,0.03,4.03
2020-04-01,10.87,10.59,10.89,10.56,33747,36169574.00,3.04,-2.49,-0.27,3.79
2020-04-02,10.59,10.76,10.77,10.50,19868,21188412.00,2.55,1.61,0.17,2.23
2020-04-03,10.80,10.57,10.84,10.55,19696,21019650.00,2.70,-1.77,-0.19,2.21
2020-04-07,10.76,11.08,11.19,10.69,45076,49486566.00,4.73,4.82,0.51,5.06
2020-04-08,11.03,11.08,11.19,10.97,30202,33490820.00,1.99,0.00,0.00,3.39
2020-04-09,11.16,11.06,11.20,11.03,18382,20403107.00,1.53,-0.18,-0.02,2.06
2020-04-10,11.07,10.76,11.11,10.73,25979,28206319.00,3.44,-2.71,-0.30,2.92
2020-04-13,10.71,10.79,10.85,10.60,17942,19268513.00,2.32,0.28,0.03,2.02
2020-04-14,11.80,11.87,11.87,11.80,31338,37169445.00,0.65,10.01,1.08,3.52
2020-04-15,11.91,11.61,12.22,11.57,122483,145831770.00,5.48,-2.19,-0.26,13.76
2020-04-16,11.50,11.69,11.96,11.35,69988,81524867.00,5.25,0.69,0.08,7.86
2020-04-17,11.71,11.36,11.75,11.34,60099,69320834.00,3.51,-2.82,-0.33,6.75
2020-04-20,11.51,11.52,11.54,11.27,31383,35897412.00,2.38,1.41,0.16,3.52
2020-04-21,11.52,11.61,11.61,11.36,36051,41342435.00,2.17,0.78,0.09,4.05
2020-04-22,11.54,11.88,12.06,11.47,62358,73883123.00,5.08,2.33,0.27,7.00
2020-04-23,11.86,12.02,12.05,11.73,62812,74870253.00,2.69,1.18,0.14,7.05
2020-04-24,11.92,11.52,11.95,11.45,53983,62785989.00,4.16,-4.16,-0.50,6.06
2020-04-27,11.55,11.12,11.58,11.10,42617,48079099.00,4.17,-3.47,-0.40,4.79
2020-04-28,11.09,10.79,11.16,10.45,38871,41953842.00,6.38,-2.97,-0.33,4.37
2020-04-29,10.81,11.22,11.31,10.76,42731,47300563.00,5.10,3.99,0.43,4.80
2020-04-30,11.27,11.31,11.40,11.16,32797,37129725.00,2.14,0.80,0.09,3.68
2020-05-06,11.23,11.60,11.65,11.13,33921,38874554.00,4.60,2.56,0.29,3.81
2020-05-07,11.51,11.58,11.66,11.25,47906,54944202.00,3.53,-0.17,-0.02,5.38
2020-05-08,11.15,11.50,11.55,11.15,62432,70903624.00,3.45,-0.69,-0.08,7.01
2020-05-11,11.50,11.27,11.55,11.20,38460,43500351.00,3.04,-2.00,-0.23,4.32
2020-05-12,11.30,11.05,11.30,10.93,33855,37481659.00,3.28,-1.95,-0.22,3.80
2020-05-13,11.14,11.23,11.28,11.03,28132,31428576.00,2.26,1.63,0.18,3.16
2020-05-14,11.22,10.96,11.22,10.90,27619,30464890.00,2.85,-2.40,-0.27,3.10
2020-05-15,11.03,10.90,11.05,10.87,20535,22488099.00,1.64,-0.55,-0.06,2.31
2020-05-18,10.99,10.81,10.99,10.75,20633,22395083.00,2.20,-0.83,-0.09,2.32
2020-05-19,10.86,11.14,11.18,10.86,30296,33460049.00,2.96,3.05,0.33,3.40
2020-05-20,11.12,11.00,11.24,10.95,23541,26136546.00,2.60,-1.26,-0.14,2.64
2020-05-21,11.00,11.00,11.15,10.90,24861,27410878.00,2.27,0.00,0.00,2.79
2020-05-22,10.98,10.76,11.03,10.66,24211,26183845.00,3.36,-2.18,-0.24,2.72
2020-05-25,10.79,10.67,10.80,10.60,14451,15445217.00,1.86,-0.84,-0.09,1.62
2020-05-26,10.74,10.89,10.92,10.65,14618,15866311.00,2.53,2.06,0.22,1.64
2020-05-27,10.98,10.97,11.05,10.85,15566,17036143.00,1.84,0.73,0.08,1.75
2020-05-28,10.91,10.98,11.02,10.85,23633,25860809.00,1.55,0.09,0.01,2.65
2020-05-29,10.92,10.96,11.18,10.84,24692,27309514.00,3.10,-0.18,-0.02,2.77
2020-06-01,11.05,11.18,11.21,11.00,30389,33905716.00,1.92,2.01,0.22,3.41
2020-06-02,11.18,11.21,11.34,11.15,23886,26804144.00,1.70,0.27,0.03,2.68
2020-06-03,11.21,11.11,11.28,11.08,23325,26042562.00,1.78,-0.89,-0.10,2.62
2020-06-04,11.12,11.25,11.27,11.08,23109,25873037.00,1.71,1.26,0.14,2.60
2020-06-05,11.25,11.38,11.40,11.14,33312,37625205.00,2.31,1.16,0.13,3.74
2020-06-08,11.38,11.81,12.06,11.27,109290,127695282.00,6.94,3.78,0.43,12.27
2020-06-09,11.69,12.15,12.43,11.66,160640,194761154.00,6.52,2.88,0.34,18.04
2020-06-10,11.97,12.10,12.35,11.70,125045,150390770.00,5.35,-0.41,-0.05,14.04
2020-06-11,12.00,11.71,12.30,11.69,89990,107001054.00,5.04,-3.22,-0.39,10.11
2020-06-12,11.40,11.38,11.55,11.30,46916,53648258.00,2.13,-2.82,-0.33,5.27
2020-06-15,11.32,11.24,11.45,11.19,50520,57230013.00,2.28,-1.23,-0.14,5.67
2020-06-16,11.30,11.64,11.86,11.30,55599,64310856.00,4.98,3.56,0.40,6.24
2020-06-17,11.64,11.99,12.20,11.52,86966,103579253.00,5.84,3.01,0.35,9.77
2020-06-18,12.05,12.12,12.28,11.85,99194,120203524.00,3.59,1.08,0.13,11.14
2020-06-19,12.17,11.62,12.19,11.48,104178,122474242.00,5.86,-4.13,-0.50,11.70
2020-06-22,11.59,11.60,11.60,11.44,49352,56831609.00,1.38,-0.17,-0.02,5.54
2020-06-23,11.61,12.76,12.76,11.55,136035,167553300.00,10.43,10.00,1.16,15.28
2020-06-24,13.30,12.62,13.55,12.45,257399,336799648.00,8.62,-1.10,-0.14,28.91
2020-06-29,12.49,12.26,12.99,12.25,126528,158152644.00,5.86,-2.85,-0.36,14.21
2020-06-30,12.36,12.24,12.52,12.18,101627,125326940.00,2.77,-0.16,-0.02,11.41
2020-07-01,12.36,12.80,12.90,12.21,158912,200384620.00,5.64,4.58,0.56,17.85
2020-07-02,12.65,12.59,12.73,12.45,101978,128356560.00,2.19,-1.64,-0.21,11.45
2020-07-03,12.58,12.56,12.68,12.34,85204,106712221.00,2.70,-0.24,-0.03,9.57
2020-07-06,12.65,12.94,13.00,12.54,123020,157733095.00,3.66,3.03,0.38,13.82
2020-07-07,13.01,13.03,13.40,12.80,144481,188940211.00,4.64,0.70,0.09,16.23
2020-07-08,13.08,13.20,13.36,12.96,100319,131968428.00,3.07,1.30,0.17,11.27
2020-07-09,13.18,13.31,13.45,12.99,120624,159149310.00,3.48,0.83,0.11,13.55
2020-07-10,13.22,13.14,13.27,12.85,109097,142913552.00,3.16,-1.28,-0.17,12.25
2020-07-13,13.13,13.82,13.99,13.02,130431,176465273.00,7.38,5.18,0.68,14.65
2020-07-14,13.79,14.01,14.14,13.46,122599,169020219.00,4.92,1.37,0.19,13.77
2020-07-15,14.10,13.35,14.21,13.26,98351,133933990.00,6.78,-4.71,-0.66,11.05
2020-07-16,13.46,12.84,13.48,12.80,71252,93526483.00,5.09,-3.82,-0.51,8.00
2020-07-17,12.68,13.12,13.13,12.54,67978,87084633.00,4.60,2.18,0.28,7.63
2020-07-20,13.00,13.21,13.23,12.83,89148,116535436.00,3.05,0.69,0.09,10.01
2020-07-21,13.22,12.85,13.22,12.75,64996,84165655.00,3.56,-2.73,-0.36,7.30
2020-07-22,12.80,12.74,12.97,12.70,55639,71355833.00,2.10,-0.86,-0.11,6.25
2020-07-23,12.63,13.07,13.16,12.14,108442,136471709.00,8.01,2.59,0.33,12.18
2020-07-24,12.90,12.50,13.18,12.49,65530,84416756.00,5.28,-4.36,-0.57,7.36
2020-07-27,12.50,12.75,12.75,12.15,41959,52299248.00,4.80,2.00,0.25,4.71
2020-07-28,12.75,13.15,13.22,12.75,80981,105725891.00,3.69,3.14,0.40,9.09
2020-07-29,13.16,13.21,13.31,13.00,64619,85210142.00,2.36,0.46,0.06,7.26
2020-07-30,13.20,13.00,13.28,12.88,54599,71418060.00,3.03,-1.59,-0.21,6.13
2020-07-31,13.00,13.53,13.74,12.88,111011,148849564.00,6.62,4.08,0.53,12.47
2020-08-03,13.54,13.77,13.82,13.40,100678,137251514.00,3.10,1.77,0.24,11.31
2020-08-04,13.77,13.58,13.77,13.34,80641,109117994.00,3.12,-1.38,-0.19,9.06
2020-08-05,13.60,13.68,13.77,13.30,63229,85767304.00,3.46,0.74,0.10,7.10
2020-08-06,13.65,13.90,13.98,13.53,87678,120898958.00,3.29,1.61,0.22,9.85
2020-08-07,13.82,13.53,13.82,13.33,57237,77322723.00,3.53,-2.66,-0.37,6.43
2020-08-10,13.41,13.79,13.81,13.23,57073,77315997.00,4.29,1.92,0.26,6.41
2020-08-11,13.75,14.16,14.80,13.56,131631,186644517.00,8.99,2.68,0.37,14.78
2020-08-12,14.05,13.70,14.48,13.50,94140,131698270.00,6.92,-3.25,-0.46,10.57
2020-08-13,13.75,14.50,14.75,13.63,115064,165621423.00,8.18,5.84,0.80,12.92
2020-08-14,14.32,14.40,14.52,14.02,82108,116878537.00,3.45,-0.69,-0.10,9.22
2020-08-17,14.40,14.89,15.13,14.27,103460,153208172.00,5.97,3.40,0.49,11.62
2020-08-18,14.77,15.27,15.36,14.60,102655,154828211.00,5.10,2.55,0.38,11.53
2020-08-19,15.26,14.69,15.26,14.69,75024,112414127.00,3.73,-3.80,-0.58,8.43
2020-08-20,14.33,14.11,14.90,14.08,70572,101940366.00,5.58,-3.95,-0.58,7.93
2020-08-21,14.29,13.73,14.29,13.71,74985,104586573.00,4.11,-2.69,-0.38,8.42
2020-08-24,13.67,13.56,13.90,13.10,89369,120205454.00,5.83,-1.24,-0.17,10.04
2020-08-25,13.62,13.95,14.88,13.61,70871,99696633.00,9.37,2.88,0.39,1.77
2020-08-26,13.87,13.33,13.97,13.18,49564,67067985.00,5.66,-4.44,-0.62,1.24
2020-08-27,13.30,13.51,13.58,13.15,37405,50291014.00,3.23,1.35,0.18,0.94
2020-08-28,13.33,13.67,13.70,13.33,34356,46578965.00,2.74,1.18,0.16,0.86
2020-08-31,13.75,13.53,13.84,13.43,41355,56414571.00,3.00,-1.02,-0.14,1.03
2020-09-01,13.53,13.51,13.65,13.36,19422,26116382.00,2.14,-0.15,-0.02,0.49
2020-09-02,13.51,13.74,13.79,13.50,32794,44810180.00,2.15,1.70,0.23,0.82
2020-09-03,13.65,13.35,13.76,13.30,29394,39617350.00,3.35,-2.84,-0.39,0.73
2020-09-04,13.19,13.43,13.51,12.98,24760,32888763.00,3.97,0.60,0.08,0.62
2020-09-07,13.43,13.05,13.56,13.01,34446,45805207.00,4.10,-2.83,-0.38,0.86
2020-09-08,13.12,12.76,13.15,12.70,42943,55092915.00,3.45,-2.22,-0.29,1.07
2020-09-09,12.65,12.82,13.06,12.57,40617,52393671.00,3.84,0.47,0.06,1.02
2020-09-10,12.88,12.03,12.90,12.03,45028,55800956.00,6.79,-6.16,-0.79,1.13
2020-09-11,12.05,12.41,12.45,11.89,35130,43069406.00,4.66,3.16,0.38,0.88
2020-09-14,12.43,12.39,12.48,12.19,22089,27288708.00,2.34,-0.16,-0.02,0.55
2020-09-15,12.39,12.29,12.41,12.16,17167,21043936.00,2.02,-0.81,-0.10,0.43
2020-09-16,12.28,12.14,12.33,11.99,23934,29080985.00,2.77,-1.22,-0.15,0.60
2020-09-17,12.08,12.28,12.36,12.01,20042,24481394.00,2.88,1.15,0.14,0.50
2020-09-18,12.28,12.44,12.46,12.24,18889,23401256.00,1.79,1.30,0.16,0.47
2020-09-21,12.40,12.19,12.48,12.13,29118,35655174.00,2.81,-2.01,-0.25,0.73
2020-09-22,12.10,12.07,12.19,12.00,12855,15534259.00,1.56,-0.98,-0.12,0.32
2020-09-23,12.16,12.15,12.18,12.07,11415,13831323.00,0.91,0.66,0.08,0.29
2020-09-24,12.10,12.24,12.45,11.93,39210,48015149.00,4.28,0.74,0.09,0.98
2020-09-25,12.30,11.90,12.30,11.82,29174,34974531.00,3.92,-2.78,-0.34,0.73
2020-09-28,11.97,11.53,12.02,11.48,22857,26600011.00,4.54,-3.11,-0.37,0.57
2020-09-29,11.63,11.82,12.02,11.55,21697,25618658.00,4.08,2.52,0.29,0.54
2020-09-30,11.82,11.70,11.87,11.60,12663,14855371.00,2.28,-1.02,-0.12,0.32
2020-10-09,11.92,12.09,12.15,11.89,20942,25239448.00,2.22,3.33,0.39,0.52
2020-10-12,12.20,12.25,12.34,12.15,32193,39422599.00,1.57,1.32,0.16,0.80
2020-10-13,12.21,12.26,12.29,12.09,20403,24860671.00,1.63,0.08,0.01,0.51
2020-10-14,12.25,12.40,12.55,12.18,31266,38838882.00,3.02,1.14,0.14,0.78
2020-10-15,12.40,12.20,12.45,12.20,19683,24186183.00,2.02,-1.61,-0.20,0.49
2020-10-16,12.19,12.29,12.30,12.16,14231,17404872.00,1.15,0.74,0.09,0.36
2020-10-19,12.38,12.33,12.46,12.20,16745,20649607.00,2.12,0.33,0.04,0.42
2020-10-20,12.30,12.44,12.44,12.18,17652,21744470.00,2.11,0.89,0.11,0.44
2020-10-21,12.45,12.48,12.60,12.28,20173,25047274.00,2.57,0.32,0.04,0.50
2020-10-22,12.33,12.27,12.49,11.80,51156,61861076.00,5.53,-1.68,-0.21,1.28
2020-10-23,12.21,11.83,12.24,11.83,27605,33142309.00,3.34,-3.59,-0.44,0.69
2020-10-26,11.76,11.77,11.84,11.61,16955,19881062.00,1.94,-0.51,-0.06,0.42
2020-10-27,11.78,11.72,11.78,11.45,36169,41927000.00,2.80,-0.42,-0.05,0.90
2020-10-28,11.68,11.54,11.86,11.48,28044,32485221.00,3.24,-1.54,-0.18,0.70
2020-10-29,11.49,11.50,11.62,11.25,17088,19623846.00,3.21,-0.35,-0.04,0.43
2020-10-30,11.46,11.24,11.56,11.15,27513,31212960.00,3.57,-2.26,-0.26,0.69
2020-11-02,11.20,11.14,11.22,11.05,17433,19412815.00,1.51,-0.89,-0.10,0.44
2020-11-03,11.15,11.41,11.43,11.15,15642,17739382.00,2.51,2.42,0.27,0.39
2020-11-04,11.41,11.40,11.53,11.35,12057,13767356.00,1.58,-0.09,-0.01,0.30
2020-11-05,11.50,11.56,11.63,11.41,14549,16776631.00,1.93,1.40,0.16,0.36
2020-11-06,11.58,11.56,11.66,11.50,14734,17028183.00,1.38,0.00,0.00,0.37
2020-11-09,11.56,11.68,11.75,11.56,20774,24279612.00,1.64,1.04,0.12,0.52
2020-11-10,11.68,11.57,11.76,11.51,16202,18840084.00,2.14,-0.94,-0.11,0.41
2020-11-11,11.57,11.39,11.61,11.34,16029,18338974.00,2.33,-1.56,-0.18,0.40
2020-11-12,11.39,11.58,11.58,11.30,15511,17781795.00,2.46,1.67,0.19,0.39
2020-11-13,11.53,11.82,11.83,11.49,29746,34855405.00,2.94,2.07,0.24,0.74
2020-11-16,11.90,12.15,12.16,11.80,45053,54160978.00,3.05,2.79,0.33,1.13
2020-11-17,12.20,12.15,12.42,11.98,63623,77694691.00,3.62,0.00,0.00,1.59
2020-11-18,12.00,12.19,12.27,12.00,35237,42768373.00,2.22,0.33,0.04,0.88
2020-11-19,12.40,12.70,12.75,12.26,77265,96696776.00,4.02,4.18,0.51,1.93
2020-11-20,12.85,12.99,13.07,12.60,96004,123533297.00,3.70,2.28,0.29,2.40
2020-11-23,13.05,12.76,13.05,12.60,68133,87404421.00,3.46,-1.77,-0.23,1.70
2020-11-24,12.69,12.70,12.86,12.45,48719,61547497.00,3.21,-0.47,-0.06,1.22
2020-11-25,12.62,12.22,12.74,12.20,46677,57969316.00,4.25,-3.78,-0.48,1.17
2020-11-26,12.20,12.11,12.28,12.00,25167,30441333.00,2.29,-0.90,-0.11,0.63
2020-11-27,12.15,12.13,12.17,11.80,38557,46226005.00,3.06,0.17,0.02,0.96
2020-11-30,12.11,12.06,12.30,12.01,23102,28104088.00,2.39,-0.58,-0.07,0.58
2020-12-01,12.20,12.56,12.63,12.03,41031,50892302.00,4.98,4.15,0.50,1.03
2020-12-02,12.52,12.34,12.60,12.28,27692,34333661.00,2.55,-1.75,-0.22,0.69
2020-12-03,12.34,12.18,12.34,12.16,21705,26533195.00,1.46,-1.30,-0.16,0.54
2020-12-04,12.20,12.45,12.46,12.16,23959,29584512.00,2.46,2.22,0.27,0.60
2020-12-07,12.40,12.38,12.59,12.28,19833,24547574.00,2.49,-0.56,-0.07,0.50
2020-12-08,12.38,12.11,12.43,12.08,22240,27099039.00,2.83,-2.18,-0.27,0.56
2020-12-09,12.09,11.71,12.13,11.71,25751,30688340.00,3.47,-3.30,-0.40,0.64
2020-12-10,11.71,11.63,11.85,11.61,14428,16867036.00,2.05,-0.68,-0.08,0.36
2020-12-11,11.64,11.50,11.70,11.30,20876,23933869.00,3.44,-1.12,-0.13,0.52
2020-12-14,11.55,11.56,11.69,11.40,12588,14563891.00,2.52,0.52,0.06,0.31
2020-12-15,11.58,11.32,11.58,11.29,16645,18974978.00,2.51,-2.08,-0.24,0.42
2020-12-16,11.40,11.42,11.52,11.14,18413,20915901.00,3.36,0.88,0.10,0.46
2020-12-17,11.41,11.65,11.66,11.28,17041,19664672.00,3.33,2.01,0.23,0.43
2020-12-18,11.63,11.66,11.68,11.54,11091,12877197.00,1.20,0.09,0.01,0.28
2020-12-21,11.55,11.64,11.72,11.43,15520,17976674.00,2.49,-0.17,-0.02,0.38
2020-12-22,11.55,11.24,11.60,11.22,23552,26778650.00,3.26,-3.44,-0.40,0.58
2020-12-23,11.28,11.30,11.43,11.22,13553,15317664.00,1.87,0.53,0.06,0.34
2020-12-24,11.30,10.88,11.33,10.77,33205,36314440.00,4.96,-3.72,-0.42,0.82
2020-12-25,10.88,11.02,11.11,10.76,12531,13754813.00,3.22,1.29,0.14,0.31
2020-12-28,11.02,10.80,11.02,10.76,13631,14768437.00,2.36,-2.00,-0.22,0.34
2020-12-29,10.76,10.86,10.94,10.76,10439,11338334.00,1.67,0.56,0.06,0.26
2020-12-30,10.85,10.85,10.96,10.79,10413,11315752.00,1.57,-0.09,-0.01,0.26
2020-12-31,10.89,11.03,11.07,10.86,13506,14813721.00,1.94,1.66,0.18,0.33
2021-01-04,11.08,11.21,11.30,11.06,20556,23051670.00,2.18,1.63,0.18,0.51
2021-01-05,11.18,11.14,11.22,11.07,16099,17920282.00,1.34,-0.62,-0.07,0.40
2021-01-06,11.14,11.18,11.35,11.02,18818,20996235.00,2.96,0.36,0.04,0.47
2021-01-07,11.18,10.71,11.18,10.70,25321,27558140.00,4.29,-4.20,-0.47,0.63
2021-01-08,10.70,10.80,10.85,10.36,17684,18863803.00,4.58,0.84,0.09,0.44
2021-01-11,10.79,10.52,10.79,10.51,16274,17262068.00,2.59,-2.59,-0.28,0.40
2021-01-12,10.52,10.66,10.66,10.37,10857,11488811.00,2.76,1.33,0.14,0.27
2021-01-13,10.66,10.55,10.66,10.48,12220,12897376.00,1.69,-1.03,-0.11,0.30
2021-01-14,10.55,10.72,10.85,10.50,13129,14047705.00,3.32,1.61,0.17,0.33
2021-01-15,10.73,10.79,10.88,10.67,12365,13335258.00,1.96,0.65,0.07,0.31
2021-01-18,10.79,10.87,10.91,10.76,12135,13161369.00,1.39,0.74,0.08,0.30
2021-01-19,10.82,10.77,10.85,10.69,13637,14687134.00,1.47,-0.92,-0.10,0.34
2021-01-20,10.79,10.78,10.85,10.70,8648,9318585.00,1.39,0.09,0.01,0.21
2021-01-21,10.77,10.85,10.99,10.73,15703,17045444.00,2.41,0.65,0.07,0.39
2021-01-22,10.87,11.32,11.39,10.74,44538,49620109.00,5.99,4.33,0.47,1.10
2021-01-25,11.23,11.19,11.30,11.02,20636,22971284.00,2.47,-1.15,-0.13,0.51
2021-01-26,11.17,11.14,11.18,11.02,13526,15003871.00,1.43,-0.45,-0.05,0.33
2021-01-27,11.14,11.16,11.19,11.05,11131,12377375.00,1.26,0.18,0.02,0.28
2021-01-28,11.10,10.79,11.19,10.76,15634,17156012.00,3.85,-3.32,-0.37,0.39
2021-01-29,10.85,10.39,10.91,10.30,20774,21857793.00,5.65,-3.71,-0.40,0.51
2021-02-01,10.33,10.52,10.55,10.30,9726,10199585.00,2.41,1.25,0.13,0.24
2021-02-02,10.55,10.51,10.59,10.45,6641,6970437.00,1.33,-0.10,-0.01,0.16
2021-02-03,10.50,10.66,10.89,10.36,15624,16637972.00,5.04,1.43,0.15,0.39
2021-02-04,10.55,10.48,10.74,10.31,10572,11126085.00,4.03,-1.69,-0.18,0.26
2021-02-05,10.48,10.75,10.80,10.48,11856,12621623.00,3.05,2.58,0.27,0.29
2021-02-08,10.73,11.12,11.15,10.70,24662,27117051.00,4.19,3.44,0.37,0.61
2021-02-09,11.11,11.70,11.77,10.97,51191,58154612.00,7.19,5.22,0.58,1.27
2021-02-10,11.12,10.88,11.30,10.66,46696,51294831.00,5.47,-7.01,-0.82,1.16
2021-02-18,11.32,11.38,11.63,10.93,47765,54243287.00,6.43,4.60,0.50,1.18
2021-02-19,11.33,11.55,11.59,11.11,46230,52423780.00,4.22,1.49,0.17,1.14
2021-02-22,11.50,11.91,12.20,11.43,80455,96130711.00,6.67,3.12,0.36,1.99
2021-02-23,11.79,12.07,12.54,11.70,77800,94387759.00,7.05,1.34,0.16,1.93
2021-02-24,12.13,12.17,12.23,11.81,46058,55401739.00,3.48,0.83,0.10,1.14
2021-02-25,12.17,11.99,12.50,11.97,56800,69306229.00,4.35,-1.48,-0.18,1.41
2021-02-26,11.62,11.72,11.97,11.60,30952,36472514.00,3.09,-2.25,-0.27,0.77
2021-03-01,11.88,11.95,12.01,11.80,24889,29596361.00,1.79,1.96,0.23,0.62
2021-03-02,11.97,11.61,11.97,11.46,31689,36882748.00,4.27,-2.85,-0.34,0.78
2021-03-03,11.64,11.76,11.86,11.52,22152,25994626.00,2.93,1.29,0.15,0.55
2021-03-04,11.68,11.66,11.89,11.63,20036,23551977.00,2.21,-0.85,-0.10,0.50
2021-03-05,11.72,11.63,11.73,11.51,17021,19759557.00,1.89,-0.26,-0.03,0.42
2021-03-08,11.68,11.42,11.93,11.41,26013,30265398.00,4.47,-1.81,-0.21,0.64
2021-03-09,11.50,11.02,11.52,10.88,34766,38659400.00,5.60,-3.50,-0.40,0.86
2021-03-10,11.10,10.92,11.19,10.84,14171,15510680.00,3.18,-0.91,-0.10,0.35
2021-03-11,10.85,11.11,11.13,10.85,13040,14402711.00,2.56,1.74,0.19,0.32
2021-03-12,11.12,10.97,11.14,10.96,10929,12048427.00,1.62,-1.26,-0.14,0.27
2021-03-15,10.97,11.08,11.18,10.97,14817,16446252.00,1.91,1.00,0.11,0.37
2021-03-16,11.08,11.15,11.19,11.01,12505,13876657.00,1.62,0.63,0.07,0.31
2021-03-17,11.14,11.17,11.23,11.03,12687,14133367.00,1.79,0.18,0.02,0.31
2021-03-18,11.15,11.02,11.16,10.97,14880,16450304.00,1.70,-1.34,-0.15,0.37
2021-03-19,10.95,10.76,11.05,10.75,21460,23343915.00,2.72,-2.36,-0.26,0.53
2021-03-22,10.72,10.90,10.92,10.54,25377,27338407.00,3.53,1.30,0.14,0.63
2021-03-23,10.85,10.84,10.98,10.71,16196,17484509.00,2.48,-0.55,-0.06,0.40
2021-03-24,10.80,10.99,11.10,10.72,22469,24528584.00,3.51,1.38,0.15,0.56
2021-03-25,10.98,10.90,11.09,10.88,14311,15719937.00,1.91,-0.82,-0.09,0.35
2021-03-26,10.90,10.92,11.05,10.89,9847,10770430.00,1.47,0.18,0.02,0.24
2021-03-29,10.92,10.91,11.02,10.89,9344,10224889.00,1.19,-0.09,-0.01,0.23
2021-03-30,10.91,10.72,10.93,10.66,13892,14941441.00,2.47,-1.74,-0.19,0.34
2021-03-31,10.65,10.83,10.85,10.65,7788,8390399.00,1.87,1.03,0.11,0.19
2021-04-01,10.83,10.96,11.00,10.82,12562,13705982.00,1.66,1.20,0.13,0.31
2021-04-02,10.96,10.95,10.98,10.85,7641,8337664.00,1.19,-0.09,-0.01,0.19
2021-04-06,10.94,11.04,11.08,10.89,14653,16147011.00,1.74,0.82,0.09,0.36
2021-04-07,11.03,11.18,11.19,11.01,17014,18950305.00,1.63,1.27,0.14,0.42
2021-04-08,11.19,11.00,11.27,11.00,16750,18653700.00,2.42,-1.61,-0.18,0.41
2021-04-09,11.01,10.90,11.02,10.82,13639,14862340.00,1.82,-0.91,-0.10,0.34
2021-04-12,10.85,10.15,10.88,9.81,116515,118165702.00,9.82,-6.88,-0.75,2.41
2021-04-13,10.03,10.04,10.07,9.86,30242,30195421.00,2.07,-1.08,-0.11,0.63
2021-04-14,10.06,10.12,10.17,10.01,23281,23467786.00,1.59,0.80,0.08,0.48
2021-04-15,10.14,10.21,10.27,10.01,20407,20657572.00,2.57,0.89,0.09,0.42
2021-04-16,10.29,10.23,10.32,10.10,25388,25927631.00,2.15,0.20,0.02,0.52
2021-04-19,10.26,10.23,10.28,10.16,28529,29183191.00,1.17,0.00,0.00,0.59
2021-04-20,10.25,10.13,10.26,10.10,21062,21442175.00,1.56,-0.98,-0.10,0.44
2021-04-21,10.12,10.08,10.13,9.99,17448,17557098.00,1.38,-0.49,-0.05,0.36
2021-04-22,10.11,10.12,10.18,10.06,16406,16575955.00,1.19,0.40,0.04,0.34
2021-04-23,10.12,10.01,10.15,9.94,22487,22514369.00,2.08,-1.09,-0.11,0.46
2021-04-26,10.00,9.93,10.02,9.93,17571,17512779.00,0.90,-0.80,-0.08,0.36
2021-04-27,9.93,10.01,10.05,9.89,13391,13346892.00,1.61,0.81,0.08,0.28
2021-04-28,10.02,9.83,10.02,9.79,27275,26989080.00,2.30,-1.80,-0.18,0.56
2021-04-29,9.77,9.80,9.89,9.60,29832,28951617.00,2.95,-0.31,-0.03,0.62
2021-04-30,9.77,9.90,10.03,9.75,30546,30214795.00,2.86,1.02,0.10,0.63
2021-05-06,9.89,9.95,9.98,9.83,14226,14126678.00,1.52,0.51,0.05,0.29
2021-05-07,9.95,10.08,10.15,9.93,23390,23553858.00,2.21,1.31,0.13,0.48
2021-05-10,10.13,9.99,10.14,9.94,23155,23201972.00,1.98,-0.89,-0.09,0.48
2021-05-11,9.96,9.95,9.96,9.84,20135,19938903.00,1.20,-0.40,-0.04,0.42
2021-05-12,9.89,10.13,10.14,9.89,19360,19450205.00,2.51,1.81,0.18,0.40
2021-05-13,10.05,10.07,10.16,10.05,18066,18237538.00,1.09,-0.59,-0.06,0.37
2021-05-14,10.07,10.13,10.15,10.03,15624,15800583.00,1.19,0.60,0.06,0.32
2021-05-17,10.13,9.94,10.13,9.93,22013,22030182.00,1.97,-1.88,-0.19,0.45
2021-05-18,9.93,9.98,10.02,9.90,9937,9900467.00,1.21,0.40,0.04,0.21
2021-05-19,9.98,9.91,10.10,9.91,17627,17609097.00,1.90,-0.70,-0.07,0.36
2021-05-20,9.88,9.87,9.93,9.83,18476,18237514.00,1.01,-0.40,-0.04,0.38
2021-05-21,9.89,9.84,9.94,9.81,20566,20252132.00,1.32,-0.30,-0.03,0.43
2021-05-24,9.82,10.24,10.37,9.81,69745,70412871.00,5.69,4.07,0.40,1.44
2021-05-25,10.20,10.13,10.39,10.11,36251,36892147.00,2.73,-1.07,-0.11,0.75
2021-05-26,10.20,10.39,10.45,10.13,46557,48156671.00,3.16,2.57,0.26,0.96
2021-05-27,10.35,10.45,10.54,10.30,38364,39931171.00,2.31,0.58,0.06,0.79
2021-05-28,10.46,10.47,10.64,10.38,40530,42521377.00,2.49,0.19,0.02,0.84
2021-05-31,10.42,10.66,10.77,10.32,47264,49965834.00,4.30,1.81,0.19,0.98
2021-06-01,10.59,10.71,10.76,10.57,24510,26132680.00,1.78,0.47,0.05,0.51
2021-06-02,10.75,10.68,10.84,10.64,23805,25537361.00,1.87,-0.28,-0.03,0.49
2021-06-03,10.69,10.58,10.76,10.56,23261,24718096.00,1.87,-0.94,-0.10,0.48
2021-06-04,10.66,10.60,10.99,10.58,48319,52068728.00,3.88,0.19,0.02,1.00
2021-06-07,10.62,11.05,11.27,10.62,67629,75054227.00,6.13,4.25,0.45,1.40
2021-06-08,11.09,12.01,12.16,11.09,218616,258537880.00,9.68,8.69,0.96,4.52
2021-06-09,12.56,13.21,13.21,12.56,231197,303369920.00,5.41,9.99,1.20,4.78
2021-06-10,13.20,12.78,13.22,12.40,281880,361228240.00,6.21,-3.26,-0.43,5.83
2021-06-11,12.75,12.96,13.55,12.75,222016,290913744.00,6.26,1.41,0.18,4.59
2021-06-15,13.48,13.35,13.80,12.86,186624,249371207.00,7.25,3.01,0.39,3.86
2021-06-16,13.10,12.88,13.79,12.87,193003,256675264.00,6.89,-3.52,-0.47,3.99
2021-06-17,12.82,12.56,13.47,12.26,159413,201401265.00,9.39,-2.48,-0.32,3.29
2021-06-18,12.64,11.68,12.64,11.59,198570,237151730.00,8.36,-7.01,-0.88,4.10
2021-06-21,11.69,12.85,12.85,11.51,174020,212750425.00,11.47,10.02,1.17,3.60
2021-06-22,13.21,13.60,14.07,12.98,348902,472775520.00,8.48,5.84,0.75,7.21
2021-06-23,13.96,14.95,14.96,13.33,451366,664145728.00,11.99,9.93,1.35,9.33
2021-06-24,14.90,14.15,14.90,13.98,213976,307758416.00,6.15,-5.35,-0.80,4.42
2021-06-25,14.34,13.94,14.86,13.85,203457,290895728.00,7.14,-1.48,-0.21,4.21
2021-06-28,14.02,14.36,14.50,13.52,162771,230366395.00,7.03,3.01,0.42,3.36
2021-06-29,14.28,13.70,14.43,13.56,177518,246945231.00,6.06,-4.60,-0.66,3.67
2021-06-30,13.65,15.07,15.07,13.65,282058,408153520.00,10.36,10.00,1.37,5.83
2021-07-01,15.16,15.02,16.20,14.78,310195,480397088.00,9.42,-0.33,-0.05,6.41
2021-07-02,15.07,15.47,15.58,14.66,218571,332919984.00,6.13,3.00,0.45,4.52
2021-07-05,16.17,17.02,17.02,16.17,113935,192028010.00,5.49,10.02,1.55,2.35
2021-07-06,18.65,18.25,18.72,17.51,501121,924526480.00,7.11,7.23,1.23,10.36
2021-07-07,18.03,18.45,18.90,17.17,329726,599960944.00,9.48,1.10,0.20,6.82
2021-07-08,18.76,20.30,20.30,17.88,300338,588485984.00,13.12,10.03,1.85,6.21
2021-07-09,20.30,22.33,22.33,19.98,327903,696001632.00,11.58,10.00,2.03,6.78
2021-07-12,23.97,24.21,24.56,22.72,326259,785883456.00,8.24,8.42,1.88,6.74
2021-07-13,23.43,22.99,23.88,22.06,284737,649039632.00,7.52,-5.04,-1.22,5.89
2021-07-14,23.00,21.98,23.75,21.60,186597,418287472.00,9.35,-4.39,-1.01,3.86
2021-07-15,22.23,22.00,22.30,21.00,146077,314328992.00,5.91,0.09,0.02,3.02
2021-07-16,21.89,22.56,23.25,21.13,235496,528496464.00,9.64,2.55,0.56,4.87
