2016-02-19,29.55,29.55,29.55,29.55,136,402441.00,0.00,10.01,2.69,0.04
2016-02-22,32.51,32.51,32.51,32.51,46,150131.00,0.00,10.02,2.96,0.01
2016-02-23,35.76,35.76,35.76,35.76,156,556175.00,0.00,10.00,3.25,0.05
2016-02-24,39.34,39.34,39.34,39.34,143,563073.00,0.00,10.01,3.58,0.04
2016-02-25,43.27,43.27,43.27,43.27,851,3680416.00,0.00,9.99,3.93,0.27
2016-02-26,47.60,47.60,47.60,47.60,510,2425220.00,0.00,10.01,4.33,0.16
2016-02-29,52.36,52.36,52.36,52.36,5858,30670393.00,0.00,10.00,4.76,1.83
2016-03-01,57.60,53.40,57.60,48.33,199885,1032608560.00,17.70,1.99,1.04,62.37
2016-03-02,51.35,58.74,58.74,49.30,174438,945984592.00,17.68,10.00,5.34,54.43
2016-03-03,58.00,54.52,62.80,54.52,193798,1143309168.00,14.10,-7.18,-4.22,60.47
2016-03-04,51.05,49.55,53.88,49.30,123262,629492640.00,8.40,-9.12,-4.97,38.46
2016-03-07,50.70,49.26,52.00,48.50,83197,417532208.00,7.06,-0.59,-0.29,25.96
2016-03-08,47.99,48.06,48.28,44.70,81533,381451648.00,7.27,-2.44,-1.20,25.44
2016-03-09,46.05,47.44,49.48,45.77,67780,324123120.00,7.72,-1.29,-0.62,21.15
2016-03-10,47.02,47.02,48.79,46.58,59849,285784240.00,4.66,-0.89,-0.42,18.67
2016-03-11,46.00,46.60,47.66,45.50,46995,219251668.00,4.59,-0.89,-0.42,14.66
2016-03-14,47.90,49.88,51.26,47.70,83098,412889968.00,7.64,7.04,3.28,25.93
2016-03-15,49.01,47.61,49.49,47.10,60753,294252976.00,4.79,-4.55,-2.27,18.96
2016-03-16,48.30,46.16,48.52,45.80,49416,232249265.00,5.71,-3.05,-1.45,15.42
2016-03-17,46.40,48.28,48.46,46.25,67527,321147984.00,4.79,4.59,2.12,21.07
2016-03-18,48.45,50.32,50.96,48.08,85241,423387744.00,5.97,4.23,2.04,26.60
2016-03-21,50.70,51.41,51.88,49.78,83489,422414048.00,4.17,2.17,1.09,26.05
2016-03-22,50.38,50.15,50.94,50.06,48093,242165888.00,1.71,-2.45,-1.26,15.01
2016-03-23,50.16,50.51,51.44,49.60,78252,395344016.00,3.67,0.72,0.36,24.42
2016-03-24,48.35,48.23,49.34,47.00,95089,460132000.00,4.63,-4.51,-2.28,29.67
2016-03-25,47.70,47.04,47.99,46.57,60306,284853456.00,2.94,-2.47,-1.19,18.82
2016-03-28,47.24,47.30,48.25,47.08,36697,174916956.00,2.49,0.55,0.26,11.45
2016-03-29,47.01,45.04,47.06,44.78,43040,197031753.00,4.82,-4.78,-2.26,13.43
2016-03-30,45.55,46.79,46.89,45.50,34656,160301859.00,3.09,3.89,1.75,10.81
2016-03-31,47.02,47.18,47.94,46.60,44188,208684588.00,2.86,0.83,0.39,13.79
2016-04-01,47.38,47.70,47.88,47.03,39484,187431360.00,1.80,1.10,0.52,12.32
2016-04-05,47.78,48.95,49.14,47.22,48272,232813412.00,4.03,2.62,1.25,15.06
2016-04-06,48.74,48.79,49.00,48.22,41214,200103185.00,1.59,-0.33,-0.16,12.86
2016-04-07,49.01,50.37,53.00,49.01,77035,395430592.00,8.18,3.24,1.58,24.04
2016-04-08,49.50,55.41,55.41,49.49,122107,656429536.00,11.75,10.01,5.04,38.10
2016-04-11,54.40,60.95,60.95,53.77,144125,820684624.00,12.96,10.00,5.54,44.97
2016-04-12,59.50,60.60,65.37,57.00,139963,856084800.00,13.73,-0.57,-0.35,43.67
2016-04-13,59.96,60.57,62.89,59.03,96750,591516432.00,6.37,-0.05,-0.03,30.19
2016-04-14,59.99,65.01,65.50,59.79,114275,721203072.00,9.43,7.33,4.44,35.66
2016-04-15,63.66,61.32,64.00,61.28,84800,529930000.00,4.18,-5.68,-3.69,26.46
2016-04-18,59.12,57.18,59.12,55.90,93303,535410064.00,5.25,-6.75,-4.14,29.11
2016-04-19,57.88,57.58,58.65,56.18,63367,364404832.00,4.32,0.70,0.40,19.77
2016-04-20,57.09,56.88,58.50,53.00,100609,567146624.00,9.55,-1.22,-0.70,31.39
2016-04-21,54.70,53.74,56.30,53.68,70463,387301184.00,4.61,-5.52,-3.14,21.99
2016-04-22,52.80,57.51,57.80,52.50,87052,486550704.00,9.86,7.02,3.77,27.16
2016-04-25,57.50,60.78,61.37,57.50,112565,677967552.00,6.73,5.69,3.27,35.12
2016-04-26,60.98,61.58,62.58,59.81,100824,619783616.00,4.56,1.32,0.80,31.46
2016-04-27,61.80,61.76,62.34,60.10,79796,490995440.00,3.64,0.29,0.18,24.90
2016-04-28,62.10,62.14,63.91,60.28,84446,524384512.00,5.88,0.62,0.38,26.35
2016-04-29,62.80,61.94,63.59,61.48,82972,518937648.00,3.40,-0.32,-0.20,25.89
2016-05-03,61.97,60.53,61.97,59.01,93611,565248800.00,4.78,-2.28,-1.41,29.21
2016-05-04,59.80,63.83,63.83,59.37,115230,706902288.00,7.37,5.45,3.30,35.95
2016-05-05,62.83,62.68,63.40,61.00,70855,440679712.00,3.76,-1.80,-1.15,22.11
2016-05-06,62.33,56.80,62.87,56.50,83987,498102416.00,10.16,-9.38,-5.88,26.20
2016-05-09,55.11,52.58,56.00,51.91,50800,273411520.00,7.20,-7.43,-4.22,15.85
2016-05-10,52.66,52.80,53.78,52.05,36642,194022872.00,3.29,0.42,0.22,11.43
2016-05-11,52.46,51.98,53.74,51.98,39188,207545142.00,3.33,-1.55,-0.82,12.23
2016-05-12,50.00,49.73,50.50,48.02,37745,186109775.00,4.77,-4.33,-2.25,11.78
2016-05-13,49.49,49.56,50.55,49.00,28493,141760272.00,3.12,-0.34,-0.17,8.89
2016-05-16,49.47,50.65,50.70,49.14,28353,141738202.00,3.15,2.20,1.09,8.85
2016-05-17,50.58,52.85,54.15,50.41,59244,312869712.00,7.38,4.34,2.20,18.48
2016-05-18,51.85,49.27,52.26,48.80,38065,192189159.00,6.55,-6.77,-3.58,11.88
2016-05-19,49.28,49.87,51.27,49.28,26805,135036217.00,4.04,1.22,0.60,8.36
2016-05-20,49.00,51.29,51.30,48.06,31956,161413187.00,6.50,2.85,1.42,9.97
2016-05-23,51.55,52.46,53.29,51.46,34638,181749490.00,3.57,2.28,1.17,10.81
2016-05-24,52.38,50.45,52.38,50.03,31403,159471924.00,4.48,-3.83,-2.01,9.80
2016-05-25,51.00,50.53,51.61,50.00,28059,142680666.00,3.19,0.16,0.08,8.75
2016-05-26,50.20,51.44,51.49,49.00,32673,163369549.00,4.93,1.80,0.91,10.19
2016-05-27,51.30,52.41,53.49,50.60,57825,302672112.00,5.62,1.89,0.97,18.04
2016-05-30,51.80,52.54,54.15,50.51,42638,224607259.00,6.95,0.25,0.13,13.30
2016-05-31,52.44,56.00,56.51,52.35,59751,327783488.00,7.92,6.59,3.46,18.64
2016-06-01,56.00,55.96,57.80,55.13,58359,329463248.00,4.77,-0.07,-0.04,18.21
2016-06-02,55.89,57.78,57.96,55.56,54676,310164672.00,4.29,3.25,1.82,17.06
2016-06-03,57.20,58.04,59.45,56.70,58842,342019248.00,4.76,0.45,0.26,18.36
2016-06-06,57.01,56.57,57.99,55.40,49411,281184464.00,4.46,-2.53,-1.47,15.42
2016-06-07,56.60,59.98,60.00,56.10,64761,379194272.00,6.89,6.03,3.41,20.21
2016-06-08,59.20,57.50,59.35,56.71,66310,383087056.00,4.40,-4.13,-2.48,20.69
2016-06-13,56.01,51.75,56.25,51.75,52359,284717696.00,7.83,-10.00,-5.75,16.34
2016-06-14,51.48,51.99,52.35,51.20,25137,130491599.00,2.22,0.46,0.24,7.84
2016-06-15,51.00,54.25,55.01,50.50,36144,194379056.00,8.67,4.35,2.26,11.28
2016-06-16,54.00,53.92,54.80,53.71,25923,140523296.00,2.01,-0.61,-0.33,8.09
2016-06-17,53.99,58.04,58.69,53.98,64837,366130752.00,8.74,7.64,4.12,20.23
2016-06-20,57.88,59.78,61.44,57.88,73442,440671712.00,6.13,3.00,1.74,22.91
2016-06-21,59.83,62.19,63.76,58.56,107438,655307232.00,8.70,4.03,2.41,33.52
2016-06-22,61.00,67.30,68.24,60.25,133543,867365536.00,12.85,8.22,5.11,41.67
2016-06-23,67.28,67.84,69.15,65.41,102138,690003088.00,5.56,0.80,0.54,31.87
2016-06-24,67.84,68.30,69.84,65.40,93714,638465568.00,6.54,0.68,0.46,29.24
2016-06-27,68.00,71.08,71.37,66.72,112674,781112816.00,6.81,4.07,2.78,35.16
2016-06-28,69.78,66.86,70.10,66.66,105604,719540800.00,4.84,-5.94,-4.22,32.95
2016-06-29,67.00,71.58,71.94,66.08,122352,843952080.00,8.76,7.06,4.72,38.18
2016-06-30,68.50,64.58,68.60,64.45,100486,667563504.00,5.80,-9.78,-7.00,31.35
2016-07-01,66.09,66.30,67.16,65.00,61597,408317936.00,3.34,2.66,1.72,19.22
2016-07-04,66.23,68.13,69.20,65.57,64213,433584096.00,5.48,2.76,1.83,20.04
2016-07-05,68.40,69.42,70.69,68.39,71021,494267120.00,3.38,1.89,1.29,22.16
2016-07-06,68.95,67.49,69.38,65.99,64800,438177136.00,4.88,-2.78,-1.93,20.22
2016-07-07,67.10,72.35,73.79,67.10,103676,734741376.00,9.91,7.20,4.86,32.35
2016-07-08,71.50,70.60,72.25,70.03,55940,397773680.00,3.07,-2.42,-1.75,17.45
2016-07-11,70.10,66.68,71.55,65.58,67043,451689568.00,8.46,-5.55,-3.92,20.92
2016-07-12,66.83,67.92,67.96,64.50,46534,309634480.00,5.19,1.86,1.24,14.52
2016-07-13,67.80,68.30,70.20,67.14,50901,349794864.00,4.51,0.56,0.38,15.88
2016-07-14,67.52,71.20,71.27,67.51,61762,430395536.00,5.51,4.25,2.90,19.27
2016-07-15,70.41,70.70,72.47,70.41,63246,451495856.00,2.89,-0.70,-0.50,19.73
2016-07-18,69.96,68.91,70.98,67.86,45262,313614944.00,4.41,-2.53,-1.79,14.12
2016-07-19,68.84,69.88,70.00,67.50,40010,275201296.00,3.63,1.41,0.97,12.48
2016-07-20,69.78,73.65,75.58,69.55,90092,657426640.00,8.63,5.39,3.77,28.11
2016-07-21,73.10,69.60,73.19,69.10,67858,484289920.00,5.55,-5.50,-4.05,21.17
2016-07-22,68.77,66.49,69.50,66.10,54026,364928720.00,4.89,-4.47,-3.11,16.86
2016-07-25,65.48,65.30,67.20,64.10,38518,252098249.00,4.66,-1.79,-1.19,12.02
2016-07-26,64.10,65.70,65.79,62.37,54078,347606896.00,5.24,0.61,0.40,16.87
2016-07-27,65.03,60.31,65.39,60.12,53664,335259984.00,8.02,-8.20,-5.39,16.74
2016-07-28,60.28,61.21,61.59,58.85,33436,201851921.00,4.54,1.49,0.90,10.43
2016-07-29,60.69,60.73,61.89,60.10,25654,156667417.00,2.92,-0.78,-0.48,8.00
2016-08-01,60.00,57.29,60.00,56.51,27769,159743969.00,5.75,-5.66,-3.44,8.66
2016-08-02,57.70,58.03,58.67,57.32,19318,111962604.00,2.36,1.29,0.74,6.03
2016-08-03,57.50,59.40,60.10,57.36,29756,175836822.00,4.72,2.36,1.37,9.28
2016-08-04,59.55,59.16,59.59,58.59,21675,127971156.00,1.68,-0.40,-0.24,6.76
2016-08-05,58.90,58.60,60.25,58.40,22669,134584350.00,3.13,-0.95,-0.56,7.07
2016-08-08,57.60,58.79,58.90,56.70,19606,113295367.00,3.75,0.32,0.19,6.12
2016-08-09,58.69,59.60,60.00,58.40,24790,147192038.00,2.72,1.38,0.81,7.73
2016-08-10,59.38,60.10,60.81,59.38,29216,175542477.00,2.40,0.84,0.50,9.12
2016-08-11,59.75,58.00,59.85,57.75,22784,134392773.00,3.49,-3.49,-2.10,7.11
2016-08-12,58.07,59.98,60.05,57.70,31330,185894574.00,4.05,3.41,1.98,9.78
2016-08-15,60.08,61.90,62.50,59.69,42750,262068741.00,4.68,3.20,1.92,13.34
2016-08-16,61.91,61.62,62.99,61.53,38144,237181651.00,2.36,-0.45,-0.28,11.90
2016-08-17,61.70,62.56,62.98,61.18,33364,208127147.00,2.92,1.53,0.94,10.41
2016-08-18,62.30,61.39,62.78,61.01,31237,193184864.00,2.83,-1.87,-1.17,9.75
2016-08-19,61.39,61.72,62.29,60.88,23348,143943641.00,2.30,0.54,0.33,7.28
2016-08-22,61.36,58.99,61.78,58.98,29073,174772245.00,4.54,-4.42,-2.73,9.07
2016-08-23,58.61,59.49,60.20,58.61,16044,95630239.00,2.70,0.85,0.50,5.01
2016-08-24,59.78,59.68,60.50,59.51,15678,94042915.00,1.66,0.32,0.19,4.89
2016-08-25,59.03,59.94,59.97,58.00,19279,113565304.00,3.30,0.44,0.26,6.02
2016-08-26,59.86,60.57,61.95,59.72,28864,175960074.00,3.72,1.05,0.63,9.01
2016-08-29,60.39,60.27,61.80,59.85,20337,123801722.00,3.22,-0.50,-0.30,6.35
2016-08-30,60.16,60.33,60.86,59.58,14760,88764596.00,2.12,0.10,0.06,4.61
2016-08-31,60.22,60.04,60.56,59.12,14908,89130650.00,2.39,-0.48,-0.29,4.65
2016-09-01,59.85,59.27,60.98,59.00,19547,117302316.00,3.30,-1.28,-0.77,6.10
2016-09-02,59.23,58.29,59.50,57.71,19074,111813593.00,3.02,-1.65,-0.98,5.95
2016-09-05,58.06,58.25,59.10,58.06,10786,63119494.00,1.78,-0.07,-0.04,3.37
2016-09-06,58.28,59.07,59.10,57.50,17633,102903542.00,2.75,1.41,0.82,5.50
2016-09-07,59.01,58.40,59.80,58.10,16896,99935532.00,2.88,-1.13,-0.67,5.27
2016-09-08,58.33,59.00,59.29,58.33,12642,74339347.00,1.64,1.03,0.60,3.94
2016-09-09,58.65,58.30,59.15,58.24,12684,74326097.00,1.54,-1.19,-0.70,3.96
2016-09-12,57.00,55.63,57.70,55.60,20254,114547014.00,3.60,-4.58,-2.67,6.32
2016-09-13,55.93,55.35,56.30,54.93,12065,66937982.00,2.46,-0.50,-0.28,3.76
2016-09-14,55.39,54.98,55.47,54.06,10120,55570993.00,2.55,-0.67,-0.37,3.16
2016-09-19,55.17,56.32,56.35,55.17,11181,62571874.00,2.15,2.44,1.34,3.49
2016-09-20,56.36,56.10,56.82,55.75,9328,52421719.00,1.90,-0.39,-0.22,2.91
2016-09-21,56.07,56.25,56.69,56.02,9391,52961301.00,1.19,0.27,0.15,2.93
2016-09-22,56.64,56.51,57.27,56.40,12458,70752216.00,1.55,0.46,0.26,3.89
2016-09-23,56.52,56.56,57.12,56.40,8706,49440034.00,1.27,0.09,0.05,2.72
2016-09-26,56.55,54.30,56.55,54.26,13246,73214926.00,4.05,-4.00,-2.26,4.13
2016-09-27,54.05,54.67,54.87,53.60,11386,61641007.00,2.34,0.68,0.37,3.55
2016-09-28,54.68,56.33,57.99,54.43,17061,95418246.00,6.51,3.04,1.66,5.32
2016-09-29,56.57,56.30,56.99,53.00,16846,95007141.00,7.08,-0.05,-0.03,5.26
2016-09-30,56.10,57.68,59.12,56.10,19679,114000546.00,5.36,2.45,1.38,6.14
2016-10-10,57.80,58.83,58.97,57.10,22601,131428419.00,3.24,1.99,1.15,7.05
2016-10-11,58.83,58.48,58.87,58.18,15778,92214571.00,1.17,-0.59,-0.35,4.92
2016-10-12,58.24,58.64,59.19,57.92,19829,116617996.00,2.17,0.27,0.16,6.19
2016-10-13,58.55,58.45,58.93,58.10,11761,68800954.00,1.42,-0.32,-0.19,3.67
2016-10-14,58.24,59.23,59.35,57.71,21120,123826939.00,2.81,1.33,0.78,6.59
2016-10-17,59.00,57.98,59.48,57.50,20424,119423020.00,3.34,-2.11,-1.25,6.37
2016-10-18,57.90,58.51,58.65,57.50,16590,96432234.00,1.98,0.91,0.53,5.18
2016-10-19,58.51,59.12,59.14,58.31,20015,117615420.00,1.42,1.04,0.61,6.24
2016-10-20,58.92,58.86,59.18,58.58,17133,100818848.00,1.01,-0.44,-0.26,5.35
2016-10-21,58.90,60.41,61.50,58.10,44222,266362145.00,5.78,2.63,1.55,13.80
2016-10-24,60.01,60.41,60.97,59.53,23685,142617187.00,2.38,0.00,0.00,7.39
2016-10-25,60.00,61.10,61.95,59.70,31778,193243376.00,3.72,1.14,0.69,9.92
2016-10-26,60.98,60.04,60.98,59.55,22712,136605352.00,2.34,-1.73,-1.06,7.09
2016-10-27,60.20,60.07,60.76,59.73,13792,82972960.00,1.72,0.05,0.03,4.30
2016-10-28,60.32,59.38,60.67,59.33,19308,115545777.00,2.23,-1.15,-0.69,6.02
2016-10-31,58.99,59.60,59.60,58.01,18302,107628340.00,2.68,0.37,0.22,5.71
2016-11-01,59.46,65.56,65.56,59.45,51181,325658992.00,10.25,10.00,5.96,15.97
2016-11-02,68.50,69.05,71.93,67.30,128273,883133360.00,7.06,5.32,3.49,40.02
2016-11-03,67.81,68.85,73.50,67.73,114413,802930160.00,8.36,-0.29,-0.20,35.70
2016-11-04,68.90,72.95,75.48,68.90,120968,880983520.00,9.56,5.95,4.10,37.74
2016-11-07,72.09,72.40,73.45,70.45,65689,473178336.00,4.11,-0.75,-0.55,20.50
2016-11-08,72.10,71.10,73.28,70.60,63485,454107968.00,3.70,-1.80,-1.30,19.81
2016-11-09,70.99,71.80,73.60,69.92,76933,552806704.00,5.18,0.98,0.70,24.00
2016-11-10,72.50,72.71,73.50,71.00,69273,500915760.00,3.48,1.27,0.91,21.61
2016-11-11,72.10,71.11,72.85,70.30,57952,413044080.00,3.51,-2.20,-1.60,18.08
2016-11-14,71.00,74.28,74.70,70.71,81378,592255728.00,5.61,4.46,3.17,25.39
2016-11-15,73.50,72.19,73.87,71.44,51847,376194496.00,3.27,-2.81,-2.09,16.18
2016-11-16,72.53,68.98,72.87,68.70,51746,365391808.00,5.78,-4.45,-3.21,16.15
2016-11-17,69.00,67.95,69.74,67.80,31301,215205884.00,2.81,-1.49,-1.03,9.77
2016-11-18,70.20,74.75,74.75,70.20,55020,404306512.00,6.70,10.01,6.80,17.17
2016-11-21,77.99,79.55,81.88,76.00,151492,1190631568.00,7.87,6.42,4.80,47.27
2016-11-22,78.80,78.95,80.84,77.28,101814,801310928.00,4.48,-0.75,-0.60,31.77
2016-11-23,77.50,76.89,78.88,76.10,60485,468145824.00,3.52,-2.61,-2.06,18.87
2016-11-24,76.85,75.85,77.90,74.81,54534,415531184.00,4.02,-1.35,-1.04,17.02
2016-11-25,75.30,74.82,75.50,70.88,52015,382463568.00,6.09,-1.36,-1.03,16.23
2016-11-28,74.99,71.93,75.00,71.78,34798,253912182.00,4.30,-3.86,-2.89,10.86
2016-11-29,72.02,69.91,72.87,69.80,35633,255033361.00,4.27,-2.81,-2.02,11.12
2016-11-30,69.53,71.06,71.30,68.81,32013,225391373.00,3.56,1.64,1.15,9.99
2016-12-01,70.99,70.49,72.23,70.05,33826,241293353.00,3.07,-0.80,-0.57,10.55
2016-12-02,70.03,66.37,70.75,66.20,44929,305004896.00,6.45,-5.84,-4.12,14.02
2016-12-05,65.77,66.86,67.65,65.43,22586,151091469.00,3.34,0.74,0.49,7.05
2016-12-06,66.98,66.66,67.38,66.50,20736,138709392.00,1.32,-0.30,-0.20,6.47
2016-12-07,66.65,69.10,69.55,66.10,35623,242552312.00,5.18,3.66,2.44,11.11
2016-12-08,68.75,67.21,69.09,66.82,26263,177740905.00,3.29,-2.74,-1.89,8.19
2016-12-09,67.00,67.50,67.50,66.51,18881,126753850.00,1.47,0.43,0.29,5.89
2016-12-12,67.40,60.75,67.40,60.75,34902,221820033.00,9.85,-10.00,-6.75,10.89
2016-12-13,60.01,61.12,61.99,59.01,24455,148789126.00,4.91,0.61,0.37,7.63
2016-12-14,60.70,59.60,61.30,59.14,21466,129278035.00,3.53,-2.49,-1.52,6.70
2016-12-15,60.13,62.25,63.33,60.02,31395,194426164.00,5.55,4.45,2.65,9.80
2016-12-16,61.59,62.21,62.44,61.58,19232,119274826.00,1.38,-0.06,-0.04,6.00
2016-12-19,62.16,60.83,62.16,60.41,13325,81524457.00,2.81,-2.22,-1.38,4.16
2016-12-20,60.93,61.66,62.03,60.93,14043,86382578.00,1.81,1.36,0.83,4.38
2016-12-21,62.28,62.23,62.28,61.29,15981,98749578.00,1.61,0.92,0.57,4.99
2016-12-22,62.00,61.54,62.12,61.20,12661,78074755.00,1.48,-1.11,-0.69,3.95
2016-12-23,61.52,59.71,61.52,59.30,17367,104383204.00,3.61,-2.97,-1.83,5.42
2016-12-26,59.30,60.20,60.48,57.84,14570,86011797.00,4.42,0.82,0.49,4.55
2016-12-27,60.00,59.84,60.38,59.47,9648,57893252.00,1.51,-0.60,-0.36,3.01
2016-12-28,60.02,59.98,61.16,59.60,11444,69146901.00,2.61,0.23,0.14,3.57
2016-12-29,59.87,59.42,60.19,59.41,9241,55218429.00,1.30,-0.93,-0.56,2.88
2016-12-30,59.43,59.00,59.93,58.58,8077,47776018.00,2.27,-0.71,-0.42,2.52
2017-01-03,58.95,59.90,59.90,58.95,8618,51340285.00,1.61,1.53,0.90,2.69
2017-01-04,59.90,60.70,60.88,59.31,16595,100421778.00,2.62,1.34,0.80,5.18
2017-01-05,60.70,59.82,60.71,59.80,12784,76879195.00,1.50,-1.45,-0.88,3.99
2017-01-06,59.71,57.48,60.47,57.48,20517,119895330.00,5.00,-3.91,-2.34,6.40
2017-01-09,57.36,57.58,58.39,57.00,11474,66374464.00,2.42,0.17,0.10,3.58
2017-01-10,57.58,57.72,58.20,57.58,8635,49964033.00,1.08,0.24,0.14,2.69
2017-01-11,58.10,55.89,58.16,55.60,13908,78751230.00,4.44,-3.17,-1.83,4.34
2017-01-12,55.88,55.65,56.47,55.61,8051,45058779.00,1.54,-0.43,-0.24,2.51
2017-01-13,55.65,53.21,55.65,53.10,16002,86147580.00,4.58,-4.38,-2.44,4.99
2017-01-16,53.22,48.39,53.50,47.89,19694,98203369.00,10.54,-9.06,-4.82,6.14
2017-01-17,48.49,49.80,50.30,46.80,16765,82143130.00,7.23,2.91,1.41,5.23
2017-01-18,49.47,48.70,49.78,48.52,10121,49421073.00,2.53,-2.21,-1.10,3.16
2017-01-19,48.80,48.91,49.60,47.82,11460,55936948.00,3.66,0.43,0.21,3.58
2017-01-20,48.74,49.72,49.96,48.11,13613,67478551.00,3.78,1.66,0.81,4.25
2017-01-23,49.78,50.10,50.27,49.55,11238,56185001.00,1.45,0.76,0.38,3.51
2017-01-24,50.11,48.80,50.38,48.30,10467,51645931.00,4.15,-2.59,-1.30,3.27
2017-01-25,48.41,50.10,50.21,48.41,12047,59798054.00,3.69,2.66,1.30,3.76
2017-01-26,50.16,50.16,50.47,49.88,8393,42078626.00,1.18,0.12,0.06,2.62
2017-02-03,50.47,49.70,50.47,49.60,6076,30250882.00,1.73,-0.92,-0.46,1.90
2017-02-06,49.95,50.84,50.97,49.70,11182,56298335.00,2.56,2.29,1.14,3.49
2017-02-07,50.60,51.47,52.98,50.36,16840,87122064.00,5.15,1.24,0.63,5.25
2017-02-08,51.40,51.55,51.69,50.03,12580,64005692.00,3.23,0.16,0.08,3.93
2017-02-09,51.19,52.47,52.80,51.01,19537,101837141.00,3.47,1.78,0.92,6.10
2017-02-10,52.47,51.32,52.49,51.22,11391,58926743.00,2.42,-2.19,-1.15,3.55
2017-02-13,51.50,51.79,52.30,50.90,9942,51398786.00,2.73,0.92,0.47,3.10
2017-02-14,51.77,51.49,51.90,51.30,6605,34066061.00,1.16,-0.58,-0.30,2.06
2017-02-15,51.30,51.06,51.93,50.81,13795,70803987.00,2.18,-0.84,-0.43,4.30
2017-02-16,50.89,49.91,50.89,49.68,14335,71853665.00,2.37,-2.25,-1.15,4.47
2017-02-17,46.78,47.50,48.88,46.77,26226,125137330.00,4.23,-4.83,-2.41,8.18
2017-02-20,47.37,46.27,47.79,45.50,21531,100137148.00,4.82,-2.59,-1.23,3.10
2017-02-21,46.27,47.49,47.77,46.05,14817,70023947.00,3.72,2.64,1.22,2.13
2017-02-22,47.87,48.90,49.98,47.87,23036,112884368.00,4.44,2.97,1.41,3.32
2017-02-23,48.70,50.60,52.22,47.75,30423,151952869.00,9.14,3.48,1.70,4.38
2017-02-24,50.16,49.35,50.16,49.15,43554,215373436.00,2.00,-2.47,-1.25,6.27
2017-02-27,49.03,48.21,49.44,48.20,21335,103911398.00,2.51,-2.31,-1.14,3.07
2017-02-28,48.00,48.41,48.42,47.75,15646,75195426.00,1.39,0.41,0.20,2.25
2017-03-01,48.50,48.65,49.19,48.41,17970,87742190.00,1.61,0.50,0.24,2.59
2017-03-02,48.77,48.20,48.99,48.08,14632,70858405.00,1.87,-0.92,-0.45,2.11
2017-03-03,48.18,48.79,48.79,47.28,16520,79286434.00,3.13,1.22,0.59,2.38
2017-03-06,48.89,49.57,49.60,48.83,19885,98056769.00,1.58,1.60,0.78,2.86
2017-03-07,49.58,51.22,51.27,49.52,36551,184474445.00,3.53,3.33,1.65,5.26
2017-03-08,51.18,50.40,51.18,50.26,21953,110859469.00,1.80,-1.60,-0.82,3.16
2017-03-09,50.39,49.61,50.54,49.57,16367,81512462.00,1.92,-1.57,-0.79,2.36
2017-03-10,50.00,50.50,50.96,49.66,25311,127431908.00,2.62,1.79,0.89,3.64
2017-03-13,50.60,50.64,50.80,49.85,23358,117661630.00,1.88,0.28,0.14,3.36
2017-03-14,50.66,51.32,51.51,50.40,31573,160739891.00,2.19,1.34,0.68,4.55
2017-03-15,51.09,50.57,51.09,50.09,27051,136844814.00,1.95,-1.46,-0.75,3.90
2017-03-16,50.63,51.22,51.41,50.62,34154,174334009.00,1.56,1.29,0.65,4.92
2017-03-17,50.99,50.46,51.97,50.30,34475,176495943.00,3.26,-1.48,-0.76,4.96
2017-03-20,50.02,50.72,50.74,49.80,22278,111769492.00,1.86,0.52,0.26,3.21
2017-03-21,50.67,50.67,50.79,50.10,17393,87759728.00,1.36,-0.10,-0.05,2.50
2017-03-22,50.30,49.82,50.58,48.10,27669,137598672.00,4.89,-1.68,-0.85,3.98
2017-03-23,49.60,51.22,51.22,49.50,36972,186447830.00,3.45,2.81,1.40,5.32
2017-03-24,51.22,50.58,51.22,50.26,33284,168671102.00,1.87,-1.25,-0.64,4.79
2017-03-27,50.58,50.39,51.29,50.30,21185,107502168.00,1.96,-0.38,-0.19,3.05
2017-03-28,50.04,49.40,50.28,49.23,18998,94481239.00,2.08,-1.96,-0.99,2.74
2017-03-29,49.25,47.90,49.79,47.90,20608,100221505.00,3.83,-3.04,-1.50,2.97
2017-03-30,47.60,46.55,47.73,46.00,20208,94435969.00,3.61,-2.82,-1.35,2.91
2017-03-31,47.00,46.70,47.17,46.38,9161,42798182.00,1.70,0.32,0.15,1.32
2017-04-05,46.65,47.57,47.70,46.60,10884,51453340.00,2.36,1.86,0.87,1.57
2017-04-06,47.57,47.45,47.83,47.10,10090,47929227.00,1.53,-0.25,-0.12,1.45
2017-04-07,47.21,46.79,47.54,46.77,11002,51729891.00,1.62,-1.39,-0.66,1.58
2017-04-10,46.68,43.72,46.68,43.30,29018,129320153.00,7.22,-6.56,-3.07,4.18
2017-04-11,43.70,44.07,44.18,43.00,15165,66269467.00,2.70,0.80,0.35,2.18
2017-04-12,44.07,43.54,44.10,43.48,8017,35044742.00,1.41,-1.20,-0.53,1.15
2017-04-13,43.48,43.81,44.16,43.25,11116,48810912.00,2.09,0.62,0.27,1.60
2017-04-14,43.62,43.05,44.00,42.80,10150,43844553.00,2.74,-1.73,-0.76,1.46
2017-04-17,43.24,41.43,43.24,41.05,11263,47125111.00,5.09,-3.76,-1.62,1.62
2017-04-18,40.97,39.88,41.50,39.60,14801,60250073.00,4.59,-3.74,-1.55,2.13
2017-04-19,39.87,40.53,40.63,38.55,17691,69670521.00,5.22,1.63,0.65,2.55
2017-04-20,40.50,39.80,40.50,38.73,11671,46395153.00,4.37,-1.80,-0.73,1.68
2017-04-21,40.00,40.16,40.97,39.74,11636,46956755.00,3.09,0.90,0.36,1.68
2017-04-24,40.16,38.95,40.16,38.01,7784,30421356.00,5.35,-3.01,-1.21,1.12
2017-04-25,39.03,39.00,39.66,38.90,6728,26393141.00,1.95,0.13,0.05,0.97
2017-04-26,39.10,39.99,40.85,39.10,12904,51784908.00,4.49,2.54,0.99,1.86
2017-04-27,39.51,40.65,40.68,38.68,16787,66864406.00,5.00,1.65,0.66,2.42
2017-04-28,40.12,40.74,40.88,40.10,10357,41999353.00,1.92,0.22,0.09,1.49
2017-05-02,40.50,40.11,40.84,39.90,10655,42788779.00,2.31,-1.55,-0.63,1.53
2017-05-03,40.50,40.00,40.50,39.68,8266,33065948.00,2.04,-0.27,-0.11,1.19
2017-05-04,40.00,39.71,40.23,39.30,6797,27107835.00,2.33,-0.73,-0.29,0.98
2017-05-05,39.71,39.29,39.87,39.20,8054,31840120.00,1.69,-1.06,-0.42,1.16
2017-05-08,38.86,37.69,39.27,37.67,13361,51236054.00,4.07,-4.07,-1.60,1.92
2017-05-09,37.70,38.38,38.49,37.65,6629,25291235.00,2.23,1.83,0.69,0.95
2017-05-10,38.30,38.10,39.34,37.88,9682,37497523.00,3.80,-0.73,-0.28,1.39
2017-05-11,37.59,38.17,38.17,37.00,9044,34004511.00,3.07,0.18,0.07,1.30
2017-05-12,37.97,37.51,37.99,37.31,9276,34846566.00,1.78,-1.73,-0.66,1.34
2017-05-15,37.52,37.27,37.85,37.21,8074,30191865.00,1.71,-0.64,-0.24,1.16
2017-05-16,37.22,38.06,38.29,37.01,11635,43716118.00,3.43,2.12,0.79,1.68
2017-05-17,38.00,38.15,38.50,37.86,10341,39528513.00,1.68,0.24,0.09,1.49
2017-05-18,37.84,38.34,38.46,37.67,8412,32063589.00,2.07,0.50,0.19,1.21
2017-05-19,38.05,38.13,38.35,38.05,5426,20709346.00,0.78,-0.55,-0.21,0.78
2017-05-22,38.23,36.08,38.46,35.70,14673,54316004.00,7.24,-5.38,-2.05,2.11
2017-05-23,36.00,34.16,36.00,32.80,18636,64417866.00,8.87,-5.32,-1.92,2.68
2017-05-24,33.83,34.16,34.25,33.31,10176,34408245.00,2.75,0.00,0.00,1.47
2017-05-25,34.00,34.30,34.33,33.39,8349,28334216.00,2.75,0.41,0.14,1.20
2017-05-26,34.30,34.16,34.53,34.02,8415,28786035.00,1.49,-0.41,-0.14,1.21
2017-05-31,34.86,34.18,35.50,34.01,11787,40903279.00,4.36,0.06,0.02,1.70
2017-06-01,34.00,32.12,34.10,32.11,10202,33623978.00,5.82,-6.03,-2.06,1.47
2017-06-02,31.90,32.80,33.00,31.41,10359,33435920.00,4.95,2.12,0.68,1.49
2017-06-05,32.91,33.14,33.18,32.72,11987,39567280.00,1.40,1.04,0.34,1.73
2017-06-06,33.08,33.13,33.29,32.31,9288,30655189.00,2.96,-0.03,-0.01,1.34
2017-06-07,33.00,33.95,34.12,32.80,16544,55759219.00,3.98,2.48,0.82,2.38
2017-06-08,33.95,34.58,35.13,33.95,22234,76960472.00,3.48,1.86,0.63,3.20
2017-06-09,34.05,33.72,34.39,33.22,18275,61607572.00,3.38,-2.49,-0.86,2.63
2017-06-12,33.65,32.41,33.65,32.25,16062,52724385.00,4.15,-3.88,-1.31,2.31
2017-06-13,32.40,33.50,33.57,32.40,14698,48784424.00,3.61,3.36,1.09,2.12
2017-06-14,33.60,36.67,36.78,33.22,55376,196082141.00,10.63,9.46,3.17,7.97
2017-06-15,35.93,36.17,36.60,35.70,45988,166446563.00,2.45,-1.36,-0.50,6.62
2017-06-16,36.01,35.44,36.40,35.40,28552,102505594.00,2.76,-2.02,-0.73,4.11
2017-06-19,35.30,35.37,35.82,35.01,18727,66090641.00,2.29,-0.20,-0.07,2.70
2017-06-20,35.37,35.33,35.70,35.27,17372,61550778.00,1.22,-0.11,-0.04,2.50
2017-06-21,35.48,34.95,35.48,34.55,16966,59312473.00,2.63,-1.08,-0.38,2.44
2017-06-22,34.98,34.00,35.16,34.00,14014,48607060.00,3.32,-2.72,-0.95,2.02
2017-06-23,33.82,33.54,34.30,32.88,16690,55986397.00,4.18,-1.35,-0.46,2.40
2017-06-26,33.49,34.03,34.05,33.34,12888,43549650.00,2.12,1.46,0.49,1.86
2017-06-27,34.12,34.70,34.70,33.90,16945,58158610.00,2.35,1.97,0.67,2.44
2017-06-28,34.01,33.02,34.33,32.50,31272,103799900.00,5.27,-4.84,-1.68,4.50
2017-06-29,32.99,33.08,33.35,32.85,11977,39658420.00,1.51,0.18,0.06,1.72
2017-06-30,32.99,33.30,33.48,32.72,12657,42077428.00,2.30,0.67,0.22,1.82
2017-07-03,33.49,34.97,35.62,33.36,41564,144764512.00,6.79,5.02,1.67,5.99
2017-07-04,34.65,35.13,35.32,34.51,30610,107207585.00,2.32,0.46,0.16,4.41
2017-07-05,35.00,35.13,35.28,34.63,20406,71346732.00,1.85,0.00,0.00,2.94
2017-07-06,35.13,35.42,35.98,34.72,29735,105200898.00,3.59,0.83,0.29,4.28
2017-07-07,35.52,36.12,36.64,35.52,37775,136723729.00,3.16,1.98,0.70,5.44
2017-07-10,36.10,35.28,36.10,34.92,26372,93315377.00,3.27,-2.33,-0.84,3.80
2017-07-11,35.19,34.96,35.56,34.65,14631,51169253.00,2.58,-0.91,-0.32,2.11
2017-07-12,34.96,34.50,35.28,33.40,16334,56135060.00,5.38,-1.32,-0.46,2.35
2017-07-13,34.50,34.72,34.90,33.90,11047,38108721.00,2.90,0.64,0.22,1.59
2017-07-14,34.72,34.20,34.73,33.90,8334,28613817.00,2.39,-1.50,-0.52,1.20
2017-07-17,34.05,31.15,34.05,31.13,25833,82768846.00,8.54,-8.92,-3.05,3.72
2017-07-18,31.01,31.26,31.48,30.65,11332,35273008.00,2.66,0.35,0.11,1.63
2017-07-19,31.26,31.72,31.91,31.04,9657,30383843.00,2.78,1.47,0.46,1.39
2017-07-20,31.51,31.66,32.32,31.45,10917,34796910.00,2.74,-0.19,-0.06,1.57
2017-07-21,31.60,31.85,32.25,31.51,6911,21991210.00,2.34,0.60,0.19,1.00
2017-07-24,31.77,31.75,31.88,30.82,10466,32834654.00,3.33,-0.31,-0.10,1.51
2017-07-25,31.75,31.46,32.05,31.20,11029,34902878.00,2.68,-0.91,-0.29,1.59
2017-07-26,31.45,31.59,31.68,31.35,7213,22720669.00,1.05,0.41,0.13,1.04
2017-07-27,31.52,32.50,32.66,31.32,15535,49991759.00,4.24,2.88,0.91,2.24
2017-07-28,32.52,32.32,32.53,32.01,9085,29287629.00,1.60,-0.55,-0.18,1.31
2017-07-31,32.20,32.40,32.46,32.07,7366,23832524.00,1.21,0.25,0.08,1.06
2017-08-01,32.40,32.13,32.63,31.88,10911,35155379.00,2.31,-0.83,-0.27,1.57
2017-08-02,32.17,31.08,32.17,30.87,19432,60935532.00,4.05,-3.27,-1.05,2.80
2017-08-03,31.00,31.30,31.72,30.82,9538,29904953.00,2.90,0.71,0.22,1.37
2017-08-04,31.28,31.52,31.65,31.11,8198,25764118.00,1.73,0.70,0.22,1.18
2017-08-07,31.50,31.98,32.00,31.31,12072,38376502.00,2.19,1.46,0.46,1.74
2017-08-08,31.77,31.72,31.86,31.42,11830,37462755.00,1.38,-0.81,-0.26,1.70
2017-08-09,31.72,32.14,32.60,31.72,15395,49670203.00,2.77,1.32,0.42,2.22
2017-08-10,32.26,32.18,32.99,31.80,15417,49936195.00,3.70,0.12,0.04,2.22
2017-08-11,31.80,31.82,32.13,31.51,11118,35419888.00,1.93,-1.12,-0.36,1.60
2017-08-14,31.80,32.41,32.54,31.75,9868,31871022.00,2.48,1.85,0.59,1.42
2017-08-15,32.80,34.03,35.16,32.66,35868,121985180.00,7.71,5.00,1.62,5.17
2017-08-16,33.82,34.09,34.19,33.40,21514,72628783.00,2.32,0.18,0.06,3.10
2017-08-17,34.11,34.04,34.12,33.61,16965,57464926.00,1.50,-0.15,-0.05,2.44
2017-08-18,33.76,33.88,34.83,33.62,16289,55697170.00,3.55,-0.47,-0.16,2.35
2017-08-21,33.79,33.92,34.00,33.50,12298,41510676.00,1.48,0.12,0.04,1.77
2017-08-22,33.99,33.55,33.99,33.43,9847,33227650.00,1.65,-1.09,-0.37,1.42
2017-08-23,33.60,33.68,33.95,33.54,9552,32185921.00,1.22,0.39,0.13,1.38
2017-08-24,33.60,33.31,34.10,33.30,10687,35932416.00,2.38,-1.10,-0.37,1.54
2017-08-25,33.26,33.79,33.88,33.22,10810,36402620.00,1.98,1.44,0.48,1.56
2017-08-28,33.73,34.33,34.50,33.73,17571,60168318.00,2.28,1.60,0.54,2.53
2017-08-29,34.56,34.69,35.67,34.56,30694,107431532.00,3.23,1.05,0.36,4.42
2017-08-30,34.36,34.10,34.45,34.10,17218,58984244.00,1.01,-1.70,-0.59,2.48
2017-08-31,34.18,34.80,34.95,34.10,17340,60008062.00,2.49,2.05,0.70,2.50
2017-09-01,35.11,34.61,35.15,34.51,12528,43401506.00,1.84,-0.55,-0.19,1.80
2017-09-04,34.56,34.32,34.56,34.21,12469,42847126.00,1.01,-0.84,-0.29,1.80
2017-09-05,34.37,34.09,34.49,33.95,11901,40632576.00,1.57,-0.67,-0.23,1.71
2017-09-06,34.00,34.45,34.49,33.82,13010,44546090.00,1.97,1.06,0.36,1.87
2017-09-07,34.45,34.51,34.99,34.34,24102,83530774.00,1.89,0.17,0.06,3.47
2017-09-08,34.46,35.20,35.29,34.40,32180,112407461.00,2.58,2.00,0.69,4.63
2017-09-11,35.21,35.14,35.85,34.82,23735,83726311.00,2.93,-0.17,-0.06,3.42
2017-09-12,34.93,34.32,35.15,34.30,23238,80506451.00,2.42,-2.33,-0.82,3.35
2017-09-13,34.30,34.51,34.61,34.22,8052,27740662.00,1.14,0.55,0.19,1.16
2017-09-14,34.51,34.16,34.74,34.02,12717,43689216.00,2.09,-1.01,-0.35,1.83
2017-09-15,34.05,34.13,34.35,34.05,8551,29217799.00,0.88,-0.09,-0.03,1.23
2017-09-18,34.12,34.59,34.62,34.10,9009,31035118.00,1.52,1.35,0.46,1.30
2017-09-19,34.55,34.29,34.65,34.28,9306,32010846.00,1.07,-0.87,-0.30,1.34
2017-09-20,34.30,34.56,34.62,34.10,10163,34943771.00,1.52,0.79,0.27,1.46
2017-09-21,34.59,34.25,34.68,34.25,8436,29095943.00,1.24,-0.90,-0.31,1.21
2017-09-22,34.23,34.59,34.60,34.10,10411,35816564.00,1.46,0.99,0.34,1.50
2017-09-25,34.58,33.92,34.70,33.89,10310,35420378.00,2.34,-1.94,-0.67,1.48
2017-09-26,33.85,32.96,34.06,32.60,14877,49577030.00,4.30,-2.83,-0.96,2.14
2017-09-27,32.97,33.11,33.22,32.85,5809,19232386.00,1.12,0.46,0.15,0.84
2017-09-28,33.11,32.92,33.58,32.90,7143,23668856.00,2.05,-0.57,-0.19,1.03
2017-09-29,32.90,34.15,34.23,32.90,12808,43081694.00,4.04,3.74,1.23,1.84
2017-10-09,34.15,33.95,34.42,33.85,15458,52628513.00,1.67,-0.59,-0.20,2.23
2017-10-10,33.96,35.30,35.50,33.95,43436,152261769.00,4.57,3.98,1.35,6.25
2017-10-11,35.76,35.07,35.76,35.01,31978,112979718.00,2.12,-0.65,-0.23,4.60
2017-10-12,34.97,34.89,35.07,34.62,19472,67771071.00,1.28,-0.51,-0.18,2.80
2017-10-13,34.89,36.15,38.00,34.89,54000,197184536.00,8.91,3.61,1.26,7.78
2017-10-16,36.07,35.61,36.14,35.11,31270,111746958.00,2.85,-1.49,-0.54,4.50
2017-10-17,35.32,36.03,36.19,35.32,23348,83812795.00,2.44,1.18,0.42,3.36
2017-10-18,35.83,35.38,36.25,35.33,21990,78888426.00,2.55,-1.80,-0.65,3.17
2017-10-19,35.36,34.93,35.59,34.80,16277,57225305.00,2.23,-1.27,-0.45,2.34
2017-10-20,34.68,33.41,34.97,32.42,34796,116364935.00,7.30,-4.35,-1.52,5.01
2017-10-23,33.30,33.68,33.77,33.16,13126,44010474.00,1.83,0.81,0.27,1.89
2017-10-24,33.77,33.55,33.98,33.18,15288,51411294.00,2.38,-0.39,-0.13,2.20
2017-10-25,33.44,34.21,34.33,33.44,17832,60646202.00,2.65,1.97,0.66,2.57
2017-10-26,34.26,34.69,34.90,34.12,16713,57765888.00,2.28,1.40,0.48,2.41
2017-10-27,34.63,34.76,35.05,34.50,14720,51151468.00,1.59,0.20,0.07,2.12
2017-10-30,34.51,33.60,34.68,33.31,16011,54190227.00,3.94,-3.34,-1.16,2.31
2017-10-31,33.69,34.53,34.57,33.39,12782,43465485.00,3.51,2.77,0.93,1.84
2017-11-01,34.99,35.33,35.39,34.65,28680,100742560.00,2.14,2.32,0.80,4.13
2017-11-02,35.13,35.62,35.96,34.79,32386,114921250.00,3.31,0.82,0.29,4.66
2017-11-03,35.01,35.41,35.60,35.01,23779,83998159.00,1.66,-0.59,-0.21,3.42
2017-11-06,35.57,36.52,36.55,35.57,34597,125203417.00,2.77,3.13,1.11,4.98
2017-11-07,36.60,36.26,36.66,35.96,26205,94767168.00,1.92,-0.71,-0.26,3.77
2017-11-08,36.30,35.80,36.45,35.70,24788,89470875.00,2.07,-1.27,-0.46,3.57
2017-11-09,35.70,35.94,36.08,35.49,16333,58485058.00,1.65,0.39,0.14,2.35
2017-11-10,36.00,35.80,36.42,35.62,22251,80183762.00,2.23,-0.39,-0.14,3.20
2017-11-13,35.81,36.94,37.00,35.41,36079,130558056.00,4.44,3.18,1.14,5.20
2017-11-14,37.10,36.48,37.20,36.44,31451,115694662.00,2.06,-1.25,-0.46,4.53
2017-11-15,36.61,37.09,37.17,36.50,32205,118693382.00,1.84,1.67,0.61,4.64
2017-11-16,37.12,35.85,38.35,35.81,51979,193237514.00,6.85,-3.34,-1.24,7.49
2017-11-17,35.50,33.33,35.50,33.32,41504,142922097.00,6.08,-7.03,-2.52,5.98
2017-11-20,33.68,33.95,33.97,32.80,19129,64237301.00,3.51,1.86,0.62,2.75
2017-11-21,33.82,33.78,34.23,33.36,17355,58680077.00,2.56,-0.50,-0.17,2.50
2017-11-22,33.94,33.60,33.94,33.36,14163,47587235.00,1.72,-0.53,-0.18,2.04
2017-11-23,33.60,32.87,33.84,32.80,16242,54166791.00,3.10,-2.17,-0.73,2.34
2017-11-24,32.57,32.78,33.17,32.45,9805,32191904.00,2.19,-0.27,-0.09,1.41
2017-11-27,32.76,31.86,32.76,31.83,12269,39488965.00,2.84,-2.81,-0.92,1.77
2017-11-28,31.78,32.29,32.36,31.78,9998,32136647.00,1.82,1.35,0.43,1.44
2017-11-29,32.41,32.02,32.41,31.81,8829,28237302.00,1.86,-0.84,-0.27,1.27
2017-11-30,32.01,32.04,32.32,31.87,5981,19218146.00,1.41,0.06,0.02,0.86
2017-12-01,31.90,32.40,32.55,31.90,8063,26054203.00,2.03,1.12,0.36,1.16
2017-12-04,32.43,30.32,32.43,30.30,20857,65038948.00,6.57,-6.42,-2.08,3.00
2017-12-05,30.28,28.82,30.57,28.50,18602,54713876.00,6.83,-4.95,-1.50,2.68
2017-12-06,28.90,29.39,29.49,28.59,11203,32404310.00,3.12,1.98,0.57,1.61
2017-12-07,29.19,29.03,29.22,28.90,9533,27663115.00,1.09,-1.22,-0.36,1.37
2017-12-08,29.03,29.34,29.57,28.86,9333,27358141.00,2.45,1.07,0.31,1.34
2017-12-11,29.34,29.82,29.94,29.16,8890,26372431.00,2.66,1.64,0.48,1.28
2017-12-12,29.88,29.24,29.88,29.13,7944,23427712.00,2.52,-1.95,-0.58,1.14
2017-12-13,29.18,29.45,29.49,29.05,7792,22802009.00,1.50,0.72,0.21,1.12
2017-12-14,29.30,29.32,29.42,29.01,5708,16669766.00,1.39,-0.44,-0.13,0.82
2017-12-15,29.21,29.38,29.47,29.10,7342,21516186.00,1.26,0.20,0.06,1.06
2017-12-18,29.20,29.94,30.26,29.08,12009,35602333.00,4.02,1.91,0.56,1.73
2017-12-19,29.81,29.78,30.03,29.72,8184,24450594.00,1.04,-0.53,-0.16,1.18
2017-12-20,29.78,29.46,29.78,29.36,6458,19075297.00,1.41,-1.07,-0.32,0.93
2017-12-21,29.38,29.55,29.70,29.10,6365,18754155.00,2.04,0.31,0.09,0.92
2017-12-22,29.75,29.26,29.75,29.21,5074,14922454.00,1.83,-0.98,-0.29,0.73
2017-12-25,29.28,28.60,29.40,28.51,8827,25357430.00,3.04,-2.26,-0.66,1.27
2017-12-26,28.60,29.20,29.31,28.60,10120,29397750.00,2.48,2.10,0.60,1.46
2017-12-27,29.11,29.00,29.35,28.84,7190,20918778.00,1.75,-0.68,-0.20,1.04
2017-12-28,29.15,29.57,29.83,28.91,13477,39731358.00,3.17,1.97,0.57,1.94
2017-12-29,29.42,29.66,29.70,29.33,8987,26579549.00,1.25,0.30,0.09,1.29
2018-01-02,29.66,29.76,29.81,29.41,8097,24021792.00,1.35,0.34,0.10,1.17
2018-01-03,29.62,29.88,29.95,29.50,10389,30949038.00,1.51,0.40,0.12,1.50
2018-01-04,29.90,29.98,30.25,29.82,11898,35766962.00,1.44,0.33,0.10,1.72
2018-01-05,29.95,30.25,31.45,29.83,17574,53627919.00,5.40,0.90,0.27,2.54
2018-01-08,30.15,29.75,30.15,29.60,13194,39293802.00,1.82,-1.65,-0.50,1.91
2018-01-09,29.71,29.96,30.26,29.71,15532,46710399.00,1.85,0.71,0.21,2.24
2018-01-10,29.85,29.19,29.88,29.08,13695,40269999.00,2.67,-2.57,-0.77,1.98
2018-01-11,29.06,29.43,29.56,29.06,9640,28321764.00,1.71,0.82,0.24,1.39
2018-01-12,29.34,29.23,29.52,29.13,7103,20814271.00,1.33,-0.68,-0.20,1.03
2018-01-15,29.17,28.38,29.28,28.17,11619,33450605.00,3.80,-2.91,-0.85,1.68
2018-01-16,28.32,28.61,28.70,28.15,8983,25604836.00,1.94,0.81,0.23,1.30
2018-01-17,28.55,28.93,29.19,28.29,11102,31906133.00,3.15,1.12,0.32,1.60
2018-01-18,28.95,29.01,29.16,28.83,6193,17963683.00,1.14,0.28,0.08,0.90
2018-01-19,28.97,29.04,29.26,28.90,7792,22632388.00,1.24,0.10,0.03,1.13
2018-01-22,29.06,29.39,29.65,28.33,11933,34763178.00,4.55,1.21,0.35,1.72
2018-01-23,29.52,29.70,29.76,29.35,12845,37940807.00,1.40,1.05,0.31,1.86
2018-01-24,29.66,30.19,30.68,29.60,23220,70123432.00,3.64,1.65,0.49,3.36
2018-01-25,30.00,29.78,30.58,29.71,14947,44943233.00,2.88,-1.36,-0.41,2.16
2018-01-26,29.62,29.57,30.00,29.56,8789,26126175.00,1.48,-0.71,-0.21,1.27
2018-01-29,29.43,28.99,29.86,28.92,8832,25907665.00,3.18,-1.96,-0.58,1.28
2018-01-30,28.88,29.14,29.22,28.80,4409,12816462.00,1.45,0.52,0.15,0.64
2018-01-31,29.14,28.41,29.27,28.30,10072,28954076.00,3.33,-2.51,-0.73,1.46
2018-02-01,28.43,26.76,28.67,25.80,20859,56257517.00,10.10,-5.81,-1.65,3.01
2018-02-02,26.34,27.35,27.40,26.07,11752,31531608.00,4.97,2.20,0.59,1.70
2018-02-05,27.20,27.17,27.27,26.55,5277,14297421.00,2.63,-0.66,-0.18,0.76
2018-02-06,26.60,25.73,26.92,25.63,9925,26136623.00,4.75,-5.30,-1.44,1.43
2018-02-07,26.20,25.74,26.88,25.66,8362,21940063.00,4.74,0.04,0.01,1.21
2018-02-08,25.99,26.37,26.49,25.88,8111,21263477.00,2.37,2.45,0.63,1.17
2018-02-09,25.92,25.73,26.24,25.50,7509,19416511.00,2.81,-2.43,-0.64,1.09
2018-02-12,26.00,26.30,26.55,25.98,6019,15840982.00,2.22,2.22,0.57,0.87
2018-02-13,26.49,26.42,26.65,26.25,6061,16029701.00,1.52,0.46,0.12,0.88
2018-02-14,26.38,26.30,26.56,26.16,3483,9163446.00,1.51,-0.45,-0.12,0.50
2018-02-22,26.51,26.58,26.75,26.33,4870,12912896.00,1.60,1.06,0.28,0.70
2018-02-23,26.59,26.59,26.68,26.36,4999,13268310.00,1.20,0.04,0.01,0.72
2018-02-26,26.62,27.27,27.36,26.62,9122,24717014.00,2.78,2.56,0.68,1.32
2018-02-27,27.27,27.26,27.55,27.15,7300,19965237.00,1.47,-0.04,-0.01,1.05
2018-02-28,27.03,27.37,27.57,26.92,6446,17570363.00,2.38,0.40,0.11,0.93
2018-03-01,27.08,27.52,27.58,27.08,8402,23044269.00,1.83,0.55,0.15,1.21
2018-03-02,27.29,27.35,27.72,27.21,6346,17425413.00,1.85,-0.62,-0.17,0.92
2018-03-05,27.35,27.60,27.65,27.35,5665,15570507.00,1.10,0.91,0.25,0.82
2018-03-06,27.69,27.96,27.99,27.53,9005,25058064.00,1.67,1.30,0.36,1.30
2018-03-07,27.81,27.79,28.16,27.65,8632,24072657.00,1.82,-0.61,-0.17,1.25
2018-03-08,27.72,28.26,28.28,27.72,11087,31161853.00,2.02,1.69,0.47,1.60
2018-03-09,28.30,28.65,28.77,28.07,13945,39634795.00,2.48,1.38,0.39,2.02
2018-03-12,27.98,28.39,28.50,27.70,31371,88036726.00,2.79,-0.91,-0.26,4.53
2018-03-13,28.18,27.81,28.30,27.81,16784,47085762.00,1.73,-2.04,-0.58,2.43
2018-03-14,27.70,27.54,28.06,27.51,9761,27126325.00,1.98,-0.97,-0.27,1.41
2018-03-15,27.50,26.89,27.66,26.51,14675,39757452.00,4.18,-2.36,-0.65,2.12
2018-03-16,26.88,26.80,27.06,26.67,6430,17283017.00,1.45,-0.33,-0.09,0.93
2018-03-19,26.80,27.36,27.50,26.63,9379,25469575.00,3.25,2.09,0.56,1.36
2018-03-20,27.00,29.05,30.10,26.86,49293,142525637.00,11.84,6.18,1.69,7.12
2018-03-21,28.89,28.44,29.10,28.30,26032,74714952.00,2.75,-2.10,-0.61,3.76
2018-03-22,28.57,28.24,28.73,28.02,13449,38016019.00,2.50,-0.70,-0.20,1.94
2018-03-23,27.51,29.47,29.97,27.00,52321,150744739.00,10.52,4.36,1.23,7.56
2018-03-26,28.85,30.49,30.58,28.02,53489,160097282.00,8.69,3.46,1.02,7.73
2018-03-27,30.19,30.33,31.31,29.91,53043,161810851.00,4.59,-0.52,-0.16,7.67
2018-03-28,30.02,30.18,31.30,29.83,34879,106726896.00,4.85,-0.49,-0.15,5.04
2018-03-29,30.39,29.75,30.78,29.55,27459,82062114.00,4.08,-1.42,-0.43,3.97
2018-03-30,29.70,29.79,30.28,29.70,25693,76789622.00,1.95,0.13,0.04,3.71
2018-04-02,29.80,30.50,30.52,29.71,29614,89221689.00,2.72,2.38,0.71,4.28
2018-04-03,30.00,31.67,31.78,29.90,46617,145177507.00,6.16,3.84,1.17,6.74
2018-04-04,31.52,30.58,32.45,30.56,41458,130528897.00,5.97,-3.44,-1.09,5.99
2018-04-09,30.04,29.90,30.30,29.50,25496,76183001.00,2.62,-2.22,-0.68,3.68
2018-04-10,29.90,30.30,30.42,29.50,24177,72440488.00,3.08,1.34,0.40,3.49
2018-04-11,30.33,29.95,30.50,29.85,20769,62486544.00,2.15,-1.16,-0.35,3.00
2018-04-12,29.86,29.97,30.53,29.82,19585,59157932.00,2.37,0.07,0.02,2.83
2018-04-13,30.39,30.17,30.85,30.01,21100,64276020.00,2.80,0.67,0.20,3.05
2018-04-16,30.06,29.12,30.18,29.04,22179,65381647.00,3.78,-3.48,-1.05,3.21
2018-04-17,29.24,27.88,29.45,27.50,19401,55553926.00,6.70,-4.26,-1.24,2.80
2018-04-18,28.30,28.36,28.56,27.50,14270,40105443.00,3.80,1.72,0.48,2.06
2018-04-19,28.13,28.32,28.68,28.13,11509,32707981.00,1.94,-0.14,-0.04,1.66
2018-04-20,28.25,27.70,28.54,27.56,10908,30524112.00,3.46,-2.19,-0.62,1.58
2018-04-23,27.71,28.40,28.48,27.63,12078,33827224.00,3.07,2.53,0.70,1.75
2018-04-24,28.70,29.22,29.50,28.70,19757,57446999.00,2.82,2.89,0.82,2.86
2018-04-25,29.03,29.36,29.58,28.57,16768,48886421.00,3.46,0.48,0.14,2.42
2018-04-26,29.38,28.90,29.65,28.90,12491,36625178.00,2.55,-1.57,-0.46,1.81
2018-04-27,29.28,29.30,29.41,28.75,10910,31895168.00,2.28,1.38,0.40,1.58
2018-05-02,29.30,29.72,29.74,29.20,15647,46094938.00,1.84,1.43,0.42,2.26
2018-05-03,29.53,29.70,29.79,29.05,12616,37236653.00,2.49,-0.07,-0.02,1.82
2018-05-04,29.70,30.50,30.88,29.61,31927,97057488.00,4.28,2.69,0.80,4.61
2018-05-07,30.46,30.68,30.89,30.21,23007,70379401.00,2.23,0.59,0.18,3.33
2018-05-08,30.70,30.31,31.33,30.18,29374,90261170.00,3.75,-1.21,-0.37,4.25
2018-05-09,30.34,30.48,30.53,30.03,15862,48136812.00,1.65,0.56,0.17,2.29
2018-05-10,30.42,30.80,30.96,30.40,21587,66187214.00,1.84,1.05,0.32,3.12
2018-05-11,30.85,30.18,31.14,30.12,21351,65423231.00,3.31,-2.01,-0.62,3.09
2018-05-14,30.05,29.75,30.08,29.55,15138,45139095.00,1.76,-1.42,-0.43,2.19
2018-05-15,29.79,30.40,30.45,29.68,10822,32542854.00,2.59,2.18,0.65,1.56
2018-05-16,30.40,30.61,31.00,30.18,24267,74480361.00,2.70,0.69,0.21,3.51
2018-05-17,30.13,29.92,30.24,29.80,18775,56271964.00,1.44,-2.25,-0.69,2.71
2018-05-18,29.90,30.26,30.26,29.50,14197,42524246.00,2.54,1.14,0.34,2.05
2018-05-21,30.23,30.68,30.96,30.23,15832,48537697.00,2.41,1.39,0.42,2.29
2018-05-22,30.61,32.02,32.18,30.61,45276,143238001.00,5.12,4.37,1.34,6.54
2018-05-23,31.66,32.25,32.33,31.21,44365,141694306.00,3.50,0.72,0.23,6.30
2018-05-24,32.10,31.73,32.38,31.70,27414,87543261.00,2.11,-1.61,-0.52,3.89
2018-05-25,20.84,20.74,21.29,20.67,31878,66768312.00,1.95,-34.64,-10.99,3.02
2018-05-28,20.72,22.81,22.81,20.50,78539,173625218.00,11.14,9.98,2.07,7.44
2018-05-29,22.85,21.88,23.90,21.81,182500,419581744.00,9.16,-4.08,-0.93,17.28
2018-05-30,19.99,19.69,20.78,19.69,105817,212381000.00,4.98,-10.01,-2.19,10.02
2018-05-31,19.52,20.02,20.41,19.44,59724,118924961.00,4.93,1.68,0.33,5.65
2018-06-01,19.69,18.86,19.90,18.47,55747,107234566.00,7.14,-5.79,-1.16,5.28
2018-06-04,18.99,18.67,19.07,18.50,26424,49515100.00,3.02,-1.01,-0.19,2.50
2018-06-05,18.77,19.05,19.12,18.68,29932,56740275.00,2.36,2.04,0.38,2.83
2018-06-06,19.00,19.69,19.80,18.80,44213,85554581.00,5.25,3.36,0.64,4.19
2018-06-07,19.60,19.12,19.64,19.05,32108,61998046.00,3.00,-2.89,-0.57,3.04
2018-06-08,19.05,19.17,19.25,18.72,22586,42960092.00,2.77,0.26,0.05,2.14
2018-06-11,19.07,19.17,19.41,18.92,21760,41656422.00,2.56,0.00,0.00,2.06
2018-06-12,19.16,19.34,19.37,18.82,25075,48089286.00,2.87,0.89,0.17,2.37
2018-06-13,19.28,18.33,19.28,18.30,26398,49738686.00,5.07,-5.22,-1.01,2.50
2018-06-14,18.10,17.92,18.45,17.77,21615,39156336.00,3.71,-2.24,-0.41,2.05
2018-06-15,17.85,17.00,18.00,16.89,31433,54316526.00,6.19,-5.13,-0.92,2.98
2018-06-19,16.71,15.31,16.81,15.30,34436,54468200.00,8.88,-9.94,-1.69,3.26
2018-06-20,15.20,15.61,15.87,15.09,21460,33379215.00,5.09,1.96,0.30,2.03
2018-06-21,15.99,17.17,17.17,15.68,70945,119038933.00,9.55,9.99,1.56,6.72
2018-06-22,17.20,17.35,17.58,16.63,78441,134198057.00,5.53,1.05,0.18,7.43
2018-06-25,17.10,16.90,17.29,16.78,41017,69732617.00,2.94,-2.59,-0.45,3.88
2018-06-26,16.27,16.77,16.92,16.27,27013,44966823.00,3.85,-0.77,-0.13,2.56
2018-06-27,16.86,16.37,16.95,16.26,22959,38103332.00,4.11,-2.39,-0.40,2.17
2018-06-28,16.37,16.27,16.66,15.86,18619,30424446.00,4.89,-0.61,-0.10,1.76
2018-06-29,16.27,16.75,16.86,16.00,27375,45436492.00,5.29,2.95,0.48,2.59
2018-07-02,16.75,16.60,17.11,16.27,25692,42969780.00,5.01,-0.90,-0.15,2.43
2018-07-03,16.80,16.96,16.96,16.43,29154,48910824.00,3.19,2.17,0.36,2.76
2018-07-04,16.96,16.20,16.96,16.16,23041,37934763.00,4.72,-4.48,-0.76,2.18
2018-07-05,16.00,15.60,16.47,15.53,19099,30555952.00,5.80,-3.70,-0.60,1.81
2018-07-06,15.59,15.78,16.18,15.33,19750,31156943.00,5.45,1.15,0.18,1.87
2018-07-09,15.80,16.27,16.27,15.80,24210,39067495.00,2.98,3.11,0.49,2.29
2018-07-10,16.28,16.82,17.24,16.14,41930,70003854.00,6.76,3.38,0.55,3.97
2018-07-11,16.42,16.25,16.53,15.86,27653,45029285.00,3.98,-3.39,-0.57,2.62
2018-07-12,16.27,16.74,16.88,16.27,28580,47633956.00,3.75,3.02,0.49,2.71
2018-07-13,16.72,16.98,17.19,16.62,32933,55673945.00,3.41,1.43,0.24,3.12
2018-07-16,16.95,16.71,16.98,16.55,23162,38702890.00,2.53,-1.59,-0.27,2.19
2018-07-17,16.71,16.79,16.88,16.55,19059,31830519.00,1.97,0.48,0.08,1.80
2018-07-18,16.83,16.50,16.94,16.50,21748,36404243.00,2.62,-1.73,-0.29,2.06
2018-07-19,16.50,16.18,16.62,16.07,17110,27917602.00,3.33,-1.94,-0.32,1.62
2018-07-20,16.06,16.36,16.45,16.02,14925,24332211.00,2.66,1.11,0.18,1.41
2018-07-23,15.80,15.72,15.80,15.33,39130,60856215.00,2.87,-3.91,-0.64,3.70
2018-07-24,15.60,15.95,16.08,15.58,26738,42482965.00,3.18,1.46,0.23,2.53
2018-07-25,15.95,16.02,16.07,15.83,17960,28684859.00,1.50,0.44,0.07,1.70
2018-07-26,15.99,15.89,16.11,15.70,13712,21768506.00,2.56,-0.81,-0.13,1.30
2018-07-27,15.89,15.46,15.96,15.39,20084,31350312.00,3.59,-2.71,-0.43,1.90
2018-07-30,15.40,15.22,15.50,15.16,13875,21268520.00,2.20,-1.55,-0.24,1.31
2018-07-31,15.29,15.31,15.39,15.19,8034,12294005.00,1.31,0.59,0.09,0.76
2018-08-01,15.34,15.15,15.41,15.09,10824,16516758.00,2.09,-1.05,-0.16,1.02
2018-08-02,15.15,14.58,15.15,14.15,21341,31046733.00,6.60,-3.76,-0.57,2.02
2018-08-03,14.65,14.42,14.65,14.28,9846,14285092.00,2.54,-1.10,-0.16,0.93
2018-08-06,14.45,13.87,14.49,13.86,11286,15955057.00,4.37,-3.81,-0.55,1.07
2018-08-07,13.91,14.28,14.28,13.88,11338,15996570.00,2.88,2.96,0.41,1.07
2018-08-08,14.24,14.12,14.45,14.09,10214,14568472.00,2.52,-1.12,-0.16,0.97
2018-08-09,14.07,14.43,14.53,14.07,11663,16795119.00,3.26,2.20,0.31,1.10
2018-08-10,14.45,14.66,14.76,14.41,13381,19561676.00,2.43,1.59,0.23,1.27
2018-08-13,14.44,14.70,14.72,14.30,10130,14684868.00,2.86,0.27,0.04,0.96
2018-08-14,14.81,14.73,15.04,14.71,15428,22911260.00,2.24,0.20,0.03,1.46
2018-08-15,14.71,14.36,14.79,14.35,10398,15121465.00,2.99,-2.51,-0.37,0.98
2018-08-16,14.19,14.40,14.55,14.08,9266,13330361.00,3.27,0.28,0.04,0.88
2018-08-17,14.39,14.06,14.56,14.03,8668,12436566.00,3.68,-2.36,-0.34,0.82
2018-08-20,14.10,14.32,14.37,14.03,8322,11822906.00,2.42,1.85,0.26,0.79
2018-08-21,14.34,14.49,14.55,14.26,12496,18051897.00,2.03,1.19,0.17,1.18
2018-08-22,14.44,14.20,14.47,14.16,8259,11826534.00,2.14,-2.00,-0.29,0.78
2018-08-23,14.20,14.36,14.44,14.12,9411,13466284.00,2.25,1.13,0.16,0.89
2018-08-24,14.35,14.28,14.43,14.20,8846,12668431.00,1.60,-0.56,-0.08,0.84
2018-08-27,14.30,14.72,14.77,14.26,17559,25602565.00,3.57,3.08,0.44,1.66
2018-08-28,14.72,14.68,14.77,14.53,13278,19406376.00,1.63,-0.27,-0.04,1.26
2018-08-29,14.70,14.50,14.70,14.44,12077,17558346.00,1.77,-1.23,-0.18,1.14
2018-08-30,14.53,14.17,14.60,14.12,12498,17938611.00,3.31,-2.28,-0.33,1.18
2018-08-31,14.05,14.03,14.20,13.91,10564,14848434.00,2.05,-0.99,-0.14,1.00
2018-09-03,13.98,14.10,14.17,13.80,9935,13872673.00,2.64,0.50,0.07,0.94
2018-09-04,14.05,14.18,14.26,14.01,9494,13445418.00,1.77,0.57,0.08,0.90
2018-09-05,14.16,13.97,14.27,13.96,11142,15720803.00,2.19,-1.48,-0.21,1.05
2018-09-06,13.84,13.98,14.12,13.84,7618,10662566.00,2.00,0.07,0.01,0.72
2018-09-07,14.05,14.03,14.27,13.91,9038,12748442.00,2.58,0.36,0.05,0.86
2018-09-10,13.92,13.66,13.94,13.55,10889,14928239.00,2.78,-2.64,-0.37,1.03
2018-09-11,13.68,13.72,13.87,13.54,8260,11311726.00,2.42,0.44,0.06,0.78
2018-09-12,13.69,13.78,13.86,13.63,8549,11789732.00,1.68,0.44,0.06,0.81
2018-09-13,13.86,13.85,13.96,13.67,8420,11637609.00,2.10,0.51,0.07,0.80
2018-09-14,13.86,13.74,13.92,13.72,6463,8933968.00,1.44,-0.79,-0.11,0.61
2018-09-17,13.74,13.39,13.79,13.38,8452,11463066.00,2.98,-2.55,-0.35,0.80
2018-09-18,12.90,13.07,13.15,12.74,23903,30924944.00,3.06,-2.39,-0.32,2.26
2018-09-19,13.00,13.04,13.14,12.81,17921,23305137.00,2.52,-0.23,-0.03,1.70
2018-09-20,13.00,12.90,13.10,12.83,12708,16475465.00,2.07,-1.07,-0.14,1.20
2018-09-21,12.83,13.13,13.17,12.83,15318,19988804.00,2.64,1.78,0.23,1.45
2018-09-25,13.10,13.37,13.45,13.03,16387,21785847.00,3.20,1.83,0.24,1.55
2018-09-26,13.35,13.34,13.47,13.25,13423,17961847.00,1.65,-0.22,-0.03,1.27
2018-09-27,13.36,13.20,13.53,13.14,19914,26579645.00,2.92,-1.05,-0.14,1.89
2018-09-28,13.27,13.55,13.56,13.15,12552,16856270.00,3.11,2.65,0.35,1.19
2018-10-08,13.40,13.11,13.40,13.06,12963,17099300.00,2.51,-3.25,-0.44,1.23
2018-10-09,13.12,13.21,13.32,13.12,6190,8162071.00,1.53,0.76,0.10,0.59
2018-10-10,13.23,13.16,13.26,13.01,6878,9028776.00,1.89,-0.38,-0.05,0.65
2018-10-11,12.81,12.00,12.81,11.86,20115,24654108.00,7.22,-8.81,-1.16,1.90
2018-10-12,11.88,11.82,12.09,11.32,12652,14818804.00,6.42,-1.50,-0.18,1.20
2018-10-15,11.82,11.86,12.03,11.78,8793,10480125.00,2.12,0.34,0.04,0.83
2018-10-16,11.91,11.62,11.99,11.50,7479,8800510.00,4.13,-2.02,-0.24,0.71
2018-10-17,11.75,11.80,11.89,11.56,7120,8383867.00,2.84,1.55,0.18,0.67
2018-10-18,11.78,11.40,11.78,11.33,7003,8052077.00,3.81,-3.39,-0.40,0.66
2018-10-19,11.25,11.62,11.65,11.09,9428,10775166.00,4.91,1.93,0.22,0.89
2018-10-22,11.63,12.20,12.30,11.63,20035,24144029.00,5.77,4.99,0.58,1.90
2018-10-23,12.25,12.20,12.66,12.15,23149,28681725.00,4.18,0.00,0.00,2.19
2018-10-24,12.19,12.28,12.35,12.11,13399,16446556.00,1.97,0.66,0.08,1.27
2018-10-25,11.93,12.42,12.52,11.88,15711,19277564.00,5.21,1.14,0.14,1.49
2018-10-26,12.45,12.64,12.75,12.45,19802,25030718.00,2.42,1.77,0.22,1.87
2018-10-29,12.57,12.35,12.74,12.26,17053,21309799.00,3.80,-2.29,-0.29,1.61
2018-10-30,12.42,12.65,12.66,12.19,19044,23617571.00,3.81,2.43,0.30,1.80
2018-10-31,12.59,12.71,12.79,12.51,15246,19353369.00,2.21,0.47,0.06,1.44
2018-11-01,12.71,12.80,13.05,12.70,18365,23632057.00,2.75,0.71,0.09,1.74
2018-11-02,12.95,13.20,13.20,12.86,19337,25233074.00,2.66,3.13,0.40,1.83
2018-11-05,13.20,13.34,13.44,13.09,21847,29039226.00,2.65,1.06,0.14,2.07
2018-11-06,13.20,13.19,13.25,13.00,11560,15153112.00,1.87,-1.12,-0.15,1.09
2018-11-07,13.19,13.15,13.39,13.13,11304,14987608.00,1.97,-0.30,-0.04,1.07
2018-11-08,13.21,13.15,13.31,13.11,9827,12988650.00,1.52,0.00,0.00,0.93
2018-11-09,13.07,13.15,13.31,13.03,8502,11248033.00,2.13,0.00,0.00,0.80
2018-11-12,13.11,13.75,13.84,13.11,18587,25281267.00,5.55,4.56,0.60,1.76
2018-11-13,13.66,13.75,13.92,13.56,19532,26928799.00,2.62,0.00,0.00,1.85
2018-11-14,13.65,13.72,14.08,13.65,19251,26737913.00,3.13,-0.22,-0.03,1.82
2018-11-15,13.65,14.13,14.16,13.65,21012,29390374.00,3.72,2.99,0.41,1.99
2018-11-16,14.22,14.30,14.41,14.10,22554,32252449.00,2.19,1.20,0.17,2.14
2018-11-19,14.34,14.36,14.43,14.07,16238,23110867.00,2.52,0.42,0.06,1.54
2018-11-20,14.30,13.95,14.48,13.88,15208,21594451.00,4.18,-2.86,-0.41,1.44
2018-11-21,13.88,14.14,14.15,13.72,14714,20628110.00,3.08,1.36,0.19,1.39
2018-11-22,14.14,14.09,14.35,13.91,13151,18614815.00,3.11,-0.35,-0.05,1.25
2018-11-23,14.00,13.51,14.13,13.45,17080,23449106.00,4.83,-4.12,-0.58,1.62
2018-11-26,13.49,13.80,13.95,13.40,15188,20886559.00,4.07,2.15,0.29,1.44
2018-11-27,14.02,13.71,14.05,13.70,11486,15890779.00,2.54,-0.65,-0.09,1.09
2018-11-28,13.63,14.18,14.35,13.62,16467,23036898.00,5.32,3.43,0.47,1.56
2018-11-29,14.32,13.62,14.32,13.60,17065,23791635.00,5.08,-3.95,-0.56,1.62
2018-11-30,13.63,13.93,14.00,13.35,13839,19011012.00,4.77,2.28,0.31,1.31
2018-12-03,14.15,14.25,14.30,14.02,18880,26807889.00,2.01,2.30,0.32,1.79
2018-12-04,14.24,14.30,14.40,14.11,15612,22240329.00,2.04,0.35,0.05,1.48
2018-12-05,14.10,14.47,14.58,13.93,19376,27725518.00,4.55,1.19,0.17,1.83
2018-12-06,14.52,13.93,14.52,13.84,19870,28029787.00,4.70,-3.73,-0.54,1.88
2018-12-07,14.00,13.70,14.08,13.60,19710,27202567.00,3.45,-1.65,-0.23,1.87
2018-12-10,13.60,13.80,13.90,13.60,14282,19718193.00,2.19,0.73,0.10,1.35
2018-12-11,13.81,13.44,13.89,13.37,14763,20136459.00,3.77,-2.61,-0.36,1.40
2018-12-12,13.44,13.77,13.78,13.44,12545,17109962.00,2.53,2.46,0.33,1.19
2018-12-13,13.75,13.58,13.85,13.44,15032,20476935.00,2.98,-1.38,-0.19,1.42
2018-12-14,13.58,13.40,13.61,13.33,11840,15950140.00,2.06,-1.33,-0.18,1.12
2018-12-17,13.32,12.89,13.37,12.80,16208,20995688.00,4.25,-3.81,-0.51,1.53
2018-12-18,12.95,13.01,13.06,12.71,13876,17883852.00,2.72,0.93,0.12,1.31
2018-12-19,12.95,12.87,13.11,12.86,13103,16989507.00,1.92,-1.08,-0.14,1.24
2018-12-20,12.87,12.94,13.01,12.77,10308,13261947.00,1.86,0.54,0.07,0.98
2018-12-21,12.85,12.81,13.00,12.31,8441,10814423.00,5.33,-1.00,-0.13,0.80
2018-12-24,12.72,12.95,13.07,12.72,7699,9964352.00,2.73,1.09,0.14,0.73
2018-12-25,12.80,13.09,13.19,12.56,17664,22806358.00,4.86,1.08,0.14,1.67
2018-12-26,13.20,12.78,13.20,12.71,13786,17708920.00,3.74,-2.37,-0.31,1.31
2018-12-27,12.98,12.52,12.98,12.46,8178,10454699.00,4.07,-2.03,-0.26,0.77
2018-12-28,12.56,12.62,12.77,12.50,5698,7204577.00,2.16,0.80,0.10,0.54
2019-01-02,12.64,12.38,12.84,12.27,9227,11529181.00,4.52,-1.90,-0.24,0.87
2019-01-03,12.42,12.65,12.82,12.30,11643,14722667.00,4.20,2.18,0.27,1.10
2019-01-04,12.50,12.85,12.85,12.50,9776,12424040.00,2.77,1.58,0.20,0.93
2019-01-07,12.95,12.94,13.06,12.77,9936,12835480.00,2.26,0.70,0.09,0.94
2019-01-08,12.90,12.97,13.06,12.88,8914,11575076.00,1.39,0.23,0.03,0.84
2019-01-09,12.97,13.05,13.31,12.91,11599,15236312.00,3.08,0.62,0.08,1.10
2019-01-10,13.02,13.02,13.09,12.96,5253,6845616.00,1.00,-0.23,-0.03,0.50
2019-01-11,13.08,13.07,13.20,12.99,4977,6506912.00,1.61,0.38,0.05,0.47
2019-01-14,13.10,13.02,13.16,12.97,6274,8192671.00,1.45,-0.38,-0.05,0.59
2019-01-15,13.03,13.19,13.22,12.91,7731,10135429.00,2.38,1.31,0.17,0.73
2019-01-16,13.26,13.20,13.30,13.14,5532,7308771.00,1.21,0.08,0.01,0.52
2019-01-17,13.14,12.95,13.20,12.90,6589,8591620.00,2.27,-1.89,-0.25,0.62
2019-01-18,12.92,13.12,13.14,12.90,7170,9355872.00,1.85,1.31,0.17,0.68
2019-01-21,13.04,13.14,13.31,13.04,8899,11745515.00,2.06,0.15,0.02,0.84
2019-01-22,13.16,12.92,13.18,12.86,8498,11063463.00,2.44,-1.67,-0.22,0.80
2019-01-23,12.83,12.97,12.99,12.83,6186,7999111.00,1.24,0.39,0.05,0.59
2019-01-24,12.94,12.92,13.02,12.86,5800,7503767.00,1.23,-0.39,-0.05,0.55
2019-01-25,12.93,13.15,13.20,12.90,13616,17844726.00,2.32,1.78,0.23,1.29
2019-01-28,13.19,12.63,13.25,12.61,19337,24866375.00,4.87,-3.95,-0.52,1.83
2019-01-29,12.53,12.21,12.68,12.04,16533,20247426.00,5.07,-3.33,-0.42,1.57
2019-01-30,12.14,12.00,12.19,11.96,12078,14589855.00,1.88,-1.72,-0.21,1.14
2019-01-31,12.00,11.89,12.11,11.81,12546,14974127.00,2.50,-0.92,-0.11,1.19
2019-02-01,11.95,12.14,12.18,11.89,10094,12159582.00,2.44,2.10,0.25,0.96
2019-02-11,12.15,12.35,12.38,12.04,10871,13324819.00,2.80,1.73,0.21,1.03
2019-02-12,12.29,12.73,12.77,12.26,20381,25747955.00,4.13,3.08,0.38,1.93
2019-02-13,13.22,13.15,13.48,12.95,40142,52809984.00,4.16,3.30,0.42,3.77
2019-02-14,13.12,13.37,13.42,13.03,30879,40951150.00,2.97,1.67,0.22,2.90
2019-02-15,13.25,13.30,13.60,13.00,24444,32795962.00,4.49,-0.52,-0.07,2.30
2019-02-18,13.45,13.86,13.87,13.40,31445,43226703.00,3.53,4.21,0.56,1.68
2019-02-19,13.88,13.79,13.94,13.61,26520,36589227.00,2.38,-0.51,-0.07,1.42
2019-02-20,13.70,13.82,13.98,13.67,17989,24910719.00,2.25,0.22,0.03,0.96
2019-02-21,13.75,13.62,13.95,13.58,21929,30287279.00,2.68,-1.45,-0.20,1.17
2019-02-22,13.80,13.83,13.86,13.66,21222,29232512.00,1.47,1.54,0.21,1.14
2019-02-25,13.98,14.38,14.44,13.87,44551,63107376.00,4.12,3.98,0.55,2.38
2019-02-26,14.35,14.55,14.87,14.14,45409,66193354.00,5.08,1.18,0.17,2.43
2019-02-27,14.50,14.36,14.66,14.23,30383,43847739.00,2.96,-1.31,-0.19,1.63
2019-02-28,14.36,14.61,14.77,14.36,30079,43881905.00,2.86,1.74,0.25,1.61
2019-03-01,14.63,14.51,14.84,14.24,31680,45961354.00,4.11,-0.68,-0.10,1.69
2019-03-04,14.55,14.66,14.92,14.54,44471,65401235.00,2.62,1.03,0.15,2.38
2019-03-05,14.66,14.94,14.96,14.51,42548,62825526.00,3.07,1.91,0.28,2.28
2019-03-06,15.00,15.33,15.36,14.85,48678,73680161.00,3.41,2.61,0.39,2.60
2019-03-07,15.28,15.34,15.57,15.18,45491,69902613.00,2.54,0.07,0.01,2.43
2019-03-08,15.18,14.50,15.36,14.50,58672,87776321.00,5.61,-5.48,-0.84,3.14
2019-03-11,14.65,15.23,15.23,14.65,44469,66615972.00,4.00,5.03,0.73,2.38
2019-03-12,15.26,15.51,15.74,15.20,48677,75210565.00,3.55,1.84,0.28,2.60
2019-03-13,15.62,15.09,15.62,14.86,61097,93078340.00,4.90,-2.71,-0.42,3.27
2019-03-14,15.02,14.70,15.14,14.53,44866,66241003.00,4.04,-2.58,-0.39,2.40
2019-03-15,14.81,14.81,14.98,14.59,33156,49113215.00,2.65,0.75,0.11,1.77
2019-03-18,14.80,15.32,15.42,14.79,40671,61555517.00,4.25,3.44,0.51,2.18
2019-03-19,15.29,15.41,15.65,15.26,37818,58351373.00,2.55,0.59,0.09,2.02
2019-03-20,15.41,15.32,15.41,15.01,30351,46199641.00,2.60,-0.58,-0.09,1.62
2019-03-21,15.33,15.43,15.64,15.28,37304,57719966.00,2.35,0.72,0.11,2.00
2019-03-22,15.41,16.50,16.81,15.33,99157,158504421.00,9.59,6.93,1.07,5.30
2019-03-25,16.10,16.02,16.77,15.91,90593,146999637.00,5.21,-2.91,-0.48,4.85
2019-03-26,16.13,15.25,16.20,15.21,53979,84679370.00,6.18,-4.81,-0.77,2.89
2019-03-27,15.36,15.61,15.76,15.18,44727,69049975.00,3.80,2.36,0.36,2.39
2019-03-28,15.37,14.85,15.37,14.85,49081,74114677.00,3.33,-4.87,-0.76,2.63
2019-03-29,14.72,15.23,15.27,14.66,41788,62545094.00,4.11,2.56,0.38,2.24
2019-04-01,15.30,15.84,15.92,15.30,50354,78964542.00,4.07,4.01,0.61,2.69
2019-04-02,15.92,15.97,16.32,15.84,48734,78285732.00,3.03,0.82,0.13,2.61
2019-04-03,15.95,16.21,16.32,15.71,42790,69214578.00,3.82,1.50,0.24,2.29
2019-04-04,16.26,16.13,16.42,15.96,46789,75785860.00,2.84,-0.49,-0.08,2.50
2019-04-08,16.30,16.16,16.32,15.76,46469,74724662.00,3.47,0.19,0.03,2.49
2019-04-09,16.15,16.15,16.25,15.91,29241,47108942.00,2.10,-0.06,-0.01,1.56
2019-04-10,16.11,16.60,16.90,16.05,67614,112334470.00,5.26,2.79,0.45,3.62
2019-04-11,16.59,16.07,16.67,16.05,39208,63845954.00,3.73,-3.19,-0.53,2.10
2019-04-12,16.03,16.07,16.34,15.61,31509,50377987.00,4.54,0.00,0.00,1.69
2019-04-15,16.16,15.88,16.36,15.81,28189,45405399.00,3.42,-1.18,-0.19,1.51
2019-04-16,15.77,16.04,16.05,15.63,26689,42293846.00,2.64,1.01,0.16,1.43
2019-04-17,16.04,16.08,16.25,15.91,24921,40099632.00,2.12,0.25,0.04,1.33
2019-04-18,16.16,16.00,16.24,15.94,26384,42362826.00,1.87,-0.50,-0.08,1.41
2019-04-19,17.60,17.60,17.60,17.60,14713,25895478.00,0.00,10.00,1.60,0.79
2019-04-22,18.59,17.42,18.59,17.36,158058,284854304.00,6.99,-1.02,-0.18,8.45
2019-04-23,17.19,16.72,17.32,16.56,82794,139641224.00,4.36,-4.02,-0.70,4.43
2019-04-24,16.78,17.14,17.16,16.63,50318,85247625.00,3.17,2.51,0.42,2.69
2019-04-25,17.00,17.51,18.15,16.75,102918,180920355.00,8.17,2.16,0.37,5.50
2019-04-26,17.03,16.90,17.45,16.60,64984,110182005.00,4.85,-3.48,-0.61,3.48
2019-04-29,16.80,16.75,17.02,16.42,46559,77944834.00,3.55,-0.89,-0.15,2.49
2019-04-30,16.60,16.73,16.97,16.52,37117,62325637.00,2.69,-0.12,-0.02,1.99
2019-05-06,16.20,15.49,16.20,15.11,53647,83765185.00,6.52,-7.41,-1.24,2.87
2019-05-07,15.59,15.50,15.81,15.20,35384,54822468.00,3.94,0.06,0.01,1.89
2019-05-08,15.32,15.33,15.65,15.06,28926,44491755.00,3.81,-1.10,-0.17,1.55
2019-05-09,15.20,15.74,15.85,15.20,37419,58470193.00,4.24,2.67,0.41,2.00
2019-05-10,15.80,16.34,16.44,15.61,48617,77855158.00,5.27,3.81,0.60,2.60
2019-05-13,16.04,15.84,16.12,15.80,33551,53480570.00,1.96,-3.06,-0.50,1.79
2019-05-14,15.65,15.77,15.87,15.55,18898,29740662.00,2.02,-0.44,-0.07,1.01
2019-05-15,15.87,16.03,16.10,15.85,30399,48595127.00,1.59,1.65,0.26,1.63
2019-05-16,16.07,16.14,16.15,15.93,24545,39379057.00,1.37,0.69,0.11,1.31
2019-05-17,16.12,15.62,16.30,15.61,27954,44554418.00,4.28,-3.22,-0.52,1.50
2019-05-20,15.60,15.43,15.60,14.95,18838,28872257.00,4.16,-1.22,-0.19,1.01
2019-05-21,15.37,15.77,15.78,15.37,17184,26891353.00,2.66,2.20,0.34,0.92
2019-05-22,16.00,15.78,16.05,15.68,19760,31347398.00,2.35,0.06,0.01,1.06
2019-05-23,15.70,15.32,15.70,15.21,19533,30096605.00,3.11,-2.92,-0.46,1.04
2019-05-24,15.15,15.40,15.50,15.15,11315,17377746.00,2.28,0.52,0.08,0.61
2019-05-27,15.68,15.86,15.88,15.48,18082,28445885.00,2.60,2.99,0.46,0.97
2019-05-28,15.95,15.53,15.95,15.50,27017,42583054.00,2.84,-2.08,-0.33,1.45
2019-05-29,9.02,8.93,9.10,8.82,34425,30752801.00,1.80,-42.50,-6.60,1.08
2019-05-30,8.85,8.78,8.88,8.63,32461,28421706.00,2.80,-1.68,-0.15,1.02
2019-05-31,8.78,8.65,8.86,8.64,27173,23717188.00,2.51,-1.48,-0.13,0.85
2019-06-03,8.64,8.38,8.68,8.36,32967,27933517.00,3.70,-3.12,-0.27,1.04
2019-06-04,8.39,8.16,8.43,8.09,30405,24964545.00,4.06,-2.63,-0.22,0.96
2019-06-05,8.23,8.18,8.26,8.13,20888,17129721.00,1.59,0.25,0.02,0.66
2019-06-06,8.23,7.96,8.25,7.90,23770,19117545.00,4.28,-2.69,-0.22,0.75
2019-06-10,7.98,8.06,8.17,7.93,17177,13866082.00,3.02,1.26,0.10,0.54
2019-06-11,8.08,8.40,8.45,8.04,32419,26759439.00,5.09,4.22,0.34,1.02
2019-06-12,8.35,8.24,8.40,8.18,24156,19987706.00,2.62,-1.90,-0.16,0.76
2019-06-13,8.18,8.24,8.30,8.18,18157,14947089.00,1.46,0.00,0.00,0.57
2019-06-14,8.21,7.95,8.26,7.95,30125,24288417.00,3.76,-3.52,-0.29,0.95
2019-06-17,7.94,7.97,8.07,7.92,20239,16166888.00,1.89,0.25,0.02,0.64
2019-06-18,7.99,7.83,8.04,7.78,26085,20528068.00,3.26,-1.76,-0.14,0.82
2019-06-19,7.96,7.90,8.02,7.88,33205,26454240.00,1.79,0.89,0.07,1.04
2019-06-20,7.92,8.06,8.11,7.87,43534,34905800.00,3.04,2.03,0.16,1.37
2019-06-21,8.12,8.24,8.33,8.09,46669,38378712.00,2.98,2.23,0.18,1.47
2019-06-24,8.24,8.28,8.29,8.15,24117,19815373.00,1.70,0.49,0.04,0.76
2019-06-25,8.22,8.08,8.27,8.02,25618,20764077.00,3.02,-2.42,-0.20,0.81
2019-06-26,8.12,8.08,8.14,8.04,17034,13797876.00,1.24,0.00,0.00,0.54
2019-06-27,8.12,8.13,8.21,8.01,24575,20013682.00,2.48,0.62,0.05,0.77
2019-06-28,8.10,7.96,8.18,7.90,28097,22414768.00,3.44,-2.09,-0.17,0.88
2019-07-01,8.05,8.17,8.18,8.05,39711,32254428.00,1.63,2.64,0.21,1.25
2019-07-02,8.17,8.36,8.45,8.12,65386,54418133.00,4.04,2.33,0.19,2.06
2019-07-03,8.36,8.22,8.36,8.18,38808,31966450.00,2.15,-1.67,-0.14,1.22
2019-07-04,8.25,8.20,8.27,8.14,26492,21718988.00,1.58,-0.24,-0.02,0.83
2019-07-05,8.15,8.24,8.27,8.13,20270,16607262.00,1.71,0.49,0.04,0.64
2019-07-08,8.28,7.92,8.29,7.91,34347,27476512.00,4.61,-3.88,-0.32,1.08
2019-07-09,7.91,7.98,8.07,7.88,25342,20171834.00,2.40,0.76,0.06,0.80
2019-07-10,7.98,7.94,8.00,7.90,19336,15371035.00,1.25,-0.50,-0.04,0.61
2019-07-11,7.99,7.95,8.03,7.90,20536,16354742.00,1.64,0.13,0.01,0.65
2019-07-12,7.95,7.97,7.98,7.85,17233,13671305.00,1.64,0.25,0.02,0.54
2019-07-15,7.97,8.03,8.03,7.80,24192,19221435.00,2.89,0.75,0.06,0.76
2019-07-16,8.03,8.07,8.08,7.99,23875,19197807.00,1.12,0.50,0.04,0.75
2019-07-17,8.03,8.04,8.10,8.01,18619,14993558.00,1.12,-0.37,-0.03,0.59
2019-07-18,8.04,7.86,8.04,7.82,25511,20120868.00,2.74,-2.24,-0.18,0.80
2019-07-19,7.89,7.85,7.94,7.84,24915,19640426.00,1.27,-0.13,-0.01,0.78
2019-07-22,7.86,7.47,7.86,7.44,50346,38063325.00,5.35,-4.84,-0.38,1.58
2019-07-23,7.50,7.54,7.55,7.44,21281,15978344.00,1.47,0.94,0.07,0.67
2019-07-24,7.56,7.59,7.66,7.55,24261,18458731.00,1.46,0.66,0.05,0.76
2019-07-25,7.60,7.52,7.63,7.39,45043,33849916.00,3.16,-0.92,-0.07,1.42
2019-07-26,7.47,7.75,7.75,7.36,89445,67519039.00,5.19,3.06,0.23,2.81
2019-07-29,7.61,7.57,7.70,7.53,45953,34962237.00,2.19,-2.32,-0.18,1.45
2019-07-30,7.58,7.60,7.68,7.55,22569,17183015.00,1.72,0.40,0.03,0.71
2019-07-31,7.56,7.54,7.59,7.50,19359,14615817.00,1.18,-0.79,-0.06,0.61
2019-08-01,7.51,7.58,7.61,7.47,19813,14928374.00,1.86,0.53,0.04,0.62
2019-08-02,7.48,7.42,7.52,7.38,29240,21718836.00,1.85,-2.11,-0.16,0.92
2019-08-05,7.38,7.29,7.43,7.28,22170,16280146.00,2.02,-1.75,-0.13,0.70
2019-08-06,7.12,7.03,7.15,6.92,40121,28320580.00,3.16,-3.57,-0.26,1.26
2019-08-07,7.08,6.99,7.11,6.99,18979,13373524.00,1.71,-0.57,-0.04,0.60
2019-08-08,7.04,7.04,7.09,7.01,14901,10511588.00,1.14,0.72,0.05,0.47
2019-08-09,7.04,6.99,7.15,6.93,16009,11272427.00,3.13,-0.71,-0.05,0.50
2019-08-12,6.99,7.09,7.09,6.94,19513,13705903.00,2.15,1.43,0.10,0.61
2019-08-13,7.05,7.02,7.06,6.98,13714,9621157.00,1.13,-0.99,-0.07,0.43
2019-08-14,7.08,7.04,7.14,7.03,21265,15078733.00,1.57,0.28,0.02,0.67
2019-08-15,6.96,7.16,7.16,6.93,35829,25273427.00,3.27,1.70,0.12,1.13
2019-08-16,7.14,7.18,7.24,7.11,27050,19449261.00,1.82,0.28,0.02,0.85
2019-08-19,7.21,7.51,7.55,7.21,45322,33681809.00,4.74,4.60,0.33,1.43
2019-08-20,8.10,7.74,8.10,7.74,133703,105818286.00,4.79,3.06,0.23,4.21
2019-08-21,7.83,7.94,8.01,7.75,86676,68423884.00,3.36,2.58,0.20,2.73
2019-08-22,7.95,7.94,8.00,7.84,55642,44066952.00,2.02,0.00,0.00,1.75
2019-08-23,7.98,8.32,8.35,7.93,107642,88371325.00,5.29,4.79,0.38,3.39
2019-08-26,8.15,8.74,8.99,8.14,190928,163399026.00,10.22,5.05,0.42,6.01
2019-08-27,8.77,9.09,9.19,8.72,183018,164550931.00,5.38,4.00,0.35,5.76
2019-08-28,9.08,8.71,9.09,8.70,113602,100349586.00,4.29,-4.18,-0.38,3.57
2019-08-29,8.73,8.68,8.80,8.63,70910,61816816.00,1.95,-0.34,-0.03,2.23
2019-08-30,8.69,8.57,8.78,8.37,100353,86305314.00,4.72,-1.27,-0.11,3.16
2019-09-02,8.52,8.61,8.67,8.52,62644,53989386.00,1.75,0.47,0.04,1.97
2019-09-03,8.56,8.54,8.66,8.46,65883,56215751.00,2.32,-0.81,-0.07,2.07
2019-09-04,8.54,8.55,8.57,8.46,51192,43578462.00,1.29,0.12,0.01,1.61
2019-09-05,8.58,8.55,8.64,8.52,71401,61368161.00,1.40,0.00,0.00,2.25
2019-09-06,8.60,8.51,8.60,8.46,50844,43338109.00,1.64,-0.47,-0.04,1.60
2019-09-09,8.57,8.68,8.69,8.51,59776,51359853.00,2.12,2.00,0.17,1.88
2019-09-10,8.69,8.97,9.03,8.67,111484,98732373.00,4.15,3.34,0.29,3.51
2019-09-11,8.97,8.70,8.97,8.67,72876,64001291.00,3.34,-3.01,-0.27,2.29
2019-09-12,8.73,8.63,8.75,8.54,44868,38714128.00,2.41,-0.80,-0.07,1.41
2019-09-16,8.58,8.27,8.58,8.23,122413,102005309.00,4.06,-4.17,-0.36,3.85
2019-09-17,8.25,8.07,8.25,7.99,88564,71840490.00,3.14,-2.42,-0.20,2.79
2019-09-18,8.08,8.09,8.13,8.07,35606,28834780.00,0.74,0.25,0.02,1.12
2019-09-19,8.09,8.14,8.14,8.02,37200,30069250.00,1.48,0.62,0.05,1.17
2019-09-20,8.14,8.08,8.15,8.05,40856,33053520.00,1.23,-0.74,-0.06,1.29
2019-09-23,8.09,8.02,8.09,7.96,34765,27843571.00,1.61,-0.74,-0.06,1.09
2019-09-24,8.04,8.12,8.14,8.02,37878,30655056.00,1.50,1.25,0.10,1.19
2019-09-25,8.08,7.93,8.10,7.92,32056,25595258.00,2.22,-2.34,-0.19,1.01
2019-09-26,7.93,7.94,8.01,7.82,48751,38712972.00,2.40,0.13,0.01,1.53
2019-09-27,7.90,8.03,8.06,7.90,29843,23862788.00,2.02,1.13,0.09,0.94
2019-09-30,8.03,7.90,8.04,7.90,24917,19787202.00,1.74,-1.62,-0.13,0.78
2019-10-08,7.90,8.01,8.03,7.86,26024,20800197.00,2.15,1.39,0.11,0.82
2019-10-09,8.01,8.12,8.13,7.93,29206,23520547.00,2.50,1.37,0.11,0.92
2019-10-10,8.12,8.22,8.25,8.06,40885,33393808.00,2.34,1.23,0.10,1.29
2019-10-11,8.22,8.17,8.29,8.15,34799,28557910.00,1.70,-0.61,-0.05,1.09
2019-10-14,8.25,8.35,8.37,8.20,47982,39864930.00,2.08,2.20,0.18,1.51
2019-10-15,8.35,8.20,8.35,8.19,24122,19868985.00,1.92,-1.80,-0.15,0.76
2019-10-16,8.21,8.30,8.30,8.15,26843,22072335.00,1.83,1.22,0.10,0.84
2019-10-17,8.26,8.21,8.29,8.20,21988,18128469.00,1.08,-1.08,-0.09,0.69
2019-10-18,8.22,8.05,8.27,8.04,21959,17915689.00,2.80,-1.95,-0.16,0.69
2019-10-21,8.03,8.05,8.05,7.92,26158,20929316.00,1.61,0.00,0.00,0.82
2019-10-22,8.08,8.32,8.37,8.07,56328,46535185.00,3.73,3.35,0.27,1.77
2019-10-23,8.30,8.33,8.39,8.28,35708,29748063.00,1.32,0.12,0.01,1.12
2019-10-24,8.45,8.21,8.50,8.14,53793,44650796.00,4.32,-1.44,-0.12,1.69
2019-10-25,8.24,8.30,8.30,8.16,28741,23664411.00,1.71,1.10,0.09,0.90
2019-10-28,8.29,8.39,8.41,8.25,40831,34063519.00,1.93,1.08,0.09,1.28
2019-10-29,8.41,8.22,8.44,8.21,32014,26533724.00,2.74,-2.03,-0.17,1.01
2019-10-30,8.21,8.14,8.24,8.08,23493,19096251.00,1.95,-0.97,-0.08,0.74
2019-10-31,8.13,8.07,8.18,8.06,21994,17858133.00,1.47,-0.86,-0.07,0.69
2019-11-01,8.06,8.19,8.20,8.05,20281,16508543.00,1.86,1.49,0.12,0.64
2019-11-04,8.22,8.35,8.40,8.22,52145,43465197.00,2.20,1.95,0.16,1.64
2019-11-05,8.36,8.37,8.39,8.29,38340,32036628.00,1.20,0.24,0.02,1.21
2019-11-06,8.37,8.21,8.37,8.16,34250,28248013.00,2.51,-1.91,-0.16,1.08
2019-11-07,8.24,8.30,8.30,8.16,26094,21452389.00,1.71,1.10,0.09,0.82
2019-11-08,8.31,8.17,8.36,8.13,32699,26991919.00,2.77,-1.57,-0.13,1.03
2019-11-11,7.95,7.75,7.95,7.42,111576,84892119.00,6.49,-5.14,-0.42,3.51
2019-11-12,7.67,7.57,7.68,7.51,33670,25503897.00,2.19,-2.32,-0.18,1.06
2019-11-13,7.54,7.35,7.54,7.29,47299,35058728.00,3.30,-2.91,-0.22,1.49
2019-11-14,7.31,7.43,7.46,7.26,33844,24959276.00,2.72,1.09,0.08,1.06
2019-11-15,7.40,7.37,7.44,7.32,19530,14439878.00,1.62,-0.81,-0.06,0.61
2019-11-18,7.33,7.60,7.61,7.32,36908,27680073.00,3.93,3.12,0.23,1.16
2019-11-19,7.60,7.65,7.71,7.55,31619,24186630.00,2.11,0.66,0.05,0.99
2019-11-20,7.66,7.65,7.74,7.61,20452,15661520.00,1.70,0.00,0.00,0.64
2019-11-21,7.66,7.58,7.68,7.53,13370,10135476.00,1.96,-0.92,-0.07,0.42
2019-11-22,7.62,7.50,7.65,7.45,20261,15285333.00,2.64,-1.06,-0.08,0.64
2019-11-25,7.48,7.51,7.53,7.38,15926,11896952.00,2.00,0.13,0.01,0.50
2019-11-26,7.53,7.67,7.67,7.52,27565,21021040.00,2.00,2.13,0.16,0.87
2019-11-27,7.70,7.60,7.70,7.58,19573,14901185.00,1.56,-0.91,-0.07,0.62
2019-11-28,7.57,7.65,7.72,7.57,15233,11662603.00,1.97,0.66,0.05,0.48
2019-11-29,7.62,7.64,7.69,7.52,14921,11339291.00,2.22,-0.13,-0.01,0.47
2019-12-02,7.63,7.66,7.70,7.54,12635,9664566.00,2.09,0.26,0.02,0.40
2019-12-03,7.66,7.65,7.69,7.54,11564,8787522.00,1.96,-0.13,-0.01,0.36
2019-12-04,7.58,7.66,7.70,7.58,13962,10683485.00,1.57,0.13,0.01,0.44
2019-12-05,7.58,7.67,7.69,7.58,28543,21800814.00,1.44,0.13,0.01,0.90
2019-12-06,7.66,7.70,7.72,7.63,18082,13866856.00,1.17,0.39,0.03,0.57
2019-12-09,7.70,7.69,7.73,7.66,16008,12310962.00,0.91,-0.13,-0.01,0.50
2019-12-10,7.66,7.64,7.67,7.52,19743,15043708.00,1.95,-0.65,-0.05,0.62
2019-12-11,7.60,7.62,7.66,7.56,13214,10058747.00,1.31,-0.26,-0.02,0.42
2019-12-12,7.62,7.41,7.62,7.41,29173,21877251.00,2.76,-2.76,-0.21,0.92
2019-12-13,7.45,7.51,7.51,7.43,27745,20755867.00,1.08,1.35,0.10,0.87
2019-12-16,7.51,7.65,7.66,7.48,32965,24977678.00,2.40,1.86,0.14,1.04
2019-12-17,7.65,7.94,8.02,7.63,75658,59611269.00,5.10,3.79,0.29,2.38
2019-12-18,7.94,7.90,8.00,7.88,36863,29228113.00,1.51,-0.50,-0.04,1.16
2019-12-19,7.90,8.02,8.05,7.85,28262,22472436.00,2.53,1.52,0.12,0.89
2019-12-20,8.02,7.92,8.08,7.91,19923,15899864.00,2.12,-1.25,-0.10,0.63
2019-12-23,7.85,7.71,7.99,7.71,35494,27854266.00,3.54,-2.65,-0.21,1.12
2019-12-24,7.73,7.86,7.88,7.73,17252,13458963.00,1.95,1.95,0.15,0.54
2019-12-25,7.84,7.84,7.89,7.80,17683,13867228.00,1.15,-0.25,-0.02,0.56
2019-12-26,7.85,7.87,7.87,7.79,19070,14930317.00,1.02,0.38,0.03,0.60
2019-12-27,7.90,7.93,8.00,7.85,38278,30388716.00,1.91,0.76,0.06,1.20
2019-12-30,7.96,7.97,7.99,7.77,31549,24958681.00,2.77,0.50,0.04,0.99
2019-12-31,7.97,8.15,8.16,7.93,50320,40598416.00,2.89,2.26,0.18,1.58
2020-01-02,8.20,8.17,8.22,8.12,43254,35319880.00,1.23,0.25,0.02,1.36
2020-01-03,8.19,8.35,8.44,8.18,68582,57088954.00,3.18,2.20,0.18,2.16
2020-01-06,8.30,8.47,8.54,8.29,57189,48279781.00,2.99,1.44,0.12,1.80
2020-01-07,8.50,8.70,8.86,8.47,76943,66725638.00,4.60,2.72,0.23,2.42
2020-01-08,8.69,8.53,8.76,8.46,72281,62087995.00,3.45,-1.95,-0.17,2.27
2020-01-09,8.66,8.66,8.75,8.55,45999,39655166.00,2.34,1.52,0.13,1.45
2020-01-10,8.67,8.61,8.67,8.52,35443,30388067.00,1.73,-0.58,-0.05,1.12
2020-01-13,8.60,8.57,8.60,8.42,35220,29950742.00,2.09,-0.46,-0.04,1.11
2020-01-14,8.60,8.64,8.66,8.55,34376,29582737.00,1.28,0.82,0.07,1.08
2020-01-15,8.64,8.52,8.65,8.45,29688,25284449.00,2.31,-1.39,-0.12,0.93
2020-01-16,8.52,8.42,8.56,8.41,25841,21882800.00,1.76,-1.17,-0.10,0.81
2020-01-17,8.48,8.42,8.54,8.38,28680,24263542.00,1.90,0.00,0.00,0.90
2020-01-20,8.45,8.62,8.65,8.45,41477,35495338.00,2.38,2.38,0.20,1.31
2020-01-21,8.70,8.74,8.93,8.65,92689,81381948.00,3.25,1.39,0.12,2.92
2020-01-22,8.74,8.63,8.88,8.51,57551,49915674.00,4.23,-1.26,-0.11,1.81
2020-01-23,8.68,8.37,8.77,8.25,52313,44499095.00,6.03,-3.01,-0.26,1.65
2020-02-03,7.80,7.84,8.18,7.64,118817,94092165.00,6.45,-6.33,-0.53,3.74
2020-02-04,8.01,8.40,8.45,7.84,122280,100166839.00,7.78,7.14,0.56,3.85
2020-02-05,8.40,8.78,8.78,8.26,130139,111758636.00,6.19,4.52,0.38,4.09
2020-02-06,8.73,9.66,9.66,8.66,286909,269727888.00,11.39,10.02,0.88,9.03
2020-02-07,9.80,9.58,10.23,9.34,313512,308290928.00,9.21,-0.83,-0.08,9.86
2020-02-10,9.43,8.96,9.43,8.79,198483,178806269.00,6.68,-6.47,-0.62,6.25
2020-02-11,8.98,8.78,8.98,8.64,105287,92224252.00,3.79,-2.01,-0.18,3.31
2020-02-12,8.70,8.78,8.89,8.69,71310,62700062.00,2.28,0.00,0.00,2.24
2020-02-13,8.78,8.59,8.79,8.49,73234,63057497.00,3.42,-2.16,-0.19,2.30
2020-02-14,8.54,8.56,8.67,8.51,42264,36253379.00,1.86,-0.35,-0.03,1.33
2020-02-17,8.54,8.73,8.83,8.54,77904,67813086.00,3.39,1.99,0.17,2.45
2020-02-18,8.78,8.88,8.95,8.72,82249,72704754.00,2.63,1.72,0.15,2.59
2020-02-19,8.83,9.01,9.19,8.81,117197,106371969.00,4.28,1.46,0.13,3.69
2020-02-20,9.00,8.98,9.09,8.82,75419,67379053.00,3.00,-0.33,-0.03,2.37
2020-02-21,9.00,8.89,9.16,8.80,117005,105004158.00,4.01,-1.00,-0.09,3.68
2020-02-24,8.88,8.80,8.89,8.72,85042,74632739.00,1.91,-1.01,-0.09,2.68
2020-02-25,8.61,8.72,8.84,8.54,88388,76769438.00,3.41,-0.91,-0.08,2.78
2020-02-26,8.58,8.47,8.63,8.43,80221,68634716.00,2.29,-2.87,-0.25,2.52
2020-02-27,8.47,8.54,8.58,8.45,38373,32659930.00,1.53,0.83,0.07,1.21
2020-02-28,8.38,8.43,8.60,8.31,67523,56901482.00,3.40,-1.29,-0.11,2.12
2020-03-02,8.45,8.68,8.69,8.41,72869,62586094.00,3.32,2.97,0.25,2.29
2020-03-03,8.73,8.64,8.77,8.61,63038,54729179.00,1.84,-0.46,-0.04,1.98
2020-03-04,8.60,8.58,8.60,8.46,47448,40421476.00,1.62,-0.69,-0.06,1.49
2020-03-05,8.58,8.71,8.73,8.58,69887,60409877.00,1.75,1.52,0.13,2.20
2020-03-06,8.65,8.71,8.82,8.62,60924,53063184.00,2.30,0.00,0.00,1.92
2020-03-09,8.63,8.43,8.71,8.41,70905,60381240.00,3.44,-3.21,-0.28,2.23
2020-03-10,8.31,8.44,8.47,8.14,63249,52581133.00,3.91,0.12,0.01,1.99
2020-03-11,8.45,8.28,8.48,8.28,51524,43204344.00,2.37,-1.90,-0.16,1.62
2020-03-12,8.23,8.12,8.29,8.07,47361,38613122.00,2.66,-1.93,-0.16,1.49
2020-03-13,7.82,7.93,8.01,7.75,57491,45290616.00,3.20,-2.34,-0.19,1.81
2020-03-16,7.98,8.06,8.14,7.82,67704,54139634.00,4.04,1.64,0.13,2.13
2020-03-17,7.98,7.95,8.04,7.66,38334,30183212.00,4.71,-1.36,-0.11,1.21
2020-03-18,7.98,7.84,8.08,7.84,37057,29517304.00,3.02,-1.38,-0.11,1.17
2020-03-19,7.85,7.87,7.90,7.69,31974,24893199.00,2.68,0.38,0.03,1.01
2020-03-20,7.90,8.02,8.03,7.88,32131,25574337.00,1.91,1.91,0.15,1.01
2020-03-23,7.86,7.97,8.15,7.81,42442,33902246.00,4.24,-0.62,-0.05,1.34
2020-03-24,8.05,8.08,8.10,7.86,27559,22029414.00,3.01,1.38,0.11,0.87
2020-03-25,8.20,8.09,8.24,8.08,53154,43238349.00,1.98,0.12,0.01,1.67
2020-03-26,8.08,8.07,8.16,8.02,34214,27694210.00,1.73,-0.25,-0.02,1.08
2020-03-27,8.10,8.06,8.18,8.04,31085,25211836.00,1.73,-0.12,-0.01,0.98
2020-03-30,8.06,7.91,8.06,7.87,31712,25092458.00,2.36,-1.86,-0.15,1.00
2020-03-31,7.95,7.81,7.99,7.81,29194,23054210.00,2.28,-1.26,-0.10,0.92
2020-04-01,7.80,7.74,7.86,7.72,24942,19425093.00,1.79,-0.90,-0.07,0.78
2020-04-02,7.70,7.85,7.85,7.67,21041,16376861.00,2.33,1.42,0.11,0.66
2020-04-03,7.82,7.84,7.92,7.80,22077,17332620.00,1.53,-0.13,-0.01,0.69
2020-04-07,7.92,8.04,8.05,7.90,36818,29348522.00,1.91,2.55,0.20,1.16
2020-04-08,8.00,8.09,8.13,7.95,35468,28607933.00,2.24,0.62,0.05,1.12
2020-04-09,8.13,8.13,8.16,8.06,32173,26132727.00,1.24,0.49,0.04,1.01
2020-04-10,8.16,8.00,8.21,7.99,42859,34710139.00,2.71,-1.60,-0.13,1.35
2020-04-13,7.97,8.13,8.19,7.96,42749,34715182.00,2.88,1.63,0.13,1.35
2020-04-14,8.09,8.29,8.34,8.07,59523,48934509.00,3.32,1.97,0.16,1.87
2020-04-15,8.26,8.50,8.66,8.25,110520,93406719.00,4.95,2.53,0.21,3.48
2020-04-16,8.45,8.58,8.60,8.38,88636,75511181.00,2.59,0.94,0.08,2.79
2020-04-17,8.52,8.34,8.55,8.31,64095,53928569.00,2.80,-2.80,-0.24,2.02
2020-04-20,8.35,8.40,8.49,8.34,51413,43290231.00,1.80,0.72,0.06,1.62
2020-04-21,8.41,8.32,8.48,8.30,44446,37208233.00,2.14,-0.95,-0.08,1.40
2020-04-22,8.30,8.39,8.44,8.20,40524,33666541.00,2.88,0.84,0.07,1.28
2020-04-23,8.43,8.42,8.58,8.37,58313,49544377.00,2.50,0.36,0.03,1.83
2020-04-24,8.42,8.26,8.44,8.16,41489,34315614.00,3.33,-1.90,-0.16,1.31
2020-04-27,8.32,8.52,8.61,8.32,76528,65088706.00,3.51,3.15,0.26,2.41
2020-04-28,8.45,8.26,8.54,7.98,57399,47403067.00,6.57,-3.05,-0.26,1.81
2020-04-29,8.17,8.31,8.34,8.17,40395,33372817.00,2.06,0.61,0.05,1.27
2020-04-30,8.39,8.51,8.56,8.24,75592,63211913.00,3.85,2.41,0.20,2.38
2020-05-06,8.41,8.55,8.55,8.39,60158,50987721.00,1.88,0.47,0.04,1.89
2020-05-07,8.68,8.45,8.84,8.39,103886,89402733.00,5.26,-1.17,-0.10,3.27
2020-05-08,8.46,8.43,8.54,8.40,64378,54407718.00,1.66,-0.24,-0.02,2.03
2020-05-11,8.41,8.30,8.46,8.28,57711,48156119.00,2.14,-1.54,-0.13,1.82
2020-05-12,8.30,8.31,8.35,8.23,35904,29755362.00,1.45,0.12,0.01,1.13
2020-05-13,8.25,8.30,8.32,8.20,36458,30124346.00,1.44,-0.12,-0.01,1.15
2020-05-14,8.25,8.13,8.31,8.12,43465,35681655.00,2.29,-2.05,-0.17,1.37
2020-05-15,8.16,8.14,8.22,8.12,23440,19121347.00,1.23,0.12,0.01,0.74
2020-05-18,8.13,8.24,8.31,8.10,39730,32608577.00,2.58,1.23,0.10,1.25
2020-05-19,8.28,8.25,8.31,8.20,27672,22818069.00,1.33,0.12,0.01,0.87
2020-05-20,8.26,8.12,8.27,8.10,32024,26099576.00,2.06,-1.58,-0.13,1.01
2020-05-21,8.13,8.03,8.18,8.00,34148,27630815.00,2.22,-1.11,-0.09,1.07
2020-05-22,8.01,7.97,8.10,7.91,25729,20609089.00,2.37,-0.75,-0.06,0.81
2020-05-25,7.93,7.90,7.99,7.86,23035,18235487.00,1.63,-0.88,-0.07,0.72
2020-05-26,7.90,7.98,7.99,7.90,26461,21035355.00,1.14,1.01,0.08,0.83
2020-05-27,8.00,7.91,8.00,7.88,22510,17863967.00,1.50,-0.88,-0.07,0.71
2020-05-28,7.90,7.90,7.94,7.81,24624,19412821.00,1.64,-0.13,-0.01,0.77
2020-05-29,7.85,7.96,7.98,7.85,19797,15729200.00,1.65,0.76,0.06,0.62
2020-06-01,7.98,8.12,8.13,7.98,32744,26464190.00,1.88,2.01,0.16,1.03
2020-06-02,8.12,8.12,8.17,8.09,26030,21144458.00,0.99,0.00,0.00,0.82
2020-06-03,8.15,8.16,8.26,8.12,34483,28240577.00,1.72,0.49,0.04,1.08
2020-06-04,8.16,8.17,8.23,8.13,25308,20703292.00,1.23,0.12,0.01,0.80
2020-06-05,8.18,8.13,8.20,8.09,34578,28128953.00,1.35,-0.49,-0.04,1.09
2020-06-08,8.02,7.98,8.06,7.97,21823,17474840.00,1.11,-1.85,-0.15,0.69
2020-06-09,7.97,8.05,8.07,7.96,28835,23093546.00,1.38,0.88,0.07,0.91
2020-06-10,8.05,8.18,8.18,8.00,48638,39446707.00,2.24,1.61,0.13,1.53
2020-06-11,8.16,8.20,8.37,8.12,73970,61022993.00,3.06,0.24,0.02,2.33
2020-06-12,8.12,8.44,8.45,8.08,94673,79087626.00,4.51,2.93,0.24,2.98
2020-06-15,8.50,8.36,8.54,8.34,95231,80288288.00,2.37,-0.95,-0.08,3.00
2020-06-16,8.40,8.61,8.68,8.34,115794,98926688.00,4.07,2.99,0.25,3.64
2020-06-17,8.61,8.90,9.04,8.51,177221,155860878.00,6.16,3.37,0.29,5.58
2020-06-18,8.81,8.56,8.82,8.55,122540,106170294.00,3.03,-3.82,-0.34,3.86
2020-06-19,8.54,8.48,8.58,8.41,66498,56445391.00,1.99,-0.93,-0.08,2.09
2020-06-22,8.50,8.58,8.67,8.46,60693,51935512.00,2.48,1.18,0.10,1.91
2020-06-23,8.58,8.47,8.66,8.44,59976,51140974.00,2.56,-1.28,-0.11,1.89
2020-06-24,8.46,8.47,8.51,8.37,46499,39264384.00,1.65,0.00,0.00,1.46
2020-06-29,8.47,8.44,8.66,8.42,52850,45103070.00,2.83,-0.35,-0.03,1.66
2020-06-30,8.46,8.64,8.65,8.44,83953,71899957.00,2.49,2.37,0.20,2.64
2020-07-01,8.69,8.55,8.69,8.49,66855,57201639.00,2.31,-1.04,-0.09,2.10
2020-07-02,8.55,8.62,8.62,8.49,81573,69872882.00,1.52,0.82,0.07,2.57
2020-07-03,8.60,8.68,8.73,8.51,94589,81456757.00,2.55,0.70,0.06,2.98
2020-07-06,8.75,8.95,8.95,8.67,134098,118193482.00,3.23,3.11,0.27,4.22
2020-07-07,8.94,8.86,9.05,8.80,128508,114669686.00,2.79,-1.01,-0.09,4.04
2020-07-08,8.88,8.93,8.95,8.79,92278,81925032.00,1.81,0.79,0.07,2.90
2020-07-09,8.96,9.28,9.36,8.90,141675,130653021.00,5.15,3.92,0.35,4.46
2020-07-10,9.27,9.28,9.63,9.15,126548,118657300.00,5.17,0.00,0.00,3.98
2020-07-13,9.30,10.00,10.10,9.30,177003,173221376.00,8.62,7.76,0.72,5.57
2020-07-14,10.15,10.14,10.36,9.83,185388,186443680.00,5.30,1.40,0.14,5.83
2020-07-15,10.12,9.72,10.26,9.68,140260,139441517.00,5.72,-4.14,-0.42,4.41
2020-07-16,9.71,9.16,9.75,9.08,137893,129925347.00,6.89,-5.76,-0.56,4.34
2020-07-17,8.94,9.23,9.35,8.94,86144,79268032.00,4.48,0.76,0.07,2.71
2020-07-20,9.28,9.52,9.55,9.28,85483,80811945.00,2.93,3.14,0.29,2.69
2020-07-21,9.48,9.42,9.64,9.30,84158,79779839.00,3.57,-1.05,-0.10,2.65
2020-07-22,9.41,9.43,9.55,9.30,70998,67200692.00,2.65,0.11,0.01,2.23
2020-07-23,9.33,9.45,9.48,9.10,92970,86474274.00,4.03,0.21,0.02,2.93
2020-07-24,9.45,9.01,9.48,8.96,89079,81826731.00,5.50,-4.66,-0.44,2.80
2020-07-27,9.02,8.92,9.13,8.85,49048,43889021.00,3.11,-1.00,-0.09,1.54
2020-07-28,8.92,9.04,9.11,8.91,46640,42079927.00,2.24,1.35,0.12,1.47
2020-07-29,9.04,9.48,9.58,8.92,113064,105601456.00,7.30,4.87,0.44,3.56
2020-07-30,9.63,9.72,9.99,9.54,216160,212295046.00,4.75,2.53,0.24,6.80
2020-07-31,9.67,9.94,9.99,9.53,164435,161002632.00,4.73,2.26,0.22,5.17
2020-08-03,10.10,10.93,10.93,9.99,224307,232963173.00,9.46,9.96,0.99,7.06
2020-08-04,10.81,10.87,12.02,10.55,404852,453488656.00,13.45,-0.55,-0.06,12.74
2020-08-05,10.54,10.83,11.07,10.45,190815,205160644.00,5.70,-0.37,-0.04,6.00
2020-08-06,10.83,10.50,11.05,10.35,161335,171128046.00,6.46,-3.05,-0.33,5.08
2020-08-07,10.53,10.38,10.74,10.20,122627,127372182.00,5.14,-1.14,-0.12,3.86
2020-08-10,10.36,10.37,10.48,10.20,100852,104523622.00,2.70,-0.10,-0.01,3.17
2020-08-11,10.54,10.42,10.85,10.38,195959,208213462.00,4.53,0.48,0.05,6.17
2020-08-12,10.45,10.12,10.45,9.93,127269,128592611.00,4.99,-2.88,-0.30,4.00
2020-08-13,10.16,10.08,10.22,10.00,65955,66594849.00,2.17,-0.40,-0.04,2.08
2020-08-14,10.09,10.43,10.45,10.02,99660,102234021.00,4.27,3.47,0.35,3.14
2020-08-17,10.40,10.54,10.61,10.34,89046,93636772.00,2.59,1.05,0.11,2.80
2020-08-18,10.54,10.47,10.78,10.43,81296,85787731.00,3.32,-0.66,-0.07,2.56
2020-08-19,10.45,10.20,10.47,10.16,79721,81786439.00,2.96,-2.58,-0.27,2.51
2020-08-20,10.15,10.23,10.26,10.07,52813,53784717.00,1.86,0.29,0.03,1.66
2020-08-21,10.23,10.30,10.32,10.21,53881,55315017.00,1.08,0.68,0.07,1.70
2020-08-24,10.28,10.13,10.37,10.08,58429,59501405.00,2.82,-1.65,-0.17,1.84
2020-08-25,10.17,10.07,10.25,10.00,56158,56799239.00,2.47,-0.59,-0.06,1.77
2020-08-26,10.07,9.97,10.15,9.91,62644,62752327.00,2.38,-0.99,-0.10,1.97
2020-08-27,9.94,10.03,10.05,9.87,41734,41556944.00,1.81,0.60,0.06,1.31
2020-08-28,9.97,10.22,10.23,9.96,57337,58092393.00,2.69,1.89,0.19,1.80
2020-08-31,10.24,10.11,10.27,10.10,55136,56189455.00,1.66,-1.08,-0.11,1.73
2020-09-01,10.13,10.04,10.15,9.91,40639,40716967.00,2.37,-0.69,-0.07,1.28
2020-09-02,10.05,10.21,10.23,9.99,52644,53131850.00,2.39,1.69,0.17,1.66
2020-09-03,10.18,10.07,10.29,10.05,53830,54753897.00,2.35,-1.37,-0.14,1.69
2020-09-04,9.90,9.69,9.93,9.62,101481,99209120.00,3.08,-3.77,-0.38,3.19
2020-09-07,9.64,9.64,9.77,9.61,63921,61865738.00,1.65,-0.52,-0.05,2.01
2020-09-08,9.63,9.50,9.64,9.30,91818,86572803.00,3.53,-1.45,-0.14,2.89
2020-09-17,8.81,8.75,8.86,8.62,39409,34377344.00,2.53,-7.89,-0.75,1.04
2020-09-18,8.73,8.82,8.83,8.68,34766,30463499.00,1.71,0.80,0.07,0.92
2020-09-21,8.80,8.78,8.87,8.74,28777,25290146.00,1.47,-0.45,-0.04,0.76
2020-09-22,8.74,8.85,8.93,8.71,37518,33211108.00,2.51,0.80,0.07,0.99
2020-09-23,8.84,9.01,9.03,8.82,31084,27771698.00,2.37,1.81,0.16,0.82
2020-09-24,8.92,8.80,9.06,8.76,35461,31504107.00,3.33,-2.33,-0.21,0.93
2020-09-25,8.80,8.78,8.93,8.70,22154,19512601.00,2.61,-0.23,-0.02,0.58
2020-09-28,8.80,8.54,8.80,8.51,23740,20420815.00,3.30,-2.73,-0.24,0.63
2020-09-29,8.56,8.60,8.66,8.52,17751,15277063.00,1.64,0.70,0.06,0.47
2020-09-30,8.59,8.60,8.70,8.52,14214,12232390.00,2.09,0.00,0.00,0.37
2020-10-09,8.69,8.89,8.91,8.66,34035,30077058.00,2.91,3.37,0.29,0.90
2020-10-12,8.89,9.01,9.03,8.86,35258,31626167.00,1.91,1.35,0.12,0.93
2020-10-13,8.96,8.94,9.03,8.92,33978,30452640.00,1.22,-0.78,-0.07,0.90
2020-10-14,8.93,8.80,8.93,8.79,34504,30511009.00,1.57,-1.57,-0.14,0.91
2020-10-15,8.81,8.74,8.84,8.74,23589,20714540.00,1.14,-0.68,-0.06,0.62
2020-10-16,8.75,8.83,8.85,8.67,37824,33050700.00,2.06,1.03,0.09,1.00
2020-10-19,8.84,8.77,8.98,8.75,36015,31967268.00,2.60,-0.68,-0.06,0.95
2020-10-20,8.75,8.82,8.84,8.67,19963,17447842.00,1.94,0.57,0.05,0.53
2020-10-21,8.82,8.85,8.92,8.78,32354,28625926.00,1.59,0.34,0.03,0.85
2020-10-22,8.85,8.75,8.85,8.69,23003,20108457.00,1.81,-1.13,-0.10,0.61
2020-10-23,8.76,8.67,8.90,8.65,26981,23583999.00,2.86,-0.91,-0.08,0.71
2020-10-26,8.64,8.66,8.77,8.58,31915,27715270.00,2.19,-0.12,-0.01,0.84
2020-10-27,8.71,8.72,8.81,8.68,26272,22954115.00,1.50,0.69,0.06,0.69
2020-10-28,8.70,8.79,8.79,8.64,26701,23304287.00,1.72,0.80,0.07,0.70
2020-10-29,8.73,8.85,8.88,8.65,40995,36173677.00,2.62,0.68,0.06,1.08
2020-10-30,8.85,8.60,8.87,8.60,42690,37349231.00,3.05,-2.82,-0.25,1.12
2020-11-02,8.62,8.63,8.66,8.53,29671,25534977.00,1.51,0.35,0.03,0.78
2020-11-03,8.65,8.78,8.81,8.59,30293,26409772.00,2.55,1.74,0.15,0.80
2020-11-04,8.75,8.69,8.78,8.64,22900,19910600.00,1.59,-1.03,-0.09,0.60
2020-11-05,8.73,8.82,8.87,8.72,35465,31233570.00,1.73,1.50,0.13,0.93
2020-11-06,8.83,8.94,8.94,8.74,44072,39009550.00,2.27,1.36,0.12,1.16
2020-11-09,8.97,8.96,9.05,8.92,59431,53349861.00,1.45,0.22,0.02,1.57
2020-11-10,8.98,8.86,9.02,8.82,36437,32470056.00,2.23,-1.12,-0.10,0.96
2020-11-11,8.86,8.87,8.97,8.76,36078,31902100.00,2.37,0.11,0.01,0.95
2020-11-12,8.90,8.85,8.92,8.81,22402,19856042.00,1.24,-0.23,-0.02,0.59
2020-11-13,8.82,8.85,8.87,8.77,20566,18123560.00,1.13,0.00,0.00,0.54
2020-11-16,8.88,9.06,9.06,8.80,50742,45580751.00,2.94,2.37,0.21,1.34
2020-11-17,9.12,9.04,9.12,8.98,38533,34815165.00,1.55,-0.22,-0.02,1.02
2020-11-18,8.98,9.14,9.17,8.98,46478,42352604.00,2.10,1.11,0.10,1.22
2020-11-19,9.12,9.41,9.46,9.07,112833,105598220.00,4.27,2.95,0.27,2.97
2020-11-20,9.36,9.38,9.43,9.26,51959,48513791.00,1.81,-0.32,-0.03,1.37
2020-11-23,9.36,9.33,9.48,9.26,47061,43882074.00,2.35,-0.53,-0.05,1.24
2020-11-24,9.30,9.22,9.35,9.18,36582,33778953.00,1.82,-1.18,-0.11,0.96
2020-11-25,9.24,9.19,9.28,9.14,42297,38948874.00,1.52,-0.33,-0.03,1.11
2020-11-26,9.18,9.09,9.29,9.07,40671,37204846.00,2.39,-1.09,-0.10,1.07
2020-11-27,9.10,9.14,9.15,9.03,29490,26796664.00,1.32,0.55,0.05,0.78
2020-11-30,9.13,9.14,9.20,9.08,29442,26853875.00,1.31,0.00,0.00,0.78
2020-12-01,9.13,9.25,9.29,9.11,38937,35935895.00,1.97,1.20,0.11,1.03
2020-12-02,9.25,9.16,9.27,9.14,27254,25029988.00,1.41,-0.97,-0.09,0.72
2020-12-03,9.19,9.13,9.20,9.10,28179,25758029.00,1.09,-0.33,-0.03,0.74
2020-12-04,9.12,9.15,9.20,9.10,21662,19810342.00,1.10,0.22,0.02,0.57
2020-12-07,9.19,8.96,9.19,8.96,39438,35660135.00,2.51,-2.08,-0.19,1.04
2020-12-08,8.95,8.79,8.99,8.78,36292,32138115.00,2.34,-1.90,-0.17,0.96
2020-12-09,8.81,8.57,8.89,8.55,37933,32914824.00,3.87,-2.50,-0.22,1.00
2020-12-10,8.53,8.68,8.72,8.53,24438,21138779.00,2.22,1.28,0.11,0.64
2020-12-11,8.69,8.41,8.70,8.21,46909,39644781.00,5.65,-3.11,-0.27,1.24
2020-12-14,8.40,8.46,8.48,8.30,18428,15498310.00,2.14,0.59,0.05,0.49
2020-12-15,8.48,8.50,8.53,8.42,17092,14512493.00,1.30,0.47,0.04,0.45
2020-12-16,8.51,8.44,8.55,8.41,20047,16976504.00,1.65,-0.71,-0.06,0.53
2020-12-17,8.41,8.53,8.55,8.32,21865,18459619.00,2.73,1.07,0.09,0.58
2020-12-18,8.54,8.39,8.54,8.39,21734,18347307.00,1.76,-1.64,-0.14,0.57
2020-12-21,8.36,8.44,8.48,8.26,28402,23732863.00,2.62,0.60,0.05,0.75
2020-12-22,8.40,8.37,8.57,8.34,33227,28052411.00,2.73,-0.83,-0.07,0.88
2020-12-23,8.34,8.20,8.35,8.15,46440,38205084.00,2.39,-2.03,-0.17,1.22
2020-12-24,8.20,7.94,8.20,7.88,46160,36943917.00,3.90,-3.17,-0.26,1.22
2020-12-25,7.92,7.98,8.01,7.85,16068,12783642.00,2.02,0.50,0.04,0.42
2020-12-28,7.99,7.81,8.03,7.77,23102,18171908.00,3.26,-2.13,-0.17,0.61
2020-12-29,7.79,7.88,7.96,7.71,21457,16786993.00,3.20,0.90,0.07,0.57
2020-12-30,7.85,7.86,7.89,7.73,19870,15552864.00,2.03,-0.25,-0.02,0.52
2020-12-31,7.86,7.93,7.96,7.86,21751,17235377.00,1.27,0.89,0.07,0.58
2021-01-04,7.96,7.93,7.99,7.86,34641,27380882.00,1.64,0.00,0.00,0.92
2021-01-05,7.92,7.93,7.99,7.84,28762,22719051.00,1.89,0.00,0.00,0.76
2021-01-06,7.90,7.89,7.95,7.85,21372,16860002.00,1.26,-0.50,-0.04,0.57
2021-01-07,7.89,7.56,7.89,7.50,51193,39163400.00,4.94,-4.18,-0.33,1.35
2021-01-08,7.52,7.58,7.63,7.34,28232,21184666.00,3.84,0.26,0.02,0.75
2021-01-11,7.58,7.30,7.63,7.25,35484,26213796.00,5.01,-3.69,-0.28,0.94
2021-01-12,7.30,7.54,7.56,7.30,37590,28192268.00,3.56,3.29,0.24,0.99
2021-01-13,7.51,7.40,7.52,7.31,27320,20186426.00,2.79,-1.86,-0.14,0.72
2021-01-14,7.36,7.47,7.54,7.35,21663,16168594.00,2.57,0.95,0.07,0.57
2021-01-15,7.47,7.54,7.58,7.41,18751,14108211.00,2.28,0.94,0.07,0.50
2021-01-18,7.54,7.65,7.67,7.49,24652,18775195.00,2.39,1.46,0.11,0.65
2021-01-19,7.65,7.65,7.72,7.59,20256,15499668.00,1.70,0.00,0.00,0.54
2021-01-20,7.64,7.61,7.68,7.56,17674,13432252.00,1.57,-0.52,-0.04,0.47
2021-01-21,7.64,7.66,7.71,7.63,18851,14474459.00,1.05,0.66,0.05,0.50
2021-01-22,7.64,7.61,7.72,7.56,22703,17322696.00,2.09,-0.65,-0.05,0.60
2021-01-25,7.60,7.37,7.64,7.30,28247,20968811.00,4.47,-3.15,-0.24,0.75
2021-01-26,7.36,7.31,7.40,7.27,23233,17001562.00,1.76,-0.81,-0.06,0.61
2021-01-27,7.30,7.37,7.40,7.28,16472,12109107.00,1.64,0.82,0.06,0.44
2021-01-28,7.30,7.32,7.45,7.27,17026,12507806.00,2.44,-0.68,-0.05,0.45
2021-01-29,7.32,7.18,7.34,7.13,26006,18830723.00,2.87,-1.91,-0.14,0.69
2021-02-01,7.13,7.24,7.25,7.10,17256,12397726.00,2.09,0.84,0.06,0.46
2021-02-02,7.23,7.20,7.30,7.19,18204,13180259.00,1.52,-0.55,-0.04,0.48
2021-02-03,7.20,7.10,7.21,7.10,17161,12282478.00,1.53,-1.39,-0.10,0.45
2021-02-04,7.11,6.88,7.16,6.77,32814,22633461.00,5.49,-3.10,-0.22,0.87
2021-02-05,6.86,6.82,6.97,6.80,18686,12873256.00,2.47,-0.87,-0.06,0.49
2021-02-08,6.81,6.92,6.95,6.80,17661,12198262.00,2.20,1.47,0.10,0.47
2021-02-09,6.90,7.19,7.24,6.86,31782,22390145.00,5.49,3.90,0.27,0.84
2021-02-10,7.16,7.14,7.22,7.11,23159,16556410.00,1.53,-0.70,-0.05,0.61
2021-02-18,7.20,7.23,7.25,7.17,21523,15527917.00,1.12,1.26,0.09,0.57
2021-02-19,7.20,7.45,7.45,7.20,34652,25478198.00,3.46,3.04,0.22,0.92
2021-02-22,7.45,7.45,7.63,7.43,38710,29167306.00,2.68,0.00,0.00,1.02
2021-02-23,7.45,7.45,7.53,7.37,20001,14904794.00,2.15,0.00,0.00,0.53
2021-02-24,7.45,7.48,7.54,7.42,20436,15296375.00,1.61,0.40,0.03,0.54
2021-02-25,7.50,7.44,7.52,7.41,16528,12307006.00,1.47,-0.53,-0.04,0.44
2021-02-26,7.39,7.45,7.47,7.33,20082,14900745.00,1.88,0.13,0.01,0.53
2021-03-01,7.48,7.57,7.60,7.46,24030,18099463.00,1.88,1.61,0.12,0.64
2021-03-02,7.55,7.45,7.62,7.43,17975,13469866.00,2.51,-1.59,-0.12,0.48
2021-03-03,7.45,7.55,7.57,7.45,17739,13346850.00,1.61,1.34,0.10,0.47
2021-03-04,7.55,7.54,7.63,7.50,25395,19220914.00,1.72,-0.13,-0.01,0.67
2021-03-05,7.56,7.62,7.64,7.51,21600,16391307.00,1.72,1.06,0.08,0.57
2021-03-08,7.63,7.49,7.69,7.48,21364,16220652.00,2.76,-1.71,-0.13,0.56
2021-03-09,7.49,7.40,7.52,7.26,26781,19821213.00,3.47,-1.20,-0.09,0.71
2021-03-10,7.40,7.27,7.45,7.26,16342,11986113.00,2.57,-1.76,-0.13,0.43
2021-03-11,7.25,7.39,7.39,7.24,15367,11265329.00,2.06,1.65,0.12,0.41
2021-03-12,7.39,7.36,7.39,7.29,14228,10435525.00,1.35,-0.41,-0.03,0.38
2021-03-15,7.33,7.32,7.37,7.27,13517,9901153.00,1.36,-0.54,-0.04,0.36
2021-03-16,7.32,7.42,7.43,7.32,17351,12813557.00,1.50,1.37,0.10,0.46
2021-03-17,7.42,7.45,7.46,7.35,16865,12516805.00,1.48,0.40,0.03,0.45
2021-03-18,7.49,7.53,7.60,7.48,37364,28175344.00,1.61,1.07,0.08,0.99
2021-03-19,7.49,7.46,7.58,7.43,25217,18938438.00,1.99,-0.93,-0.07,0.67
2021-03-22,7.43,7.54,7.56,7.43,19977,14983846.00,1.74,1.07,0.08,0.53
2021-03-23,7.52,7.49,7.55,7.45,19725,14784730.00,1.33,-0.66,-0.05,0.52
2021-03-24,7.51,7.57,7.58,7.47,25554,19269288.00,1.47,1.07,0.08,0.68
2021-03-25,7.57,7.42,7.59,7.38,27976,20888036.00,2.77,-1.98,-0.15,0.74
2021-03-26,7.42,7.53,7.55,7.42,18669,14002110.00,1.75,1.48,0.11,0.49
2021-03-29,7.52,7.54,7.55,7.48,16046,12063258.00,0.93,0.13,0.01,0.42
2021-03-30,7.54,7.39,7.57,7.38,24295,18084151.00,2.52,-1.99,-0.15,0.64
2021-03-31,7.39,7.42,7.47,7.35,16882,12518976.00,1.62,0.41,0.03,0.45
2021-04-01,7.44,7.38,7.44,7.34,19510,14388898.00,1.35,-0.54,-0.04,0.52
2021-04-02,7.38,7.40,7.42,7.35,12299,9095154.00,0.95,0.27,0.02,0.33
2021-04-06,7.41,7.52,7.54,7.37,18534,13850072.00,2.30,1.62,0.12,0.49
2021-04-07,7.53,7.56,7.57,7.44,22037,16554871.00,1.73,0.53,0.04,0.58
2021-04-08,7.56,7.49,7.57,7.49,20659,15561095.00,1.06,-0.93,-0.07,0.55
2021-04-09,7.50,7.55,7.55,7.46,16171,12142462.00,1.20,0.80,0.06,0.43
2021-04-12,7.54,7.49,7.63,7.49,24368,18410931.00,1.85,-0.79,-0.06,0.64
2021-04-13,7.51,7.35,7.51,7.32,24110,17839629.00,2.54,-1.87,-0.14,0.64
2021-04-14,7.35,7.59,7.60,7.33,33521,25181984.00,3.67,3.27,0.24,0.89
2021-04-15,7.56,7.78,7.79,7.56,56533,43387291.00,3.03,2.50,0.19,1.49
2021-04-16,7.76,7.72,7.79,7.68,35491,27451132.00,1.41,-0.77,-0.06,0.94
2021-04-19,7.71,7.78,7.83,7.67,35297,27426595.00,2.07,0.78,0.06,0.93
2021-04-20,7.78,7.77,7.81,7.73,22476,17461361.00,1.03,-0.13,-0.01,0.59
2021-04-21,7.74,7.79,7.88,7.62,27819,21624685.00,3.35,0.26,0.02,0.74
2021-04-22,7.78,7.72,7.80,7.71,21154,16372224.00,1.16,-0.90,-0.07,0.56
2021-04-23,7.68,7.70,7.75,7.61,20971,16085499.00,1.81,-0.26,-0.02,0.55
2021-04-26,7.70,7.70,7.83,7.67,31946,24819011.00,2.08,0.00,0.00,0.84
2021-04-27,7.65,7.85,7.85,7.54,36707,28232264.00,4.03,1.95,0.15,0.97
2021-04-28,7.85,7.80,7.88,7.68,39713,30853764.00,2.55,-0.64,-0.05,1.05
2021-04-29,7.78,7.93,8.13,7.75,74928,59500778.00,4.87,1.67,0.13,1.98
2021-04-30,7.88,7.92,7.97,7.81,39048,30765156.00,2.02,-0.13,-0.01,1.03
2021-05-06,7.92,8.04,8.07,7.84,44630,35725009.00,2.90,1.52,0.12,1.18
2021-05-07,8.03,7.80,8.03,7.80,41748,32965791.00,2.86,-2.99,-0.24,1.10
2021-05-10,7.84,7.84,7.87,7.72,22217,17302545.00,1.92,0.51,0.04,0.59
2021-05-11,7.83,7.94,7.95,7.66,33627,26204950.00,3.70,1.28,0.10,0.89
2021-05-12,7.90,7.95,7.97,7.86,26796,21197340.00,1.39,0.13,0.01,0.71
2021-05-13,7.92,8.04,8.18,7.81,57225,46100408.00,4.65,1.13,0.09,1.51
2021-05-14,8.08,8.15,8.18,8.04,48306,39296511.00,1.74,1.37,0.11,1.28
2021-05-17,8.16,7.99,8.19,7.95,40527,32641583.00,2.94,-1.96,-0.16,1.07
2021-05-18,7.95,8.04,8.05,7.87,26017,20750214.00,2.25,0.63,0.05,0.69
2021-05-19,8.07,8.10,8.13,7.95,36029,28993449.00,2.24,0.75,0.06,0.95
2021-05-20,8.07,8.27,8.37,8.01,80233,66079473.00,4.44,2.10,0.17,2.12
2021-05-21,8.46,8.22,8.88,8.15,160761,136332862.00,8.83,-0.60,-0.05,4.25
2021-05-24,8.06,8.21,8.28,8.06,64753,52860883.00,2.68,-0.12,-0.01,1.71
2021-05-25,8.15,8.21,8.25,8.13,47439,38873993.00,1.46,0.00,0.00,1.25
2021-05-26,8.16,8.39,8.42,8.13,78525,65127101.00,3.53,2.19,0.18,2.08
2021-05-27,8.39,8.32,8.40,8.29,45064,37546892.00,1.31,-0.83,-0.07,1.19
2021-05-28,8.32,8.65,8.80,8.32,123999,106747838.00,5.77,3.97,0.33,3.28
2021-05-31,8.65,8.93,8.96,8.58,118974,105132539.00,4.39,3.24,0.28,3.15
2021-06-01,8.84,8.89,8.97,8.71,88623,78269144.00,2.91,-0.45,-0.04,2.34
2021-06-02,8.89,8.55,8.90,8.52,83247,71856318.00,4.27,-3.82,-0.34,2.20
2021-06-03,8.34,8.26,8.48,8.25,61533,51335769.00,2.69,-3.39,-0.29,1.63
2021-06-04,8.26,8.24,8.31,8.10,44359,36350361.00,2.54,-0.24,-0.02,1.17
2021-06-07,8.23,8.06,8.23,8.00,61357,49684571.00,2.79,-2.18,-0.18,1.62
2021-06-08,8.06,7.96,8.16,7.92,46589,37338541.00,2.98,-1.24,-0.10,1.23
2021-06-09,7.99,8.05,8.08,7.95,27795,22332185.00,1.63,1.13,0.09,0.73
2021-06-10,8.05,7.93,8.05,7.92,31731,25235575.00,1.61,-1.49,-0.12,0.84
2021-06-11,7.95,7.91,7.99,7.89,23440,18587155.00,1.26,-0.25,-0.02,0.62
2021-06-15,7.88,7.74,7.90,7.69,30022,23286380.00,2.65,-2.15,-0.17,0.79
2021-06-16,7.79,7.77,7.82,7.67,20721,16074961.00,1.94,0.39,0.03,0.55
2021-06-17,7.76,7.78,7.81,7.70,15923,12364297.00,1.42,0.13,0.01,0.42
2021-06-18,7.78,7.84,7.84,7.73,18841,14654296.00,1.41,0.77,0.06,0.50
2021-06-21,7.80,7.87,7.87,7.78,19218,15057385.00,1.15,0.38,0.03,0.51
2021-06-22,7.85,7.98,7.98,7.84,19681,15591655.00,1.78,1.40,0.11,0.52
2021-06-23,7.97,7.93,8.00,7.88,18181,14399761.00,1.50,-0.63,-0.05,0.48
2021-06-24,7.93,7.80,7.94,7.77,27518,21479088.00,2.14,-1.64,-0.13,0.73
2021-06-25,7.77,7.81,7.83,7.76,17408,13566001.00,0.90,0.13,0.01,0.46
2021-06-28,7.79,7.77,7.83,7.74,18128,14088249.00,1.15,-0.51,-0.04,0.48
2021-06-29,7.78,7.59,7.78,7.58,28629,21921687.00,2.57,-2.32,-0.18,0.76
2021-06-30,7.67,7.65,7.70,7.58,16079,12272073.00,1.58,0.79,0.06,0.43
2021-07-01,7.62,7.78,7.90,7.62,49215,38470821.00,3.66,1.70,0.13,1.30
2021-07-02,7.76,7.66,7.82,7.63,24473,18879032.00,2.44,-1.54,-0.12,0.65
2021-07-05,7.65,7.66,7.70,7.60,18548,14171098.00,1.31,0.00,0.00,0.49
2021-07-06,7.67,7.59,7.69,7.54,22302,16908420.00,1.96,-0.91,-0.07,0.59
2021-07-07,7.55,7.57,7.60,7.47,14909,11268820.00,1.71,-0.26,-0.02,0.39
2021-07-08,7.56,7.35,7.57,7.30,47194,34912600.00,3.57,-2.91,-0.22,1.25
2021-07-09,7.32,7.40,7.41,7.30,20009,14741719.00,1.50,0.68,0.05,0.53
2021-07-12,7.41,7.47,7.48,7.38,21195,15771989.00,1.35,0.95,0.07,0.56
2021-07-13,7.46,7.50,7.52,7.42,22519,16830078.00,1.34,0.40,0.03,0.60
2021-07-14,7.47,7.46,7.53,7.43,16557,12382563.00,1.33,-0.53,-0.04,0.44
2021-07-15,7.46,7.38,7.48,7.31,23522,17354963.00,2.28,-1.07,-0.08,0.62
2021-07-16,7.37,7.43,7.45,7.36,12305,9115677.00,1.22,0.68,0.05,0.33
