2017-06-06,13.31,13.31,13.31,13.31,48,63688.00,0.00,10.00,1.21,0.02
2017-06-07,14.64,14.64,14.64,14.64,20,29924.00,0.00,9.99,1.33,0.01
2017-06-08,16.10,16.10,16.10,16.10,64,103748.00,0.00,9.97,1.46,0.02
2017-06-09,17.71,17.71,17.71,17.71,219,388132.00,0.00,10.00,1.61,0.07
2017-06-12,19.48,19.48,19.48,19.48,435,847126.00,0.00,9.99,1.77,0.14
2017-06-13,21.43,21.43,21.43,21.43,416,891659.00,0.00,10.01,1.95,0.14
2017-06-14,23.57,23.57,23.57,23.57,589,1387778.00,0.00,9.99,2.14,0.19
2017-06-15,25.93,25.93,25.93,25.93,1541,3994568.00,0.00,10.01,2.36,0.50
2017-06-16,28.52,28.52,28.52,28.52,23725,67664156.00,0.00,9.99,2.59,7.76
2017-06-19,28.50,31.37,31.37,27.50,222289,668406656.00,13.57,9.99,2.85,72.74
2017-06-20,29.09,29.40,30.58,28.51,167239,493538224.00,6.60,-6.28,-1.97,54.72
2017-06-21,28.92,27.32,29.28,26.59,133034,371330800.00,9.15,-7.07,-2.08,43.53
2017-06-22,27.06,30.05,30.05,26.65,213580,628602208.00,12.45,9.99,2.73,69.89
2017-06-23,28.59,28.02,28.86,27.05,169812,475428592.00,6.02,-6.76,-2.03,55.57
2017-06-26,27.01,26.92,27.59,25.81,109484,291410320.00,6.35,-3.93,-1.10,35.83
2017-06-27,26.80,26.28,27.41,26.03,87591,233229954.00,5.13,-2.38,-0.64,28.66
2017-06-28,25.88,24.91,26.00,24.85,85674,215944347.00,4.38,-5.21,-1.37,28.03
2017-06-29,25.08,24.92,25.48,24.87,61162,153900283.00,2.45,0.04,0.01,20.01
2017-06-30,24.71,25.28,25.97,24.40,79785,202291583.00,6.30,1.44,0.36,26.11
2017-07-03,25.51,25.23,25.51,24.71,48241,120983608.00,3.16,-0.20,-0.05,15.79
2017-07-04,25.44,25.98,26.47,25.24,85021,219240146.00,4.88,2.97,0.75,27.82
2017-07-05,25.91,28.58,28.58,25.68,117997,325915008.00,11.16,10.01,2.60,38.61
2017-07-06,29.19,31.40,31.44,28.60,209004,624004560.00,9.94,9.87,2.82,68.39
2017-07-07,30.11,29.27,30.33,29.02,150297,445414224.00,4.17,-6.78,-2.13,49.18
2017-07-10,28.69,27.38,28.75,27.28,103725,288696608.00,5.02,-6.46,-1.89,33.94
2017-07-11,27.37,27.38,28.69,27.20,93926,262510234.00,5.44,0.00,0.00,30.74
2017-07-12,26.73,28.25,28.70,26.03,102095,278163600.00,9.75,3.18,0.87,33.41
2017-07-13,27.66,26.55,28.00,26.28,78395,212480616.00,6.09,-6.02,-1.70,25.65
2017-07-14,26.40,26.70,27.57,26.35,52819,142419651.00,4.60,0.56,0.15,17.28
2017-07-17,25.00,24.03,25.40,24.03,63411,155180988.00,5.13,-10.00,-2.67,20.75
2017-07-18,23.15,23.58,24.00,22.69,49997,116916780.00,5.45,-1.87,-0.45,16.36
2017-07-19,23.46,24.07,24.10,22.41,57298,133967723.00,7.17,2.08,0.49,18.75
2017-07-20,24.07,23.92,25.16,23.81,66278,162612204.00,5.61,-0.62,-0.15,21.69
2017-07-21,23.60,23.58,23.94,22.96,47405,110907015.00,4.10,-1.42,-0.34,15.51
2017-07-24,23.28,24.13,24.19,22.80,48320,113513599.00,5.89,2.33,0.55,15.81
2017-07-25,24.18,23.58,24.28,23.52,32116,76404887.00,3.15,-2.28,-0.55,10.51
2017-07-26,23.51,22.97,23.90,22.88,31694,73792829.00,4.33,-2.59,-0.61,10.37
2017-07-27,22.80,24.61,24.61,22.71,61840,146714581.00,8.27,7.14,1.64,20.24
2017-07-28,25.67,25.15,26.48,25.13,127811,329504912.00,5.49,2.19,0.54,41.82
2017-07-31,24.10,24.23,24.40,23.58,68294,163938156.00,3.26,-3.66,-0.92,22.35
2017-08-01,24.20,23.93,24.20,23.65,42531,101542911.00,2.27,-1.24,-0.30,13.92
2017-08-02,23.93,23.29,23.95,23.12,40318,94494270.00,3.47,-2.67,-0.64,13.19
2017-08-03,23.09,23.39,23.80,23.09,29036,68280428.00,3.05,0.43,0.10,9.50
2017-08-04,23.28,22.93,23.54,22.92,27731,64137112.00,2.65,-1.97,-0.46,9.07
2017-08-07,22.95,23.05,23.42,22.93,18804,43462944.00,2.14,0.52,0.12,6.15
2017-08-08,22.88,23.05,23.17,22.69,20445,46827949.00,2.08,0.00,0.00,6.69
2017-08-09,22.96,22.82,23.02,22.78,13774,31467818.00,1.04,-1.00,-0.23,4.51
2017-08-10,22.81,22.20,23.00,22.02,22075,49656651.00,4.29,-2.72,-0.62,7.22
2017-08-11,22.10,21.41,22.10,21.39,21538,46923126.00,3.20,-3.56,-0.79,7.05
2017-08-14,21.20,21.75,21.90,21.20,15270,33087016.00,3.27,1.59,0.34,5.00
2017-08-15,21.85,22.08,22.44,21.81,20259,44758393.00,2.90,1.52,0.33,6.63
2017-08-16,21.91,23.16,23.68,21.91,50779,116278479.00,8.02,4.89,1.08,16.62
2017-08-17,22.92,23.75,24.89,22.55,71750,169228913.00,10.10,2.55,0.59,23.48
2017-08-18,23.19,22.93,23.40,22.85,35079,80869397.00,2.32,-3.45,-0.82,11.48
2017-08-21,22.90,23.80,24.24,22.58,48050,112933100.00,7.24,3.79,0.87,15.72
2017-08-22,23.90,24.28,24.85,23.48,68507,164987181.00,5.76,2.02,0.48,22.42
2017-08-23,23.96,24.70,25.16,23.63,81699,200874803.00,6.30,1.73,0.42,26.73
2017-08-24,24.48,23.93,25.54,23.88,84612,209188679.00,6.72,-3.12,-0.77,27.69
2017-08-25,23.50,24.97,25.49,23.50,81764,202009987.00,8.32,4.35,1.04,26.76
2017-08-28,25.14,26.30,26.50,25.01,109624,283924528.00,5.97,5.33,1.33,35.87
2017-08-29,25.70,26.38,27.71,25.58,123612,326910624.00,8.10,0.30,0.08,40.45
2017-08-30,25.80,25.48,26.38,25.25,59741,153587080.00,4.28,-3.41,-0.90,19.55
2017-08-31,25.42,28.03,28.03,25.42,116996,318806208.00,10.24,10.01,2.55,38.28
2017-09-01,27.98,28.16,28.94,26.81,132913,368987952.00,7.60,0.46,0.13,43.49
2017-09-04,27.60,26.76,28.09,26.59,84293,229781502.00,5.33,-4.97,-1.40,27.58
2017-09-05,26.60,28.43,28.80,26.60,103209,287321680.00,8.22,6.24,1.67,33.77
2017-09-06,27.80,27.90,28.08,27.10,65788,181865714.00,3.45,-1.86,-0.53,21.53
2017-09-07,27.70,28.40,30.00,27.37,121275,348781920.00,9.43,1.79,0.50,39.68
2017-09-08,28.00,27.46,28.38,26.13,87639,240143065.00,7.92,-3.31,-0.94,28.68
2017-09-11,27.39,27.63,27.88,27.02,46157,127274633.00,3.13,0.62,0.17,15.10
2017-09-12,27.55,26.64,27.55,26.18,60890,162634667.00,4.96,-3.58,-0.99,19.92
2017-09-13,26.40,26.80,26.90,26.30,26454,70550661.00,2.25,0.60,0.16,8.66
2017-09-14,26.70,26.60,26.94,26.33,30049,79981529.00,2.28,-0.75,-0.20,9.83
2017-09-15,26.61,26.86,27.48,26.45,40417,108889572.00,3.87,0.98,0.26,13.23
2017-09-18,26.45,25.96,26.45,25.20,29745,76941106.00,4.65,-3.35,-0.90,9.73
2017-09-19,25.96,26.00,26.49,25.90,19101,49964527.00,2.27,0.15,0.04,6.25
2017-09-20,26.18,26.47,26.58,25.82,24532,64438050.00,2.92,1.81,0.47,8.03
2017-09-21,26.60,26.67,27.35,26.30,44029,118482234.00,3.97,0.76,0.20,14.41
2017-09-22,26.31,27.70,27.70,25.53,75535,204829714.00,8.14,3.86,1.03,24.72
2017-09-25,27.64,27.84,28.80,27.41,83879,236326808.00,5.02,0.51,0.14,27.45
2017-09-26,27.25,26.14,27.65,25.52,65340,172171849.00,7.65,-6.11,-1.70,21.38
2017-09-27,25.62,26.34,26.66,25.62,29372,77259335.00,3.98,0.77,0.20,9.61
2017-09-28,26.22,26.43,27.16,26.10,34614,92636865.00,4.02,0.34,0.09,11.33
2017-09-29,26.43,26.00,26.57,25.61,32206,83953019.00,3.63,-1.63,-0.43,10.54
2017-10-09,26.32,26.24,26.50,26.02,18662,49007205.00,1.85,0.92,0.24,6.11
2017-10-10,26.24,27.94,28.45,26.20,79553,219165949.00,8.57,6.48,1.70,26.03
2017-10-11,27.55,27.50,27.78,27.05,55187,150986998.00,2.61,-1.57,-0.44,18.06
2017-10-12,27.43,28.25,28.47,27.43,70742,198376704.00,3.78,2.73,0.75,23.15
2017-10-13,28.12,29.02,29.36,27.55,84048,239537888.00,6.41,2.73,0.77,27.50
2017-10-16,28.74,28.61,30.19,28.20,97418,282482640.00,6.86,-1.41,-0.41,31.88
2017-10-17,27.87,29.65,30.39,27.51,102253,297674560.00,10.07,3.64,1.04,33.46
2017-10-18,29.25,28.31,29.58,28.11,69889,201446870.00,4.96,-4.52,-1.34,22.87
2017-10-19,28.32,29.00,29.58,28.17,67462,195238681.00,4.98,2.44,0.69,22.08
2017-10-20,28.63,27.77,28.74,26.43,57866,160177751.00,7.97,-4.24,-1.23,18.94
2017-10-23,27.43,30.55,30.55,27.03,102615,299347088.00,12.68,10.01,2.78,33.58
2017-10-24,30.29,33.30,33.61,30.08,189877,602546288.00,11.55,9.00,2.75,62.13
2017-10-25,33.00,33.25,33.47,31.35,152873,498835216.00,6.37,-0.15,-0.05,50.02
2017-10-26,32.35,33.46,34.80,32.11,160446,535954128.00,8.09,0.63,0.21,52.50
2017-10-27,33.46,32.89,33.48,31.98,126205,413014992.00,4.48,-1.70,-0.57,41.30
2017-10-30,32.30,33.00,33.00,31.05,77842,248556742.00,5.93,0.33,0.11,25.47
2017-10-31,32.94,33.96,34.00,31.80,145419,480553728.00,6.67,2.91,0.96,47.58
2017-11-01,34.80,33.26,34.90,32.81,119939,401838768.00,6.15,-2.06,-0.70,39.25
2017-11-02,33.19,32.14,33.19,31.30,86311,276653696.00,5.68,-3.37,-1.12,28.24
2017-11-03,32.00,31.91,32.75,31.40,77850,250862525.00,4.20,-0.72,-0.23,25.47
2017-11-06,31.78,32.65,32.70,29.42,95484,298641184.00,10.28,2.32,0.74,31.24
2017-11-07,32.40,35.04,35.89,32.14,145846,490487184.00,11.49,7.32,2.39,47.72
2017-11-08,34.00,32.50,34.48,32.50,116662,391664864.00,5.65,-7.25,-2.54,38.17
2017-11-09,31.00,30.89,31.50,30.27,85931,265703312.00,3.78,-4.95,-1.61,28.12
2017-11-10,30.75,30.70,31.09,30.20,48273,147936533.00,2.88,-0.62,-0.19,15.80
2017-11-13,30.68,30.73,31.29,30.50,40888,126111394.00,2.57,0.10,0.03,13.38
2017-11-14,30.70,29.02,30.81,28.88,62749,185325857.00,6.28,-5.56,-1.71,20.53
2017-11-15,29.02,29.05,29.70,28.68,31014,90660061.00,3.51,0.10,0.03,10.15
2017-11-16,28.82,27.47,29.50,27.45,47776,135272403.00,7.06,-5.44,-1.58,15.63
2017-11-17,27.21,24.92,27.32,24.91,47185,122486577.00,8.77,-9.28,-2.55,15.44
2017-11-20,24.92,25.56,25.81,23.90,30676,76963934.00,7.66,2.57,0.64,10.04
2017-11-21,25.31,25.00,25.87,24.25,27957,70114121.00,6.34,-2.19,-0.56,9.15
2017-11-22,25.03,25.09,25.60,24.75,24859,62653541.00,3.40,0.36,0.09,8.13
2017-11-23,25.17,23.80,25.17,23.72,25936,63241312.00,5.78,-5.14,-1.29,8.49
2017-11-24,23.43,23.70,24.18,23.43,16354,39039376.00,3.15,-0.42,-0.10,5.35
2017-11-27,24.00,23.27,24.00,23.24,13719,32517836.00,3.21,-1.81,-0.43,4.49
2017-11-28,23.43,23.77,23.80,23.40,18901,44616022.00,1.72,2.15,0.50,6.19
2017-11-29,23.77,23.58,24.00,23.03,19830,46429646.00,4.08,-0.80,-0.19,6.49
2017-11-30,23.64,23.62,23.98,23.50,17065,40475839.00,2.04,0.17,0.04,5.58
2017-12-01,23.73,24.77,25.20,23.00,36988,90107881.00,9.31,4.87,1.15,12.10
2017-12-04,24.40,23.36,24.60,23.26,28842,69097382.00,5.41,-5.69,-1.41,9.44
2017-12-05,23.21,22.05,23.60,21.70,25388,57458581.00,8.13,-5.61,-1.31,8.31
2017-12-06,21.82,22.47,22.50,21.80,16769,37173155.00,3.17,1.90,0.42,5.49
2017-12-07,22.50,22.44,22.60,22.21,13669,30696538.00,1.74,-0.13,-0.03,4.47
2017-12-08,22.44,22.99,23.44,22.44,23328,53871624.00,4.46,2.45,0.55,7.63
2017-12-11,22.80,23.40,23.55,22.80,15748,36737877.00,3.26,1.78,0.41,5.15
2017-12-12,23.41,22.92,23.54,22.90,14631,33855821.00,2.74,-2.05,-0.48,4.79
2017-12-13,22.99,23.28,23.35,22.80,12712,29491335.00,2.40,1.57,0.36,4.16
2017-12-14,23.02,23.24,23.31,22.86,11998,27701189.00,1.93,-0.17,-0.04,3.93
2017-12-15,23.30,23.84,24.28,23.10,39861,95309594.00,5.08,2.58,0.60,13.04
2017-12-18,23.24,23.30,23.98,23.24,15546,36519974.00,3.10,-2.27,-0.54,5.09
2017-12-19,23.21,23.55,23.68,23.21,12655,29748335.00,2.02,1.07,0.25,4.14
2017-12-20,23.54,22.70,23.56,22.65,14899,34376589.00,3.86,-3.61,-0.85,4.88
2017-12-21,22.75,22.90,22.96,22.40,14327,32677542.00,2.47,0.88,0.20,4.69
2017-12-22,22.99,23.17,23.64,22.75,15800,36703022.00,3.89,1.18,0.27,5.17
2017-12-25,23.17,22.70,23.36,22.43,10849,24699846.00,4.01,-2.03,-0.47,3.55
2017-12-26,22.75,23.48,23.68,22.53,28810,67264217.00,5.07,3.44,0.78,9.43
2017-12-27,23.40,23.60,24.11,23.25,28008,66221484.00,3.66,0.51,0.12,9.17
2017-12-28,23.55,24.03,24.27,23.36,25860,61973132.00,3.86,1.82,0.43,8.46
2017-12-29,24.00,23.76,24.08,23.46,19694,46683687.00,2.58,-1.12,-0.27,6.44
2018-01-02,23.76,23.87,23.94,23.41,13320,31561910.00,2.23,0.46,0.11,4.36
2018-01-03,23.82,23.77,23.84,23.46,16448,38924809.00,1.59,-0.42,-0.10,5.38
2018-01-04,23.71,23.81,24.20,23.68,21702,52022101.00,2.19,0.17,0.04,7.10
2018-01-05,24.10,23.43,24.10,23.39,15144,35761222.00,2.98,-1.60,-0.38,4.96
2018-01-08,23.46,23.18,23.46,22.82,15722,36248628.00,2.73,-1.07,-0.25,5.14
2018-01-09,23.19,22.95,23.25,22.88,13045,29987983.00,1.60,-0.99,-0.23,4.27
2018-01-10,22.87,22.28,22.99,21.88,21253,47671363.00,4.84,-2.92,-0.67,6.95
2018-01-11,22.28,22.79,22.85,22.08,15500,35075469.00,3.46,2.29,0.51,5.07
2018-01-12,22.65,22.56,22.88,22.40,12044,27199716.00,2.11,-1.01,-0.23,3.94
2018-01-15,22.58,21.89,22.58,21.89,15672,34715699.00,3.06,-2.97,-0.67,5.13
2018-01-16,21.88,22.33,22.41,21.88,12665,28196548.00,2.42,2.01,0.44,4.14
2018-01-17,22.55,22.79,22.85,22.08,18335,41407589.00,3.45,2.06,0.46,6.00
2018-01-18,22.75,22.83,22.99,22.52,14725,33528218.00,2.06,0.18,0.04,4.82
2018-01-19,22.89,22.95,23.29,22.73,20857,48173394.00,2.45,0.53,0.12,6.83
2018-01-22,22.96,22.53,22.96,22.13,14190,31891212.00,3.62,-1.83,-0.42,4.64
2018-01-23,22.38,22.50,22.75,22.35,9403,21193302.00,1.78,-0.13,-0.03,3.08
2018-01-24,22.60,23.32,23.55,22.33,25765,59434478.00,5.42,3.64,0.82,8.43
2018-01-25,23.10,22.95,23.45,22.91,18234,42260365.00,2.32,-1.59,-0.37,5.97
2018-01-26,22.90,22.38,23.11,22.21,14800,33561743.00,3.92,-2.48,-0.57,4.84
2018-01-29,22.15,22.08,22.55,21.91,12730,28150047.00,2.86,-1.34,-0.30,4.17
2018-01-30,22.08,22.13,22.26,21.93,6929,15288797.00,1.49,0.23,0.05,2.27
2018-01-31,21.95,20.31,22.10,19.95,19866,41675699.00,9.72,-8.22,-1.82,6.50
2018-02-01,20.45,18.88,20.66,18.31,15751,30774359.00,11.57,-7.04,-1.43,5.15
2018-02-02,18.88,18.37,19.15,17.28,11724,21551823.00,9.90,-2.70,-0.51,3.84
2018-02-05,18.25,17.98,18.25,17.76,6754,12192353.00,2.67,-2.12,-0.39,2.21
2018-02-06,17.11,16.51,17.58,16.51,14536,24754287.00,5.95,-8.18,-1.47,4.76
2018-02-07,16.83,16.99,17.48,16.35,10506,17742654.00,6.84,2.91,0.48,3.44
2018-02-08,16.76,17.29,17.48,16.76,6851,11828956.00,4.24,1.77,0.30,2.24
2018-02-09,16.67,16.70,17.08,16.37,8253,13846593.00,4.11,-3.41,-0.59,2.70
2018-02-12,16.80,17.19,17.37,16.80,6596,11364574.00,3.41,2.93,0.49,2.16
2018-02-13,17.26,17.07,17.45,17.03,5705,9823154.00,2.44,-0.70,-0.12,1.87
2018-02-14,17.08,16.94,17.23,16.82,4015,6835050.00,2.40,-0.76,-0.13,1.31
2018-02-22,17.21,17.32,17.39,17.04,6584,11363282.00,2.07,2.24,0.38,2.15
2018-02-23,17.34,17.62,17.63,17.26,8658,15132062.00,2.14,1.73,0.30,2.83
2018-02-26,18.29,18.38,18.60,18.06,15254,27932459.00,3.06,4.31,0.76,4.99
2018-02-27,18.39,18.67,18.90,18.10,14540,27022293.00,4.35,1.58,0.29,4.76
2018-02-28,18.29,18.35,18.46,18.17,10630,19485214.00,1.55,-1.71,-0.32,3.48
2018-03-01,18.20,18.77,18.83,18.09,12065,22472877.00,4.03,2.29,0.42,3.95
2018-03-02,18.66,19.13,20.24,18.64,22567,43965984.00,8.52,1.92,0.36,7.38
2018-03-05,19.08,19.99,20.51,18.90,25228,50020949.00,8.42,4.50,0.86,8.26
2018-03-06,20.08,20.00,20.53,19.90,29431,59480979.00,3.15,0.05,0.01,9.63
2018-03-07,19.53,21.08,21.23,19.53,38485,79058854.00,8.50,5.40,1.08,12.59
2018-03-08,23.19,23.19,23.19,23.19,9777,22673697.00,0.00,10.01,2.11,3.20
2018-03-09,25.51,25.51,25.51,25.51,8034,20494734.00,0.00,10.00,2.32,2.63
2018-03-12,28.06,28.06,28.06,28.06,7473,20970163.00,0.00,10.00,2.55,2.45
2018-03-13,30.87,30.87,30.87,30.00,180216,554507856.00,3.10,10.01,2.81,58.97
2018-03-14,30.75,30.05,31.40,29.80,137295,421033520.00,5.18,-2.66,-0.82,44.93
2018-03-15,29.40,29.79,30.47,27.51,114393,335863536.00,9.85,-0.87,-0.26,37.43
2018-03-16,30.16,30.57,31.80,29.60,110932,341846272.00,7.39,2.62,0.78,36.30
2018-03-19,30.25,31.98,33.33,30.25,128498,410470800.00,10.08,4.61,1.41,42.05
2018-03-20,30.91,32.11,32.35,29.81,98444,302600384.00,7.94,0.41,0.13,32.21
2018-03-21,32.70,33.10,35.32,32.10,153255,518966528.00,10.03,3.08,0.99,50.15
2018-03-22,33.26,32.88,35.44,32.81,128596,436171296.00,7.95,-0.66,-0.22,42.08
2018-03-23,29.85,30.66,30.97,29.59,118236,355018368.00,4.20,-6.75,-2.22,38.69
2018-03-26,30.19,32.22,32.38,29.22,83035,258438025.00,10.31,5.09,1.56,27.17
2018-03-27,33.38,34.59,35.13,32.81,99024,335814160.00,7.20,7.36,2.37,32.40
2018-03-28,34.06,38.05,38.05,33.80,139705,504942368.00,12.29,10.00,3.46,45.71
2018-03-29,37.12,36.44,38.39,35.55,104013,382219712.00,7.46,-4.23,-1.61,34.04
2018-03-30,36.65,38.99,40.01,36.65,112361,428649424.00,9.22,7.00,2.55,36.77
2018-04-02,38.90,40.68,41.19,38.00,105948,415141424.00,8.18,4.33,1.69,34.67
2018-04-03,39.00,38.33,40.00,38.33,77373,303738256.00,4.11,-5.78,-2.35,25.32
2018-04-04,36.99,36.56,38.25,36.06,91746,340322464.00,5.71,-4.62,-1.77,30.02
2018-04-09,35.15,36.99,37.68,33.80,85925,305087456.00,10.61,1.18,0.43,28.12
2018-04-10,36.59,35.65,36.75,34.40,77166,276130432.00,6.35,-3.62,-1.34,25.25
2018-04-11,37.98,38.45,39.22,36.20,153393,591459120.00,8.47,7.85,2.80,50.19
2018-04-12,37.50,34.61,37.99,34.61,98055,356131952.00,8.79,-9.99,-3.84,32.09
2018-04-13,34.00,33.67,35.28,33.02,91313,311186960.00,6.53,-2.72,-0.94,29.88
2018-04-16,33.70,33.96,34.26,33.00,53200,179659445.00,3.74,0.86,0.29,17.41
2018-04-17,34.22,32.77,35.00,32.38,76805,260461282.00,7.71,-3.50,-1.19,25.13
2018-04-18,19.29,18.82,19.48,17.31,151706,272557008.00,6.62,-42.57,-13.95,29.20
2018-04-19,18.65,19.38,20.50,18.40,193952,377434128.00,11.16,2.98,0.56,37.33
2018-04-20,18.60,17.44,19.20,17.44,149476,271039248.00,9.08,-10.01,-1.94,28.77
2018-04-23,16.80,17.58,18.44,16.80,101568,180409844.00,9.40,0.80,0.14,19.55
2018-04-24,17.84,19.34,19.34,17.84,56090,107307635.00,8.53,10.01,1.76,10.80
2018-04-25,21.27,21.27,21.27,21.27,20829,44304240.00,0.00,9.98,1.93,4.01
2018-04-26,23.10,20.12,23.20,20.12,315957,700500064.00,14.48,-5.41,-1.15,60.82
2018-04-27,19.44,18.64,19.80,18.11,221506,416885472.00,8.40,-7.36,-1.48,42.64
2018-05-02,18.26,18.16,18.90,17.61,135433,246764066.00,6.92,-2.58,-0.48,26.07
2018-05-03,18.00,18.73,18.87,17.26,138331,251305907.00,8.87,3.14,0.57,26.63
2018-05-04,18.20,17.84,18.39,17.62,113576,204211897.00,4.11,-4.75,-0.89,21.86
2018-05-07,17.78,18.80,19.62,17.78,171638,323622800.00,10.31,5.38,0.96,33.04
2018-05-08,19.17,20.68,20.68,19.17,208385,417911152.00,8.03,10.00,1.88,40.11
2018-05-09,20.70,22.75,22.75,19.40,305597,650660032.00,16.20,10.01,2.07,58.82
2018-05-10,25.03,25.03,25.03,25.03,102535,256645905.00,0.00,10.02,2.28,19.74
2018-05-11,25.50,26.11,27.53,24.20,379121,984593872.00,13.30,4.31,1.08,72.98
2018-05-14,24.10,23.50,25.55,23.50,228678,557128864.00,7.85,-10.00,-2.61,44.02
2018-05-15,22.41,25.85,25.85,22.30,292061,712372112.00,15.11,10.00,2.35,56.22
2018-05-16,24.94,26.20,27.82,24.22,325275,858230080.00,13.93,1.35,0.35,62.61
2018-05-17,25.60,26.98,27.30,24.01,248488,639269296.00,12.56,2.98,0.78,47.83
2018-05-18,27.46,26.21,27.99,26.10,242231,655944048.00,7.01,-2.85,-0.77,46.63
2018-05-21,25.01,26.23,27.39,25.00,209762,547307680.00,9.12,0.08,0.02,40.38
2018-05-22,25.65,25.67,26.39,25.25,155907,400687856.00,4.35,-2.13,-0.56,30.01
2018-05-23,25.28,24.38,25.49,24.22,142891,353921216.00,4.95,-5.03,-1.29,27.50
2018-05-24,24.25,24.20,24.59,23.50,99303,238628676.00,4.47,-0.74,-0.18,19.11
2018-05-25,24.16,23.29,24.28,23.25,81411,192374289.00,4.26,-3.76,-0.91,15.67
2018-05-28,23.71,24.20,24.68,23.51,115987,280936128.00,5.02,3.91,0.91,22.33
2018-05-29,23.78,22.87,23.97,22.70,82460,192687748.00,5.25,-5.50,-1.33,15.87
2018-05-30,22.07,21.40,22.14,20.58,85217,180821223.00,6.82,-6.43,-1.47,16.40
2018-05-31,21.72,21.52,21.98,21.02,56343,121493136.00,4.49,0.56,0.12,10.85
2018-06-01,21.42,20.22,21.58,19.72,67007,137997775.00,8.64,-6.04,-1.30,12.90
2018-06-04,20.36,20.26,20.66,20.19,41059,83920596.00,2.32,0.20,0.04,7.90
2018-06-05,20.65,22.29,22.29,20.55,58543,127550837.00,8.59,10.02,2.03,11.27
2018-06-06,23.60,23.14,23.99,23.00,148182,346858480.00,4.44,3.81,0.85,28.52
2018-06-07,23.22,22.40,23.36,22.26,80109,180580459.00,4.75,-3.20,-0.74,15.42
2018-06-08,22.24,22.69,23.45,22.00,72241,164495450.00,6.47,1.29,0.29,13.91
2018-06-11,22.27,22.26,22.65,22.02,43724,97238994.00,2.78,-1.90,-0.43,8.42
2018-06-12,22.18,24.22,24.40,22.08,145873,343701648.00,10.42,8.81,1.96,28.08
2018-06-13,23.58,22.90,23.88,22.79,98167,228221335.00,4.50,-5.45,-1.32,18.90
2018-06-14,22.45,22.65,23.35,22.10,55691,127058306.00,5.46,-1.09,-0.25,10.72
2018-06-15,22.61,21.30,23.20,20.94,67002,148501398.00,9.98,-5.96,-1.35,12.90
2018-06-19,21.25,19.17,21.25,19.17,60002,117635475.00,9.77,-10.00,-2.13,11.55
2018-06-20,18.18,20.05,20.16,18.18,60502,118786781.00,10.33,4.59,0.88,11.65
2018-06-21,20.00,18.98,20.10,18.40,52220,101160603.00,8.48,-5.34,-1.07,10.05
2018-06-22,18.80,19.41,19.69,18.67,38226,73796716.00,5.37,2.27,0.43,7.36
2018-06-25,19.61,19.70,20.48,19.50,46694,93161258.00,5.05,1.49,0.29,8.99
2018-06-26,19.02,20.00,20.20,18.92,46960,92844504.00,6.50,1.52,0.30,9.04
2018-06-27,20.05,20.07,20.36,19.86,52041,104715476.00,2.50,0.35,0.07,10.02
2018-06-28,20.20,19.33,20.38,19.30,45079,90060659.00,5.38,-3.69,-0.74,8.68
2018-06-29,19.11,19.99,20.08,19.10,45309,89390016.00,5.07,3.41,0.66,8.72
2018-07-02,20.22,20.05,20.91,19.66,57965,117848116.00,6.25,0.30,0.06,11.16
2018-07-03,20.02,20.45,20.50,19.60,53916,108655648.00,4.49,2.00,0.40,10.38
2018-07-04,20.22,19.47,20.23,18.90,49869,98096579.00,6.50,-4.79,-0.98,9.60
2018-07-05,19.47,18.52,19.74,18.50,32716,62518671.00,6.37,-4.88,-0.95,6.30
2018-07-06,18.46,18.62,18.95,17.77,41869,77580874.00,6.37,0.54,0.10,8.06
2018-07-09,18.66,19.81,20.38,18.66,54879,107006088.00,9.24,6.39,1.19,10.56
2018-07-10,19.70,20.83,21.67,19.70,91095,188795743.00,9.94,5.15,1.02,17.53
2018-07-11,20.74,20.36,20.75,19.80,70298,142221492.00,4.56,-2.26,-0.47,13.53
2018-07-12,20.60,20.71,20.90,20.30,73074,151180406.00,2.95,1.72,0.35,14.07
2018-07-13,20.58,20.22,20.70,20.03,51224,103881281.00,3.24,-2.37,-0.49,9.86
2018-07-16,20.22,20.31,20.35,19.92,26352,53055231.00,2.13,0.45,0.09,5.07
2018-07-17,20.31,20.10,20.35,19.65,32708,65266205.00,3.45,-1.03,-0.21,6.30
2018-07-18,20.20,19.72,20.35,19.70,24644,49183247.00,3.23,-1.89,-0.38,4.74
2018-07-19,19.58,19.01,19.93,18.88,33507,64494029.00,5.32,-3.60,-0.71,6.45
2018-07-20,19.01,19.35,19.37,18.50,31650,60489963.00,4.58,1.79,0.34,6.09
2018-07-23,19.40,19.31,19.49,19.06,24614,47340407.00,2.22,-0.21,-0.04,4.74
2018-07-24,19.33,19.45,19.49,19.14,27822,53866180.00,1.81,0.73,0.14,5.36
2018-07-25,19.44,19.31,19.75,19.30,26392,51403785.00,2.31,-0.72,-0.14,5.08
2018-07-26,19.32,18.94,19.45,18.82,28112,53458535.00,3.26,-1.92,-0.37,5.41
2018-07-27,18.82,18.95,19.29,18.72,21647,41080506.00,3.01,0.05,0.01,4.17
2018-07-30,18.93,18.09,18.93,18.00,28926,52969370.00,4.91,-4.54,-0.86,5.57
2018-07-31,18.08,18.24,18.48,18.07,14003,25617054.00,2.27,0.83,0.15,2.70
2018-08-01,18.44,17.69,18.49,17.68,20825,37490674.00,4.44,-3.02,-0.55,4.01
2018-08-02,17.67,17.02,17.67,16.30,30357,51005068.00,7.74,-3.79,-0.67,5.84
2018-08-03,17.00,16.42,17.05,16.37,16078,26985567.00,4.00,-3.53,-0.60,3.09
2018-08-06,16.42,16.09,16.52,16.00,18853,30551133.00,3.17,-2.01,-0.33,3.63
2018-08-07,16.11,16.50,16.50,15.71,24295,39463679.00,4.91,2.55,0.41,4.68
2018-08-08,16.45,15.84,16.48,15.81,20093,32395421.00,4.06,-4.00,-0.66,3.87
2018-08-09,15.85,16.49,16.80,15.85,37259,61336704.00,6.00,4.10,0.65,7.17
2018-08-10,16.39,16.85,16.96,16.30,43520,72604905.00,4.00,2.18,0.36,8.38
2018-08-13,16.44,16.82,16.85,16.31,28186,46724043.00,3.20,-0.18,-0.03,5.43
2018-08-14,16.70,17.73,18.50,16.63,65978,117868263.00,11.12,5.41,0.91,12.70
2018-08-15,17.00,17.08,17.55,16.91,35220,60451162.00,3.61,-3.67,-0.65,6.78
2018-08-16,16.80,16.58,17.08,16.31,25479,42428409.00,4.51,-2.93,-0.50,4.90
2018-08-17,16.65,16.14,16.91,16.01,22075,36135662.00,5.43,-2.65,-0.44,4.25
2018-08-20,16.03,16.27,16.36,15.90,17299,27853243.00,2.85,0.81,0.13,3.33
2018-08-21,16.27,16.43,16.52,16.21,17476,28611521.00,1.91,0.98,0.16,3.36
2018-08-22,16.43,16.18,16.80,16.17,15698,25835650.00,3.83,-1.52,-0.25,3.02
2018-08-23,16.12,16.65,17.05,16.12,29479,48964564.00,5.75,2.90,0.47,5.67
2018-08-24,16.35,16.27,16.57,16.24,21669,35432416.00,1.98,-2.28,-0.38,4.17
2018-08-27,16.27,16.54,16.63,16.20,24777,40791813.00,2.64,1.66,0.27,4.77
2018-08-28,16.54,16.43,16.65,16.28,20305,33414079.00,2.24,-0.67,-0.11,3.91
2018-08-29,16.40,16.13,16.42,16.11,13042,21093607.00,1.89,-1.83,-0.30,2.51
2018-08-30,16.10,15.95,16.23,15.90,11516,18499885.00,2.05,-1.12,-0.18,2.22
2018-08-31,15.73,15.60,15.97,15.59,15386,24160801.00,2.38,-2.19,-0.35,2.96
2018-09-03,15.44,15.17,15.67,14.73,16848,25489564.00,6.03,-2.76,-0.43,3.24
2018-09-04,15.23,15.30,15.34,15.08,11838,18053169.00,1.71,0.86,0.13,2.28
2018-09-05,15.29,14.84,15.36,14.82,14958,22541523.00,3.53,-3.01,-0.46,2.88
2018-09-06,14.79,14.86,15.06,14.63,12261,18265883.00,2.90,0.13,0.02,2.36
2018-09-07,14.98,14.91,15.10,14.70,13123,19593961.00,2.69,0.34,0.05,2.53
2018-09-10,14.91,14.67,14.94,14.45,17074,24964815.00,3.29,-1.61,-0.24,3.29
2018-09-11,14.52,14.70,14.80,14.51,12243,17918547.00,1.98,0.20,0.03,2.36
2018-09-12,14.70,15.11,15.70,14.56,29449,44662152.00,7.76,2.79,0.41,5.67
2018-09-13,15.15,15.02,15.28,14.82,19724,29618744.00,3.04,-0.60,-0.09,3.80
2018-09-14,15.00,14.84,15.25,14.78,14218,21315311.00,3.13,-1.20,-0.18,2.74
2018-09-17,14.83,14.25,14.83,14.21,11701,16766609.00,4.18,-3.98,-0.59,2.25
2018-09-18,14.31,14.45,14.50,14.07,12376,17737716.00,3.02,1.40,0.20,2.38
2018-09-19,14.39,14.81,15.45,14.21,28377,42400520.00,8.58,2.49,0.36,5.46
2018-09-20,14.69,14.63,15.00,14.63,15382,22700624.00,2.50,-1.22,-0.18,2.96
2018-09-21,14.78,14.91,14.91,14.50,16968,25030002.00,2.80,1.91,0.28,3.27
2018-09-25,14.97,14.77,14.97,14.63,10884,16061117.00,2.28,-0.94,-0.14,2.10
2018-09-26,14.77,15.11,15.48,14.66,34312,51783172.00,5.55,2.30,0.34,6.60
2018-09-27,15.00,14.35,15.09,14.31,27666,40520462.00,5.16,-5.03,-0.76,5.33
2018-09-28,14.52,14.49,14.65,14.40,9624,13936255.00,1.74,0.98,0.14,1.85
2018-10-08,14.40,13.53,14.40,13.47,16523,23022559.00,6.42,-6.63,-0.96,3.18
2018-10-09,13.56,13.63,13.88,13.56,10240,13997921.00,2.37,0.74,0.10,1.97
2018-10-10,13.69,14.99,14.99,13.68,32157,47814627.00,9.61,9.98,1.36,6.19
2018-10-11,15.34,15.68,15.99,15.13,151465,236466780.00,5.74,4.60,0.69,29.15
2018-10-12,14.88,16.38,17.25,14.11,165397,263276714.00,20.03,4.46,0.70,31.84
2018-10-15,15.90,15.47,16.00,15.41,105012,165032164.00,3.60,-5.56,-0.91,20.21
2018-10-16,15.09,16.02,16.28,14.87,118602,187484136.00,9.11,3.56,0.55,22.83
2018-10-17,15.83,16.69,16.69,15.55,120871,196284388.00,7.12,4.18,0.67,23.27
2018-10-18,16.33,15.50,16.45,15.20,75636,119720736.00,7.49,-7.13,-1.19,14.56
2018-10-19,15.40,16.16,16.63,14.90,85007,136452430.00,11.16,4.26,0.66,16.36
2018-10-22,16.08,16.90,17.50,16.08,122793,206252063.00,8.79,4.58,0.74,23.64
2018-10-23,16.56,16.33,16.94,16.12,73163,120662612.00,4.85,-3.37,-0.57,14.08
2018-10-24,16.13,15.80,16.48,15.65,58900,94008142.00,5.08,-3.25,-0.53,11.34
2018-10-25,14.90,15.12,15.35,14.50,48640,72855947.00,5.38,-4.30,-0.68,9.36
2018-10-26,15.30,14.98,15.48,14.96,34257,52136215.00,3.44,-0.93,-0.14,6.59
2018-10-29,14.82,14.54,14.96,14.37,30384,44482529.00,3.94,-2.94,-0.44,5.85
2018-10-30,14.55,14.68,14.98,14.12,35438,51774850.00,5.91,0.96,0.14,6.82
2018-10-31,14.57,14.88,14.95,14.57,35319,52300551.00,2.59,1.36,0.20,6.80
2018-11-01,15.75,15.25,16.37,15.18,73951,115890395.00,8.00,2.49,0.37,14.23
2018-11-02,15.52,15.50,15.63,15.15,47792,73667750.00,3.15,1.64,0.25,9.20
2018-11-05,15.38,16.30,16.64,15.38,88428,141232054.00,8.13,5.16,0.80,17.02
2018-11-06,16.00,16.10,16.20,15.71,48939,77923211.00,3.01,-1.23,-0.20,9.42
2018-11-07,16.02,15.98,16.26,15.93,40278,64783559.00,2.05,-0.75,-0.12,7.75
2018-11-08,16.10,15.76,16.23,15.73,33650,53615054.00,3.13,-1.38,-0.22,6.48
2018-11-09,15.70,15.48,15.92,15.42,23342,36718144.00,3.17,-1.78,-0.28,4.49
2018-11-12,15.40,15.84,15.84,15.23,29115,45572307.00,3.94,2.33,0.36,5.60
2018-11-13,15.55,15.80,15.93,15.54,33239,52326183.00,2.46,-0.25,-0.04,6.40
2018-11-14,15.83,15.87,16.09,15.72,35692,56859991.00,2.34,0.44,0.07,6.87
2018-11-15,15.90,16.39,16.46,15.75,69038,111480422.00,4.47,3.28,0.52,13.29
2018-11-16,16.26,16.25,16.35,16.10,45954,74477070.00,1.53,-0.85,-0.14,8.85
2018-11-19,16.20,15.98,16.21,15.80,31301,50021820.00,2.52,-1.66,-0.27,6.02
2018-11-20,15.78,17.58,17.58,15.70,186315,318869088.00,11.76,10.01,1.60,35.86
2018-11-21,17.11,17.98,18.79,17.00,213919,382474960.00,10.18,2.28,0.40,41.18
2018-11-22,17.42,17.29,17.66,17.17,102282,177907150.00,2.73,-3.84,-0.69,19.69
2018-11-23,17.19,18.14,19.02,16.68,177432,318430832.00,13.53,4.92,0.85,34.15
2018-11-26,17.33,17.40,17.84,16.90,121218,210530133.00,5.18,-4.08,-0.74,23.33
2018-11-27,17.20,17.90,18.24,17.20,104867,184746576.00,5.98,2.87,0.50,20.19
2018-11-28,17.84,17.78,17.92,17.30,78014,137349879.00,3.46,-0.67,-0.12,15.02
2018-11-29,17.89,16.62,18.18,16.50,86187,151281995.00,9.45,-6.52,-1.16,16.59
2018-11-30,16.25,15.95,16.33,15.61,65617,104780619.00,4.33,-4.03,-0.67,12.63
2018-12-03,16.35,16.58,16.73,16.03,55151,90841738.00,4.39,3.95,0.63,10.62
2018-12-04,16.38,16.84,17.10,16.38,53121,89364696.00,4.34,1.57,0.26,10.23
2018-12-05,16.50,16.51,16.74,16.28,32400,53554971.00,2.73,-1.96,-0.33,6.24
2018-12-06,16.54,16.55,17.31,16.51,44717,75077189.00,4.85,0.24,0.04,8.61
2018-12-07,16.40,16.13,16.79,16.12,35609,58482682.00,4.05,-2.54,-0.42,6.85
2018-12-10,16.05,16.17,16.27,15.82,26116,41856753.00,2.79,0.25,0.04,5.03
2018-12-11,16.24,16.15,16.28,15.92,20954,33753197.00,2.23,-0.12,-0.02,4.03
2018-12-12,16.15,16.24,16.26,16.07,19364,31321223.00,1.18,0.56,0.09,3.73
2018-12-13,16.24,16.23,16.39,15.92,26169,42357749.00,2.89,-0.06,-0.01,5.04
2018-12-14,16.20,15.51,16.38,15.48,26962,43061858.00,5.55,-4.44,-0.72,5.19
2018-12-17,15.54,15.27,15.54,14.85,27677,41951931.00,4.45,-1.55,-0.24,5.33
2018-12-18,15.27,15.08,15.28,14.84,19832,29843831.00,2.88,-1.24,-0.19,3.82
2018-12-19,15.09,14.76,15.16,14.70,16900,25180593.00,3.05,-2.12,-0.32,3.25
2018-12-20,14.57,15.01,15.01,14.56,15557,23076441.00,3.05,1.69,0.25,2.99
2018-12-21,15.01,14.92,15.06,14.75,13177,19612677.00,2.07,-0.60,-0.09,2.54
2018-12-24,14.82,15.67,16.00,14.82,44098,68935739.00,7.91,5.03,0.75,8.49
2018-12-25,15.34,15.34,15.47,14.79,31671,47900272.00,4.34,-2.11,-0.33,6.10
2018-12-26,15.19,15.23,15.45,15.11,21047,32140301.00,2.22,-0.72,-0.11,4.05
2018-12-27,15.45,14.81,15.59,14.80,20013,30511712.00,5.19,-2.76,-0.42,3.85
2018-12-28,14.79,14.55,14.99,14.53,18467,27259485.00,3.11,-1.76,-0.26,3.55
2019-01-02,14.60,14.79,14.83,14.60,12235,18009553.00,1.58,1.65,0.24,2.35
2019-01-03,14.88,14.74,14.97,14.60,14115,20908812.00,2.50,-0.34,-0.05,2.72
2019-01-04,14.43,15.03,15.23,14.42,21772,32418685.00,5.50,1.97,0.29,4.19
2019-01-07,15.03,15.55,15.95,15.03,37020,57321778.00,6.12,3.46,0.52,7.13
2019-01-08,15.55,15.28,15.57,15.15,21090,32257482.00,2.70,-1.74,-0.27,4.06
2019-01-09,15.21,15.17,15.54,15.16,22686,34837768.00,2.49,-0.72,-0.11,4.37
2019-01-10,15.12,14.96,15.27,14.93,16241,24510274.00,2.24,-1.38,-0.21,3.13
2019-01-11,14.96,15.13,15.15,14.91,16476,24803881.00,1.60,1.14,0.17,3.17
2019-01-14,15.11,15.40,15.40,15.06,31207,47693355.00,2.25,1.78,0.27,6.01
2019-01-15,15.38,15.66,16.36,15.20,52297,82161864.00,7.53,1.69,0.26,10.07
2019-01-16,15.80,15.51,15.95,15.51,37949,59659157.00,2.81,-0.96,-0.15,7.30
2019-01-17,15.48,15.13,15.55,15.12,22885,34838143.00,2.77,-2.45,-0.38,4.40
2019-01-18,15.20,15.16,15.29,14.98,16826,25467630.00,2.05,0.20,0.03,3.24
2019-01-21,15.36,15.31,15.49,15.22,16847,25800525.00,1.78,0.99,0.15,3.24
2019-01-22,15.20,15.47,15.61,15.20,31155,48183488.00,2.68,1.05,0.16,6.00
2019-01-23,15.40,15.34,15.50,15.21,15876,24348361.00,1.87,-0.84,-0.13,3.06
2019-01-24,15.35,15.33,15.40,15.15,17064,26104800.00,1.63,-0.07,-0.01,3.28
2019-01-25,15.23,15.18,15.40,15.17,17323,26463745.00,1.50,-0.98,-0.15,3.33
2019-01-28,15.16,14.84,15.32,14.80,16534,24861359.00,3.43,-2.24,-0.34,3.18
2019-01-29,14.94,14.25,14.95,13.47,18783,26732213.00,9.97,-3.98,-0.59,3.62
2019-01-30,14.20,13.91,14.37,13.90,10215,14440582.00,3.30,-2.39,-0.34,1.97
2019-01-31,13.91,13.20,14.23,12.81,21868,29448194.00,10.21,-5.10,-0.71,4.21
2019-02-01,13.20,13.70,13.76,13.20,18116,24685237.00,4.24,3.79,0.50,3.49
2019-02-11,13.73,14.22,14.28,13.73,20369,28837941.00,4.01,3.80,0.52,3.92
2019-02-12,14.24,14.27,14.40,14.21,17662,25256166.00,1.34,0.35,0.05,3.40
2019-02-13,14.27,14.60,14.76,14.25,24786,35930223.00,3.57,2.31,0.33,4.77
2019-02-14,14.70,14.55,14.78,14.39,20174,29256403.00,2.67,-0.34,-0.05,3.88
2019-02-15,14.51,14.60,14.78,14.41,21797,31872959.00,2.54,0.34,0.05,4.20
2019-02-18,14.65,15.08,15.19,14.65,35516,53096042.00,3.70,3.29,0.48,6.84
2019-02-19,15.17,15.07,15.22,14.91,30751,46305425.00,2.06,-0.07,-0.01,5.92
2019-02-20,15.01,15.06,15.22,14.91,23820,35882816.00,2.06,-0.07,-0.01,4.59
2019-02-21,15.15,15.04,15.40,14.98,37093,56447801.00,2.79,-0.13,-0.02,7.14
2019-02-22,14.85,15.29,15.30,14.83,32755,49463650.00,3.13,1.66,0.25,6.30
2019-02-25,15.51,15.90,15.99,15.39,67433,105628935.00,3.92,3.99,0.61,12.98
2019-02-26,15.90,15.65,16.12,15.48,58758,92736869.00,4.03,-1.57,-0.25,11.31
2019-02-27,15.59,15.80,16.05,15.58,50686,80304419.00,3.00,0.96,0.15,9.76
2019-02-28,15.77,15.81,15.96,15.64,26700,42106318.00,2.03,0.06,0.01,5.14
2019-03-01,15.77,15.92,15.96,15.75,30495,48361237.00,1.33,0.70,0.11,5.87
2019-03-04,16.09,15.93,16.32,15.75,54868,88187211.00,3.58,0.06,0.01,10.56
2019-03-05,15.89,16.22,16.24,15.82,49129,78926722.00,2.64,1.82,0.29,9.46
2019-03-06,16.48,16.75,17.45,16.02,92557,154570848.00,8.82,3.27,0.53,17.82
2019-03-07,16.60,17.02,17.50,16.30,81086,136636963.00,7.16,1.61,0.27,15.61
2019-03-08,16.69,15.83,17.37,15.80,70303,117136167.00,9.22,-6.99,-1.19,13.53
2019-03-11,15.90,16.71,16.98,15.89,57154,93699965.00,6.89,5.56,0.88,11.00
2019-03-12,16.72,17.44,17.65,16.72,104030,179877690.00,5.57,4.37,0.73,20.02
2019-03-13,17.20,16.76,17.37,16.64,57104,97543474.00,4.19,-3.90,-0.68,10.99
2019-03-14,16.51,16.37,17.00,16.18,35318,58421851.00,4.89,-2.33,-0.39,6.80
2019-03-15,16.48,16.90,17.20,16.25,40503,67628246.00,5.80,3.24,0.53,7.80
2019-03-18,16.80,17.55,17.59,16.60,80839,139484420.00,5.86,3.85,0.65,15.56
2019-03-19,17.30,17.19,17.50,17.00,53299,91638304.00,2.85,-2.05,-0.36,10.26
2019-03-20,17.22,16.88,17.29,16.58,38525,65123166.00,4.13,-1.80,-0.31,7.42
2019-03-21,16.89,16.85,17.14,16.81,34240,58047412.00,1.95,-0.18,-0.03,6.59
2019-03-22,16.84,16.84,16.85,16.48,29019,48356290.00,2.20,-0.06,-0.01,5.59
2019-03-25,16.19,16.27,16.66,16.11,28392,46614793.00,3.27,-3.38,-0.57,5.47
2019-03-26,16.32,16.22,16.57,16.10,24980,40823106.00,2.89,-0.31,-0.05,4.81
2019-03-27,16.30,15.98,16.44,15.80,23668,37966143.00,3.95,-1.48,-0.24,4.56
2019-03-28,16.03,15.63,16.16,15.60,22615,35961782.00,3.50,-2.19,-0.35,4.35
2019-03-29,15.69,16.12,16.14,15.55,25763,40878683.00,3.77,3.13,0.49,4.96
2019-04-01,16.14,16.50,16.54,16.14,29565,48539388.00,2.48,2.36,0.38,5.69
2019-04-02,16.50,16.39,16.61,16.37,28049,46194814.00,1.45,-0.67,-0.11,5.40
2019-04-03,16.45,18.03,18.03,16.39,94039,165645033.00,10.01,10.01,1.64,18.10
2019-04-04,18.03,17.58,18.18,17.46,117980,209215124.00,3.99,-2.50,-0.45,22.71
2019-04-08,17.56,17.10,17.68,16.88,72258,124426077.00,4.55,-2.73,-0.48,13.91
2019-04-09,17.12,17.57,17.80,17.03,81150,142190964.00,4.50,2.75,0.47,15.62
2019-04-10,17.19,17.20,17.52,16.81,56750,96946039.00,4.04,-2.11,-0.37,10.92
2019-04-11,17.20,16.45,17.20,16.41,38579,64894460.00,4.59,-4.36,-0.75,7.43
2019-04-12,16.43,16.41,16.66,16.18,24750,40549419.00,2.92,-0.24,-0.04,4.76
2019-04-15,16.66,16.23,16.79,16.18,22766,37665250.00,3.72,-1.10,-0.18,4.38
2019-04-16,16.07,16.65,16.66,16.07,23194,38097319.00,3.64,2.59,0.42,4.46
2019-04-17,16.53,16.78,16.87,16.53,27298,45725693.00,2.04,0.78,0.13,5.25
2019-04-18,16.68,16.48,16.82,16.46,21565,35801900.00,2.15,-1.79,-0.30,4.15
2019-04-19,16.64,16.72,16.72,16.26,21082,34774608.00,2.79,1.46,0.24,4.06
2019-04-22,17.99,17.15,17.99,17.12,84707,148337993.00,5.20,2.57,0.43,16.30
2019-04-23,17.29,17.32,17.70,17.17,67003,117131526.00,3.09,0.99,0.17,12.90
2019-04-24,17.32,16.98,17.40,16.61,46167,78057394.00,4.56,-1.96,-0.34,8.89
2019-04-25,16.98,16.58,17.23,16.30,38914,65815143.00,5.48,-2.36,-0.40,7.49
2019-04-26,16.40,16.22,16.40,16.00,24027,39020732.00,2.41,-2.17,-0.36,4.62
2019-04-29,16.22,15.48,16.31,15.36,23208,36576997.00,5.86,-4.56,-0.74,4.47
2019-04-30,15.50,15.80,15.90,15.50,15190,23929195.00,2.58,2.07,0.32,2.92
2019-05-06,15.10,14.22,15.30,14.22,31122,45446142.00,6.84,-10.00,-1.58,5.99
2019-05-07,14.26,14.59,14.65,14.25,19749,28591855.00,2.81,2.60,0.37,3.80
2019-05-08,14.28,14.69,14.81,14.14,15965,23274838.00,4.59,0.69,0.10,3.07
2019-05-09,14.46,15.01,15.68,14.46,25558,38356630.00,8.30,2.18,0.32,4.92
2019-05-10,15.40,15.45,15.59,14.75,32308,49424132.00,5.60,2.93,0.44,6.22
2019-05-13,15.21,15.76,15.80,15.12,23592,36533554.00,4.40,2.01,0.31,4.54
2019-05-14,15.41,15.49,15.70,15.36,18469,28595675.00,2.16,-1.71,-0.27,3.56
2019-05-15,15.51,15.63,15.68,15.46,15493,24162449.00,1.42,0.90,0.14,2.98
2019-05-16,15.55,15.61,15.79,15.38,16438,25653711.00,2.62,-0.13,-0.02,3.16
2019-05-17,16.01,15.62,16.58,15.60,41423,66872207.00,6.28,0.06,0.01,7.97
2019-05-20,15.81,15.75,15.99,15.11,20702,32214866.00,5.63,0.83,0.13,3.98
2019-05-21,15.75,15.94,15.97,15.53,18053,28582760.00,2.79,1.21,0.19,3.47
2019-05-22,16.16,15.50,16.17,15.31,23552,36873827.00,5.40,-2.76,-0.44,4.53
2019-05-23,15.39,14.80,15.39,14.68,19197,28795956.00,4.58,-4.52,-0.70,3.70
2019-05-24,9.23,10.13,10.13,9.09,86714,87115462.00,7.03,-31.55,-4.67,10.43
2019-05-27,10.00,10.46,11.14,9.90,212306,224886554.00,12.24,3.26,0.33,25.54
2019-05-28,9.94,10.69,11.10,9.81,191565,196302535.00,12.33,2.20,0.23,23.05
2019-05-29,10.30,10.82,11.12,10.19,207086,221725858.00,8.70,1.22,0.13,24.91
2019-05-30,10.58,10.34,10.76,10.21,123506,128672868.00,5.08,-4.44,-0.48,14.86
2019-05-31,10.08,10.15,10.27,9.82,95107,96189875.00,4.35,-1.84,-0.19,11.44
2019-06-03,10.03,9.40,10.08,9.14,122364,116193902.00,9.26,-7.39,-0.75,14.72
2019-06-04,9.40,9.41,9.48,9.20,62469,58385541.00,2.98,0.11,0.01,7.52
2019-06-05,9.43,9.48,9.75,9.26,74760,71368221.00,5.21,0.74,0.07,7.50
2019-06-06,9.48,9.01,9.49,8.88,60807,55127985.00,6.43,-4.96,-0.47,6.10
2019-06-10,9.10,9.15,9.20,9.01,34286,31247374.00,2.11,1.55,0.14,3.44
2019-06-11,9.20,9.42,9.44,9.04,58314,54110384.00,4.37,2.95,0.27,5.85
2019-06-12,9.38,9.37,9.55,9.30,47701,44898611.00,2.65,-0.53,-0.05,4.79
2019-06-13,9.30,9.44,9.58,9.25,43913,41387119.00,3.52,0.75,0.07,4.41
2019-06-14,9.45,9.06,9.51,9.06,43029,39740776.00,4.77,-4.03,-0.38,4.32
2019-06-17,9.03,9.15,9.36,9.01,23517,21537759.00,3.86,0.99,0.09,2.36
2019-06-18,9.15,9.36,9.60,9.02,42661,39617311.00,6.34,2.30,0.21,4.28
2019-06-19,9.52,9.37,9.53,9.32,49994,47079049.00,2.24,0.11,0.01,5.02
2019-06-20,9.33,9.37,9.46,9.16,41692,38829067.00,3.20,0.00,0.00,4.18
2019-06-21,9.38,9.47,9.54,9.37,56174,53249367.00,1.81,1.07,0.10,5.64
2019-06-24,9.47,9.36,9.54,9.31,32684,30677477.00,2.43,-1.16,-0.11,3.28
2019-06-25,9.52,9.33,9.53,9.20,28962,27052612.00,3.53,-0.32,-0.03,2.91
2019-06-26,9.27,9.30,9.48,9.17,19147,17848101.00,3.32,-0.32,-0.03,1.92
2019-06-27,9.32,9.38,9.39,9.20,36314,33812265.00,2.04,0.86,0.08,3.64
2019-06-28,9.51,9.36,9.51,9.23,39076,36681113.00,2.99,-0.21,-0.02,3.92
2019-07-01,9.43,9.58,9.58,9.37,63400,60234481.00,2.24,2.35,0.22,3.81
2019-07-02,9.51,9.46,9.53,9.37,42159,39815314.00,1.67,-1.25,-0.12,2.53
2019-07-03,9.45,9.26,9.45,9.21,27022,25080228.00,2.54,-2.11,-0.20,1.62
2019-07-04,9.26,9.16,9.31,9.12,20805,19112362.00,2.05,-1.08,-0.10,1.25
2019-07-05,9.14,9.28,9.31,9.12,21415,19791931.00,2.07,1.31,0.12,1.29
2019-07-08,9.20,8.89,9.24,8.83,30430,27226847.00,4.42,-4.20,-0.39,1.83
2019-07-09,8.88,9.04,9.11,8.82,17123,15279378.00,3.26,1.69,0.15,1.03
2019-07-10,8.97,8.91,9.00,8.88,12730,11367436.00,1.33,-1.44,-0.13,0.76
2019-07-11,8.92,8.88,9.01,8.85,11905,10643127.00,1.80,-0.34,-0.03,0.71
2019-07-12,8.95,8.90,8.98,8.84,8634,7673717.00,1.58,0.23,0.02,0.52
2019-07-15,8.91,8.95,9.02,8.76,16587,14747923.00,2.92,0.56,0.05,1.00
2019-07-16,8.95,8.94,8.96,8.90,10341,9238308.00,0.67,-0.11,-0.01,0.62
2019-07-17,8.92,8.97,9.03,8.90,12459,11189827.00,1.45,0.34,0.03,0.75
2019-07-18,8.97,8.79,8.97,8.79,12748,11263214.00,2.01,-2.01,-0.18,0.77
2019-07-19,8.78,8.82,8.91,8.78,9778,8649045.00,1.48,0.34,0.03,0.59
2019-07-22,8.82,8.35,8.87,7.94,17607,14786850.00,10.54,-5.33,-0.47,1.06
2019-07-23,8.35,8.41,8.47,8.32,7645,6424000.00,1.80,0.72,0.06,0.46
2019-07-24,8.45,8.56,8.60,8.44,16125,13785022.00,1.90,1.78,0.15,0.97
2019-07-25,8.55,8.52,8.58,8.46,11307,9614093.00,1.40,-0.47,-0.04,0.68
2019-07-26,8.53,8.50,8.59,8.46,10073,8567109.00,1.53,-0.23,-0.02,0.60
2019-07-29,8.50,9.10,9.35,8.41,83203,75714565.00,11.06,7.06,0.60,4.99
2019-07-30,8.90,8.96,9.25,8.84,52866,47734008.00,4.51,-1.54,-0.14,3.17
2019-07-31,8.85,8.79,8.95,8.76,29917,26380994.00,2.12,-1.90,-0.17,1.80
2019-08-01,8.72,8.75,8.79,8.68,17461,15235919.00,1.25,-0.46,-0.04,1.05
2019-08-02,8.63,8.43,8.63,8.35,24785,21031011.00,3.20,-3.66,-0.32,1.49
2019-08-05,8.38,8.46,8.56,8.34,15498,13145227.00,2.61,0.36,0.03,0.93
2019-08-06,8.32,8.10,8.44,7.91,28292,22890084.00,6.26,-4.26,-0.36,1.70
2019-08-07,8.15,8.09,8.27,8.03,13494,10955235.00,2.96,-0.12,-0.01,0.81
2019-08-08,8.10,8.17,8.19,8.07,12359,10068755.00,1.48,0.99,0.08,0.74
2019-08-09,8.18,8.03,8.24,7.95,15470,12511915.00,3.55,-1.71,-0.14,0.93
2019-08-12,8.00,8.15,8.16,7.96,12515,10076925.00,2.49,1.49,0.12,0.75
2019-08-13,8.09,7.99,8.09,7.96,10613,8514097.00,1.60,-1.96,-0.16,0.64
2019-08-14,8.05,8.11,8.16,8.05,14537,11778586.00,1.38,1.50,0.12,0.87
2019-08-15,7.99,8.12,8.13,7.90,14417,11533338.00,2.84,0.12,0.01,0.87
2019-08-16,8.12,8.15,8.24,8.07,16055,13104057.00,2.09,0.37,0.03,0.96
2019-08-19,8.21,8.33,8.33,8.13,25323,20921087.00,2.45,2.21,0.18,1.52
2019-08-20,8.32,8.50,8.84,8.28,39988,34385727.00,6.72,2.04,0.17,2.40
2019-08-21,8.37,8.57,8.59,8.37,26978,22926524.00,2.59,0.82,0.07,1.62
2019-08-22,8.58,8.50,8.62,8.45,17451,14842262.00,1.98,-0.82,-0.07,1.05
2019-08-23,8.52,8.39,8.57,8.39,17197,14595991.00,2.12,-1.29,-0.11,1.03
2019-08-26,8.21,8.39,8.46,8.16,17281,14376946.00,3.58,0.00,0.00,1.04
2019-08-27,8.44,8.50,8.64,8.44,28670,24497551.00,2.38,1.31,0.11,1.72
2019-08-28,8.51,8.54,8.61,8.45,18738,15997734.00,1.88,0.47,0.04,1.12
2019-08-29,8.58,8.45,8.61,8.42,15328,13000039.00,2.22,-1.05,-0.09,0.92
2019-08-30,8.52,8.28,8.52,8.20,17276,14435691.00,3.79,-2.01,-0.17,1.04
2019-09-02,8.22,8.44,8.45,8.22,17174,14383618.00,2.78,1.93,0.16,1.03
2019-09-03,8.51,8.44,8.51,8.35,17298,14558010.00,1.90,0.00,0.00,1.04
2019-09-04,8.43,8.50,8.55,8.37,23562,19937200.00,2.13,0.71,0.06,1.41
2019-09-05,8.59,8.57,8.67,8.50,34552,29662102.00,2.00,0.82,0.07,2.07
2019-09-06,8.58,8.57,8.70,8.49,24049,20611169.00,2.45,0.00,0.00,1.44
2019-09-09,8.56,8.70,8.71,8.52,47633,41081515.00,2.22,1.52,0.13,2.86
2019-09-10,8.69,8.90,9.18,8.63,70063,62298328.00,6.32,2.30,0.20,4.21
2019-09-11,8.84,8.71,8.85,8.71,37987,33259068.00,1.57,-2.13,-0.19,2.28
2019-09-12,8.76,8.70,8.79,8.63,20001,17373598.00,1.84,-0.11,-0.01,1.20
2019-09-16,8.72,8.75,8.88,8.71,28172,24717042.00,1.95,0.57,0.05,1.69
2019-09-17,8.70,8.43,8.79,8.36,29992,25537559.00,4.91,-3.66,-0.32,1.80
2019-09-18,8.43,8.47,8.49,8.39,13805,11671124.00,1.19,0.47,0.04,0.83
2019-09-19,8.50,8.63,8.65,8.47,20215,17328063.00,2.13,1.89,0.16,1.21
2019-09-20,8.68,8.68,8.79,8.59,29634,25825191.00,2.32,0.58,0.05,1.78
2019-09-23,8.70,8.85,8.89,8.60,50149,44070583.00,3.34,1.96,0.17,3.01
2019-09-24,8.78,8.89,8.89,8.69,38294,33693894.00,2.26,0.45,0.04,2.30
2019-09-25,8.88,8.60,8.88,8.53,29532,25580677.00,3.94,-3.26,-0.29,1.77
2019-09-26,8.65,9.46,9.46,8.63,128147,120262058.00,9.65,10.00,0.86,7.69
2019-09-27,10.41,10.32,10.41,9.90,410916,425028752.00,5.39,9.09,0.86,24.67
2019-09-30,9.29,9.29,9.29,9.29,31558,29317382.00,0.00,-9.98,-1.03,1.89
2019-10-08,8.36,8.36,8.78,8.36,302026,254608123.00,4.52,-10.01,-0.93,18.13
2019-10-09,8.07,8.20,8.30,8.02,123478,100561239.00,3.35,-1.91,-0.16,7.41
2019-10-10,8.18,8.21,8.26,8.11,87354,71475115.00,1.83,0.12,0.01,5.24
2019-10-11,8.20,8.12,8.21,8.05,73073,59331865.00,1.95,-1.10,-0.09,4.39
2019-10-14,8.13,8.30,8.35,8.13,86921,71528614.00,2.71,2.22,0.18,5.22
2019-10-15,8.48,8.38,8.48,8.25,110175,92325341.00,2.77,0.96,0.08,6.61
2019-10-16,8.31,8.29,8.40,8.24,60096,49975671.00,1.91,-1.07,-0.09,3.61
2019-10-17,8.22,8.26,8.36,8.22,40514,33566896.00,1.69,-0.36,-0.03,2.43
2019-10-18,8.25,8.15,8.29,8.07,51028,41740261.00,2.66,-1.33,-0.11,3.06
2019-10-21,8.15,8.13,8.15,8.02,26169,21138761.00,1.60,-0.25,-0.02,1.57
2019-10-22,8.13,8.18,8.22,8.12,24751,20208895.00,1.23,0.62,0.05,1.49
2019-10-23,8.20,8.10,8.20,8.09,28263,23021052.00,1.34,-0.98,-0.08,1.70
2019-10-24,8.08,8.10,8.16,8.06,20446,16561193.00,1.23,0.00,0.00,1.23
2019-10-25,8.10,8.14,8.15,8.05,25942,21004944.00,1.23,0.49,0.04,1.56
2019-10-28,8.18,8.38,8.59,8.05,65873,55125508.00,6.63,2.95,0.24,3.95
2019-10-29,8.33,8.20,8.37,8.17,40025,33070307.00,2.39,-2.15,-0.18,2.40
2019-10-30,8.20,8.09,8.22,8.06,26735,21676189.00,1.95,-1.34,-0.11,1.60
2019-10-31,8.10,7.94,8.13,7.93,30288,24329681.00,2.47,-1.85,-0.15,1.82
2019-11-01,8.08,8.07,8.12,7.94,21249,17118144.00,2.27,1.64,0.13,1.28
2019-11-04,8.07,8.07,8.16,8.05,18256,14808391.00,1.36,0.00,0.00,1.10
2019-11-05,8.10,8.08,8.10,7.94,27962,22481772.00,1.98,0.12,0.01,1.68
2019-11-06,8.03,8.00,8.10,7.99,19300,15479676.00,1.36,-0.99,-0.08,1.16
2019-11-07,8.00,8.03,8.06,7.97,13272,10641867.00,1.13,0.38,0.03,0.80
2019-11-08,8.03,8.04,8.08,8.02,18145,14614451.00,0.75,0.12,0.01,1.09
2019-11-11,8.05,8.09,8.29,8.01,58036,47357634.00,3.48,0.62,0.05,3.48
2019-11-12,8.00,7.93,8.08,7.77,36492,28877728.00,3.83,-1.98,-0.16,2.19
2019-11-13,7.88,7.78,7.91,7.77,26393,20600206.00,1.77,-1.89,-0.15,1.58
2019-11-14,7.78,7.81,7.84,7.77,17074,13318816.00,0.90,0.39,0.03,1.02
2019-11-15,7.83,7.63,7.83,7.55,22639,17522297.00,3.59,-2.30,-0.18,1.36
2019-11-18,7.64,7.73,7.73,7.64,12883,9907885.00,1.18,1.31,0.10,0.77
2019-11-19,7.70,7.81,7.84,7.70,22278,17354306.00,1.81,1.03,0.08,1.34
2019-11-20,7.82,7.82,7.93,7.80,22327,17527830.00,1.66,0.13,0.01,1.34
2019-11-21,7.79,7.77,7.82,7.71,11491,8918337.00,1.41,-0.64,-0.05,0.69
2019-11-22,7.83,7.80,7.87,7.74,17989,14062675.00,1.67,0.39,0.03,1.08
2019-11-25,7.76,7.66,7.80,7.62,18207,13970335.00,2.31,-1.79,-0.14,1.09
2019-11-26,7.73,7.70,7.73,7.66,8215,6319493.00,0.91,0.52,0.04,0.49
2019-11-27,7.70,7.65,7.70,7.61,11747,8972269.00,1.17,-0.65,-0.05,0.71
2019-11-28,7.68,7.61,7.68,7.58,15093,11483739.00,1.31,-0.52,-0.04,0.91
2019-11-29,7.63,7.60,7.64,7.56,11239,8538589.00,1.05,-0.13,-0.01,0.67
2019-12-02,7.57,7.61,7.68,7.57,11094,8450655.00,1.45,0.13,0.01,0.67
2019-12-03,7.55,7.69,7.70,7.51,11857,9062017.00,2.50,1.05,0.08,0.71
2019-12-04,7.64,7.74,7.76,7.62,15235,11776655.00,1.82,0.65,0.05,0.91
2019-12-05,7.79,7.76,7.79,7.73,17385,13492172.00,0.78,0.26,0.02,1.04
2019-12-06,7.82,8.19,8.47,7.78,109357,90091662.00,8.89,5.54,0.43,6.56
2019-12-09,8.10,8.38,8.50,7.98,106744,87984837.00,6.35,2.32,0.19,6.41
2019-12-10,8.32,8.24,8.34,8.14,61678,50686391.00,2.39,-1.67,-0.14,3.70
2019-12-11,8.23,8.07,8.23,8.03,49705,40165576.00,2.43,-2.06,-0.17,2.98
2019-12-12,8.01,8.08,8.11,7.98,32712,26333354.00,1.61,0.12,0.01,1.96
2019-12-13,8.12,8.08,8.15,8.05,33686,27256648.00,1.24,0.00,0.00,2.02
2019-12-16,8.12,8.18,8.18,8.00,39868,32275226.00,2.23,1.24,0.10,2.39
2019-12-17,8.20,8.26,8.30,8.16,50560,41586016.00,1.71,0.98,0.08,3.03
2019-12-18,8.22,8.58,8.84,8.20,132859,113123654.00,7.75,3.87,0.32,7.98
2019-12-19,8.65,8.65,8.77,8.46,88037,75597760.00,3.61,0.82,0.07,5.28
2019-12-20,8.58,8.45,8.66,8.45,51632,44020836.00,2.43,-2.31,-0.20,3.10
2019-12-23,8.49,8.79,9.30,8.36,185626,166674341.00,11.12,4.02,0.34,11.14
2019-12-24,8.66,9.20,9.46,8.58,209654,190307110.00,10.01,4.66,0.41,12.58
2019-12-25,8.97,9.05,9.18,8.84,130981,117643507.00,3.70,-1.63,-0.15,7.86
2019-12-26,9.00,8.82,9.00,8.72,104669,92291950.00,3.09,-2.54,-0.23,6.28
2019-12-27,8.82,9.00,9.20,8.73,117654,105730965.00,5.33,2.04,0.18,7.06
2019-12-30,8.90,8.67,8.96,8.53,78536,68204756.00,4.78,-3.67,-0.33,4.71
2019-12-31,8.58,8.57,8.72,8.49,58086,49824043.00,2.65,-1.15,-0.10,3.49
2020-01-02,8.61,8.71,8.74,8.60,70636,61266279.00,1.63,1.63,0.14,4.24
2020-01-03,8.68,8.70,8.77,8.65,57394,49926912.00,1.38,-0.11,-0.01,3.45
2020-01-06,8.57,8.82,8.84,8.53,72501,62964306.00,3.56,1.38,0.12,4.35
2020-01-07,8.75,8.85,8.87,8.75,59201,52204173.00,1.36,0.34,0.03,3.55
2020-01-08,8.80,8.52,8.80,8.52,69888,60342752.00,3.16,-3.73,-0.33,4.20
2020-01-09,8.57,8.60,8.68,8.56,41975,36132374.00,1.41,0.94,0.08,2.52
2020-01-10,8.60,8.94,9.17,8.57,129483,115597067.00,6.98,3.95,0.34,7.77
2020-01-13,8.86,8.98,9.00,8.79,61605,54741931.00,2.35,0.45,0.04,3.70
2020-01-14,8.98,8.89,9.04,8.81,55208,49159063.00,2.56,-1.00,-0.09,3.31
2020-01-15,8.83,9.13,9.18,8.83,103837,94163012.00,3.94,2.70,0.24,6.23
2020-01-16,9.05,8.94,9.17,8.87,68453,61390258.00,3.29,-2.08,-0.19,4.11
2020-01-17,8.89,8.73,8.96,8.66,52144,45818183.00,3.36,-2.35,-0.21,3.13
2020-01-20,8.70,8.75,8.79,8.58,32773,28435294.00,2.41,0.23,0.02,1.97
2020-01-21,8.75,8.50,8.75,8.49,40018,34435251.00,2.97,-2.86,-0.25,2.40
2020-01-22,8.48,8.62,8.68,8.45,32100,27605344.00,2.71,1.41,0.12,1.93
2020-01-23,8.51,8.21,8.65,8.03,47515,39793937.00,7.19,-4.76,-0.41,2.85
2020-02-03,7.39,7.39,7.39,7.39,6766,5000074.00,0.00,-9.99,-0.82,0.41
2020-02-04,6.65,7.05,7.13,6.65,61391,42748042.00,6.50,-4.60,-0.34,3.69
2020-02-05,7.06,7.25,7.47,7.04,45117,32804132.00,6.10,2.84,0.20,2.71
2020-02-06,7.20,7.38,7.41,7.18,43317,31695939.00,3.17,1.79,0.13,2.60
2020-02-07,7.35,7.42,7.47,7.27,38519,28355555.00,2.71,0.54,0.04,2.31
2020-02-10,7.38,7.55,7.57,7.29,40065,29800808.00,3.77,1.75,0.13,2.40
2020-02-11,7.58,7.47,7.60,7.46,30890,23188070.00,1.85,-1.06,-0.08,1.85
2020-02-12,7.46,7.63,7.66,7.42,35576,26930215.00,3.21,2.14,0.16,2.14
2020-02-13,7.65,7.55,7.74,7.54,37614,28610043.00,2.62,-1.05,-0.08,2.26
2020-02-14,7.55,7.52,7.58,7.45,26937,20243063.00,1.72,-0.40,-0.03,1.62
2020-02-17,7.50,7.74,7.75,7.47,45291,34769295.00,3.72,2.93,0.22,2.72
2020-02-18,7.77,7.94,7.98,7.72,39722,31195912.00,3.36,2.58,0.20,2.38
2020-02-19,7.93,7.96,8.15,7.84,50296,40204727.00,3.90,0.25,0.02,3.02
2020-02-20,7.93,8.08,8.13,7.91,47327,38079939.00,2.76,1.51,0.12,2.84
2020-02-21,8.17,8.33,8.55,8.17,82465,69198176.00,4.70,3.09,0.25,4.95
2020-02-24,8.30,8.49,8.52,8.19,63056,52981874.00,3.96,1.92,0.16,3.79
2020-02-25,8.29,8.30,8.40,7.98,63953,52713540.00,4.95,-2.24,-0.19,3.84
2020-02-26,8.19,8.29,8.46,8.10,64072,53501384.00,4.34,-0.12,-0.01,3.85
2020-02-27,8.42,8.20,8.44,8.15,48167,39722848.00,3.50,-1.09,-0.09,2.89
2020-02-28,8.09,7.63,8.09,7.60,60454,47092720.00,5.98,-6.95,-0.57,3.63
2020-03-02,7.76,7.95,7.98,7.70,50313,39675676.00,3.67,4.19,0.32,3.02
2020-03-03,8.08,8.08,8.33,7.96,74887,61036283.00,4.65,1.64,0.13,4.50
2020-03-04,8.02,8.13,8.20,7.99,38875,31417190.00,2.60,0.62,0.05,2.33
2020-03-05,8.18,8.34,8.35,8.15,69875,57758173.00,2.46,2.58,0.21,4.19
2020-03-06,8.23,8.47,8.78,8.14,118635,100642770.00,7.67,1.56,0.13,7.12
2020-03-09,8.22,8.10,8.33,8.03,72243,59056254.00,3.54,-4.37,-0.37,4.34
2020-03-10,7.90,8.31,8.32,7.86,70837,57584720.00,5.68,2.59,0.21,4.25
2020-03-11,8.33,8.12,8.46,8.10,60222,49889761.00,4.33,-2.29,-0.19,3.61
2020-03-12,7.97,7.93,8.15,7.88,43996,35153010.00,3.33,-2.34,-0.19,2.64
2020-03-13,7.43,7.64,7.72,7.31,67154,50522138.00,5.17,-3.66,-0.29,4.03
2020-03-16,7.70,7.33,7.87,7.29,47026,35948819.00,7.59,-4.06,-0.31,2.82
2020-03-17,7.35,7.27,7.51,7.01,39184,28332146.00,6.82,-0.82,-0.06,2.35
2020-03-18,7.32,8.00,8.00,7.29,173861,136321576.00,9.77,10.04,0.73,10.44
2020-03-19,7.82,8.32,8.32,7.82,183518,147335507.00,6.25,4.00,0.32,11.02
2020-03-20,8.30,8.17,8.46,8.00,135975,111530049.00,5.53,-1.80,-0.15,8.16
2020-03-23,7.89,7.62,7.89,7.47,103292,79438886.00,5.14,-6.73,-0.55,6.20
2020-03-24,7.84,8.38,8.38,7.65,126762,105099331.00,9.58,9.97,0.76,7.61
2020-03-25,8.85,8.53,9.22,8.36,308155,270507776.00,10.26,1.79,0.15,18.50
2020-03-26,8.35,9.38,9.38,8.35,438794,403004480.00,12.08,9.96,0.85,26.34
2020-03-27,8.92,8.80,9.01,8.44,352793,308305328.00,6.08,-6.18,-0.58,21.18
2020-03-30,8.47,8.61,8.68,8.35,146103,124984461.00,3.75,-2.16,-0.19,8.69
2020-03-31,8.67,7.89,8.74,7.86,205957,169887022.00,10.22,-8.36,-0.72,12.25
2020-04-01,7.90,7.72,8.06,7.65,125469,98643825.00,5.20,-2.15,-0.17,7.46
2020-04-02,7.61,7.91,7.93,7.54,98136,76084242.00,5.05,2.46,0.19,5.84
2020-04-03,7.86,7.71,7.98,7.69,86966,67843878.00,3.67,-2.53,-0.20,5.17
2020-04-07,7.86,7.97,7.97,7.76,102103,80204732.00,2.72,3.37,0.26,6.07
2020-04-08,7.91,8.04,8.08,7.88,96972,77457583.00,2.51,0.88,0.07,5.77
2020-04-09,8.04,8.08,8.24,8.04,96357,78336193.00,2.49,0.50,0.04,5.73
2020-04-10,8.08,7.78,8.12,7.71,97716,76689346.00,5.07,-3.71,-0.30,5.81
2020-04-13,7.70,7.57,7.82,7.55,51721,39446470.00,3.47,-2.70,-0.21,3.08
2020-04-14,7.59,7.72,7.72,7.59,39053,29910282.00,1.72,1.98,0.15,2.32
2020-04-15,7.78,7.58,7.78,7.53,53627,40973503.00,3.24,-1.81,-0.14,3.19
2020-04-16,7.52,7.61,7.62,7.43,37953,28555843.00,2.51,0.40,0.03,2.26
2020-04-17,7.63,7.53,7.72,7.51,44690,34065382.00,2.76,-1.05,-0.08,2.66
2020-04-20,7.55,7.64,7.65,7.50,30081,22754132.00,1.99,1.46,0.11,1.79
2020-04-21,7.63,7.53,7.63,7.47,28045,21070410.00,2.09,-1.44,-0.11,1.67
2020-04-22,7.65,8.03,8.28,7.60,170522,137120324.00,9.03,6.64,0.50,10.14
2020-04-23,7.83,7.81,7.90,7.73,99688,77883121.00,2.12,-2.74,-0.22,5.93
2020-04-24,7.82,7.57,7.89,7.52,59193,45187467.00,4.74,-3.07,-0.24,3.52
2020-04-27,7.59,7.45,7.63,7.44,38603,29124604.00,2.51,-1.59,-0.12,2.30
2020-04-28,7.50,7.24,7.52,6.86,49062,35207921.00,8.86,-2.82,-0.21,2.92
2020-04-29,7.14,7.16,7.29,7.12,25750,18516635.00,2.35,-1.10,-0.08,1.53
2020-04-30,7.22,7.35,7.36,7.22,31598,23071147.00,1.96,2.65,0.19,1.88
2020-05-06,7.30,7.42,7.43,7.26,33583,24715697.00,2.31,0.95,0.07,2.00
2020-05-07,7.38,7.33,7.44,7.31,31096,22850285.00,1.75,-1.21,-0.09,1.85
2020-05-08,7.39,7.42,7.45,7.36,26650,19767344.00,1.23,1.23,0.09,1.59
2020-05-11,7.47,7.39,7.48,7.34,27987,20737010.00,1.89,-0.40,-0.03,1.66
2020-05-12,7.54,7.66,8.08,7.54,89503,69240114.00,7.31,3.65,0.27,5.32
2020-05-13,7.54,7.54,7.62,7.42,48953,36688860.00,2.61,-1.57,-0.12,2.91
2020-05-14,7.42,7.36,7.45,7.32,34468,25467956.00,1.72,-2.39,-0.18,2.05
2020-05-15,7.39,7.41,7.47,7.35,26989,19989193.00,1.63,0.68,0.05,1.61
2020-05-18,7.42,7.36,7.45,7.10,24059,17682582.00,4.72,-0.67,-0.05,1.43
2020-05-19,7.39,7.42,7.48,7.39,23611,17533353.00,1.22,0.82,0.06,1.40
2020-05-20,7.38,7.43,7.43,7.32,25622,18885907.00,1.48,0.13,0.01,1.52
2020-05-21,7.45,7.39,7.48,7.36,21816,16142069.00,1.62,-0.54,-0.04,1.30
2020-05-22,7.39,7.25,7.42,7.24,21575,15801514.00,2.44,-1.89,-0.14,1.28
2020-05-25,7.19,7.24,7.30,7.18,15210,10977728.00,1.66,-0.14,-0.01,0.75
2020-05-26,7.29,7.30,7.37,7.20,28437,20751584.00,2.35,0.83,0.06,1.40
2020-05-27,7.32,7.21,7.32,7.18,22810,16485264.00,1.92,-1.23,-0.09,1.12
2020-05-28,7.23,7.17,7.25,7.05,21545,15406386.00,2.77,-0.55,-0.04,1.06
2020-05-29,7.17,7.16,7.19,7.08,15031,10755580.00,1.53,-0.14,-0.01,0.74
2020-06-01,7.16,7.30,7.35,7.14,28187,20461702.00,2.93,1.96,0.14,1.39
2020-06-02,7.30,7.40,7.43,7.24,33207,24509310.00,2.60,1.37,0.10,1.64
2020-06-03,7.40,7.40,7.44,7.32,33991,25102404.00,1.62,0.00,0.00,1.68
2020-06-04,7.39,7.36,7.40,7.31,20648,15159496.00,1.22,-0.54,-0.04,1.02
2020-06-05,7.36,7.33,7.43,7.27,21337,15680875.00,2.17,-0.41,-0.03,0.97
2020-06-08,7.39,7.48,7.54,7.34,38553,28652445.00,2.73,2.05,0.15,1.75
2020-06-09,7.46,7.46,7.52,7.38,23401,17396289.00,1.87,-0.27,-0.02,1.06
2020-06-10,7.45,7.37,7.45,7.32,14317,10545672.00,1.74,-1.21,-0.09,0.65
2020-06-11,7.42,7.33,7.42,7.32,16472,12143312.00,1.36,-0.54,-0.04,0.75
2020-06-12,7.18,7.27,7.30,7.15,15176,10969047.00,2.05,-0.82,-0.06,0.69
2020-06-15,7.25,7.25,7.35,7.20,18341,13353471.00,2.06,-0.28,-0.02,0.83
2020-06-16,7.26,7.32,7.32,7.26,15204,11093650.00,0.83,0.97,0.07,0.69
2020-06-17,7.33,7.33,7.36,7.25,17274,12593426.00,1.50,0.14,0.01,0.78
2020-06-18,7.30,7.36,7.37,7.25,20684,15125372.00,1.64,0.41,0.03,0.94
2020-06-19,7.32,7.35,7.39,7.32,19307,14200199.00,0.95,-0.14,-0.01,0.88
2020-06-22,7.36,7.39,7.42,7.33,23485,17319394.00,1.22,0.54,0.04,1.07
2020-06-23,7.43,7.27,7.43,7.25,24925,18215601.00,2.44,-1.62,-0.12,1.13
2020-06-24,7.25,7.19,7.29,7.17,18488,13329340.00,1.65,-1.10,-0.08,0.84
2020-06-29,7.19,7.20,7.22,7.13,11618,8328305.00,1.25,0.14,0.01,0.53
2020-06-30,7.22,7.24,7.27,7.20,15851,11486191.00,0.97,0.56,0.04,0.78
2020-07-01,7.24,7.22,7.29,7.20,19007,13766792.00,1.24,-0.28,-0.02,0.93
2020-07-02,7.23,7.35,7.37,7.20,29429,21538195.00,2.35,1.80,0.13,1.44
2020-07-03,7.36,7.44,7.47,7.33,40556,30039629.00,1.90,1.22,0.09,1.98
2020-07-06,7.51,7.66,7.70,7.46,73323,55694272.00,3.23,2.96,0.22,3.59
2020-07-07,7.73,7.81,7.93,7.52,97173,75231673.00,5.35,1.96,0.15,4.76
2020-07-08,7.74,7.91,7.91,7.69,82160,64210015.00,2.82,1.28,0.10,4.02
2020-07-09,7.92,8.06,8.06,7.86,79623,63509544.00,2.53,1.90,0.15,3.90
2020-07-10,8.06,7.98,8.35,7.95,85928,70121862.00,4.96,-0.99,-0.08,4.21
2020-07-13,7.99,8.32,8.43,7.98,75341,62224154.00,5.64,4.26,0.34,3.69
2020-07-14,8.28,8.39,8.69,8.21,134242,113243187.00,5.77,0.84,0.07,6.57
2020-07-15,8.30,8.05,8.33,8.02,62899,51241286.00,3.69,-4.05,-0.34,3.08
2020-07-16,8.05,7.73,8.11,7.72,43251,34229264.00,4.84,-3.98,-0.32,2.12
2020-07-17,7.78,7.73,7.85,7.60,29630,22895053.00,3.23,0.00,0.00,1.45
2020-07-20,7.80,7.91,7.94,7.78,37891,29869791.00,2.07,2.33,0.18,1.85
2020-07-21,7.93,7.88,7.99,7.84,24699,19514438.00,1.90,-0.38,-0.03,1.21
2020-07-22,7.88,7.84,7.93,7.82,32432,25564383.00,1.40,-0.51,-0.04,1.59
2020-07-23,7.83,7.79,7.83,7.56,42883,32994573.00,3.44,-0.64,-0.05,2.10
2020-07-24,7.76,7.51,7.88,7.48,39925,30576185.00,5.13,-3.59,-0.28,1.95
2020-07-27,7.40,7.54,7.58,7.40,21718,16300615.00,2.40,0.40,0.03,1.06
2020-07-28,7.57,7.61,7.67,7.52,18791,14276503.00,1.99,0.93,0.07,0.92
2020-07-29,7.59,7.83,7.85,7.51,35522,27431940.00,4.47,2.89,0.22,1.74
2020-07-30,7.80,7.88,7.94,7.79,34736,27358310.00,1.92,0.64,0.05,1.70
2020-07-31,7.86,8.00,8.02,7.84,36652,29098001.00,2.28,1.52,0.12,1.79
2020-08-03,8.06,8.15,8.19,8.04,45281,36721558.00,1.88,1.88,0.15,2.22
2020-08-04,8.24,8.06,8.24,7.98,51155,41328259.00,3.19,-1.10,-0.09,2.50
2020-08-05,8.13,8.09,8.14,8.00,29677,23966528.00,1.74,0.37,0.03,1.45
2020-08-06,8.13,8.00,8.13,7.92,25120,20115521.00,2.60,-1.11,-0.09,1.23
2020-08-07,8.03,7.88,8.03,7.74,21023,16545645.00,3.63,-1.50,-0.12,1.03
2020-08-10,7.88,7.93,8.04,7.86,21701,17258725.00,2.28,0.63,0.05,1.06
2020-08-11,7.94,7.72,7.98,7.72,26503,20814242.00,3.28,-2.65,-0.21,1.30
2020-08-12,7.74,7.79,7.79,7.56,25117,19237688.00,2.98,0.91,0.07,1.23
2020-08-13,7.88,7.94,7.95,7.79,25982,20497497.00,2.05,1.93,0.15,1.27
2020-08-14,7.98,7.93,8.00,7.75,23611,18588195.00,3.15,-0.13,-0.01,1.16
2020-08-17,7.94,8.08,8.12,7.86,55138,44201541.00,3.28,1.89,0.15,2.70
2020-08-18,8.02,8.13,8.22,8.02,44695,36249607.00,2.48,0.62,0.05,2.19
2020-08-19,8.11,8.26,8.66,8.02,161308,134504258.00,7.87,1.60,0.13,7.89
2020-08-20,8.02,7.88,8.17,7.87,65180,51797856.00,3.63,-4.60,-0.38,3.19
2020-08-21,7.88,7.91,8.05,7.81,33532,26601076.00,3.05,0.38,0.03,1.64
2020-08-24,7.93,7.95,7.95,7.79,30781,24228188.00,2.02,0.51,0.04,1.51
2020-08-25,7.95,8.14,8.15,7.90,55448,44661832.00,3.14,2.39,0.19,2.71
2020-08-26,8.19,7.87,8.19,7.84,38948,31094962.00,4.30,-3.32,-0.27,1.91
2020-08-27,7.87,8.09,8.19,7.81,52079,41988330.00,4.83,2.80,0.22,2.55
2020-08-28,8.12,8.15,8.18,8.04,47168,38301875.00,1.73,0.74,0.06,2.31
2020-08-31,8.19,8.13,8.24,8.09,44855,36543097.00,1.84,-0.25,-0.02,2.20
2020-09-01,8.14,8.16,8.16,8.04,41139,33349868.00,1.48,0.37,0.03,2.01
2020-09-02,8.42,8.33,8.62,8.28,189160,159763778.00,4.17,2.08,0.17,9.26
2020-09-03,8.33,8.48,8.68,8.23,99547,84784125.00,5.40,1.80,0.15,4.87
2020-09-04,8.31,8.54,8.72,8.20,80458,68374236.00,6.13,0.71,0.06,3.94
2020-09-07,8.54,8.52,8.73,8.41,87648,75274803.00,3.75,-0.23,-0.02,4.29
2020-09-08,8.50,8.78,8.80,8.41,78762,67973213.00,4.58,3.05,0.26,3.85
2020-09-09,8.78,8.62,9.03,8.60,98179,86216941.00,4.90,-1.82,-0.16,4.80
2020-09-10,8.72,8.12,8.75,8.06,78067,65110313.00,8.00,-5.80,-0.50,3.82
2020-09-11,8.18,8.17,8.33,8.10,40219,32998063.00,2.83,0.62,0.05,1.97
2020-09-14,8.20,8.26,8.36,8.15,38233,31625859.00,2.57,1.10,0.09,1.87
2020-09-15,8.26,8.11,8.42,8.05,41235,33821443.00,4.48,-1.82,-0.15,2.02
2020-09-16,8.12,8.20,8.26,8.02,36767,29878700.00,2.96,1.11,0.09,1.80
2020-09-17,8.17,8.13,8.25,8.09,27230,22172656.00,1.95,-0.85,-0.07,1.33
2020-09-18,8.09,8.20,8.27,8.05,37920,30918153.00,2.71,0.86,0.07,1.86
2020-09-21,8.20,8.07,8.25,8.07,35069,28569019.00,2.20,-1.59,-0.13,1.72
2020-09-22,8.01,8.27,8.49,7.98,71062,58672970.00,6.32,2.48,0.20,3.48
2020-09-23,8.27,8.15,8.31,8.09,39070,31929887.00,2.66,-1.45,-0.12,1.91
2020-09-24,8.14,8.14,8.18,8.05,23339,18908836.00,1.60,-0.12,-0.01,1.14
2020-09-25,8.21,8.19,8.22,8.05,23826,19370718.00,2.09,0.61,0.05,1.17
2020-09-28,8.20,7.62,8.24,7.59,59283,46285112.00,7.94,-6.96,-0.57,2.90
2020-09-29,7.62,7.61,7.74,7.57,20513,15677352.00,2.23,-0.13,-0.01,1.00
2020-09-30,7.59,7.60,7.64,7.40,20416,15458761.00,3.15,-0.13,-0.01,1.00
2020-10-09,7.65,8.21,8.35,7.65,71584,57932495.00,9.21,8.03,0.61,3.50
2020-10-12,8.21,8.30,8.38,8.17,62377,51398886.00,2.56,1.10,0.09,3.05
2020-10-13,8.29,8.27,8.35,8.20,27144,22467204.00,1.81,-0.36,-0.03,1.33
2020-10-14,8.27,8.30,8.31,8.19,28750,23732747.00,1.45,0.36,0.03,1.41
2020-10-15,8.36,8.15,8.40,8.12,28909,23763917.00,3.37,-1.81,-0.15,1.41
2020-10-16,8.29,8.22,8.29,8.08,25568,20961716.00,2.58,0.86,0.07,1.25
2020-10-19,8.31,8.11,8.33,8.09,19913,16318158.00,2.92,-1.34,-0.11,0.97
2020-10-20,8.05,8.18,8.20,8.01,15665,12731684.00,2.34,0.86,0.07,0.77
2020-10-21,8.17,7.97,8.21,7.92,22110,17724775.00,3.55,-2.57,-0.21,1.08
2020-10-22,7.97,8.03,8.06,7.82,22140,17580836.00,3.01,0.75,0.06,1.08
2020-10-23,8.11,7.82,8.25,7.82,56510,45384576.00,5.35,-2.62,-0.21,2.77
2020-10-26,7.63,7.77,7.84,7.52,37313,28677673.00,4.09,-0.64,-0.05,1.83
2020-10-27,7.60,7.74,7.86,7.60,18157,14089334.00,3.35,-0.39,-0.03,0.89
2020-10-28,7.73,7.86,8.03,7.71,34695,27293392.00,4.13,1.55,0.12,1.70
2020-10-29,7.79,7.89,8.02,7.53,23523,18584493.00,6.23,0.38,0.03,1.15
2020-10-30,7.87,7.58,7.90,7.55,34438,26463999.00,4.44,-3.93,-0.31,1.69
2020-11-02,7.70,7.57,7.70,7.49,17229,13049323.00,2.77,-0.13,-0.01,0.84
2020-11-03,7.66,7.72,7.72,7.58,17511,13422615.00,1.85,1.98,0.15,0.86
2020-11-04,7.69,7.66,7.79,7.60,17525,13466310.00,2.46,-0.78,-0.06,0.86
2020-11-05,7.68,7.79,7.81,7.68,17921,13884916.00,1.70,1.70,0.13,0.88
2020-11-06,7.83,7.73,7.83,7.68,14878,11479236.00,1.93,-0.77,-0.06,0.73
2020-11-09,7.77,7.87,7.92,7.74,22560,17716239.00,2.33,1.81,0.14,1.10
2020-11-10,7.93,7.80,7.93,7.75,17567,13745003.00,2.29,-0.89,-0.07,0.86
2020-11-11,7.77,7.70,7.80,7.67,13503,10418401.00,1.67,-1.28,-0.10,0.66
2020-11-12,7.74,7.72,7.76,7.63,10181,7832892.00,1.69,0.26,0.02,0.50
2020-11-13,7.72,7.73,7.80,7.63,13065,10060784.00,2.20,0.13,0.01,0.64
2020-11-16,7.73,7.79,7.81,7.70,15198,11809735.00,1.42,0.78,0.06,0.74
2020-11-17,7.79,7.70,7.79,7.66,11745,9040129.00,1.67,-1.16,-0.09,0.57
2020-11-18,7.70,7.78,7.80,7.68,13621,10572119.00,1.56,1.04,0.08,0.67
2020-11-19,7.77,7.81,7.86,7.72,15655,12238808.00,1.80,0.39,0.03,0.77
2020-11-20,7.80,7.86,7.88,7.72,14850,11617053.00,2.05,0.64,0.05,0.73
2020-11-23,7.82,7.87,7.95,7.82,16067,12658936.00,1.65,0.13,0.01,0.79
2020-11-24,7.87,7.84,7.94,7.83,14519,11409271.00,1.40,-0.38,-0.03,0.71
2020-11-25,7.87,7.94,8.03,7.87,36329,28909394.00,2.04,1.28,0.10,1.78
2020-11-26,7.98,8.11,8.33,7.87,56634,45829830.00,5.79,2.14,0.17,2.77
2020-11-27,8.09,8.19,8.25,8.00,41889,33975107.00,3.08,0.99,0.08,2.05
2020-11-30,8.21,8.04,8.25,8.04,32667,26556420.00,2.56,-1.83,-0.15,1.60
2020-12-01,8.07,8.03,8.10,7.92,24259,19404723.00,2.24,-0.12,-0.01,1.19
2020-12-02,8.10,8.10,8.15,7.98,24825,19995391.00,2.12,0.87,0.07,1.21
2020-12-03,8.13,8.01,8.14,7.99,18673,14999025.00,1.85,-1.11,-0.09,0.91
2020-12-04,8.06,7.99,8.06,7.94,17760,14176999.00,1.50,-0.25,-0.02,0.87
2020-12-07,7.98,7.96,8.03,7.93,13494,10743817.00,1.25,-0.38,-0.03,0.66
2020-12-08,7.91,8.12,8.12,7.91,21757,17439797.00,2.64,2.01,0.16,1.06
2020-12-09,8.19,7.90,8.27,7.90,49453,40265812.00,4.56,-2.71,-0.22,2.42
2020-12-10,7.84,7.66,7.84,7.56,35866,27512907.00,3.54,-3.04,-0.24,1.76
2020-12-11,7.66,7.53,7.68,7.50,20927,15807129.00,2.35,-1.70,-0.13,1.02
2020-12-14,7.56,7.61,7.61,7.51,8053,6100846.00,1.33,1.06,0.08,0.39
2020-12-15,7.58,7.65,7.65,7.56,7531,5729339.00,1.18,0.53,0.04,0.37
2020-12-16,7.68,7.62,7.68,7.58,8470,6453150.00,1.31,-0.39,-0.03,0.41
2020-12-17,7.60,7.57,7.60,7.21,19700,14681084.00,5.12,-0.66,-0.05,0.96
2020-12-18,7.54,7.45,7.62,7.42,12812,9596275.00,2.64,-1.59,-0.12,0.63
2020-12-21,7.47,7.44,7.49,7.39,8408,6259891.00,1.34,-0.13,-0.01,0.41
2020-12-22,7.41,7.32,7.45,7.28,11847,8725781.00,2.28,-1.61,-0.12,0.58
2020-12-23,7.38,7.26,7.39,7.25,10011,7302150.00,1.91,-0.82,-0.06,0.49
2020-12-24,7.32,7.10,7.32,7.09,14846,10618487.00,3.17,-2.20,-0.16,0.73
2020-12-25,7.15,7.12,7.23,7.05,7985,5707600.00,2.54,0.28,0.02,0.39
2020-12-28,7.14,7.02,7.14,7.00,10272,7233409.00,1.97,-1.40,-0.10,0.50
2020-12-29,7.02,7.16,7.18,6.93,10312,7306703.00,3.56,1.99,0.14,0.50
2020-12-30,7.20,7.14,7.20,7.07,6198,4428295.00,1.82,-0.28,-0.02,0.30
2020-12-31,7.17,7.17,7.29,7.14,7303,5257829.00,2.10,0.42,0.03,0.36
2021-01-04,7.18,7.25,7.27,7.15,9816,7090771.00,1.67,1.12,0.08,0.48
2021-01-05,7.28,7.18,7.28,7.15,10586,7616917.00,1.79,-0.97,-0.07,0.52
2021-01-06,7.17,7.08,7.20,6.99,13501,9544942.00,2.92,-1.39,-0.10,0.66
2021-01-07,7.07,6.91,7.08,6.88,17142,11949934.00,2.82,-2.40,-0.17,0.84
2021-01-08,6.90,7.04,7.05,6.69,15074,10333979.00,5.21,1.88,0.13,0.74
2021-01-11,7.05,6.85,7.05,6.81,12999,9008998.00,3.41,-2.70,-0.19,0.64
2021-01-12,6.79,6.88,6.94,6.75,7174,4924924.00,2.77,0.44,0.03,0.35
2021-01-13,6.88,7.07,7.19,6.60,33613,23003302.00,8.58,2.76,0.19,1.64
2021-01-14,7.07,6.95,7.07,6.80,23624,16345936.00,3.82,-1.70,-0.12,1.16
2021-01-15,6.96,6.93,6.98,6.80,12061,8308356.00,2.59,-0.29,-0.02,0.59
2021-01-18,6.88,7.00,7.03,6.87,12678,8818748.00,2.31,1.01,0.07,0.62
2021-01-19,7.07,7.05,7.15,6.99,12882,9086730.00,2.29,0.71,0.05,0.63
2021-01-20,7.05,7.12,7.22,7.05,12509,8934148.00,2.41,0.99,0.07,0.61
2021-01-21,7.05,7.15,7.19,7.05,11593,8283338.00,1.97,0.42,0.03,0.57
2021-01-22,7.20,6.98,7.20,6.96,10793,7600643.00,3.36,-2.38,-0.17,0.53
2021-01-25,6.87,6.88,7.04,6.87,8661,6013619.00,2.44,-1.43,-0.10,0.42
2021-01-26,6.88,6.80,6.98,6.77,7776,5326093.00,3.05,-1.16,-0.08,0.38
2021-01-27,6.80,6.78,6.88,6.75,6448,4383356.00,1.91,-0.29,-0.02,0.32
2021-01-28,6.78,6.72,6.82,6.68,8001,5386697.00,2.06,-0.88,-0.06,0.39
2021-01-29,6.75,6.46,6.75,6.40,12810,8383444.00,5.21,-3.87,-0.26,0.63
2021-02-01,6.48,6.38,6.54,6.11,7109,4554440.00,6.66,-1.24,-0.08,0.35
2021-02-02,6.42,6.43,6.49,6.33,8198,5241226.00,2.51,0.78,0.05,0.40
2021-02-03,6.50,6.41,6.61,6.41,8576,5597626.00,3.11,-0.31,-0.02,0.42
2021-02-04,6.42,6.18,6.42,6.09,13452,8372384.00,5.15,-3.59,-0.23,0.66
2021-02-05,6.14,6.16,6.31,6.11,5686,3519122.00,3.24,-0.32,-0.02,0.28
2021-02-08,6.17,6.06,6.28,6.05,6821,4155710.00,3.73,-1.62,-0.10,0.33
2021-02-09,6.12,6.20,6.22,6.05,7801,4778450.00,2.81,2.31,0.14,0.38
2021-02-10,6.15,6.28,6.30,6.15,8190,5116239.00,2.42,1.29,0.08,0.40
2021-02-18,6.45,6.49,6.68,6.33,13970,9055062.00,5.57,3.34,0.21,0.68
2021-02-19,6.48,6.61,6.62,6.44,9526,6243392.00,2.77,1.85,0.12,0.47
2021-02-22,6.64,6.66,6.84,6.64,12200,8211199.00,3.03,0.76,0.05,0.60
2021-02-23,6.62,6.57,6.73,6.55,8665,5702713.00,2.70,-1.35,-0.09,0.42
2021-02-24,6.59,6.60,6.75,6.53,10098,6714280.00,3.35,0.46,0.03,0.49
2021-02-25,6.60,6.59,6.75,6.59,7886,5225336.00,2.42,-0.15,-0.01,0.39
2021-02-26,6.56,6.65,6.73,6.45,13873,9186000.00,4.25,0.91,0.06,0.68
2021-03-01,6.85,6.90,6.96,6.79,23210,15953310.00,2.56,3.76,0.25,1.14
2021-03-02,6.93,6.77,6.93,6.73,12889,8759424.00,2.90,-1.88,-0.13,0.63
2021-03-03,6.77,6.79,6.84,6.72,8240,5583356.00,1.77,0.30,0.02,0.40
2021-03-04,6.78,6.74,6.87,6.72,9346,6347318.00,2.21,-0.74,-0.05,0.46
2021-03-05,6.74,6.90,6.95,6.71,11602,7955039.00,3.56,2.37,0.16,0.57
2021-03-08,7.08,6.81,7.08,6.81,11133,7676092.00,3.91,-1.30,-0.09,0.54
2021-03-09,6.86,6.78,6.93,6.60,10031,6794805.00,4.85,-0.44,-0.03,0.49
2021-03-10,6.78,6.67,6.92,6.62,8112,5441185.00,4.42,-1.62,-0.11,0.40
2021-03-11,6.63,6.71,6.73,6.56,8353,5569646.00,2.55,0.60,0.04,0.41
2021-03-12,6.66,6.68,6.76,6.63,9190,6154030.00,1.94,-0.45,-0.03,0.45
2021-03-15,6.68,6.72,6.73,6.63,9016,6023709.00,1.50,0.60,0.04,0.44
2021-03-16,6.65,6.73,6.74,6.65,8025,5380130.00,1.34,0.15,0.01,0.39
2021-03-17,6.78,6.89,6.93,6.72,17863,12162405.00,3.12,2.38,0.16,0.87
2021-03-18,6.78,6.90,7.01,6.78,20975,14543892.00,3.34,0.15,0.01,1.03
2021-03-19,6.82,6.85,6.99,6.76,11496,7929463.00,3.33,-0.72,-0.05,0.56
2021-03-22,6.85,7.10,7.18,6.85,26588,18722923.00,4.82,3.65,0.25,1.30
2021-03-23,7.10,7.06,7.15,6.99,11444,8066866.00,2.25,-0.56,-0.04,0.56
2021-03-24,6.99,6.96,7.10,6.96,10959,7690668.00,1.98,-1.42,-0.10,0.54
2021-03-25,6.98,6.95,7.03,6.92,7700,5361764.00,1.58,-0.14,-0.01,0.38
2021-03-26,7.00,6.96,7.08,6.93,8271,5773643.00,2.16,0.14,0.01,0.40
2021-03-29,6.98,6.84,7.01,6.84,9682,6695155.00,2.44,-1.72,-0.12,0.47
2021-03-30,6.81,6.75,6.84,6.66,8135,5488229.00,2.63,-1.32,-0.09,0.40
2021-03-31,6.76,6.83,6.83,6.67,6224,4217864.00,2.37,1.19,0.08,0.30
2021-04-01,6.82,7.05,7.05,6.78,20119,13990465.00,3.95,3.22,0.22,0.98
2021-04-02,7.11,7.16,7.25,6.97,34019,24151449.00,3.97,1.56,0.11,1.65
2021-04-06,7.18,6.98,7.18,6.95,19078,13375886.00,3.21,-2.51,-0.18,0.93
2021-04-07,6.98,6.97,7.04,6.94,7002,4875304.00,1.43,-0.14,-0.01,0.34
2021-04-08,6.97,6.84,6.97,6.80,14592,10004533.00,2.44,-1.87,-0.13,0.71
2021-04-09,6.75,7.05,7.07,6.75,23111,16079166.00,4.68,3.07,0.21,1.12
2021-04-12,7.24,7.07,7.24,6.94,20112,14214535.00,4.26,0.28,0.02,0.98
2021-04-13,7.11,7.14,7.31,7.00,37703,27151615.00,4.38,0.99,0.07,1.83
2021-04-14,7.08,7.61,7.72,7.03,80195,59311806.00,9.66,6.58,0.47,3.90
2021-04-15,7.47,7.36,7.90,7.35,79472,60272779.00,7.23,-3.29,-0.25,3.86
2021-04-16,7.16,7.21,7.24,7.02,47882,34161941.00,2.99,-2.04,-0.15,2.33
2021-04-19,7.14,7.18,7.21,7.14,21853,15693354.00,0.97,-0.42,-0.03,1.06
2021-04-20,7.19,7.08,7.23,7.02,20089,14314086.00,2.92,-1.39,-0.10,0.98
2021-04-21,7.05,7.08,7.14,7.00,11506,8138665.00,1.98,0.00,0.00,0.56
2021-04-22,7.08,7.09,7.14,7.05,7955,5627057.00,1.27,0.14,0.01,0.39
2021-04-23,7.10,6.90,7.13,6.89,18710,13000502.00,3.39,-2.68,-0.19,0.91
2021-04-26,6.85,6.92,6.92,6.80,9003,6196587.00,1.74,0.29,0.02,0.44
2021-04-27,6.91,6.69,6.91,6.52,15145,10161511.00,5.64,-3.32,-0.23,0.74
2021-04-28,6.65,6.71,6.74,6.65,5359,3594469.00,1.35,0.30,0.02,0.26
2021-04-29,6.71,6.71,6.74,6.66,5007,3358906.00,1.19,0.00,0.00,0.24
2021-04-30,6.71,6.61,6.73,6.55,8664,5752132.00,2.68,-1.49,-0.10,0.42
2021-05-06,6.61,6.56,6.69,6.53,11589,7619985.00,2.42,-0.76,-0.05,0.56
2021-05-07,6.56,6.48,6.58,6.45,10653,6911049.00,1.98,-1.22,-0.08,0.52
2021-05-10,6.48,6.42,6.49,6.40,9652,6197589.00,1.39,-0.93,-0.06,0.47
2021-05-11,6.41,6.45,6.46,6.36,25602,16358909.00,1.56,0.47,0.03,1.24
2021-05-12,6.43,6.47,6.48,6.37,16955,10876462.00,1.71,0.31,0.02,0.82
2021-05-13,6.42,6.46,6.53,6.40,23061,14935498.00,2.01,-0.15,-0.01,1.12
2021-05-14,6.42,6.56,6.63,6.42,30940,20174257.00,3.25,1.55,0.10,1.50
2021-05-17,6.57,6.46,6.57,6.45,11794,7636692.00,1.83,-1.52,-0.10,0.57
2021-05-18,6.45,6.43,6.48,6.39,9842,6323148.00,1.39,-0.46,-0.03,0.48
2021-05-19,6.43,6.47,6.51,6.40,11464,7412001.00,1.71,0.62,0.04,0.56
2021-05-20,6.47,6.39,6.47,6.36,9578,6126883.00,1.70,-1.24,-0.08,0.47
2021-05-21,6.40,6.46,6.47,6.39,6177,3974760.00,1.25,1.10,0.07,0.30
2021-05-24,6.46,6.53,6.53,6.46,12810,8321540.00,1.08,1.08,0.07,0.62
2021-05-25,6.55,6.53,6.56,6.48,7843,5110975.00,1.23,0.00,0.00,0.38
2021-05-26,6.60,6.54,6.60,6.50,9161,5991492.00,1.53,0.15,0.01,0.45
2021-05-27,6.56,6.54,6.58,6.53,9991,6547167.00,0.76,0.00,0.00,0.49
2021-05-28,6.55,6.51,6.70,6.49,12176,7987463.00,3.21,-0.46,-0.03,0.59
2021-05-31,6.60,6.53,6.60,6.48,9597,6253306.00,1.84,0.31,0.02,0.47
2021-06-01,6.57,6.59,6.61,6.50,11443,7510323.00,1.68,0.92,0.06,0.56
2021-06-02,6.59,6.54,6.60,6.52,9824,6448405.00,1.21,-0.76,-0.05,0.48
2021-06-03,6.55,6.53,6.59,6.51,10097,6602147.00,1.22,-0.15,-0.01,0.49
2021-06-04,6.54,6.47,6.56,6.45,9620,6238545.00,1.68,-0.92,-0.06,0.47
2021-06-07,6.54,6.40,6.54,6.36,23691,15178261.00,2.78,-1.08,-0.07,1.15
2021-06-08,6.38,6.55,6.55,6.20,55725,35410923.00,5.47,2.34,0.15,2.71
2021-06-09,6.48,6.51,6.56,6.48,26201,17071962.00,1.22,-0.61,-0.04,1.27
2021-06-10,6.56,6.63,6.64,6.51,25202,16574330.00,2.00,1.84,0.12,1.22
2021-06-11,6.63,6.54,6.63,6.54,18185,11957509.00,1.36,-1.36,-0.09,0.88
2021-06-15,6.60,6.47,6.64,6.46,13988,9132851.00,2.75,-1.07,-0.07,0.68
2021-06-16,6.46,6.55,6.57,6.45,21638,14118608.00,1.85,1.24,0.08,1.05
2021-06-17,6.56,6.50,6.59,6.49,13761,8981281.00,1.53,-0.76,-0.05,0.67
2021-06-18,6.50,6.62,6.65,6.48,24119,15916310.00,2.62,1.85,0.12,1.17
2021-06-21,6.57,6.75,6.85,6.57,31393,21116330.00,4.23,1.96,0.13,1.52
2021-06-22,6.75,6.69,6.78,6.67,22465,15130041.00,1.63,-0.89,-0.06,1.09
2021-06-23,6.79,6.74,6.79,6.60,21454,14326235.00,2.84,0.75,0.05,1.04
2021-06-24,6.71,6.66,6.75,6.65,13293,8889069.00,1.48,-1.19,-0.08,0.65
2021-06-25,6.64,6.67,6.72,6.64,12560,8383539.00,1.20,0.15,0.01,0.61
2021-06-28,6.65,6.77,6.77,6.64,17313,11652693.00,1.95,1.50,0.10,0.84
2021-06-29,6.78,6.60,6.79,6.58,17998,12006041.00,3.10,-2.51,-0.17,0.87
2021-06-30,6.62,6.68,6.69,6.60,9204,6117885.00,1.36,1.21,0.08,0.45
2021-07-01,6.71,6.58,6.75,6.58,11985,7955397.00,2.54,-1.50,-0.10,0.58
2021-07-02,6.57,6.45,6.61,6.41,13517,8739197.00,3.04,-1.98,-0.13,0.66
2021-07-05,6.56,6.70,6.97,6.55,30954,20836818.00,6.51,3.88,0.25,1.50
2021-07-06,6.75,6.65,6.79,6.61,16566,11065358.00,2.69,-0.75,-0.05,0.80
2021-07-07,6.64,6.68,6.75,6.58,11927,7971408.00,2.56,0.45,0.03,0.58
2021-07-08,6.77,6.62,6.77,6.60,14204,9454294.00,2.54,-0.90,-0.06,0.69
2021-07-09,6.64,6.63,6.66,6.45,16182,10635564.00,3.17,0.15,0.01,0.79
2021-07-12,6.69,6.74,6.74,6.58,19587,13077729.00,2.41,1.66,0.11,0.95
2021-07-13,6.75,6.72,6.75,6.64,14122,9443468.00,1.63,-0.30,-0.02,0.69
2021-07-14,6.75,6.66,6.75,6.65,16910,11296989.00,1.49,-0.89,-0.06,0.82
2021-07-15,6.66,6.50,6.68,6.46,25326,16521702.00,3.30,-2.40,-0.16,1.23
2021-07-16,6.47,6.44,6.51,6.40,15329,9897075.00,1.69,-0.92,-0.06,0.74
