2017-11-22,47.87,47.87,47.87,47.87,15,72187.00,0.00,10.00,4.35,0.01
2017-11-23,52.66,52.66,52.66,52.66,33,173778.00,0.00,10.01,4.79,0.02
2017-11-24,57.93,57.93,57.93,57.93,100,579300.00,0.00,10.01,5.27,0.06
2017-11-27,63.72,63.72,63.72,63.72,266,1694952.00,0.00,9.99,5.79,0.16
2017-11-28,70.09,70.09,70.09,70.09,360,2523240.00,0.00,10.00,6.37,0.22
2017-11-29,77.10,77.10,77.10,77.10,228,1757880.00,0.00,10.00,7.01,0.14
2017-11-30,84.81,84.81,84.81,84.81,941,7980705.00,0.00,10.00,7.71,0.56
2017-12-01,93.29,93.29,93.29,93.29,7796,72729537.00,0.00,10.00,8.48,4.67
2017-12-04,102.62,92.81,102.62,89.31,109587,1059117328.00,14.27,-0.51,-0.48,65.62
2017-12-05,92.81,94.15,99.30,90.16,68439,651441952.00,9.85,1.44,1.34,40.98
2017-12-06,97.09,96.39,98.77,91.50,57936,552714544.00,7.72,2.38,2.24,34.69
2017-12-07,93.10,89.90,94.52,87.10,50759,461226560.00,7.70,-6.73,-6.49,30.39
2017-12-08,91.02,98.89,98.89,91.02,54923,530762464.00,8.75,10.00,8.99,32.89
2017-12-11,100.02,103.02,108.78,100.02,71386,749456416.00,8.86,4.18,4.13,42.75
2017-12-12,100.20,105.00,106.78,99.00,54103,557437184.00,7.55,1.92,1.98,32.40
2017-12-13,103.29,102.60,110.00,100.66,49266,517949040.00,8.90,-2.29,-2.40,29.50
2017-12-14,103.90,112.86,112.86,102.19,52940,573122896.00,10.40,10.00,10.26,31.70
2017-12-15,111.87,101.90,111.99,101.90,57028,610809296.00,8.94,-9.71,-10.96,34.15
2017-12-18,100.11,95.69,104.69,95.18,43863,437588208.00,9.33,-6.09,-6.21,26.27
2017-12-19,97.14,97.25,99.80,95.29,35570,346777712.00,4.71,1.63,1.56,21.30
2017-12-20,96.18,95.50,98.50,92.54,43990,418848736.00,6.13,-1.80,-1.75,26.34
2017-12-21,94.99,100.11,103.26,93.00,53211,522676528.00,10.74,4.83,4.61,31.86
2017-12-22,98.71,99.00,103.80,98.50,41145,413619248.00,5.29,-1.11,-1.11,24.64
2017-12-25,99.95,106.51,108.90,99.13,59232,624509584.00,9.87,7.59,7.51,35.47
2017-12-26,105.33,107.98,112.49,105.01,50777,551772416.00,7.02,1.38,1.47,30.41
2017-12-27,109.50,110.00,115.50,108.00,47241,527830000.00,6.95,1.87,2.02,28.29
2017-12-28,115.00,117.58,121.00,112.27,54682,647553712.00,7.94,6.89,7.58,32.74
2017-12-29,114.10,112.50,119.00,111.20,37311,427328336.00,6.63,-4.32,-5.08,22.34
2018-01-02,114.92,120.50,121.58,113.80,35075,415444080.00,6.92,7.11,8.00,21.00
2018-01-03,120.00,120.99,121.99,116.31,29701,353460992.00,4.71,0.41,0.49,17.79
2018-01-04,120.32,120.50,122.40,115.80,39202,466121376.00,5.45,-0.40,-0.49,23.47
2018-01-05,119.03,116.98,120.30,115.01,28465,334804512.00,4.39,-2.92,-3.52,17.05
2018-01-08,116.00,116.90,119.88,115.08,24447,286768368.00,4.10,-0.07,-0.08,14.64
2018-01-09,116.19,128.59,128.59,116.16,41764,516050032.00,10.63,10.00,11.69,25.01
2018-01-10,126.02,127.72,128.58,123.08,35404,444506336.00,4.28,-0.68,-0.87,21.20
2018-01-11,127.29,132.55,135.98,127.15,33709,445778960.00,6.91,3.78,4.83,20.18
2018-01-12,130.04,131.00,135.46,129.64,23626,312539984.00,4.39,-1.17,-1.55,14.15
2018-01-15,131.06,131.56,142.00,130.00,32955,446806576.00,9.16,0.43,0.56,19.73
2018-01-16,129.00,139.81,141.88,129.00,29322,395703456.00,9.79,6.27,8.25,17.56
2018-01-17,139.00,136.74,141.49,130.30,26393,358439536.00,8.00,-2.20,-3.07,15.80
2018-01-18,137.10,146.94,148.77,134.80,29426,424389312.00,10.22,7.46,10.20,17.62
2018-01-19,146.11,161.63,161.63,144.70,37932,584595568.00,11.52,10.00,14.69,22.71
2018-01-22,157.00,162.12,163.00,156.00,26883,428788688.00,4.33,0.30,0.49,16.10
2018-01-23,160.30,145.91,164.77,145.91,32031,493270016.00,11.63,-10.00,-16.21,19.18
2018-01-24,148.00,140.06,149.80,137.00,40025,566638128.00,8.77,-4.01,-5.85,23.97
2018-01-25,139.00,137.70,142.48,133.39,30501,420191424.00,6.49,-1.68,-2.36,18.26
2018-01-26,138.00,138.17,139.19,134.21,23515,322569136.00,3.62,0.34,0.47,14.08
2018-01-29,138.60,124.35,139.00,124.35,29132,375321504.00,10.60,-10.00,-13.82,17.44
2018-01-30,120.36,114.54,121.80,113.15,32995,387505280.00,6.96,-7.89,-9.81,19.76
2018-01-31,114.27,109.61,116.88,105.25,34754,386854352.00,10.15,-4.30,-4.93,20.81
2018-02-01,109.01,109.00,111.90,107.21,24084,263885822.00,4.28,-0.56,-0.61,14.42
2018-02-02,109.18,113.20,113.33,106.50,26318,289483408.00,6.27,3.85,4.20,15.76
2018-02-05,109.94,101.88,111.00,101.88,29196,303107392.00,8.06,-10.00,-11.32,17.48
2018-02-06,94.03,94.41,99.66,94.03,23782,229537199.00,5.53,-7.33,-7.47,14.24
2018-02-07,97.80,98.97,102.00,95.00,26411,260438532.00,7.41,4.83,4.56,15.81
2018-02-08,97.79,98.83,99.99,95.88,17137,168681014.00,4.15,-0.14,-0.14,10.26
2018-02-09,92.00,94.00,96.60,91.00,19141,180257050.00,5.67,-4.89,-4.83,11.46
2018-02-12,96.88,100.26,102.04,96.50,19673,195181934.00,5.89,6.66,6.26,11.78
2018-02-13,101.00,95.53,101.00,95.53,18534,181654365.00,5.46,-4.72,-4.73,11.10
2018-02-14,95.50,99.40,103.00,94.30,19007,188975105.00,9.11,4.05,3.87,11.38
2018-02-22,100.25,105.62,107.00,98.34,19841,205499156.00,8.71,6.26,6.22,11.88
2018-02-23,104.55,104.97,105.43,102.88,14139,147446472.00,2.41,-0.62,-0.65,8.47
2018-02-26,107.45,109.70,111.70,105.96,19980,217458274.00,5.47,4.51,4.73,11.96
2018-02-27,111.00,111.50,116.00,109.66,21041,237335031.00,5.78,1.64,1.80,12.60
2018-02-28,109.00,108.31,112.40,108.00,15287,167470455.00,3.95,-2.86,-3.19,9.15
2018-03-01,107.00,115.38,115.38,106.00,18139,203989089.00,8.66,6.53,7.07,10.86
2018-03-02,113.62,113.27,116.60,112.40,13143,149859825.00,3.64,-1.83,-2.11,7.87
2018-03-05,113.90,118.98,120.38,113.03,17056,199523987.00,6.49,5.04,5.71,10.21
2018-03-06,118.96,120.00,125.77,118.03,21531,262327216.00,6.51,0.86,1.02,12.89
2018-03-07,120.02,122.80,125.98,120.01,15213,187928159.00,4.98,2.33,2.80,9.11
2018-03-08,122.70,127.46,127.87,120.50,17446,218284381.00,6.00,3.79,4.66,10.45
2018-03-09,129.00,133.48,134.78,128.01,21256,278976672.00,5.31,4.72,6.02,12.73
2018-03-12,134.97,133.78,135.88,129.36,20117,266668253.00,4.88,0.22,0.30,12.05
2018-03-13,133.48,133.55,138.88,130.78,19558,263596186.00,6.05,-0.17,-0.23,11.71
2018-03-14,131.50,123.36,133.68,123.01,20428,264182195.00,7.99,-7.63,-10.19,12.23
2018-03-15,121.11,127.50,128.50,115.20,26246,321552096.00,10.78,3.36,4.14,15.72
2018-03-16,126.84,133.57,135.00,125.33,20396,265726697.00,7.58,4.76,6.07,12.21
2018-03-19,127.87,124.60,129.26,122.00,25034,314812608.00,5.44,-6.72,-8.97,14.99
2018-03-20,121.20,124.56,127.28,121.11,17138,213999442.00,4.95,-0.03,-0.04,10.26
2018-03-21,125.77,124.49,129.70,124.00,19083,242074129.00,4.58,-0.06,-0.07,11.43
2018-03-22,124.47,120.50,126.26,120.48,19076,233607661.00,4.64,-3.21,-3.99,11.42
2018-03-23,113.92,108.45,114.00,108.45,21716,241135872.00,4.61,-10.00,-12.05,13.00
2018-03-26,104.02,110.49,111.20,101.05,17210,184027591.00,9.36,1.88,2.04,10.31
2018-03-27,113.00,115.85,120.45,112.25,19130,222636508.00,7.42,4.85,5.36,11.46
2018-03-28,113.51,116.32,118.94,113.35,14264,166153095.00,4.83,0.41,0.47,8.54
2018-03-29,117.99,114.14,119.95,112.30,14696,170043246.00,6.58,-1.87,-2.18,8.80
2018-03-30,120.20,123.55,125.55,119.00,22522,277067408.00,5.74,8.24,9.41,13.49
2018-04-02,123.37,129.90,132.57,120.60,31106,392843760.00,9.69,5.14,6.35,18.63
2018-04-03,126.55,131.89,137.00,126.20,24269,320320176.00,8.31,1.53,1.99,14.53
2018-04-04,132.56,129.95,136.57,129.60,16684,220994228.00,5.28,-1.47,-1.94,9.99
2018-04-09,128.91,136.35,136.46,128.84,17917,239192378.00,5.86,4.92,6.40,10.73
2018-04-10,137.47,128.50,137.47,125.55,21686,282358560.00,8.74,-5.76,-7.85,12.99
2018-04-11,129.15,130.33,133.00,128.50,12418,162185222.00,3.50,1.42,1.83,7.44
2018-04-12,128.79,125.36,132.00,124.48,14499,185280882.00,5.77,-3.81,-4.97,8.68
2018-04-13,126.26,128.50,129.50,126.26,13073,167396123.00,2.58,2.50,3.14,7.83
2018-04-16,128.60,134.08,134.21,128.20,18266,240828941.00,4.68,4.34,5.58,10.94
2018-04-17,132.49,121.78,133.88,120.67,24815,313303200.00,9.85,-9.17,-12.30,14.86
2018-04-18,122.12,122.40,124.17,112.30,19569,233007151.00,9.75,0.51,0.62,11.72
2018-04-19,121.83,119.05,125.15,118.78,17692,215055955.00,5.20,-2.74,-3.35,10.59
2018-04-20,116.73,110.90,116.99,110.50,16096,182878266.00,5.45,-6.85,-8.15,9.64
2018-04-23,112.42,114.20,116.66,110.92,14979,171145097.00,5.18,2.98,3.30,8.97
2018-04-24,115.20,120.40,120.95,112.30,16188,189596091.00,7.57,5.43,6.20,9.69
2018-04-25,124.50,129.64,132.30,124.00,26370,339192784.00,6.89,7.67,9.24,15.79
2018-04-26,128.64,129.98,133.19,128.39,17451,227565762.00,3.70,0.26,0.34,10.45
2018-04-27,132.00,129.05,133.60,126.10,14670,190360572.00,5.77,-0.72,-0.93,8.78
2018-05-02,129.98,131.18,133.28,128.50,13448,176407242.00,3.70,1.65,2.13,8.05
2018-05-03,129.64,128.00,129.99,119.83,13533,169532066.00,7.75,-2.42,-3.18,8.10
2018-05-04,78.50,78.98,82.47,78.50,20498,164776906.00,3.10,-38.30,-49.02,7.67
2018-05-07,79.30,85.42,86.88,79.30,39217,330482528.00,9.60,8.15,6.44,14.68
2018-05-08,83.75,84.40,85.35,82.92,31103,260411041.00,2.84,-1.19,-1.02,11.64
2018-05-09,85.00,83.52,86.00,82.50,18911,158451724.00,4.15,-1.04,-0.88,7.08
2018-05-10,83.33,82.20,84.00,80.31,19917,163508610.00,4.42,-1.58,-1.32,7.45
2018-05-11,83.05,85.11,86.88,82.29,38756,329056032.00,5.58,3.54,2.91,14.50
2018-05-14,84.97,88.20,90.77,84.43,36877,324532608.00,7.45,3.63,3.09,13.80
2018-05-15,87.50,88.03,88.19,85.72,19790,172391146.00,2.80,-0.19,-0.17,7.41
2018-05-16,87.01,88.20,88.99,86.30,16986,148876188.00,3.06,0.19,0.17,6.36
2018-05-17,88.77,94.00,96.00,88.21,42411,393821168.00,8.83,6.58,5.80,15.87
2018-05-18,92.56,93.23,95.98,90.84,29937,278236384.00,5.47,-0.82,-0.77,11.20
2018-05-21,94.42,98.45,101.30,94.42,36276,355092400.00,7.38,5.60,5.22,13.58
2018-05-22,98.52,100.00,101.00,96.69,23213,229734079.00,4.38,1.57,1.55,8.69
2018-05-23,99.03,97.95,101.38,97.50,18658,185653629.00,3.88,-2.05,-2.05,6.98
2018-05-24,98.18,95.76,99.98,94.57,21198,205072679.00,5.52,-2.24,-2.19,7.93
2018-05-25,96.84,97.00,100.45,95.79,21263,209568973.00,4.87,1.29,1.24,7.96
2018-05-28,97.06,103.00,105.25,96.80,32131,326775264.00,8.71,6.19,6.00,12.02
2018-05-29,101.58,99.80,102.99,98.80,20454,205588465.00,4.07,-3.11,-3.20,7.65
2018-05-30,98.00,94.97,98.97,91.18,24313,232350263.00,7.81,-4.84,-4.83,9.10
2018-05-31,96.07,95.61,97.48,94.07,15230,146154335.00,3.59,0.67,0.64,5.70
2018-06-01,95.50,89.00,97.65,88.66,19241,178990851.00,9.40,-6.91,-6.61,7.20
2018-06-04,89.67,90.80,92.48,88.54,20247,183748988.00,4.43,2.02,1.80,7.58
2018-06-05,91.01,94.64,94.98,89.50,14334,132799802.00,6.04,4.23,3.84,5.36
2018-06-06,94.60,98.23,99.57,93.80,16504,161506924.00,6.10,3.79,3.59,6.18
2018-06-07,99.20,95.39,99.22,94.18,15430,148183460.00,5.13,-2.89,-2.84,5.77
2018-06-08,96.30,96.14,97.65,93.35,15013,143792175.00,4.51,0.79,0.75,5.62
2018-06-11,95.50,91.72,95.88,91.00,17069,158002655.00,5.08,-4.60,-4.42,6.39
2018-06-12,91.98,92.78,93.30,88.25,15013,136824901.00,5.51,1.16,1.06,5.62
2018-06-13,91.01,89.74,92.98,89.50,10636,96859455.00,3.75,-3.28,-3.04,3.98
2018-06-14,88.72,87.10,91.50,86.68,16243,144401919.00,5.37,-2.94,-2.64,6.08
2018-06-15,87.60,87.20,88.88,86.10,14719,128945369.00,3.19,0.11,0.10,5.51
2018-06-19,85.30,80.30,88.22,78.48,25399,208215400.00,11.17,-7.91,-6.90,9.51
2018-06-20,79.80,83.86,85.00,78.62,20188,165607006.00,7.95,4.43,3.56,7.56
2018-06-21,83.50,78.10,84.59,78.00,16729,136116020.00,7.86,-6.87,-5.76,6.26
2018-06-22,77.40,84.16,85.91,77.40,25588,210674088.00,10.90,7.76,6.06,9.58
2018-06-25,84.40,82.23,86.30,82.11,18117,151542993.00,4.98,-2.29,-1.93,6.78
2018-06-26,81.00,88.59,90.44,80.17,30610,263002015.00,12.49,7.73,6.36,11.46
2018-06-27,88.51,89.72,92.03,87.88,27720,249152239.00,4.68,1.28,1.13,10.37
2018-06-28,89.64,87.79,91.79,85.72,22288,198151050.00,6.77,-2.15,-1.93,8.34
2018-06-29,88.00,94.00,95.58,87.00,25032,229804246.00,9.77,7.07,6.21,9.37
2018-07-02,93.52,92.43,94.77,91.58,17642,163757307.00,3.39,-1.67,-1.57,6.60
2018-07-03,92.05,94.90,96.00,91.63,22608,213212596.00,4.73,2.67,2.47,8.46
2018-07-04,94.60,89.60,95.39,87.40,29902,272416416.00,8.42,-5.58,-5.30,11.19
2018-07-05,88.75,89.70,93.00,87.01,25486,231006237.00,6.69,0.11,0.10,9.54
2018-07-06,89.02,90.95,95.48,89.02,27313,253148933.00,7.20,1.39,1.25,10.22
2018-07-09,91.60,92.95,94.00,90.54,18152,167751608.00,3.80,2.20,2.00,6.79
2018-07-10,93.56,93.17,93.80,90.60,14215,130909921.00,3.44,0.24,0.22,5.32
2018-07-11,90.00,90.15,91.95,87.80,18443,165406876.00,4.45,-3.24,-3.02,6.90
2018-07-12,91.75,94.38,95.50,91.00,25765,241176288.00,4.99,4.69,4.23,9.64
2018-07-13,94.00,94.08,95.28,90.80,22495,208367432.00,4.75,-0.32,-0.30,8.42
2018-07-16,93.00,92.29,94.47,91.63,14026,129952623.00,3.02,-1.90,-1.79,5.25
2018-07-17,91.70,90.03,92.31,87.88,25762,230632119.00,4.80,-2.45,-2.26,9.64
2018-07-18,90.00,94.60,98.53,89.55,45159,428029296.00,9.97,5.08,4.57,16.90
2018-07-19,94.48,92.11,95.55,90.98,22587,209480030.00,4.83,-2.63,-2.49,8.45
2018-07-20,92.16,94.08,95.49,90.00,24953,231505091.00,5.96,2.14,1.97,9.34
2018-07-23,95.01,101.00,102.88,95.01,38805,387459984.00,8.37,7.36,6.92,14.52
2018-07-24,99.30,101.76,103.00,98.32,22289,224438146.00,4.63,0.75,0.76,8.34
2018-07-25,100.60,99.69,104.83,99.01,17425,176228219.00,5.72,-2.03,-2.07,6.52
2018-07-26,101.00,96.08,101.30,93.70,23770,229381023.00,7.62,-3.62,-3.61,8.90
2018-07-27,95.90,93.64,96.49,93.01,15091,142290574.00,3.62,-2.54,-2.44,5.65
2018-07-30,93.70,93.70,94.20,91.88,12153,112662736.00,2.48,0.06,0.06,4.55
2018-07-31,92.82,92.39,93.97,91.58,9057,83739980.00,2.55,-1.40,-1.31,3.39
2018-08-01,92.49,92.11,95.90,91.95,17159,160751923.00,4.28,-0.30,-0.28,6.42
2018-08-02,90.00,90.80,91.28,85.90,14882,132874081.00,5.84,-1.42,-1.31,5.57
2018-08-03,90.47,87.88,91.50,87.88,10293,91810057.00,3.99,-3.22,-2.92,3.85
2018-08-06,87.40,86.90,89.11,84.80,12669,109497216.00,4.90,-1.12,-0.98,4.74
2018-08-07,88.00,90.18,90.20,84.52,15264,134206404.00,6.54,3.77,3.28,5.71
2018-08-08,89.28,90.50,92.39,89.28,14262,129384722.00,3.45,0.35,0.32,5.34
2018-08-09,89.55,96.70,97.80,89.50,20589,196032222.00,9.17,6.85,6.20,7.71
2018-08-10,96.00,96.75,97.62,95.50,13135,126704099.00,2.19,0.05,0.05,4.92
2018-08-13,95.50,98.21,99.48,95.50,15543,152321112.00,4.11,1.51,1.46,5.82
2018-08-14,97.28,96.39,98.58,95.22,11111,107235313.00,3.42,-1.85,-1.82,4.16
2018-08-15,96.56,95.21,99.59,94.88,19557,191224340.00,4.89,-1.22,-1.18,7.32
2018-08-16,93.83,97.51,101.28,93.60,22005,215867368.00,8.07,2.42,2.30,8.24
2018-08-17,98.88,93.91,101.10,93.90,20550,199611752.00,7.38,-3.69,-3.60,7.69
2018-08-20,94.33,97.31,97.58,93.01,14105,134229344.00,4.87,3.62,3.40,5.28
2018-08-21,97.31,99.28,101.18,95.50,18825,185369688.00,5.84,2.02,1.97,7.05
2018-08-22,98.30,96.34,99.28,95.63,11601,112967738.00,3.68,-2.96,-2.94,4.34
2018-08-23,96.35,100.98,105.20,95.17,25599,256727800.00,10.41,4.82,4.64,9.58
2018-08-24,100.88,99.00,102.00,98.35,14100,140502244.00,3.61,-1.96,-1.98,5.28
2018-08-27,99.70,103.50,105.92,98.38,22171,227479825.00,7.62,4.55,4.50,8.30
2018-08-28,102.80,104.40,104.72,102.08,12110,125191695.00,2.55,0.87,0.90,4.53
2018-08-29,103.98,102.69,104.31,101.01,10842,110956609.00,3.16,-1.64,-1.71,4.06
2018-08-30,102.20,99.66,102.85,98.90,11907,119647052.00,3.85,-2.95,-3.03,4.46
2018-08-31,99.50,97.68,100.60,97.60,9658,95499142.00,3.01,-1.99,-1.98,3.61
2018-09-03,97.65,101.45,102.10,96.22,13602,135370381.00,6.02,3.86,3.77,5.09
2018-09-04,100.62,105.75,106.99,100.62,19870,207071072.00,6.28,4.24,4.30,7.44
2018-09-05,105.33,106.30,109.86,104.55,14582,156247363.00,5.02,0.52,0.55,5.46
2018-09-06,105.00,105.56,109.68,104.02,11983,127381118.00,5.32,-0.70,-0.74,4.48
2018-09-07,106.89,105.00,110.90,103.00,27027,289818400.00,7.48,-0.53,-0.56,10.12
2018-09-10,104.88,100.07,104.88,99.10,18200,184196917.00,5.50,-4.70,-4.93,6.81
2018-09-11,100.59,100.65,102.50,99.50,10223,103052633.00,3.00,0.58,0.58,3.83
2018-09-12,100.65,98.80,101.47,97.55,12466,123574264.00,3.89,-1.84,-1.85,4.67
2018-09-13,100.30,97.72,100.90,94.68,16868,164118240.00,6.30,-1.09,-1.08,6.31
2018-09-14,98.00,94.50,98.03,92.01,15576,147439590.00,6.16,-3.30,-3.22,5.83
2018-09-17,93.98,94.60,95.80,92.30,9421,88747143.00,3.70,0.11,0.10,3.53
2018-09-18,94.60,96.78,96.88,93.01,11116,105693027.00,4.09,2.30,2.18,4.16
2018-09-19,96.00,97.02,98.99,94.34,14315,138668677.00,4.80,0.25,0.24,5.36
2018-09-20,96.80,94.74,97.66,93.70,10592,101004691.00,4.08,-2.35,-2.28,3.96
2018-09-21,95.00,92.51,95.22,90.15,24372,224235938.00,5.35,-2.35,-2.23,9.12
2018-09-25,91.90,93.99,94.49,91.51,10946,102658831.00,3.22,1.60,1.48,4.10
2018-09-26,93.90,95.44,95.60,93.13,13738,129935876.00,2.63,1.54,1.45,5.14
2018-09-27,95.50,93.01,95.97,92.99,9809,92352047.00,3.12,-2.55,-2.43,3.67
2018-09-28,93.20,93.26,94.60,91.51,7511,69673951.00,3.32,0.27,0.25,2.81
2018-10-08,90.50,86.10,90.50,84.00,20795,179262051.00,6.97,-7.68,-7.16,7.78
2018-10-09,85.40,80.60,86.46,77.49,32155,257403567.00,10.42,-6.39,-5.50,12.03
2018-10-10,79.20,80.25,81.30,77.54,14870,118648733.00,4.67,-0.43,-0.35,5.57
2018-10-11,75.58,72.23,76.40,72.23,14732,109405962.00,5.20,-9.99,-8.02,5.51
2018-10-12,71.88,74.00,76.68,70.22,17569,129929660.00,8.94,2.45,1.77,6.58
2018-10-15,75.41,77.30,78.98,75.26,23423,180547798.00,5.03,4.46,3.30,8.77
2018-10-16,77.41,76.12,78.14,73.00,17507,131861400.00,6.65,-1.53,-1.18,6.55
2018-10-17,77.20,75.50,77.74,73.02,14561,110058634.00,6.20,-0.81,-0.62,5.45
2018-10-18,74.16,76.15,77.45,74.12,14346,109074729.00,4.41,0.86,0.65,5.37
2018-10-19,74.50,80.77,81.74,74.00,18380,144246863.00,10.16,6.07,4.62,6.88
2018-10-22,80.78,85.20,86.20,80.78,18992,160369490.00,6.71,5.48,4.43,7.11
2018-10-23,85.90,84.50,85.90,82.05,13566,112998264.00,4.52,-0.82,-0.70,5.08
2018-10-24,83.50,81.34,84.30,81.10,10190,83477013.00,3.79,-3.74,-3.16,3.81
2018-10-25,78.00,82.01,82.51,77.22,18445,147467626.00,6.50,0.82,0.67,6.90
2018-10-26,82.51,78.90,83.49,78.70,12049,97081707.00,5.84,-3.79,-3.11,4.51
2018-10-29,78.06,77.77,80.20,76.26,11283,88373404.00,4.99,-1.43,-1.13,4.22
2018-10-30,78.80,78.85,80.16,74.50,11490,89551545.00,7.28,1.39,1.08,4.30
2018-10-31,78.86,79.92,81.03,77.50,9898,79072981.00,4.48,1.36,1.07,3.70
2018-11-01,80.50,80.90,82.77,80.15,12025,98441295.00,3.28,1.23,0.98,4.50
2018-11-02,82.93,86.20,86.77,82.93,19867,168478307.00,4.75,6.55,5.30,7.44
2018-11-05,85.50,83.00,87.45,81.99,19465,163961016.00,6.33,-3.71,-3.20,7.28
2018-11-06,82.80,83.12,83.84,81.76,8162,67597684.00,2.51,0.14,0.12,3.05
2018-11-07,83.12,82.60,84.68,82.01,10228,85323231.00,3.21,-0.63,-0.52,3.83
2018-11-08,82.60,80.02,83.47,79.50,10158,82295908.00,4.81,-3.12,-2.58,3.80
2018-11-09,80.51,83.01,83.01,79.00,14181,116398583.00,5.01,3.74,2.99,5.31
2018-11-12,83.44,86.03,86.50,81.15,14693,124475328.00,6.45,3.64,3.02,5.50
2018-11-13,84.56,86.52,88.80,84.01,15529,135306363.00,5.57,0.57,0.49,5.81
2018-11-14,86.57,84.55,86.57,83.71,9731,82696703.00,3.31,-2.28,-1.97,3.64
2018-11-15,84.48,87.79,88.20,84.00,11474,99149486.00,4.97,3.83,3.24,4.29
2018-11-16,86.98,87.40,88.38,84.80,17011,147270212.00,4.08,-0.44,-0.39,6.37
2018-11-19,87.00,87.02,87.59,85.52,8828,76429094.00,2.37,-0.43,-0.38,3.30
2018-11-20,85.60,83.02,85.60,82.98,13005,109209073.00,3.01,-4.60,-4.00,4.87
2018-11-21,80.51,81.21,84.32,80.00,15882,130016951.00,5.20,-2.18,-1.81,3.12
2018-11-22,82.15,80.70,82.15,80.01,15328,123637865.00,2.64,-0.63,-0.51,3.01
2018-11-23,80.25,79.70,81.02,79.12,12734,101713138.00,2.35,-1.24,-1.00,2.50
2018-11-26,78.85,77.63,79.98,76.52,10324,80675693.00,4.34,-2.60,-2.07,2.03
2018-11-27,77.66,78.94,79.30,76.80,11795,91692585.00,3.22,1.69,1.31,2.32
2018-11-28,78.00,78.09,78.30,76.90,11532,89606598.00,1.77,-1.08,-0.85,2.27
2018-11-29,78.23,76.95,79.76,76.80,7584,59330175.00,3.79,-1.46,-1.14,1.49
2018-11-30,76.57,78.22,78.98,75.62,10303,79675255.00,4.37,1.65,1.27,2.03
2018-12-03,80.11,80.15,81.50,79.66,18212,146621837.00,2.35,2.47,1.93,3.58
2018-12-04,79.98,80.47,81.35,79.35,10037,80939632.00,2.50,0.40,0.32,1.97
2018-12-05,79.01,80.70,81.20,79.00,8768,70518776.00,2.73,0.29,0.23,1.72
2018-12-06,80.10,79.51,80.93,78.24,7340,58658356.00,3.33,-1.47,-1.19,1.44
2018-12-07,79.15,79.81,80.40,79.15,3306,26450403.00,1.57,0.38,0.30,0.65
2018-12-10,79.80,80.34,81.47,79.38,7649,61468279.00,2.62,0.66,0.53,1.50
2018-12-11,80.77,81.01,81.77,80.40,6099,49476289.00,1.71,0.83,0.67,1.20
2018-12-12,80.92,80.30,81.30,79.77,6891,55276848.00,1.89,-0.88,-0.71,1.35
2018-12-13,80.08,80.89,81.23,79.83,7614,61592183.00,1.74,0.73,0.59,1.50
2018-12-14,80.63,79.79,80.99,79.40,5165,41340535.00,1.97,-1.36,-1.10,1.02
2018-12-17,79.78,78.72,79.78,77.30,8266,64931431.00,3.11,-1.34,-1.07,1.63
2018-12-18,77.80,78.10,78.84,77.77,4350,34087529.00,1.36,-0.79,-0.62,0.86
2018-12-19,78.10,76.30,78.10,75.45,7539,57668382.00,3.39,-2.30,-1.80,1.48
2018-12-20,76.30,76.30,76.58,75.29,6710,50941004.00,1.69,0.00,0.00,1.32
2018-12-21,75.71,77.20,77.48,75.71,5571,42884662.00,2.32,1.18,0.90,1.10
2018-12-24,77.20,78.70,78.79,76.65,10263,80128265.00,2.77,1.94,1.50,2.02
2018-12-25,78.12,80.00,81.28,77.77,16193,128611877.00,4.46,1.65,1.30,3.18
2018-12-26,80.36,80.50,81.77,79.35,15072,121323108.00,3.03,0.63,0.50,2.96
2018-12-27,80.90,80.13,82.35,79.66,11452,93067322.00,3.34,-0.46,-0.37,2.25
2018-12-28,80.14,81.06,81.32,80.10,9338,75495436.00,1.52,1.16,0.93,1.84
2019-01-02,78.00,73.60,78.00,72.95,39131,290957456.00,6.23,-9.20,-7.46,7.69
2019-01-03,74.20,77.00,78.52,74.05,18960,144389203.00,6.07,4.62,3.40,3.73
2019-01-04,76.90,76.25,77.87,72.53,22347,167797177.00,6.94,-0.97,-0.75,4.39
2019-01-07,75.18,79.80,80.30,75.18,17816,139868160.00,6.71,4.66,3.55,3.50
2019-01-08,80.83,78.68,80.83,77.99,8896,70506810.00,3.56,-1.40,-1.12,1.75
2019-01-09,78.98,78.91,80.54,77.20,10958,86924545.00,4.25,0.29,0.23,2.15
2019-01-10,78.83,78.60,79.43,77.92,5448,42824442.00,1.91,-0.39,-0.31,1.07
2019-01-11,78.60,78.50,79.33,77.15,5960,46633411.00,2.77,-0.13,-0.10,1.17
2019-01-14,78.50,79.38,80.85,77.90,7247,57674044.00,3.76,1.12,0.88,1.42
2019-01-15,78.20,81.28,81.50,78.20,8538,68463023.00,4.16,2.39,1.90,1.68
2019-01-16,81.00,84.98,85.59,80.68,19580,163580295.00,6.04,4.55,3.70,3.85
2019-01-17,84.59,83.53,84.71,83.00,6566,55019247.00,2.01,-1.71,-1.45,1.29
2019-01-18,83.06,83.61,84.40,81.55,6665,55212201.00,3.41,0.10,0.08,1.31
2019-01-21,84.00,86.20,87.00,82.88,11560,99567551.00,4.93,3.10,2.59,2.27
2019-01-22,86.00,86.86,88.33,85.70,8295,72387712.00,3.05,0.77,0.66,1.63
2019-01-23,86.51,88.00,88.20,86.10,7305,63959055.00,2.42,1.31,1.14,1.44
2019-01-24,87.20,88.70,89.42,87.03,8151,72373877.00,2.72,0.80,0.70,1.60
2019-01-25,89.00,88.75,90.08,88.20,5290,47109640.00,2.12,0.06,0.05,1.04
2019-01-28,88.75,87.05,89.83,86.15,12062,105563512.00,4.15,-1.92,-1.70,2.37
2019-01-29,87.50,87.20,88.96,85.50,8135,71110369.00,3.97,0.17,0.15,1.60
2019-01-30,86.00,87.25,90.03,86.00,12022,106715045.00,4.62,0.06,0.05,2.36
2019-01-31,87.27,86.85,89.50,86.12,7220,63299037.00,3.87,-0.46,-0.40,1.42
2019-02-01,87.74,90.65,92.01,86.51,15515,139757427.00,6.33,4.38,3.80,3.05
2019-02-11,90.75,95.53,96.39,90.21,14650,136337051.00,6.82,5.38,4.88,2.88
2019-02-12,95.00,94.02,95.00,92.01,13982,130807988.00,3.13,-1.58,-1.51,2.75
2019-02-13,93.80,94.38,95.20,92.60,16771,157011291.00,2.77,0.38,0.36,3.30
2019-02-14,93.80,93.07,93.90,92.56,9128,85087496.00,1.42,-1.39,-1.31,1.79
2019-02-15,93.00,93.55,96.00,93.00,8960,84452285.00,3.22,0.52,0.48,1.76
2019-02-18,93.60,98.57,99.10,93.60,13314,129763650.00,5.88,5.37,5.02,2.62
2019-02-19,98.57,96.66,99.17,95.90,10550,103005722.00,3.32,-1.94,-1.91,2.07
2019-02-20,97.77,96.15,97.77,94.50,6758,64848389.00,3.38,-0.53,-0.51,1.33
2019-02-21,95.50,94.50,97.00,94.03,9952,95281068.00,3.09,-1.72,-1.65,1.96
2019-02-22,94.02,96.70,97.47,92.69,12404,117785984.00,5.06,2.33,2.20,2.44
2019-02-25,97.01,100.57,101.20,97.00,23835,237366755.00,4.34,4.00,3.87,4.69
2019-02-26,99.50,98.04,99.80,98.01,11083,109276062.00,1.78,-2.52,-2.53,2.18
2019-02-27,98.05,98.96,100.80,97.58,15125,150011538.00,3.28,0.94,0.92,2.97
2019-02-28,99.00,100.03,100.80,98.50,9687,96510141.00,2.32,1.08,1.07,1.90
2019-03-01,99.99,102.40,102.80,99.06,10598,107206129.00,3.74,2.37,2.37,2.08
2019-03-04,102.75,104.90,109.03,102.75,18168,193038603.00,6.13,2.44,2.50,3.57
2019-03-05,103.82,109.47,110.90,103.82,13867,150060002.00,6.75,4.36,4.57,2.73
2019-03-06,110.90,113.13,117.50,110.00,25817,293636784.00,6.85,3.34,3.66,5.08
2019-03-07,113.23,112.76,118.27,108.21,20052,224011338.00,8.89,-0.33,-0.37,3.94
2019-03-08,110.02,110.00,117.00,109.00,17746,201903390.00,7.09,-2.45,-2.76,3.49
2019-03-11,113.50,120.36,120.36,112.00,22824,268395971.00,7.60,9.42,10.36,4.49
2019-03-12,120.36,123.91,129.50,118.11,25285,313525136.00,9.46,2.95,3.55,4.97
2019-03-13,124.00,116.97,125.97,115.98,19295,233398507.00,8.06,-5.60,-6.94,3.79
2019-03-14,115.90,117.00,118.87,110.00,18448,210215378.00,7.58,0.03,0.03,3.63
2019-03-15,118.44,111.00,118.88,110.75,18718,212828263.00,6.95,-5.13,-6.00,3.68
2019-03-18,113.22,114.92,115.70,112.00,12890,147320056.00,3.33,3.53,3.92,2.53
2019-03-19,116.49,116.35,119.80,113.50,12431,145590711.00,5.48,1.24,1.43,2.44
2019-03-20,115.18,114.20,117.43,112.51,8724,100012804.00,4.23,-1.85,-2.15,1.72
2019-03-21,115.80,116.10,118.20,115.01,9980,116314498.00,2.79,1.66,1.90,1.96
2019-03-22,114.96,116.44,116.88,113.68,7964,91663436.00,2.76,0.29,0.34,1.57
2019-03-25,114.06,116.94,120.55,112.20,13635,160546941.00,7.17,0.43,0.50,2.68
2019-03-26,116.94,115.55,119.57,114.68,7859,92113121.00,4.18,-1.19,-1.39,1.55
2019-03-27,115.56,113.98,117.38,111.51,7281,83012752.00,5.08,-1.36,-1.57,1.43
2019-03-28,113.98,117.01,118.56,113.43,12014,139927467.00,4.50,2.66,3.03,2.36
2019-03-29,116.00,119.77,122.00,114.02,15909,188818459.00,6.82,2.36,2.76,3.13
2019-04-01,115.20,115.50,117.14,110.33,47116,537761824.00,5.69,-3.57,-4.27,9.26
2019-04-02,114.72,112.50,115.00,111.68,28301,318672688.00,2.87,-2.60,-3.00,5.56
2019-04-03,112.00,110.25,112.28,110.00,17506,193546859.00,2.03,-2.00,-2.25,3.44
2019-04-04,109.38,110.25,112.30,109.38,13400,148866516.00,2.65,0.00,0.00,2.63
2019-04-08,110.22,106.18,110.85,103.71,27069,287046560.00,6.48,-3.69,-4.07,5.32
2019-04-09,106.81,108.40,109.64,104.30,12340,133049687.00,5.03,2.09,2.22,2.43
2019-04-10,108.51,108.00,109.25,106.00,7913,85413434.00,3.00,-0.37,-0.40,1.56
2019-04-11,108.12,105.67,108.29,105.51,7555,80402235.00,2.57,-2.16,-2.33,1.49
2019-04-12,106.12,106.15,107.51,105.70,5709,60901250.00,1.71,0.45,0.48,1.12
2019-04-15,107.82,98.88,108.35,97.50,27492,281211424.00,10.22,-6.85,-7.27,5.41
2019-04-16,97.71,103.19,103.74,97.51,20809,210621020.00,6.30,4.36,4.31,4.09
2019-04-17,105.00,103.93,105.97,103.80,12823,134544987.00,2.10,0.72,0.74,2.52
2019-04-18,105.18,102.12,105.18,102.12,7527,77757813.00,2.94,-1.74,-1.81,1.48
2019-04-19,101.39,100.91,103.40,100.50,6801,68917205.00,2.84,-1.18,-1.21,1.34
2019-04-22,100.80,103.25,105.21,97.20,23346,237794068.00,7.94,2.32,2.34,4.59
2019-04-23,101.20,99.15,101.92,97.53,17910,177005922.00,4.25,-3.97,-4.10,3.52
2019-04-24,99.19,99.75,100.50,98.01,8553,85116528.00,2.51,0.61,0.60,1.68
2019-04-25,99.58,98.32,100.70,98.11,7207,71908990.00,2.60,-1.43,-1.43,1.42
2019-04-26,98.08,98.44,99.72,98.01,5195,51243709.00,1.74,0.12,0.12,1.02
2019-04-29,98.50,96.80,98.97,96.21,7485,72456181.00,2.80,-1.67,-1.64,1.47
2019-04-30,95.17,96.88,99.49,95.17,8102,79116709.00,4.46,0.08,0.08,1.59
2019-05-06,95.00,90.99,95.00,88.15,9405,85795646.00,7.07,-6.08,-5.89,1.85
2019-05-07,91.75,89.80,92.50,87.20,10993,98665926.00,5.82,-1.31,-1.19,2.16
2019-05-08,88.05,88.46,90.40,85.43,9014,79562366.00,5.53,-1.49,-1.34,1.77
2019-05-09,87.98,90.88,91.98,87.62,9864,89673380.00,4.93,2.74,2.42,1.94
2019-05-10,92.49,96.19,97.95,91.11,14377,137422821.00,7.53,5.84,5.31,2.83
2019-05-13,95.12,95.96,98.00,94.53,7348,70716327.00,3.61,-0.24,-0.23,1.44
2019-05-14,95.06,97.93,98.78,95.01,5367,52378664.00,3.93,2.05,1.97,1.06
2019-05-15,97.94,96.61,99.64,96.00,8809,85697844.00,3.72,-1.35,-1.32,1.73
2019-05-16,97.02,98.70,99.00,95.33,6867,66819254.00,3.80,2.16,2.09,1.35
2019-05-17,98.74,95.16,99.50,95.00,6761,65884722.00,4.56,-3.59,-3.54,1.33
2019-05-20,95.20,93.30,97.22,91.11,7988,74604805.00,6.42,-1.95,-1.86,1.57
2019-05-21,94.23,93.00,94.78,91.06,6448,60099267.00,3.99,-0.32,-0.30,1.27
2019-05-22,93.19,93.76,95.97,92.35,5841,54993772.00,3.89,0.82,0.76,1.15
2019-05-23,93.75,87.48,93.75,87.13,15037,134224547.00,7.06,-6.70,-6.28,2.96
2019-05-24,86.00,87.30,89.49,86.00,6532,57489507.00,3.99,-0.21,-0.18,1.28
2019-05-27,88.80,88.80,89.39,86.23,11893,104636100.00,3.62,1.72,1.50,2.34
2019-05-28,88.81,86.80,89.49,86.51,8572,75365498.00,3.36,-2.25,-2.00,1.69
2019-05-29,86.69,87.19,88.34,86.01,7676,66986933.00,2.68,0.45,0.39,1.51
2019-05-30,87.19,85.00,87.19,83.80,7769,66121241.00,3.89,-2.51,-2.19,1.53
2019-05-31,85.17,84.66,86.66,84.51,5141,43967214.00,2.53,-0.40,-0.34,1.01
2019-06-03,85.23,82.28,85.99,81.83,10918,90441613.00,4.91,-2.81,-2.38,2.15
2019-06-04,82.32,81.75,83.84,80.89,7482,61590440.00,3.59,-0.64,-0.53,1.47
2019-06-05,81.85,82.15,83.20,81.01,5435,44597735.00,2.68,0.49,0.40,1.07
2019-06-06,82.60,80.35,82.70,79.90,7382,59768867.00,3.41,-2.19,-1.80,1.45
2019-06-10,80.62,81.80,82.69,79.12,7853,64111457.00,4.44,1.80,1.45,1.54
2019-06-11,82.76,85.05,86.80,80.91,10587,89082448.00,7.20,3.97,3.25,2.08
2019-06-12,85.00,85.60,86.18,84.04,7588,64666584.00,2.52,0.65,0.55,1.49
2019-06-13,84.95,84.61,85.88,83.61,6593,55764724.00,2.65,-1.16,-0.99,1.30
2019-06-14,84.60,83.61,86.50,83.61,8999,76315969.00,3.42,-1.18,-1.00,1.77
2019-06-17,83.39,83.38,84.38,82.52,3094,25874123.00,2.22,-0.28,-0.23,0.61
2019-06-18,84.11,87.98,89.70,83.52,15063,130971383.00,7.41,5.52,4.60,2.96
2019-06-19,90.01,89.50,93.00,89.00,15712,142431245.00,4.55,1.73,1.52,3.09
2019-06-20,90.00,88.98,90.48,87.93,7058,62938949.00,2.85,-0.58,-0.52,1.39
2019-06-21,89.68,94.18,96.96,89.68,18460,174173043.00,8.18,5.84,5.20,3.63
2019-06-24,96.19,95.95,99.00,94.23,18401,177910208.00,5.06,1.88,1.77,3.62
2019-06-25,96.80,92.51,96.91,92.00,15101,141026356.00,5.12,-3.59,-3.44,2.97
2019-06-26,92.68,94.00,95.38,91.81,8207,77130591.00,3.86,1.61,1.49,1.61
2019-06-27,94.00,95.40,95.87,93.25,8866,83871506.00,2.79,1.49,1.40,1.74
2019-06-28,95.10,93.87,96.37,92.81,5371,50520436.00,3.73,-1.60,-1.53,1.06
2019-07-01,96.19,97.42,98.47,96.19,17059,166111637.00,2.43,3.78,3.55,3.29
2019-07-02,97.80,97.18,98.08,95.43,10098,98015839.00,2.72,-0.25,-0.24,1.95
2019-07-03,97.17,94.90,97.50,94.00,6164,58532269.00,3.60,-2.35,-2.28,1.19
2019-07-04,94.90,93.10,95.49,92.55,4445,41624979.00,3.10,-1.90,-1.80,0.86
2019-07-05,93.00,94.30,94.60,92.80,6617,62227945.00,1.93,1.29,1.20,1.28
2019-07-08,94.10,91.53,94.96,90.00,7901,72815938.00,5.26,-2.94,-2.77,1.52
2019-07-09,89.74,93.02,93.60,89.74,4968,46044047.00,4.22,1.63,1.49,0.96
2019-07-10,92.99,92.60,94.20,91.97,2889,26821578.00,2.40,-0.45,-0.42,0.56
2019-07-11,92.55,92.40,93.95,92.08,2990,27787330.00,2.02,-0.22,-0.20,0.58
2019-07-12,93.66,90.79,93.66,89.50,4730,42962860.00,4.50,-1.74,-1.61,0.91
2019-07-15,90.05,95.19,97.60,87.70,14809,138654680.00,10.90,4.85,4.40,2.86
2019-07-16,95.35,99.80,101.00,94.50,17253,170127400.00,6.83,4.84,4.61,3.33
2019-07-17,101.00,100.66,101.98,98.88,8513,85237031.00,3.11,0.86,0.86,1.64
2019-07-18,99.00,97.21,99.00,97.03,7652,74875567.00,1.96,-3.43,-3.45,1.48
2019-07-19,98.30,97.50,99.97,96.35,8159,79744116.00,3.72,0.30,0.29,1.57
2019-07-22,97.06,96.50,99.20,94.54,8916,86188667.00,4.78,-1.03,-1.00,1.72
2019-07-23,97.00,98.38,99.20,95.65,9559,93563182.00,3.68,1.95,1.88,1.84
2019-07-24,98.48,99.50,101.48,98.00,12154,121771925.00,3.54,1.14,1.12,2.35
2019-07-25,100.38,104.85,105.65,99.35,18603,193230905.00,6.33,5.38,5.35,3.59
2019-07-26,105.11,106.93,107.50,104.55,10751,113740876.00,2.81,1.98,2.08,2.07
2019-07-29,106.80,105.82,107.49,104.13,7768,81963500.00,3.14,-1.04,-1.11,1.50
2019-07-30,106.00,107.77,112.20,104.37,14579,158326615.00,7.40,1.84,1.95,2.81
2019-07-31,108.00,107.80,109.47,106.30,6485,69858703.00,2.94,0.03,0.03,1.25
2019-08-01,108.02,107.20,108.30,105.68,4358,46539450.00,2.43,-0.56,-0.60,0.84
2019-08-02,105.00,106.70,107.83,104.60,5096,54183720.00,3.01,-0.47,-0.50,0.98
2019-08-05,106.00,106.00,109.46,105.80,7646,82117194.00,3.43,-0.66,-0.70,1.48
2019-08-06,104.99,105.80,106.99,102.17,11571,121204144.00,4.55,-0.19,-0.20,2.23
2019-08-07,106.58,103.30,106.58,102.47,11183,115853501.00,3.88,-2.36,-2.50,2.16
2019-08-08,104.14,103.50,104.50,102.21,7052,72738330.00,2.22,0.19,0.20,1.36
2019-08-09,103.99,101.10,104.50,99.65,9241,94367897.00,4.69,-2.32,-2.40,1.78
2019-08-12,101.55,104.10,104.20,101.05,10207,104938964.00,3.12,2.97,3.00,1.97
2019-08-13,104.00,104.00,105.90,102.21,11929,124044280.00,3.54,-0.10,-0.10,2.30
2019-08-14,105.12,107.52,109.50,104.36,13311,143459550.00,4.94,3.38,3.52,2.57
2019-08-15,105.50,107.05,107.40,104.50,11402,120577229.00,2.70,-0.44,-0.47,2.20
2019-08-16,107.04,108.20,109.38,106.15,7982,86209395.00,3.02,1.07,1.15,1.54
2019-08-19,112.64,117.40,117.88,110.22,19300,219756311.00,7.08,8.50,9.20,3.72
2019-08-20,117.41,112.48,118.38,112.45,18349,210597849.00,5.05,-4.19,-4.92,3.54
2019-08-21,112.48,111.60,112.48,109.39,13328,148343591.00,2.75,-0.78,-0.88,2.57
2019-08-22,111.60,111.88,111.99,108.68,11319,124987842.00,2.97,0.25,0.28,2.18
2019-08-23,111.67,113.40,114.51,110.54,11000,123934669.00,3.55,1.36,1.52,2.12
2019-08-26,110.87,112.80,113.29,110.68,7537,84585872.00,2.30,-0.53,-0.60,1.45
2019-08-27,113.11,114.23,116.20,113.11,9229,105894152.00,2.74,1.27,1.43,1.78
2019-08-28,112.83,112.81,114.95,112.40,6280,71352683.00,2.23,-1.24,-1.42,1.21
2019-08-29,112.94,117.30,118.88,112.94,12500,145356470.00,5.27,3.98,4.49,2.41
2019-08-30,117.31,112.88,118.15,110.97,11035,126581939.00,6.12,-3.77,-4.42,2.13
2019-09-02,113.49,114.00,114.66,111.00,13629,154275658.00,3.24,0.99,1.12,2.63
2019-09-03,114.66,114.96,116.66,111.94,19998,228683806.00,4.14,0.84,0.96,3.86
2019-09-04,115.60,111.10,115.60,108.68,27895,310376144.00,6.02,-3.36,-3.86,5.38
2019-09-05,112.00,109.52,112.68,108.36,28194,310649008.00,3.89,-1.42,-1.58,5.44
2019-09-06,109.59,106.24,110.00,104.58,32064,341174176.00,4.95,-2.99,-3.28,6.19
2019-09-09,107.62,112.62,114.88,107.02,27662,305361584.00,7.40,6.01,6.38,5.34
2019-09-10,113.17,115.88,118.00,113.17,30230,348255504.00,4.29,2.89,3.26,5.83
2019-09-11,116.68,112.39,116.70,111.46,24105,272971472.00,4.52,-3.01,-3.49,4.65
2019-09-12,112.72,108.08,112.72,107.40,22112,240361530.00,4.73,-3.83,-4.31,4.27
2019-09-16,108.85,108.94,110.98,106.33,16768,182356058.00,4.30,0.80,0.86,3.24
2019-09-17,108.96,106.74,109.85,105.80,12574,134819501.00,3.72,-2.02,-2.20,2.43
2019-09-18,107.00,105.55,107.28,103.11,22146,231315297.00,3.91,-1.11,-1.19,4.27
2019-09-19,105.00,106.15,108.28,104.82,19485,206695824.00,3.28,0.57,0.60,3.76
2019-09-20,105.80,106.65,107.52,105.20,18808,200321106.00,2.19,0.47,0.50,3.63
2019-09-23,106.37,106.90,108.45,104.50,18414,196860118.00,3.70,0.23,0.25,3.55
2019-09-24,106.91,107.45,108.32,106.00,18391,198090675.00,2.17,0.51,0.55,3.55
2019-09-25,107.40,100.63,107.40,100.46,29568,303546096.00,6.46,-6.35,-6.82,5.71
2019-09-26,101.00,96.53,101.89,96.24,25415,249400560.00,5.61,-4.07,-4.10,4.90
2019-09-27,96.82,96.71,98.09,95.31,14161,137068188.00,2.88,0.19,0.18,2.73
2019-09-30,97.20,94.90,98.30,94.49,12465,120089767.00,3.94,-1.87,-1.81,2.41
2019-10-08,95.00,94.90,96.78,94.53,18548,176765436.00,2.37,0.00,0.00,3.58
2019-10-09,94.32,95.77,96.28,91.11,12978,122913580.00,5.45,0.92,0.87,2.50
2019-10-10,95.97,99.22,100.40,95.30,21294,209769175.00,5.33,3.60,3.45,4.11
2019-10-11,100.00,101.50,101.75,98.51,16064,161302576.00,3.27,2.30,2.28,3.10
2019-10-14,105.55,107.65,108.50,104.00,31273,333413984.00,4.43,6.06,6.15,6.03
2019-10-15,106.11,107.18,109.49,106.11,16256,174414772.00,3.14,-0.44,-0.47,3.14
2019-10-16,106.61,107.26,108.65,105.30,12868,138080169.00,3.13,0.07,0.08,2.48
2019-10-17,106.61,106.00,108.41,105.50,12425,132686762.00,2.71,-1.17,-1.26,2.40
2019-10-18,106.78,103.98,107.65,103.59,15602,164348187.00,3.83,-1.91,-2.02,3.01
2019-10-21,105.27,103.53,105.27,102.10,10907,112865945.00,3.05,-0.43,-0.45,2.10
2019-10-22,103.38,104.30,106.51,103.20,17013,177431864.00,3.20,0.74,0.77,3.28
2019-10-23,104.00,100.40,104.24,100.00,13386,136432739.00,4.07,-3.74,-3.90,2.58
2019-10-24,100.68,101.00,102.87,100.11,9621,97285002.00,2.75,0.60,0.60,1.86
2019-10-25,100.40,101.25,101.51,98.30,11631,116547336.00,3.18,0.25,0.25,2.24
2019-10-28,102.65,105.47,106.30,101.71,25865,270195024.00,4.53,4.17,4.22,4.99
2019-10-29,106.29,105.15,106.40,104.40,16796,177389515.00,1.90,-0.30,-0.32,3.24
2019-10-30,104.51,102.88,105.26,101.07,14366,149120219.00,3.98,-2.16,-2.27,2.77
2019-10-31,103.19,102.73,104.70,102.31,9940,102725330.00,2.32,-0.15,-0.15,1.92
2019-11-01,102.09,104.28,105.30,102.01,13936,145039815.00,3.20,1.51,1.55,2.69
2019-11-04,104.00,103.99,105.30,103.20,17090,178226487.00,2.01,-0.28,-0.29,3.30
2019-11-05,103.90,103.79,104.66,102.70,13225,136829881.00,1.88,-0.19,-0.20,2.55
2019-11-06,103.69,101.69,104.68,101.29,11627,119733825.00,3.27,-2.02,-2.10,2.24
2019-11-07,100.75,100.50,101.77,98.57,14320,143007820.00,3.15,-1.17,-1.19,2.76
2019-11-08,100.80,99.05,100.80,99.05,9709,96932315.00,1.74,-1.44,-1.45,1.87
2019-11-11,98.41,95.29,98.50,94.01,19390,186579517.00,4.53,-3.80,-3.76,3.74
2019-11-12,95.02,95.38,96.86,94.35,11964,114071213.00,2.63,0.09,0.09,2.31
2019-11-13,95.43,94.80,96.08,94.12,10628,100837453.00,2.05,-0.61,-0.58,2.05
2019-11-14,96.00,104.28,104.28,95.56,29596,296974240.00,9.20,10.00,9.48,5.71
2019-11-15,105.11,104.94,105.76,102.00,27070,282170016.00,3.61,0.63,0.66,5.22
2019-11-18,105.12,105.65,106.29,103.95,17035,178914676.00,2.23,0.68,0.71,3.29
2019-11-19,105.98,106.91,108.43,105.59,20519,219329109.00,2.69,1.19,1.26,3.96
2019-11-20,107.44,108.80,110.85,107.20,24537,267755837.00,3.41,1.77,1.89,4.74
2019-11-21,108.80,108.69,109.89,107.36,12096,131280027.00,2.33,-0.10,-0.11,2.33
2019-11-22,105.01,104.90,109.11,104.09,31618,335539280.00,4.62,-3.49,-3.79,6.10
2019-11-25,105.24,100.25,106.00,100.00,21558,219492555.00,5.72,-4.43,-4.65,4.16
2019-11-26,101.49,98.93,102.52,98.60,17039,170673040.00,3.91,-1.32,-1.32,3.29
2019-11-27,99.19,100.59,101.88,98.08,12306,123359702.00,3.84,1.68,1.66,2.37
2019-11-28,100.27,99.81,100.43,99.00,7823,77951797.00,1.42,-0.78,-0.78,1.51
2019-11-29,99.81,99.92,100.00,98.80,8312,82623695.00,1.20,0.11,0.11,1.60
2019-12-02,100.00,101.78,103.30,97.80,19159,194970303.00,5.50,1.86,1.86,3.70
2019-12-03,102.70,103.90,105.00,101.03,18028,185301881.00,3.90,2.08,2.12,3.48
2019-12-04,102.30,104.90,105.52,102.00,13495,140234638.00,3.39,0.96,1.00,2.60
2019-12-05,105.09,107.60,109.41,104.51,18294,196241004.00,4.67,2.57,2.70,3.53
2019-12-06,108.96,109.70,111.86,107.25,17761,194361640.00,4.28,1.95,2.10,3.43
2019-12-09,111.00,109.69,112.50,108.12,19450,214158713.00,3.99,-0.01,-0.01,3.75
2019-12-10,110.26,113.82,116.50,109.20,30168,342233712.00,6.66,3.77,4.13,5.82
2019-12-11,113.57,113.66,115.58,111.60,19274,219247842.00,3.50,-0.14,-0.16,3.72
2019-12-12,113.49,113.93,116.30,112.74,15445,176634518.00,3.13,0.24,0.27,2.98
2019-12-13,114.50,116.49,118.81,113.70,25386,296020928.00,4.49,2.25,2.56,4.90
2019-12-16,115.03,116.86,117.49,114.18,27392,317565984.00,2.84,0.32,0.37,5.29
2019-12-17,122.00,127.00,128.55,122.00,62318,783307104.00,5.60,8.68,10.14,12.03
2019-12-18,126.41,127.50,129.78,125.10,32224,409603040.00,3.69,0.39,0.50,6.22
2019-12-19,127.60,130.54,135.50,127.18,37054,484973616.00,6.53,2.38,3.04,7.15
2019-12-20,130.47,127.44,131.49,126.01,24607,316622368.00,4.20,-2.37,-3.10,4.75
2019-12-23,129.22,124.02,129.50,123.11,24605,308291520.00,5.01,-2.68,-3.42,4.75
2019-12-24,125.36,128.31,128.31,124.02,19208,243380613.00,3.46,3.46,4.29,3.71
2019-12-25,127.55,127.85,130.58,126.21,16755,215103778.00,3.41,-0.36,-0.46,3.23
2019-12-26,128.22,127.60,129.00,126.50,12874,164187981.00,1.96,-0.20,-0.25,2.48
2019-12-27,128.40,125.78,130.99,125.04,19458,248132572.00,4.66,-1.43,-1.82,3.75
2019-12-30,125.70,125.25,126.50,122.50,17799,221715435.00,3.18,-0.42,-0.53,3.43
2019-12-31,125.30,126.00,127.18,123.85,11900,149086644.00,2.66,0.60,0.75,2.30
2020-01-02,127.50,126.88,128.58,124.63,27748,350638368.00,3.13,0.70,0.88,5.35
2020-01-03,126.00,126.47,129.35,124.88,18401,233522680.00,3.52,-0.32,-0.41,3.55
2020-01-06,125.50,131.94,133.48,124.07,23252,303482624.00,7.44,4.33,5.47,4.49
2020-01-07,132.02,133.20,135.66,129.50,20218,268602288.00,4.67,0.95,1.26,3.90
2020-01-08,132.03,134.00,134.84,130.22,16650,220582295.00,3.47,0.60,0.80,3.21
2020-01-09,134.40,140.90,144.00,134.40,20835,291341600.00,7.16,5.15,6.90,4.02
2020-01-10,140.88,139.37,142.85,139.10,13170,185329464.00,2.66,-1.09,-1.53,2.54
2020-01-13,140.70,140.31,141.38,138.02,15728,220214414.00,2.41,0.67,0.94,3.04
2020-01-14,139.99,138.13,140.98,134.83,19997,274354944.00,4.38,-1.55,-2.18,3.86
2020-01-15,138.00,139.50,140.68,136.63,13614,188411483.00,2.93,0.99,1.37,2.63
2020-01-16,139.74,142.00,143.95,138.11,16432,231688723.00,4.19,1.79,2.50,3.17
2020-01-17,141.12,138.45,143.00,138.40,12981,180904427.00,3.24,-2.50,-3.55,2.50
2020-01-20,138.96,142.53,142.53,137.05,16752,234185184.00,3.96,2.95,4.08,3.23
2020-01-21,140.71,138.31,141.56,135.67,16908,233740983.00,4.13,-2.96,-4.22,3.26
2020-01-22,137.30,139.91,142.00,135.71,14675,203846006.00,4.55,1.16,1.60,2.83
2020-01-23,139.42,135.13,144.86,131.13,20602,283019696.00,9.81,-3.42,-4.78,3.98
2020-02-03,124.00,125.89,131.25,124.00,30708,391893488.00,5.37,-6.84,-9.24,5.93
2020-02-04,132.58,138.48,138.48,131.01,16986,231748688.00,5.93,10.00,12.59,3.28
2020-02-05,144.01,151.11,152.33,142.36,33204,494545808.00,7.20,9.12,12.63,6.41
2020-02-06,150.50,158.80,162.89,148.20,31430,490303152.00,9.72,5.09,7.69,6.07
2020-02-07,158.00,164.30,166.99,157.50,28621,466010720.00,5.98,3.46,5.50,5.52
2020-02-10,163.50,161.50,167.00,158.00,18766,305269168.00,5.48,-1.70,-2.80,3.62
2020-02-11,162.90,161.75,163.87,159.00,14862,239684625.00,3.02,0.15,0.25,2.87
2020-02-12,161.64,169.87,171.60,160.16,21055,349141952.00,7.07,5.02,8.12,4.06
2020-02-13,170.00,164.78,170.46,163.53,17688,294973568.00,4.08,-3.00,-5.09,3.41
2020-02-14,162.57,163.08,168.88,161.91,14387,237020805.00,4.23,-1.03,-1.70,2.78
2020-02-17,166.40,178.90,179.20,165.00,20511,356678992.00,8.71,9.70,15.82,3.96
2020-02-18,176.38,181.00,181.00,175.16,15194,270442848.00,3.26,1.17,2.10,2.93
2020-02-19,180.66,181.75,187.80,175.61,17078,308513312.00,6.73,0.41,0.75,3.30
2020-02-20,181.38,180.79,182.99,174.01,17239,307800016.00,4.94,-0.53,-0.96,3.33
2020-02-21,179.10,182.69,190.00,179.10,20364,372454272.00,6.03,1.05,1.90,3.93
2020-02-24,181.00,184.65,189.68,179.10,19698,363281984.00,5.79,1.07,1.96,3.80
2020-02-25,180.00,183.00,187.57,175.30,23105,419233808.00,6.65,-0.89,-1.65,4.46
2020-02-26,180.00,170.95,182.00,170.00,23286,406946528.00,6.56,-6.58,-12.05,4.49
2020-02-27,173.17,177.00,182.78,170.80,26361,465812336.00,7.01,3.54,6.05,5.09
2020-02-28,170.01,168.80,176.80,167.58,21493,369325616.00,5.21,-4.63,-8.20,4.15
2020-03-02,174.22,180.92,185.66,171.23,26094,464408224.00,8.55,7.18,12.12,5.04
2020-03-03,185.61,190.54,193.00,182.03,24312,457724016.00,6.06,5.32,9.62,4.69
2020-03-04,186.99,181.00,189.96,178.00,22494,411978864.00,6.28,-5.01,-9.54,4.34
2020-03-05,184.83,175.66,194.82,170.37,29035,523017216.00,13.51,-2.95,-5.34,5.60
2020-03-06,170.99,170.06,174.50,169.02,24794,426124496.00,3.12,-3.19,-5.60,4.78
2020-03-09,165.06,159.00,170.08,158.90,26044,427327248.00,6.57,-6.50,-11.06,5.03
2020-03-10,159.10,167.30,173.99,158.00,27443,452503744.00,10.06,5.22,8.30,5.30
2020-03-11,168.81,162.77,170.69,161.80,21494,355856288.00,5.31,-2.71,-4.53,4.15
2020-03-12,160.11,158.98,163.00,156.88,15630,249949442.00,3.76,-2.33,-3.79,3.02
2020-03-13,150.86,163.51,166.80,150.86,25565,407473712.00,10.03,2.85,4.53,4.93
2020-03-16,163.99,149.32,166.00,147.65,21782,340436272.00,11.22,-8.68,-14.19,4.20
2020-03-17,151.04,157.52,159.50,149.99,24074,373127392.00,6.37,5.49,8.20,4.65
2020-03-18,161.60,152.75,161.99,151.88,20246,319714336.00,6.42,-3.03,-4.77,3.91
2020-03-19,154.27,157.55,158.51,152.03,18084,281934400.00,4.24,3.14,4.80,3.49
2020-03-20,160.00,157.00,162.72,153.12,14856,234113364.00,6.09,-0.35,-0.55,2.87
2020-03-23,151.63,150.63,154.94,149.18,13672,207002610.00,3.67,-4.06,-6.37,2.64
2020-03-24,154.50,155.64,156.45,148.00,15075,230856475.00,5.61,3.33,5.01,2.91
2020-03-25,159.00,159.73,163.86,157.01,16113,258241451.00,4.40,2.63,4.09,3.11
2020-03-26,157.10,158.06,160.92,155.50,12348,195677096.00,3.39,-1.05,-1.67,2.38
2020-03-27,159.09,157.15,162.76,156.86,8834,140601452.00,3.73,-0.58,-0.91,1.70
2020-03-30,151.53,147.80,153.29,144.00,17454,258195535.00,5.91,-5.95,-9.35,3.37
2020-03-31,150.03,150.53,152.96,147.80,11803,177688391.00,3.49,1.85,2.73,2.28
2020-04-01,152.00,149.80,153.80,149.00,9715,147131781.00,3.19,-0.48,-0.73,1.87
2020-04-02,151.88,157.01,157.45,148.38,12085,185377016.00,6.05,4.81,7.21,2.33
2020-04-03,156.90,158.58,160.67,155.50,8516,134618330.00,3.29,1.00,1.57,1.64
2020-04-07,161.38,164.22,168.28,161.38,13675,225589016.00,4.35,3.56,5.64,2.64
2020-04-08,163.49,162.40,165.82,162.01,6833,111554257.00,2.32,-1.11,-1.82,1.32
2020-04-09,164.00,163.60,164.99,161.81,4943,80896516.00,1.96,0.74,1.20,0.95
2020-04-10,162.77,155.00,164.33,151.88,17775,277100208.00,7.61,-5.26,-8.60,3.43
2020-04-13,154.36,146.78,154.36,145.37,12550,187365715.00,5.80,-5.30,-8.22,2.42
2020-04-14,154.00,161.46,161.46,152.65,11884,189468982.00,6.00,10.00,14.68,2.29
2020-04-15,161.88,167.40,173.50,161.88,27676,467454864.00,7.20,3.68,5.94,5.34
2020-04-16,167.01,168.18,169.86,165.53,14006,235376069.00,2.59,0.47,0.78,2.70
2020-04-17,169.90,171.03,175.24,169.61,16286,280313344.00,3.35,1.69,2.85,3.14
2020-04-20,171.00,173.44,175.36,170.00,13665,237021707.00,3.13,1.41,2.41,2.64
2020-04-21,174.70,174.85,176.43,170.33,9448,163913974.00,3.52,0.81,1.41,1.82
2020-04-22,172.53,174.50,175.80,172.11,8273,144066829.00,2.11,-0.20,-0.35,1.60
2020-04-23,174.66,174.35,176.73,172.58,7621,132937774.00,2.38,-0.09,-0.15,1.47
2020-04-24,173.72,173.13,175.85,170.88,8673,150240916.00,2.85,-0.70,-1.22,1.67
2020-04-27,174.70,173.09,177.86,170.00,12094,211024615.00,4.54,-0.02,-0.04,2.33
2020-04-28,173.34,178.07,182.00,168.18,15637,275950704.00,7.98,2.88,4.98,3.02
2020-04-29,177.10,172.88,181.00,169.93,14496,251781367.00,6.22,-2.91,-5.19,2.80
2020-04-30,173.00,181.80,188.00,173.00,18867,342500080.00,8.68,5.16,8.92,3.64
2020-05-06,182.61,192.28,194.50,181.00,21828,412715344.00,7.43,5.76,10.48,4.21
2020-05-07,191.02,191.50,197.88,188.46,17532,338374112.00,4.90,-0.41,-0.78,3.38
2020-05-08,193.44,195.59,198.90,190.68,13974,271970544.00,4.29,2.14,4.09,2.70
2020-05-11,198.59,188.88,198.59,186.00,17614,335183104.00,6.44,-3.43,-6.71,3.40
2020-05-12,188.91,193.30,194.70,185.91,14104,269225632.00,4.65,2.34,4.42,2.72
2020-05-13,191.31,195.10,195.98,191.31,9734,188980486.00,2.42,0.93,1.80,1.88
2020-05-14,193.06,193.53,197.79,192.82,9932,193766582.00,2.55,-0.80,-1.57,1.92
2020-05-15,196.99,199.90,205.88,195.51,19202,384665408.00,5.36,3.29,6.37,3.71
2020-05-18,199.89,197.43,201.89,195.00,14011,278110144.00,3.45,-1.24,-2.47,2.70
2020-05-19,198.49,177.69,198.49,177.69,51535,944230048.00,10.54,-10.00,-19.74,9.94
2020-05-20,176.00,159.93,176.00,159.92,74432,1234263584.00,9.05,-9.99,-17.76,14.36
2020-05-21,161.00,157.00,162.53,155.51,40476,643334896.00,4.39,-1.83,-2.93,7.81
2020-05-22,155.58,149.89,157.00,146.68,52986,798856928.00,6.57,-4.53,-7.11,10.22
2020-05-25,149.00,145.08,150.00,141.58,40858,592118880.00,5.62,-3.21,-4.81,7.88
2020-05-26,145.99,148.20,150.74,145.38,30562,455061792.00,3.69,2.15,3.12,5.90
2020-05-27,148.70,143.00,149.15,141.94,26171,379036096.00,4.87,-3.51,-5.20,5.05
2020-05-28,141.91,144.50,145.79,141.20,24113,345908544.00,3.21,1.05,1.50,4.65
2020-05-29,144.00,145.51,146.39,143.00,15798,229095534.00,2.35,0.70,1.01,3.05
2020-06-01,148.00,150.09,151.54,146.88,27106,405313296.00,3.20,3.15,4.58,5.23
2020-06-02,150.82,150.60,150.91,146.70,24691,366690400.00,2.80,0.34,0.51,4.76
2020-06-03,150.00,147.19,150.00,147.00,17868,264539334.00,1.99,-2.26,-3.41,3.45
2020-06-04,147.89,143.90,148.50,142.99,22987,333146304.00,3.74,-2.24,-3.29,4.44
2020-06-05,143.91,145.56,146.47,143.00,13999,202704591.00,2.41,1.15,1.66,2.70
2020-06-08,145.52,143.67,147.38,143.32,13405,194211767.00,2.79,-1.30,-1.89,2.59
2020-06-09,144.50,145.19,146.85,142.24,14466,209834425.00,3.21,1.06,1.52,2.79
2020-06-10,145.66,150.86,152.88,144.45,24111,362552096.00,5.81,3.91,5.67,4.65
2020-06-11,150.50,148.18,151.37,147.79,19008,284135920.00,2.37,-1.78,-2.68,3.67
2020-06-12,145.66,146.31,147.35,144.50,13592,198822971.00,1.92,-1.26,-1.87,2.62
2020-06-15,146.21,145.67,147.66,144.02,13218,192781290.00,2.49,-0.44,-0.64,2.55
2020-06-16,147.39,149.12,150.88,147.00,18243,272183760.00,2.66,2.37,3.45,3.52
2020-06-17,149.30,145.66,149.99,143.99,23163,337700816.00,4.02,-2.32,-3.46,4.47
2020-06-18,145.54,147.58,148.10,144.75,15618,229053476.00,2.30,1.32,1.92,3.01
2020-06-19,147.00,149.01,149.65,146.04,15989,237703906.00,2.45,0.97,1.43,3.09
2020-06-22,149.61,151.30,154.40,148.00,26210,397755248.00,4.30,1.54,2.29,5.06
2020-06-23,151.39,154.35,154.96,151.00,21390,328223776.00,2.62,2.02,3.05,4.13
2020-06-24,154.81,159.29,160.38,153.85,29524,464581072.00,4.23,3.20,4.94,5.70
2020-06-29,159.29,159.11,162.54,157.55,19713,314749360.00,3.13,-0.11,-0.18,3.80
2020-06-30,160.22,163.59,164.94,160.22,19009,308826624.00,2.97,2.82,4.48,3.67
2020-07-01,164.67,158.42,164.68,154.80,34130,543389680.00,6.04,-3.16,-5.17,6.59
2020-07-02,157.89,155.81,157.89,153.85,26716,414765296.00,2.55,-1.65,-2.61,5.16
2020-07-03,97.00,96.92,97.67,95.79,32874,318038496.00,1.21,-37.80,-58.89,3.96
2020-07-06,97.00,100.36,101.40,96.65,50614,501595632.00,4.90,3.55,3.44,6.10
2020-07-07,100.61,105.55,107.88,100.56,60960,641692272.00,7.29,5.17,5.19,7.35
2020-07-08,105.55,106.50,107.34,104.04,43150,457227344.00,3.13,0.90,0.95,5.20
2020-07-09,106.55,109.68,110.49,106.25,48408,524117344.00,3.98,2.99,3.18,5.84
2020-07-10,108.20,107.05,110.50,106.80,42095,454759696.00,3.37,-2.40,-2.63,5.08
2020-07-13,105.11,107.32,108.30,104.17,50915,543663232.00,3.86,0.25,0.27,6.14
2020-07-14,103.08,96.59,103.30,96.59,140684,1392561360.00,6.25,-10.00,-10.73,16.97
2020-07-15,95.80,93.57,96.48,92.85,59226,559085632.00,3.76,-3.13,-3.02,7.14
2020-07-16,93.57,90.18,94.37,89.15,50890,466549744.00,5.58,-3.62,-3.39,6.14
2020-07-17,89.90,89.05,90.80,88.00,48763,433879440.00,3.10,-1.25,-1.13,5.88
2020-07-20,88.00,87.50,88.00,80.18,86531,728397200.00,8.78,-1.74,-1.55,10.44
2020-07-21,86.42,86.90,87.25,85.08,39815,343478320.00,2.48,-0.69,-0.60,4.80
2020-07-22,86.95,87.69,88.49,86.51,42921,376595456.00,2.28,0.91,0.79,5.18
2020-07-23,86.37,88.67,89.25,85.57,35313,309757504.00,4.20,1.12,0.98,4.26
2020-07-24,88.00,84.00,88.60,83.80,34143,293821584.00,5.41,-5.27,-4.67,4.12
2020-07-27,84.00,82.28,84.95,81.56,28910,239747025.00,4.04,-2.05,-1.72,3.49
2020-07-28,82.80,80.95,83.20,80.63,35839,292788176.00,3.12,-1.62,-1.33,4.32
2020-07-29,81.01,83.16,83.19,80.30,35076,288103120.00,3.57,2.73,2.21,4.23
2020-07-30,83.70,81.60,83.88,81.30,33092,271599376.00,3.10,-1.88,-1.56,3.99
2020-07-31,82.02,83.42,84.86,81.86,37236,310692464.00,3.68,2.23,1.82,4.49
2020-08-03,83.88,91.76,91.76,83.42,92421,820494080.00,10.00,10.00,8.34,11.15
2020-08-04,92.40,89.15,92.60,88.50,60019,540185104.00,4.47,-2.84,-2.61,7.24
2020-08-05,89.35,88.85,90.00,88.00,37487,333975360.00,2.24,-0.34,-0.30,4.52
2020-08-06,88.54,87.18,89.38,86.66,35806,314550320.00,3.06,-1.88,-1.67,4.32
2020-08-07,86.00,85.95,87.78,83.52,31113,266025178.00,4.89,-1.41,-1.23,3.75
2020-08-10,86.23,89.90,90.21,85.58,53494,475746512.00,5.39,4.60,3.95,6.45
2020-08-11,89.31,87.53,90.80,87.50,43986,392301328.00,3.67,-2.64,-2.37,5.31
2020-08-12,86.88,84.75,87.80,83.72,39013,332214144.00,4.66,-3.18,-2.78,4.71
2020-08-13,85.10,83.26,85.50,83.01,25002,209328403.00,2.94,-1.76,-1.49,3.02
2020-08-14,83.00,84.18,84.25,82.50,18377,153299524.00,2.10,1.10,0.92,2.22
2020-08-17,84.21,84.95,85.51,83.60,24468,207197316.00,2.27,0.91,0.77,2.95
2020-08-18,85.53,87.03,87.56,85.01,28364,245082870.00,3.00,2.45,2.08,3.42
2020-08-19,86.90,84.00,86.90,83.96,22878,194159704.00,3.38,-3.48,-3.03,2.76
2020-08-20,83.03,83.65,84.75,82.56,17213,143505599.00,2.61,-0.42,-0.35,2.08
2020-08-21,83.66,82.80,84.45,82.60,19596,163186162.00,2.21,-1.02,-0.85,2.36
2020-08-24,83.00,82.58,83.42,81.02,18673,153713678.00,2.90,-0.27,-0.22,2.25
2020-08-25,82.45,82.80,84.18,81.37,21823,180469838.00,3.40,0.27,0.22,2.63
2020-08-26,83.47,80.18,83.77,80.16,28570,231857619.00,4.36,-3.16,-2.62,3.45
2020-08-27,80.90,78.67,81.16,78.11,27392,216844123.00,3.80,-1.88,-1.51,3.30
2020-08-28,78.68,79.18,79.21,77.28,21188,165749960.00,2.45,0.65,0.51,2.56
2020-08-31,79.18,79.00,80.36,79.00,19932,158795840.00,1.72,-0.23,-0.18,2.40
2020-09-01,78.51,79.59,79.66,77.58,12129,95540065.00,2.63,0.75,0.59,1.46
2020-09-02,79.59,79.70,80.06,78.80,14991,119135666.00,1.58,0.14,0.11,1.81
2020-09-03,79.70,78.05,79.88,77.88,16938,133535586.00,2.51,-2.07,-1.65,2.04
2020-09-04,77.27,77.56,77.90,76.85,16570,127961189.00,1.35,-0.63,-0.49,2.00
2020-09-07,77.56,77.06,78.10,76.95,15151,117541654.00,1.48,-0.64,-0.50,1.83
2020-09-08,77.10,74.84,77.49,74.77,21756,164348225.00,3.53,-2.88,-2.22,2.62
2020-09-09,74.29,69.60,74.29,69.49,35266,250427780.00,6.41,-7.00,-5.24,4.25
2020-09-10,70.00,65.59,70.97,64.86,36376,245971810.00,8.78,-5.76,-4.01,4.39
2020-09-11,65.08,68.15,69.99,65.00,37086,251191096.00,7.61,3.90,2.56,4.47
2020-09-14,68.48,68.29,69.39,67.81,25281,172952198.00,2.32,0.21,0.14,3.05
2020-09-15,68.00,69.30,69.67,67.77,17685,121856941.00,2.78,1.48,1.01,2.13
2020-09-16,69.40,69.88,70.62,68.52,20397,142032261.00,3.03,0.84,0.58,2.46
2020-09-17,70.40,71.63,73.51,69.60,35292,253868780.00,5.60,2.50,1.75,4.26
2020-09-18,71.90,71.06,71.98,70.10,23114,163983050.00,2.62,-0.80,-0.57,2.79
2020-09-21,71.20,71.12,72.09,70.50,14142,100683081.00,2.24,0.08,0.06,1.71
2020-09-22,70.62,69.53,71.37,69.03,17305,121272840.00,3.29,-2.24,-1.59,2.09
2020-09-23,69.65,69.75,70.50,68.74,17821,124227844.00,2.53,0.32,0.22,2.15
2020-09-24,69.79,67.76,69.79,67.52,15630,106622204.00,3.25,-2.85,-1.99,1.89
2020-09-25,67.90,68.16,69.20,67.30,11813,80465860.00,2.80,0.59,0.40,1.42
2020-09-28,68.26,66.87,69.22,66.59,14236,96194763.00,3.86,-1.89,-1.29,1.72
2020-09-29,66.94,68.21,69.18,66.94,15290,104552717.00,3.35,2.00,1.34,1.84
2020-09-30,68.21,67.93,68.94,67.67,10373,70749055.00,1.86,-0.41,-0.28,1.25
2020-10-09,69.02,68.23,69.99,68.06,20175,138458489.00,2.84,0.44,0.30,2.43
2020-10-12,68.91,71.75,72.10,68.91,33782,240342392.00,4.68,5.16,3.52,4.07
2020-10-13,71.00,77.45,78.71,69.05,60366,452959824.00,13.46,7.94,5.70,7.28
2020-10-14,76.51,76.51,77.26,75.53,33018,252448459.00,2.23,-1.21,-0.94,3.98
2020-10-15,76.76,76.89,78.35,76.30,21398,165504436.00,2.68,0.50,0.38,2.58
2020-10-16,76.46,75.83,77.70,75.40,13721,104536814.00,2.99,-1.38,-1.06,1.65
2020-10-19,76.60,75.87,77.30,75.75,16581,126877421.00,2.04,0.05,0.04,2.00
2020-10-20,75.24,76.28,77.18,74.00,15038,114486018.00,4.19,0.54,0.41,1.81
2020-10-21,76.44,75.20,76.50,74.45,15172,114339771.00,2.69,-1.42,-1.08,1.83
2020-10-22,74.65,77.13,77.97,74.21,19854,150940866.00,5.00,2.57,1.93,2.39
2020-10-23,76.80,76.99,79.64,76.55,28409,222543511.00,4.01,-0.18,-0.14,3.43
2020-10-26,76.08,76.00,77.35,74.00,17997,135923947.00,4.35,-1.29,-0.99,2.17
2020-10-27,75.22,74.91,76.46,74.82,9230,69531237.00,2.16,-1.43,-1.09,1.11
2020-10-28,75.15,73.90,75.46,72.64,16576,122028218.00,3.76,-1.35,-1.01,2.00
2020-10-29,72.02,75.26,75.83,72.00,20532,152646897.00,5.18,1.84,1.36,2.48
2020-10-30,75.78,74.60,76.34,74.18,11683,87853348.00,2.87,-0.88,-0.66,1.41
2020-11-02,74.20,72.56,75.17,71.50,15858,115529563.00,4.92,-2.73,-2.04,1.91
2020-11-03,72.96,72.71,73.38,72.11,15372,111585382.00,1.75,0.21,0.15,1.85
2020-11-04,70.66,65.44,70.66,65.44,54426,360485776.00,7.18,-10.00,-7.27,6.56
2020-11-05,63.69,64.53,65.55,63.14,44485,285916176.00,3.68,-1.39,-0.91,5.37
2020-11-06,64.53,62.45,64.63,61.88,35921,226089188.00,4.26,-3.22,-2.08,4.33
2020-11-09,62.35,64.03,64.96,62.35,33205,212787380.00,4.18,2.53,1.58,4.00
2020-11-10,64.69,62.81,64.70,62.75,24135,152839903.00,3.05,-1.91,-1.22,2.91
2020-11-11,62.70,62.10,63.44,61.80,18407,115109539.00,2.61,-1.13,-0.71,2.22
2020-11-12,62.08,61.55,62.40,61.15,15133,93445298.00,2.01,-0.89,-0.55,1.83
2020-11-13,61.51,62.13,62.20,60.20,16673,102233139.00,3.25,0.94,0.58,2.01
2020-11-16,62.13,61.17,62.25,60.82,20553,125882295.00,2.30,-1.55,-0.96,2.48
2020-11-17,61.06,59.83,61.06,59.15,20922,125230482.00,3.12,-2.19,-1.34,2.52
2020-11-18,59.40,59.02,60.30,58.80,17782,105338635.00,2.51,-1.35,-0.81,2.14
2020-11-19,58.42,58.61,58.98,57.02,25585,149044513.00,3.32,-0.69,-0.41,3.09
2020-11-20,58.69,60.32,61.09,58.69,30708,184484595.00,4.09,2.92,1.71,3.70
2020-11-23,60.00,60.38,61.78,59.40,22743,137546867.00,3.95,0.10,0.06,1.82
2020-11-24,60.26,61.53,62.12,60.00,22624,139079512.00,3.51,1.90,1.15,1.81
2020-11-25,61.30,61.71,62.17,60.70,21229,130781844.00,2.39,0.29,0.18,1.70
2020-11-26,61.11,61.77,62.95,61.11,20997,130589159.00,2.98,0.10,0.06,1.68
2020-11-27,62.10,60.80,62.38,60.51,16700,101785333.00,3.03,-1.57,-0.97,1.33
2020-11-30,60.61,59.92,61.10,59.66,16759,101182465.00,2.37,-1.45,-0.88,1.34
2020-12-01,60.00,62.30,62.50,60.00,24919,153369577.00,4.17,3.97,2.38,1.99
2020-12-02,62.79,62.14,63.10,61.67,17024,105944533.00,2.30,-0.26,-0.16,1.36
2020-12-03,61.95,62.02,62.57,61.62,14554,90391859.00,1.53,-0.19,-0.12,1.16
2020-12-04,62.50,62.42,63.22,62.02,12308,76949002.00,1.93,0.64,0.40,0.98
2020-12-07,62.45,63.07,63.38,62.24,19608,123462389.00,1.83,1.04,0.65,1.57
2020-12-08,63.08,62.77,63.43,62.61,11196,70382974.00,1.30,-0.48,-0.30,0.89
2020-12-09,63.00,61.34,63.00,61.27,14450,89626659.00,2.76,-2.28,-1.43,1.15
2020-12-10,60.76,60.00,60.97,60.00,13644,82368096.00,1.58,-2.18,-1.34,1.09
2020-12-11,60.16,59.83,60.36,59.34,13528,81109283.00,1.70,-0.28,-0.17,1.08
2020-12-14,59.73,60.35,60.49,58.71,13767,82213559.00,2.98,0.87,0.52,1.10
2020-12-15,60.70,61.49,61.96,60.02,13507,82745264.00,3.21,1.89,1.14,1.08
2020-12-16,61.79,60.03,61.80,59.85,15583,94588130.00,3.17,-2.37,-1.46,1.24
2020-12-17,60.00,60.15,60.17,58.86,10728,63897221.00,2.18,0.20,0.12,0.86
2020-12-18,60.00,60.25,61.25,59.40,11728,70576660.00,3.08,0.17,0.10,0.94
2020-12-21,60.01,60.50,60.86,59.56,12333,74408377.00,2.16,0.41,0.25,0.98
2020-12-22,60.47,58.87,60.47,58.70,15622,93019173.00,2.93,-2.69,-1.63,1.25
2020-12-23,58.80,56.96,59.19,55.55,26439,151134708.00,6.18,-3.24,-1.91,2.11
2020-12-24,56.78,54.54,57.00,54.36,20459,113306468.00,4.63,-4.25,-2.42,1.63
2020-12-25,54.00,55.18,55.48,53.81,11033,60619096.00,3.06,1.17,0.64,0.88
2020-12-28,55.16,53.70,55.75,53.32,24185,131902246.00,4.40,-2.68,-1.48,1.93
2020-12-29,53.53,57.00,57.44,53.50,26630,149118946.00,7.34,6.15,3.30,2.13
2020-12-30,56.92,58.54,59.29,56.01,21962,127681175.00,5.75,2.70,1.54,1.75
2020-12-31,58.54,57.96,58.79,57.40,25029,145078085.00,2.37,-0.99,-0.58,2.14
2021-01-04,57.70,58.52,59.00,57.50,19865,115672757.00,2.59,0.97,0.56,1.70
2021-01-05,58.54,58.52,59.65,58.30,20429,120238561.00,2.31,0.00,0.00,1.75
2021-01-06,58.50,57.37,58.87,56.51,22207,127437042.00,4.03,-1.97,-1.15,1.90
2021-01-07,57.02,54.26,57.27,53.76,28604,157245598.00,6.12,-5.42,-3.11,2.44
2021-01-08,53.80,57.00,57.65,53.39,26943,151276627.00,7.85,5.05,2.74,2.30
2021-01-11,56.79,57.18,59.38,56.43,23303,134535595.00,5.18,0.32,0.18,1.99
2021-01-12,56.74,56.19,56.90,55.05,21939,122741924.00,3.24,-1.73,-0.99,1.87
2021-01-13,56.00,55.10,56.18,54.76,15980,88278977.00,2.53,-1.94,-1.09,1.37
2021-01-14,54.89,56.71,58.17,54.51,28017,158876510.00,6.64,2.92,1.61,2.39
2021-01-15,56.73,55.71,56.98,54.54,26006,144926747.00,4.30,-1.76,-1.00,2.22
2021-01-18,55.12,57.23,57.57,54.90,30155,170452020.00,4.79,2.73,1.52,2.58
2021-01-19,57.56,56.57,57.99,56.46,19508,111518887.00,2.67,-1.15,-0.66,1.67
2021-01-20,56.77,55.62,56.98,55.35,15356,85645974.00,2.88,-1.68,-0.95,1.31
2021-01-21,55.92,55.20,56.00,54.50,16240,89663158.00,2.70,-0.76,-0.42,1.39
2021-01-22,55.02,53.48,55.22,53.41,28914,155591286.00,3.28,-3.12,-1.72,2.47
2021-01-25,53.35,51.00,53.35,50.56,33064,169448820.00,5.22,-4.64,-2.48,2.83
2021-01-26,50.51,50.00,51.58,49.78,20480,103150160.00,3.53,-1.96,-1.00,1.75
2021-01-27,50.20,50.35,50.78,49.57,15719,78937024.00,2.42,0.70,0.35,1.34
2021-01-28,49.85,49.23,51.20,49.22,17317,86831893.00,3.93,-2.22,-1.12,1.48
2021-01-29,49.95,47.30,49.95,46.60,23373,111833256.00,6.80,-3.92,-1.93,2.00
2021-02-01,46.94,48.20,48.80,46.88,13579,64914540.00,4.06,1.90,0.90,1.16
2021-02-02,48.10,47.90,48.73,47.49,14377,69002086.00,2.57,-0.62,-0.30,1.23
2021-02-03,47.88,46.10,47.89,46.00,16750,78250047.00,3.95,-3.76,-1.80,1.43
2021-02-04,45.99,44.44,45.99,43.68,21798,97217861.00,5.01,-3.60,-1.66,1.86
2021-02-05,44.80,44.30,45.72,44.08,13560,60778680.00,3.69,-0.32,-0.14,1.16
2021-02-08,44.60,43.60,44.79,43.03,11965,52686621.00,3.97,-1.58,-0.70,1.02
2021-02-09,43.71,44.12,44.54,43.63,13685,60275072.00,2.09,1.19,0.52,1.17
2021-02-10,44.21,44.39,44.89,43.96,11913,52822804.00,2.11,0.61,0.27,1.02
2021-02-18,45.00,45.89,46.50,44.90,18506,84632405.00,3.60,3.38,1.50,1.58
2021-02-19,45.69,47.10,47.16,45.25,25457,118191240.00,4.16,2.64,1.21,2.18
2021-02-22,47.29,47.08,48.15,46.45,28501,135175405.00,3.61,-0.04,-0.02,2.44
2021-02-23,47.88,47.30,48.09,45.86,19621,92511912.00,4.74,0.47,0.22,1.68
2021-02-24,47.00,48.85,50.24,46.80,35647,174230684.00,7.27,3.28,1.55,3.05
2021-02-25,48.88,48.32,49.26,47.96,18178,88010435.00,2.66,-1.08,-0.53,1.55
2021-02-26,47.78,50.91,51.20,47.60,44991,225064320.00,7.45,5.36,2.59,3.84
2021-03-01,50.75,51.25,51.53,50.00,30057,152814750.00,3.01,0.67,0.34,2.57
2021-03-02,50.98,50.70,51.56,50.02,22506,114005686.00,3.00,-1.07,-0.55,1.92
2021-03-03,50.75,50.30,50.80,49.23,20445,101970722.00,3.10,-0.79,-0.40,1.75
2021-03-04,49.50,49.79,50.29,49.22,16070,79818679.00,2.13,-1.01,-0.51,1.37
2021-03-05,49.30,51.16,52.40,49.22,35052,179621483.00,6.39,2.75,1.37,3.00
2021-03-08,51.35,52.68,53.15,50.88,39567,207113829.00,4.44,2.97,1.52,3.38
2021-03-09,52.68,50.25,53.05,49.51,36093,183738625.00,6.72,-4.61,-2.43,3.08
2021-03-10,50.29,46.80,50.96,46.80,40564,194250972.00,8.28,-6.87,-3.45,3.47
2021-03-11,46.80,49.19,49.50,46.12,35733,172413817.00,7.22,5.11,2.39,3.05
2021-03-12,48.94,47.77,49.43,47.61,21111,101562062.00,3.70,-2.89,-1.42,1.80
2021-03-15,47.03,46.76,47.70,46.09,17644,82611061.00,3.37,-2.11,-1.01,1.51
2021-03-16,47.00,46.61,47.38,46.36,15470,72284506.00,2.18,-0.32,-0.15,1.32
2021-03-17,46.66,47.77,47.97,46.66,17558,83533137.00,2.81,2.49,1.16,1.50
2021-03-18,47.76,46.72,47.95,46.48,19970,93987079.00,3.08,-2.20,-1.05,1.71
2021-03-19,46.41,46.18,46.93,45.70,18543,85659571.00,2.63,-1.16,-0.54,1.58
2021-03-22,46.17,46.71,46.90,45.76,13465,62482343.00,2.47,1.15,0.53,1.15
2021-03-23,46.73,46.09,46.92,45.90,10692,49600360.00,2.18,-1.33,-0.62,0.91
2021-03-24,45.88,45.06,46.86,45.06,18266,83883234.00,3.91,-2.23,-1.03,1.56
2021-03-25,45.06,45.26,45.80,44.50,13538,61210238.00,2.89,0.44,0.20,1.16
2021-03-26,45.59,48.97,49.38,45.26,43642,209102731.00,9.10,8.20,3.71,3.73
2021-03-29,49.22,48.99,49.44,48.32,26297,128804934.00,2.29,0.04,0.02,2.25
2021-03-30,48.98,48.72,49.96,48.46,22678,111422099.00,3.06,-0.55,-0.27,1.94
2021-03-31,48.60,48.94,49.36,48.30,18862,92051732.00,2.18,0.45,0.22,1.61
2021-04-01,49.50,48.91,49.50,48.58,14437,70714316.00,1.88,-0.06,-0.03,1.23
2021-04-02,48.84,49.10,49.90,48.76,14646,72154353.00,2.33,0.39,0.19,1.25
2021-04-06,49.07,48.88,49.09,48.05,19089,92551253.00,2.12,-0.45,-0.22,1.63
2021-04-07,48.90,49.01,50.20,48.65,24638,121447462.00,3.17,0.27,0.13,2.11
2021-04-08,48.98,49.40,49.48,48.71,16334,80284505.00,1.57,0.80,0.39,1.40
2021-04-09,49.42,49.20,49.60,48.60,14096,68953003.00,2.02,-0.40,-0.20,1.20
2021-04-12,49.09,49.40,49.77,48.35,20271,99636607.00,2.89,0.41,0.20,1.73
2021-04-13,49.31,44.46,49.48,44.46,61248,278915840.00,10.16,-10.00,-4.94,5.23
2021-04-14,44.00,42.60,44.29,41.70,51458,220675238.00,5.83,-4.18,-1.86,4.40
2021-04-15,42.50,42.00,42.87,41.82,23941,101097266.00,2.46,-1.41,-0.60,2.05
2021-04-16,41.92,42.48,42.62,41.77,21440,90718590.00,2.02,1.14,0.48,1.83
2021-04-19,42.59,43.52,43.83,42.52,21819,94495242.00,3.08,2.45,1.04,1.86
2021-04-20,43.44,43.11,43.78,43.01,13215,57366274.00,1.77,-0.94,-0.41,1.13
2021-04-21,43.12,43.08,43.44,42.80,9321,40216493.00,1.48,-0.07,-0.03,0.80
2021-04-22,43.12,43.25,43.44,42.92,11009,47500827.00,1.21,0.39,0.17,0.94
2021-04-23,43.24,42.99,43.62,42.36,15810,67973585.00,2.91,-0.60,-0.26,1.35
2021-04-26,43.01,42.36,43.31,42.28,16958,72538774.00,2.40,-1.47,-0.63,1.45
2021-04-27,42.34,41.00,42.36,40.30,19908,81609853.00,4.86,-3.21,-1.36,1.70
2021-04-28,41.35,41.13,41.37,40.59,10473,42960688.00,1.90,0.32,0.13,0.90
2021-04-29,41.12,40.45,41.49,40.38,14744,60196485.00,2.70,-1.65,-0.68,1.26
2021-04-30,40.37,39.42,40.45,39.36,18968,75235775.00,2.69,-2.55,-1.03,1.62
2021-05-06,39.42,38.96,39.71,38.90,11856,46462548.00,2.05,-1.17,-0.46,1.01
2021-05-07,39.11,38.84,39.35,38.66,11679,45539518.00,1.77,-0.31,-0.12,1.00
2021-05-10,38.80,38.12,38.80,37.93,12523,47872789.00,2.24,-1.85,-0.72,1.07
2021-05-11,38.12,38.81,39.13,38.01,14263,55052182.00,2.94,1.81,0.69,1.22
2021-05-12,38.59,39.04,39.08,38.26,13298,51593605.00,2.11,0.59,0.23,1.14
2021-05-13,38.96,38.80,39.70,38.72,14251,55962235.00,2.51,-0.61,-0.24,1.22
2021-05-14,38.82,39.59,39.78,38.60,13513,53034271.00,3.04,2.04,0.79,1.15
2021-05-17,39.58,39.30,39.78,39.20,10596,41819522.00,1.47,-0.73,-0.29,0.91
2021-05-18,39.48,39.62,39.94,39.14,8666,34274815.00,2.04,0.81,0.32,0.74
2021-05-19,39.57,39.05,39.62,38.90,8235,32211467.00,1.82,-1.44,-0.57,0.70
2021-05-20,38.82,38.92,39.37,38.82,6742,26322633.00,1.41,-0.33,-0.13,0.58
2021-05-21,38.80,38.62,39.10,38.60,7139,27707836.00,1.28,-0.77,-0.30,0.61
2021-05-24,38.62,40.30,40.55,38.30,21554,85774004.00,5.83,4.35,1.68,1.84
2021-05-25,40.77,40.74,40.85,40.20,14857,60338519.00,1.61,1.09,0.44,1.27
2021-05-26,40.66,40.79,41.26,40.47,11053,45255826.00,1.94,0.12,0.05,0.94
2021-05-27,40.86,41.45,42.08,40.72,14634,60851421.00,3.33,1.62,0.66,1.25
2021-05-28,41.45,40.91,41.84,40.79,10592,43565528.00,2.53,-1.30,-0.54,0.91
2021-05-31,40.80,41.98,42.24,40.55,13211,55160554.00,4.13,2.62,1.07,1.13
2021-06-01,41.95,42.00,42.77,41.75,12807,54037495.00,2.43,0.05,0.02,1.09
2021-06-02,42.01,41.30,42.05,41.20,10357,43138079.00,2.02,-1.67,-0.70,0.89
2021-06-03,41.30,41.18,42.28,41.17,11984,49935859.00,2.69,-0.29,-0.12,1.02
2021-06-04,41.14,40.82,41.60,40.71,9038,37098782.00,2.16,-0.87,-0.36,0.77
2021-06-07,40.82,42.26,42.30,40.82,16050,67329489.00,3.63,3.53,1.44,1.37
2021-06-08,42.33,42.09,42.62,41.72,11156,47050374.00,2.13,-0.40,-0.17,0.95
2021-06-09,42.18,41.74,42.83,41.37,11198,47099873.00,3.47,-0.83,-0.35,0.96
2021-06-10,41.68,43.96,44.29,41.35,39675,171753197.00,7.04,5.32,2.22,3.39
2021-06-11,43.82,44.54,44.96,43.34,36997,163945834.00,3.69,1.32,0.58,3.16
2021-06-15,44.63,43.10,44.78,42.58,23962,103882592.00,4.94,-3.23,-1.44,2.05
2021-06-16,42.72,42.65,43.45,42.51,15569,66774695.00,2.18,-1.04,-0.45,1.33
2021-06-17,42.30,42.67,43.08,41.90,13573,57577119.00,2.77,0.05,0.02,1.16
2021-06-18,42.45,42.21,42.88,42.00,13674,57845419.00,2.06,-1.08,-0.46,1.17
2021-06-21,42.00,43.40,43.49,41.93,20399,87942171.00,3.70,2.82,1.19,1.74
2021-06-22,43.40,42.40,43.96,42.32,16492,70787030.00,3.78,-2.30,-1.00,1.41
2021-06-23,42.64,42.25,42.64,41.72,17397,73275528.00,2.17,-0.35,-0.15,1.49
2021-06-24,42.50,41.63,42.54,41.40,15245,63743601.00,2.70,-1.47,-0.62,1.30
2021-06-25,41.43,41.58,42.37,41.13,14973,62317178.00,2.98,-0.12,-0.05,1.28
2021-06-28,41.35,41.63,41.91,41.32,11119,46272292.00,1.42,0.12,0.05,0.95
2021-06-29,41.63,41.28,42.15,41.12,14065,58626075.00,2.47,-0.84,-0.35,1.20
2021-06-30,41.05,40.97,41.50,40.71,11988,49147925.00,1.91,-0.75,-0.31,1.02
2021-07-01,40.97,40.10,41.59,40.05,13708,55901482.00,3.76,-2.12,-0.87,1.17
2021-07-02,40.48,39.36,40.48,38.93,16493,65206479.00,3.87,-1.85,-0.74,1.41
2021-07-05,39.88,39.55,40.29,39.07,12950,51366222.00,3.10,0.48,0.19,1.11
2021-07-06,39.34,39.94,40.35,38.60,21445,84783537.00,4.42,0.99,0.39,1.83
2021-07-07,39.65,39.95,40.17,39.20,11702,46401867.00,2.43,0.03,0.01,1.00
2021-07-08,39.70,40.39,40.48,39.50,13304,53282654.00,2.45,1.10,0.44,1.14
2021-07-09,39.96,39.29,40.13,38.93,15628,61401348.00,2.97,-2.72,-1.10,1.34
2021-07-12,39.71,42.85,43.21,39.25,64313,268123990.00,10.08,9.06,3.56,5.50
2021-07-13,43.00,46.52,46.93,42.58,100052,454357376.00,10.15,8.56,3.67,8.55
2021-07-14,45.60,47.17,47.85,45.30,64183,301565504.00,5.48,1.40,0.65,5.49
2021-07-15,42.52,42.45,44.26,42.45,58910,251655857.00,3.84,-10.01,-4.72,5.03
2021-07-16,41.20,39.96,41.25,39.57,67994,274492704.00,3.96,-5.87,-2.49,5.81
