2015-06-11,41.18,41.18,41.18,41.18,21,86478.00,0.00,9.99,3.74,0.01
2015-06-12,45.30,45.30,45.30,45.30,28,126840.00,0.00,10.00,4.12,0.02
2015-06-15,49.83,49.83,49.83,49.83,64,317666.00,0.00,10.00,4.53,0.04
2015-06-16,54.81,54.81,54.81,54.81,55,301455.00,0.00,9.99,4.98,0.03
2015-06-17,60.29,60.29,60.29,60.29,175,1055075.00,0.00,10.00,5.48,0.10
2015-06-18,66.32,66.32,66.32,66.32,242,1604944.00,0.00,10.00,6.03,0.14
2015-06-19,72.95,72.95,72.95,72.95,1253,9137060.00,0.00,10.00,6.63,0.74
2015-06-23,80.25,80.25,80.25,80.25,972,7802145.00,0.00,10.01,7.30,0.57
2015-06-24,88.28,88.28,88.28,88.28,272,2398126.00,0.00,10.01,8.03,0.16
2015-06-25,97.11,97.11,97.11,97.11,576,5596449.00,0.00,10.00,8.83,0.34
2015-06-26,96.00,87.83,96.00,87.40,93155,827865232.00,8.86,-9.56,-9.28,54.80
2015-06-29,87.11,79.05,87.20,79.05,42988,342387296.00,9.28,-10.00,-8.78,25.29
2015-06-30,72.98,83.00,85.97,71.15,43414,333435088.00,18.75,5.00,3.95,25.54
2015-07-01,80.18,86.20,90.60,79.10,33432,289203312.00,13.86,3.86,3.20,19.67
2015-07-02,83.60,82.00,88.99,79.90,26786,229468812.00,10.55,-4.87,-4.20,15.76
2015-07-03,80.99,87.50,90.20,79.10,34480,294728768.00,13.54,6.71,5.50,20.28
2015-07-06,96.25,88.00,96.25,85.01,31280,285390656.00,12.85,0.57,0.50,18.40
2015-07-07,79.20,82.00,90.00,79.20,30524,257869660.00,12.27,-6.82,-6.00,17.96
2015-07-08,74.00,75.00,83.10,73.80,20617,159087377.00,11.34,-8.54,-7.00,12.13
2015-07-09,76.50,82.50,82.50,74.80,19933,159095788.00,10.27,10.00,7.50,11.73
2015-07-10,88.00,90.75,90.75,86.10,9571,86326981.00,5.64,10.00,8.25,5.63
2015-07-13,98.80,99.83,99.83,93.75,17319,171043829.00,6.70,10.01,9.08,10.19
2015-07-14,104.00,101.70,109.81,99.88,27123,287850544.00,9.95,1.87,1.87,15.95
2015-07-15,96.51,95.80,101.30,91.53,24436,229817525.00,9.61,-5.80,-5.90,14.37
2015-07-16,95.80,105.38,105.38,91.50,18392,188414025.00,14.49,10.00,9.58,10.82
2015-07-17,109.00,115.92,115.92,106.00,12361,140293628.00,9.41,10.00,10.54,7.27
2015-07-20,119.00,111.00,123.50,108.00,20975,241216667.00,13.37,-4.24,-4.92,12.34
2015-07-21,106.06,112.98,115.90,101.01,13422,147568176.00,13.41,1.78,1.98,7.90
2015-07-22,115.00,115.00,118.00,110.52,13030,148707202.00,6.62,1.79,2.02,7.66
2015-07-23,114.50,126.50,126.50,109.00,23852,289192048.00,15.22,10.00,11.50,14.03
2015-07-24,126.00,125.00,132.67,120.01,23249,296614848.00,10.01,-1.19,-1.50,13.68
2015-07-27,112.50,117.68,122.66,112.50,24701,290334448.00,8.13,-5.86,-7.32,14.53
2015-07-28,109.00,119.92,123.99,105.91,13092,150629014.00,15.36,1.90,2.24,7.70
2015-07-29,120.02,124.48,124.50,110.00,10501,124219886.00,12.09,3.80,4.56,6.18
2015-07-30,122.10,123.98,132.48,119.00,10425,129917737.00,10.83,-0.40,-0.50,6.13
2015-07-31,119.00,122.00,125.65,117.10,5581,67545245.00,6.90,-1.60,-1.98,3.28
2015-08-03,119.10,120.80,122.02,116.00,5251,62347244.00,4.93,-0.98,-1.20,3.09
2015-08-04,121.98,128.32,129.70,116.00,7488,91683731.00,11.34,6.23,7.52,4.40
2015-08-05,130.20,128.22,132.10,125.00,7569,97091544.00,5.53,-0.08,-0.10,4.45
2015-08-06,126.22,124.32,126.58,122.00,4101,51086912.00,3.57,-3.04,-3.90,2.41
2015-08-07,125.00,136.75,136.75,124.88,9492,126622379.00,9.55,10.00,12.43,5.58
2015-08-10,140.00,140.00,140.94,131.75,13470,183345494.00,6.72,2.38,3.25,7.92
2015-08-11,78.80,87.85,87.85,77.01,22139,185540221.00,7.74,-37.25,-52.15,7.44
2015-08-12,88.00,90.11,96.64,87.86,33949,315188592.00,9.99,2.57,2.26,11.41
2015-08-13,86.68,90.21,91.00,84.10,24073,208445503.00,7.66,0.11,0.10,8.09
2015-08-14,89.50,87.00,89.50,85.77,12992,113382492.00,4.13,-3.56,-3.21,4.37
2015-08-17,84.19,82.50,86.50,81.02,9532,79731530.00,6.30,-5.17,-4.50,3.20
2015-08-18,82.55,74.45,83.45,74.25,16994,133016161.00,11.15,-9.76,-8.05,5.71
2015-08-19,70.00,80.26,80.95,70.00,11005,83222004.00,14.71,7.80,5.81,3.70
2015-08-20,78.00,77.00,80.40,75.98,6783,53079239.00,5.51,-4.06,-3.26,2.28
2015-08-21,76.60,77.71,80.35,73.12,8135,62468714.00,9.39,0.92,0.71,2.73
2015-08-24,73.00,69.94,75.00,69.94,5870,42038434.00,6.51,-10.00,-7.77,1.97
2015-08-25,63.10,62.95,72.98,62.95,11066,71855703.00,14.34,-9.99,-6.99,3.72
2015-08-26,63.87,67.14,69.25,62.00,24549,161194285.00,11.52,6.66,4.19,8.25
2015-08-27,68.00,66.91,70.73,63.00,9355,62248768.00,11.51,-0.34,-0.23,3.14
2015-08-28,68.00,70.07,71.30,65.86,6753,46242763.00,8.13,4.72,3.16,2.27
2015-08-31,69.99,68.00,70.00,66.60,7807,53084991.00,4.85,-2.95,-2.07,2.62
2015-09-01,66.00,66.50,68.49,64.84,6030,40548067.00,5.37,-2.21,-1.50,2.03
2015-09-02,62.89,70.00,70.09,61.76,13449,91107542.00,12.53,5.26,3.50,4.52
2015-09-07,70.88,72.10,76.00,69.00,18192,132208832.00,10.00,3.00,2.10,6.11
2015-09-08,70.02,73.58,75.00,70.00,10732,77221778.00,6.93,2.05,1.48,3.61
2015-09-09,74.50,73.35,75.50,72.20,11420,84359048.00,4.48,-0.31,-0.23,3.84
2015-09-10,72.50,70.10,72.50,68.30,7962,55971262.00,5.73,-4.43,-3.25,2.68
2015-09-11,69.65,69.45,71.00,68.50,3784,26397339.00,3.57,-0.93,-0.65,1.27
2015-09-14,69.50,62.76,70.80,62.55,6548,43719239.00,11.88,-9.63,-6.69,2.20
2015-09-15,62.76,60.20,63.76,58.80,5616,33733751.00,7.90,-4.08,-2.56,1.89
2015-09-16,60.20,64.99,66.00,60.00,4151,25798581.00,9.97,7.96,4.79,1.40
2015-09-17,64.35,59.98,65.00,58.88,7350,45718580.00,9.42,-7.71,-5.01,2.47
2015-09-18,59.98,58.96,61.20,57.20,5562,32769555.00,6.67,-1.70,-1.02,1.87
2015-09-21,58.00,59.36,60.50,57.01,4873,28696978.00,5.92,0.68,0.40,1.64
2015-09-22,59.35,58.00,60.44,57.60,4514,26643597.00,4.78,-2.29,-1.36,1.52
2015-09-23,56.00,57.15,57.59,55.00,5969,33739030.00,4.47,-1.47,-0.85,2.01
2015-09-24,58.01,60.22,62.19,58.00,7249,43640902.00,7.33,5.37,3.07,2.44
2015-09-25,59.08,62.55,64.38,58.66,8213,50290887.00,9.50,3.87,2.33,2.76
2015-09-28,62.50,68.00,68.81,62.27,11701,78437558.00,10.46,8.71,5.45,3.93
2015-09-29,65.92,67.48,70.36,65.92,8099,55334978.00,6.53,-0.76,-0.52,2.72
2015-09-30,67.48,64.30,67.48,63.30,5310,34605395.00,6.19,-4.71,-3.18,1.78
2015-10-08,65.00,66.38,67.99,65.00,4496,29867233.00,4.65,3.23,2.08,1.51
2015-10-09,66.38,65.00,66.90,64.47,2985,19478793.00,3.66,-2.08,-1.38,1.00
2015-10-12,66.50,69.04,69.99,65.10,7867,53262867.00,7.52,6.22,4.04,2.64
2015-10-13,68.02,71.00,73.50,68.02,6957,49529762.00,7.94,2.84,1.96,2.34
2015-10-14,69.08,72.20,73.40,68.68,6293,44642711.00,6.65,1.69,1.20,2.12
2015-10-15,70.60,72.68,73.50,70.60,5491,39927056.00,4.02,0.66,0.48,1.85
2015-10-16,74.00,73.40,74.62,70.74,8287,60176509.00,5.34,0.99,0.72,2.79
2015-10-19,72.51,73.90,75.08,71.50,6650,48713081.00,4.88,0.68,0.50,2.24
2015-10-20,73.73,72.40,73.73,71.20,4794,34604188.00,3.42,-2.03,-1.50,1.61
2015-10-21,72.80,66.88,72.99,66.66,5048,35292715.00,8.74,-7.62,-5.52,1.70
2015-10-22,67.50,69.00,71.00,66.88,6309,43801297.00,6.16,3.17,2.12,2.12
2015-10-23,69.01,71.00,72.49,68.10,6539,46134241.00,6.36,2.90,2.00,2.20
2015-10-26,71.00,73.00,75.00,69.85,9013,65191207.00,7.25,2.82,2.00,3.03
2015-10-27,71.90,72.60,72.88,69.00,3895,27822220.00,5.32,-0.55,-0.40,1.31
2015-10-28,72.00,73.87,77.45,70.60,7008,52568705.00,9.44,1.75,1.27,2.36
2015-10-29,73.00,72.94,76.20,72.25,6909,50692362.00,5.35,-1.26,-0.93,2.32
2015-10-30,80.23,80.23,80.23,79.99,23169,185887441.00,0.33,9.99,7.29,7.79
2015-11-02,80.00,81.80,86.58,77.99,34640,288765680.00,10.71,1.96,1.57,11.64
2015-11-03,78.10,78.03,80.50,76.88,20371,159904634.00,4.43,-4.61,-3.77,6.85
2015-11-04,77.20,79.16,80.38,76.58,22576,176998743.00,4.87,1.45,1.13,7.59
2015-11-05,78.65,76.29,78.69,76.00,20675,159497497.00,3.40,-3.63,-2.87,6.95
2015-11-06,75.32,77.44,77.95,75.32,18004,138552064.00,3.45,1.51,1.15,6.05
2015-11-09,75.92,79.20,80.60,74.50,24288,189740578.00,7.88,2.27,1.76,8.16
2015-11-10,78.60,79.00,80.43,77.52,19066,150399145.00,3.67,-0.25,-0.20,6.41
2015-11-11,79.00,83.38,84.78,77.50,26121,211938742.00,9.22,5.54,4.38,8.78
2015-11-12,83.70,91.40,91.72,82.03,34248,299466512.00,11.62,9.62,8.02,11.51
2015-11-13,89.37,82.26,89.47,82.26,32614,274965664.00,7.89,-10.00,-9.14,10.96
2015-11-16,77.35,79.50,80.48,77.00,16148,127239835.00,4.23,-3.36,-2.76,5.43
2015-11-17,80.00,79.96,82.00,77.23,16767,133136040.00,6.00,0.58,0.46,5.64
2015-11-18,79.89,77.52,82.00,76.00,11388,88354222.00,7.50,-3.05,-2.44,3.83
2015-11-19,77.30,78.73,79.00,76.02,10993,85173284.00,3.84,1.56,1.21,3.70
2015-11-20,78.73,77.20,78.88,76.32,11210,86726738.00,3.25,-1.94,-1.53,3.77
2015-11-23,77.30,77.31,78.98,75.02,11102,85698159.00,5.13,0.14,0.11,3.73
2015-11-24,76.80,79.73,79.84,76.18,13346,104366833.00,4.73,3.13,2.42,4.49
2015-11-25,79.00,78.70,79.27,77.52,11322,88797007.00,2.19,-1.29,-1.03,3.81
2015-11-26,79.00,80.45,81.86,77.67,18753,150340618.00,5.32,2.22,1.75,6.30
2015-11-27,80.00,77.75,80.00,73.30,16321,125679818.00,8.33,-3.36,-2.70,5.49
2015-11-30,76.30,77.00,79.88,73.12,11769,89413717.00,8.69,-0.96,-0.75,3.96
2015-12-01,76.88,71.77,76.88,70.00,10057,74112534.00,8.94,-6.79,-5.23,3.38
2015-12-02,70.02,70.00,72.50,67.02,9219,64171778.00,7.64,-2.47,-1.77,3.10
2015-12-03,70.88,71.10,72.62,69.90,7450,52991844.00,3.89,1.57,1.10,2.50
2015-12-04,71.20,71.90,72.50,71.00,7691,55261879.00,2.11,1.13,0.80,2.59
2015-12-07,71.92,72.68,74.05,71.58,8436,61461281.00,3.44,1.08,0.78,2.84
2015-12-08,72.78,70.66,72.99,70.08,6159,43914056.00,4.00,-2.78,-2.02,2.07
2015-12-09,70.70,68.52,71.30,68.01,5831,40713104.00,4.66,-3.03,-2.14,1.96
2015-12-10,67.60,68.20,68.51,67.01,6126,41439658.00,2.19,-0.47,-0.32,2.06
2015-12-11,68.45,68.40,68.90,67.62,3837,26257881.00,1.88,0.29,0.20,1.29
2015-12-14,68.02,69.71,70.08,67.66,5718,39579943.00,3.54,1.92,1.31,1.92
2015-12-15,70.30,69.90,70.88,69.41,6003,42121142.00,2.11,0.27,0.19,2.02
2015-12-16,69.90,70.64,71.37,69.40,7398,52139793.00,2.82,1.06,0.74,2.49
2015-12-17,70.30,71.77,71.88,70.29,10808,77061486.00,2.25,1.60,1.13,3.63
2015-12-18,72.00,73.50,76.00,71.80,16747,124242866.00,5.85,2.41,1.73,5.63
2015-12-21,73.40,74.14,76.16,72.81,11234,83742593.00,4.56,0.87,0.64,3.78
2015-12-22,74.15,72.81,75.46,72.50,9084,66723892.00,3.99,-1.79,-1.33,3.05
2015-12-23,73.39,71.22,73.40,71.06,9823,70401530.00,3.21,-2.18,-1.59,3.30
2015-12-24,71.10,72.06,72.60,69.85,7279,51938718.00,3.86,1.18,0.84,2.45
2015-12-25,72.06,71.37,72.30,71.00,4055,28942096.00,1.80,-0.96,-0.69,1.36
2015-12-28,71.72,71.64,74.58,71.00,8502,61794618.00,5.02,0.38,0.27,2.86
2015-12-29,71.00,72.90,73.50,68.65,9154,64494710.00,6.77,1.76,1.26,3.08
2015-12-30,72.00,74.16,74.83,71.81,8837,64844805.00,4.14,1.73,1.26,2.97
2015-12-31,74.12,75.58,76.01,72.50,11639,86989392.00,4.73,1.91,1.42,3.91
2016-01-04,74.00,68.05,74.90,68.04,4799,34367543.00,9.08,-9.96,-7.53,1.61
2016-01-05,63.00,62.60,67.12,61.25,10274,64856293.00,8.63,-8.01,-5.45,3.45
2016-01-06,62.80,64.36,64.70,62.79,6587,42079180.00,3.05,2.81,1.76,2.21
2016-01-07,63.80,58.09,63.80,57.95,1477,8896285.00,9.09,-9.74,-6.27,0.50
2016-01-08,59.01,58.70,62.00,52.28,20109,117146981.00,16.73,1.05,0.61,6.76
2016-01-11,56.20,52.86,56.58,52.83,12168,66488735.00,6.39,-9.95,-5.84,4.09
2016-01-12,53.00,52.45,53.60,47.58,14873,74457423.00,11.39,-0.78,-0.41,5.00
2016-01-13,51.32,52.24,52.35,48.30,11930,60741939.00,7.72,-0.40,-0.21,4.01
2016-01-14,49.57,53.79,55.00,49.00,10331,54714701.00,11.49,2.97,1.55,3.47
2016-01-15,53.00,52.44,53.56,50.00,7211,37541986.00,6.62,-2.51,-1.35,2.42
2016-07-11,57.68,57.68,57.68,57.68,40202,231887558.00,0.00,9.99,5.24,13.51
2016-07-12,57.36,63.44,63.45,56.50,76001,456410064.00,12.05,9.99,5.76,25.55
2016-07-13,61.69,64.77,68.84,61.20,60371,394758960.00,12.04,2.10,1.33,20.29
2016-07-14,37.10,38.40,39.50,35.84,84042,316823552.00,5.65,-40.71,-26.37,16.62
2016-07-15,37.80,36.43,38.39,36.34,54113,200252133.00,5.34,-5.13,-1.97,10.70
2016-07-18,36.00,34.24,36.00,33.80,68417,237202854.00,6.04,-6.01,-2.19,13.53
2016-07-19,34.40,34.20,34.86,33.91,53747,184256100.00,2.77,-0.12,-0.04,10.63
2016-07-20,34.05,34.60,35.25,33.35,65714,226338917.00,5.56,1.17,0.40,12.99
2016-07-21,34.11,33.08,34.40,32.91,66721,224268014.00,4.31,-4.39,-1.52,13.19
2016-07-22,33.15,31.88,33.30,31.80,43965,142277249.00,4.53,-3.63,-1.20,8.69
2016-07-25,31.91,32.66,32.70,31.84,42691,137884304.00,2.70,2.45,0.78,8.44
2016-07-26,32.70,32.61,32.90,32.47,33590,109706674.00,1.32,-0.15,-0.05,6.64
2016-07-27,32.62,31.80,34.06,31.00,68562,224927776.00,9.38,-2.48,-0.81,13.56
2016-07-28,31.80,32.95,32.96,31.30,50048,160934579.00,5.22,3.62,1.15,9.90
2016-07-29,32.78,33.98,34.90,32.50,81877,276249216.00,7.28,3.13,1.03,16.19
2016-08-01,33.61,32.62,33.71,31.75,44794,145437555.00,5.77,-4.00,-1.36,8.86
2016-08-02,32.12,32.49,32.86,31.88,32676,105920662.00,3.00,-0.40,-0.13,6.46
2016-08-03,32.17,33.06,33.48,32.05,38985,128363016.00,4.40,1.75,0.57,7.71
2016-08-04,33.52,32.40,33.80,32.14,41446,134605215.00,5.02,-2.00,-0.66,8.19
2016-08-05,32.50,31.35,32.57,31.31,47618,151016967.00,3.89,-3.24,-1.05,9.42
2016-08-08,31.18,30.53,31.18,29.89,49121,148638773.00,4.11,-2.62,-0.82,9.71
2016-08-09,30.45,30.82,31.09,30.18,53622,163502578.00,2.98,0.95,0.29,10.60
2016-08-10,30.71,30.58,31.07,30.55,35118,108124637.00,1.69,-0.78,-0.24,6.94
2016-08-11,30.40,29.85,30.48,29.73,35923,107832113.00,2.45,-2.39,-0.73,7.10
2016-08-12,29.80,30.17,30.21,29.68,22483,67420976.00,1.78,1.07,0.32,4.45
2016-08-15,30.13,30.75,31.09,29.71,43427,132643228.00,4.57,1.92,0.58,8.59
2016-08-16,30.84,31.27,31.35,30.61,40636,125965576.00,2.41,1.69,0.52,8.03
2016-08-17,31.17,31.33,31.54,30.92,30590,95385819.00,1.98,0.19,0.06,6.05
2016-08-18,31.11,31.22,31.37,30.90,31942,99208307.00,1.50,-0.35,-0.11,6.32
2016-08-19,31.38,31.17,31.88,31.05,34160,107402932.00,2.66,-0.16,-0.05,6.75
2016-08-22,31.18,30.30,31.29,30.23,31484,96252259.00,3.40,-2.79,-0.87,6.23
2016-08-23,30.05,30.14,30.40,29.90,23913,71952655.00,1.65,-0.53,-0.16,4.73
2016-08-24,30.20,30.62,30.80,30.20,29006,88681040.00,1.99,1.59,0.48,5.74
2016-08-25,30.60,32.10,32.80,29.09,56664,178181674.00,12.12,4.83,1.48,11.20
2016-08-26,32.12,32.95,33.44,31.65,89874,293929808.00,5.58,2.65,0.85,17.77
2016-08-29,32.55,32.44,33.30,32.22,45507,149092534.00,3.28,-1.55,-0.51,9.00
2016-08-30,32.26,32.28,32.88,32.12,31935,104056146.00,2.34,-0.49,-0.16,6.31
2016-08-31,32.00,32.20,32.28,31.65,21538,68826255.00,1.95,-0.25,-0.08,4.26
2016-09-01,32.30,32.79,33.90,32.21,60353,200699914.00,5.25,1.83,0.59,11.93
2016-09-02,32.58,32.07,32.58,31.73,30748,98477227.00,2.59,-2.20,-0.72,6.08
2016-09-05,31.85,31.76,32.37,31.73,19653,62816716.00,2.00,-0.97,-0.31,3.89
2016-09-06,31.58,31.88,31.88,30.58,24437,76535997.00,4.09,0.38,0.12,4.83
2016-09-07,31.98,32.05,32.34,31.60,29077,92826154.00,2.32,0.53,0.17,5.75
2016-09-08,31.89,32.02,32.05,31.67,17415,55526243.00,1.19,-0.09,-0.03,3.44
2016-09-09,32.00,31.26,32.17,31.20,28727,90569947.00,3.03,-2.37,-0.76,5.68
2016-09-12,30.60,30.81,31.00,30.06,18886,57888321.00,3.01,-1.44,-0.45,3.73
2016-09-13,30.90,31.38,31.53,30.90,17120,53411422.00,2.04,1.85,0.57,3.39
2016-09-14,31.25,31.48,31.76,31.00,17955,56510265.00,2.42,0.32,0.10,3.55
2016-09-19,31.40,32.08,32.39,31.28,22635,72303516.00,3.53,1.91,0.60,4.48
2016-09-20,31.83,31.97,32.22,31.60,15908,50692756.00,1.93,-0.34,-0.11,3.15
2016-09-21,32.00,33.35,33.75,32.00,77807,257227793.00,5.47,4.32,1.38,15.38
2016-09-22,33.40,34.90,36.29,33.00,131201,456278800.00,9.87,4.65,1.55,25.94
2016-09-23,34.53,35.38,35.81,34.23,91997,323459872.00,4.53,1.38,0.48,18.19
2016-09-26,34.90,34.15,36.24,33.87,72905,256890045.00,6.70,-3.48,-1.23,14.42
2016-09-27,33.88,36.81,37.57,32.85,76305,263396652.00,13.82,7.79,2.66,15.09
2016-09-28,36.00,36.51,37.30,35.85,86937,317898672.00,3.94,-0.81,-0.30,17.19
2016-09-29,36.40,36.95,37.37,35.27,149808,549599808.00,5.75,1.21,0.44,29.62
2016-09-30,36.49,36.00,36.70,35.41,61642,221429029.00,3.49,-2.57,-0.95,12.19
2016-10-10,36.03,37.19,37.48,35.61,117076,426205616.00,5.19,3.31,1.19,23.15
2016-10-11,36.93,36.60,36.93,36.12,64927,236773617.00,2.18,-1.59,-0.59,12.84
2016-10-12,36.45,36.04,36.47,35.32,47583,170918515.00,3.14,-1.53,-0.56,9.41
2016-10-13,36.09,35.80,36.25,35.36,33380,119385020.00,2.47,-0.67,-0.24,6.60
2016-10-14,35.90,35.23,35.90,35.00,31577,111273417.00,2.51,-1.59,-0.57,6.24
2016-10-17,35.38,35.33,35.95,35.00,34607,122767474.00,2.70,0.28,0.10,6.84
2016-10-18,35.50,35.79,35.96,35.20,32450,115499864.00,2.15,1.30,0.46,6.42
2016-10-19,35.74,35.27,35.99,35.15,36422,129983180.00,2.35,-1.45,-0.52,7.20
2016-10-20,35.08,35.56,36.00,35.05,34161,121226597.00,2.69,0.82,0.29,6.75
2016-10-21,35.65,33.91,35.65,33.80,51440,177229065.00,5.20,-4.64,-1.65,10.17
2016-10-24,33.55,33.90,34.38,33.36,24866,84120109.00,3.01,-0.03,-0.01,4.92
2016-10-25,33.65,34.16,34.57,33.65,26943,92255937.00,2.71,0.77,0.26,5.33
2016-10-26,34.35,33.37,34.40,33.32,21858,73431443.00,3.16,-2.31,-0.79,4.32
2016-10-27,33.55,33.60,33.78,33.32,13900,46586681.00,1.38,0.69,0.23,2.75
2016-10-28,33.66,33.24,33.68,32.97,18982,63168198.00,2.11,-1.07,-0.36,3.75
2016-10-31,33.40,33.46,33.51,32.90,15842,52627444.00,1.84,0.66,0.22,3.13
2016-11-01,33.46,36.15,36.81,33.40,56420,198027516.00,10.19,8.04,2.69,11.16
2016-11-02,35.20,35.22,35.77,34.71,41539,146565382.00,2.93,-2.57,-0.93,8.21
2016-11-03,34.95,35.78,36.90,34.52,55331,197691107.00,6.76,1.59,0.56,10.94
2016-11-04,35.78,35.17,35.95,35.09,28320,100514135.00,2.40,-1.70,-0.61,5.60
2016-11-07,35.17,35.48,35.77,34.51,27855,97755718.00,3.58,0.88,0.31,5.51
2016-11-08,35.65,35.10,35.65,35.03,22771,80246867.00,1.75,-1.07,-0.38,4.50
2016-11-09,35.11,33.99,35.48,33.52,29683,102139776.00,5.58,-3.16,-1.11,5.87
2016-11-10,34.60,35.34,35.98,34.12,53521,188897149.00,5.47,3.97,1.35,10.58
2016-11-11,35.35,34.86,35.58,34.70,32635,114388851.00,2.49,-1.36,-0.48,6.45
2016-11-14,34.87,35.41,35.78,34.71,43810,154850401.00,3.07,1.58,0.55,8.66
2016-11-15,35.41,36.60,36.98,35.27,90436,328610816.00,4.83,3.36,1.19,17.88
2016-11-16,36.65,36.20,36.68,35.88,45538,164963901.00,2.19,-1.09,-0.40,9.00
2016-11-17,36.01,35.11,36.01,35.02,40376,142708409.00,2.73,-3.01,-1.09,7.98
2016-11-18,34.99,35.23,35.75,34.98,30025,106487242.00,2.19,0.34,0.12,5.94
2016-11-21,35.00,36.50,36.59,34.90,44933,161279417.00,4.80,3.60,1.27,8.88
2016-11-22,36.48,36.86,37.38,36.08,58043,212750359.00,3.56,0.99,0.36,11.48
2016-11-23,36.90,37.41,38.00,36.10,75339,279783536.00,5.15,1.49,0.55,14.90
2016-11-24,37.41,37.85,38.29,36.96,90584,341900592.00,3.56,1.18,0.44,17.91
2016-11-25,37.76,37.53,37.76,36.40,49373,183086869.00,3.59,-0.85,-0.32,9.76
2016-11-28,37.73,39.24,39.56,36.70,116125,445243040.00,7.62,4.56,1.71,22.96
2016-11-29,38.80,40.41,40.60,38.45,123914,494449712.00,5.48,2.98,1.17,24.50
2016-11-30,40.01,39.95,40.41,39.21,61283,243122033.00,2.97,-1.14,-0.46,12.12
2016-12-01,39.90,40.86,41.40,39.60,72570,295129440.00,4.51,2.28,0.91,14.35
2016-12-02,40.42,38.85,40.80,38.68,56233,222858231.00,5.19,-4.92,-2.01,11.12
2016-12-05,38.50,38.66,39.66,37.39,34734,134643540.00,5.84,-0.49,-0.19,6.87
2016-12-06,38.30,36.99,38.68,36.70,44167,166302944.00,5.12,-4.32,-1.67,8.73
2016-12-07,36.90,37.77,37.96,36.60,29881,111275433.00,3.68,2.11,0.78,5.91
2016-12-08,37.49,37.44,37.94,37.20,16683,62723715.00,1.96,-0.87,-0.33,3.30
2016-12-09,37.46,38.29,38.68,36.88,28653,107823667.00,4.81,2.27,0.85,5.67
2016-12-12,38.37,37.14,38.80,37.01,44999,170807013.00,4.67,-3.00,-1.15,8.90
2016-12-13,36.70,38.70,39.15,35.12,60497,229374785.00,10.85,4.20,1.56,11.96
2016-12-14,38.64,40.38,41.81,38.30,84671,336844160.00,9.07,4.34,1.68,16.74
2016-12-15,39.94,40.10,41.20,39.01,53201,213484970.00,5.42,-0.69,-0.28,10.52
2016-12-16,40.08,37.96,40.50,37.96,65950,256989651.00,6.33,-5.34,-2.14,13.04
2016-12-19,37.99,38.46,38.65,36.50,36744,138282433.00,5.66,1.32,0.50,7.27
2016-12-20,38.40,38.85,39.05,37.80,42811,164728443.00,3.25,1.01,0.39,8.46
2016-12-21,39.10,38.83,39.93,38.05,59192,232446853.00,4.84,-0.05,-0.02,11.70
2016-12-22,38.67,37.20,39.78,37.13,37182,140879550.00,6.82,-4.20,-1.63,7.35
2016-12-23,37.77,38.77,39.20,37.23,45847,175557229.00,5.30,4.22,1.57,9.07
2016-12-26,38.38,38.28,38.76,37.37,29770,113208481.00,3.59,-1.26,-0.49,5.89
2016-12-27,38.30,39.49,39.55,37.61,45649,176745291.00,5.07,3.16,1.21,9.03
2016-12-28,40.85,39.60,40.85,38.31,46219,182249628.00,6.43,0.28,0.11,9.14
2016-12-29,39.20,38.82,39.45,38.70,24543,95614124.00,1.89,-1.97,-0.78,4.85
2016-12-30,38.70,38.62,39.04,38.39,23456,90645994.00,1.67,-0.52,-0.20,4.64
2017-01-03,38.23,38.66,39.00,37.89,23436,89896946.00,2.87,0.10,0.04,4.63
2017-01-04,38.66,39.06,39.17,38.20,23161,89966479.00,2.51,1.03,0.40,4.58
2017-01-05,39.21,40.25,40.49,38.86,51483,204978302.00,4.17,3.05,1.19,10.18
2017-01-06,40.20,41.03,41.29,39.73,57672,234776446.00,3.88,1.94,0.78,11.40
2017-01-09,40.67,41.01,41.50,40.00,38025,154696275.00,3.66,-0.05,-0.02,7.52
2017-01-10,41.01,41.15,41.95,40.23,39745,163800143.00,4.19,0.34,0.14,7.86
2017-01-11,40.94,41.75,42.25,40.55,47723,198645742.00,4.13,1.46,0.60,9.44
2017-01-12,41.95,42.20,42.66,41.20,59764,251514370.00,3.50,1.08,0.45,11.82
2017-01-13,42.16,40.99,42.48,40.20,52123,217627646.00,5.40,-2.87,-1.21,10.31
2017-01-16,41.40,40.78,41.97,36.95,72943,291944320.00,12.25,-0.51,-0.21,14.42
2017-01-17,40.00,40.20,40.49,38.78,43429,172335253.00,4.19,-1.42,-0.58,8.59
2017-01-18,40.40,40.99,41.15,39.58,54911,222205200.00,3.91,1.97,0.79,10.86
2017-01-19,40.90,41.15,41.58,40.41,34676,142187715.00,2.85,0.39,0.16,6.86
2017-01-20,41.10,44.00,44.00,41.00,88746,381395264.00,7.29,6.93,2.85,17.55
2017-01-23,43.50,45.80,45.80,43.20,100563,446446592.00,5.91,4.09,1.80,19.88
2017-01-24,45.90,45.24,46.50,44.42,71350,323394576.00,4.54,-1.22,-0.56,14.11
2017-01-25,45.40,44.48,45.68,44.19,50794,227355802.00,3.29,-1.68,-0.76,10.04
2017-01-26,45.77,45.87,46.69,43.80,82369,373793200.00,6.50,3.13,1.39,16.29
2017-02-03,45.70,45.96,46.45,45.18,39045,179250685.00,2.77,0.20,0.09,7.72
2017-02-06,46.20,48.30,48.34,45.89,67598,318019296.00,5.33,5.09,2.34,13.37
2017-02-07,48.05,50.25,50.43,48.05,67845,335238080.00,4.93,4.04,1.95,13.41
2017-02-08,50.10,49.85,50.79,49.02,53548,266702668.00,3.52,-0.80,-0.40,10.59
2017-02-09,49.58,49.80,50.00,48.80,43227,213796229.00,2.41,-0.10,-0.05,8.55
2017-02-10,49.79,50.08,50.18,48.98,37151,184473434.00,2.41,0.56,0.28,7.35
2017-02-13,50.08,53.23,54.20,49.95,73954,386179728.00,8.49,6.29,3.15,14.62
2017-02-14,53.23,52.60,54.13,51.87,63017,336349168.00,4.25,-1.18,-0.63,12.46
2017-02-15,52.76,52.07,53.10,52.00,51403,270019312.00,2.09,-1.01,-0.53,10.16
2017-02-16,52.76,51.66,52.76,50.57,29551,152323434.00,4.21,-0.79,-0.41,5.84
2017-02-17,51.66,51.83,52.45,51.22,25081,129887175.00,2.38,0.33,0.17,4.96
2017-02-20,52.00,51.00,52.26,48.22,47975,246004822.00,7.79,-1.60,-0.83,9.49
2017-02-21,51.80,52.01,53.36,50.12,58857,305171552.00,6.35,1.98,1.01,11.64
2017-02-22,52.10,52.02,52.33,50.81,42669,219865871.00,2.92,0.02,0.01,8.44
2017-02-23,52.59,54.21,54.80,51.50,44699,237468842.00,6.34,4.21,2.19,8.84
2017-02-24,54.22,55.95,56.50,53.80,37389,207733868.00,4.98,3.21,1.74,7.39
2017-02-27,55.18,54.80,56.58,54.69,29113,161340151.00,3.38,-2.06,-1.15,5.76
2017-02-28,55.04,54.99,55.20,49.32,135070,684631616.00,10.73,0.35,0.19,26.71
2017-03-01,51.00,52.40,54.50,49.49,77356,399844224.00,9.11,-4.71,-2.59,15.30
2017-03-02,53.00,55.53,55.96,51.75,82639,445997296.00,8.03,5.97,3.13,16.34
2017-03-03,55.85,55.58,55.85,53.78,64930,357505200.00,3.73,0.09,0.05,12.84
2017-03-06,55.60,55.75,56.08,54.60,51997,288290320.00,2.66,0.31,0.17,10.28
2017-03-07,55.75,57.78,57.78,55.07,58545,333250592.00,4.86,3.64,2.03,11.58
2017-03-08,57.49,57.69,57.98,56.82,25775,148084612.00,2.01,-0.16,-0.09,5.10
2017-03-09,57.75,56.76,57.75,56.10,31749,180659305.00,2.86,-1.61,-0.93,6.28
2017-03-10,56.99,57.25,57.48,56.10,44662,252462078.00,2.43,0.86,0.49,8.83
2017-03-13,57.10,56.01,57.10,55.68,31211,175367534.00,2.48,-2.17,-1.24,6.17
2017-03-14,56.10,55.37,56.28,54.60,35746,196955979.00,3.00,-1.14,-0.64,7.07
2017-03-15,55.30,54.56,55.30,54.56,28743,157360342.00,1.34,-1.46,-0.81,5.68
2017-03-16,54.80,56.95,57.84,54.21,68735,385678224.00,6.65,4.38,2.39,13.59
2017-03-17,57.01,56.99,57.50,55.79,61334,346438928.00,3.00,0.07,0.04,12.13
2017-03-20,56.99,57.88,57.88,56.00,49221,280163216.00,3.30,1.56,0.89,9.73
2017-03-21,57.95,59.09,60.28,56.90,76535,448512912.00,5.84,2.09,1.21,15.13
2017-03-22,59.30,59.00,59.55,57.00,109742,636054016.00,4.32,-0.15,-0.09,21.70
2017-03-23,59.20,58.35,59.28,57.50,78412,456031424.00,3.02,-1.10,-0.65,15.50
2017-03-24,58.78,58.88,58.99,57.20,82556,478578096.00,3.07,0.91,0.53,16.32
2017-03-27,58.76,57.77,59.61,55.50,125183,724308096.00,6.98,-1.89,-1.11,24.75
2017-03-28,56.01,55.70,57.70,52.01,181321,995032448.00,9.85,-3.58,-2.07,35.85
2017-03-29,55.00,52.00,55.10,50.17,135488,719449712.00,8.85,-6.64,-3.70,26.79
2017-03-30,46.80,46.80,49.08,46.80,289170,1363309184.00,4.38,-10.00,-5.20,57.18
2017-03-31,44.50,45.05,47.22,44.00,113607,526228784.00,6.88,-3.74,-1.75,22.46
2017-04-05,45.30,47.55,47.62,45.21,52938,248464947.00,5.35,5.55,2.50,10.47
2017-04-06,47.55,51.40,52.31,47.00,123792,626497728.00,11.17,8.10,3.85,24.48
2017-04-07,51.39,51.44,52.31,50.39,89068,460289744.00,3.74,0.08,0.04,17.61
2017-04-10,51.90,51.19,52.00,49.30,107929,552707440.00,5.25,-0.49,-0.25,21.34
2017-04-11,51.00,50.80,51.97,50.06,77703,395807152.00,3.73,-0.76,-0.39,15.36
2017-04-12,51.18,50.30,51.18,48.30,76560,376893696.00,5.67,-0.98,-0.50,15.14
2017-04-13,50.00,48.90,50.00,48.47,53515,262222576.00,3.04,-2.78,-1.40,10.58
2017-04-14,48.98,44.01,48.98,44.01,254763,1127149184.00,10.16,-10.00,-4.89,50.37
2017-04-17,44.00,39.61,44.01,39.61,85234,349426576.00,10.00,-10.00,-4.40,16.85
2017-04-18,35.65,35.65,35.65,35.65,11489,40958285.00,0.00,-10.00,-3.96,2.27
2017-04-19,32.09,32.09,34.50,32.09,293233,941948160.00,6.76,-9.99,-3.56,57.98
2017-04-20,31.70,31.73,32.34,30.74,132296,419667200.00,4.99,-1.12,-0.36,26.16
2017-04-21,31.68,30.38,31.68,30.03,107605,330575008.00,5.20,-4.25,-1.35,21.28
2017-04-24,30.38,27.34,30.38,27.34,174136,482712704.00,10.01,-10.01,-3.04,34.43
2017-04-25,27.15,27.61,27.78,26.38,103307,281054128.00,5.12,0.99,0.27,20.43
2017-04-26,27.37,28.00,28.77,27.15,111191,312734240.00,5.87,1.41,0.39,21.99
2017-04-27,28.15,28.58,29.15,26.71,104971,293968896.00,8.71,2.07,0.58,20.76
2017-04-28,28.32,28.65,29.25,28.20,68203,195942133.00,3.67,0.24,0.07,13.49
2017-05-02,28.68,28.15,28.95,28.08,57587,164030084.00,3.04,-1.75,-0.50,11.39
2017-05-03,28.35,28.39,28.62,27.52,73980,208823662.00,3.91,0.85,0.24,14.63
2017-05-04,28.30,29.41,29.99,27.80,109241,316599136.00,7.71,3.59,1.02,21.60
2017-05-05,29.20,29.71,30.35,28.80,111026,329423696.00,5.27,1.02,0.30,21.95
2017-05-08,29.25,28.37,29.52,28.28,64996,188601718.00,4.17,-4.51,-1.34,12.85
2017-05-09,28.09,28.58,28.87,26.70,66201,184336074.00,7.65,0.74,0.21,13.09
2017-05-10,28.45,28.10,29.29,28.06,64309,184588598.00,4.30,-1.68,-0.48,12.72
2017-05-11,27.45,27.82,28.33,27.00,52189,144277493.00,4.73,-1.00,-0.28,10.32
2017-05-12,27.84,27.34,28.15,27.30,42929,118875636.00,3.06,-1.73,-0.48,8.49
2017-05-15,27.34,26.30,27.61,26.30,53417,143429148.00,4.79,-3.80,-1.04,10.56
2017-05-16,25.88,26.77,26.85,24.88,77684,199291301.00,7.49,1.79,0.47,15.36
2017-05-17,26.50,27.08,27.58,26.35,75503,204212599.00,4.59,1.16,0.31,14.93
2017-05-18,26.75,26.65,27.45,26.60,47669,128756334.00,3.14,-1.59,-0.43,9.43
2017-05-19,26.73,26.10,27.00,25.89,40995,108047658.00,4.17,-2.06,-0.55,8.11
2017-05-22,26.32,24.80,26.32,24.56,46542,118237179.00,6.74,-4.98,-1.30,9.20
2017-05-23,24.26,23.00,25.24,22.85,69139,166505706.00,9.64,-7.26,-1.80,13.67
2017-05-24,22.92,23.59,23.70,22.49,48716,113099998.00,5.26,2.57,0.59,9.63
2017-05-25,23.66,23.56,23.87,22.80,40585,94993409.00,4.54,-0.13,-0.03,8.02
2017-05-26,23.65,23.67,23.98,23.49,33454,79216189.00,2.08,0.47,0.11,6.61
2017-05-31,24.30,23.53,24.38,23.50,34430,82615662.00,3.72,-0.59,-0.14,6.81
2017-06-01,23.49,21.56,23.49,21.55,45616,102936051.00,8.24,-8.37,-1.97,9.02
2017-06-02,21.43,23.02,23.46,21.22,51345,114786530.00,10.39,6.77,1.46,10.15
2017-06-05,23.10,23.06,23.39,22.88,34814,80390523.00,2.22,0.17,0.04,6.88
2017-06-06,23.21,23.14,23.56,22.81,33886,78383573.00,3.25,0.35,0.08,6.70
2017-06-07,23.14,24.28,24.58,23.05,60757,145550649.00,6.61,4.93,1.14,12.01
2017-06-08,24.45,23.90,24.45,23.71,46483,111582762.00,3.05,-1.57,-0.38,9.19
2017-06-09,23.60,24.50,24.86,23.50,61766,149405624.00,5.69,2.51,0.60,12.21
2017-06-12,24.19,23.78,24.36,23.70,36174,86518557.00,2.69,-2.94,-0.72,7.15
2017-06-13,23.60,24.19,24.50,23.54,37541,90541264.00,4.04,1.72,0.41,7.42
2017-06-14,24.11,24.72,25.33,24.05,66990,166439453.00,5.29,2.19,0.53,13.25
2017-06-15,24.70,25.69,26.19,24.70,92832,236964005.00,6.03,3.92,0.97,18.36
2017-06-16,25.65,25.22,26.48,24.90,74978,192211198.00,6.15,-1.83,-0.47,14.83
2017-06-19,25.22,25.41,25.65,24.88,40169,101314891.00,3.05,0.75,0.19,7.94
2017-06-20,25.43,24.80,25.66,24.76,54604,137469856.00,3.54,-2.40,-0.61,10.80
2017-06-21,24.94,25.00,25.20,24.21,48357,118847005.00,3.99,0.81,0.20,9.56
2017-06-22,25.12,24.46,25.58,24.42,64906,163125994.00,4.64,-2.16,-0.54,12.83
2017-06-23,24.42,24.10,24.44,23.40,45742,109615740.00,4.25,-1.47,-0.36,9.04
2017-06-26,24.19,24.41,24.60,23.66,34893,84592168.00,3.90,1.29,0.31,6.90
2017-06-27,24.31,24.52,24.66,24.26,29979,73450214.00,1.64,0.45,0.11,5.93
2017-06-28,24.55,23.88,24.64,23.81,29101,70011278.00,3.38,-2.61,-0.64,5.75
2017-06-29,23.90,23.90,24.35,23.88,20542,49330985.00,1.97,0.08,0.02,4.06
2017-06-30,23.77,23.75,23.98,23.58,24935,59204055.00,1.67,-0.63,-0.15,3.58
2017-07-03,23.81,23.88,23.98,23.55,18614,44260949.00,1.81,0.55,0.13,2.68
2017-07-04,24.00,24.82,24.83,23.78,54460,132507127.00,4.40,3.94,0.94,7.83
2017-07-05,24.59,24.72,24.82,24.43,37457,92268037.00,1.57,-0.40,-0.10,5.39
2017-07-06,24.86,24.35,24.86,24.12,39262,96154572.00,2.99,-1.50,-0.37,5.64
2017-07-07,24.34,24.48,24.75,24.04,32787,80221438.00,2.92,0.53,0.13,4.71
2017-07-10,24.40,23.81,24.45,23.63,34122,81745691.00,3.35,-2.74,-0.67,4.91
2017-07-11,23.64,23.38,23.96,23.35,27185,64266194.00,2.56,-1.81,-0.43,3.91
2017-07-12,23.36,22.93,23.54,22.28,35349,80528704.00,5.39,-1.92,-0.45,5.08
2017-07-13,22.91,22.65,23.00,22.55,21528,48964185.00,1.96,-1.22,-0.28,3.10
2017-07-14,22.68,22.74,22.98,22.31,22190,50420985.00,2.96,0.40,0.09,3.19
2017-07-17,22.70,20.47,22.70,20.47,52693,111035218.00,9.81,-9.98,-2.27,7.58
2017-07-18,20.00,20.36,20.65,19.88,27653,56136123.00,3.76,-0.54,-0.11,3.98
2017-07-19,20.30,20.57,20.70,20.18,23812,48748620.00,2.55,1.03,0.21,3.42
2017-07-20,20.50,21.73,22.50,20.50,71164,153890203.00,9.72,5.64,1.16,10.23
2017-07-21,21.35,21.09,21.67,21.00,31844,67739902.00,3.08,-2.95,-0.64,4.58
2017-07-24,20.83,21.11,21.17,20.50,23330,48705952.00,3.18,0.09,0.02,3.35
2017-07-25,21.06,21.20,21.55,20.97,20485,43500693.00,2.75,0.43,0.09,2.95
2017-07-26,21.19,20.78,21.26,20.68,18228,38048189.00,2.74,-1.98,-0.42,2.62
2017-07-27,20.62,21.46,21.50,20.62,30440,64405485.00,4.23,3.27,0.68,4.38
2017-07-28,21.47,21.14,21.47,21.11,20001,42523665.00,1.68,-1.49,-0.32,2.88
2017-07-31,21.05,21.09,21.39,21.01,18435,39076603.00,1.80,-0.24,-0.05,2.65
2017-08-01,21.18,21.00,21.29,20.92,20645,43425035.00,1.75,-0.43,-0.09,2.97
2017-08-02,21.00,20.58,21.11,20.54,23880,49481519.00,2.71,-2.00,-0.42,3.43
2017-08-03,20.58,20.77,21.07,20.45,21307,44332185.00,3.01,0.92,0.19,3.06
2017-08-04,20.65,20.65,20.99,20.64,16702,34724023.00,1.69,-0.58,-0.12,2.40
2017-08-07,20.62,20.80,20.89,20.60,12577,26119680.00,1.40,0.73,0.15,1.81
2017-08-08,20.90,20.80,20.90,20.55,17200,35662771.00,1.68,0.00,0.00,2.47
2017-08-09,20.82,21.33,21.77,20.81,44444,94897305.00,4.62,2.55,0.53,6.39
2017-08-10,21.15,20.72,21.42,20.60,31351,65655623.00,3.84,-2.86,-0.61,4.51
2017-08-11,20.60,20.13,20.60,20.11,22259,45083197.00,2.36,-2.85,-0.59,3.20
2017-08-14,20.18,20.54,20.67,20.18,16449,33650297.00,2.43,2.04,0.41,2.36
2017-08-15,20.68,20.60,20.75,20.44,17412,35793323.00,1.51,0.29,0.06,2.50
2017-08-16,20.48,21.03,21.15,20.44,27758,57848296.00,3.45,2.09,0.43,3.99
2017-08-17,20.80,21.40,22.40,20.80,49832,107692498.00,7.61,1.76,0.37,7.16
2017-08-18,21.17,21.50,21.70,21.02,30063,63925658.00,3.18,0.47,0.10,4.32
2017-08-21,21.32,21.67,21.79,21.32,26748,57763454.00,2.19,0.79,0.17,3.85
2017-08-22,21.59,21.35,21.69,21.24,21224,45494817.00,2.08,-1.48,-0.32,3.05
2017-08-23,21.36,21.80,22.20,21.22,47074,102346314.00,4.59,2.11,0.45,6.77
2017-08-24,21.82,21.52,21.88,21.45,25227,54514942.00,1.97,-1.28,-0.28,3.63
2017-08-25,21.54,21.88,21.96,21.54,33796,73794458.00,1.95,1.67,0.36,4.86
2017-08-28,21.83,22.26,22.38,21.83,36286,80464094.00,2.51,1.74,0.38,5.22
2017-08-29,22.26,22.17,22.44,22.02,34778,77179411.00,1.89,-0.40,-0.09,5.00
2017-08-30,22.00,21.83,22.22,21.80,28600,62898914.00,1.89,-1.53,-0.34,4.11
2017-08-31,21.91,22.72,23.53,21.91,60777,138496691.00,7.42,4.08,0.89,8.74
2017-09-01,22.68,22.72,22.85,22.31,33809,76331261.00,2.38,0.00,0.00,4.86
2017-09-04,22.63,23.06,23.20,22.46,37072,84719465.00,3.26,1.50,0.34,5.33
2017-09-05,23.20,22.90,23.65,22.84,43337,100616732.00,3.51,-0.69,-0.16,6.23
2017-09-06,22.70,22.80,22.86,22.53,26392,59883391.00,1.44,-0.44,-0.10,3.79
2017-09-07,22.85,22.82,23.10,22.61,34384,78631038.00,2.15,0.09,0.02,4.94
2017-09-08,22.72,22.76,23.11,22.51,28576,65095921.00,2.63,-0.26,-0.06,4.11
2017-09-11,22.88,22.94,22.98,22.67,25380,58009371.00,1.36,0.79,0.18,3.65
2017-09-12,22.98,22.38,23.03,22.33,29043,65687940.00,3.05,-2.44,-0.56,4.18
2017-09-13,22.26,22.58,22.64,22.26,18936,42491014.00,1.70,0.89,0.20,2.72
2017-09-14,22.72,22.27,22.77,22.23,19247,43230395.00,2.39,-1.37,-0.31,2.77
2017-09-15,22.24,22.20,22.41,22.08,19576,43600034.00,1.48,-0.31,-0.07,2.81
2017-09-18,22.16,22.47,22.57,22.10,16409,36735658.00,2.12,1.22,0.27,2.36
2017-09-19,22.50,22.43,22.72,22.30,21002,47311785.00,1.87,-0.18,-0.04,3.02
2017-09-20,22.38,22.89,23.20,22.20,39659,89973590.00,4.46,2.05,0.46,5.70
2017-09-21,22.72,22.45,22.81,22.45,28040,63420494.00,1.57,-1.92,-0.44,4.03
2017-09-22,22.35,22.20,22.37,22.03,15021,33358000.00,1.51,-1.11,-0.25,2.16
2017-09-25,22.14,22.28,22.58,22.10,21800,48730296.00,2.16,0.36,0.08,3.13
2017-09-26,22.05,21.69,22.25,21.61,23347,51307449.00,2.87,-2.65,-0.59,3.36
2017-09-27,21.68,21.67,21.88,21.50,12209,26527761.00,1.75,-0.09,-0.02,1.76
2017-09-28,21.66,21.10,21.66,21.09,24659,52711496.00,2.63,-2.63,-0.57,3.55
2017-09-29,21.03,21.47,22.00,21.03,27090,58456981.00,4.60,1.75,0.37,3.89
2017-10-09,21.51,21.66,21.85,21.43,18841,40721853.00,1.96,0.88,0.19,2.71
2017-10-10,21.64,22.04,22.15,21.56,22449,49104059.00,2.72,1.75,0.38,3.23
2017-10-11,22.00,22.04,22.20,21.84,19585,43150230.00,1.63,0.00,0.00,2.82
2017-10-12,22.04,21.85,22.06,21.58,14262,31146563.00,2.18,-0.86,-0.19,2.05
2017-10-13,21.91,22.05,22.11,21.76,16369,35976507.00,1.60,0.92,0.20,2.35
2017-10-16,22.06,21.25,22.11,21.25,21597,46635375.00,3.90,-3.63,-0.80,3.11
2017-10-17,21.39,21.42,21.53,21.17,12110,25881678.00,1.69,0.80,0.17,1.74
2017-10-18,21.49,20.99,21.49,20.96,14596,30924166.00,2.47,-2.01,-0.43,2.10
2017-10-19,20.87,20.58,21.07,20.40,15815,32695628.00,3.19,-1.95,-0.41,2.27
2017-10-20,20.59,20.83,20.99,20.56,13260,27489457.00,2.09,1.21,0.25,1.91
2017-10-23,20.83,21.05,21.17,20.68,12213,25645642.00,2.35,1.06,0.22,1.76
2017-10-24,21.00,20.81,21.10,20.60,9787,20389072.00,2.38,-1.14,-0.24,1.41
2017-10-25,20.82,20.96,21.15,20.69,12405,25991668.00,2.21,0.72,0.15,1.78
2017-10-26,21.00,21.19,21.27,20.87,15920,33591972.00,1.91,1.10,0.23,2.29
2017-10-27,21.15,20.88,21.36,20.80,12268,25770605.00,2.64,-1.46,-0.31,1.76
2017-10-30,20.88,20.16,20.90,20.02,17445,35388567.00,4.21,-3.45,-0.72,2.51
2017-10-31,20.17,20.24,20.29,20.06,11087,22362409.00,1.14,0.40,0.08,1.59
2017-11-01,20.30,20.12,20.35,20.05,12124,24471707.00,1.48,-0.59,-0.12,1.74
2017-11-02,20.05,19.59,20.12,19.47,23238,45730957.00,3.23,-2.63,-0.53,3.34
2017-11-03,19.50,19.28,19.78,19.03,16590,32089115.00,3.83,-1.58,-0.31,2.39
2017-11-06,19.30,19.50,19.52,19.07,12116,23459468.00,2.33,1.14,0.22,1.74
2017-11-07,19.43,19.50,19.61,19.31,10256,19948754.00,1.54,0.00,0.00,1.47
2017-11-08,19.50,19.57,19.66,19.35,14758,28882716.00,1.59,0.36,0.07,2.12
2017-11-09,19.46,19.55,19.60,19.37,11325,22087268.00,1.18,-0.10,-0.02,1.63
2017-11-10,19.54,19.63,19.70,19.41,13027,25457693.00,1.48,0.41,0.08,1.87
2017-11-13,19.63,19.49,19.74,19.42,13690,26741440.00,1.63,-0.71,-0.14,1.97
2017-11-14,19.49,20.06,20.77,19.35,56191,112953446.00,7.29,2.92,0.57,8.08
2017-11-15,19.79,19.58,19.90,19.50,24433,48143019.00,1.99,-2.39,-0.48,3.51
2017-11-16,19.42,19.20,19.67,19.20,14537,28270780.00,2.40,-1.94,-0.38,2.09
2017-11-17,19.02,17.92,19.20,17.75,29207,53502770.00,7.55,-6.67,-1.28,4.20
2017-11-20,17.90,17.63,17.90,17.00,15182,26495827.00,5.02,-1.62,-0.29,2.18
2017-11-21,17.96,17.70,18.34,17.65,13567,24294243.00,3.91,0.40,0.07,1.95
2017-11-22,17.70,17.39,17.84,17.20,12965,22685834.00,3.62,-1.75,-0.31,1.86
2017-11-23,17.49,17.02,17.54,17.02,12720,22010866.00,2.99,-2.13,-0.37,1.83
2017-11-24,17.00,17.14,17.25,16.80,11334,19374387.00,2.64,0.71,0.12,1.63
2017-11-27,17.15,17.05,17.32,17.02,6854,11764200.00,1.75,-0.53,-0.09,0.99
2017-11-28,17.05,17.23,17.23,17.03,8463,14496310.00,1.17,1.06,0.18,1.22
2017-11-29,17.27,17.11,17.27,16.88,11120,18920607.00,2.26,-0.70,-0.12,1.60
2017-11-30,17.15,16.96,17.19,16.90,7991,13602472.00,1.69,-0.88,-0.15,1.15
2017-12-01,16.98,17.17,17.23,16.94,9010,15430018.00,1.71,1.24,0.21,1.30
2017-12-04,17.19,16.89,17.26,16.89,9084,15491112.00,2.15,-1.63,-0.28,1.31
2017-12-05,16.69,15.88,16.89,15.75,19557,31747098.00,6.75,-5.98,-1.01,2.81
2017-12-06,15.98,16.09,16.09,15.80,9092,14515740.00,1.83,1.32,0.21,1.31
2017-12-07,16.11,16.08,16.29,16.05,7891,12737818.00,1.49,-0.06,-0.01,1.13
2017-12-08,16.05,16.27,16.39,16.00,10508,17077085.00,2.43,1.18,0.19,1.51
2017-12-11,16.34,16.82,17.27,16.17,32964,55305232.00,6.76,3.38,0.55,4.74
2017-12-12,16.73,16.21,16.87,16.20,20003,32865254.00,3.98,-3.63,-0.61,2.88
2017-12-13,16.12,16.32,16.53,16.12,9649,15783245.00,2.53,0.68,0.11,1.39
2017-12-14,16.24,16.29,16.48,16.16,8479,13799024.00,1.96,-0.18,-0.03,1.22
2017-12-15,16.33,16.35,16.49,16.18,8868,14462555.00,1.90,0.37,0.06,1.28
2017-12-18,16.29,16.20,16.45,16.10,8040,13089284.00,2.14,-0.92,-0.15,1.16
2017-12-19,16.20,16.61,17.19,16.20,32469,54310261.00,6.11,2.53,0.41,4.67
2017-12-20,16.50,16.22,16.61,16.13,16684,27226620.00,2.89,-2.35,-0.39,2.40
2017-12-21,16.25,15.95,16.30,15.81,11999,19196903.00,3.02,-1.66,-0.27,1.73
2017-12-22,16.02,16.11,16.30,15.94,10854,17521830.00,2.26,1.00,0.16,1.56
2017-12-25,16.11,15.75,16.11,15.60,11533,18187598.00,3.17,-2.23,-0.36,1.66
2017-12-26,15.74,15.87,15.99,15.69,16779,26556639.00,1.90,0.76,0.12,2.41
2017-12-27,15.88,16.15,16.43,15.79,25830,41861176.00,4.03,1.76,0.28,3.71
2017-12-28,16.08,16.23,16.35,15.93,16749,27097728.00,2.60,0.50,0.08,2.41
2017-12-29,16.17,16.35,16.35,16.15,11067,17995482.00,1.23,0.74,0.12,1.59
2018-01-02,16.35,16.38,16.50,16.26,10191,16675226.00,1.47,0.18,0.03,1.47
2018-01-03,16.42,16.67,16.74,16.23,21716,35815903.00,3.11,1.77,0.29,3.12
2018-01-04,16.60,16.57,16.65,16.42,14208,23472387.00,1.38,-0.60,-0.10,2.04
2018-01-05,16.73,16.47,16.75,16.41,12283,20341235.00,2.05,-0.60,-0.10,1.77
2018-01-08,16.38,16.25,16.47,16.18,14112,22994488.00,1.76,-1.34,-0.22,2.03
2018-01-09,16.25,16.41,17.10,16.23,23088,38488462.00,5.35,0.98,0.16,3.32
2018-01-10,16.32,15.97,16.44,15.88,17186,27729206.00,3.41,-2.68,-0.44,2.47
2018-01-11,15.90,16.19,16.37,15.82,15355,24758251.00,3.44,1.38,0.22,2.21
2018-01-12,16.29,16.63,17.00,16.15,32002,53278394.00,5.25,2.72,0.44,4.60
2018-01-15,16.40,16.04,16.60,15.91,21291,34554685.00,4.15,-3.55,-0.59,3.06
2018-01-16,16.08,16.25,16.37,15.96,12902,20806256.00,2.56,1.31,0.21,1.85
2018-01-17,16.20,16.57,16.66,15.80,27707,45103193.00,5.29,1.97,0.32,3.98
2018-01-18,16.46,16.77,16.95,16.38,25610,42767816.00,3.44,1.21,0.20,3.68
2018-01-19,16.72,17.02,17.20,16.60,36325,61362202.00,3.58,1.49,0.25,5.22
2018-01-22,16.85,16.85,17.05,16.50,29429,49492065.00,3.23,-1.00,-0.17,4.23
2018-01-23,16.88,16.95,17.22,16.77,23428,39847099.00,2.67,0.59,0.10,3.37
2018-01-24,17.02,16.81,17.03,16.67,20562,34607134.00,2.12,-0.83,-0.14,2.96
2018-01-25,16.81,16.60,16.86,16.60,17145,28661578.00,1.55,-1.25,-0.21,2.46
2018-01-26,16.69,17.48,17.95,16.65,62872,108479806.00,7.83,5.30,0.88,9.04
2018-01-29,17.28,17.54,17.82,17.24,40404,70894486.00,3.32,0.34,0.06,5.81
2018-01-30,17.54,17.39,17.75,17.19,24434,42538156.00,3.19,-0.86,-0.15,3.51
2018-01-31,17.26,18.49,19.13,17.20,106015,192912312.00,11.10,6.33,1.10,15.24
2018-02-01,18.65,17.78,18.65,17.39,67463,120944290.00,6.81,-3.84,-0.71,9.70
2018-02-02,17.00,16.00,17.20,16.00,59194,96862918.00,6.75,-10.01,-1.78,8.51
2018-02-05,15.31,14.95,15.70,14.68,42939,65298242.00,6.38,-6.56,-1.05,6.17
2018-02-06,14.31,13.46,14.58,13.46,38944,54256145.00,7.49,-9.97,-1.49,5.60
2018-02-07,13.81,13.82,13.99,13.15,25021,34230031.00,6.24,2.67,0.36,3.60
2018-02-08,13.82,14.23,14.68,13.61,29549,41805736.00,7.74,2.97,0.41,4.25
2018-02-09,13.78,13.92,14.08,13.40,34455,47532016.00,4.78,-2.18,-0.31,4.95
2018-02-12,14.08,14.21,14.45,14.02,16796,23953661.00,3.09,2.08,0.29,2.41
2018-02-13,14.38,14.02,14.43,13.95,17252,24484950.00,3.38,-1.34,-0.19,2.48
2018-02-14,14.42,14.04,14.42,13.91,8277,11666047.00,3.64,0.14,0.02,1.19
2018-02-22,14.14,14.24,14.39,14.00,12243,17452597.00,2.78,1.42,0.20,1.76
2018-02-23,14.21,14.28,14.35,14.06,11821,16818362.00,2.04,0.28,0.04,1.70
2018-02-26,14.32,14.62,14.72,14.30,16926,24534927.00,2.94,2.38,0.34,2.43
2018-02-27,14.62,14.56,14.77,14.46,15712,22953489.00,2.12,-0.41,-0.06,2.26
2018-02-28,14.58,14.83,15.25,14.33,22624,33498216.00,6.32,1.85,0.27,3.25
2018-03-01,14.51,14.85,14.90,14.50,14266,21050741.00,2.70,0.13,0.02,2.05
2018-03-02,14.78,14.68,15.10,14.58,14985,22248442.00,3.50,-1.14,-0.17,2.15
2018-03-05,14.58,14.88,14.98,14.56,12517,18443930.00,2.86,1.36,0.20,1.80
2018-03-06,14.88,15.01,15.15,14.84,13737,20595020.00,2.08,0.87,0.13,1.98
2018-03-07,15.10,14.80,15.17,14.77,11498,17089002.00,2.66,-1.40,-0.21,1.65
2018-03-08,14.72,14.91,14.96,14.71,10558,15704788.00,1.69,0.74,0.11,1.52
2018-03-09,14.91,15.31,15.44,14.85,23668,35979484.00,3.96,2.68,0.40,3.40
2018-03-12,15.31,15.46,15.66,15.31,15369,23779466.00,2.29,0.98,0.15,2.21
2018-03-13,15.32,16.17,16.79,15.32,52848,85512466.00,9.51,4.59,0.71,7.60
2018-03-14,15.83,15.69,16.09,15.65,26072,41348167.00,2.72,-2.97,-0.48,3.75
2018-03-15,15.69,15.41,16.00,15.15,19367,30130921.00,5.42,-1.78,-0.28,2.78
2018-03-16,15.40,15.40,15.66,15.36,13754,21321360.00,1.95,-0.06,-0.01,1.98
2018-03-19,15.40,15.63,15.75,15.35,12392,19301339.00,2.60,1.49,0.23,1.78
2018-03-20,15.52,15.35,15.55,15.09,13814,21108843.00,2.94,-1.79,-0.28,1.99
2018-03-21,15.38,15.15,15.63,15.12,14111,21773160.00,3.32,-1.30,-0.20,2.03
2018-03-22,15.15,15.43,15.57,15.04,14243,21834307.00,3.50,1.85,0.28,2.05
2018-03-23,14.99,13.89,15.09,13.89,26289,37837568.00,7.78,-9.98,-1.54,3.78
2018-03-26,13.61,14.11,14.17,13.21,16912,23226879.00,6.91,1.58,0.22,2.43
2018-03-27,14.16,14.40,14.57,14.16,14109,20352807.00,2.91,2.06,0.29,2.03
2018-03-28,14.35,14.56,14.70,14.10,11812,17064130.00,4.17,1.11,0.16,1.70
2018-03-29,14.56,14.86,14.95,14.45,13258,19548798.00,3.43,2.06,0.30,1.91
2018-03-30,14.99,15.49,16.35,14.92,33532,52264216.00,9.62,4.24,0.63,4.82
2018-04-02,16.19,15.32,16.20,15.31,27592,43147887.00,5.75,-1.10,-0.17,3.97
2018-04-03,15.15,15.46,15.70,14.79,28972,43964918.00,5.94,0.91,0.14,4.17
2018-04-04,15.40,15.17,15.64,15.16,17795,27350316.00,3.10,-1.88,-0.29,2.56
2018-04-09,14.99,15.12,15.28,14.82,12435,18755962.00,3.03,-0.33,-0.05,1.79
2018-04-10,15.10,15.49,15.58,15.10,19794,30576813.00,3.17,2.45,0.37,2.85
2018-04-11,15.56,15.83,15.96,15.45,21680,34164866.00,3.29,2.19,0.34,3.12
2018-04-12,15.88,15.60,15.96,15.56,17244,27039975.00,2.53,-1.45,-0.23,2.48
2018-04-13,15.68,15.65,15.77,15.51,12985,20313822.00,1.67,0.32,0.05,1.87
2018-04-16,15.58,15.50,15.73,15.40,11134,17301019.00,2.11,-0.96,-0.15,1.60
2018-04-17,15.48,14.76,15.70,14.75,18076,27520831.00,6.13,-4.77,-0.74,2.60
2018-04-18,14.82,15.24,15.25,14.70,14187,21254741.00,3.73,3.25,0.48,2.04
2018-04-19,15.20,15.09,15.36,15.06,9111,13845728.00,1.97,-0.98,-0.15,1.31
2018-04-20,15.15,14.53,15.15,14.40,11912,17535919.00,4.97,-3.71,-0.56,1.71
2018-04-23,14.52,14.60,14.88,14.38,9545,13955115.00,3.44,0.48,0.07,1.37
2018-04-24,14.60,15.09,15.09,14.60,10819,16155990.00,3.36,3.36,0.49,1.56
2018-04-25,15.01,15.09,15.25,14.99,10905,16496251.00,1.72,0.00,0.00,1.57
2018-04-26,15.17,14.66,15.17,14.65,9925,14734883.00,3.45,-2.85,-0.43,1.43
2018-04-27,14.70,14.96,15.06,14.61,11121,16536009.00,3.07,2.05,0.30,1.60
2018-05-02,15.07,15.01,15.10,14.82,8186,12209693.00,1.87,0.33,0.05,1.18
2018-05-03,14.90,14.98,14.99,14.58,14887,22015262.00,2.73,-0.20,-0.03,2.14
2018-05-04,14.93,15.63,15.76,14.84,29595,45500401.00,6.14,4.34,0.65,4.26
2018-05-07,15.56,15.70,15.98,15.56,27901,43829858.00,2.69,0.45,0.07,4.01
2018-05-08,15.66,16.67,17.15,15.57,65401,107739702.00,10.06,6.18,0.97,9.40
2018-05-09,16.57,16.28,16.57,16.20,40579,66259653.00,2.22,-2.34,-0.39,5.83
2018-05-10,16.31,17.06,17.25,16.16,61522,103453613.00,6.70,4.79,0.78,8.85
2018-05-11,17.00,16.70,17.35,16.60,41577,70218528.00,4.40,-2.11,-0.36,5.98
2018-05-14,16.55,16.05,16.55,15.82,34103,55196985.00,4.37,-3.89,-0.65,4.90
2018-05-15,16.18,16.38,16.46,16.10,23753,38742232.00,2.24,2.06,0.33,3.42
2018-05-16,16.25,16.93,16.98,16.19,37930,63504483.00,4.82,3.36,0.55,5.45
2018-05-17,16.85,16.93,17.53,16.67,52541,90221409.00,5.08,0.00,0.00,7.55
2018-05-18,16.82,16.84,16.84,16.48,37840,62997101.00,2.13,-0.53,-0.09,5.44
2018-05-21,16.91,16.97,17.06,16.69,31160,52722506.00,2.20,0.77,0.13,4.48
2018-05-22,18.00,17.40,18.67,17.33,84733,151342410.00,7.90,2.53,0.43,12.18
2018-05-23,17.36,18.20,19.13,17.31,112834,205247465.00,10.46,4.60,0.80,16.22
2018-05-24,17.50,17.56,17.88,17.19,65051,114180592.00,3.79,-3.52,-0.64,9.35
2018-05-25,17.22,17.41,17.45,17.10,33107,57195739.00,1.99,-0.85,-0.15,4.76
2018-05-28,17.31,17.22,17.41,16.75,30715,52486112.00,3.79,-1.09,-0.19,4.42
2018-05-29,17.08,16.98,17.34,16.85,26087,44632467.00,2.85,-1.39,-0.24,3.75
2018-05-30,16.59,15.64,16.59,15.60,41304,66493330.00,5.83,-7.89,-1.34,5.94
2018-05-31,15.82,16.52,16.78,15.75,45964,75282436.00,6.59,5.63,0.88,6.61
2018-06-01,16.46,17.09,17.49,16.20,43638,73512840.00,7.81,3.45,0.57,6.27
2018-06-04,16.53,16.67,16.85,16.47,43457,72416660.00,2.22,-2.46,-0.42,6.25
2018-06-05,16.91,17.57,17.80,16.74,87211,151643259.00,6.36,5.40,0.90,12.54
2018-06-06,17.48,17.72,17.77,17.26,61417,107210198.00,2.90,0.85,0.15,8.83
2018-06-07,17.54,16.90,17.65,16.90,49724,85719834.00,4.23,-4.63,-0.82,7.15
2018-06-08,16.44,16.17,16.45,15.90,46760,75405688.00,3.25,-4.32,-0.73,6.24
2018-06-11,16.01,15.95,16.11,15.68,24696,39326126.00,2.66,-1.36,-0.22,2.19
2018-06-12,15.88,16.23,16.30,15.50,27635,44236800.00,5.02,1.76,0.28,2.46
2018-06-13,15.66,14.93,15.66,14.85,45859,69866743.00,4.99,-8.01,-1.30,4.25
2018-06-14,14.68,14.82,14.95,14.50,18823,27796336.00,3.01,-0.74,-0.11,1.75
2018-06-15,14.76,14.00,14.85,13.67,24924,35426764.00,7.96,-5.53,-0.82,2.31
2018-06-19,13.78,13.36,14.52,12.91,27985,38601561.00,11.50,-4.57,-0.64,2.60
2018-06-20,7.45,7.48,7.62,7.21,32640,24158676.00,3.07,-44.01,-5.88,1.73
2018-06-21,7.50,7.01,7.54,7.01,38414,27834844.00,7.09,-6.28,-0.47,2.04
2018-06-22,6.96,7.13,7.20,6.87,26191,18465435.00,4.71,1.71,0.12,1.39
2018-06-25,7.20,6.94,7.23,6.90,19576,13845180.00,4.63,-2.66,-0.19,1.04
2018-06-26,6.80,7.02,7.05,6.66,23507,16201491.00,5.62,1.15,0.08,1.25
2018-06-27,7.03,7.13,7.42,6.98,37032,26601266.00,6.27,1.57,0.11,1.96
2018-06-28,7.07,6.86,7.18,6.84,24196,16998442.00,4.77,-3.79,-0.27,1.28
2018-06-29,6.87,7.14,7.16,6.87,23548,16567102.00,4.23,4.08,0.28,1.25
2018-07-02,7.14,6.91,7.17,6.89,23461,16460339.00,3.92,-3.22,-0.23,1.23
2018-07-03,6.90,7.34,7.38,6.90,56111,40583572.00,6.95,6.22,0.43,2.95
2018-07-04,7.15,7.16,7.26,7.11,29966,21502607.00,2.04,-2.45,-0.18,1.58
2018-07-05,7.05,6.46,7.10,6.44,122280,81094199.00,9.22,-9.78,-0.70,6.43
2018-07-06,6.36,6.29,6.51,6.20,91062,57734176.00,4.80,-2.63,-0.17,4.79
2018-07-09,6.31,6.46,6.53,6.25,56920,36461455.00,4.45,2.70,0.17,2.99
2018-07-10,6.46,6.52,6.54,6.35,45661,29453196.00,2.94,0.93,0.06,2.40
2018-07-11,6.34,6.30,6.39,6.16,49019,30767974.00,3.53,-3.37,-0.22,2.58
2018-07-12,6.30,6.57,6.66,6.16,63079,40869362.00,7.94,4.29,0.27,3.32
2018-07-13,6.65,6.48,6.66,6.47,46826,30574351.00,2.89,-1.37,-0.09,2.46
2018-07-16,6.48,6.48,6.59,6.35,33361,21629094.00,3.70,0.00,0.00,1.76
2018-07-17,6.53,6.57,6.63,6.48,40975,26861544.00,2.31,1.39,0.09,2.16
2018-07-18,6.58,6.55,6.66,6.48,37911,24928384.00,2.74,-0.30,-0.02,1.99
2018-07-19,6.55,6.43,6.55,6.35,33475,21555384.00,3.05,-1.83,-0.12,1.76
2018-07-20,6.43,6.53,6.56,6.35,28121,18238225.00,3.27,1.56,0.10,1.48
2018-07-23,6.56,6.67,6.95,6.56,50919,34257852.00,5.97,2.14,0.14,2.68
2018-07-24,6.64,6.88,6.92,6.56,63608,42907581.00,5.40,3.15,0.21,3.35
2018-07-25,6.85,6.79,6.91,6.74,50488,34271184.00,2.47,-1.31,-0.09,2.66
2018-07-26,6.80,6.91,6.94,6.68,54778,37432454.00,3.83,1.77,0.12,2.88
2018-07-27,6.93,6.87,6.94,6.82,38973,26780527.00,1.74,-0.58,-0.04,2.05
2018-07-30,6.84,6.90,7.15,6.72,49168,33812118.00,6.26,0.44,0.03,2.59
2018-07-31,6.80,7.00,7.02,6.80,34260,23547187.00,3.19,1.45,0.10,1.80
2018-08-01,6.95,6.89,7.06,6.86,37582,26133665.00,2.86,-1.57,-0.11,1.98
2018-08-02,6.92,6.50,6.92,6.33,47767,31333358.00,8.56,-5.66,-0.39,2.51
2018-08-03,6.49,6.49,6.61,6.43,27515,17938146.00,2.77,-0.15,-0.01,1.45
2018-08-06,6.45,6.70,7.03,6.38,68645,46299621.00,10.02,3.24,0.21,3.61
2018-08-07,6.68,7.06,7.18,6.55,88082,60714899.00,9.40,5.37,0.36,4.63
2018-08-08,6.99,6.88,7.06,6.77,61544,42498746.00,4.11,-2.55,-0.18,3.24
2018-08-09,6.90,7.25,7.28,6.87,101147,71943482.00,5.96,5.38,0.37,5.32
2018-08-10,7.15,7.35,7.47,7.12,111176,80894247.00,4.83,1.38,0.10,5.85
2018-08-13,7.19,7.46,7.66,7.17,112986,84253624.00,6.67,1.50,0.11,5.94
2018-08-14,7.68,7.51,8.11,7.48,165758,128570252.00,8.45,0.67,0.05,8.72
2018-08-15,7.65,7.19,7.68,7.14,98480,72825677.00,7.19,-4.26,-0.32,5.18
2018-08-16,7.21,7.31,7.57,7.09,108595,80234645.00,6.68,1.67,0.12,5.71
2018-08-17,7.43,7.12,7.54,7.06,87759,63681241.00,6.57,-2.60,-0.19,4.62
2018-08-20,7.03,6.83,7.10,6.58,73918,50308345.00,7.30,-4.07,-0.29,3.89
2018-08-21,6.84,6.87,6.89,6.67,44560,30270797.00,3.22,0.59,0.04,2.34
2018-08-22,6.80,6.64,6.81,6.60,38572,25754231.00,3.06,-3.35,-0.23,2.03
2018-08-23,6.64,6.63,6.73,6.58,27582,18352898.00,2.26,-0.15,-0.01,1.45
2018-08-24,6.60,6.57,6.63,6.54,24501,16130815.00,1.36,-0.90,-0.06,1.29
2018-08-27,6.60,6.69,6.71,6.57,28547,19032257.00,2.13,1.83,0.12,1.50
2018-08-28,6.82,6.72,6.88,6.70,34546,23388377.00,2.69,0.45,0.03,1.82
2018-08-29,6.70,6.62,6.70,6.55,28610,18891036.00,2.23,-1.49,-0.10,1.51
2018-08-30,6.64,6.41,6.64,6.33,31227,20210123.00,4.68,-3.17,-0.21,1.64
2018-08-31,6.40,6.26,6.40,6.21,29420,18493838.00,2.96,-2.34,-0.15,1.55
2018-09-03,6.22,6.26,6.31,6.13,22458,13952583.00,2.88,0.00,0.00,1.18
2018-09-04,6.25,6.37,6.42,6.21,30807,19495232.00,3.35,1.76,0.11,1.62
2018-09-05,6.33,6.21,6.44,6.20,28271,17891444.00,3.77,-2.51,-0.16,1.49
2018-09-06,6.18,6.19,6.31,6.17,20215,12569589.00,2.25,-0.32,-0.02,1.06
2018-09-07,6.14,6.18,6.26,6.13,25607,15841973.00,2.10,-0.16,-0.01,1.35
2018-09-10,6.15,5.99,6.21,5.94,25932,15808390.00,4.37,-3.07,-0.19,1.36
2018-09-11,6.11,6.10,6.19,6.07,29363,17955007.00,2.00,1.84,0.11,1.54
2018-09-12,6.04,6.12,6.18,6.04,25306,15481491.00,2.30,0.33,0.02,1.33
2018-09-13,6.18,6.18,6.19,6.12,20313,12503771.00,1.14,0.98,0.06,1.07
2018-09-14,6.17,6.17,6.19,6.12,18510,11390246.00,1.13,-0.16,-0.01,0.97
2018-09-17,6.10,5.97,6.16,5.94,20245,12161145.00,3.57,-3.24,-0.20,1.07
2018-09-18,5.95,6.02,6.05,5.87,48618,28910394.00,3.02,0.84,0.05,2.56
2018-09-19,6.01,6.12,6.15,5.94,41467,25135619.00,3.49,1.66,0.10,2.18
2018-09-20,6.08,6.07,6.13,6.04,24154,14680712.00,1.47,-0.82,-0.05,1.27
2018-09-21,6.11,6.18,6.28,6.09,40926,25269135.00,3.13,1.81,0.11,2.15
2018-09-25,6.12,6.12,6.17,6.07,20910,12798606.00,1.62,-0.97,-0.06,1.10
2018-09-26,6.12,6.10,6.19,6.09,22200,13645489.00,1.63,-0.33,-0.02,1.17
2018-09-27,6.10,5.93,6.14,5.93,26582,16009422.00,3.44,-2.79,-0.17,1.40
2018-09-28,5.94,6.02,6.02,5.92,16946,10146368.00,1.69,1.52,0.09,0.89
2018-10-08,5.90,5.76,5.94,5.74,22737,13297586.00,3.32,-4.32,-0.26,1.20
2018-10-09,5.76,5.79,5.89,5.76,23270,13511184.00,2.26,0.52,0.03,1.22
2018-10-10,5.84,5.81,5.86,5.74,16335,9497013.00,2.07,0.35,0.02,0.86
2018-10-11,5.59,5.23,5.65,5.23,44557,23962554.00,7.23,-9.98,-0.58,2.34
2018-10-12,5.19,5.03,5.19,4.84,40657,20311509.00,6.69,-3.82,-0.20,2.14
2018-10-15,5.03,4.97,5.18,4.95,22755,11512091.00,4.57,-1.19,-0.06,1.20
2018-10-16,4.97,4.88,5.07,4.85,21944,10866317.00,4.43,-1.81,-0.09,1.15
2018-10-17,4.98,4.97,5.00,4.87,19504,9653986.00,2.66,1.84,0.09,1.03
2018-10-18,4.93,4.87,5.08,4.80,25317,12472596.00,5.63,-2.01,-0.10,1.33
2018-10-19,4.73,4.94,4.96,4.44,23096,11194705.00,10.68,1.44,0.07,1.22
2018-10-22,4.95,5.18,5.28,4.95,45219,23213164.00,6.68,4.86,0.24,2.38
2018-10-23,5.17,5.10,5.20,5.05,27425,14051829.00,2.90,-1.54,-0.08,1.44
2018-10-24,5.12,5.07,5.20,5.06,19879,10184716.00,2.75,-0.59,-0.03,1.05
2018-10-25,4.87,5.17,5.18,4.80,32638,16388840.00,7.50,1.97,0.10,1.72
2018-10-26,5.22,5.69,5.69,5.09,65016,35468360.00,11.61,10.06,0.52,3.42
2018-10-29,5.69,5.39,5.89,5.39,94961,53684684.00,8.79,-5.27,-0.30,5.00
2018-10-30,5.28,5.52,5.85,5.10,88119,47666368.00,13.91,2.41,0.13,4.64
2018-10-31,5.44,5.45,5.57,5.38,52751,28900234.00,3.44,-1.27,-0.07,2.78
2018-11-01,5.42,5.47,5.69,5.41,54046,29776106.00,5.14,0.37,0.02,2.84
2018-11-02,5.52,5.53,5.57,5.46,44673,24634751.00,2.01,1.10,0.06,2.35
2018-11-05,5.53,5.82,5.83,5.47,87662,49733878.00,6.51,5.24,0.29,4.61
2018-11-06,5.75,5.81,5.84,5.60,58042,33114446.00,4.12,-0.17,-0.01,3.05
2018-11-07,5.75,5.67,5.81,5.62,41095,23485499.00,3.27,-2.41,-0.14,2.16
2018-11-08,5.68,5.66,5.83,5.62,37466,21386269.00,3.70,-0.18,-0.01,1.97
2018-11-09,5.60,5.56,5.65,5.55,27238,15207412.00,1.77,-1.77,-0.10,1.43
2018-11-12,5.58,5.77,5.80,5.57,50822,29123285.00,4.14,3.78,0.21,2.67
2018-11-13,5.66,5.90,6.08,5.66,67361,39468820.00,7.28,2.25,0.13,3.54
2018-11-14,5.88,5.96,6.18,5.88,100619,60933540.00,5.08,1.02,0.06,5.29
2018-11-15,5.98,6.14,6.16,5.96,69810,42511269.00,3.36,3.02,0.18,3.67
2018-11-16,6.10,6.35,6.38,6.05,79511,49872959.00,5.37,3.42,0.21,4.18
2018-11-19,6.30,6.24,6.32,6.10,53978,33353896.00,3.46,-1.73,-0.11,2.84
2018-11-20,6.15,6.00,6.20,5.96,41246,25090089.00,3.85,-3.85,-0.24,2.17
2018-11-21,5.91,6.03,6.04,5.90,25956,15489780.00,2.33,0.50,0.03,1.37
2018-11-22,6.07,6.01,6.10,5.96,20282,12217589.00,2.32,-0.33,-0.02,1.07
2018-11-23,5.92,5.56,6.02,5.55,41621,23904341.00,7.82,-7.49,-0.45,2.19
2018-11-26,5.62,5.63,5.78,5.59,33139,18823215.00,3.42,1.26,0.07,1.74
2018-11-27,5.70,5.67,5.79,5.64,21078,12000187.00,2.66,0.71,0.04,1.11
2018-11-28,5.67,5.75,5.86,5.58,36812,21098223.00,4.94,1.41,0.08,1.94
2018-11-29,5.79,5.45,5.82,5.43,41417,23272764.00,6.78,-5.22,-0.30,2.18
2018-11-30,5.46,5.74,5.89,5.37,56466,31816798.00,9.54,5.32,0.29,2.97
2018-12-03,5.82,5.93,6.00,5.76,55330,32583256.00,4.18,3.31,0.19,2.91
2018-12-04,5.87,5.93,5.96,5.86,32394,19154570.00,1.69,0.00,0.00,1.70
2018-12-05,5.78,5.84,5.92,5.76,31827,18586117.00,2.70,-1.52,-0.09,1.67
2018-12-06,5.84,5.69,5.87,5.66,23963,13794875.00,3.60,-2.57,-0.15,1.26
2018-12-07,5.63,5.94,6.00,5.61,52636,30874250.00,6.85,4.39,0.25,2.77
2018-12-10,5.86,5.70,5.90,5.66,36880,21218891.00,4.04,-4.04,-0.24,1.94
2018-12-11,5.74,5.85,5.95,5.71,32861,19206743.00,4.21,2.63,0.15,1.73
2018-12-12,5.81,5.84,5.91,5.76,35812,20968638.00,2.56,-0.17,-0.01,1.88
2018-12-13,5.87,6.04,6.10,5.76,71982,42835532.00,5.82,3.42,0.20,3.79
2018-12-14,6.00,5.82,6.00,5.77,51792,30505350.00,3.81,-3.64,-0.22,2.72
2018-12-17,5.73,5.79,5.84,5.55,26959,15420945.00,4.98,-0.52,-0.03,1.42
2018-12-18,5.72,5.67,5.78,5.60,17594,9993018.00,3.11,-2.07,-0.12,0.93
2018-12-19,5.71,5.60,5.71,5.55,14288,8001273.00,2.82,-1.23,-0.07,0.75
2018-12-20,5.58,5.58,5.65,5.52,20229,11309962.00,2.32,-0.36,-0.02,1.06
2018-12-21,5.63,5.60,5.69,5.50,27970,15677642.00,3.41,0.36,0.02,1.47
2018-12-24,5.53,5.59,5.63,5.51,20087,11191531.00,2.14,-0.18,-0.01,1.06
2018-12-25,5.52,5.36,5.52,5.23,36469,19504918.00,5.19,-4.11,-0.23,1.92
2018-12-26,5.39,5.35,5.43,5.32,19568,10492956.00,2.05,-0.19,-0.01,1.03
2018-12-27,5.41,5.21,5.48,5.21,19382,10346591.00,5.05,-2.62,-0.14,1.02
2018-12-28,5.21,5.18,5.27,5.15,15532,8080300.00,2.30,-0.58,-0.03,0.82
2019-01-02,5.22,5.22,5.27,5.18,15389,8030599.00,1.74,0.77,0.04,0.81
2019-01-03,5.18,5.22,5.28,5.18,13832,7227471.00,1.92,0.00,0.00,0.73
2019-01-04,5.11,5.32,5.34,5.11,19243,10152562.00,4.41,1.92,0.10,1.01
2019-01-07,5.39,5.50,5.53,5.35,32113,17551395.00,3.38,3.38,0.18,1.69
2019-01-08,5.50,5.51,5.63,5.45,38086,21077160.00,3.27,0.18,0.01,2.00
2019-01-09,5.56,5.65,5.94,5.51,51866,29482316.00,7.80,2.54,0.14,2.73
2019-01-10,5.56,5.46,5.60,5.44,48851,26876164.00,2.83,-3.36,-0.19,2.57
2019-01-11,5.45,5.48,5.50,5.39,29084,15813545.00,2.01,0.37,0.02,1.53
2019-01-14,5.48,5.46,5.50,5.42,19049,10409319.00,1.46,-0.36,-0.02,1.00
2019-01-15,5.48,5.53,5.56,5.43,28287,15531551.00,2.38,1.28,0.07,1.49
2019-01-16,5.50,5.48,5.53,5.42,27054,14810772.00,1.99,-0.90,-0.05,1.42
2019-01-17,5.48,5.35,5.50,5.33,25655,13845932.00,3.10,-2.37,-0.13,1.35
2019-01-18,5.35,5.39,5.46,5.31,32698,17599853.00,2.80,0.75,0.04,1.72
2019-01-21,5.39,5.42,5.44,5.35,19028,10284185.00,1.67,0.56,0.03,1.00
2019-01-22,5.43,5.39,5.43,5.27,19565,10512713.00,2.95,-0.55,-0.03,1.03
2019-01-23,5.39,5.39,5.43,5.35,16400,8827208.00,1.48,0.00,0.00,0.86
2019-01-24,5.39,5.44,5.47,5.36,20773,11247441.00,2.04,0.93,0.05,1.09
2019-01-25,5.42,5.35,5.44,5.33,18579,10015811.00,2.02,-1.65,-0.09,0.98
2019-01-28,5.37,5.23,5.44,5.20,20014,10642377.00,4.49,-2.24,-0.12,1.05
2019-01-29,5.23,5.10,5.27,4.96,28314,14458531.00,5.93,-2.49,-0.13,1.49
2019-01-30,5.08,5.01,5.12,5.00,13686,6926729.00,2.35,-1.76,-0.09,0.72
2019-01-31,4.99,4.80,5.08,4.74,30804,15145432.00,6.79,-4.19,-0.21,1.62
2019-02-01,4.82,5.00,5.01,4.82,16391,8097933.00,3.96,4.17,0.20,0.86
2019-02-11,5.00,5.16,5.18,4.97,15854,8122026.00,4.20,3.20,0.16,0.83
2019-02-12,5.18,5.68,5.68,5.16,136440,76565730.00,10.08,10.08,0.52,7.18
2019-02-13,5.60,5.61,5.68,5.54,128330,71894594.00,2.46,-1.23,-0.07,6.75
2019-02-14,5.56,5.67,5.86,5.52,111667,63340776.00,6.06,1.07,0.06,5.88
2019-02-15,5.58,5.66,5.75,5.58,71691,40695545.00,3.00,-0.18,-0.01,3.77
2019-02-18,5.68,5.95,6.02,5.68,112648,66031872.00,6.01,5.12,0.29,5.93
2019-02-19,5.96,6.09,6.25,5.82,125679,75217330.00,7.23,2.35,0.14,6.61
2019-02-20,6.06,6.50,6.70,5.97,250200,160040352.00,11.99,6.73,0.41,13.16
2019-02-21,6.32,6.42,6.64,6.32,190074,122743139.00,4.92,-1.23,-0.08,10.00
2019-02-22,6.33,6.89,6.94,6.28,197791,131748842.00,10.28,7.32,0.47,10.41
2019-02-25,7.05,7.21,7.28,6.72,201803,141530812.00,8.13,4.64,0.32,10.62
2019-02-26,7.15,6.96,7.18,6.92,157881,111314768.00,3.61,-3.47,-0.25,8.31
2019-02-27,6.86,6.92,7.19,6.77,153146,106483639.00,6.03,-0.57,-0.04,8.06
2019-02-28,6.88,6.94,7.09,6.80,104887,72973691.00,4.19,0.29,0.02,5.52
2019-03-01,7.01,7.43,7.63,6.80,231504,166943759.00,11.96,7.06,0.49,12.18
2019-03-04,7.33,7.56,7.66,7.30,207264,155095557.00,4.85,1.75,0.13,10.90
2019-03-05,7.40,7.46,7.55,7.22,199876,147133817.00,4.37,-1.32,-0.10,10.52
2019-03-06,7.39,7.40,7.41,7.22,185601,135973601.00,2.55,-0.80,-0.06,9.76
2019-03-07,7.35,7.55,7.70,7.21,198620,148425664.00,6.62,2.03,0.15,10.45
2019-03-08,7.23,6.80,7.35,6.80,163431,116027439.00,7.28,-9.93,-0.75,8.60
2019-03-11,6.76,7.09,7.10,6.71,118545,81637536.00,5.74,4.26,0.29,6.24
2019-03-12,7.13,7.01,7.19,6.87,123983,87372317.00,4.51,-1.13,-0.08,6.52
2019-03-13,7.09,6.85,7.09,6.75,92360,63923805.00,4.85,-2.28,-0.16,4.86
2019-03-14,6.84,6.51,6.84,6.36,91729,60177680.00,7.01,-4.96,-0.34,4.83
2019-03-15,6.60,6.70,6.76,6.50,69479,46328621.00,3.99,2.92,0.19,3.66
2019-03-18,6.78,6.86,6.87,6.63,64606,43837165.00,3.58,2.39,0.16,3.40
2019-03-19,6.90,6.78,6.90,6.73,58564,39876161.00,2.48,-1.17,-0.08,3.08
2019-03-20,6.75,6.86,6.86,6.69,51930,35268754.00,2.51,1.18,0.08,2.73
2019-03-21,6.86,6.97,7.02,6.81,77082,53506807.00,3.06,1.60,0.11,4.06
2019-03-22,6.97,6.93,6.98,6.79,54878,37727627.00,2.73,-0.57,-0.04,2.89
2019-03-25,6.85,6.78,6.90,6.76,39770,27173284.00,2.02,-2.16,-0.15,2.09
2019-03-26,6.78,6.69,6.85,6.65,37745,25457657.00,2.95,-1.33,-0.09,1.99
2019-03-27,6.74,6.83,6.84,6.65,38754,26115941.00,2.84,2.09,0.14,2.04
2019-03-28,6.79,6.72,6.93,6.70,47050,32125866.00,3.37,-1.61,-0.11,2.48
2019-03-29,6.69,6.86,6.88,6.50,56412,37980596.00,5.65,2.08,0.14,2.97
2019-04-01,6.95,7.08,7.15,6.90,107077,75421152.00,3.64,3.21,0.22,5.63
2019-04-02,7.04,7.10,7.13,6.98,94561,66739247.00,2.12,0.28,0.02,4.98
2019-04-03,7.05,7.19,7.24,6.99,105865,75498526.00,3.52,1.27,0.09,5.57
2019-04-04,7.22,7.06,7.30,7.05,70802,50411503.00,3.48,-1.81,-0.13,3.73
2019-04-08,7.10,6.91,7.17,6.81,66480,46459280.00,5.10,-2.12,-0.15,3.50
2019-04-09,6.85,7.20,7.20,6.85,119298,84780511.00,5.07,4.20,0.29,6.28
2019-04-10,7.18,7.27,7.33,7.08,112584,81381176.00,3.47,0.97,0.07,5.92
2019-04-11,7.28,7.07,7.28,7.00,74596,53057736.00,3.85,-2.75,-0.20,3.92
2019-04-12,7.02,6.91,7.07,6.81,54088,37450014.00,3.68,-2.26,-0.16,2.85
2019-04-15,7.00,6.86,7.06,6.83,38191,26681142.00,3.33,-0.72,-0.05,2.01
2019-04-16,6.86,6.98,6.99,6.70,44163,30289780.00,4.23,1.75,0.12,2.32
2019-04-17,6.98,7.08,7.15,6.97,61123,43229814.00,2.58,1.43,0.10,3.22
2019-04-18,7.05,7.03,7.21,7.00,58532,41636760.00,2.97,-0.71,-0.05,3.08
2019-04-19,7.09,7.13,7.15,6.93,47111,33330231.00,3.13,1.42,0.10,2.48
2019-04-22,7.18,6.88,7.18,6.84,57600,40269906.00,4.77,-3.51,-0.25,3.03
2019-04-23,6.88,6.63,6.92,6.63,48351,32699861.00,4.22,-3.63,-0.25,2.54
2019-04-24,6.65,6.74,6.75,6.62,37129,24791267.00,1.96,1.66,0.11,1.95
2019-04-25,6.73,6.30,6.73,6.28,54515,35468268.00,6.68,-6.53,-0.44,2.87
2019-04-26,6.30,6.38,6.50,6.25,32386,20643125.00,3.97,1.27,0.08,1.70
2019-04-29,6.39,6.05,6.47,6.02,38488,23792183.00,7.05,-5.17,-0.33,2.02
2019-04-30,6.05,6.12,6.17,5.91,26515,16185339.00,4.30,1.16,0.07,1.40
2019-05-06,6.00,5.55,6.00,5.51,39211,22492271.00,8.01,-9.31,-0.57,2.06
2019-05-07,5.60,5.76,5.79,5.60,29928,17037248.00,3.42,3.78,0.21,1.57
2019-05-08,5.63,5.80,5.89,5.61,24354,14100640.00,4.86,0.69,0.04,1.28
2019-05-09,5.66,5.69,5.85,5.66,23095,13246481.00,3.28,-1.90,-0.11,1.22
2019-05-10,6.22,6.26,6.26,6.22,36361,22752206.00,0.70,10.02,0.57,1.91
2019-05-13,6.40,6.17,6.61,6.16,132472,84632689.00,7.19,-1.44,-0.09,6.97
2019-05-14,5.94,6.10,6.30,5.93,80739,49442424.00,6.00,-1.13,-0.07,4.25
2019-05-15,6.12,6.13,6.19,6.04,51356,31392121.00,2.46,0.49,0.03,2.70
2019-05-16,6.15,6.24,6.25,6.02,48904,30019589.00,3.75,1.79,0.11,2.57
2019-05-17,6.24,5.81,6.25,5.74,52251,31169586.00,8.17,-6.89,-0.43,2.75
2019-05-20,5.87,5.98,5.99,5.51,41150,23923645.00,8.26,2.93,0.17,2.17
2019-05-21,6.02,5.97,6.06,5.89,30657,18362628.00,2.84,-0.17,-0.01,1.61
2019-05-22,5.99,5.93,6.03,5.75,23513,13979178.00,4.69,-0.67,-0.04,1.24
2019-05-23,5.93,5.79,5.93,5.75,21901,12760435.00,3.04,-2.36,-0.14,1.15
2019-05-24,5.79,5.72,5.83,5.65,18835,10808143.00,3.11,-1.21,-0.07,0.99
2019-05-27,5.68,5.85,5.86,5.62,21836,12611550.00,4.20,2.27,0.13,1.15
2019-05-28,5.81,5.87,5.98,5.81,20602,12171277.00,2.91,0.34,0.02,1.08
2019-05-29,5.83,5.93,5.96,5.83,18789,11100677.00,2.21,1.02,0.06,0.99
2019-05-30,6.02,6.13,6.40,5.97,66485,40737606.00,7.25,3.37,0.20,3.50
2019-05-31,6.07,5.95,6.07,5.92,43278,25916759.00,2.45,-2.94,-0.18,2.28
2019-06-03,5.93,5.80,5.97,5.73,27351,15912914.00,4.03,-2.52,-0.15,1.44
2019-06-04,5.77,5.66,5.77,5.62,21201,12066323.00,2.59,-2.41,-0.14,1.12
2019-06-05,5.70,5.68,5.76,5.62,19443,11065369.00,2.47,0.35,0.02,1.02
2019-06-06,5.68,5.57,5.72,5.50,22638,12588402.00,3.87,-1.94,-0.11,1.19
2019-06-10,5.58,5.62,5.65,5.51,12428,6955766.00,2.51,0.90,0.05,0.65
2019-06-11,5.61,5.80,5.80,5.55,37273,21397121.00,4.45,3.20,0.18,1.96
2019-06-12,5.75,5.75,5.83,5.72,23349,13475542.00,1.90,-0.86,-0.05,1.23
2019-06-13,5.78,5.81,5.82,5.72,20481,11840238.00,1.74,1.04,0.06,1.08
2019-06-14,5.82,5.61,5.82,5.57,22380,12737734.00,4.30,-3.44,-0.20,1.18
2019-06-17,5.65,5.62,5.67,5.53,13689,7663694.00,2.50,0.18,0.01,0.72
2019-06-18,5.55,5.57,5.62,5.49,16090,8917869.00,2.31,-0.89,-0.05,0.85
2019-06-19,5.64,5.64,5.73,5.62,23750,13450232.00,1.97,1.26,0.07,1.25
2019-06-20,5.63,5.72,5.75,5.60,25951,14750084.00,2.66,1.42,0.08,1.37
2019-06-21,5.76,5.84,5.92,5.76,39692,23219168.00,2.80,2.10,0.12,2.09
2019-06-24,5.81,5.88,5.95,5.79,25925,15205883.00,2.74,0.68,0.04,1.36
2019-06-25,5.84,5.82,5.90,5.73,20603,11962897.00,2.89,-1.02,-0.06,1.08
2019-06-26,5.82,5.86,5.97,5.77,19245,11336489.00,3.44,0.69,0.04,1.01
2019-06-27,5.89,5.90,5.94,5.86,19362,11416957.00,1.37,0.68,0.04,1.02
2019-06-28,5.90,5.78,5.98,5.73,20909,12145427.00,4.24,-2.03,-0.12,1.10
2019-07-01,5.86,5.90,5.95,5.83,27763,16382963.00,2.08,2.08,0.12,1.46
2019-07-02,5.94,5.93,5.94,5.87,32116,18978136.00,1.19,0.51,0.03,1.69
2019-07-03,5.93,5.82,5.93,5.79,20316,11865513.00,2.36,-1.85,-0.11,1.07
2019-07-04,5.81,5.78,5.84,5.74,19724,11408784.00,1.72,-0.69,-0.04,1.04
2019-07-05,5.82,5.80,5.82,5.74,13337,7708522.00,1.38,0.35,0.02,0.70
2019-07-08,5.80,5.54,5.82,5.53,28628,16045891.00,5.00,-4.48,-0.26,1.51
2019-07-09,5.54,5.56,5.59,5.50,16913,9350380.00,1.62,0.36,0.02,0.89
2019-07-10,5.57,5.52,5.57,5.44,15648,8619380.00,2.34,-0.72,-0.04,0.82
2019-07-11,5.55,5.52,5.62,5.48,17042,9456088.00,2.54,0.00,0.00,0.90
2019-07-12,5.53,5.51,5.54,5.46,11566,6363428.00,1.45,-0.18,-0.01,0.61
2019-07-15,5.50,5.58,5.58,5.36,17088,9389771.00,3.99,1.27,0.07,0.90
2019-07-16,5.56,5.60,5.61,5.54,14193,7924753.00,1.25,0.36,0.02,0.75
2019-07-17,5.57,5.61,5.64,5.57,15065,8450676.00,1.25,0.18,0.01,0.79
2019-07-18,5.56,5.49,5.62,5.44,13917,7661453.00,3.21,-2.14,-0.12,0.73
2019-07-19,5.49,5.52,5.58,5.45,10303,5711359.00,2.37,0.55,0.03,0.54
2019-07-22,5.53,5.30,5.57,5.30,18536,9931137.00,4.89,-3.99,-0.22,0.98
2019-07-23,5.34,5.44,5.45,5.30,12966,6990294.00,2.83,2.64,0.14,0.68
2019-07-24,5.43,5.51,5.58,5.43,14745,8139917.00,2.76,1.29,0.07,0.78
2019-07-25,5.52,5.51,5.57,5.47,10125,5580865.00,1.81,0.00,0.00,0.53
2019-07-26,5.52,5.52,5.58,5.46,10466,5778361.00,2.18,0.18,0.01,0.55
2019-07-29,5.52,5.59,5.61,5.48,13849,7688179.00,2.36,1.27,0.07,0.73
2019-07-30,5.57,5.68,5.98,5.53,52060,29807475.00,8.05,1.61,0.09,2.74
2019-07-31,5.61,5.48,5.61,5.45,35319,19593032.00,2.82,-3.52,-0.20,1.86
2019-08-01,5.45,5.44,5.52,5.43,15134,8264953.00,1.64,-0.73,-0.04,0.80
2019-08-02,5.39,5.41,5.42,5.32,16851,9043977.00,1.84,-0.55,-0.03,0.89
2019-08-05,5.41,5.31,5.42,5.30,14010,7478150.00,2.22,-1.85,-0.10,0.74
2019-08-06,5.20,5.13,5.30,5.05,18367,9474281.00,4.71,-3.39,-0.18,0.97
2019-08-07,5.15,5.12,5.22,5.10,12225,6274182.00,2.34,-0.19,-0.01,0.64
2019-08-08,5.12,5.14,5.17,5.12,8971,4614704.00,0.98,0.39,0.02,0.47
2019-08-09,5.14,5.07,5.17,5.04,11051,5638309.00,2.53,-1.36,-0.07,0.58
2019-08-12,5.07,5.15,5.15,5.06,8702,4439978.00,1.78,1.58,0.08,0.46
2019-08-13,5.15,5.11,5.15,5.07,5438,2774317.00,1.55,-0.78,-0.04,0.29
2019-08-14,5.18,5.20,5.38,5.16,29461,15448493.00,4.31,1.76,0.09,1.55
2019-08-15,5.00,5.13,5.16,4.91,19491,9834410.00,4.81,-1.35,-0.07,1.03
2019-08-16,5.14,5.16,5.29,5.06,17886,9208483.00,4.48,0.58,0.03,0.94
2019-08-19,5.17,5.31,5.31,5.16,23282,12220831.00,2.91,2.91,0.15,1.22
2019-08-20,5.40,5.30,5.41,5.28,17905,9562031.00,2.45,-0.19,-0.01,0.94
2019-08-21,5.24,5.31,5.34,5.24,10182,5392698.00,1.89,0.19,0.01,0.54
2019-08-22,5.29,5.32,5.35,5.25,9061,4792697.00,1.88,0.19,0.01,0.48
2019-08-23,5.32,5.30,5.35,5.27,9549,5067429.00,1.50,-0.38,-0.02,0.50
2019-08-26,5.19,5.26,5.30,5.14,12225,6377125.00,3.02,-0.75,-0.04,0.64
2019-08-27,5.22,5.32,5.33,5.22,25015,13259520.00,2.09,1.14,0.06,1.32
2019-08-28,5.30,5.33,5.40,5.30,16134,8608500.00,1.88,0.19,0.01,0.85
2019-08-29,5.34,5.32,5.37,5.30,13824,7378230.00,1.31,-0.19,-0.01,0.73
2019-08-30,5.34,5.20,5.40,5.13,24809,13098401.00,5.08,-2.26,-0.12,1.31
2019-09-02,5.18,5.35,5.40,5.16,22714,12058523.00,4.62,2.88,0.15,1.20
2019-09-03,5.40,5.36,5.43,5.30,11152,5962392.00,2.43,0.19,0.01,0.59
2019-09-04,5.35,5.40,5.40,5.33,13437,7227402.00,1.31,0.75,0.04,0.71
2019-09-05,5.39,5.44,5.53,5.39,25754,14093596.00,2.59,0.74,0.04,1.35
2019-09-06,5.44,5.45,5.49,5.39,17386,9454313.00,1.84,0.18,0.01,0.91
2019-09-09,5.46,5.60,5.61,5.46,28804,15989605.00,2.75,2.75,0.15,1.52
2019-09-10,5.60,5.63,5.84,5.56,65725,37271362.00,5.00,0.54,0.03,3.46
2019-09-11,5.65,5.51,5.67,5.50,42579,23712761.00,3.02,-2.13,-0.12,2.24
2019-09-12,5.53,5.53,5.55,5.46,24511,13507401.00,1.63,0.36,0.02,1.29
2019-09-16,5.54,5.56,5.60,5.52,28039,15600674.00,1.45,0.54,0.03,1.48
2019-09-17,5.55,5.42,5.57,5.38,29686,16233529.00,3.42,-2.52,-0.14,1.56
2019-09-18,5.43,5.45,5.50,5.43,14564,7958024.00,1.29,0.55,0.03,0.77
2019-09-19,5.48,5.57,5.58,5.42,22212,12220396.00,2.94,2.20,0.12,1.17
2019-09-20,5.55,5.54,5.62,5.52,15931,8854888.00,1.80,-0.54,-0.03,0.84
2019-09-23,5.54,5.55,5.56,5.40,16675,9122636.00,2.89,0.18,0.01,0.88
2019-09-24,5.54,5.50,5.56,5.49,17765,9804030.00,1.26,-0.90,-0.05,0.93
2019-09-25,5.48,5.37,5.49,5.35,17201,9294329.00,2.55,-2.36,-0.13,0.90
2019-09-26,5.42,5.24,5.44,5.22,14767,7863868.00,4.10,-2.42,-0.13,0.78
2019-09-27,5.28,5.31,5.52,5.03,19564,10417534.00,9.35,1.34,0.07,1.03
2019-09-30,5.32,5.20,5.35,5.19,12485,6554934.00,3.01,-2.07,-0.11,0.66
2019-10-08,5.20,5.33,5.37,5.20,18981,10068644.00,3.27,2.50,0.13,1.00
2019-10-09,5.28,5.32,5.33,5.22,13054,6881790.00,2.06,-0.19,-0.01,0.69
2019-10-10,5.32,5.48,5.48,5.28,13803,7419779.00,3.76,3.01,0.16,0.73
2019-10-11,5.48,5.48,5.52,5.38,26054,14221664.00,2.55,0.00,0.00,1.37
2019-10-14,5.46,5.60,5.65,5.46,37184,20709254.00,3.47,2.19,0.12,1.96
2019-10-15,5.54,5.64,5.67,5.51,35364,19725398.00,2.86,0.71,0.04,1.86
2019-10-16,5.63,5.65,5.65,5.56,29117,16331534.00,1.60,0.18,0.01,1.53
2019-10-17,5.63,5.70,5.93,5.60,111332,64286180.00,5.84,0.88,0.05,5.86
2019-10-18,5.65,5.69,5.86,5.56,54501,31072854.00,5.26,-0.18,-0.01,2.87
2019-10-21,5.72,5.70,5.72,5.51,41706,23473164.00,3.69,0.18,0.01,2.19
2019-10-22,5.70,5.79,5.85,5.68,38708,22317003.00,2.98,1.58,0.09,2.04
2019-10-23,5.79,5.96,6.03,5.75,86869,51500675.00,4.84,2.94,0.17,4.57
2019-10-24,5.95,5.92,5.99,5.82,49802,29311051.00,2.85,-0.67,-0.04,2.62
2019-10-25,5.92,6.05,6.13,5.81,71573,42559319.00,5.41,2.20,0.13,3.77
2019-10-28,6.00,6.35,6.49,5.97,172476,108024697.00,8.60,4.96,0.30,9.07
2019-10-29,6.35,6.33,6.45,6.23,82482,52303423.00,3.46,-0.31,-0.02,4.34
2019-10-30,6.30,6.27,6.39,6.14,82447,51461620.00,3.95,-0.95,-0.06,4.34
2019-10-31,6.26,5.64,6.26,5.64,138538,80389570.00,9.89,-10.05,-0.63,7.29
2019-11-01,5.46,5.36,5.46,5.28,81361,43722269.00,3.19,-4.96,-0.28,4.28
2019-11-04,5.36,5.47,5.58,5.28,61392,33242572.00,5.60,2.05,0.11,3.23
2019-11-05,5.42,5.43,5.49,5.33,35979,19401262.00,2.93,-0.73,-0.04,1.89
2019-11-06,5.35,5.22,5.35,5.12,68065,35470269.00,4.24,-3.87,-0.21,3.58
2019-11-07,5.20,5.23,5.25,5.17,22393,11670874.00,1.53,0.19,0.01,1.18
2019-11-08,5.26,5.22,5.26,5.19,24133,12590374.00,1.34,-0.19,-0.01,1.27
2019-11-11,5.18,5.06,5.20,5.02,23689,12032385.00,3.45,-3.07,-0.16,1.25
2019-11-12,5.06,5.12,5.26,5.03,35239,18101104.00,4.55,1.19,0.06,1.85
2019-11-13,5.09,5.05,5.14,5.02,23855,12047349.00,2.34,-1.37,-0.07,1.26
2019-11-14,5.05,5.07,5.12,5.04,20368,10330173.00,1.58,0.40,0.02,1.07
2019-11-15,5.06,5.09,5.14,5.04,24442,12467407.00,1.97,0.39,0.02,1.29
2019-11-18,5.10,5.12,5.14,5.06,15856,8092758.00,1.57,0.59,0.03,0.83
2019-11-19,5.12,5.20,5.22,5.11,20720,10748741.00,2.15,1.56,0.08,1.09
2019-11-20,5.22,5.13,5.22,5.10,15220,7852597.00,2.31,-1.35,-0.07,0.80
2019-11-21,5.09,5.15,5.18,5.09,10146,5213135.00,1.75,0.39,0.02,0.53
2019-11-22,5.16,5.11,5.22,5.08,20010,10284467.00,2.72,-0.78,-0.04,1.05
2019-11-25,5.14,5.13,5.16,5.08,11240,5745810.00,1.57,0.39,0.02,0.59
2019-11-26,5.13,5.19,5.19,5.13,11080,5714109.00,1.17,1.17,0.06,0.58
2019-11-27,5.18,5.13,5.18,5.11,13674,7013078.00,1.35,-1.16,-0.06,0.72
2019-11-28,5.16,5.05,5.16,5.05,11790,5995272.00,2.14,-1.56,-0.08,0.62
2019-11-29,5.02,5.02,5.06,4.98,17580,8811832.00,1.58,-0.59,-0.03,0.92
2019-12-02,5.03,5.09,5.09,5.00,9413,4751308.00,1.79,1.39,0.07,0.50
2019-12-03,5.04,5.11,5.12,5.02,7845,3983557.00,1.96,0.39,0.02,0.41
2019-12-04,5.11,5.17,5.18,5.08,13132,6757826.00,1.96,1.17,0.06,0.69
2019-12-05,5.16,5.20,5.22,5.15,12478,6473494.00,1.35,0.58,0.03,0.66
2019-12-06,5.20,5.21,5.24,5.18,12699,6608143.00,1.15,0.19,0.01,0.67
2019-12-09,5.22,5.22,5.27,5.19,12074,6303201.00,1.54,0.19,0.01,0.64
2019-12-10,5.23,5.20,5.23,5.17,12099,6280934.00,1.15,-0.38,-0.02,0.64
2019-12-11,5.19,5.26,5.48,5.15,73465,38996064.00,6.35,1.15,0.06,3.87
2019-12-12,5.23,5.25,5.29,5.15,30932,16191890.00,2.66,-0.19,-0.01,1.63
2019-12-13,5.25,5.33,5.33,5.22,32014,16953216.00,2.10,1.52,0.08,1.68
2019-12-16,5.32,5.38,5.40,5.28,26976,14390288.00,2.25,0.94,0.05,1.42
2019-12-17,5.40,5.47,5.50,5.35,36597,19913487.00,2.79,1.67,0.09,1.93
2019-12-18,5.45,5.51,5.57,5.45,29662,16386622.00,2.19,0.73,0.04,1.56
2019-12-19,5.54,5.54,5.57,5.46,22190,12252526.00,2.00,0.54,0.03,1.17
2019-12-20,5.54,5.55,5.70,5.50,33133,18596405.00,3.61,0.18,0.01,1.74
2019-12-23,5.55,5.53,5.59,5.46,26109,14406190.00,2.34,-0.36,-0.02,1.37
2019-12-24,5.51,5.73,5.78,5.48,46442,26044488.00,5.42,3.62,0.20,2.44
2019-12-25,5.73,5.62,5.84,5.59,41665,23704705.00,4.36,-1.92,-0.11,2.19
2019-12-26,5.66,5.63,5.74,5.58,33685,19055617.00,2.85,0.18,0.01,1.77
2019-12-27,5.60,5.45,5.90,5.43,113908,64857931.00,8.35,-3.20,-0.18,5.99
2019-12-30,5.45,5.33,5.45,5.14,71746,38029304.00,5.69,-2.20,-0.12,3.77
2019-12-31,5.35,5.60,5.79,5.33,90763,50411964.00,8.63,5.07,0.27,4.80
2020-01-02,5.60,5.89,5.96,5.56,154719,90107639.00,7.14,5.18,0.29,8.18
2020-01-03,5.89,5.83,6.06,5.76,144328,84577791.00,5.09,-1.02,-0.06,7.63
2020-01-06,5.80,6.41,6.41,5.71,304474,187924767.00,12.01,9.95,0.58,16.09
2020-01-07,6.86,6.70,7.05,6.70,293520,205610905.00,5.46,4.52,0.29,15.51
2020-01-08,6.39,6.20,6.62,6.15,358471,229403952.00,7.01,-7.46,-0.50,18.95
2020-01-09,6.25,6.28,6.37,6.01,256369,159273469.00,5.81,1.29,0.08,13.55
2020-01-10,6.22,6.16,6.49,6.16,178633,112703437.00,5.25,-1.91,-0.12,9.44
2020-01-13,6.10,6.19,6.32,5.88,126729,77900248.00,7.14,0.49,0.03,6.70
2020-01-14,6.20,6.11,6.26,6.06,120700,74193049.00,3.23,-1.29,-0.08,6.38
2020-01-15,6.11,5.98,6.12,5.89,94038,56521322.00,3.76,-2.13,-0.13,4.97
2020-01-16,5.99,6.14,6.35,5.99,142558,88358662.00,6.02,2.68,0.16,7.53
2020-01-17,6.10,6.27,6.41,6.07,149258,92945696.00,5.54,2.12,0.13,7.89
2020-01-20,6.15,6.14,6.18,5.98,92141,56150205.00,3.19,-2.07,-0.13,4.87
2020-01-21,6.11,5.90,6.11,5.90,82617,49450277.00,3.42,-3.91,-0.24,4.37
2020-01-22,5.85,5.83,5.89,5.70,61520,35718848.00,3.22,-1.19,-0.07,3.25
2020-01-23,5.76,5.66,5.90,5.56,63736,36305277.00,5.83,-2.92,-0.17,3.37
2020-02-03,5.09,5.09,5.09,5.09,11681,5945629.00,0.00,-10.07,-0.57,0.62
2020-02-04,4.70,4.94,5.00,4.70,87521,42628268.00,5.89,-2.95,-0.15,4.63
2020-02-05,4.95,5.13,5.20,4.94,63822,32605680.00,5.26,3.85,0.19,3.37
2020-02-06,5.13,5.37,5.38,5.12,75975,39999422.00,5.07,4.68,0.24,4.02
2020-02-07,5.35,5.28,5.37,5.16,77330,40825351.00,3.91,-1.68,-0.09,4.09
2020-02-10,5.26,5.33,5.36,5.20,64223,34122475.00,3.03,0.95,0.05,3.39
2020-02-11,5.35,5.24,5.35,5.18,56326,29576424.00,3.19,-1.69,-0.09,2.98
2020-02-12,5.26,5.26,5.28,5.18,46857,24539367.00,1.91,0.38,0.02,2.48
2020-02-13,5.27,5.13,5.29,5.09,55591,28772799.00,3.80,-2.47,-0.13,2.94
2020-02-14,5.15,5.11,5.17,5.03,46616,23816174.00,2.73,-0.39,-0.02,2.46
2020-02-17,5.11,5.29,5.29,5.08,51003,26661066.00,4.11,3.52,0.18,2.70
2020-02-18,5.29,5.38,5.42,5.26,62662,33485421.00,3.02,1.70,0.09,3.31
2020-02-19,5.38,5.33,5.47,5.32,55784,30010941.00,2.79,-0.93,-0.05,2.95
2020-02-20,5.36,5.43,5.45,5.32,57626,31063453.00,2.44,1.88,0.10,3.05
2020-02-21,5.43,5.53,5.57,5.39,68243,37500366.00,3.31,1.84,0.10,3.61
2020-02-24,5.48,5.54,5.58,5.45,54715,30133678.00,2.35,0.18,0.01,2.89
2020-02-25,5.40,5.41,5.46,5.23,68548,36801241.00,4.15,-2.35,-0.13,3.62
2020-02-26,5.34,5.41,5.60,5.33,75345,41208883.00,4.99,0.00,0.00,3.98
2020-02-27,5.46,5.43,5.48,5.37,42174,22896136.00,2.03,0.37,0.02,2.23
2020-02-28,5.35,5.10,5.36,5.05,58980,30744353.00,5.71,-6.08,-0.33,3.12
2020-03-02,5.20,5.31,5.34,5.15,45569,24000611.00,3.73,4.12,0.21,2.41
2020-03-03,5.37,5.39,5.47,5.33,46754,25278129.00,2.64,1.51,0.08,2.47
2020-03-04,5.36,5.70,5.80,5.32,136885,76573462.00,8.91,5.75,0.31,7.23
2020-03-05,5.75,5.84,5.99,5.65,143088,82710518.00,5.96,2.46,0.14,7.56
2020-03-06,5.68,5.87,6.07,5.68,141809,84002705.00,6.68,0.51,0.03,7.50
2020-03-09,5.78,5.63,5.95,5.58,99445,57001333.00,6.30,-4.09,-0.24,5.26
2020-03-10,5.50,5.67,5.67,5.39,84081,46585439.00,4.97,0.71,0.04,4.44
2020-03-11,5.68,5.58,5.79,5.54,68505,38876657.00,4.41,-1.59,-0.09,3.62
2020-03-12,5.49,5.39,5.54,5.34,58830,31905933.00,3.58,-3.41,-0.19,3.11
2020-03-13,5.10,5.31,5.33,5.07,58840,30583325.00,4.82,-1.48,-0.08,3.11
2020-03-16,5.39,5.13,5.43,5.00,49816,26298779.00,8.10,-3.39,-0.18,2.63
2020-03-17,5.13,5.18,5.23,4.97,50605,25804739.00,5.07,0.97,0.05,2.67
2020-03-18,5.21,5.10,5.33,5.09,40712,21197821.00,4.63,-1.54,-0.08,2.15
2020-03-19,5.12,5.15,5.15,4.96,35021,17754073.00,3.73,0.98,0.05,1.85
2020-03-20,5.17,5.24,5.25,5.11,30948,16027341.00,2.72,1.75,0.09,1.64
2020-03-23,5.16,5.15,5.29,5.11,34161,17753546.00,3.44,-1.72,-0.09,1.81
2020-03-24,5.23,5.29,5.40,5.19,53062,28014627.00,4.08,2.72,0.14,2.80
2020-03-25,5.38,5.36,5.40,5.31,44567,23841208.00,1.70,1.32,0.07,2.36
2020-03-26,5.30,5.22,5.33,5.21,33747,17796786.00,2.24,-2.61,-0.14,1.78
2020-03-27,5.29,5.52,5.57,5.28,118587,64619639.00,5.56,5.75,0.30,6.27
2020-03-30,5.44,5.40,5.49,5.28,76273,41211805.00,3.80,-2.17,-0.12,4.03
2020-03-31,5.42,5.18,5.50,5.11,77316,40812815.00,7.22,-4.07,-0.22,4.09
2020-04-01,5.08,5.14,5.19,5.04,40242,20594962.00,2.90,-0.77,-0.04,2.13
2020-04-02,5.13,5.20,5.21,5.05,30262,15557077.00,3.11,1.17,0.06,1.60
2020-04-03,5.15,5.11,5.22,5.06,23539,12078617.00,3.08,-1.73,-0.09,1.24
2020-04-07,5.17,5.24,5.25,5.15,36274,18861862.00,1.96,2.54,0.13,1.92
2020-04-08,5.20,5.29,5.33,5.18,34931,18411384.00,2.86,0.95,0.05,1.85
2020-04-09,5.29,5.37,5.38,5.25,44994,23941906.00,2.46,1.51,0.08,2.38
2020-04-10,5.35,5.15,5.35,5.14,44627,23281313.00,3.91,-4.10,-0.22,2.36
2020-04-13,5.15,5.28,5.60,5.09,66796,35472164.00,9.90,2.52,0.13,3.53
2020-04-14,5.25,5.37,5.44,5.22,51468,27534907.00,4.17,1.70,0.09,2.72
2020-04-15,5.35,5.28,5.40,5.27,32922,17521185.00,2.42,-1.68,-0.09,1.74
2020-04-16,5.25,5.25,5.30,5.20,28910,15202172.00,1.89,-0.57,-0.03,1.53
2020-04-17,5.24,5.13,5.26,5.13,46744,24243121.00,2.48,-2.29,-0.12,2.47
2020-04-20,5.13,5.16,5.16,5.09,26221,13449615.00,1.36,0.58,0.03,1.39
2020-04-21,5.14,5.18,5.18,5.10,23517,12078186.00,1.55,0.39,0.02,1.24
2020-04-22,5.18,5.29,5.29,5.14,30209,15786580.00,2.90,2.12,0.11,1.60
2020-04-23,5.30,5.22,5.35,5.21,37499,19759011.00,2.65,-1.32,-0.07,1.98
2020-04-24,5.23,5.17,5.24,5.15,23785,12345902.00,1.72,-0.96,-0.05,1.26
2020-04-27,5.18,5.09,5.18,5.09,19805,10160538.00,1.74,-1.55,-0.08,1.05
2020-04-28,5.08,5.08,5.14,4.80,40679,20266244.00,6.68,-0.20,-0.01,2.15
2020-04-29,5.05,4.98,5.08,4.96,27781,13929328.00,2.36,-1.97,-0.10,1.47
2020-04-30,5.01,5.08,5.09,4.98,23181,11681173.00,2.21,2.01,0.10,1.23
2020-05-06,5.05,5.14,5.14,4.99,21240,10784358.00,2.95,1.18,0.06,1.12
2020-05-07,5.16,5.11,5.16,5.09,19952,10214142.00,1.36,-0.58,-0.03,1.05
2020-05-08,5.15,5.16,5.20,5.11,36450,18811516.00,1.76,0.98,0.05,1.93
2020-05-11,5.18,5.22,5.33,5.12,57534,29895259.00,4.07,1.16,0.06,3.04
2020-05-12,5.19,5.14,5.21,5.08,26614,13653661.00,2.49,-1.53,-0.08,1.41
2020-05-13,5.10,5.27,5.32,5.10,45749,23913722.00,4.28,2.53,0.13,2.42
2020-05-14,5.22,5.19,5.28,5.18,30550,16015723.00,1.90,-1.52,-0.08,1.61
2020-05-15,5.20,5.32,5.50,5.19,79990,42751905.00,5.97,2.50,0.13,4.23
2020-05-18,5.35,5.46,5.48,5.29,107076,57860393.00,3.57,2.63,0.14,5.66
2020-05-19,5.50,5.47,5.60,5.41,96049,52827887.00,3.48,0.18,0.01,5.08
2020-05-20,5.52,5.69,5.85,5.50,155516,88077047.00,6.40,4.02,0.22,8.22
2020-05-21,5.60,5.49,5.69,5.47,94394,52335845.00,3.87,-3.51,-0.20,4.99
2020-05-22,5.43,5.27,5.48,5.22,74831,39775259.00,4.74,-4.01,-0.22,3.96
2020-05-25,5.28,5.38,5.47,5.19,60977,32464314.00,5.31,2.09,0.11,3.22
2020-05-26,5.33,5.66,5.66,5.33,80508,44420778.00,6.13,5.20,0.28,4.26
2020-05-27,5.58,5.59,5.66,5.50,78261,43732998.00,2.83,-1.24,-0.07,4.14
2020-05-28,5.67,5.62,5.84,5.44,96314,54006449.00,7.16,0.54,0.03,5.09
2020-05-29,5.51,5.52,5.59,5.39,70147,38465999.00,3.56,-1.78,-0.10,3.71
2020-06-01,5.70,5.61,5.70,5.51,116438,64975952.00,3.44,1.63,0.09,6.15
2020-06-02,5.59,5.68,5.69,5.49,112636,62909473.00,3.57,1.25,0.07,5.95
2020-06-03,5.68,5.80,5.99,5.61,201282,116897603.00,6.69,2.11,0.12,10.64
2020-06-04,5.71,5.87,5.97,5.67,133237,77167782.00,5.17,1.21,0.07,7.04
2020-06-05,5.81,5.64,5.84,5.62,88143,50265838.00,3.75,-3.92,-0.23,4.66
2020-06-08,5.60,5.55,5.65,5.52,49271,27402130.00,2.30,-1.60,-0.09,2.60
2020-06-09,5.58,5.63,5.67,5.56,47761,26817026.00,1.98,1.44,0.08,2.52
2020-06-10,5.61,5.53,5.69,5.50,53865,30079227.00,3.37,-1.78,-0.10,2.85
2020-06-11,5.50,5.38,5.55,5.34,66699,36229804.00,3.80,-2.71,-0.15,3.53
2020-06-12,5.29,5.43,5.45,5.24,47985,25710023.00,3.90,0.93,0.05,2.54
2020-06-15,5.39,5.67,5.76,5.38,110667,62255227.00,7.00,4.42,0.24,5.85
2020-06-16,5.67,5.70,5.76,5.61,70142,39811443.00,2.65,0.53,0.03,3.71
2020-06-17,5.73,5.64,5.78,5.56,58925,33254037.00,3.86,-1.05,-0.06,3.11
2020-06-18,5.62,5.55,5.71,5.54,52719,29577023.00,3.01,-1.60,-0.09,2.79
2020-06-19,5.60,5.62,5.64,5.47,47390,26320181.00,3.06,1.26,0.07,2.50
2020-06-22,5.64,5.46,5.65,5.45,43763,24195343.00,3.56,-2.85,-0.16,2.31
2020-06-23,5.44,5.42,5.50,5.37,40213,21785505.00,2.38,-0.73,-0.04,2.13
2020-06-24,5.42,5.45,5.49,5.38,34774,18933985.00,2.03,0.55,0.03,1.84
2020-06-29,5.40,5.35,5.42,5.30,31068,16652832.00,2.20,-1.83,-0.10,1.64
2020-06-30,5.39,5.55,5.56,5.37,49469,27183906.00,3.55,3.74,0.20,2.57
2020-07-01,5.60,5.48,5.61,5.45,46199,25401313.00,2.88,-1.26,-0.07,2.40
2020-07-02,5.46,5.53,5.54,5.46,40140,22078480.00,1.46,0.91,0.05,2.08
2020-07-03,5.53,5.89,5.92,5.49,149503,86062487.00,7.78,6.51,0.36,7.76
2020-07-06,5.88,5.95,6.01,5.78,144953,85517407.00,3.90,1.02,0.06,7.52
2020-07-07,5.98,5.94,6.10,5.90,110381,66135718.00,3.36,-0.17,-0.01,5.73
2020-07-08,5.90,6.15,6.17,5.90,94246,57242338.00,4.55,3.54,0.21,4.89
2020-07-09,6.15,6.18,6.28,6.09,85528,52621740.00,3.09,0.49,0.03,4.44
2020-07-10,6.20,6.08,6.22,6.02,61048,37272856.00,3.24,-1.62,-0.10,3.17
2020-07-13,6.18,6.18,6.28,6.04,64588,39840002.00,3.95,1.64,0.10,3.35
2020-07-14,6.26,6.29,6.45,6.10,98465,61802732.00,5.66,1.78,0.11,5.11
2020-07-15,6.21,6.02,6.32,6.01,54826,33577675.00,4.93,-4.29,-0.27,2.85
2020-07-16,6.02,5.78,6.18,5.73,67250,40114632.00,7.48,-3.99,-0.24,3.49
2020-07-17,5.79,5.79,5.89,5.65,49606,28517624.00,4.15,0.17,0.01,2.58
2020-07-20,5.82,5.98,6.01,5.79,52549,31058089.00,3.80,3.28,0.19,2.73
2020-07-21,6.09,6.02,6.09,5.92,45217,27058028.00,2.84,0.67,0.04,2.35
2020-07-22,6.04,5.95,6.13,5.93,44207,26659333.00,3.32,-1.16,-0.07,2.29
2020-07-23,5.90,5.98,6.01,5.78,50134,29554995.00,3.87,0.50,0.03,2.60
2020-07-24,6.03,5.67,6.03,5.61,59458,34693755.00,7.02,-5.18,-0.31,3.09
2020-07-27,5.67,5.68,5.74,5.53,45367,25433017.00,3.70,0.18,0.01,2.36
2020-07-28,5.69,5.80,5.92,5.69,45320,26355165.00,4.05,2.11,0.12,2.35
2020-07-29,5.81,5.89,5.90,5.70,32493,18925626.00,3.45,1.55,0.09,1.69
2020-07-30,5.90,5.92,5.99,5.82,38791,22940959.00,2.89,0.51,0.03,2.01
2020-07-31,5.94,6.12,6.14,5.91,64824,38941129.00,3.89,3.38,0.20,3.37
2020-08-03,6.14,6.22,6.26,6.11,65026,40210337.00,2.45,1.63,0.10,3.38
2020-08-04,6.21,6.38,6.50,6.11,77594,48660095.00,6.27,2.57,0.16,4.03
2020-08-05,6.77,6.24,6.80,6.17,204955,133894354.00,9.87,-2.19,-0.14,10.64
2020-08-06,6.11,6.13,6.26,6.06,136394,83439272.00,3.21,-1.76,-0.11,7.08
2020-08-07,6.12,5.99,6.17,5.90,81030,48756569.00,4.40,-2.28,-0.14,4.21
2020-08-10,5.93,6.02,6.04,5.89,53006,31688363.00,2.50,0.50,0.03,2.75
2020-08-11,5.98,5.85,6.05,5.85,74669,44123049.00,3.32,-2.82,-0.17,3.88
2020-08-12,5.84,5.95,5.96,5.72,69217,40203706.00,4.10,1.71,0.10,3.59
2020-08-13,5.96,5.97,6.04,5.92,61226,36568800.00,2.02,0.34,0.02,3.18
2020-08-14,5.99,5.99,5.99,5.89,36625,21769315.00,1.68,0.34,0.02,1.90
2020-08-17,6.02,6.08,6.10,5.93,55596,33627248.00,2.84,1.50,0.09,2.89
2020-08-18,6.08,6.05,6.11,6.02,47760,28896499.00,1.48,-0.49,-0.03,2.48
2020-08-19,6.06,5.95,6.06,5.93,40393,24221583.00,2.15,-1.65,-0.10,2.10
2020-08-20,5.95,5.86,5.95,5.84,30268,17847033.00,1.85,-1.51,-0.09,1.57
2020-08-21,5.86,5.90,5.98,5.86,28709,16994472.00,2.05,0.68,0.04,1.49
2020-08-24,5.90,6.00,6.05,5.84,48735,29049928.00,3.56,1.69,0.10,2.53
2020-08-25,6.02,6.16,6.16,5.97,65647,39768773.00,3.17,2.67,0.16,3.41
2020-08-26,6.10,6.22,6.25,6.04,105217,64989465.00,3.41,0.97,0.06,5.46
2020-08-27,6.18,6.53,6.62,6.13,208026,133169085.00,7.88,4.98,0.31,10.80
2020-08-28,6.45,6.40,6.51,6.28,124242,79300939.00,3.52,-1.99,-0.13,6.45
2020-08-31,6.40,6.34,6.49,6.32,67284,43107406.00,2.66,-0.94,-0.06,3.49
2020-09-01,6.34,6.34,6.38,6.23,55936,35208316.00,2.37,0.00,0.00,2.90
2020-09-02,6.30,6.55,6.55,6.28,94350,60919162.00,4.26,3.31,0.21,4.90
2020-09-03,6.52,7.21,7.21,6.50,60530,42373612.00,10.84,10.08,0.66,3.14
2020-09-04,7.40,7.93,7.93,7.22,164803,127916415.00,9.85,9.99,0.72,8.56
2020-09-07,8.48,8.72,8.72,8.38,185735,159519007.00,4.29,9.96,0.79,9.64
2020-09-08,9.20,7.85,9.20,7.85,194103,162018309.00,15.48,-9.98,-0.87,10.08
2020-09-09,7.20,7.07,7.40,7.07,336068,240370373.00,4.20,-9.94,-0.78,17.45
2020-09-10,6.79,7.77,7.77,6.42,255434,172894056.00,19.09,9.90,0.70,13.26
2020-09-11,8.20,7.00,8.20,6.99,442345,327749440.00,15.57,-9.91,-0.77,22.96
2020-09-14,6.71,6.76,6.92,6.66,174926,118615586.00,3.71,-3.43,-0.24,9.08
2020-09-15,6.78,6.49,6.81,6.43,163181,107132198.00,5.62,-3.99,-0.27,8.47
2020-09-16,6.50,6.57,6.67,6.47,104402,68527284.00,3.08,1.23,0.08,5.42
2020-09-17,6.54,6.41,6.55,6.29,94405,60377716.00,3.96,-2.44,-0.16,4.90
2020-09-18,6.44,6.48,6.60,6.39,86932,56363987.00,3.28,1.09,0.07,4.51
2020-09-21,6.46,6.67,6.72,6.40,121349,79909933.00,4.94,2.93,0.19,6.30
2020-09-22,6.57,6.43,6.58,6.40,78523,51019937.00,2.70,-3.60,-0.24,4.08
2020-09-23,6.50,6.36,6.53,6.35,57571,36813475.00,2.80,-1.09,-0.07,2.99
2020-09-24,6.32,6.07,6.42,6.05,93821,57956601.00,5.82,-4.56,-0.29,4.87
2020-09-25,6.08,6.09,6.15,6.00,51449,31308841.00,2.47,0.33,0.02,2.67
2020-09-28,6.08,5.94,6.14,5.92,46910,28220807.00,3.61,-2.46,-0.15,2.44
2020-09-29,5.98,5.92,6.02,5.90,35168,20956471.00,2.02,-0.34,-0.02,1.83
2020-09-30,5.94,5.91,5.97,5.88,35794,21214468.00,1.52,-0.17,-0.01,1.86
2020-10-09,5.97,6.13,6.15,5.95,49803,30283228.00,3.38,3.72,0.22,2.59
2020-10-12,6.15,6.32,6.32,6.11,62189,38906095.00,3.43,3.10,0.19,3.23
2020-10-13,6.32,6.29,6.38,6.23,45528,28682179.00,2.37,-0.47,-0.03,2.36
2020-10-14,6.27,6.22,6.40,6.18,51247,32185990.00,3.50,-1.11,-0.07,2.66
2020-10-15,6.22,6.31,6.40,6.16,55652,35001869.00,3.86,1.45,0.09,2.89
2020-10-16,6.31,6.32,6.43,6.22,58871,37148675.00,3.33,0.16,0.01,3.06
2020-10-19,6.41,6.47,6.57,6.34,95059,61225338.00,3.64,2.37,0.15,4.93
2020-10-20,6.39,6.40,6.45,6.28,68704,43689246.00,2.63,-1.08,-0.07,3.57
2020-10-21,6.38,6.28,6.47,6.27,60061,38160220.00,3.13,-1.88,-0.12,3.12
2020-10-22,6.24,6.26,6.40,6.15,58494,36719309.00,3.98,-0.32,-0.02,3.04
2020-10-23,6.26,6.05,6.32,6.05,61795,38165334.00,4.31,-3.35,-0.21,3.21
2020-10-26,6.06,6.15,6.19,6.03,45031,27504509.00,2.64,1.65,0.10,2.34
2020-10-27,6.14,6.22,6.26,6.11,51052,31669776.00,2.44,1.14,0.07,2.65
2020-10-28,6.19,6.08,6.22,6.00,52193,31766829.00,3.54,-2.25,-0.14,2.71
2020-10-29,5.99,6.08,6.16,5.94,44519,27018299.00,3.62,0.00,0.00,2.31
2020-10-30,6.07,5.80,6.08,5.76,67638,40114966.00,5.26,-4.61,-0.28,3.51
2020-11-02,5.86,5.70,5.89,5.69,43952,25327545.00,3.45,-1.72,-0.10,2.28
2020-11-03,5.67,5.83,5.85,5.67,37825,21904580.00,3.16,2.28,0.13,1.96
2020-11-04,5.92,5.79,5.92,5.72,27265,15786867.00,3.43,-0.69,-0.04,1.42
2020-11-05,5.82,5.87,5.92,5.79,35850,20994454.00,2.25,1.38,0.08,1.86
2020-11-06,5.87,5.78,5.94,5.75,35102,20438227.00,3.24,-1.53,-0.09,1.82
2020-11-09,5.83,5.89,5.92,5.81,39251,23092538.00,1.90,1.90,0.11,2.04
2020-11-10,5.89,5.86,5.90,5.76,39221,22889596.00,2.38,-0.51,-0.03,2.04
2020-11-11,5.83,5.87,5.94,5.75,67614,39624188.00,3.24,0.17,0.01,3.51
2020-11-12,5.88,5.78,5.90,5.77,63658,37105950.00,2.21,-1.53,-0.09,3.30
2020-11-13,5.80,5.67,5.80,5.62,53970,30679954.00,3.11,-1.90,-0.11,2.80
2020-11-16,5.67,5.78,5.84,5.67,48131,27769008.00,3.00,1.94,0.11,2.50
2020-11-17,5.83,5.74,5.84,5.69,40705,23360018.00,2.60,-0.69,-0.04,2.11
2020-11-18,5.72,5.78,5.84,5.71,50734,29396124.00,2.26,0.70,0.04,2.63
2020-11-19,5.77,5.81,5.84,5.74,37508,21733335.00,1.73,0.52,0.03,1.95
2020-11-20,5.82,5.84,5.86,5.73,37482,21737082.00,2.24,0.52,0.03,1.95
2020-11-23,5.81,5.92,5.94,5.80,46221,27143855.00,2.40,1.37,0.08,2.40
2020-11-24,5.85,5.77,5.86,5.75,62480,36192772.00,1.86,-2.53,-0.15,3.24
2020-11-25,5.77,5.66,5.78,5.65,47849,27302948.00,2.25,-1.91,-0.11,2.48
2020-11-26,5.67,5.63,5.70,5.63,27477,15539729.00,1.24,-0.53,-0.03,1.43
2020-11-27,5.63,5.56,5.66,5.46,47661,26410628.00,3.55,-1.24,-0.07,2.47
2020-11-30,5.58,5.57,5.65,5.53,33185,18573547.00,2.16,0.18,0.01,1.72
2020-12-01,5.56,5.65,5.66,5.52,30981,17386644.00,2.51,1.44,0.08,1.61
2020-12-02,5.63,5.69,5.71,5.63,33248,18885532.00,1.42,0.71,0.04,1.73
2020-12-03,5.69,5.71,5.74,5.66,30502,17425701.00,1.41,0.35,0.02,1.58
2020-12-04,5.71,5.68,5.73,5.67,24048,13679743.00,1.05,-0.53,-0.03,1.25
2020-12-07,5.71,5.75,5.76,5.65,33457,19107006.00,1.94,1.23,0.07,1.74
2020-12-08,5.75,5.65,5.75,5.63,29031,16482265.00,2.09,-1.74,-0.10,1.51
2020-12-09,5.66,5.52,5.66,5.52,33182,18535968.00,2.48,-2.30,-0.13,1.72
2020-12-10,5.52,5.53,5.60,5.48,19027,10554628.00,2.17,0.18,0.01,0.99
2020-12-11,5.53,5.34,5.55,5.20,41882,22535762.00,6.33,-3.44,-0.19,2.17
2020-12-14,5.31,5.39,5.46,5.31,20127,10860961.00,2.81,0.94,0.05,1.04
2020-12-15,5.37,5.40,5.43,5.30,19588,10556216.00,2.41,0.19,0.01,1.02
2020-12-16,5.37,5.29,5.42,5.29,27990,14950773.00,2.41,-2.04,-0.11,1.45
2020-12-17,5.29,5.35,5.38,5.17,33946,17910886.00,3.97,1.13,0.06,1.76
2020-12-18,5.32,5.45,5.58,5.30,45824,24838557.00,5.23,1.87,0.10,2.38
2020-12-21,5.44,5.53,5.59,5.37,43822,24061598.00,4.04,1.47,0.08,2.27
2020-12-22,5.54,5.50,5.58,5.43,45262,24910739.00,2.71,-0.54,-0.03,2.35
2020-12-23,5.48,5.57,5.63,5.45,47044,26037766.00,3.27,1.27,0.07,2.44
2020-12-24,5.51,5.68,5.69,5.42,78750,44053369.00,4.85,1.97,0.11,4.09
2020-12-25,5.67,5.78,5.81,5.58,78093,44567157.00,4.05,1.76,0.10,4.05
2020-12-28,5.77,6.05,6.36,5.68,201695,122092837.00,11.76,4.67,0.27,10.47
2020-12-29,6.05,6.05,6.18,5.88,151248,90967335.00,4.96,0.00,0.00,7.85
2020-12-30,6.00,6.09,6.15,5.88,103892,62566482.00,4.46,0.66,0.04,5.39
2020-12-31,6.03,5.78,6.03,5.65,129347,75406877.00,6.24,-5.09,-0.31,6.71
2021-01-04,5.75,5.63,5.75,5.55,83341,46876804.00,3.46,-2.60,-0.15,4.33
2021-01-05,5.59,5.74,5.82,5.52,86955,49528891.00,5.33,1.95,0.11,4.51
2021-01-06,5.70,5.50,5.73,5.46,61638,34496675.00,4.70,-4.18,-0.24,3.20
2021-01-07,5.45,5.14,5.47,5.09,72599,38143515.00,6.91,-6.55,-0.36,3.77
2021-01-08,5.10,5.17,5.23,5.02,31109,16008691.00,4.09,0.58,0.03,1.61
2021-01-11,5.15,4.94,5.20,4.91,38700,19413649.00,5.61,-4.45,-0.23,2.01
2021-01-12,4.94,4.95,5.04,4.91,24250,12045184.00,2.63,0.20,0.01,1.26
2021-01-13,4.92,4.70,4.92,4.60,51947,24619410.00,6.46,-5.05,-0.25,2.70
2021-01-14,4.68,4.73,4.80,4.63,28111,13259705.00,3.62,0.64,0.03,1.46
2021-01-15,4.73,4.83,4.87,4.70,28807,13885953.00,3.59,2.11,0.10,1.50
2021-01-18,4.81,4.91,4.98,4.80,20223,9923757.00,3.73,1.66,0.08,1.05
2021-01-19,4.97,4.99,5.02,4.90,24131,11995621.00,2.44,1.63,0.08,1.25
2021-01-20,4.99,4.93,5.03,4.89,16988,8382891.00,2.81,-1.20,-0.06,0.88
2021-01-21,4.94,4.95,5.03,4.91,22301,11071676.00,2.43,0.41,0.02,1.16
2021-01-22,4.96,4.91,4.99,4.50,29569,14485451.00,9.90,-0.81,-0.04,1.53
2021-01-25,4.91,4.76,4.91,4.70,26519,12712962.00,4.28,-3.05,-0.15,1.38
2021-01-26,4.78,4.74,4.83,4.67,18642,8839951.00,3.36,-0.42,-0.02,0.97
2021-01-27,4.74,4.69,4.78,4.67,16865,7937585.00,2.32,-1.05,-0.05,0.88
2021-01-28,4.60,4.68,4.73,4.60,12915,6059038.00,2.77,-0.21,-0.01,0.67
2021-01-29,4.74,4.62,4.74,4.56,20754,9586253.00,3.85,-1.28,-0.06,1.08
2021-02-01,4.58,4.56,4.67,4.52,17225,7886056.00,3.25,-1.30,-0.06,0.89
2021-02-02,4.56,4.50,4.58,4.48,18314,8270429.00,2.19,-1.32,-0.06,0.95
2021-02-03,4.50,4.44,4.55,4.42,18462,8272731.00,2.89,-1.33,-0.06,0.96
2021-02-04,4.46,4.26,4.47,4.17,31366,13434254.00,6.76,-4.05,-0.18,1.63
2021-02-05,4.26,4.27,4.39,4.20,20911,9015143.00,4.46,0.23,0.01,1.09
2021-02-08,4.29,4.20,4.33,4.16,20032,8503572.00,3.98,-1.64,-0.07,1.04
2021-02-09,4.20,4.27,4.27,4.16,14585,6154665.00,2.62,1.67,0.07,0.76
2021-02-10,4.27,4.31,4.37,4.26,15922,6878732.00,2.58,0.94,0.04,0.83
2021-02-18,4.36,4.52,4.54,4.35,26700,11927436.00,4.41,4.87,0.21,1.39
2021-02-19,4.66,4.97,4.97,4.62,78381,38243222.00,7.74,9.96,0.45,4.07
2021-02-22,4.97,4.94,5.11,4.78,135375,67291613.00,6.64,-0.60,-0.03,7.03
2021-02-23,4.86,4.74,4.90,4.73,66673,31920893.00,3.44,-4.05,-0.20,3.46
2021-02-24,4.72,4.80,4.95,4.72,62731,30323003.00,4.85,1.27,0.06,3.26
2021-02-25,4.84,4.81,4.85,4.74,38800,18552647.00,2.29,0.21,0.01,2.01
2021-02-26,4.75,4.89,4.93,4.71,54146,26348111.00,4.57,1.66,0.08,2.81
2021-03-01,4.86,4.95,4.98,4.84,49237,24175505.00,2.86,1.23,0.06,2.56
2021-03-02,4.90,5.03,5.08,4.89,60898,30318509.00,3.84,1.62,0.08,3.16
2021-03-03,4.99,5.02,5.03,4.91,45115,22425530.00,2.39,-0.20,-0.01,2.34
2021-03-04,5.00,4.96,5.04,4.92,35483,17673037.00,2.39,-1.20,-0.06,1.84
2021-03-05,4.93,5.06,5.09,4.93,59030,29694807.00,3.23,2.02,0.10,3.06
2021-03-08,5.03,5.10,5.26,5.02,76890,39678751.00,4.74,0.79,0.04,3.99
2021-03-09,5.09,5.27,5.61,4.99,113072,59635920.00,12.16,3.33,0.17,5.87
2021-03-10,5.20,4.92,5.20,4.92,77775,39315735.00,5.31,-6.64,-0.35,4.04
2021-03-11,4.91,4.98,5.02,4.89,45428,22485274.00,2.64,1.22,0.06,2.36
2021-03-12,4.93,5.19,5.23,4.93,62673,32028508.00,6.02,4.22,0.21,3.25
2021-03-15,5.17,5.11,5.29,5.05,52533,27121502.00,4.62,-1.54,-0.08,2.73
2021-03-16,5.11,5.16,5.18,5.05,29895,15311634.00,2.54,0.98,0.05,1.55
2021-03-17,5.20,5.11,5.21,5.10,24133,12406120.00,2.13,-0.97,-0.05,1.25
2021-03-18,5.15,5.30,5.38,5.12,75596,40055235.00,5.09,3.72,0.19,3.92
2021-03-19,5.18,5.38,5.47,5.18,69837,37284815.00,5.47,1.51,0.08,3.63
2021-03-22,5.39,5.35,5.42,5.27,35343,18828369.00,2.79,-0.56,-0.03,1.83
2021-03-23,5.35,5.26,5.35,5.20,31590,16590545.00,2.80,-1.68,-0.09,1.64
2021-03-24,5.21,5.30,5.30,5.16,29006,15207074.00,2.66,0.76,0.04,1.51
2021-03-25,5.35,5.37,5.58,5.30,53686,28900423.00,5.28,1.32,0.07,2.79
2021-03-26,5.36,5.60,5.83,5.28,126066,69796709.00,10.24,4.28,0.23,6.54
2021-03-29,5.52,5.55,5.78,5.44,105939,59095904.00,6.07,-0.89,-0.05,5.50
2021-03-30,5.50,5.76,5.77,5.40,109666,61705322.00,6.67,3.78,0.21,5.69
2021-03-31,5.76,6.34,6.34,5.65,299398,183195645.00,11.98,10.07,0.58,15.54
2021-04-01,6.25,6.09,6.59,6.04,296669,186378448.00,8.68,-3.94,-0.25,15.40
2021-04-02,6.70,6.70,6.70,6.70,47951,32127397.00,0.00,10.02,0.61,2.49
2021-04-06,7.37,7.37,7.37,7.37,10903,8035142.00,0.00,10.00,0.67,0.57
2021-04-07,8.11,8.11,8.11,8.11,15434,12516990.00,0.00,10.04,0.74,0.80
2021-04-08,8.92,8.92,8.92,8.92,39374,35121938.00,0.00,9.99,0.81,2.04
2021-04-09,9.81,9.81,9.81,9.81,83790,82197833.00,0.00,9.98,0.89,4.35
2021-04-12,10.79,10.79,10.79,10.79,43467,46900936.00,0.00,9.99,0.98,2.26
2021-04-13,11.87,11.87,11.87,11.34,978991,1156736768.00,4.91,10.01,1.08,50.82
2021-04-14,10.68,12.58,13.06,10.68,1064137,1269747168.00,20.05,5.98,0.71,55.24
2021-04-15,13.84,13.84,13.84,13.72,525116,726703552.00,0.95,10.02,1.26,27.26
2021-04-16,14.20,15.22,15.22,13.84,431500,634180608.00,9.97,9.97,1.38,22.40
2021-04-26,15.00,14.30,15.96,13.70,878267,1284679744.00,14.85,-6.04,-0.92,45.59
2021-04-27,13.80,14.59,15.60,13.40,844743,1225936976.00,15.38,2.03,0.29,43.85
2021-04-28,13.86,14.20,15.18,13.13,741816,1047064800.00,14.05,-2.67,-0.39,38.51
2021-04-29,14.21,15.62,15.62,13.82,884116,1356573264.00,12.68,10.00,1.42,45.89
2021-04-30,14.10,15.30,15.75,14.06,756401,1127431184.00,10.82,-2.05,-0.32,39.26
2021-05-06,16.82,16.83,16.83,16.55,424496,714044832.00,1.83,10.00,1.53,22.04
2021-05-07,17.44,15.60,17.90,15.60,738425,1226236064.00,13.67,-7.31,-1.23,38.33
2021-05-10,15.35,17.16,17.16,15.09,669721,1075340688.00,13.27,10.00,1.56,34.76
2021-05-11,16.20,16.29,18.80,15.44,742501,1232382720.00,19.58,-5.07,-0.87,38.54
2021-05-12,15.71,17.03,17.69,15.71,611740,1026934560.00,12.15,4.54,0.74,31.75
2021-05-13,16.80,18.73,18.73,16.75,701812,1275525728.00,11.63,9.98,1.70,36.43
2021-05-14,18.20,18.04,18.70,17.60,585542,1059741328.00,5.87,-3.68,-0.69,30.39
2021-05-17,17.25,16.55,17.45,16.24,511717,856429120.00,6.71,-8.26,-1.49,26.56
2021-05-18,16.24,16.65,17.03,15.89,433631,713306512.00,6.89,0.60,0.10,22.51
2021-05-19,16.45,16.33,17.18,16.21,391172,651541504.00,5.83,-1.92,-0.32,20.31
2021-05-20,15.88,15.11,16.45,15.09,397788,619502288.00,8.33,-7.47,-1.22,20.65
2021-05-21,14.85,15.81,16.27,14.41,451436,688486896.00,12.31,4.63,0.70,23.43
2021-05-24,15.72,16.02,16.45,15.40,366297,584386208.00,6.64,1.33,0.21,19.01
2021-05-25,15.71,16.55,16.66,15.50,473802,770459984.00,7.24,3.31,0.53,24.59
2021-05-26,16.22,15.70,16.35,15.50,389506,616877184.00,5.14,-5.14,-0.85,20.22
2021-05-27,15.54,16.85,17.17,15.26,571460,946669168.00,12.17,7.32,1.15,29.66
2021-05-28,16.56,16.66,17.35,16.40,468762,789147552.00,5.64,-1.13,-0.19,24.33
2021-05-31,16.50,18.33,18.33,15.82,498751,875963648.00,15.07,10.02,1.67,25.89
2021-06-01,20.16,20.16,20.16,20.16,39215,79057863.00,0.00,9.98,1.83,2.04
2021-06-02,21.44,20.80,22.18,20.17,886819,1885007312.00,9.97,3.17,0.64,46.03
2021-06-03,20.10,19.58,20.48,19.01,594365,1166791472.00,7.07,-5.87,-1.22,30.85
2021-06-04,18.80,18.59,19.21,18.28,443334,826578608.00,4.75,-5.06,-0.99,23.01
2021-06-07,17.70,17.50,17.95,17.04,462442,805295072.00,4.90,-5.86,-1.09,24.00
2021-06-08,17.83,18.15,18.68,17.36,554218,997412592.00,7.54,3.71,0.65,28.77
2021-06-09,17.70,17.18,18.50,16.93,416739,729679584.00,8.65,-5.34,-0.97,21.63
2021-06-10,16.80,17.37,17.73,16.40,426569,726870416.00,7.74,1.11,0.19,22.14
2021-06-11,17.38,15.96,17.40,15.63,495989,800250464.00,10.19,-8.12,-1.41,25.75
2021-06-15,15.60,14.97,15.70,14.88,335932,512743424.00,5.14,-6.20,-0.99,17.44
2021-06-16,14.94,14.10,15.05,14.00,295243,426781824.00,7.01,-5.81,-0.87,15.33
2021-06-17,14.15,14.31,14.70,13.92,318896,458047488.00,5.53,1.49,0.21,16.55
2021-06-18,14.13,14.73,14.88,13.83,372495,537268272.00,7.34,2.94,0.42,19.34
2021-06-21,14.51,15.43,15.88,14.28,422956,645481824.00,10.86,4.75,0.70,21.96
2021-06-22,15.43,15.01,15.60,14.88,335450,508953792.00,4.67,-2.72,-0.42,17.41
2021-06-23,14.88,15.66,16.16,14.70,436825,670726960.00,9.73,4.33,0.65,22.68
2021-06-24,15.36,14.45,15.40,14.40,319452,472862976.00,6.39,-7.73,-1.21,16.58
2021-06-25,14.30,14.66,14.79,14.23,206576,301031968.00,3.88,1.45,0.21,10.72
2021-06-28,14.30,14.92,15.16,14.29,229343,340859424.00,5.93,1.77,0.26,11.91
2021-06-29,14.96,15.80,16.20,14.44,485236,747596016.00,11.80,5.90,0.88,25.19
2021-06-30,15.47,15.30,15.73,15.08,303584,467911776.00,4.11,-3.16,-0.50,15.76
2021-07-01,15.07,15.12,16.01,15.00,329273,512717184.00,6.60,-1.18,-0.18,17.09
2021-07-02,14.90,14.25,14.94,13.93,269350,387325264.00,6.68,-5.75,-0.87,13.98
2021-07-05,13.93,14.24,14.43,13.85,168005,237555310.00,4.07,-0.07,-0.01,8.72
2021-07-06,14.20,13.40,14.25,13.01,268429,361800768.00,8.71,-5.90,-0.84,13.93
2021-07-07,13.36,13.50,13.55,13.21,163892,220088022.00,2.54,0.75,0.10,8.51
2021-07-08,13.50,13.01,13.56,12.77,237108,309686688.00,5.85,-3.63,-0.49,12.31
2021-07-09,13.00,13.20,13.34,12.90,183606,241014409.00,3.38,1.46,0.19,9.53
2021-07-12,13.22,13.36,13.71,13.04,209811,282151520.00,5.08,1.21,0.16,10.89
2021-07-13,13.50,13.45,13.50,12.96,186080,247032045.00,4.04,0.67,0.09,9.66
2021-07-14,13.45,13.71,14.40,13.31,352267,488789328.00,8.10,1.93,0.26,18.29
2021-07-15,13.40,13.30,13.41,12.70,235610,307794640.00,5.18,-2.99,-0.41,12.23
2021-07-16,13.18,13.28,13.55,13.03,167303,222673974.00,3.91,-0.15,-0.02,8.68
