2016-08-15,12.21,12.21,12.21,12.21,17,20757.00,0.00,10.00,1.11,0.01
2016-08-16,13.43,13.43,13.43,13.43,43,57749.00,0.00,9.99,1.22,0.01
2016-08-17,14.77,14.77,14.77,14.77,31,45787.00,0.00,9.98,1.34,0.01
2016-08-18,16.25,16.25,16.25,16.25,55,89456.00,0.00,10.02,1.48,0.02
2016-08-19,17.88,17.88,17.88,17.88,32,57216.00,0.00,10.03,1.63,0.01
2016-08-22,19.67,19.67,19.67,19.67,57,112315.00,0.00,10.01,1.79,0.02
2016-08-23,21.64,21.64,21.64,21.64,37,80349.00,0.00,10.02,1.97,0.01
2016-08-24,23.80,23.80,23.80,23.80,94,223958.00,0.00,9.98,2.16,0.03
2016-08-25,26.18,26.18,26.18,26.18,171,447311.00,0.00,10.00,2.38,0.06
2016-08-26,28.80,28.80,28.80,28.80,267,768960.00,0.00,10.01,2.62,0.09
2016-08-29,31.68,31.68,31.68,31.68,304,964402.00,0.00,10.00,2.88,0.10
2016-08-30,34.85,34.85,34.85,34.85,311,1084915.00,0.00,10.01,3.17,0.10
2016-08-31,38.34,38.34,38.34,38.34,380,1455616.00,0.00,10.01,3.49,0.13
2016-09-01,42.17,42.17,42.17,42.17,480,2024160.00,0.00,9.99,3.83,0.16
2016-09-02,46.39,46.39,46.39,46.39,639,2964321.00,0.00,10.01,4.22,0.21
2016-09-05,51.03,51.03,51.03,51.03,1055,5385808.00,0.00,10.00,4.64,0.35
2016-09-06,56.13,56.13,56.13,54.22,146882,820044368.00,3.74,9.99,5.10,48.96
2016-09-07,56.80,58.56,60.80,55.80,198311,1145978320.00,8.91,4.33,2.43,66.10
2016-09-08,55.95,54.75,56.51,54.10,120853,667469136.00,4.12,-6.51,-3.81,40.28
2016-09-09,53.80,52.56,53.98,51.00,99986,524849712.00,5.44,-4.00,-2.19,33.33
2016-09-12,50.92,57.82,57.82,50.70,134653,743396672.00,13.55,10.01,5.26,44.88
2016-09-13,57.95,55.47,58.80,54.15,122516,688823168.00,8.04,-4.06,-2.35,40.84
2016-09-14,54.70,53.88,55.32,52.80,88449,476851888.00,4.54,-2.87,-1.59,29.48
2016-09-19,54.05,54.35,55.55,53.00,68646,372320368.00,4.73,0.87,0.47,22.88
2016-09-20,54.00,55.08,55.89,53.21,71156,388827888.00,4.93,1.34,0.73,23.72
2016-09-21,54.40,53.83,55.97,53.60,64671,353308624.00,4.30,-2.27,-1.25,21.56
2016-09-22,53.82,51.65,53.85,51.55,67838,354873520.00,4.27,-4.05,-2.18,22.61
2016-09-23,51.40,50.00,51.98,49.88,46845,238266564.00,4.07,-3.19,-1.65,15.61
2016-09-26,49.50,47.50,49.70,47.50,42064,204046202.00,4.40,-5.00,-2.50,14.02
2016-09-27,47.39,47.71,47.83,46.30,33089,156348855.00,3.22,0.44,0.21,11.03
2016-09-28,47.05,49.50,50.93,47.05,53744,264507406.00,8.13,3.75,1.79,17.91
2016-09-29,49.02,52.46,53.59,49.00,68375,354211168.00,9.27,5.98,2.96,22.79
2016-09-30,51.70,50.43,52.46,50.22,47731,244669725.00,4.27,-3.87,-2.03,15.91
2016-10-10,51.40,52.45,53.00,50.28,46565,240576884.00,5.39,4.01,2.02,15.52
2016-10-11,51.80,54.90,55.55,51.67,65941,353384128.00,7.40,4.67,2.45,21.98
2016-10-12,54.03,54.18,54.49,53.03,45329,244035403.00,2.66,-1.31,-0.72,15.11
2016-10-13,53.80,52.57,54.42,52.36,37895,201250005.00,3.80,-2.97,-1.61,12.63
2016-10-14,51.78,52.98,53.85,51.59,28705,150949828.00,4.30,0.78,0.41,9.57
2016-10-17,52.50,52.96,53.50,51.01,35366,186083271.00,4.70,-0.04,-0.02,11.79
2016-10-18,52.95,53.20,53.75,52.52,40109,213144519.00,2.32,0.45,0.24,13.37
2016-10-19,53.20,53.30,54.00,52.38,43270,230703137.00,3.05,0.19,0.10,14.42
2016-10-20,53.01,52.58,53.96,51.95,39324,207894012.00,3.77,-1.35,-0.72,13.11
2016-10-21,52.50,51.58,53.40,50.67,48764,253927737.00,5.19,-1.90,-1.00,16.25
2016-10-24,51.01,51.30,52.85,50.82,32779,169308511.00,3.94,-0.54,-0.28,10.93
2016-10-25,51.65,53.66,54.29,51.39,64920,344762208.00,5.65,4.60,2.36,21.64
2016-10-26,52.70,51.90,53.00,51.27,42618,221793257.00,3.22,-3.28,-1.76,14.21
2016-10-27,51.97,54.30,54.82,51.31,67187,357934544.00,6.76,4.62,2.40,22.40
2016-10-28,53.87,54.40,56.70,53.66,79812,439211440.00,5.60,0.18,0.10,26.60
2016-10-31,52.90,50.72,52.90,50.23,54413,279100080.00,4.91,-6.76,-3.68,18.14
2016-11-01,50.13,51.34,51.82,50.13,30937,158387425.00,3.33,1.22,0.62,10.31
2016-11-02,51.00,51.50,52.47,50.70,33971,175013653.00,3.45,0.31,0.16,11.32
2016-11-03,51.41,50.88,52.08,50.73,35258,180983916.00,2.62,-1.20,-0.62,11.75
2016-11-04,50.62,53.00,53.88,50.60,51930,271516496.00,6.45,4.17,2.12,17.31
2016-11-07,53.55,53.50,54.68,52.40,48173,257839082.00,4.30,0.94,0.50,16.06
2016-11-08,53.38,55.75,56.52,52.88,73361,402915984.00,6.80,4.21,2.25,24.45
2016-11-09,55.29,60.70,61.33,54.85,124502,725106224.00,11.62,8.88,4.95,41.50
2016-11-10,60.10,60.90,63.45,59.10,121293,739959808.00,7.17,0.33,0.20,40.43
2016-11-11,60.05,59.00,62.30,58.50,70042,420466432.00,6.24,-3.12,-1.90,23.35
2016-11-14,58.51,56.80,59.00,56.21,59670,340932112.00,4.73,-3.73,-2.20,19.89
2016-11-15,56.82,57.17,57.68,56.43,32121,183251236.00,2.20,0.65,0.37,10.71
2016-11-16,57.17,54.05,57.25,54.00,50208,276522368.00,5.68,-5.46,-3.12,16.74
2016-11-17,54.05,54.00,54.35,53.01,22319,119977648.00,2.48,-0.09,-0.05,7.44
2016-11-18,54.08,54.10,55.74,53.86,30449,166977777.00,3.48,0.19,0.10,10.15
2016-11-21,54.14,55.22,55.41,53.05,34936,189851782.00,4.36,2.07,1.12,11.65
2016-11-22,55.09,57.34,57.68,55.09,48793,276105776.00,4.69,3.84,2.12,16.26
2016-11-23,57.00,54.70,57.34,54.55,37790,211454188.00,4.87,-4.60,-2.64,12.60
2016-11-24,54.00,55.09,55.58,54.00,27507,150767093.00,2.89,0.71,0.39,9.17
2016-11-25,54.81,54.97,55.49,52.11,27103,146208950.00,6.14,-0.22,-0.12,9.03
2016-11-28,54.98,55.79,56.56,54.45,39019,217876953.00,3.84,1.49,0.82,13.01
2016-11-29,54.98,53.16,54.98,53.16,29890,161281046.00,3.26,-4.71,-2.63,9.96
2016-11-30,52.60,51.28,53.00,50.70,29451,152117053.00,4.33,-3.54,-1.88,9.82
2016-12-01,51.53,51.94,52.48,51.30,15783,81713860.00,2.30,1.29,0.66,5.26
2016-12-02,52.00,50.05,52.34,50.00,23817,121392070.00,4.51,-3.64,-1.89,7.94
2016-12-05,48.94,49.40,50.69,48.65,14187,70572068.00,4.08,-1.30,-0.65,4.73
2016-12-06,49.71,49.60,50.50,49.51,10290,51440609.00,2.00,0.40,0.20,3.43
2016-12-07,49.88,49.83,50.14,48.88,17157,84612209.00,2.54,0.46,0.23,5.72
2016-12-08,49.85,49.13,49.97,49.10,11477,56851498.00,1.75,-1.40,-0.70,3.83
2016-12-09,48.80,47.82,49.20,47.63,16345,78944844.00,3.20,-2.67,-1.31,5.45
2016-12-12,47.80,43.05,47.97,43.04,26590,119181624.00,10.31,-9.97,-4.77,8.86
2016-12-13,42.08,42.82,43.38,41.51,19298,81821729.00,4.34,-0.53,-0.23,6.43
2016-12-14,42.35,44.78,45.29,40.95,36299,158214270.00,10.14,4.58,1.96,12.10
2016-12-15,44.13,44.33,45.71,43.89,29707,133133830.00,4.06,-1.00,-0.45,9.90
2016-12-16,44.20,44.00,44.65,43.48,15774,69311939.00,2.64,-0.74,-0.33,5.26
2016-12-19,44.00,43.73,44.48,43.52,8923,39164072.00,2.18,-0.61,-0.27,2.97
2016-12-20,43.46,43.17,44.00,43.04,8754,38003640.00,2.20,-1.28,-0.56,2.92
2016-12-21,43.24,43.70,43.87,43.09,10978,47705963.00,1.81,1.23,0.53,3.66
2016-12-22,43.70,44.40,45.24,43.52,20572,91566854.00,3.94,1.60,0.70,6.86
2016-12-23,44.60,41.72,44.60,41.70,20060,85926144.00,6.53,-6.04,-2.68,6.69
2016-12-26,41.05,42.45,42.58,40.10,13936,57792503.00,5.94,1.75,0.73,4.65
2016-12-27,42.44,42.16,42.65,42.09,7460,31599179.00,1.32,-0.68,-0.29,2.49
2016-12-28,42.18,41.25,42.32,40.90,7498,31246814.00,3.37,-2.16,-0.91,2.50
2016-12-29,41.77,40.89,41.99,40.76,11246,46591483.00,2.98,-0.87,-0.36,3.75
2016-12-30,40.90,40.87,41.38,40.65,7809,31956937.00,1.79,-0.05,-0.02,2.60
2017-01-03,40.90,41.66,41.96,40.90,9309,38613320.00,2.59,1.93,0.79,3.10
2017-01-04,41.67,42.43,42.45,41.41,14052,59016362.00,2.50,1.85,0.77,4.68
2017-01-05,42.39,41.42,42.49,41.30,11238,47072848.00,2.80,-2.38,-1.01,3.75
2017-01-06,41.53,39.91,41.70,39.80,15850,64053187.00,4.59,-3.65,-1.51,5.28
2017-01-09,39.80,39.23,39.80,38.70,11082,43421848.00,2.76,-1.70,-0.68,3.69
2017-01-10,39.33,39.09,39.65,38.91,8210,32243433.00,1.89,-0.36,-0.14,2.74
2017-01-11,39.04,37.43,39.28,37.42,12617,48534009.00,4.76,-4.25,-1.66,4.21
2017-01-12,37.20,37.11,37.78,37.08,9125,34128476.00,1.87,-0.85,-0.32,3.04
2017-01-13,37.11,34.68,37.28,34.68,19336,68554569.00,7.01,-6.55,-2.43,6.45
2017-01-16,34.61,32.31,34.68,31.52,18976,62661593.00,9.11,-6.83,-2.37,6.33
2017-01-17,32.03,33.78,34.48,31.75,17100,56376442.00,8.45,4.55,1.47,5.70
2017-01-18,33.57,32.65,33.64,32.53,9548,31635043.00,3.29,-3.35,-1.13,3.18
2017-01-19,32.50,33.17,33.90,32.00,11588,38381764.00,5.82,1.59,0.52,3.86
2017-01-20,33.00,33.99,34.49,32.53,15499,52498399.00,5.91,2.47,0.82,5.17
2017-01-23,34.01,34.15,34.66,33.71,10359,35391269.00,2.79,0.47,0.16,3.45
2017-01-24,34.15,33.19,34.33,33.03,7507,25224214.00,3.81,-2.81,-0.96,2.50
2017-01-25,33.26,33.72,33.82,33.10,8705,29130706.00,2.17,1.60,0.53,2.90
2017-01-26,33.95,34.18,34.29,33.80,9545,32515156.00,1.45,1.36,0.46,3.18
2017-02-03,34.21,33.81,34.39,33.55,6312,21406664.00,2.46,-1.08,-0.37,2.10
2017-02-06,33.97,34.88,35.00,33.61,13497,46527005.00,4.11,3.16,1.07,4.50
2017-02-07,34.89,34.99,35.31,34.18,14301,49579766.00,3.24,0.32,0.11,4.77
2017-02-08,34.79,35.96,36.25,34.70,20892,73938655.00,4.43,2.77,0.97,6.96
2017-02-09,35.60,35.86,36.28,35.60,15860,57047723.00,1.89,-0.28,-0.10,5.29
2017-02-10,35.81,35.26,35.99,35.10,11796,41772202.00,2.48,-1.67,-0.60,3.93
2017-02-13,35.24,36.20,36.20,35.01,16298,58372782.00,3.37,2.67,0.94,5.43
2017-02-14,36.05,38.19,39.70,36.01,50069,189820290.00,10.19,5.50,1.99,16.69
2017-02-15,38.00,39.00,39.70,37.30,48387,187116933.00,6.28,2.12,0.81,16.13
2017-02-16,38.44,39.93,40.29,38.12,55656,220181419.00,5.56,2.38,0.93,18.55
2017-02-17,39.80,38.58,39.90,38.51,29552,115747871.00,3.48,-3.38,-1.35,9.85
2017-02-20,38.47,37.12,38.99,36.00,29054,107649712.00,7.75,-3.78,-1.46,9.68
2017-02-21,37.38,37.76,38.08,36.80,16973,63559633.00,3.45,1.72,0.64,5.66
2017-02-22,37.65,36.92,37.65,36.78,15187,56456516.00,2.30,-2.22,-0.84,5.06
2017-02-23,37.00,37.34,37.80,37.00,13191,49301338.00,2.17,1.14,0.42,4.40
2017-02-24,37.21,37.56,37.76,37.04,14364,53808310.00,1.93,0.59,0.22,4.79
2017-02-27,37.56,37.33,38.32,37.33,14740,55744825.00,2.64,-0.61,-0.23,4.91
2017-02-28,37.00,37.29,37.33,36.52,11950,44102155.00,2.17,-0.11,-0.04,3.98
2017-03-01,37.29,37.62,37.95,37.29,14080,53056760.00,1.77,0.88,0.33,4.69
2017-03-02,37.70,37.10,37.85,36.95,15625,58501708.00,2.39,-1.38,-0.52,5.21
2017-03-03,36.94,37.49,37.58,36.28,13757,50852919.00,3.50,1.05,0.39,4.59
2017-03-06,37.48,39.00,39.27,37.48,27171,104667109.00,4.77,4.03,1.51,9.06
2017-03-07,39.01,39.10,39.48,38.56,21333,83213698.00,2.36,0.26,0.10,7.11
2017-03-08,39.10,40.22,42.39,39.01,36282,147443510.00,8.64,2.86,1.12,12.09
2017-03-09,40.23,44.24,44.24,39.01,66160,278196336.00,13.00,10.00,4.02,22.05
2017-03-10,43.80,43.64,45.47,42.03,77843,341550096.00,7.78,-1.36,-0.60,25.95
2017-03-13,43.64,42.69,43.69,42.00,33729,143556179.00,3.87,-2.18,-0.95,11.24
2017-03-14,42.62,43.15,43.68,42.10,33883,145337951.00,3.70,1.08,0.46,11.29
2017-03-15,42.69,41.47,42.75,41.41,25625,107881544.00,3.11,-3.89,-1.68,8.54
2017-03-16,41.53,42.13,42.59,41.49,23627,99527189.00,2.65,1.59,0.66,7.88
2017-03-17,41.90,41.58,43.14,41.58,23707,100233145.00,3.70,-1.31,-0.55,7.90
2017-03-20,40.70,41.80,41.92,40.68,18992,78278184.00,2.98,0.53,0.22,6.33
2017-03-21,41.81,42.75,42.82,41.68,22983,97396164.00,2.73,2.27,0.95,7.66
2017-03-22,42.76,43.60,44.06,42.19,42343,182823827.00,4.37,1.99,0.85,14.11
2017-03-23,43.61,42.69,44.50,41.63,35772,155612903.00,6.58,-2.09,-0.91,11.92
2017-03-24,42.10,45.80,46.60,42.10,92612,416885904.00,10.54,7.29,3.11,30.87
2017-03-27,45.00,45.66,47.70,44.68,94536,435505504.00,6.59,-0.31,-0.14,31.51
2017-03-28,44.10,42.58,44.90,42.43,56901,245133951.00,5.41,-6.75,-3.08,18.97
2017-03-29,42.62,39.47,44.00,39.45,39226,160484385.00,10.69,-7.30,-3.11,13.08
2017-03-30,38.94,38.18,39.33,36.66,28579,108211970.00,6.76,-3.27,-1.29,9.53
2017-03-31,38.19,37.98,38.78,37.50,15459,59096970.00,3.35,-0.52,-0.20,5.15
2017-04-05,37.50,38.42,38.60,37.20,12122,46139138.00,3.69,1.16,0.44,4.04
2017-04-06,38.42,39.95,40.46,38.15,29041,114544481.00,6.01,3.98,1.53,9.68
2017-04-07,39.57,38.60,39.87,38.59,18786,73487650.00,3.20,-3.38,-1.35,6.26
2017-04-10,38.90,35.27,38.90,34.90,28365,103975404.00,10.36,-8.63,-3.33,9.46
2017-04-11,35.35,36.11,36.13,34.31,18458,65164265.00,5.16,2.38,0.84,6.15
2017-04-12,35.85,36.80,37.42,35.55,21402,78680997.00,5.18,1.91,0.69,7.13
2017-04-13,36.76,36.94,37.18,36.51,8966,32927278.00,1.82,0.38,0.14,2.99
2017-04-14,36.80,36.88,37.00,36.22,9034,33018129.00,2.11,-0.16,-0.06,3.01
2017-04-17,35.80,34.91,36.60,34.70,11471,40481422.00,5.15,-5.34,-1.97,3.82
2017-04-18,35.60,35.28,35.60,34.80,9282,32607109.00,2.29,1.06,0.37,3.09
2017-04-19,35.40,35.83,35.95,34.50,9981,35308712.00,4.11,1.56,0.55,3.33
2017-04-20,35.83,36.18,36.28,35.66,9411,33918090.00,1.73,0.98,0.35,3.14
2017-04-21,36.23,35.80,36.23,35.13,7829,27947968.00,3.04,-1.05,-0.38,2.61
2017-04-24,35.78,33.88,35.80,32.71,11755,39349123.00,8.63,-5.36,-1.92,3.92
2017-04-25,33.84,34.22,34.25,33.22,8894,30066549.00,3.04,1.00,0.34,2.96
2017-04-26,34.08,34.50,35.68,33.86,7478,25783657.00,5.32,0.82,0.28,2.49
2017-04-27,34.80,34.88,34.94,33.33,12608,43158659.00,4.67,1.10,0.38,4.20
2017-04-28,34.69,34.61,34.98,34.47,6431,22286382.00,1.46,-0.77,-0.27,2.14
2017-05-02,34.50,33.53,34.77,33.50,6439,21945850.00,3.67,-3.12,-1.08,2.15
2017-05-03,33.85,34.01,34.15,33.11,8180,27551958.00,3.10,1.43,0.48,2.73
2017-05-04,33.90,33.82,34.01,33.02,7650,25713559.00,2.91,-0.56,-0.19,2.55
2017-05-05,33.88,35.15,35.50,33.68,22141,77153260.00,5.38,3.93,1.33,7.38
2017-05-08,34.94,35.33,36.22,34.59,19295,68709042.00,4.64,0.51,0.18,6.43
2017-05-09,35.01,35.50,36.15,34.52,14409,50883138.00,4.61,0.48,0.17,4.80
2017-05-10,35.35,35.10,36.19,35.10,18469,65972741.00,3.07,-1.13,-0.40,6.16
2017-05-11,35.14,34.51,35.14,33.15,15404,52643200.00,5.67,-1.68,-0.59,5.13
2017-05-12,34.73,33.85,34.73,33.50,9255,31458355.00,3.56,-1.91,-0.66,3.08
2017-05-15,33.69,33.37,34.20,33.32,6236,20966505.00,2.60,-1.42,-0.48,2.08
2017-05-16,33.64,34.73,34.73,33.10,10331,35003284.00,4.88,4.08,1.36,3.44
2017-05-17,34.67,34.41,35.20,34.40,11368,39592182.00,2.30,-0.92,-0.32,3.79
2017-05-18,34.20,34.64,34.89,34.05,6968,24111992.00,2.44,0.67,0.23,2.32
2017-05-19,34.70,34.14,35.14,34.01,6951,24062340.00,3.26,-1.44,-0.50,2.32
2017-05-22,34.06,32.07,34.06,31.68,10155,33533896.00,6.97,-6.06,-2.07,3.38
2017-05-23,32.00,29.08,32.55,28.86,14428,43505229.00,11.51,-9.32,-2.99,4.81
2017-05-24,28.78,28.80,29.19,27.16,7952,22565372.00,6.98,-0.96,-0.28,2.65
2017-05-25,28.90,28.52,28.90,27.37,8284,23355768.00,5.31,-0.97,-0.28,2.76
2017-05-26,28.55,28.85,29.02,28.04,6826,19496750.00,3.44,1.16,0.33,2.28
2017-05-31,29.22,28.89,30.19,28.66,8875,26061647.00,5.30,0.14,0.04,2.96
2017-06-01,28.77,26.50,28.77,26.50,8591,23662557.00,7.86,-8.27,-2.39,2.86
2017-06-02,26.47,27.35,27.48,25.51,8791,23478288.00,7.43,3.21,0.85,2.93
2017-06-05,27.22,27.36,28.02,27.15,5633,15558654.00,3.18,0.04,0.01,1.88
2017-06-06,27.30,28.34,28.56,27.25,11551,32334660.00,4.79,3.58,0.98,3.85
2017-06-07,28.95,30.07,30.60,28.50,19932,59444664.00,7.41,6.10,1.73,6.64
2017-06-08,30.00,30.09,30.57,29.72,13795,41526522.00,2.83,0.07,0.02,4.60
2017-06-09,30.10,30.17,30.41,29.60,8928,26850307.00,2.69,0.27,0.08,2.98
2017-06-12,30.10,29.27,30.10,28.90,8914,26175797.00,3.98,-2.98,-0.90,2.97
2017-06-13,18.27,18.79,18.87,18.01,17987,33547601.00,2.94,-35.80,-10.48,3.75
2017-06-14,18.85,18.60,18.90,18.40,14303,26567871.00,2.66,-1.01,-0.19,2.98
2017-06-15,18.50,19.50,19.68,18.34,29157,55861454.00,7.20,4.84,0.90,6.07
2017-06-16,19.38,18.96,19.38,18.91,19672,37607968.00,2.41,-2.77,-0.54,4.10
2017-06-19,18.98,18.91,19.13,18.71,12009,22695697.00,2.22,-0.26,-0.05,2.50
2017-06-20,19.00,18.77,19.19,18.75,9786,18480054.00,2.33,-0.74,-0.14,2.04
2017-06-21,18.84,18.80,18.99,18.41,9065,16882729.00,3.09,0.16,0.03,1.89
2017-06-22,18.76,17.94,18.76,17.81,9876,18177001.00,5.05,-4.57,-0.86,2.06
2017-06-23,17.90,18.47,18.50,17.61,11012,19731807.00,4.96,2.95,0.53,2.29
2017-06-26,18.44,18.61,18.67,18.03,9236,16990631.00,3.47,0.76,0.14,1.92
2017-06-27,18.60,18.68,18.77,18.37,8794,16364690.00,2.15,0.38,0.07,1.83
2017-06-28,18.67,18.38,18.67,18.01,8256,15040218.00,3.53,-1.61,-0.30,1.72
2017-06-29,18.35,18.39,18.45,18.21,7772,14234843.00,1.31,0.05,0.01,1.62
2017-06-30,18.34,18.30,18.41,18.11,6141,11225494.00,1.63,-0.49,-0.09,1.28
2017-07-03,18.30,18.32,18.40,18.05,5487,10020945.00,1.91,0.11,0.02,1.14
2017-07-04,18.40,18.21,18.40,18.10,4653,8490072.00,1.64,-0.60,-0.11,0.97
2017-07-05,18.33,18.46,18.62,18.15,10720,19658822.00,2.58,1.37,0.25,2.23
2017-07-06,18.47,18.42,18.57,18.30,11150,20552484.00,1.46,-0.22,-0.04,2.32
2017-07-07,18.39,18.68,18.78,18.27,15911,29532785.00,2.77,1.41,0.26,3.31
2017-07-10,18.50,18.23,18.50,17.93,13187,24008977.00,3.05,-2.41,-0.45,2.75
2017-07-11,18.25,17.74,18.25,17.65,8356,14927816.00,3.29,-2.69,-0.49,1.74
2017-07-12,17.73,17.47,17.87,16.96,10994,18973786.00,5.13,-1.52,-0.27,2.29
2017-07-13,17.24,17.03,17.35,17.00,6474,11102388.00,2.00,-2.52,-0.44,1.35
2017-07-14,17.03,16.88,17.03,16.81,5262,8891309.00,1.29,-0.88,-0.15,1.10
2017-07-17,16.95,15.19,17.00,15.19,20155,31691719.00,10.72,-10.01,-1.69,4.20
2017-07-18,15.10,15.34,15.50,14.70,11772,17808212.00,5.27,0.99,0.15,2.45
2017-07-19,15.33,15.66,15.68,15.04,8047,12403956.00,4.17,2.09,0.32,1.68
2017-07-20,15.46,16.21,16.87,15.46,16956,27737433.00,9.00,3.51,0.55,3.53
2017-07-21,16.03,16.36,16.60,16.00,9713,15868592.00,3.70,0.93,0.15,2.02
2017-07-24,16.30,16.27,16.39,15.88,7705,12468109.00,3.12,-0.55,-0.09,1.61
2017-07-25,16.39,16.72,16.85,16.13,13152,21852387.00,4.43,2.77,0.45,2.74
2017-07-26,16.97,16.83,17.00,16.55,9002,15105189.00,2.69,0.66,0.11,1.88
2017-07-27,16.80,17.36,17.41,16.59,15081,25886724.00,4.87,3.15,0.53,3.14
2017-07-28,17.10,17.90,18.45,17.10,16165,28497335.00,7.78,3.11,0.54,3.37
2017-07-31,17.73,17.97,18.18,17.61,15540,27811619.00,3.18,0.39,0.07,3.24
2017-08-01,18.22,18.22,18.60,17.53,24017,43273079.00,5.95,1.39,0.25,5.00
2017-08-02,18.25,17.80,18.30,17.56,9889,17616502.00,4.06,-2.31,-0.42,2.06
2017-08-03,17.85,17.87,17.98,17.41,10471,18619565.00,3.20,0.39,0.07,2.18
2017-08-04,17.80,17.21,17.90,17.02,10626,18563196.00,4.92,-3.69,-0.66,2.21
2017-08-07,17.18,17.42,17.45,17.07,8959,15499617.00,2.21,1.22,0.21,1.87
2017-08-08,17.58,17.35,17.58,17.08,11090,19159545.00,2.87,-0.40,-0.07,2.31
2017-08-09,17.43,17.29,17.43,17.13,6226,10743508.00,1.73,-0.35,-0.06,1.30
2017-08-10,17.40,16.95,17.40,16.57,14309,24362793.00,4.80,-1.97,-0.34,2.98
2017-08-11,16.90,16.75,16.95,16.04,9657,15978198.00,5.37,-1.18,-0.20,2.01
2017-08-14,16.59,16.74,16.85,16.30,8012,13338868.00,3.28,-0.06,-0.01,0.91
2017-08-15,16.74,16.54,16.74,16.40,8628,14288383.00,2.03,-1.19,-0.20,0.98
2017-08-16,16.43,16.93,16.96,16.31,12995,21749101.00,3.93,2.36,0.39,1.48
2017-08-17,16.95,16.72,16.95,16.54,13396,22367136.00,2.42,-1.24,-0.21,1.52
2017-08-18,16.68,16.30,16.68,16.20,10405,17103229.00,2.87,-2.51,-0.42,1.18
2017-08-21,16.26,16.61,16.75,16.00,15381,25253286.00,4.60,1.90,0.31,1.75
2017-08-22,16.50,16.30,16.71,16.23,10939,17958336.00,2.89,-1.87,-0.31,1.25
2017-08-23,16.16,16.32,16.39,15.90,11652,18761811.00,3.01,0.12,0.02,1.33
2017-08-24,16.28,16.16,16.31,15.96,6869,11054430.00,2.14,-0.98,-0.16,0.78
2017-08-25,16.13,16.60,16.76,16.03,26690,43648243.00,4.52,2.72,0.44,3.04
2017-08-28,16.48,16.88,16.98,16.48,24442,40959020.00,3.01,1.69,0.28,2.78
2017-08-29,17.74,16.88,17.74,16.88,27571,47341104.00,5.09,0.00,0.00,3.14
2017-08-30,17.18,16.81,17.18,16.56,18056,30226503.00,3.67,-0.41,-0.07,2.06
2017-08-31,16.63,16.60,16.78,16.45,19412,32201783.00,1.96,-1.25,-0.21,2.21
2017-09-01,16.56,16.41,16.65,16.39,14746,24270202.00,1.57,-1.14,-0.19,1.68
2017-09-04,16.41,16.14,16.46,16.12,18828,30504354.00,2.07,-1.65,-0.27,2.14
2017-09-05,16.19,16.26,16.31,16.14,18980,30814454.00,1.05,0.74,0.12,2.16
2017-09-06,16.19,16.21,16.29,16.07,18831,30404533.00,1.35,-0.31,-0.05,2.14
2017-09-07,16.20,16.40,16.40,16.17,25426,41465288.00,1.42,1.17,0.19,2.89
2017-09-08,16.39,16.22,16.39,16.09,18516,30087465.00,1.83,-1.10,-0.18,2.11
2017-09-11,16.24,16.33,16.35,16.15,14000,22785147.00,1.23,0.68,0.11,1.59
2017-09-12,16.38,16.11,16.38,16.06,19297,31272976.00,1.96,-1.35,-0.22,2.20
2017-09-13,16.08,15.92,16.08,15.70,17571,27867975.00,2.36,-1.18,-0.19,2.00
2017-09-14,16.09,15.73,16.09,15.65,18751,29661172.00,2.76,-1.19,-0.19,2.13
2017-09-15,15.67,15.79,15.90,15.67,10238,16124382.00,1.46,0.38,0.06,1.17
2017-09-18,15.79,15.92,15.94,15.73,11070,17557854.00,1.33,0.82,0.13,1.26
2017-09-19,15.91,15.68,15.96,15.66,13614,21479133.00,1.88,-1.51,-0.24,1.55
2017-09-20,15.64,15.86,15.87,15.61,12775,20137143.00,1.66,1.15,0.18,1.45
2017-09-21,15.85,16.78,17.17,15.71,72724,120131040.00,9.21,5.80,0.92,8.28
2017-09-22,16.49,17.74,18.21,16.31,87956,149943041.00,11.32,5.72,0.96,10.01
2017-09-25,17.38,17.08,17.68,16.88,52315,90573250.00,4.51,-3.72,-0.66,5.96
2017-09-26,16.90,16.63,17.18,16.35,31754,52893534.00,4.86,-2.63,-0.45,3.61
2017-09-27,16.62,17.15,17.50,16.44,37255,63460207.00,6.37,3.13,0.52,4.24
2017-09-28,17.05,16.75,17.09,16.69,24963,42079767.00,2.33,-2.33,-0.40,2.84
2017-09-29,16.72,16.93,17.20,16.63,22829,38617688.00,3.40,1.07,0.18,2.60
2017-10-09,17.33,16.87,17.33,16.81,24637,41788691.00,3.07,-0.35,-0.06,2.80
2017-10-10,16.83,17.20,17.20,16.70,31437,53589224.00,2.96,1.96,0.33,3.58
2017-10-11,17.20,16.93,17.23,16.87,22780,38648369.00,2.09,-1.57,-0.27,2.59
2017-10-12,16.86,16.91,17.12,16.78,14602,24739822.00,2.01,-0.12,-0.02,1.66
2017-10-13,16.81,16.90,17.03,16.69,17817,30031512.00,2.01,-0.06,-0.01,2.03
2017-10-16,16.79,16.03,16.88,16.00,21481,35192673.00,5.21,-5.15,-0.87,2.45
2017-10-17,15.87,15.98,16.13,15.87,9760,15624212.00,1.62,-0.31,-0.05,1.11
2017-10-18,15.98,15.70,16.26,15.63,10457,16736282.00,3.94,-1.75,-0.28,1.19
2017-10-19,15.71,15.17,15.88,15.11,15904,24505050.00,4.90,-3.38,-0.53,1.81
2017-10-20,15.17,15.37,15.53,15.17,9077,13939273.00,2.37,1.32,0.20,1.03
2017-10-23,15.38,15.48,15.52,15.36,6306,9738431.00,1.04,0.72,0.11,0.72
2017-10-24,15.50,15.48,15.50,15.25,9242,14159466.00,1.61,0.00,0.00,1.05
2017-10-25,15.41,16.10,16.48,15.39,21810,34918992.00,7.04,4.01,0.62,2.48
2017-10-26,16.00,16.02,16.25,15.88,10023,16039427.00,2.30,-0.50,-0.08,1.14
2017-10-27,16.00,15.79,16.00,15.60,11142,17599677.00,2.50,-1.44,-0.23,1.27
2017-10-30,15.62,15.40,15.82,15.12,9134,13971358.00,4.43,-2.47,-0.39,1.04
2017-10-31,15.23,15.58,15.63,15.23,6131,9468715.00,2.60,1.17,0.18,0.70
2017-11-01,15.65,15.80,15.83,15.45,8913,13929212.00,2.44,1.41,0.22,1.01
2017-11-02,15.72,15.78,15.81,15.52,7588,11890169.00,1.84,-0.13,-0.02,0.86
2017-11-03,15.79,15.44,15.79,15.16,11966,18423690.00,3.99,-2.15,-0.34,1.36
2017-11-06,15.53,15.60,15.65,15.17,6351,9842957.00,3.11,1.04,0.16,0.72
2017-11-07,15.60,15.46,15.66,15.31,9591,14797878.00,2.24,-0.90,-0.14,1.09
2017-11-08,15.46,15.80,15.81,15.45,15602,24452350.00,2.33,2.20,0.34,1.78
2017-11-09,15.90,15.76,15.90,15.63,10257,16128401.00,1.71,-0.25,-0.04,1.17
2017-11-10,15.88,15.73,15.88,15.60,11240,17657786.00,1.78,-0.19,-0.03,1.28
2017-11-13,15.70,15.49,15.88,15.39,12050,18709693.00,3.12,-1.53,-0.24,1.37
2017-11-14,15.41,15.42,15.56,15.18,9399,14412070.00,2.45,-0.45,-0.07,1.07
2017-11-15,15.40,15.49,15.56,15.17,10180,15653378.00,2.53,0.45,0.07,1.16
2017-11-16,15.37,15.37,15.49,15.25,6761,10395461.00,1.55,-0.77,-0.12,0.77
2017-11-17,15.34,14.96,15.70,14.00,17541,26457841.00,11.06,-2.67,-0.41,2.00
2017-11-20,14.92,15.26,15.27,14.62,11965,18004867.00,4.34,2.01,0.30,1.36
2017-11-21,15.35,15.52,15.64,15.14,16646,25640512.00,3.28,1.70,0.26,1.89
2017-11-22,15.50,15.20,15.52,15.00,13368,20329928.00,3.35,-2.06,-0.32,1.52
2017-11-23,15.25,14.85,15.32,14.55,9637,14272680.00,5.07,-2.30,-0.35,1.10
2017-11-24,14.83,14.68,14.88,14.58,6013,8834814.00,2.02,-1.14,-0.17,0.68
2017-11-27,14.62,14.13,14.72,14.13,9011,12952771.00,4.02,-3.75,-0.55,1.03
2017-11-28,14.16,14.40,14.55,14.10,7973,11314186.00,3.18,1.91,0.27,0.91
2017-11-29,14.40,14.09,14.40,13.79,9783,13707001.00,4.24,-2.15,-0.31,1.11
2017-11-30,14.03,13.58,14.09,13.58,11077,15238443.00,3.62,-3.62,-0.51,1.26
2017-12-01,13.61,13.58,13.77,13.55,9505,12938514.00,1.62,0.00,0.00,1.08
2017-12-04,13.61,13.25,13.71,13.10,12519,16677024.00,4.49,-2.43,-0.33,1.43
2017-12-05,13.25,11.93,13.25,11.93,25107,31003796.00,9.96,-9.96,-1.32,2.86
2017-12-06,11.73,11.68,11.83,11.30,32769,37648098.00,4.44,-2.10,-0.25,3.73
2017-12-07,11.59,11.73,11.85,11.48,19308,22457632.00,3.17,0.43,0.05,2.20
2017-12-08,11.73,11.83,12.05,11.73,14213,16882304.00,2.73,0.85,0.10,1.62
2017-12-11,12.30,12.02,12.34,11.91,14304,17281600.00,3.63,1.61,0.19,1.63
2017-12-12,11.91,11.68,12.09,11.65,10125,11980772.00,3.66,-2.83,-0.34,1.15
2017-12-13,11.72,11.89,11.91,11.65,7296,8630661.00,2.23,1.80,0.21,0.83
2017-12-14,11.92,11.91,11.93,11.72,8158,9641297.00,1.77,0.17,0.02,0.93
2017-12-15,11.94,11.96,11.99,11.76,8792,10470975.00,1.93,0.42,0.05,1.00
2017-12-18,11.96,11.73,11.98,11.68,7694,9085153.00,2.51,-1.92,-0.23,0.88
2017-12-19,11.73,11.86,11.93,11.73,7327,8685626.00,1.71,1.11,0.13,0.83
2017-12-20,11.88,11.52,11.95,11.38,10271,11933797.00,4.81,-2.87,-0.34,1.17
2017-12-21,11.56,11.50,11.63,11.36,6627,7620794.00,2.34,-0.17,-0.02,0.75
2017-12-22,11.61,11.34,11.61,11.33,5889,6723406.00,2.43,-1.39,-0.16,0.67
2017-12-25,11.35,11.05,11.45,10.91,8681,9671878.00,4.76,-2.56,-0.29,0.99
2017-12-26,11.05,11.91,12.16,11.05,21202,24752767.00,10.05,7.78,0.86,2.41
2017-12-27,11.97,11.60,11.97,11.48,13621,15885815.00,4.11,-2.60,-0.31,1.55
2017-12-28,11.50,11.56,11.79,11.49,8292,9665305.00,2.59,-0.34,-0.04,0.94
2017-12-29,11.60,11.99,12.45,11.53,14713,17636947.00,7.96,3.72,0.43,1.67
2018-01-02,11.93,11.90,12.07,11.70,11953,14150927.00,3.09,-0.75,-0.09,1.36
2018-01-03,11.95,11.92,11.99,11.82,9483,11294155.00,1.43,0.17,0.02,1.08
2018-01-04,11.92,12.20,12.20,11.83,13938,16797352.00,3.10,2.35,0.28,1.59
2018-01-05,12.25,13.16,13.42,12.03,45866,59492334.00,11.39,7.87,0.96,5.22
2018-01-08,13.12,12.68,13.13,12.61,26427,33921310.00,3.95,-3.65,-0.48,3.01
2018-01-09,12.66,12.39,12.79,12.36,15574,19470667.00,3.39,-2.29,-0.29,1.77
2018-01-10,12.36,12.04,12.43,11.92,14943,18109920.00,4.12,-2.82,-0.35,1.70
2018-01-11,11.92,12.19,12.29,11.92,9727,11847860.00,3.07,1.25,0.15,1.11
2018-01-12,12.28,11.99,12.28,11.92,8510,10269606.00,2.95,-1.64,-0.20,0.97
2018-01-15,11.99,11.46,11.99,11.27,10788,12465269.00,6.01,-4.42,-0.53,1.23
2018-01-16,11.46,11.58,11.75,11.35,6274,7273868.00,3.49,1.05,0.12,0.71
2018-01-17,11.58,11.77,11.87,11.32,9120,10602193.00,4.75,1.64,0.19,1.04
2018-01-18,11.71,11.76,11.95,11.61,7167,8448431.00,2.89,-0.08,-0.01,0.82
2018-01-19,11.76,11.71,11.87,11.67,5915,6966823.00,1.70,-0.43,-0.05,0.67
2018-01-22,11.71,11.83,11.93,11.41,7415,8679196.00,4.44,1.02,0.12,0.84
2018-01-23,11.89,12.14,12.48,11.83,14414,17544574.00,5.49,2.62,0.31,1.64
2018-01-24,12.25,12.16,12.25,11.92,10141,12245325.00,2.72,0.16,0.02,1.15
2018-01-25,12.14,12.04,12.24,12.02,7382,8932572.00,1.81,-0.99,-0.12,0.84
2018-01-26,12.05,11.90,12.12,11.86,6789,8144517.00,2.16,-1.16,-0.14,0.77
2018-01-29,11.89,11.78,12.00,11.70,5336,6309251.00,2.52,-1.01,-0.12,0.61
2018-01-30,11.65,11.76,12.00,11.65,3210,3781674.00,2.97,-0.17,-0.02,0.37
2018-01-31,11.68,11.32,11.80,11.22,7700,8822656.00,4.93,-3.74,-0.44,0.88
2018-02-01,11.22,10.86,11.32,10.81,11245,12373290.00,4.51,-4.06,-0.46,1.28
2018-02-02,10.86,10.73,10.86,10.57,6843,7330755.00,2.67,-1.20,-0.13,0.78
2018-02-05,10.70,10.50,10.72,10.49,5317,5635267.00,2.14,-2.14,-0.23,0.61
2018-02-06,10.10,9.86,10.39,9.70,8003,8072807.00,6.57,-6.10,-0.64,0.91
2018-02-07,10.01,10.01,10.10,9.52,6024,5983358.00,5.88,1.52,0.15,0.69
2018-02-08,10.00,10.13,10.19,9.90,3286,3322946.00,2.90,1.20,0.12,0.37
2018-02-09,10.00,9.81,10.00,9.70,3831,3785890.00,2.96,-3.16,-0.32,0.44
2018-02-12,9.88,10.07,10.14,9.81,4016,4024837.00,3.36,2.65,0.26,0.46
2018-02-13,10.19,9.95,10.19,9.95,4802,4832348.00,2.38,-1.19,-0.12,0.55
2018-02-14,9.99,10.02,10.08,9.95,2719,2723748.00,1.31,0.70,0.07,0.31
2018-02-22,10.08,10.17,10.26,10.03,2958,3010381.00,2.30,1.50,0.15,0.34
2018-02-23,10.25,10.21,10.25,10.08,2536,2584746.00,1.67,0.39,0.04,0.29
2018-02-26,10.19,10.52,10.53,10.18,7247,7571379.00,3.43,3.04,0.31,0.83
2018-02-27,10.60,10.70,10.72,10.52,8507,9069842.00,1.90,1.71,0.18,0.97
2018-02-28,10.68,10.91,11.05,10.50,11352,12386203.00,5.14,1.96,0.21,1.29
2018-03-01,10.80,11.42,11.45,10.80,16608,18812498.00,5.96,4.67,0.51,1.89
2018-03-02,11.36,11.29,11.73,11.24,11639,13351694.00,4.29,-1.14,-0.13,1.33
2018-03-05,11.10,11.34,11.57,11.04,10619,12106857.00,4.69,0.44,0.05,1.21
2018-03-06,11.48,11.49,11.67,11.36,9420,10838723.00,2.73,1.32,0.15,1.07
2018-03-07,11.49,11.28,11.56,11.22,8747,9973286.00,2.96,-1.83,-0.21,1.00
2018-03-08,11.27,11.26,11.41,11.16,4670,5251089.00,2.22,-0.18,-0.02,0.53
2018-03-09,11.33,11.45,11.59,11.26,12193,14001420.00,2.93,1.69,0.19,1.39
2018-03-12,11.45,11.82,11.89,11.45,13407,15744760.00,3.84,3.23,0.37,1.53
2018-03-13,11.74,11.83,11.83,11.56,7684,9021228.00,2.28,0.08,0.01,0.87
2018-03-14,11.89,11.55,12.08,11.54,7739,9136087.00,4.56,-2.37,-0.28,0.88
2018-03-15,11.48,11.20,11.48,11.07,6558,7374558.00,3.55,-3.03,-0.35,0.75
2018-03-16,11.19,11.20,11.35,11.10,5042,5654486.00,2.23,0.00,0.00,0.57
2018-03-19,11.20,11.32,11.39,11.12,3989,4502948.00,2.41,1.07,0.12,0.45
2018-03-20,11.22,11.52,11.60,11.22,6289,7174678.00,3.36,1.77,0.20,0.72
2018-03-21,11.36,11.61,11.78,11.36,7543,8784989.00,3.65,0.78,0.09,0.86
2018-03-22,11.62,11.65,11.93,11.53,6796,7955575.00,3.45,0.34,0.04,0.77
2018-03-23,11.65,10.93,11.65,10.55,9467,10393867.00,9.44,-6.18,-0.72,1.08
2018-03-26,10.77,12.02,12.02,10.45,23346,26972770.00,14.36,9.97,1.09,2.66
2018-03-27,12.59,12.31,12.85,12.27,47983,60357981.00,4.83,2.41,0.29,5.46
2018-03-28,11.89,11.90,12.42,11.85,24826,30008515.00,4.63,-3.33,-0.41,2.83
2018-03-29,11.85,12.29,12.51,11.85,21128,25753634.00,5.55,3.28,0.39,2.41
2018-03-30,12.17,12.30,12.36,12.17,13609,16678647.00,1.55,0.08,0.01,1.55
2018-04-02,12.28,12.02,12.28,12.00,16381,19869357.00,2.28,-2.28,-0.28,1.87
2018-04-03,11.88,11.95,11.95,11.68,14901,17560202.00,2.25,-0.58,-0.07,1.70
2018-04-04,11.95,12.30,12.78,11.94,23345,28728249.00,7.03,2.93,0.35,2.66
2018-04-09,12.19,12.68,12.70,11.86,21717,26799671.00,6.83,3.09,0.38,2.47
2018-04-10,12.50,12.53,12.73,12.31,22016,27482210.00,3.31,-1.18,-0.15,2.51
2018-04-11,12.52,12.88,13.63,12.45,40308,52315150.00,9.42,2.79,0.35,4.59
2018-04-12,12.77,12.92,13.19,12.66,22108,28563747.00,4.11,0.31,0.04,2.52
2018-04-13,12.81,12.63,13.11,12.51,16055,20546888.00,4.64,-2.24,-0.29,1.83
2018-04-16,12.52,12.39,12.67,12.06,11304,14057953.00,4.83,-1.90,-0.24,1.29
2018-04-17,12.40,12.17,12.65,12.12,8343,10263566.00,4.28,-1.78,-0.22,0.95
2018-04-18,12.31,12.71,12.77,12.01,15113,18764896.00,6.24,4.44,0.54,1.72
2018-04-19,12.65,13.08,13.10,12.62,22186,28578649.00,3.78,2.91,0.37,2.53
2018-04-20,13.03,12.85,13.13,12.80,15888,20518584.00,2.52,-1.76,-0.23,1.81
2018-04-23,12.85,13.59,13.90,12.75,38947,51947626.00,8.95,5.76,0.74,4.43
2018-04-24,13.42,13.62,13.70,13.35,34210,46301374.00,2.58,0.22,0.03,3.90
2018-04-25,13.41,13.75,13.78,13.18,34736,46821375.00,4.41,0.95,0.13,3.95
2018-04-26,13.80,13.03,13.82,13.00,21416,28750761.00,5.96,-5.24,-0.72,2.44
2018-04-27,13.01,13.09,13.35,13.01,12864,16914845.00,2.61,0.46,0.06,1.46
2018-05-02,13.09,12.72,13.19,12.49,16118,20477136.00,5.35,-2.83,-0.37,1.84
2018-05-03,12.61,13.99,13.99,12.60,68976,94880563.00,10.93,9.98,1.27,7.85
2018-05-04,14.50,13.89,14.60,13.50,78774,110388223.00,7.86,-0.71,-0.10,8.97
2018-05-07,13.58,13.80,14.08,13.58,41555,57290757.00,3.60,-0.65,-0.09,4.73
2018-05-08,13.68,13.79,13.99,13.68,33816,46661985.00,2.25,-0.07,-0.01,3.85
2018-05-09,13.66,13.40,13.70,13.22,40810,54759570.00,3.48,-2.83,-0.39,4.65
2018-05-10,13.68,13.69,14.05,13.44,36364,49864020.00,4.55,2.16,0.29,4.14
2018-05-11,13.64,13.34,13.65,13.20,26180,34921407.00,3.29,-2.56,-0.35,2.98
2018-05-14,13.20,13.43,13.51,13.10,16617,22232211.00,3.07,0.67,0.09,1.89
2018-05-15,13.54,13.42,13.54,13.12,18267,24320827.00,3.13,-0.07,-0.01,2.08
2018-05-16,13.33,13.32,13.72,13.27,17610,23777875.00,3.35,-0.75,-0.10,2.01
2018-05-17,13.20,12.74,13.36,12.66,29135,37448454.00,5.26,-4.35,-0.58,3.32
2018-05-18,12.75,12.54,12.75,12.26,18018,22483401.00,3.85,-1.57,-0.20,2.05
2018-05-21,12.51,12.82,12.96,12.41,15298,19519557.00,4.39,2.23,0.28,1.74
2018-05-22,12.74,12.96,12.96,12.62,12310,15725235.00,2.65,1.09,0.14,1.40
2018-05-23,12.83,12.78,12.95,12.76,8557,10975753.00,1.47,-1.39,-0.18,0.97
2018-05-24,12.79,12.94,12.98,12.63,13186,16954683.00,2.74,1.25,0.16,1.50
2018-05-25,12.94,13.20,13.32,12.52,24909,32526544.00,6.18,2.01,0.26,2.84
2018-05-28,13.20,13.27,13.50,13.06,23541,31330320.00,3.33,0.53,0.07,2.68
2018-05-29,13.28,13.48,13.67,13.10,28438,38101267.00,4.30,1.58,0.21,3.24
2018-05-30,13.33,13.32,13.85,12.50,50251,67204374.00,10.01,-1.19,-0.16,5.72
2018-05-31,13.31,13.75,14.10,13.13,58930,79883703.00,7.28,3.23,0.43,6.71
2018-06-01,13.63,13.30,13.97,13.25,49401,67064878.00,5.24,-3.27,-0.45,5.62
2018-06-04,13.20,11.97,13.30,11.97,47063,59276010.00,10.00,-10.00,-1.33,5.36
2018-06-05,11.79,11.79,11.95,11.20,24846,29058379.00,6.27,-1.50,-0.18,2.83
2018-06-06,11.74,12.05,12.29,11.70,19999,24083591.00,5.00,2.21,0.26,2.28
2018-06-07,12.05,11.76,12.18,11.75,13313,15792702.00,3.57,-2.41,-0.29,1.52
2018-06-08,11.50,11.15,11.79,10.60,25334,28584529.00,10.12,-5.19,-0.61,2.88
2018-06-11,11.17,11.17,11.37,11.04,10937,12318646.00,2.96,0.18,0.02,1.25
2018-06-12,11.18,11.24,11.33,10.96,7998,8927188.00,3.31,0.63,0.07,0.91
2018-06-13,11.15,11.07,11.32,11.02,10555,11803375.00,2.67,-1.51,-0.17,1.20
2018-06-14,10.87,10.97,11.24,10.85,9138,10074180.00,3.52,-0.90,-0.10,1.04
2018-06-15,10.93,10.40,10.99,10.40,10870,11581000.00,5.38,-5.20,-0.57,1.24
2018-06-19,10.44,9.89,10.44,9.62,14280,14288726.00,7.88,-4.90,-0.51,1.63
2018-06-20,9.28,10.02,10.23,9.28,10554,10479876.00,9.61,1.31,0.13,1.20
2018-06-21,9.94,9.42,10.13,9.42,9589,9366071.00,7.09,-5.99,-0.60,1.09
2018-06-22,9.65,10.36,10.36,9.35,24672,24978315.00,10.72,9.98,0.94,2.81
2018-06-25,10.80,10.21,10.87,10.15,28424,29918458.00,6.95,-1.45,-0.15,3.24
2018-06-26,9.90,10.47,10.50,9.90,18057,18620193.00,5.88,2.55,0.26,2.06
2018-06-27,10.37,10.40,10.58,10.21,12172,12623869.00,3.53,-0.67,-0.07,1.39
2018-06-28,10.30,10.27,10.59,10.23,9030,9375248.00,3.46,-1.25,-0.13,1.03
2018-06-29,10.22,10.36,10.51,10.22,12088,12623004.00,2.82,0.88,0.09,1.38
2018-07-02,10.45,10.30,10.58,10.10,11396,11794093.00,4.63,-0.58,-0.06,1.30
2018-07-03,10.23,10.66,10.78,10.18,15032,15733863.00,5.83,3.50,0.36,1.72
2018-07-04,10.48,10.33,11.18,10.31,19763,21098651.00,8.16,-3.10,-0.33,2.26
2018-07-05,10.55,10.38,10.94,10.15,20258,21152320.00,7.65,0.48,0.05,2.31
2018-07-06,10.23,10.27,10.47,10.03,15199,15644117.00,4.24,-1.06,-0.11,1.74
2018-07-09,10.20,10.46,10.66,10.19,9316,9749933.00,4.58,1.85,0.19,1.06
2018-07-10,10.39,10.55,10.63,10.36,8252,8654402.00,2.58,0.86,0.09,0.94
2018-07-11,10.45,10.34,10.48,10.20,9306,9605251.00,2.65,-1.99,-0.21,1.06
2018-07-12,10.39,10.75,10.75,10.34,14852,15682671.00,3.97,3.97,0.41,1.70
2018-07-13,11.26,10.84,11.26,10.38,35346,38695181.00,8.19,0.84,0.09,4.04
2018-07-16,10.50,10.57,10.69,10.47,11223,11852381.00,2.03,-2.49,-0.27,1.28
2018-07-17,10.40,10.60,10.67,10.40,9355,9829882.00,2.55,0.28,0.03,1.07
2018-07-18,10.66,10.54,10.79,10.49,9193,9758188.00,2.83,-0.57,-0.06,1.05
2018-07-19,10.55,10.48,10.66,10.47,6846,7212233.00,1.80,-0.57,-0.06,0.78
2018-07-20,10.48,10.52,10.58,10.41,5800,6088727.00,1.62,0.38,0.04,0.66
2018-07-23,10.48,10.76,10.82,10.48,13145,14102642.00,3.23,2.28,0.24,1.50
2018-07-24,10.68,10.82,10.85,10.67,8585,9260764.00,1.67,0.56,0.06,0.98
2018-07-25,10.82,10.78,10.88,10.71,5345,5772525.00,1.57,-0.37,-0.04,0.61
2018-07-26,10.72,10.81,10.85,10.72,6945,7511020.00,1.21,0.28,0.03,0.79
2018-07-27,10.85,10.68,10.85,10.56,6716,7176283.00,2.68,-1.20,-0.13,0.77
2018-07-30,10.70,10.40,10.84,10.40,9712,10258637.00,4.12,-2.62,-0.28,1.11
2018-07-31,10.50,10.43,10.51,10.31,5453,5680053.00,1.92,0.29,0.03,0.62
2018-08-01,10.45,10.37,10.60,10.37,9893,10358375.00,2.21,-0.58,-0.06,1.13
2018-08-02,10.37,10.80,10.80,9.90,20711,21638641.00,8.68,4.15,0.43,2.37
2018-08-03,10.61,10.32,10.68,10.03,13414,14024053.00,6.02,-4.44,-0.48,1.53
2018-08-06,10.09,10.21,10.58,9.89,9873,10164546.00,6.69,-1.07,-0.11,1.13
2018-08-07,10.39,10.40,10.62,10.20,6996,7303592.00,4.11,1.86,0.19,0.80
2018-08-08,10.42,10.38,10.53,10.35,5779,6036098.00,1.73,-0.19,-0.02,0.66
2018-08-09,10.47,10.55,10.61,10.38,7525,7937038.00,2.22,1.64,0.17,0.86
2018-08-10,10.55,10.63,10.80,10.50,11731,12459625.00,2.84,0.76,0.08,1.34
2018-08-13,10.60,10.83,10.98,10.55,22701,24510497.00,4.05,1.88,0.20,2.59
2018-08-14,10.73,10.81,10.98,10.65,13590,14690325.00,3.05,-0.18,-0.02,1.55
2018-08-15,10.87,10.73,10.91,10.73,8520,9206047.00,1.67,-0.74,-0.08,0.97
2018-08-16,10.70,10.91,11.08,10.58,14701,15965843.00,4.66,1.68,0.18,1.68
2018-08-17,10.90,12.00,12.00,10.90,63085,72782614.00,10.08,9.99,1.09,7.21
2018-08-20,12.10,12.56,12.90,11.90,74593,93186090.00,8.33,4.67,0.56,8.52
2018-08-21,12.10,12.84,13.17,11.79,70694,87423088.00,10.99,2.23,0.28,8.08
2018-08-22,12.46,12.22,12.67,12.20,34415,42708090.00,3.66,-4.83,-0.62,3.93
2018-08-23,12.11,12.10,12.32,11.92,25250,30498352.00,3.27,-0.98,-0.12,2.88
2018-08-24,12.08,11.88,12.11,11.82,21718,25909362.00,2.40,-1.82,-0.22,2.48
2018-08-27,11.88,11.84,11.94,11.50,38434,44992947.00,3.70,-0.34,-0.04,4.39
2018-08-28,11.86,12.55,12.72,11.72,53499,65463451.00,8.45,6.00,0.71,6.11
2018-08-29,12.77,11.82,12.77,11.80,33793,41213113.00,7.73,-5.82,-0.73,3.86
2018-08-30,11.90,11.66,12.11,11.60,20425,24096483.00,4.31,-1.35,-0.16,2.33
2018-08-31,11.47,11.31,11.68,11.31,18769,21610899.00,3.17,-3.00,-0.35,2.14
2018-09-03,11.31,11.34,11.70,11.28,17866,20568318.00,3.71,0.27,0.03,2.04
2018-09-04,11.38,11.96,12.40,11.38,32810,39035382.00,8.99,5.47,0.62,3.75
2018-09-05,11.92,11.95,12.05,11.84,18635,22236394.00,1.76,-0.08,-0.01,2.13
2018-09-06,11.90,12.28,12.36,11.84,27506,33626976.00,4.35,2.76,0.33,3.14
2018-09-07,12.22,12.24,12.30,12.11,12274,14969774.00,1.55,-0.33,-0.04,1.40
2018-09-10,12.18,12.50,12.72,12.18,25973,32247949.00,4.41,2.12,0.26,2.97
2018-09-11,12.47,12.05,12.47,11.92,21897,26724372.00,4.40,-3.60,-0.45,2.50
2018-09-12,11.93,12.05,12.18,11.79,16062,19269037.00,3.24,0.00,0.00,1.83
2018-09-13,12.10,12.05,12.16,11.85,11196,13408950.00,2.57,0.00,0.00,1.28
2018-09-14,12.03,12.12,12.33,11.70,15244,18424374.00,5.23,0.58,0.07,1.74
2018-09-17,12.12,11.91,12.19,11.86,9049,10896397.00,2.72,-1.73,-0.21,1.03
2018-09-18,11.71,12.09,12.30,11.71,14883,17995837.00,4.95,1.51,0.18,1.70
2018-09-19,12.00,12.09,12.29,12.00,13463,16326910.00,2.40,0.00,0.00,1.54
2018-09-20,11.99,11.80,12.13,11.75,16724,19900507.00,3.14,-2.40,-0.29,1.91
2018-09-21,11.85,12.20,12.34,11.81,26081,31649105.00,4.49,3.39,0.40,2.98
2018-09-25,12.22,12.68,12.82,12.07,29644,36884349.00,6.15,3.93,0.48,3.39
2018-09-26,12.60,12.95,13.15,12.46,42796,54932381.00,5.44,2.13,0.27,4.89
2018-09-27,12.86,12.96,13.10,12.78,22768,29493276.00,2.47,0.08,0.01,2.60
2018-09-28,12.80,13.15,13.49,12.80,19242,25212918.00,5.32,1.47,0.19,2.20
2018-10-08,12.94,13.44,13.86,12.90,34622,46804435.00,7.30,2.21,0.29,3.96
2018-10-09,13.48,13.41,13.65,13.25,23131,30980842.00,2.98,-0.22,-0.03,2.64
2018-10-10,13.33,13.37,13.49,13.28,12503,16711772.00,1.57,-0.30,-0.04,1.43
2018-10-11,13.18,13.54,13.83,12.82,39976,53408671.00,7.55,1.27,0.17,4.57
2018-10-12,13.50,14.09,14.38,13.18,36728,50472812.00,8.86,4.06,0.55,4.20
2018-10-15,13.91,14.95,15.38,13.91,63880,95067586.00,10.43,6.10,0.86,7.30
2018-10-16,14.94,14.90,15.56,14.49,59439,89358151.00,7.16,-0.33,-0.05,6.79
2018-10-17,14.80,14.72,15.05,14.32,34215,50089799.00,4.90,-1.21,-0.18,3.91
2018-10-18,14.72,14.07,14.72,13.88,27694,39380736.00,5.71,-4.42,-0.65,3.16
2018-10-19,14.03,13.79,14.46,13.30,32965,45843099.00,8.24,-1.99,-0.28,3.77
2018-10-22,13.78,14.24,14.48,13.78,40179,56846091.00,5.08,3.26,0.45,4.59
2018-10-23,14.32,13.88,14.32,13.77,25381,35535576.00,3.86,-2.53,-0.36,2.90
2018-10-24,13.60,14.20,14.38,13.60,29685,41940529.00,5.62,2.31,0.32,3.39
2018-10-25,13.81,13.88,14.13,13.77,16837,23426483.00,2.54,-2.25,-0.32,1.92
2018-10-26,13.88,13.92,14.00,13.40,31019,42611147.00,4.32,0.29,0.04,3.54
2018-10-29,13.80,13.93,14.30,13.65,32645,45659502.00,4.67,0.07,0.01,3.73
2018-10-30,13.80,12.80,13.87,12.60,45018,59232199.00,9.12,-8.11,-1.13,5.14
2018-10-31,12.95,13.08,13.19,12.45,24330,31351044.00,5.78,2.19,0.28,2.78
2018-11-01,13.05,13.14,13.27,12.80,15506,20354415.00,3.59,0.46,0.06,1.77
2018-11-02,13.21,13.67,13.82,13.21,38236,51626317.00,4.64,4.03,0.53,4.37
2018-11-05,13.67,13.58,13.80,13.47,24550,33395590.00,2.41,-0.66,-0.09,2.80
2018-11-06,13.67,13.28,13.67,13.18,16249,21692821.00,3.61,-2.21,-0.30,1.86
2018-11-07,13.51,13.09,13.51,12.89,17237,22707331.00,4.67,-1.43,-0.19,1.97
2018-11-08,13.15,13.62,13.75,13.03,28335,38128907.00,5.50,4.05,0.53,3.24
2018-11-09,13.49,13.74,13.80,13.37,34839,47597086.00,3.16,0.88,0.12,3.98
2018-11-12,13.70,13.73,13.76,13.41,25769,35182675.00,2.55,-0.07,-0.01,2.94
2018-11-13,13.59,13.75,14.00,13.56,34188,47184340.00,3.20,0.15,0.02,3.91
2018-11-14,13.65,13.72,13.87,13.27,34616,47249369.00,4.36,-0.22,-0.03,3.95
2018-11-15,13.77,13.68,13.77,13.48,24976,34064149.00,2.11,-0.29,-0.04,2.85
2018-11-16,13.61,14.07,14.10,13.60,47458,66070624.00,3.65,2.85,0.39,5.42
2018-11-19,14.11,14.52,14.75,14.09,47296,68475447.00,4.69,3.20,0.45,5.40
2018-11-20,14.53,13.56,14.54,13.50,44046,61923405.00,7.16,-6.61,-0.96,5.03
2018-11-21,13.28,12.77,13.28,12.31,48041,61983570.00,7.15,-5.83,-0.79,5.49
2018-11-22,12.81,12.76,12.90,12.52,16412,20910201.00,2.98,-0.08,-0.01,1.87
2018-11-23,12.76,12.45,12.88,12.28,26579,33264520.00,4.70,-2.43,-0.31,3.04
2018-11-26,12.50,12.53,12.55,12.30,10154,12675362.00,2.01,0.64,0.08,1.16
2018-11-27,12.52,12.65,12.65,12.47,12199,15366106.00,1.44,0.96,0.12,1.39
2018-11-28,12.70,12.75,12.77,12.55,9264,11777116.00,1.74,0.79,0.10,1.06
2018-11-29,12.75,12.75,12.89,12.40,14970,18914998.00,3.84,0.00,0.00,1.71
2018-11-30,12.78,12.74,12.80,12.51,13327,16940825.00,2.27,-0.08,-0.01,1.52
2018-12-03,12.92,12.92,13.03,12.71,19159,24641541.00,2.51,1.41,0.18,2.19
2018-12-04,12.85,12.83,12.95,12.72,11857,15191927.00,1.78,-0.70,-0.09,1.35
2018-12-05,12.68,12.60,12.76,12.53,14208,17900615.00,1.79,-1.79,-0.23,1.62
2018-12-06,12.60,12.33,12.68,12.32,8051,10059940.00,2.86,-2.14,-0.27,0.92
2018-12-07,12.14,12.75,12.89,12.14,23595,30079581.00,6.08,3.41,0.42,2.70
2018-12-10,12.51,12.52,12.85,12.46,9170,11576087.00,3.06,-1.80,-0.23,1.05
2018-12-11,12.52,12.55,12.70,12.51,6792,8560381.00,1.52,0.24,0.03,0.78
2018-12-12,12.01,12.56,12.66,12.01,10683,13377287.00,5.18,0.08,0.01,1.22
2018-12-13,12.59,12.47,12.66,12.45,7656,9608745.00,1.67,-0.72,-0.09,0.87
2018-12-14,12.48,12.40,12.56,12.26,12928,16013358.00,2.41,-0.56,-0.07,1.48
2018-12-17,12.30,12.31,12.53,12.30,5388,6653095.00,1.85,-0.73,-0.09,0.62
2018-12-18,12.30,12.25,12.42,12.20,6146,7547692.00,1.79,-0.49,-0.06,0.70
2018-12-19,12.35,12.18,12.41,12.17,10184,12530169.00,1.96,-0.57,-0.07,1.16
2018-12-20,12.17,12.20,12.31,12.12,6053,7389119.00,1.56,0.16,0.02,0.69
2018-12-21,12.18,12.26,12.37,12.16,5296,6482663.00,1.72,0.49,0.06,0.60
2018-12-24,12.38,12.38,12.38,12.23,6565,8075651.00,1.22,0.98,0.12,0.75
2018-12-25,12.35,12.63,12.68,12.00,16680,20799289.00,5.49,2.02,0.25,1.91
2018-12-26,12.58,12.49,12.64,12.43,12022,15039601.00,1.66,-1.11,-0.14,1.37
2018-12-27,12.55,12.70,13.08,12.55,25574,32750732.00,4.24,1.68,0.21,2.92
2018-12-28,12.78,12.80,12.98,12.63,16983,21749360.00,2.76,0.79,0.10,1.94
2019-01-02,12.82,12.75,13.08,12.69,16835,21646465.00,3.05,-0.39,-0.05,1.90
2019-01-03,12.85,12.82,12.93,12.62,8722,11169156.00,2.43,0.55,0.07,0.98
2019-01-04,12.80,12.90,13.06,12.00,15702,20204746.00,8.27,0.62,0.08,1.77
2019-01-07,12.89,13.06,13.10,12.76,14781,19179218.00,2.64,1.24,0.16,1.67
2019-01-08,13.10,12.87,13.11,12.84,10641,13771433.00,2.07,-1.45,-0.19,1.20
2019-01-09,12.86,12.80,13.02,12.71,16398,21137815.00,2.41,-0.54,-0.07,1.85
2019-01-10,12.90,12.63,12.90,12.62,11424,14502797.00,2.19,-1.33,-0.17,1.29
2019-01-11,12.66,12.42,12.74,12.33,14103,17541237.00,3.25,-1.66,-0.21,1.59
2019-01-14,12.54,12.40,12.57,12.27,11839,14637646.00,2.42,-0.16,-0.02,1.33
2019-01-15,12.31,12.80,12.80,12.23,17728,22210786.00,4.60,3.23,0.40,2.00
2019-01-16,12.91,13.28,13.50,12.88,58320,77142006.00,4.84,3.75,0.48,6.57
2019-01-17,13.20,13.08,13.33,12.90,29182,38224832.00,3.24,-1.51,-0.20,3.29
2019-01-18,13.06,13.07,13.18,12.94,13345,17407451.00,1.83,-0.08,-0.01,1.50
2019-01-21,13.08,13.13,13.15,12.87,17843,23167816.00,2.14,0.46,0.06,2.01
2019-01-22,13.07,13.38,13.50,13.03,32585,43478107.00,3.58,1.90,0.25,3.67
2019-01-23,13.38,13.31,13.38,13.11,13377,17695990.00,2.02,-0.52,-0.07,1.51
2019-01-24,13.29,13.20,13.33,13.13,13894,18371254.00,1.50,-0.83,-0.11,1.57
2019-01-25,13.21,12.92,13.21,12.90,19041,24797836.00,2.35,-2.12,-0.28,2.15
2019-01-28,12.95,12.76,13.06,12.68,16909,21641327.00,2.94,-1.24,-0.16,1.91
2019-01-29,12.71,12.99,12.99,12.36,22597,28530424.00,4.94,1.80,0.23,2.55
2019-01-30,12.79,12.46,12.99,12.46,12850,16313703.00,4.08,-4.08,-0.53,1.45
2019-01-31,12.47,12.19,12.67,12.19,13057,16185432.00,3.85,-2.17,-0.27,1.47
2019-02-01,12.20,12.45,12.46,11.80,28462,34299872.00,5.41,2.13,0.26,3.21
2019-02-11,12.38,12.50,12.55,12.21,17462,21711272.00,2.73,0.40,0.05,1.97
2019-02-12,12.38,12.50,12.62,12.38,12672,15854935.00,1.92,0.00,0.00,1.43
2019-02-13,12.54,13.12,13.16,12.47,36906,47173819.00,5.52,4.96,0.62,4.16
2019-02-14,13.08,13.00,13.15,12.89,28619,37147243.00,1.98,-0.91,-0.12,3.23
2019-02-15,12.92,13.07,13.15,12.92,22219,28986508.00,1.77,0.54,0.07,2.50
2019-02-18,13.16,13.39,13.44,13.04,39488,52348047.00,3.06,2.45,0.32,4.45
2019-02-19,13.37,13.69,14.50,13.00,53416,72228265.00,11.20,2.24,0.30,6.02
2019-02-20,13.45,13.39,13.68,13.01,36345,48537936.00,4.89,-2.19,-0.30,4.10
2019-02-21,13.32,13.41,13.84,13.20,38500,52263918.00,4.78,0.15,0.02,4.34
2019-02-22,13.29,13.70,13.72,13.23,28766,39144399.00,3.65,2.16,0.29,3.24
2019-02-25,13.98,14.07,14.28,13.65,58815,82118139.00,4.60,2.70,0.37,6.63
2019-02-26,14.07,14.10,14.38,13.80,43166,60734160.00,4.12,0.21,0.03,4.87
2019-02-27,14.09,14.20,14.80,14.06,46362,66681089.00,5.25,0.71,0.10,5.23
2019-02-28,14.15,14.11,14.29,13.86,26761,37515931.00,3.03,-0.63,-0.09,3.02
2019-03-01,14.24,14.04,14.28,13.50,22685,31555123.00,5.53,-0.50,-0.07,2.56
2019-03-04,14.07,14.36,14.59,13.91,56065,80169267.00,4.84,2.28,0.32,6.32
2019-03-05,14.44,14.38,14.44,14.17,43674,62365337.00,1.88,0.14,0.02,4.92
2019-03-06,14.41,14.73,14.75,14.20,57899,83707654.00,3.82,2.43,0.35,6.53
2019-03-07,14.68,14.93,15.13,14.51,52342,77554741.00,4.21,1.36,0.20,5.90
2019-03-08,14.63,15.66,15.97,14.33,90489,139960116.00,10.98,4.89,0.73,10.20
2019-03-11,15.66,16.71,16.90,15.56,76120,125126517.00,8.56,6.70,1.05,8.58
2019-03-12,16.72,16.71,16.97,16.30,61514,101912954.00,4.01,0.00,0.00,6.93
2019-03-13,16.80,16.60,17.54,16.50,66333,113197732.00,6.22,-0.66,-0.11,7.48
2019-03-14,16.65,16.78,16.92,15.76,52471,85787031.00,6.99,1.08,0.18,5.92
2019-03-15,16.74,16.80,18.38,16.71,87098,150133969.00,9.95,0.12,0.02,9.82
2019-03-18,17.18,17.20,17.50,16.54,81493,138699488.00,5.71,2.38,0.40,9.19
2019-03-19,17.13,16.61,17.28,16.55,49992,84122105.00,4.24,-3.43,-0.59,5.64
2019-03-20,18.27,16.87,18.27,16.81,148490,259353907.00,8.79,1.57,0.26,16.74
2019-03-21,16.80,16.89,17.31,16.20,105811,175653700.00,6.58,0.12,0.02,11.93
2019-03-22,16.78,16.65,16.92,16.13,86829,143420022.00,4.68,-1.42,-0.24,9.79
2019-03-25,16.32,16.30,16.75,16.15,62782,102997114.00,3.60,-2.10,-0.35,7.08
2019-03-26,16.40,15.52,16.58,15.30,80941,128992156.00,7.85,-4.79,-0.78,9.12
2019-03-27,15.79,15.83,15.86,15.16,64137,100314442.00,4.51,2.00,0.31,7.23
2019-03-28,15.66,15.20,15.73,15.19,43169,66713894.00,3.41,-3.98,-0.63,4.87
2019-03-29,15.19,15.41,15.60,15.19,40934,63027426.00,2.70,1.38,0.21,4.61
2019-04-01,15.56,15.78,15.85,15.38,55391,86855051.00,3.05,2.40,0.37,6.24
2019-04-02,15.79,15.72,16.02,15.53,58028,91318530.00,3.11,-0.38,-0.06,6.54
2019-04-03,15.64,15.72,15.80,15.30,77105,119758333.00,3.18,0.00,0.00,8.69
2019-04-04,15.90,16.78,17.07,15.80,131805,218147503.00,8.08,6.74,1.06,14.86
2019-04-08,16.66,17.81,17.81,16.51,120558,205317825.00,7.75,6.14,1.03,13.59
2019-04-09,17.53,17.75,18.10,17.05,121936,214410163.00,5.90,-0.34,-0.06,13.75
2019-04-10,17.68,17.68,17.88,17.11,63403,111187903.00,4.34,-0.39,-0.07,7.15
2019-04-11,17.59,17.50,18.15,17.46,62301,110781526.00,3.90,-1.02,-0.18,7.02
2019-04-12,17.45,17.77,18.08,17.36,63469,112650124.00,4.11,1.54,0.27,7.16
2019-04-15,17.83,18.65,19.08,17.83,94285,174420582.00,7.03,4.95,0.88,10.63
2019-04-16,18.50,18.99,19.30,18.40,73734,139405053.00,4.83,1.82,0.34,8.31
2019-04-17,18.90,19.00,19.50,18.80,75439,144983951.00,3.69,0.05,0.01,8.50
2019-04-18,19.20,18.86,19.30,18.66,62538,118364655.00,3.37,-0.74,-0.14,7.05
2019-04-19,18.97,18.74,19.10,18.46,49420,93057819.00,3.39,-0.64,-0.12,5.57
2019-04-22,19.17,18.51,19.17,18.35,45828,86658502.00,4.38,-1.23,-0.23,5.17
2019-04-23,18.85,18.83,19.18,18.54,42744,80471778.00,3.46,1.73,0.32,4.82
2019-04-24,18.63,18.50,18.80,17.80,64942,118723037.00,5.31,-1.75,-0.33,7.32
2019-04-25,18.07,18.74,19.58,18.07,81422,154567188.00,8.16,1.30,0.24,9.18
2019-04-26,18.80,18.93,19.31,18.08,77227,144027764.00,6.56,1.01,0.19,8.71
2019-04-29,18.58,18.86,18.94,18.02,56873,105557415.00,4.86,-0.37,-0.07,6.41
2019-04-30,18.75,18.58,19.20,18.21,45232,84137489.00,5.25,-1.48,-0.28,5.10
2019-05-06,18.08,16.72,18.08,16.72,30558,52393388.00,7.32,-10.01,-1.86,3.44
2019-05-07,16.72,15.74,17.14,15.05,65066,103570461.00,12.50,-5.86,-0.98,7.34
2019-05-08,15.16,14.17,15.20,14.17,73621,105470757.00,6.54,-9.97,-1.57,8.30
2019-05-09,13.80,12.75,13.80,12.75,141586,182792119.00,7.41,-10.02,-1.42,15.96
2019-05-10,12.75,13.36,13.50,12.48,140207,183644883.00,8.00,4.78,0.61,15.81
2019-05-13,13.25,13.22,13.48,12.99,65077,85908225.00,3.67,-1.05,-0.14,7.34
2019-05-14,12.99,12.92,13.25,12.89,50879,66357465.00,2.72,-2.27,-0.30,5.74
2019-05-15,13.15,13.13,13.16,12.71,68676,88987153.00,3.48,1.63,0.21,7.74
2019-05-16,13.06,13.52,13.55,12.90,84461,111142489.00,4.95,2.97,0.39,9.52
2019-05-17,13.51,12.99,13.51,12.77,62292,82039866.00,5.47,-3.92,-0.53,7.02
2019-05-20,12.93,12.56,12.93,11.84,49526,60870802.00,8.39,-3.31,-0.43,5.58
2019-05-21,12.55,12.80,13.10,12.38,40960,52287710.00,5.73,1.91,0.24,4.62
2019-05-22,12.78,12.85,13.18,12.56,33416,43206184.00,4.84,0.39,0.05,3.77
2019-05-23,12.96,12.51,12.96,12.38,32153,40570135.00,4.51,-2.65,-0.34,3.62
2019-05-24,12.40,12.54,12.65,12.33,21604,27002083.00,2.56,0.24,0.03,2.44
2019-05-27,12.50,13.08,13.09,12.44,35148,45014190.00,5.18,4.31,0.54,3.96
2019-05-28,13.08,12.89,13.08,12.83,30920,39986465.00,1.91,-1.45,-0.19,3.49
2019-05-29,12.72,12.83,13.00,12.72,25600,32933865.00,2.17,-0.47,-0.06,2.89
2019-05-30,12.96,12.85,12.96,12.57,23646,30176455.00,3.04,0.16,0.02,2.67
2019-05-31,12.89,13.17,13.28,12.73,41916,54662931.00,4.28,2.49,0.32,4.73
2019-06-03,13.26,12.99,13.26,12.94,32397,42390820.00,2.43,-1.37,-0.18,3.65
2019-06-04,12.92,12.79,13.00,12.66,22289,28621698.00,2.62,-1.54,-0.20,2.51
2019-06-05,12.94,12.75,12.99,12.63,15373,19647667.00,2.81,-0.31,-0.04,1.73
2019-06-06,12.78,12.96,13.13,12.52,32031,40888061.00,4.78,1.65,0.21,3.61
2019-06-10,12.96,13.46,13.70,12.96,66712,88588829.00,5.71,3.86,0.50,7.52
2019-06-11,13.30,13.74,13.83,13.15,60594,82166883.00,5.05,2.08,0.28,6.83
2019-06-12,13.75,13.50,13.75,13.49,31690,43045615.00,1.89,-1.75,-0.24,3.57
2019-06-13,13.47,13.72,13.98,13.09,53452,72177101.00,6.59,1.63,0.22,6.03
2019-06-14,13.77,13.30,13.85,13.30,39793,54035688.00,4.01,-3.06,-0.42,4.49
2019-06-17,13.40,13.31,13.63,13.20,20666,27632837.00,3.23,0.08,0.01,2.33
2019-06-18,13.33,13.23,13.52,13.11,20238,26864914.00,3.08,-0.60,-0.08,2.28
2019-06-19,13.40,13.84,14.05,13.35,88687,122431135.00,5.29,4.61,0.61,10.00
2019-06-20,13.78,13.75,15.18,13.36,93728,128228621.00,13.15,-0.65,-0.09,10.57
2019-06-21,13.78,13.80,13.96,13.45,64119,87863648.00,3.71,0.36,0.05,7.23
2019-06-24,13.93,13.57,13.93,13.46,38467,52486100.00,3.41,-1.67,-0.23,4.34
2019-06-25,13.56,13.52,13.56,13.24,28911,38735372.00,2.36,-0.37,-0.05,3.26
2019-06-26,13.40,13.51,13.65,13.38,19061,25848070.00,2.00,-0.07,-0.01,2.15
2019-06-27,13.67,13.51,13.67,13.35,25781,34788700.00,2.37,0.00,0.00,2.91
2019-06-28,9.54,9.53,9.69,9.45,35251,33686883.00,1.78,-29.46,-3.98,2.84
2019-07-01,9.65,9.68,9.70,9.55,51253,49424239.00,1.57,1.57,0.15,4.13
2019-07-02,9.68,9.52,9.68,9.39,46839,44639847.00,3.00,-1.65,-0.16,3.77
2019-07-03,9.45,9.20,9.48,9.05,55674,51255918.00,4.52,-3.36,-0.32,4.48
2019-07-04,9.20,9.09,9.20,8.79,49276,44448305.00,4.46,-1.20,-0.11,3.97
2019-07-05,9.08,9.03,9.13,8.90,28207,25426794.00,2.53,-0.66,-0.06,2.27
2019-07-08,9.00,8.54,9.00,8.30,48369,41441761.00,7.75,-5.43,-0.49,3.89
2019-07-09,8.51,8.36,8.59,8.25,33668,28259858.00,3.98,-2.11,-0.18,2.71
2019-07-10,8.41,8.51,8.54,8.31,33932,28610293.00,2.75,1.79,0.15,2.73
2019-07-11,8.57,8.40,8.62,8.36,25426,21566200.00,3.06,-1.29,-0.11,2.05
2019-07-12,8.47,8.53,8.56,8.36,26670,22530524.00,2.38,1.55,0.13,2.15
2019-07-15,8.53,8.39,8.53,8.32,31049,26104027.00,2.46,-1.64,-0.14,2.50
2019-07-16,8.40,8.51,8.51,8.33,31220,26345283.00,2.15,1.43,0.12,2.51
2019-07-17,8.51,8.70,8.76,8.43,42794,37007709.00,3.88,2.23,0.19,3.45
2019-07-18,8.64,8.60,8.78,8.58,35494,30760462.00,2.30,-1.15,-0.10,2.86
2019-07-19,8.57,8.48,8.67,8.45,20847,17837125.00,2.56,-1.40,-0.12,1.68
2019-07-22,8.48,7.95,8.48,7.75,44026,35074932.00,8.61,-6.25,-0.53,3.55
2019-07-23,7.94,8.27,8.33,7.83,42113,34272375.00,6.29,4.03,0.32,3.39
2019-07-24,8.29,8.51,8.62,8.22,47886,40626397.00,4.84,2.90,0.24,3.86
2019-07-25,8.53,8.59,8.63,8.42,33200,28354286.00,2.47,0.94,0.08,2.67
2019-07-26,8.63,8.52,8.65,8.40,32632,27764256.00,2.91,-0.81,-0.07,2.63
2019-07-29,8.64,8.42,8.67,8.40,30230,25655192.00,3.17,-1.17,-0.10,2.43
2019-07-30,8.44,8.69,8.75,8.44,51232,44376121.00,3.68,3.21,0.27,4.13
2019-07-31,8.64,8.52,8.66,8.46,31989,27225025.00,2.30,-1.96,-0.17,2.58
2019-08-01,8.49,8.48,8.62,8.38,34338,29116008.00,2.82,-0.47,-0.04,2.77
2019-08-02,8.32,8.27,8.50,8.25,31289,26109719.00,2.95,-2.48,-0.21,2.52
2019-08-05,8.27,8.35,8.50,8.27,24714,20752425.00,2.78,0.97,0.08,1.99
2019-08-06,8.27,8.20,8.27,7.81,42072,33741246.00,5.51,-1.80,-0.15,3.39
2019-08-07,8.13,8.18,8.25,8.06,19676,16013744.00,2.32,-0.24,-0.02,1.58
2019-08-08,8.19,8.13,8.22,8.03,21156,17100180.00,2.32,-0.61,-0.05,1.70
2019-08-09,8.06,8.10,8.13,8.00,18132,14624785.00,1.60,-0.37,-0.03,1.46
2019-08-12,8.03,8.12,8.15,8.03,12369,10044730.00,1.48,0.25,0.02,0.72
2019-08-13,8.11,8.65,8.93,8.07,105228,92176394.00,10.59,6.53,0.53,6.14
2019-08-14,8.55,8.38,8.66,8.38,78648,66825260.00,3.24,-3.12,-0.27,4.59
2019-08-15,8.01,8.41,8.44,7.90,39794,32786790.00,6.44,0.36,0.03,2.32
2019-08-16,8.52,8.52,8.59,8.40,34027,28949433.00,2.26,1.31,0.11,1.99
2019-08-19,8.65,8.69,8.74,8.48,39572,34166234.00,3.05,2.00,0.17,2.31
2019-08-20,8.74,8.86,9.03,8.67,55860,49515364.00,4.14,1.96,0.17,3.26
2019-08-21,8.89,9.22,9.24,8.75,53602,48810640.00,5.53,4.06,0.36,3.13
2019-08-22,9.19,9.14,9.35,8.95,47842,43755554.00,4.34,-0.87,-0.08,2.79
2019-08-23,9.14,9.11,9.27,9.05,30062,27416165.00,2.41,-0.33,-0.03,1.75
2019-08-26,8.96,9.34,9.35,8.80,51673,47072547.00,6.04,2.52,0.23,3.02
2019-08-27,9.35,9.41,9.56,9.26,45535,42939476.00,3.21,0.75,0.07,2.66
2019-08-28,9.30,9.68,9.76,9.25,110064,104324421.00,5.42,2.87,0.27,6.42
2019-08-29,9.58,9.68,9.77,9.46,68936,66327376.00,3.20,0.00,0.00,4.02
2019-08-30,9.78,9.73,9.87,9.60,54577,53006991.00,2.79,0.52,0.05,3.18
2019-09-02,9.61,9.63,9.83,9.53,67914,65316173.00,3.08,-1.03,-0.10,3.96
2019-09-03,9.54,9.34,9.58,9.15,80950,75330392.00,4.47,-3.01,-0.29,4.72
2019-09-04,9.34,9.30,9.43,9.24,28498,26541479.00,2.03,-0.43,-0.04,1.66
2019-09-05,9.30,9.32,9.48,9.30,39974,37413886.00,1.94,0.22,0.02,2.33
2019-09-06,9.36,9.40,9.40,9.23,25102,23387375.00,1.82,0.86,0.08,1.46
2019-09-09,9.43,9.53,9.58,9.39,58939,56014706.00,2.02,1.38,0.13,3.44
2019-09-10,9.55,9.72,9.83,9.55,72019,69999830.00,2.94,1.99,0.19,4.20
2019-09-11,9.72,10.30,10.67,9.62,164056,166124282.00,10.80,5.97,0.58,9.57
2019-09-12,9.98,9.91,10.09,9.84,112970,112304893.00,2.43,-3.79,-0.39,6.59
2019-09-16,9.87,9.77,9.95,9.70,61411,60215654.00,2.52,-1.41,-0.14,3.58
2019-09-17,9.80,9.42,9.80,9.42,49439,47476366.00,3.89,-3.58,-0.35,2.88
2019-09-18,9.50,9.52,9.60,9.40,29735,28331297.00,2.12,1.06,0.10,1.74
2019-09-19,9.53,9.53,9.60,9.47,31042,29617639.00,1.37,0.11,0.01,1.81
2019-09-20,9.52,9.75,9.79,9.48,59162,57205792.00,3.25,2.31,0.22,3.45
2019-09-23,9.79,9.68,9.79,9.39,59234,56728437.00,4.10,-0.72,-0.07,3.46
2019-09-24,9.77,9.64,9.85,9.63,48540,47213656.00,2.27,-0.41,-0.04,2.83
2019-09-25,9.58,9.38,9.58,9.29,57685,54219628.00,3.01,-2.70,-0.26,3.37
2019-09-26,9.36,8.91,9.45,8.84,59164,54082403.00,6.50,-5.01,-0.47,3.45
2019-09-27,9.10,9.05,9.18,8.89,38115,34669352.00,3.25,1.57,0.14,2.22
2019-09-30,9.01,8.83,9.06,8.70,36888,32612968.00,3.98,-2.43,-0.22,2.15
2019-10-08,8.83,8.72,8.83,8.55,30516,26463716.00,3.17,-1.25,-0.11,1.78
2019-10-09,8.62,8.59,8.63,8.40,35275,30031628.00,2.64,-1.49,-0.13,2.06
2019-10-10,8.68,8.92,8.92,8.60,38098,33529037.00,3.73,3.84,0.33,2.22
2019-10-11,8.95,8.70,8.95,8.68,38558,33971649.00,3.03,-2.47,-0.22,2.25
2019-10-14,8.75,8.80,8.86,8.75,38609,33983681.00,1.26,1.15,0.10,2.25
2019-10-15,8.88,8.65,8.88,8.58,23419,20331671.00,3.41,-1.70,-0.15,1.37
2019-10-16,8.66,8.55,8.78,8.54,27375,23548931.00,2.77,-1.16,-0.10,1.60
2019-10-17,8.62,8.40,8.62,8.38,28962,24513375.00,2.81,-1.75,-0.15,1.69
2019-10-18,8.44,8.42,8.57,8.37,29822,25265218.00,2.38,0.24,0.02,1.74
2019-10-21,8.42,8.24,8.45,8.15,23303,19146429.00,3.56,-2.14,-0.18,1.36
2019-10-22,8.35,8.38,8.39,8.19,20722,17237347.00,2.43,1.70,0.14,1.21
2019-10-23,8.41,8.33,8.49,8.29,16882,14117323.00,2.39,-0.60,-0.05,0.99
2019-10-24,8.36,8.56,8.80,8.25,67095,57825284.00,6.60,2.76,0.23,3.92
2019-10-25,8.56,8.86,9.25,8.53,127776,113524934.00,8.41,3.50,0.30,7.46
2019-10-28,8.70,9.38,9.47,8.56,178712,163660032.00,10.27,5.87,0.52,10.43
2019-10-29,9.21,9.66,10.05,9.12,158597,153204633.00,9.91,2.99,0.28,9.25
2019-10-30,9.82,9.51,9.88,9.28,84478,79982235.00,6.21,-1.55,-0.15,4.93
2019-10-31,9.44,9.63,9.86,9.40,77923,75594387.00,4.84,1.26,0.12,4.55
2019-11-01,9.73,9.89,10.00,9.52,67101,65672319.00,4.98,2.70,0.26,3.92
2019-11-04,9.88,10.88,10.88,9.86,155960,163864796.00,10.31,10.01,0.99,9.10
2019-11-05,10.99,11.97,11.97,10.38,309659,342415872.00,14.61,10.02,1.09,18.07
2019-11-06,11.85,11.33,12.45,11.30,230169,268134929.00,9.61,-5.35,-0.64,13.43
2019-11-07,11.35,10.81,11.78,10.76,171218,190508208.00,9.00,-4.59,-0.52,9.99
2019-11-08,11.45,11.89,11.89,11.41,430743,509104240.00,4.44,9.99,1.08,25.13
2019-11-11,11.49,12.38,12.95,11.32,463061,559010640.00,13.71,4.12,0.49,27.02
2019-11-12,12.01,11.79,12.30,11.55,243218,287967968.00,6.06,-4.77,-0.59,14.19
2019-11-13,11.92,12.19,12.57,11.53,268700,322326224.00,8.82,3.39,0.40,15.68
2019-11-14,11.94,11.80,12.93,11.70,353652,433900032.00,10.09,-3.20,-0.39,20.64
2019-11-15,11.32,10.94,11.79,10.79,271193,302004656.00,8.47,-7.29,-0.86,15.82
2019-11-18,11.00,10.97,11.19,10.61,158886,172799047.00,5.30,0.27,0.03,9.27
2019-11-19,10.87,11.17,11.32,10.75,155395,172327996.00,5.20,1.82,0.20,9.07
2019-11-20,11.18,11.44,11.65,11.06,198797,226776328.00,5.28,2.42,0.27,11.60
2019-11-21,11.31,11.13,11.34,11.01,118197,131945991.00,2.88,-2.71,-0.31,6.90
2019-11-22,11.01,11.02,11.43,10.56,138659,152649109.00,7.82,-0.99,-0.11,8.09
2019-11-25,10.89,10.73,11.31,10.56,73005,78706842.00,6.81,-2.63,-0.29,4.26
2019-11-26,10.90,10.95,11.23,10.76,79667,87830573.00,4.38,2.05,0.22,4.65
2019-11-27,10.72,10.95,11.15,10.72,70646,77145699.00,3.93,0.00,0.00,4.12
2019-11-28,10.86,11.01,11.08,10.75,59336,64828389.00,3.01,0.55,0.06,3.46
2019-11-29,11.00,11.03,11.16,10.88,57723,63513604.00,2.54,0.18,0.02,3.37
2019-12-02,11.03,11.26,11.30,10.93,71643,80017230.00,3.35,2.09,0.23,4.18
2019-12-03,11.15,11.00,11.25,10.88,68910,75806594.00,3.29,-2.31,-0.26,4.02
2019-12-04,10.88,11.36,11.57,10.88,96270,108100987.00,6.27,3.27,0.36,5.62
2019-12-05,11.31,11.73,11.75,11.31,118533,136734142.00,3.87,3.26,0.37,6.92
2019-12-06,11.70,11.58,11.79,11.50,76794,89137838.00,2.47,-1.28,-0.15,4.48
2019-12-09,11.50,12.26,12.63,11.50,168881,204506927.00,9.76,5.87,0.68,9.85
2019-12-10,12.24,12.32,12.75,12.00,181272,223664008.00,6.12,0.49,0.06,10.58
2019-12-11,12.32,12.10,12.70,12.09,153286,190102568.00,4.95,-1.79,-0.22,8.94
2019-12-12,12.70,11.43,12.70,11.38,241336,288533008.00,10.91,-5.54,-0.67,14.08
2019-12-13,11.60,11.33,11.60,10.94,187696,210560971.00,5.77,-0.87,-0.10,10.95
2019-12-16,11.48,11.65,11.75,11.19,153611,176645766.00,4.94,2.82,0.32,8.96
2019-12-17,11.90,11.87,12.38,11.60,277732,330997200.00,6.70,1.89,0.22,16.21
2019-12-18,11.95,11.65,12.33,11.55,283733,334414304.00,6.57,-1.85,-0.22,16.56
2019-12-19,11.65,10.70,11.65,10.65,305791,336913856.00,8.58,-8.15,-0.95,17.84
2019-12-20,10.57,10.21,10.60,10.20,168410,175117410.00,3.74,-4.58,-0.49,9.83
2019-12-23,10.19,9.64,10.19,9.64,137561,134772774.00,5.39,-5.58,-0.57,8.03
2019-12-24,9.63,9.74,9.81,9.63,69106,67183294.00,1.87,1.04,0.10,4.03
2019-12-25,9.73,9.81,9.94,9.67,84899,83682039.00,2.77,0.72,0.07,4.95
2019-12-26,9.79,9.86,9.92,9.79,66505,65478919.00,1.33,0.51,0.05,3.88
2019-12-27,9.85,9.69,9.95,9.65,80892,79348427.00,3.04,-1.72,-0.17,4.72
2019-12-30,9.57,9.51,9.57,9.23,98084,91999669.00,3.51,-1.86,-0.18,5.72
2019-12-31,9.57,9.61,9.76,9.53,61817,59568257.00,2.42,1.05,0.10,3.61
2020-01-02,9.90,9.83,9.94,9.75,71641,70499837.00,1.98,2.29,0.22,4.18
2020-01-03,9.83,9.95,10.08,9.81,88519,88121104.00,2.75,1.22,0.12,5.17
2020-01-06,9.81,10.01,10.07,9.79,81331,80832021.00,2.81,0.60,0.06,4.75
2020-01-07,10.04,10.21,10.25,9.95,93580,94745851.00,3.00,2.00,0.20,5.46
2020-01-08,10.16,9.93,10.17,9.89,94827,95223423.00,2.74,-2.74,-0.28,5.53
2020-01-09,10.03,10.19,10.25,10.02,87302,88736384.00,2.32,2.62,0.26,5.09
2020-01-10,10.18,10.11,10.22,10.02,60365,61075904.00,1.96,-0.79,-0.08,3.52
2020-01-13,10.18,10.38,10.47,10.09,103715,107206655.00,3.76,2.67,0.27,6.05
2020-01-14,10.50,10.21,10.56,10.20,72258,74351367.00,3.47,-1.64,-0.17,4.22
2020-01-15,10.16,10.23,10.29,10.02,64663,65695828.00,2.64,0.20,0.02,3.77
2020-01-16,10.17,10.05,10.22,10.01,54157,54600701.00,2.05,-1.76,-0.18,3.16
2020-01-17,10.05,9.91,10.14,9.90,51510,51540551.00,2.39,-1.39,-0.14,3.01
2020-01-20,9.90,10.04,10.05,9.77,56700,55988115.00,2.83,1.31,0.13,3.31
2020-01-21,10.02,9.85,10.04,9.82,37047,36734166.00,2.19,-1.89,-0.19,2.16
2020-01-22,9.88,9.92,9.94,9.53,45869,44681516.00,4.16,0.71,0.07,2.68
2020-01-23,9.81,9.38,9.94,9.35,61594,59204190.00,5.95,-5.44,-0.54,3.59
2020-02-03,8.44,8.44,8.44,8.44,6009,5071596.00,0.00,-10.02,-0.94,0.35
2020-02-04,7.60,7.84,7.96,7.60,93099,72773087.00,4.27,-7.11,-0.60,5.43
2020-02-05,7.92,8.19,8.25,7.87,72609,59051134.00,4.85,4.46,0.35,4.24
2020-02-06,8.28,8.29,8.35,8.10,63348,52151101.00,3.05,1.22,0.10,3.70
2020-02-07,8.33,8.42,8.52,8.22,60442,50437770.00,3.62,1.57,0.13,3.53
2020-02-10,8.31,8.65,8.84,8.31,58695,50697426.00,6.29,2.73,0.23,3.42
2020-02-11,8.69,8.66,8.75,8.51,45688,39531451.00,2.77,0.12,0.01,2.67
2020-02-12,8.69,8.81,8.83,8.59,57734,50545139.00,2.77,1.73,0.15,3.37
2020-02-13,8.83,8.86,9.05,8.75,78032,69424844.00,3.41,0.57,0.05,4.55
2020-02-14,8.86,8.85,8.91,8.64,55394,48739944.00,3.05,-0.11,-0.01,3.23
2020-02-17,8.81,9.11,9.30,8.76,96144,87189653.00,6.10,2.94,0.26,5.61
2020-02-18,9.12,9.24,9.27,9.06,75578,69349720.00,2.31,1.43,0.13,4.41
2020-02-19,9.20,9.20,9.33,9.17,56725,52388070.00,1.73,-0.43,-0.04,3.31
2020-02-20,9.23,9.32,9.35,9.04,84433,77849413.00,3.37,1.30,0.12,4.93
2020-02-21,9.29,9.52,9.54,9.24,80063,75571625.00,3.22,2.15,0.20,4.67
2020-02-24,9.44,9.82,9.87,9.35,124609,119832612.00,5.46,3.15,0.30,7.27
2020-02-25,9.60,9.66,9.78,9.19,106714,102260175.00,6.01,-1.63,-0.16,6.23
2020-02-26,9.63,9.35,9.70,9.24,81107,76949111.00,4.76,-3.21,-0.31,4.73
2020-02-27,9.32,9.29,9.47,9.19,57931,54093545.00,2.99,-0.64,-0.06,3.38
2020-02-28,9.07,8.40,9.10,8.36,103372,90282371.00,7.97,-9.58,-0.89,6.03
2020-03-02,8.54,8.87,8.90,8.50,66988,58489901.00,4.76,5.60,0.47,3.91
2020-03-03,9.08,8.92,9.17,8.84,69140,62420824.00,3.72,0.56,0.05,4.03
2020-03-04,8.97,8.94,9.03,8.78,53447,47654990.00,2.80,0.22,0.02,3.12
2020-03-05,9.12,9.29,9.50,9.00,98895,91238812.00,5.59,3.91,0.35,5.77
2020-03-06,9.12,9.25,9.35,9.02,61509,56642685.00,3.55,-0.43,-0.04,3.59
2020-03-09,9.08,8.73,9.17,8.72,72132,64422856.00,4.86,-5.62,-0.52,4.21
2020-03-10,8.55,9.06,9.10,8.45,69985,61439404.00,7.45,3.78,0.33,4.08
2020-03-11,9.11,8.88,9.21,8.82,50932,46068684.00,4.30,-1.99,-0.18,2.97
2020-03-12,8.76,8.64,8.79,8.52,50093,43365548.00,3.04,-2.70,-0.24,2.92
2020-03-13,8.26,8.36,8.48,8.06,73903,60745348.00,4.86,-3.24,-0.28,4.31
2020-03-16,8.41,7.91,8.53,7.88,74562,61334451.00,7.78,-5.38,-0.45,4.35
2020-03-17,8.01,7.85,8.10,7.50,53411,41681272.00,7.59,-0.76,-0.06,3.12
2020-03-18,7.90,8.01,8.12,7.81,64395,51305776.00,3.95,2.04,0.16,3.76
2020-03-19,8.08,8.29,8.34,7.87,97486,79896773.00,5.87,3.50,0.28,5.69
2020-03-20,8.25,8.59,8.73,8.25,96127,81195954.00,5.79,3.62,0.30,5.61
2020-03-23,8.30,8.08,8.35,8.05,57790,47406614.00,3.49,-5.94,-0.51,3.37
2020-03-24,8.22,8.28,8.29,8.03,45575,37371499.00,3.22,2.48,0.20,2.66
2020-03-25,8.42,8.42,8.53,8.33,44897,37759432.00,2.42,1.69,0.14,2.62
2020-03-26,8.40,8.47,8.61,8.34,52619,44741783.00,3.21,0.59,0.05,3.07
2020-03-27,8.53,8.34,8.64,8.32,40017,33923792.00,3.78,-1.53,-0.13,2.34
2020-03-30,8.20,8.12,8.23,7.95,37328,30226189.00,3.36,-2.64,-0.22,2.18
2020-03-31,8.24,8.11,8.32,8.10,21274,17443124.00,2.71,-0.12,-0.01,1.24
2020-04-01,8.11,7.95,8.18,7.89,29125,23422403.00,3.58,-1.97,-0.16,1.70
2020-04-02,7.87,8.12,8.12,7.83,33570,26736585.00,3.65,2.14,0.17,1.96
2020-04-03,8.16,8.15,8.34,8.10,36566,30072931.00,2.96,0.37,0.03,2.13
2020-04-07,8.28,8.57,8.63,8.19,64253,54591890.00,5.40,5.15,0.42,3.75
2020-04-08,8.57,8.66,8.75,8.49,57628,49885371.00,3.03,1.05,0.09,3.36
2020-04-09,8.68,8.63,8.75,8.60,38247,33128192.00,1.73,-0.35,-0.03,2.23
2020-04-10,8.63,8.24,8.72,8.20,53347,44549383.00,6.03,-4.52,-0.39,3.11
2020-04-13,8.29,8.01,8.29,7.98,37332,30093739.00,3.76,-2.79,-0.23,2.18
2020-04-14,8.10,8.11,8.14,8.00,35138,28350553.00,1.75,1.25,0.10,2.05
2020-04-15,8.12,7.98,8.20,7.96,31014,25047726.00,2.96,-1.60,-0.13,1.81
2020-04-16,8.00,8.78,8.78,7.93,84084,71300743.00,10.65,10.03,0.80,4.91
2020-04-17,9.04,9.66,9.66,9.00,438001,417007424.00,7.52,10.02,0.88,25.56
2020-04-20,9.35,9.80,10.03,9.25,413816,395578576.00,8.07,1.45,0.14,24.15
2020-04-21,9.44,9.48,9.58,9.26,198814,186929622.00,3.27,-3.27,-0.32,11.60
2020-04-22,9.23,9.75,9.85,9.04,208763,197553302.00,8.54,2.85,0.27,12.18
2020-04-23,9.56,9.08,9.62,9.08,220248,205404553.00,5.54,-6.87,-0.67,12.85
2020-04-24,9.08,8.93,9.32,8.88,121102,109966436.00,4.85,-1.65,-0.15,7.07
2020-04-27,9.00,9.04,9.18,8.62,137800,121532748.00,6.27,1.23,0.11,8.04
2020-04-28,8.87,8.44,8.88,8.14,92816,79237230.00,8.19,-6.64,-0.60,5.42
2020-04-29,8.31,8.41,8.58,8.31,41798,35381115.00,3.20,-0.36,-0.03,2.44
2020-04-30,8.38,8.68,8.80,8.38,65346,56385392.00,4.99,3.21,0.27,3.81
2020-05-06,8.63,8.81,8.83,8.56,69670,60733836.00,3.11,1.50,0.13,4.07
2020-05-07,8.80,8.65,8.82,8.61,59304,51611132.00,2.38,-1.82,-0.16,3.46
2020-05-08,8.75,9.19,9.50,8.72,192697,176361894.00,9.02,6.24,0.54,11.24
2020-05-11,9.15,9.19,9.32,9.03,116496,106719951.00,3.16,0.00,0.00,6.80
2020-05-12,9.13,9.21,9.26,8.94,96964,88399575.00,3.48,0.22,0.02,5.66
2020-05-13,9.20,9.16,9.25,9.06,64824,59408416.00,2.06,-0.54,-0.05,3.78
2020-05-14,9.00,9.13,9.38,8.98,84617,77875112.00,4.37,-0.33,-0.03,4.94
2020-05-15,9.18,9.12,9.20,9.06,56673,51741332.00,1.53,-0.11,-0.01,3.31
2020-05-18,9.08,8.70,9.08,8.62,87603,77338354.00,5.04,-4.61,-0.42,5.11
2020-05-19,8.80,8.88,8.91,8.71,54842,48230125.00,2.30,2.07,0.18,3.20
2020-05-20,8.88,8.75,8.90,8.66,39027,34239202.00,2.70,-1.46,-0.13,2.28
2020-05-21,8.77,8.48,8.85,8.45,49609,42657056.00,4.57,-3.09,-0.27,2.89
2020-05-22,8.58,8.47,8.68,8.33,36538,31150710.00,4.13,-0.12,-0.01,2.13
2020-05-25,8.35,8.40,8.48,8.29,25126,21030100.00,2.24,-0.83,-0.07,1.47
2020-05-26,8.40,8.63,8.64,8.40,36917,31540028.00,2.86,2.74,0.23,2.15
2020-05-27,8.63,8.47,8.73,8.43,32059,27454492.00,3.48,-1.85,-0.16,1.87
2020-05-28,8.49,8.34,8.51,8.17,38700,32224533.00,4.01,-1.53,-0.13,2.26
2020-05-29,8.34,8.29,8.43,8.27,25435,21219438.00,1.92,-0.60,-0.05,1.48
2020-06-01,8.34,8.67,8.67,8.34,57906,49588291.00,3.98,4.58,0.38,3.38
2020-06-02,8.68,8.78,8.86,8.68,57224,50174868.00,2.08,1.27,0.11,3.34
2020-06-03,8.79,8.74,8.98,8.72,64353,56835050.00,2.96,-0.46,-0.04,3.76
2020-06-04,8.80,8.80,8.97,8.73,43852,38672304.00,2.75,0.69,0.06,2.56
2020-06-05,8.90,8.73,8.90,8.61,37620,32879532.00,3.30,-0.80,-0.07,2.20
2020-06-08,8.80,8.68,8.86,8.65,34757,30390461.00,2.41,-0.57,-0.05,2.03
2020-06-09,8.72,8.86,8.87,8.67,46367,40688567.00,2.30,2.07,0.18,2.71
2020-06-10,8.91,9.00,9.00,8.66,82317,72649552.00,3.84,1.58,0.14,4.80
2020-06-11,9.00,9.00,9.10,8.86,92587,82983830.00,2.67,0.00,0.00,5.40
2020-06-12,8.80,9.13,9.19,8.76,100846,91510674.00,4.78,1.44,0.13,5.88
2020-06-15,9.08,9.08,9.21,9.02,66580,60710601.00,2.08,-0.55,-0.05,3.89
2020-06-16,9.15,9.35,9.41,9.07,95938,89115006.00,3.74,2.97,0.27,5.60
2020-06-17,9.30,9.21,9.36,9.11,69796,64294287.00,2.67,-1.50,-0.14,4.07
2020-06-18,9.20,9.07,9.20,9.04,63557,57798715.00,1.74,-1.52,-0.14,3.71
2020-06-19,9.07,9.04,9.16,8.95,55422,50240957.00,2.32,-0.33,-0.03,3.23
2020-06-22,9.14,9.01,9.17,8.97,48192,43668788.00,2.21,-0.33,-0.03,2.81
2020-06-23,9.03,8.99,9.06,8.85,42874,38399350.00,2.33,-0.22,-0.02,2.50
2020-06-24,8.98,9.18,9.27,8.90,62726,56888839.00,4.12,2.11,0.19,3.66
2020-06-29,9.15,9.23,9.38,9.10,83015,76936833.00,3.05,0.54,0.05,4.84
2020-06-30,9.30,9.18,9.33,9.16,64208,59217364.00,1.84,-0.54,-0.05,3.75
2020-07-01,9.21,9.11,9.25,9.02,49379,44986966.00,2.51,-0.76,-0.07,2.88
2020-07-02,9.10,9.52,9.69,9.03,144401,136465243.00,7.24,4.50,0.41,8.43
2020-07-03,9.49,9.86,9.95,9.41,164072,159322166.00,5.67,3.57,0.34,9.57
2020-07-06,9.89,10.07,10.16,9.82,145995,146153066.00,3.45,2.13,0.21,8.52
2020-07-07,10.20,9.96,10.27,9.95,143928,145272796.00,3.18,-1.09,-0.11,8.40
2020-07-08,9.88,10.08,10.16,9.73,138320,138128776.00,4.32,1.20,0.12,8.07
2020-07-09,10.08,10.30,10.32,10.06,114869,117235120.00,2.58,2.18,0.22,6.70
2020-07-10,10.32,10.52,10.80,10.17,130683,137048629.00,6.12,2.14,0.22,7.63
2020-07-13,10.64,11.13,11.22,10.53,144643,158470288.00,6.56,5.80,0.61,8.44
2020-07-14,11.02,11.10,11.36,10.76,124241,136845210.00,5.39,-0.27,-0.03,7.25
2020-07-15,11.12,10.59,11.12,10.15,94576,101480666.00,8.74,-4.59,-0.51,5.52
2020-07-16,10.60,9.88,10.70,9.77,97151,100033130.00,8.78,-6.70,-0.71,5.67
2020-07-17,9.94,9.76,10.10,9.60,57360,56202812.00,5.06,-1.21,-0.12,3.35
2020-07-20,9.83,10.13,10.13,9.77,56207,56063744.00,3.69,3.79,0.37,3.28
2020-07-21,10.15,10.19,10.35,10.06,51219,52259062.00,2.86,0.59,0.06,2.99
2020-07-22,10.25,10.08,10.26,10.04,69143,70103351.00,2.16,-1.08,-0.11,4.03
2020-07-23,10.06,9.92,10.06,9.61,75435,73943089.00,4.46,-1.59,-0.16,4.40
2020-07-24,9.88,9.68,10.50,9.65,102993,103127723.00,8.57,-2.42,-0.24,6.01
2020-07-27,9.72,9.80,10.00,9.48,70680,68828779.00,5.37,1.24,0.12,4.12
2020-07-28,9.91,10.53,10.63,9.90,176860,181742839.00,7.45,7.45,0.73,10.32
2020-07-29,10.50,10.56,10.73,10.40,100284,105764894.00,3.13,0.28,0.03,5.85
2020-07-30,10.56,10.83,11.05,10.46,151956,164220485.00,5.59,2.56,0.27,8.87
2020-07-31,10.77,11.20,11.30,10.75,157756,175335230.00,5.08,3.42,0.37,9.21
2020-08-03,11.25,11.54,11.80,11.03,147460,170285851.00,6.88,3.04,0.34,8.60
2020-08-04,11.49,11.88,12.00,11.49,139191,164045892.00,4.42,2.95,0.34,8.12
2020-08-05,11.89,11.90,12.05,11.60,121411,144400794.00,3.79,0.17,0.02,7.08
2020-08-06,11.91,11.99,12.09,11.82,97126,116191077.00,2.27,0.76,0.09,5.67
2020-08-07,12.00,12.03,12.12,11.83,88459,105984793.00,2.42,0.33,0.04,5.16
2020-08-10,11.91,12.01,12.28,11.78,104002,125296131.00,4.16,-0.17,-0.02,6.07
2020-08-11,11.70,11.88,12.52,11.70,135045,164156672.00,6.83,-1.08,-0.13,7.88
2020-08-12,11.89,11.88,11.98,11.51,97013,114525322.00,3.96,0.00,0.00,5.66
2020-08-13,11.86,11.61,12.08,11.53,95836,113025020.00,4.63,-2.27,-0.27,5.59
2020-08-14,11.60,11.50,11.88,11.30,96249,110976476.00,5.00,-0.95,-0.11,5.62
2020-08-17,11.53,11.90,12.34,11.27,164363,192185589.00,9.30,3.48,0.40,9.59
2020-08-18,11.89,11.79,12.40,11.74,135558,162838260.00,5.55,-0.92,-0.11,7.91
2020-08-19,11.66,11.36,11.88,11.33,106292,122036406.00,4.66,-3.65,-0.43,6.20
2020-08-20,11.41,11.10,11.51,11.02,77287,86182169.00,4.31,-2.29,-0.26,4.51
2020-08-21,11.17,11.47,11.56,11.03,160689,181480451.00,4.77,3.33,0.37,9.38
2020-08-24,11.69,11.61,11.95,11.40,165305,192769581.00,4.80,1.22,0.14,9.65
2020-08-25,11.48,11.58,11.90,11.27,109955,128223827.00,5.43,-0.26,-0.03,6.42
2020-08-26,11.60,11.86,12.08,11.37,216004,254348635.00,6.13,2.42,0.28,12.60
2020-08-27,11.86,11.87,11.99,11.55,193544,227640257.00,3.71,0.08,0.01,11.29
2020-08-28,11.70,11.80,11.90,11.54,110295,129417386.00,3.03,-0.59,-0.07,6.44
2020-08-31,11.80,11.48,11.80,11.48,74240,86231744.00,2.71,-2.71,-0.32,4.33
2020-09-01,11.48,11.10,11.68,10.91,95250,106498523.00,6.71,-3.31,-0.38,5.56
2020-09-02,11.14,11.28,11.61,11.07,138539,156058024.00,4.86,1.62,0.18,8.08
2020-09-03,11.16,11.28,11.50,10.91,84491,94898020.00,5.23,0.00,0.00,4.93
2020-09-04,11.10,11.31,11.35,11.04,45875,51549923.00,2.75,0.27,0.03,2.68
2020-09-07,11.29,11.33,11.43,11.22,64777,73387080.00,1.86,0.18,0.02,3.78
2020-09-08,11.34,11.60,11.61,11.15,86804,99533416.00,4.06,2.38,0.27,5.07
2020-09-09,11.53,11.65,11.84,11.50,113578,132886691.00,2.93,0.43,0.05,6.63
2020-09-10,11.80,11.63,11.83,11.50,117536,136946760.00,2.83,-0.17,-0.02,6.86
2020-09-11,11.65,11.59,11.75,11.15,81314,93958461.00,5.16,-0.34,-0.04,4.74
2020-09-14,11.68,11.88,12.05,11.59,96675,113947061.00,3.97,2.50,0.29,5.64
2020-09-15,12.21,11.88,12.46,11.79,181387,218666063.00,5.64,0.00,0.00,10.58
2020-09-16,11.88,11.65,12.35,11.35,89298,104411723.00,8.42,-1.94,-0.23,5.21
2020-09-17,11.65,11.27,11.65,11.27,57879,66003924.00,3.26,-3.26,-0.38,3.38
2020-09-18,11.17,11.18,11.39,11.01,50508,56304710.00,3.37,-0.80,-0.09,2.95
2020-09-21,11.20,11.02,11.26,10.76,75455,83077085.00,4.47,-1.43,-0.16,4.40
2020-09-22,11.02,10.79,11.02,10.60,64287,69160555.00,3.81,-2.09,-0.23,3.75
2020-09-23,10.78,10.85,10.96,10.66,37684,40865045.00,2.78,0.56,0.06,2.20
2020-09-24,10.88,10.88,10.90,10.83,28579,31018219.00,0.65,0.28,0.03,1.67
2020-09-25,10.97,10.89,11.11,10.85,53824,58781742.00,2.39,0.09,0.01,3.14
2020-09-28,10.99,10.50,10.99,10.48,67604,71966923.00,4.68,-3.58,-0.39,3.94
2020-09-29,10.52,10.51,10.62,10.40,35096,36888308.00,2.10,0.10,0.01,2.05
2020-09-30,10.56,10.62,10.64,10.50,37660,39739204.00,1.33,1.05,0.11,2.20
2020-10-09,10.76,10.75,10.78,10.66,31498,33715795.00,1.13,1.22,0.13,1.84
2020-10-12,10.75,10.87,10.89,10.67,46162,49980708.00,2.05,1.12,0.12,2.69
2020-10-13,10.87,10.79,10.96,10.61,43456,46669073.00,3.22,-0.74,-0.08,2.54
2020-10-14,10.75,10.58,10.75,10.56,22633,24017163.00,1.76,-1.95,-0.21,1.32
2020-10-15,10.58,10.56,10.63,10.53,28296,29936449.00,0.95,-0.19,-0.02,1.65
2020-10-16,10.55,10.72,10.86,10.55,66216,70923782.00,2.94,1.52,0.16,3.86
2020-10-19,10.80,10.39,10.83,10.31,32634,34391424.00,4.85,-3.08,-0.33,1.90
2020-10-20,10.44,10.31,10.44,10.09,31269,32036694.00,3.37,-0.77,-0.08,1.82
2020-10-21,10.29,10.47,10.65,10.28,40818,42887044.00,3.59,1.55,0.16,2.38
2020-10-22,10.54,10.48,10.54,10.35,22342,23290536.00,1.81,0.10,0.01,1.30
2020-10-23,10.69,10.50,10.69,10.38,23982,25036188.00,2.96,0.19,0.02,1.40
2020-10-26,10.57,10.57,10.58,10.31,21443,22501250.00,2.57,0.67,0.07,1.25
2020-10-27,10.61,10.54,10.67,10.48,25636,27112811.00,1.80,-0.28,-0.03,1.50
2020-10-28,10.59,10.54,10.59,10.31,33394,34810848.00,2.66,0.00,0.00,1.95
2020-10-29,10.50,10.49,10.50,10.32,16679,17343444.00,1.71,-0.47,-0.05,0.97
2020-10-30,10.54,10.36,10.61,10.34,35941,37646156.00,2.57,-1.24,-0.13,2.10
2020-11-02,10.40,10.15,10.40,10.00,32766,33120571.00,3.86,-2.03,-0.21,1.91
2020-11-03,10.14,10.25,10.48,10.09,20010,20527187.00,3.84,0.99,0.10,1.17
2020-11-04,10.35,10.27,10.38,10.20,12062,12378200.00,1.76,0.20,0.02,0.70
2020-11-05,10.33,10.29,10.40,10.24,16155,16623706.00,1.56,0.19,0.02,0.94
2020-11-06,10.30,10.49,10.65,10.26,61204,64084753.00,3.79,1.94,0.20,3.57
2020-11-09,10.57,10.52,10.57,10.37,42964,44985053.00,1.91,0.29,0.03,2.51
2020-11-10,10.53,10.41,10.53,10.36,26548,27650950.00,1.62,-1.05,-0.11,1.55
2020-11-11,10.45,10.24,10.45,10.20,18658,19107838.00,2.40,-1.63,-0.17,1.09
2020-11-12,10.30,10.24,10.33,10.23,10639,10920535.00,0.98,0.00,0.00,0.62
2020-11-13,10.25,10.27,10.32,10.17,20480,20973523.00,1.46,0.29,0.03,1.20
2020-11-16,10.34,10.43,10.48,10.29,26011,27061621.00,1.85,1.56,0.16,1.52
2020-11-17,10.46,10.47,10.51,10.34,23927,25011687.00,1.63,0.38,0.04,1.40
2020-11-18,10.50,10.65,10.71,10.50,37364,39695891.00,2.01,1.72,0.18,2.18
2020-11-19,10.60,10.72,10.73,10.60,23284,24891522.00,1.22,0.66,0.07,1.36
2020-11-20,10.72,10.73,10.77,10.65,32470,34836746.00,1.12,0.09,0.01,1.89
2020-11-23,10.72,10.73,11.14,10.70,53349,57596420.00,4.10,0.00,0.00,3.11
2020-11-24,10.73,10.41,10.77,10.30,96492,101306428.00,4.38,-2.98,-0.32,5.63
2020-11-25,10.39,10.15,10.48,10.15,31878,32740667.00,3.17,-2.50,-0.26,1.86
2020-11-26,10.16,9.14,10.24,9.14,128008,118601877.00,10.84,-9.95,-1.01,7.47
2020-11-27,8.23,8.23,8.54,8.23,221223,183207493.00,3.39,-9.96,-0.91,12.91
2020-11-30,8.20,7.94,8.20,7.73,257251,204525529.00,5.71,-3.52,-0.29,15.01
2020-12-01,7.89,8.05,8.07,7.85,129247,103355185.00,2.77,1.39,0.11,7.54
2020-12-02,8.04,8.06,8.13,7.97,94779,76217819.00,1.99,0.12,0.01,5.53
2020-12-03,8.06,7.99,8.07,7.94,60788,48654544.00,1.61,-0.87,-0.07,3.55
2020-12-04,7.97,8.11,8.15,7.97,63034,50990380.00,2.25,1.50,0.12,3.68
2020-12-07,8.12,8.05,8.16,8.05,43212,35007508.00,1.36,-0.74,-0.06,2.52
2020-12-08,8.06,8.08,8.11,7.99,33733,27151652.00,1.49,0.37,0.03,1.97
2020-12-09,8.09,7.90,8.11,7.88,41597,33167631.00,2.85,-2.23,-0.18,2.43
2020-12-10,7.89,7.90,7.98,7.78,36313,28658773.00,2.53,0.00,0.00,2.12
2020-12-11,7.90,7.62,7.90,7.58,57652,44346627.00,4.05,-3.54,-0.28,3.36
2020-12-14,7.62,7.81,7.84,7.54,53447,41370099.00,3.94,2.49,0.19,3.12
2020-12-15,7.77,7.78,7.84,7.74,26420,20609401.00,1.28,-0.38,-0.03,1.54
2020-12-16,7.80,7.61,7.80,7.60,40610,31203051.00,2.57,-2.19,-0.17,2.37
2020-12-17,7.65,7.78,7.83,7.48,46583,35664414.00,4.60,2.23,0.17,2.72
2020-12-18,7.80,7.65,7.81,7.64,29317,22645847.00,2.19,-1.67,-0.13,1.71
2020-12-21,7.70,7.73,7.79,7.60,30780,23759088.00,2.48,1.05,0.08,1.80
2020-12-22,7.72,7.58,7.75,7.57,43039,32915909.00,2.33,-1.94,-0.15,2.51
2020-12-23,7.55,7.66,7.73,7.54,39266,29979174.00,2.51,1.06,0.08,2.29
2020-12-24,7.60,7.55,7.69,7.37,52218,39231415.00,4.18,-1.44,-0.11,3.05
2020-12-25,7.47,7.86,7.97,7.47,79353,61992461.00,6.62,4.11,0.31,4.63
2020-12-28,7.88,7.93,7.98,7.80,51143,40461217.00,2.29,0.89,0.07,2.98
2020-12-29,7.93,8.09,8.19,7.85,60781,49158254.00,4.29,2.02,0.16,3.55
2020-12-30,8.15,7.99,8.15,7.98,38132,30666836.00,2.10,-1.24,-0.10,2.23
2020-12-31,7.99,8.06,8.15,7.99,39067,31624883.00,2.00,0.88,0.07,2.28
2021-01-04,8.11,8.01,8.12,7.93,32389,25945439.00,2.36,-0.62,-0.05,1.89
2021-01-05,8.01,7.94,8.04,7.85,35100,27840659.00,2.37,-0.87,-0.07,2.05
2021-01-06,7.98,7.55,7.98,7.52,52665,40301259.00,5.79,-4.91,-0.39,3.07
2021-01-07,7.50,6.97,7.53,6.89,89780,64106799.00,8.48,-7.68,-0.58,5.24
2021-01-08,6.97,7.33,7.54,6.76,75025,54454509.00,11.19,5.16,0.36,4.38
2021-01-11,7.30,7.05,7.35,7.00,41870,29888894.00,4.77,-3.82,-0.28,2.44
2021-01-12,7.04,7.08,7.27,6.97,26531,18871122.00,4.26,0.43,0.03,1.55
2021-01-13,7.05,6.94,7.08,6.85,28200,19551256.00,3.25,-1.98,-0.14,1.65
2021-01-14,6.94,6.94,7.02,6.84,21557,14959846.00,2.59,0.00,0.00,1.26
2021-01-15,6.88,7.11,7.13,6.88,23987,16939967.00,3.60,2.45,0.17,1.40
2021-01-18,7.10,7.23,7.30,7.04,27793,20066228.00,3.66,1.69,0.12,1.62
2021-01-19,7.18,7.47,7.56,7.17,45445,33640114.00,5.39,3.32,0.24,2.65
2021-01-20,7.41,7.49,7.58,7.41,27643,20690345.00,2.28,0.27,0.02,1.61
2021-01-21,7.49,7.49,7.57,7.45,22374,16832922.00,1.60,0.00,0.00,1.31
2021-01-22,7.48,7.34,7.50,7.30,21354,15708180.00,2.67,-2.00,-0.15,1.25
2021-01-25,7.38,7.26,7.38,7.19,20467,14846133.00,2.59,-1.09,-0.08,1.19
2021-01-26,7.20,7.27,7.41,7.18,19717,14375131.00,3.17,0.14,0.01,1.15
2021-01-27,7.28,7.26,7.35,7.22,16715,12132503.00,1.79,-0.14,-0.01,0.98
2021-01-28,7.26,7.26,7.35,7.15,15213,11083040.00,2.75,0.00,0.00,0.89
2021-01-29,7.26,7.08,7.30,7.01,19708,14039435.00,3.99,-2.48,-0.18,1.15
2021-02-01,7.05,7.08,7.13,6.94,14903,10483012.00,2.68,0.00,0.00,0.87
2021-02-02,7.05,7.00,7.09,6.94,11675,8162391.00,2.12,-1.13,-0.08,0.68
2021-02-03,7.00,6.66,7.00,6.66,39716,26913499.00,4.86,-4.86,-0.34,2.32
2021-02-04,6.66,6.44,6.67,6.30,27145,17461879.00,5.56,-3.30,-0.22,1.58
2021-02-05,6.40,6.34,6.58,6.28,18463,11810554.00,4.66,-1.55,-0.10,1.08
2021-02-08,6.40,6.46,6.55,6.33,16615,10701530.00,3.47,1.89,0.12,0.97
2021-02-09,6.46,6.51,6.56,6.41,15720,10207760.00,2.32,0.77,0.05,0.92
2021-02-10,6.52,6.73,6.76,6.46,23034,15241324.00,4.61,3.38,0.22,1.34
2021-02-18,6.79,7.06,7.18,6.78,30489,21410805.00,5.94,4.90,0.33,1.78
2021-02-19,7.08,7.20,7.20,7.05,20160,14386851.00,2.12,1.98,0.14,1.18
2021-02-22,7.20,7.27,7.41,7.20,33061,24141745.00,2.92,0.97,0.07,1.93
2021-02-23,7.27,7.10,7.33,7.07,22812,16341067.00,3.58,-2.34,-0.17,1.33
2021-02-24,7.09,7.22,7.29,7.09,22737,16413960.00,2.82,1.69,0.12,1.33
2021-02-25,7.21,7.08,7.25,7.07,19148,13684824.00,2.49,-1.94,-0.14,1.12
2021-02-26,7.05,7.13,7.18,7.03,13615,9689734.00,2.12,0.71,0.05,0.79
2021-03-01,7.09,7.25,7.27,7.09,14808,10694523.00,2.52,1.68,0.12,0.86
2021-03-02,7.25,7.32,7.35,7.23,22564,16481531.00,1.66,0.97,0.07,1.32
2021-03-03,7.32,7.32,7.39,7.25,15012,10974155.00,1.91,0.00,0.00,0.88
2021-03-04,7.27,7.32,7.42,7.27,20920,15373726.00,2.05,0.00,0.00,1.22
2021-03-05,7.32,7.50,7.50,7.28,27147,20175626.00,3.01,2.46,0.18,1.58
2021-03-08,7.50,7.33,7.68,7.33,28011,20967808.00,4.67,-2.27,-0.17,1.63
2021-03-09,7.32,7.21,7.42,7.10,23010,16709526.00,4.37,-1.64,-0.12,1.34
2021-03-10,7.23,7.07,7.28,7.05,21016,14968011.00,3.19,-1.94,-0.14,1.23
2021-03-11,7.08,7.26,7.26,6.98,19888,14224718.00,3.96,2.69,0.19,1.16
2021-03-12,7.26,7.34,7.38,7.15,19204,13973381.00,3.17,1.10,0.08,1.12
2021-03-15,7.31,7.36,7.47,7.22,19685,14481103.00,3.41,0.27,0.02,1.15
2021-03-16,7.36,7.43,7.46,7.33,20001,14825139.00,1.77,0.95,0.07,1.17
2021-03-17,7.41,7.50,7.62,7.38,25912,19487047.00,3.23,0.94,0.07,1.51
2021-03-18,7.49,7.52,7.57,7.41,15455,11557615.00,2.13,0.27,0.02,0.90
2021-03-19,7.52,7.52,7.60,7.43,24159,18199912.00,2.26,0.00,0.00,1.41
2021-03-22,7.54,7.53,7.59,7.45,19260,14438369.00,1.86,0.13,0.01,1.12
2021-03-23,7.51,7.50,7.53,7.37,19810,14711714.00,2.12,-0.40,-0.03,1.16
2021-03-24,7.45,7.40,7.49,7.37,22128,16419525.00,1.60,-1.33,-0.10,1.29
2021-03-25,7.45,7.29,7.46,7.28,16937,12442747.00,2.43,-1.49,-0.11,0.99
2021-03-26,7.34,7.30,7.34,7.23,16638,12120542.00,1.51,0.14,0.01,0.97
2021-03-29,7.34,7.59,7.59,7.27,42686,32029703.00,4.38,3.97,0.29,2.49
2021-03-30,7.61,7.57,7.71,7.50,32467,24662748.00,2.77,-0.26,-0.02,1.89
2021-03-31,7.50,7.65,7.68,7.36,27811,20921409.00,4.23,1.06,0.08,1.62
2021-04-01,7.62,7.59,7.70,7.52,23702,18008799.00,2.35,-0.78,-0.06,1.38
2021-04-02,7.59,7.55,7.65,7.48,14771,11165206.00,2.24,-0.53,-0.04,0.86
2021-04-06,7.50,7.70,7.71,7.46,30357,23165203.00,3.31,1.99,0.15,1.77
2021-04-07,7.70,7.76,7.78,7.66,19059,14694745.00,1.56,0.78,0.06,1.11
2021-04-08,7.78,7.65,7.81,7.64,29521,22812624.00,2.19,-1.42,-0.11,1.72
2021-04-09,7.65,7.68,7.73,7.55,15616,11944479.00,2.35,0.39,0.03,0.91
2021-04-12,7.68,7.58,7.75,7.56,13480,10312085.00,2.47,-1.30,-0.10,0.79
2021-04-13,7.59,7.55,7.66,7.47,15591,11726732.00,2.51,-0.40,-0.03,0.91
2021-04-14,7.55,7.75,7.84,7.51,33002,25461006.00,4.37,2.65,0.20,1.93
2021-04-15,7.70,7.63,7.83,7.60,27032,20810880.00,2.97,-1.55,-0.12,1.58
2021-04-16,7.60,7.78,7.81,7.57,37792,29287343.00,3.15,1.97,0.15,2.21
2021-04-19,7.76,7.80,7.88,7.73,45503,35475314.00,1.93,0.26,0.02,2.66
2021-04-20,7.78,7.80,8.05,7.76,47944,37971465.00,3.72,0.00,0.00,2.80
2021-04-21,7.76,7.64,7.81,7.61,40236,30982956.00,2.56,-2.05,-0.16,2.35
2021-04-22,7.65,7.64,7.74,7.62,16232,12432835.00,1.57,0.00,0.00,0.95
2021-04-23,7.64,7.63,7.76,7.42,37474,28585321.00,4.45,-0.13,-0.01,2.19
2021-04-26,7.53,7.61,7.69,7.53,22171,16899537.00,2.10,-0.26,-0.02,1.29
2021-04-27,7.60,7.37,7.61,7.32,25293,18780441.00,3.81,-3.15,-0.24,1.48
2021-04-28,7.37,7.31,7.42,7.22,20220,14818681.00,2.71,-0.81,-0.06,1.18
2021-04-29,7.29,7.76,7.81,7.26,68149,51816680.00,7.52,6.16,0.45,3.98
2021-04-30,7.72,7.96,7.96,7.68,68116,53453734.00,3.61,2.58,0.20,3.97
2021-05-06,8.17,7.94,8.17,7.85,80290,64373114.00,4.02,-0.25,-0.02,4.69
2021-05-07,7.97,7.96,8.06,7.84,35363,28154602.00,2.77,0.25,0.02,2.06
2021-05-10,7.91,8.19,8.20,7.86,81831,66122814.00,4.27,2.89,0.23,4.78
2021-05-11,8.20,8.55,8.57,8.18,119229,100596904.00,4.76,4.40,0.36,6.96
2021-05-12,8.53,8.45,8.69,8.44,78504,66982771.00,2.92,-1.17,-0.10,4.58
2021-05-13,8.40,8.38,8.55,8.35,44806,37827550.00,2.37,-0.83,-0.07,2.61
2021-05-14,8.46,8.50,8.58,8.41,34347,29146622.00,2.03,1.43,0.12,2.00
2021-05-17,8.60,8.35,8.60,8.24,49573,41707373.00,4.24,-1.76,-0.15,2.89
2021-05-18,8.25,8.20,8.37,8.15,36765,30337171.00,2.63,-1.80,-0.15,2.15
2021-05-19,8.25,8.36,8.46,8.14,50397,41807655.00,3.90,1.95,0.16,2.94
2021-05-20,8.36,8.39,8.47,8.23,33399,27950362.00,2.87,0.36,0.03,1.95
2021-05-21,8.39,8.39,8.44,8.30,25484,21333031.00,1.67,0.00,0.00,1.49
2021-05-24,8.33,7.94,8.36,7.87,67999,55049476.00,5.84,-5.36,-0.45,3.97
2021-05-25,7.94,7.97,8.02,7.85,35252,28052323.00,2.14,0.38,0.03,2.06
2021-05-26,7.97,8.22,8.34,7.95,72400,59149088.00,4.89,3.14,0.25,4.22
2021-05-27,8.13,8.26,8.34,8.13,28928,23940443.00,2.55,0.49,0.04,1.69
2021-05-28,8.28,8.19,8.28,8.10,31723,25935840.00,2.18,-0.85,-0.07,1.85
2021-05-31,8.14,8.21,8.32,8.14,35412,29059427.00,2.20,0.24,0.02,2.07
2021-06-01,8.22,8.13,8.24,8.09,30475,24817714.00,1.83,-0.97,-0.08,1.78
2021-06-02,8.16,8.09,8.22,7.99,56645,45902004.00,2.83,-0.49,-0.04,3.31
2021-06-03,8.09,8.09,8.16,8.02,29520,23932081.00,1.73,0.00,0.00,1.72
2021-06-04,8.13,8.09,8.14,8.02,25205,20346464.00,1.48,0.00,0.00,1.47
2021-06-07,8.15,8.15,8.25,8.05,65273,53114061.00,2.47,0.74,0.06,3.81
2021-06-08,8.15,8.11,8.18,8.07,25070,20375844.00,1.35,-0.49,-0.04,1.46
2021-06-09,8.11,8.08,8.31,8.05,115215,93934973.00,3.21,-0.37,-0.03,6.72
2021-06-10,8.03,8.08,8.23,7.95,101603,82354363.00,3.47,0.00,0.00,5.93
2021-06-11,8.16,8.10,8.16,7.98,59671,48190059.00,2.23,0.25,0.02,3.48
2021-06-15,8.13,8.10,8.13,7.98,67230,54352597.00,1.85,0.00,0.00,3.92
2021-06-16,8.10,8.60,8.63,8.05,192344,160589416.00,7.16,6.17,0.50,11.22
2021-06-17,8.60,9.03,9.05,8.36,216143,189143486.00,8.02,5.00,0.43,12.61
2021-06-18,8.87,9.26,9.41,8.85,174852,160256470.00,6.20,2.55,0.23,10.20
2021-06-21,9.19,9.63,9.73,9.14,168103,159110485.00,6.37,4.00,0.37,9.81
2021-06-22,9.65,9.37,9.74,9.37,155436,148227082.00,3.84,-2.70,-0.26,9.07
2021-06-23,9.37,9.41,9.52,9.16,145114,136490227.00,3.84,0.43,0.04,8.47
2021-06-24,9.43,9.43,9.60,9.29,96439,91176762.00,3.29,0.21,0.02,5.63
2021-06-25,9.36,9.56,9.57,9.35,119912,113688380.00,2.33,1.38,0.13,7.00
2021-06-28,9.51,9.57,9.59,9.22,139279,131750091.00,3.87,0.10,0.01,8.13
2021-06-29,9.51,9.39,9.57,9.27,105714,100087950.00,3.13,-1.88,-0.18,6.17
2021-06-30,9.43,9.03,9.70,8.83,142230,131342629.00,9.27,-3.83,-0.36,8.30
2021-07-01,9.10,9.05,9.19,9.00,87296,79112936.00,2.10,0.22,0.02,5.09
2021-07-02,9.02,8.80,9.09,8.75,68134,60675613.00,3.76,-2.76,-0.25,3.98
2021-07-05,8.91,8.77,9.11,8.57,89769,79067808.00,6.14,-0.34,-0.03,5.24
2021-07-06,8.95,8.39,8.95,8.38,71455,60783845.00,6.50,-4.33,-0.38,4.17
2021-07-07,8.38,8.36,8.41,8.25,56277,46818174.00,1.91,-0.36,-0.03,3.28
2021-07-08,8.31,7.89,8.56,7.73,155607,124921865.00,9.93,-5.62,-0.47,9.08
2021-07-09,7.88,7.96,7.99,7.78,59345,46878992.00,2.66,0.89,0.07,3.46
2021-07-12,8.01,8.21,8.28,7.96,83796,68079936.00,4.02,3.14,0.25,4.89
2021-07-13,8.22,8.17,8.28,8.11,50850,41589178.00,2.07,-0.49,-0.04,2.97
2021-07-14,8.17,7.98,8.17,7.90,56957,45869092.00,3.30,-2.33,-0.19,3.32
2021-07-15,7.87,7.62,8.01,7.60,75305,58263834.00,5.14,-4.51,-0.36,4.39
2021-07-16,7.61,7.59,7.70,7.57,48615,37115013.00,1.71,-0.39,-0.03,2.84
