2017-12-28,18.29,18.29,18.29,18.29,44,79726.00,0.00,9.98,1.66,0.02
2017-12-29,20.12,20.12,20.12,20.12,25,50300.00,0.00,10.01,1.83,0.01
2018-01-02,22.13,22.13,22.13,22.13,65,143845.00,0.00,9.99,2.01,0.03
2018-01-03,24.34,24.34,24.34,24.34,86,209324.00,0.00,9.99,2.21,0.04
2018-01-04,26.77,26.77,26.77,26.77,166,444382.00,0.00,9.98,2.43,0.08
2018-01-05,29.45,29.45,29.45,29.45,222,653790.00,0.00,10.01,2.68,0.11
2018-01-08,32.40,32.40,32.40,32.40,798,2585520.00,0.00,10.02,2.95,0.40
2018-01-09,35.64,35.64,35.64,35.64,1225,4364545.00,0.00,10.00,3.24,0.61
2018-01-10,39.20,39.20,39.20,38.98,31995,125413831.00,0.62,9.99,3.56,16.00
2018-01-11,40.02,40.88,42.90,40.02,129625,535248368.00,7.35,4.29,1.68,64.81
2018-01-12,38.28,39.10,40.30,37.07,101004,389613152.00,7.90,-4.35,-1.78,50.50
2018-01-15,39.35,40.73,42.50,38.28,105602,425685344.00,10.79,4.17,1.63,52.80
2018-01-16,37.50,40.99,41.86,36.66,98985,388098736.00,12.77,0.64,0.26,49.49
2018-01-17,40.67,40.40,44.70,39.15,111504,465835888.00,13.54,-1.44,-0.59,55.75
2018-01-18,37.57,39.10,41.68,37.00,84236,326931888.00,11.58,-3.22,-1.30,42.12
2018-01-19,37.50,36.98,39.48,36.10,73532,279921600.00,8.64,-5.42,-2.12,36.77
2018-01-22,35.80,33.28,35.85,33.28,59623,204250533.00,6.95,-10.01,-3.70,29.81
2018-01-23,33.40,33.73,33.97,32.52,41767,138786315.00,4.36,1.35,0.45,20.88
2018-01-24,33.59,33.87,34.43,33.37,39438,134266125.00,3.14,0.42,0.14,19.72
2018-01-25,33.60,34.33,35.48,33.12,45820,157975324.00,6.97,1.36,0.46,22.91
2018-01-26,33.77,33.37,34.99,33.20,35560,121547465.00,5.21,-2.80,-0.96,17.78
2018-01-29,33.10,34.99,35.27,33.10,43694,150285917.00,6.50,4.85,1.62,21.85
2018-01-30,34.59,35.10,35.97,34.41,48439,170885264.00,4.46,0.31,0.11,24.22
2018-01-31,34.00,31.81,34.14,31.60,42907,141724153.00,7.24,-9.37,-3.29,21.45
2018-02-01,31.01,32.97,33.30,29.01,46515,146815992.00,13.49,3.65,1.16,23.26
2018-02-02,32.04,31.85,33.39,31.08,32568,105858694.00,7.01,-3.40,-1.12,16.28
2018-02-05,30.25,30.06,32.87,29.01,31662,97309634.00,12.12,-5.62,-1.79,15.83
2018-02-06,28.49,27.05,29.00,27.05,29370,81790640.00,6.49,-10.01,-3.01,14.69
2018-02-07,27.90,27.34,27.98,25.53,29180,78900585.00,9.06,1.07,0.29,14.59
2018-02-08,27.00,27.17,27.86,26.66,21205,57993318.00,4.39,-0.62,-0.17,10.60
2018-02-09,26.49,25.29,26.70,24.88,22662,58566577.00,6.70,-6.92,-1.88,11.33
2018-02-12,25.95,27.82,27.82,25.66,27872,75245414.00,8.54,10.00,2.53,13.94
2018-02-13,28.37,27.00,28.37,27.00,29401,80920668.00,4.92,-2.95,-0.82,14.70
2018-02-14,26.15,26.15,27.22,26.00,18270,48483112.00,4.52,-3.15,-0.85,9.14
2018-02-22,26.50,26.74,27.01,26.30,15105,40313662.00,2.72,2.26,0.59,7.55
2018-02-23,26.73,27.18,27.20,26.55,18006,48493847.00,2.43,1.65,0.44,9.00
2018-02-26,27.80,28.18,28.66,27.66,28519,80254078.00,3.68,3.68,1.00,14.26
2018-02-27,28.50,28.57,28.99,27.85,28391,81188533.00,4.05,1.38,0.39,14.20
2018-02-28,28.00,29.96,31.43,27.27,48021,140191975.00,14.56,4.87,1.39,24.01
2018-03-01,29.46,30.63,31.25,29.07,50802,153939617.00,7.28,2.24,0.67,25.40
2018-03-02,29.33,29.41,30.26,29.33,29561,87910817.00,3.04,-3.98,-1.22,14.78
2018-03-05,29.40,29.82,30.00,29.12,20257,60047593.00,2.99,1.39,0.41,10.13
2018-03-06,29.72,30.33,30.90,29.51,32327,97768576.00,4.66,1.71,0.51,16.16
2018-03-07,29.97,29.85,30.70,29.60,22531,67605237.00,3.63,-1.58,-0.48,11.27
2018-03-08,29.70,30.91,31.40,29.65,38600,118415155.00,5.86,3.55,1.06,19.30
2018-03-09,31.00,31.80,32.80,30.95,49397,157917977.00,5.99,2.88,0.89,24.70
2018-03-12,32.35,31.84,32.48,31.47,38338,122462595.00,3.18,0.13,0.04,19.17
2018-03-13,31.51,31.63,32.60,31.38,32603,104403714.00,3.83,-0.66,-0.21,16.30
2018-03-14,31.10,32.53,32.78,30.31,56179,179937837.00,7.81,2.85,0.90,28.09
2018-03-15,31.08,30.00,31.68,29.28,49464,148857837.00,7.38,-7.78,-2.53,24.73
2018-03-16,30.06,33.00,33.00,29.76,38315,123201919.00,10.80,10.00,3.00,19.16
2018-03-19,35.57,36.30,36.30,34.50,79348,283442768.00,5.45,10.00,3.30,39.67
2018-03-20,37.85,39.93,39.93,37.12,91702,360529376.00,7.74,10.00,3.63,45.85
2018-03-21,43.92,40.16,43.92,39.71,145902,617840048.00,10.54,0.58,0.23,72.95
2018-03-22,39.22,38.08,40.75,37.82,102965,404422048.00,7.30,-5.18,-2.08,51.48
2018-03-23,35.40,34.27,37.25,34.27,84319,298606192.00,7.83,-10.01,-3.81,42.16
2018-03-26,34.00,35.98,36.20,33.61,74588,261958141.00,7.56,4.99,1.71,37.29
2018-03-27,35.77,37.45,37.77,35.17,94923,345309712.00,7.23,4.09,1.47,47.46
2018-03-28,36.00,35.10,36.46,35.01,59592,212938561.00,3.87,-6.28,-2.35,29.80
2018-03-29,35.24,35.98,36.31,34.44,49796,176183196.00,5.33,2.51,0.88,24.90
2018-03-30,36.10,35.57,36.49,35.46,42540,152568722.00,2.86,-1.14,-0.41,21.27
2018-04-02,35.00,36.47,37.44,34.92,58663,211866415.00,7.08,2.53,0.90,29.33
2018-04-03,35.01,35.53,35.92,34.43,39801,140287982.00,4.09,-2.58,-0.94,19.90
2018-04-04,35.35,38.00,38.80,35.35,98604,369744320.00,9.71,6.95,2.47,49.30
2018-04-09,37.01,38.95,39.52,34.50,77304,287316496.00,13.21,2.50,0.95,38.65
2018-04-10,37.49,37.52,38.48,36.11,56440,212044745.00,6.08,-3.67,-1.43,28.22
2018-04-11,37.68,38.78,40.88,36.75,81345,315817968.00,11.01,3.36,1.26,40.67
2018-04-12,37.80,39.77,42.60,37.80,93172,374641984.00,12.38,2.55,0.99,46.59
2018-04-13,39.00,37.09,39.41,36.83,66113,252062982.00,6.49,-6.74,-2.68,33.06
2018-04-16,36.11,34.77,36.33,34.32,44572,156707981.00,5.42,-6.26,-2.32,22.29
2018-04-17,35.05,33.65,35.40,33.45,32280,110396279.00,5.61,-3.22,-1.12,16.14
2018-04-18,33.96,33.45,34.00,31.31,29292,96059671.00,7.99,-0.59,-0.20,14.65
2018-04-19,33.47,32.64,33.90,32.60,23004,76685025.00,3.89,-2.42,-0.81,11.50
2018-04-20,32.00,30.40,32.90,30.21,21620,68450849.00,8.24,-6.86,-2.24,10.81
2018-04-23,30.57,31.31,31.58,30.08,21567,66730579.00,4.93,2.99,0.91,10.78
2018-04-24,31.06,32.49,32.65,31.06,25413,81541602.00,5.08,3.77,1.18,12.71
2018-04-25,32.12,32.08,32.47,31.66,19823,63526603.00,2.49,-1.26,-0.41,9.91
2018-04-26,31.59,30.80,32.34,30.80,17346,55079750.00,4.80,-3.99,-1.28,8.67
2018-04-27,30.98,31.05,31.49,30.70,12121,37644502.00,2.56,0.81,0.25,6.06
2018-05-02,31.15,29.52,31.26,29.20,16737,50351360.00,6.63,-4.93,-1.53,8.37
2018-05-03,29.50,30.85,30.89,29.50,17011,51524236.00,4.71,4.51,1.33,8.51
2018-05-04,31.03,31.00,32.11,30.71,19684,61864643.00,4.54,0.49,0.15,9.84
2018-05-07,31.68,32.13,32.25,31.28,21700,69258639.00,3.13,3.65,1.13,10.85
2018-05-08,32.31,31.96,32.35,31.61,19056,60714274.00,2.30,-0.53,-0.17,9.53
2018-05-09,31.98,33.26,33.78,31.73,40501,133779829.00,6.41,4.07,1.30,20.25
2018-05-10,33.00,33.78,33.79,32.75,31805,105934542.00,3.13,1.56,0.52,15.90
2018-05-11,33.83,32.50,33.97,32.50,18974,62879057.00,4.35,-3.79,-1.28,9.49
2018-05-14,32.58,31.75,32.95,31.25,16102,51695503.00,5.23,-2.31,-0.75,8.05
2018-05-15,32.06,33.49,33.96,32.00,28306,93589515.00,6.17,5.48,1.74,14.15
2018-05-16,33.04,33.09,33.76,32.82,25530,85110103.00,2.81,-1.19,-0.40,12.77
2018-05-17,33.29,33.93,34.00,33.06,30233,101587369.00,2.84,2.54,0.84,15.12
2018-05-18,33.94,34.32,34.46,33.30,30834,104702203.00,3.42,1.15,0.39,15.42
2018-05-21,34.60,35.05,36.28,34.33,42557,149909163.00,5.68,2.13,0.73,21.28
2018-05-22,34.55,35.59,35.69,34.30,39184,137246900.00,3.97,1.54,0.54,19.59
2018-05-23,35.88,35.55,37.50,35.20,45692,164952788.00,6.46,-0.11,-0.04,22.85
2018-05-24,35.13,34.90,35.94,34.82,28334,99805625.00,3.15,-1.83,-0.65,14.17
2018-05-25,34.87,38.39,38.39,34.87,55511,206842631.00,10.09,10.00,3.49,27.76
2018-05-28,40.39,38.24,41.91,36.50,100867,399290240.00,14.09,-0.39,-0.15,50.43
2018-05-29,36.24,39.50,40.71,35.60,86903,333268192.00,13.36,3.29,1.26,43.45
2018-05-30,38.06,43.45,43.45,36.51,123379,508519904.00,17.57,10.00,3.95,61.69
2018-05-31,46.00,47.80,47.80,45.80,83378,395708736.00,4.60,10.01,4.35,41.69
2018-06-01,52.58,43.02,52.58,43.02,149786,732439200.00,20.00,-10.00,-4.78,74.89
2018-06-04,41.16,38.73,41.60,38.72,111924,440240080.00,6.69,-9.97,-4.29,55.96
2018-06-05,38.99,39.15,39.40,37.73,86876,336547168.00,4.31,1.08,0.42,43.44
2018-06-06,39.20,40.73,41.82,38.51,100678,401215376.00,8.45,4.04,1.58,50.34
2018-06-07,39.78,38.88,39.90,38.48,70225,274818976.00,3.49,-4.54,-1.85,35.11
2018-06-08,38.88,39.48,39.58,38.01,60354,234878393.00,4.04,1.54,0.60,30.18
2018-06-11,39.48,37.89,39.48,37.80,43259,167097018.00,4.26,-4.03,-1.59,21.63
2018-06-12,38.10,37.18,38.21,35.68,51039,187867458.00,6.68,-1.87,-0.71,25.52
2018-06-13,37.10,35.88,37.80,35.81,37590,138737215.00,5.35,-3.50,-1.30,18.79
2018-06-14,35.78,36.23,36.68,35.70,32850,119006989.00,2.73,0.98,0.35,16.42
2018-06-15,36.68,34.24,36.68,34.00,37793,132750707.00,7.40,-5.49,-1.99,18.90
2018-06-19,34.07,30.82,34.07,30.82,32338,104324054.00,9.49,-9.99,-3.42,16.17
2018-06-20,30.83,32.68,33.30,30.68,42648,136495455.00,8.50,6.04,1.86,21.32
2018-06-21,32.79,33.93,34.34,32.07,58614,195797201.00,6.95,3.82,1.25,29.31
2018-06-22,33.57,34.43,34.87,32.62,43342,147314734.00,6.63,1.47,0.50,21.67
2018-06-25,34.27,34.90,35.61,31.00,44950,155069657.00,13.39,1.37,0.47,22.48
2018-06-26,34.13,36.19,36.40,33.80,51794,184239934.00,7.45,3.70,1.29,25.90
2018-06-27,35.98,36.51,36.77,35.45,51865,187045450.00,3.65,0.88,0.32,25.93
2018-06-28,36.20,34.71,36.81,34.51,36228,129807437.00,6.30,-4.93,-1.80,18.11
2018-06-29,34.50,36.06,36.48,33.50,35258,124708050.00,8.59,3.89,1.35,17.63
2018-07-02,35.84,36.86,37.12,35.62,48944,178438664.00,4.16,2.22,0.80,24.47
2018-07-03,37.00,37.43,37.72,35.85,49304,181938031.00,5.07,1.55,0.57,24.65
2018-07-04,37.04,34.54,37.13,33.75,41454,148036414.00,9.03,-7.72,-2.89,20.73
2018-07-05,34.10,34.95,37.00,34.10,46266,165888302.00,8.40,1.19,0.41,23.13
2018-07-06,36.55,35.92,38.05,35.44,60104,219695062.00,7.47,2.78,0.97,30.05
2018-07-09,35.43,39.51,39.51,35.43,52788,199388527.00,11.36,9.99,3.59,26.39
2018-07-10,40.26,41.05,42.85,39.55,107241,437362944.00,8.35,3.90,1.54,53.62
2018-07-11,39.84,40.90,40.98,38.62,65558,261626691.00,5.75,-0.37,-0.15,32.78
2018-07-12,40.30,41.50,41.90,39.74,79702,327917264.00,5.28,1.47,0.60,39.85
2018-07-13,40.74,39.43,40.74,39.10,48930,194811276.00,3.95,-4.99,-2.07,24.47
2018-07-16,39.00,39.07,39.94,38.38,32124,125754008.00,3.96,-0.91,-0.36,16.06
2018-07-17,39.00,39.57,39.78,38.70,30309,119044073.00,2.76,1.28,0.50,15.15
2018-07-18,39.60,38.12,39.81,38.10,29606,115278332.00,4.32,-3.66,-1.45,14.80
2018-07-19,37.84,36.81,38.80,36.04,32209,119992355.00,7.24,-3.44,-1.31,16.10
2018-07-20,37.05,37.96,38.07,37.05,30007,112886233.00,2.77,3.12,1.15,15.00
2018-07-23,38.10,37.13,38.16,36.50,25605,95105252.00,4.37,-2.19,-0.83,12.80
2018-07-24,37.40,39.22,39.49,37.20,50035,193055851.00,6.17,5.63,2.09,25.02
2018-07-25,39.15,38.64,39.15,38.01,34517,133179847.00,2.91,-1.48,-0.58,17.26
2018-07-26,38.32,36.88,38.54,36.66,29745,110616226.00,4.87,-4.55,-1.76,14.87
2018-07-27,36.77,37.20,37.48,35.15,26828,97864292.00,6.32,0.87,0.32,13.41
2018-07-30,36.80,35.64,37.50,35.30,23589,85832901.00,5.91,-4.19,-1.56,11.79
2018-07-31,35.61,35.65,36.35,35.13,13997,49978551.00,3.42,0.03,0.01,7.00
2018-08-01,35.71,35.29,36.33,35.21,13963,49926640.00,3.14,-1.01,-0.36,6.98
2018-08-02,35.41,33.20,35.41,31.78,25343,83637644.00,10.29,-5.92,-2.09,12.67
2018-08-03,33.00,31.31,33.48,31.31,17801,57647032.00,6.54,-5.69,-1.89,8.90
2018-08-06,31.30,30.91,31.96,30.71,14550,45535215.00,3.99,-1.28,-0.40,7.28
2018-08-07,31.00,32.22,32.32,30.72,19357,61411244.00,5.18,4.24,1.31,9.68
2018-08-08,32.48,31.32,32.48,31.01,15695,49764503.00,4.56,-2.79,-0.90,7.85
2018-08-09,31.17,31.84,32.48,30.50,20292,64974520.00,6.32,1.66,0.52,10.15
2018-08-10,32.25,32.45,32.92,32.04,21105,68636951.00,2.76,1.92,0.61,10.55
2018-08-13,31.35,33.07,33.13,31.35,17825,57753038.00,5.49,1.91,0.62,8.91
2018-08-14,33.07,33.22,33.33,32.70,17007,56175285.00,1.91,0.45,0.15,8.50
2018-08-15,33.29,32.77,33.51,32.65,16015,52977791.00,2.59,-1.35,-0.45,8.01
2018-08-16,31.50,31.90,32.81,31.45,13501,43443781.00,4.15,-2.65,-0.87,6.75
2018-08-17,32.23,32.12,33.26,31.71,17105,55660141.00,4.86,0.69,0.22,8.55
2018-08-20,31.52,30.57,31.89,29.20,25078,75932557.00,8.37,-4.83,-1.55,12.54
2018-08-21,29.40,30.00,30.27,28.79,23950,70567887.00,4.84,-1.86,-0.57,11.98
2018-08-22,29.80,28.35,29.80,28.34,19505,56631840.00,4.87,-5.50,-1.65,9.75
2018-08-23,28.34,29.06,29.30,28.30,15950,46286038.00,3.53,2.50,0.71,7.98
2018-08-24,29.14,31.97,31.97,28.77,47922,150314558.00,11.01,10.01,2.91,23.96
2018-08-27,31.80,32.36,33.36,31.23,56680,182937082.00,6.66,1.22,0.39,28.34
2018-08-28,32.32,35.60,35.60,31.86,85615,292424272.00,11.56,10.01,3.24,42.81
2018-08-29,35.58,35.01,36.36,34.00,85262,301454304.00,6.63,-1.66,-0.59,42.63
2018-08-30,34.90,35.11,35.47,34.13,62222,217576195.00,3.83,0.29,0.10,31.11
2018-08-31,34.65,34.82,35.52,33.80,46945,163261289.00,4.90,-0.83,-0.29,23.47
2018-09-03,34.80,35.22,35.29,33.52,47299,164100454.00,5.08,1.15,0.40,23.65
2018-09-04,34.80,35.92,36.42,34.19,62638,221376239.00,6.33,1.99,0.70,31.32
2018-09-05,35.60,33.91,35.60,33.90,49042,170531484.00,4.73,-5.60,-2.01,24.52
2018-09-06,33.95,34.65,35.10,32.53,46809,159185136.00,7.58,2.18,0.74,23.40
2018-09-07,34.45,38.12,38.12,33.51,85000,305245232.00,13.30,10.01,3.47,42.50
2018-09-10,38.00,36.31,38.00,36.20,63578,234559741.00,4.72,-4.75,-1.81,31.79
2018-09-11,36.31,37.20,37.49,35.75,58843,216993777.00,4.79,2.45,0.89,29.42
2018-09-12,37.38,36.65,37.38,36.31,43153,158493732.00,2.88,-1.48,-0.55,21.58
2018-09-13,36.70,38.99,40.00,36.15,61203,229256255.00,10.50,6.38,2.34,30.60
2018-09-14,37.88,35.09,37.88,35.09,43676,160771395.00,7.16,-10.00,-3.90,21.84
2018-09-17,33.96,31.58,33.96,31.58,36730,118076872.00,6.78,-10.00,-3.51,18.37
2018-09-18,31.66,31.40,31.88,30.20,29144,90209350.00,5.32,-0.57,-0.18,14.57
2018-09-19,31.00,31.48,31.89,30.79,23302,73103547.00,3.50,0.25,0.08,11.65
2018-09-20,31.05,31.32,31.85,31.05,19373,60882630.00,2.54,-0.51,-0.16,9.69
2018-09-21,31.43,32.17,33.19,31.30,30780,98904629.00,6.03,2.71,0.85,15.39
2018-09-25,31.80,32.08,32.49,31.60,18233,58596117.00,2.77,-0.28,-0.09,9.12
2018-09-26,32.12,31.83,32.38,31.60,18086,57737939.00,2.43,-0.78,-0.25,9.04
2018-09-27,32.40,31.36,33.40,31.03,27392,89044791.00,7.45,-1.48,-0.47,13.70
2018-09-28,30.31,31.52,31.78,30.30,16739,52154193.00,4.72,0.51,0.16,8.37
2018-10-08,30.98,31.32,32.50,30.50,18408,57962017.00,6.35,-0.63,-0.20,9.20
2018-10-09,31.41,32.49,33.16,31.41,27598,89434357.00,5.59,3.74,1.17,13.80
2018-10-10,32.23,32.40,32.98,32.00,21874,71152684.00,3.02,-0.28,-0.09,10.94
2018-10-11,30.98,29.16,31.44,29.16,23221,69843950.00,7.04,-10.00,-3.24,11.61
2018-10-12,27.99,28.32,28.90,26.26,23004,64174650.00,9.05,-2.88,-0.84,11.50
2018-10-15,28.38,28.82,29.29,28.32,14951,43138702.00,3.43,1.77,0.50,7.48
2018-10-16,29.01,27.90,29.32,27.70,14605,41536370.00,5.62,-3.19,-0.92,7.30
2018-10-17,28.54,28.23,28.69,26.40,13951,38839269.00,8.21,1.18,0.33,6.98
2018-10-18,28.10,26.44,28.10,26.26,15040,40774529.00,6.52,-6.34,-1.79,7.52
2018-10-19,26.40,27.22,27.48,25.71,14535,39033861.00,6.69,2.95,0.78,7.27
2018-10-22,27.29,28.36,28.79,27.29,19669,55578920.00,5.51,4.19,1.14,9.83
2018-10-23,28.20,27.95,29.00,27.80,17958,51110276.00,4.23,-1.45,-0.41,8.98
2018-10-24,28.36,28.29,28.71,27.90,12438,35258292.00,2.90,1.22,0.34,6.22
2018-10-25,27.06,27.32,27.86,26.30,15266,41479718.00,5.51,-3.43,-0.97,7.63
2018-10-26,27.90,27.44,27.98,27.28,11141,30764785.00,2.56,0.44,0.12,5.57
2018-10-29,27.08,26.99,27.42,26.66,7840,21194339.00,2.77,-1.64,-0.45,3.92
2018-10-30,26.90,27.97,28.29,26.70,19247,53188659.00,5.89,3.63,0.98,9.62
2018-10-31,27.86,28.49,28.60,27.68,22778,64073954.00,3.29,1.86,0.52,11.39
2018-11-01,28.30,28.18,28.83,28.11,21208,60269675.00,2.53,-1.09,-0.31,10.60
2018-11-02,28.60,28.68,28.79,28.21,20456,58334639.00,2.06,1.77,0.50,10.23
2018-11-05,29.00,28.47,29.19,28.05,20284,58245597.00,3.97,-0.73,-0.21,10.14
2018-11-06,28.10,27.55,28.23,27.05,15418,42438682.00,4.14,-3.23,-0.92,7.71
2018-11-07,27.75,27.61,28.20,27.60,14470,40375005.00,2.18,0.22,0.06,7.23
2018-11-08,27.76,27.50,27.98,27.31,12447,34407959.00,2.43,-0.40,-0.11,6.22
2018-11-09,27.18,28.54,29.32,27.18,28157,80014072.00,7.78,3.78,1.04,14.08
2018-11-12,28.30,29.85,30.90,28.14,41614,123673348.00,9.67,4.59,1.31,20.81
2018-11-13,29.01,29.64,29.69,28.96,32055,94065165.00,2.45,-0.70,-0.21,16.03
2018-11-14,29.40,29.68,30.28,29.22,24053,71311327.00,3.58,0.13,0.04,12.03
2018-11-15,30.30,30.86,31.47,29.77,45819,140566872.00,5.73,3.98,1.18,22.91
2018-11-16,30.31,30.48,30.85,30.20,31254,95287260.00,2.11,-1.23,-0.38,15.63
2018-11-19,29.88,29.90,30.14,29.37,21771,64820523.00,2.53,-1.90,-0.58,10.89
2018-11-20,29.90,30.70,30.80,29.63,31779,96488132.00,3.91,2.68,0.80,15.89
2018-11-21,30.10,31.41,31.45,30.02,32404,99807015.00,4.66,2.31,0.71,16.20
2018-11-22,31.50,30.77,32.38,30.77,32341,101871760.00,5.13,-2.04,-0.64,16.17
2018-11-23,30.80,28.28,30.98,28.03,28019,82518840.00,9.59,-8.09,-2.49,14.01
2018-11-26,27.64,27.19,27.95,26.55,20841,56870186.00,4.95,-3.85,-1.09,10.42
2018-11-27,27.20,27.25,27.59,26.70,12222,33224323.00,3.27,0.22,0.06,6.11
2018-11-28,27.25,27.33,27.42,26.65,11441,31095142.00,2.83,0.29,0.08,5.72
2018-11-29,27.75,26.45,27.75,26.31,12546,34188577.00,5.27,-3.22,-0.88,6.27
2018-11-30,26.45,26.64,26.86,25.70,11324,29830991.00,4.39,0.72,0.19,5.66
2018-12-03,27.14,29.30,29.30,27.14,29597,84522508.00,8.11,9.98,2.66,14.80
2018-12-04,29.60,28.95,29.60,28.46,32904,95559991.00,3.89,-1.19,-0.35,16.45
2018-12-05,28.10,29.20,29.36,28.02,24036,69329004.00,4.63,0.86,0.25,12.02
2018-12-06,28.88,28.30,29.21,28.29,14772,42250404.00,3.15,-3.08,-0.90,7.39
2018-12-07,28.30,28.26,28.55,28.05,7398,20943088.00,1.77,-0.14,-0.04,3.70
2018-12-10,28.26,27.29,28.50,27.25,11043,30539288.00,4.42,-3.43,-0.97,5.52
2018-12-11,27.30,27.84,27.84,27.23,8623,23755245.00,2.24,2.02,0.55,4.31
2018-12-12,28.00,28.35,28.88,28.00,14670,41795326.00,3.16,1.83,0.51,7.33
2018-12-13,28.67,28.31,28.87,28.24,16776,47840178.00,2.22,-0.14,-0.04,8.39
2018-12-14,27.93,27.28,28.45,27.20,11681,32202643.00,4.42,-3.64,-1.03,5.84
2018-12-17,27.50,27.76,27.99,27.02,9384,25988056.00,3.56,1.76,0.48,4.69
2018-12-18,27.50,27.28,27.66,26.88,9833,26723058.00,2.81,-1.73,-0.48,4.92
2018-12-19,27.01,26.40,27.35,26.13,11719,31246630.00,4.47,-3.23,-0.88,5.86
2018-12-20,26.50,26.59,26.70,26.26,7159,18997900.00,1.67,0.72,0.19,3.58
2018-12-21,26.55,26.34,26.55,26.00,8433,22119864.00,2.07,-0.94,-0.25,4.22
2018-12-24,26.32,27.22,27.27,26.10,16025,43241806.00,4.44,3.34,0.88,8.01
2018-12-25,26.65,26.73,26.80,25.89,14583,38419505.00,3.34,-1.80,-0.49,7.29
2018-12-26,26.62,27.19,28.98,26.62,21018,57832623.00,8.83,1.72,0.46,10.51
2018-12-27,27.00,26.38,27.59,26.19,16405,44197435.00,5.15,-2.98,-0.81,3.40
2018-12-28,26.16,25.84,26.57,25.84,11243,29390236.00,2.77,-2.05,-0.54,2.33
2019-01-02,25.95,25.96,26.27,25.83,5953,15501916.00,1.70,0.46,0.12,1.23
2019-01-03,25.96,24.20,26.18,24.02,11277,28413859.00,8.32,-6.78,-1.76,2.34
2019-01-04,23.94,24.86,25.24,23.20,9188,22544883.00,8.43,2.73,0.66,1.90
2019-01-07,25.38,25.27,25.50,25.00,8567,21667905.00,2.01,1.65,0.41,1.77
2019-01-08,25.61,24.75,25.61,24.71,7888,19689829.00,3.56,-2.06,-0.52,1.63
2019-01-09,24.78,24.90,25.48,24.78,9416,23686601.00,2.83,0.61,0.15,1.95
2019-01-10,24.98,26.70,26.88,24.51,18063,45482915.00,9.52,7.23,1.80,3.74
2019-01-11,25.80,25.94,26.28,25.51,20039,51791805.00,2.88,-2.85,-0.76,4.15
2019-01-14,25.70,24.96,25.90,24.86,10747,27057735.00,4.01,-3.78,-0.98,2.23
2019-01-15,25.20,25.11,25.30,24.70,6006,15034405.00,2.40,0.60,0.15,1.24
2019-01-16,24.80,23.60,24.80,22.81,22954,53749649.00,7.93,-6.01,-1.51,4.75
2019-01-17,23.30,23.15,23.50,23.01,9266,21483488.00,2.08,-1.91,-0.45,1.92
2019-01-18,23.34,23.04,23.36,22.59,11708,26825641.00,3.33,-0.48,-0.11,2.43
2019-01-21,23.10,23.20,23.22,22.88,6879,15894793.00,1.48,0.69,0.16,1.42
2019-01-22,23.30,22.89,23.34,22.83,6649,15313384.00,2.20,-1.34,-0.31,1.38
2019-01-23,23.07,23.63,23.97,22.90,17421,40926264.00,4.67,3.23,0.74,3.61
2019-01-24,23.60,23.53,23.73,23.18,8986,21017722.00,2.33,-0.42,-0.10,1.86
2019-01-25,23.50,22.90,23.53,22.88,6140,14274367.00,2.76,-2.68,-0.63,1.27
2019-01-28,23.01,22.67,23.25,22.65,5961,13671682.00,2.62,-1.00,-0.23,1.23
2019-01-29,22.60,20.92,22.67,20.40,11972,25633033.00,10.01,-7.72,-1.75,2.48
2019-01-30,20.98,21.13,22.00,20.96,8849,18946553.00,4.97,1.00,0.21,1.83
2019-01-31,21.11,20.24,21.57,19.92,10585,21953420.00,7.81,-4.21,-0.89,2.19
2019-02-01,20.26,21.06,21.12,20.26,9932,20718230.00,4.25,4.05,0.82,2.06
2019-02-11,21.22,21.55,21.80,21.22,7269,15691118.00,2.75,2.33,0.49,1.51
2019-02-12,21.82,21.74,21.90,21.50,9164,19928140.00,1.86,0.88,0.19,1.90
2019-02-13,21.79,22.16,22.18,21.71,10869,23916420.00,2.16,1.93,0.42,2.25
2019-02-14,22.20,22.25,22.46,21.78,12105,26779266.00,3.07,0.41,0.09,2.51
2019-02-15,22.22,22.41,22.95,21.91,13976,31318298.00,4.67,0.72,0.16,2.90
2019-02-18,22.38,23.08,23.12,22.26,17432,39650515.00,3.84,2.99,0.67,3.61
2019-02-19,24.07,23.74,24.46,23.27,43956,105197661.00,5.16,2.86,0.66,9.11
2019-02-20,23.50,23.40,23.56,23.00,19560,45469082.00,2.36,-1.43,-0.34,4.05
2019-02-21,23.35,23.08,23.55,23.00,16611,38587430.00,2.35,-1.37,-0.32,3.44
2019-02-22,23.23,23.31,23.32,22.90,13075,30253288.00,1.82,1.00,0.23,2.71
2019-02-25,23.50,24.15,24.15,23.30,34525,82096509.00,3.65,3.60,0.84,7.15
2019-02-26,24.15,24.00,24.32,23.67,29078,69789959.00,2.69,-0.62,-0.15,6.02
2019-02-27,24.01,24.49,25.25,23.76,39276,95798913.00,6.21,2.04,0.49,8.14
2019-02-28,24.33,24.09,24.33,23.90,21218,51110431.00,1.76,-1.63,-0.40,4.40
2019-03-01,24.06,23.89,24.24,23.77,13947,33378376.00,1.95,-0.83,-0.20,2.89
2019-03-04,23.89,24.17,24.35,23.89,23243,56156227.00,1.93,1.17,0.28,4.81
2019-03-05,24.25,24.53,24.55,24.05,22955,55790306.00,2.07,1.49,0.36,4.76
2019-03-06,24.67,25.08,25.24,24.25,35453,87746086.00,4.04,2.24,0.55,7.34
2019-03-07,25.10,26.23,26.98,24.55,52722,134888853.00,9.69,4.59,1.15,10.92
2019-03-08,25.60,24.19,25.68,24.03,32133,80625390.00,6.29,-7.78,-2.04,6.66
2019-03-11,24.12,25.10,25.14,24.12,19139,47306682.00,4.22,3.76,0.91,3.96
2019-03-12,25.45,25.39,25.68,25.03,24840,62938878.00,2.59,1.16,0.29,5.15
2019-03-13,25.45,25.15,25.84,24.52,28081,71231262.00,5.20,-0.95,-0.24,5.82
2019-03-14,25.00,24.18,25.00,23.89,15692,38141719.00,4.41,-3.86,-0.97,3.25
2019-03-15,24.17,24.52,24.85,24.17,12580,30817232.00,2.81,1.41,0.34,2.61
2019-03-18,24.93,25.00,25.05,24.62,12496,31077162.00,1.75,1.96,0.48,2.59
2019-03-19,25.10,25.26,25.39,24.84,17276,43292736.00,2.20,1.04,0.26,3.58
2019-03-20,25.15,25.03,25.28,24.50,15290,37994843.00,3.09,-0.91,-0.23,3.17
2019-03-21,25.16,25.11,25.38,24.88,13603,34230013.00,2.00,0.32,0.08,2.82
2019-03-22,25.14,25.40,25.55,24.68,18414,46235945.00,3.46,1.15,0.29,3.81
2019-03-25,24.85,24.88,25.18,24.78,14487,36183751.00,1.57,-2.05,-0.52,3.00
2019-03-26,25.05,24.34,25.47,24.33,15943,39748051.00,4.58,-2.17,-0.54,3.30
2019-03-27,24.41,24.56,24.76,23.91,11501,27893284.00,3.49,0.90,0.22,2.38
2019-03-28,24.31,25.72,25.89,24.31,30044,75754896.00,6.43,4.72,1.16,6.22
2019-03-29,24.87,24.50,24.87,23.15,39049,93834195.00,6.69,-4.74,-1.22,8.09
2019-04-01,24.30,25.37,25.50,24.23,34512,85909181.00,5.18,3.55,0.87,7.15
2019-04-02,25.28,26.05,26.53,25.14,55181,143367916.00,5.48,2.68,0.68,11.43
2019-04-03,25.91,25.82,26.06,25.55,27593,71087708.00,1.96,-0.88,-0.23,5.72
2019-04-04,25.99,25.61,25.99,25.40,21648,55492950.00,2.29,-0.81,-0.21,4.48
2019-04-08,25.77,25.39,25.93,25.03,19606,50184924.00,3.51,-0.86,-0.22,4.06
2019-04-09,25.33,25.43,25.59,25.17,11776,29853593.00,1.65,0.16,0.04,2.44
2019-04-10,25.45,25.08,25.45,24.90,15058,37798119.00,2.16,-1.38,-0.35,3.12
2019-04-11,25.08,24.38,25.28,24.30,12095,30032153.00,3.91,-2.79,-0.70,2.51
2019-04-12,24.41,24.49,24.80,24.31,8638,21164366.00,2.01,0.45,0.11,1.79
2019-04-15,24.58,24.19,24.96,24.18,9596,23653329.00,3.18,-1.22,-0.30,1.99
2019-04-16,24.19,24.58,24.61,24.01,9742,23730001.00,2.48,1.61,0.39,2.02
2019-04-17,24.58,24.88,25.03,24.48,13184,32677392.00,2.24,1.22,0.30,2.73
2019-04-18,24.96,24.30,25.00,24.18,11526,28211965.00,3.30,-2.33,-0.58,2.39
2019-04-19,24.30,24.44,24.54,24.08,6793,16511067.00,1.89,0.58,0.14,1.41
2019-04-22,24.50,23.97,24.61,23.93,8476,20556830.00,2.78,-1.92,-0.47,1.76
2019-04-23,23.99,23.14,24.09,23.08,11468,26853707.00,4.21,-3.46,-0.83,2.38
2019-04-24,23.14,23.20,23.29,22.74,8628,19871301.00,2.38,0.26,0.06,1.79
2019-04-25,23.20,21.99,23.20,21.52,11196,25256370.00,7.24,-5.22,-1.21,2.32
2019-04-26,22.06,21.92,22.29,21.85,6280,13839861.00,2.00,-0.32,-0.07,1.30
2019-04-29,22.22,21.16,22.35,21.06,9310,19967092.00,5.89,-3.47,-0.76,1.93
2019-04-30,21.23,21.43,21.64,21.19,7556,16208034.00,2.13,1.28,0.27,1.57
2019-05-06,21.35,19.40,21.35,19.30,12045,24261184.00,9.57,-9.47,-2.03,2.50
2019-05-07,19.58,19.93,20.09,19.58,8690,17239962.00,2.63,2.73,0.53,1.80
2019-05-08,19.50,20.30,20.77,19.50,10364,21009254.00,6.37,1.86,0.37,2.15
2019-05-09,20.29,20.00,20.59,19.96,5896,11910864.00,3.10,-1.48,-0.30,1.22
2019-05-10,20.17,20.64,20.73,19.85,10369,21217522.00,4.40,3.20,0.64,2.15
2019-05-13,20.70,20.87,20.99,20.34,8247,17106956.00,3.15,1.11,0.23,1.71
2019-05-14,20.70,20.52,20.80,20.40,6645,13689192.00,1.92,-1.68,-0.35,1.38
2019-05-15,20.70,20.83,20.95,20.59,7626,15881209.00,1.75,1.51,0.31,1.58
2019-05-16,20.82,20.91,21.00,20.75,7414,15477889.00,1.20,0.38,0.08,1.54
2019-05-17,20.90,19.98,21.03,19.87,10233,20925175.00,5.55,-4.45,-0.93,2.12
2019-05-20,20.00,20.27,20.38,19.52,6973,13956700.00,4.30,1.45,0.29,1.44
2019-05-21,20.27,20.66,20.71,20.11,8186,16822559.00,2.96,1.92,0.39,1.70
2019-05-22,20.61,20.34,20.80,20.15,8097,16669019.00,3.15,-1.55,-0.32,1.68
2019-05-23,20.34,20.07,20.44,19.93,7205,14552051.00,2.51,-1.33,-0.27,1.49
2019-05-24,20.07,20.09,20.40,19.82,6050,12143719.00,2.89,0.10,0.02,1.25
2019-05-27,20.11,20.59,20.65,20.03,9740,19897111.00,3.09,2.49,0.50,2.02
2019-05-28,20.41,20.56,20.80,20.41,10382,21433413.00,1.89,-0.15,-0.03,2.15
2019-05-29,20.56,20.68,20.95,20.45,8076,16716739.00,2.43,0.58,0.12,1.67
2019-05-30,20.90,20.55,20.90,20.26,10715,21914212.00,3.09,-0.63,-0.13,2.22
2019-05-31,20.46,21.39,21.46,20.46,19954,41986768.00,4.87,4.09,0.84,4.13
2019-06-03,21.25,20.48,21.28,20.42,18468,38320347.00,4.02,-4.25,-0.91,3.83
2019-06-04,20.34,19.86,20.51,19.71,10825,21623127.00,3.91,-3.03,-0.62,2.24
2019-06-05,20.06,19.92,20.16,19.81,6760,13528133.00,1.76,0.30,0.06,1.40
2019-06-06,19.85,20.30,20.30,19.51,8596,17038345.00,3.97,1.91,0.38,1.78
2019-06-10,20.00,20.08,20.29,19.97,8206,16514811.00,1.58,-1.08,-0.22,1.70
2019-06-11,20.15,20.60,20.65,20.01,13360,27253203.00,3.19,2.59,0.52,2.77
2019-06-12,20.48,20.26,20.60,20.24,12191,24837771.00,1.75,-1.65,-0.34,2.53
2019-06-13,20.27,20.43,20.45,20.11,7627,15493234.00,1.68,0.84,0.17,1.58
2019-06-14,20.52,19.86,20.65,19.84,9312,18767106.00,3.96,-2.79,-0.57,1.93
2019-06-17,19.86,19.96,20.05,19.76,5032,10024139.00,1.46,0.50,0.10,1.04
2019-06-18,19.96,20.09,20.16,19.85,4833,9671083.00,1.55,0.65,0.13,1.00
2019-06-19,20.31,20.35,20.71,20.21,15062,30859791.00,2.49,1.29,0.26,3.12
2019-06-20,20.28,21.12,21.88,20.06,29445,61451365.00,8.94,3.78,0.77,6.10
2019-06-21,21.89,21.46,21.90,21.15,30080,64445734.00,3.55,1.61,0.34,6.23
2019-06-24,21.65,22.55,22.78,21.50,44581,98995687.00,5.96,5.08,1.09,9.23
2019-06-25,20.30,21.64,21.88,20.30,34490,73868067.00,7.01,-4.04,-0.91,7.14
2019-06-26,21.40,20.92,21.64,20.87,22100,46715669.00,3.56,-3.33,-0.72,4.58
2019-06-27,20.79,20.91,21.22,20.79,13568,28433557.00,2.06,-0.05,-0.01,2.81
2019-06-28,20.91,20.58,20.95,20.35,9938,20529433.00,2.87,-1.58,-0.33,2.06
2019-07-01,20.98,21.09,21.13,20.79,13399,28118085.00,1.65,2.48,0.51,2.78
2019-07-02,21.09,21.27,21.44,20.81,13086,27766534.00,2.99,0.85,0.18,2.71
2019-07-03,20.80,21.18,21.31,20.80,8444,17852279.00,2.40,-0.42,-0.09,1.75
2019-07-04,21.19,21.79,22.20,21.19,22340,48456598.00,4.77,2.88,0.61,4.63
2019-07-05,21.80,22.38,22.78,21.35,28111,61957789.00,6.56,2.71,0.59,5.82
2019-07-08,22.10,21.57,22.10,21.25,17057,36945725.00,3.80,-3.62,-0.81,3.53
2019-07-09,21.57,21.97,22.00,21.29,13706,29736692.00,3.29,1.85,0.40,2.84
2019-07-10,21.60,21.23,22.02,21.19,10156,21848646.00,3.78,-3.37,-0.74,2.10
2019-07-11,21.40,21.24,21.69,21.05,9475,20245519.00,3.01,0.05,0.01,1.96
2019-07-12,21.24,20.63,21.43,20.50,13824,28604490.00,4.38,-2.87,-0.61,2.86
2019-07-15,20.59,20.67,20.78,20.00,9837,20079565.00,3.78,0.19,0.04,2.04
2019-07-16,20.65,20.71,20.78,20.56,5891,12180311.00,1.06,0.19,0.04,1.22
2019-07-17,20.70,20.85,20.99,20.65,8724,18206884.00,1.64,0.68,0.14,1.81
2019-07-18,20.85,20.13,20.85,20.13,7984,16253275.00,3.45,-3.45,-0.72,1.65
2019-07-19,20.13,20.16,20.55,20.13,5669,11530420.00,2.09,0.15,0.03,1.17
2019-07-22,20.35,19.50,20.40,19.40,7794,15407070.00,4.96,-3.27,-0.66,1.61
2019-07-23,19.61,20.06,20.09,19.54,5390,10702008.00,2.82,2.87,0.56,1.12
2019-07-24,20.10,20.22,20.48,20.10,5388,10952877.00,1.89,0.80,0.16,1.12
2019-07-25,20.23,20.38,20.55,20.10,6233,12703623.00,2.23,0.79,0.16,1.29
2019-07-26,20.47,20.30,20.50,20.23,4272,8674635.00,1.32,-0.39,-0.08,0.88
2019-07-29,20.34,20.26,20.38,20.22,4062,8238675.00,0.79,-0.20,-0.04,0.84
2019-07-30,20.36,20.49,20.66,20.30,5164,10599477.00,1.78,1.14,0.23,1.07
2019-07-31,20.49,20.65,20.75,20.38,6461,13300693.00,1.81,0.78,0.16,1.34
2019-08-01,20.36,20.55,20.74,20.25,4649,9523004.00,2.37,-0.48,-0.10,0.96
2019-08-02,20.20,20.24,20.35,20.00,5889,11894951.00,1.70,-1.51,-0.31,1.22
2019-08-05,20.42,20.23,20.95,20.02,7063,14493229.00,4.59,-0.05,-0.01,1.46
2019-08-06,20.18,19.79,20.45,18.94,11169,21859535.00,7.46,-2.17,-0.44,2.31
2019-08-07,19.81,19.37,20.00,19.25,6948,13576634.00,3.79,-2.12,-0.42,1.44
2019-08-08,19.37,19.37,19.58,19.10,6562,12707442.00,2.48,0.00,0.00,1.36
2019-08-09,19.54,18.70,19.54,18.61,11813,22416951.00,4.80,-3.46,-0.67,2.45
2019-08-12,18.78,18.63,18.86,18.28,9802,18124149.00,3.10,-0.37,-0.07,2.03
2019-08-13,18.50,18.43,18.50,18.32,5943,10938247.00,0.97,-1.07,-0.20,1.23
2019-08-14,18.59,18.47,18.78,18.46,7595,14151464.00,1.74,0.22,0.04,1.57
2019-08-15,18.00,18.47,18.50,17.77,8912,16147407.00,3.95,0.00,0.00,1.85
2019-08-16,18.49,18.45,18.58,18.21,6665,12320085.00,2.00,-0.11,-0.02,1.38
2019-08-19,18.50,19.00,19.09,18.50,9443,17821335.00,3.20,2.98,0.55,1.96
2019-08-20,19.10,18.92,19.10,18.90,6557,12432604.00,1.05,-0.42,-0.08,1.36
2019-08-21,18.92,18.96,19.08,18.85,5386,10231636.00,1.22,0.21,0.04,1.12
2019-08-22,19.16,18.92,19.16,18.89,5075,9620930.00,1.42,-0.21,-0.04,1.05
2019-08-23,18.92,18.81,19.06,18.70,6219,11743493.00,1.90,-0.58,-0.11,1.29
2019-08-26,18.28,18.41,18.62,17.95,7349,13495257.00,3.56,-2.13,-0.40,1.52
2019-08-27,18.48,18.86,18.91,18.41,8412,15781979.00,2.72,2.44,0.45,1.74
2019-08-28,18.72,18.89,18.98,18.72,6837,12915618.00,1.38,0.16,0.03,1.42
2019-08-29,18.89,18.79,19.02,18.75,4981,9385828.00,1.43,-0.53,-0.10,1.03
2019-08-30,18.83,18.27,18.92,18.22,9134,16887975.00,3.73,-2.77,-0.52,1.89
2019-09-02,18.40,18.63,18.69,18.27,7404,13711228.00,2.30,1.97,0.36,1.53
2019-09-03,18.65,18.73,18.83,18.63,4949,9265954.00,1.07,0.54,0.10,1.03
2019-09-04,18.81,18.92,19.10,18.73,8031,15158396.00,1.98,1.01,0.19,1.66
2019-09-05,18.96,19.26,19.34,18.91,14103,27046483.00,2.27,1.80,0.34,2.92
2019-09-06,20.30,19.57,20.42,19.53,32039,63949847.00,4.62,1.61,0.31,6.64
2019-09-09,19.49,19.66,19.74,19.46,16857,32992760.00,1.43,0.46,0.09,3.49
2019-09-10,19.71,19.56,19.71,19.45,9091,17794440.00,1.32,-0.51,-0.10,1.88
2019-09-11,19.59,19.50,19.68,19.50,5972,11677087.00,0.92,-0.31,-0.06,1.24
2019-09-12,19.50,19.64,19.70,19.41,7544,14746571.00,1.49,0.72,0.14,1.56
2019-09-16,19.65,19.74,19.89,19.65,7118,14075939.00,1.22,0.51,0.10,1.47
2019-09-17,19.74,19.29,19.84,19.17,7130,13850453.00,3.39,-2.28,-0.45,1.48
2019-09-18,19.42,19.31,19.42,19.25,4161,8046777.00,0.88,0.10,0.02,0.86
2019-09-19,19.35,19.66,19.79,19.10,7629,14908509.00,3.57,1.81,0.35,1.58
2019-09-20,19.70,19.88,19.93,19.68,10779,21363686.00,1.27,1.12,0.22,2.23
2019-09-23,19.88,19.48,19.88,19.35,7023,13678772.00,2.67,-2.01,-0.40,1.45
2019-09-24,19.49,19.83,20.69,19.48,27346,54633126.00,6.21,1.80,0.35,5.66
2019-09-25,19.80,19.15,19.80,19.08,17204,33217079.00,3.63,-3.43,-0.68,3.56
2019-09-26,19.18,18.37,19.35,18.32,14649,27277955.00,5.38,-4.07,-0.78,3.03
2019-09-27,18.35,18.47,18.60,18.27,8015,14825304.00,1.80,0.54,0.10,1.66
2019-09-30,18.55,18.46,18.65,18.43,4878,9040734.00,1.19,-0.05,-0.01,1.01
2019-10-08,18.47,18.42,18.78,18.40,4677,8662792.00,2.06,-0.22,-0.04,0.97
2019-10-09,18.31,18.65,18.68,18.27,4195,7776281.00,2.23,1.25,0.23,0.87
2019-10-10,18.67,19.02,19.02,18.60,7938,14956002.00,2.25,1.98,0.37,1.64
2019-10-11,19.90,19.22,19.90,19.20,22419,43713965.00,3.68,1.05,0.20,4.64
2019-10-14,19.22,19.33,19.40,19.08,12441,23981075.00,1.66,0.57,0.11,2.58
2019-10-15,19.33,19.06,19.33,18.93,7272,13869142.00,2.07,-1.40,-0.27,1.51
2019-10-16,18.98,18.92,19.17,18.91,5220,9925673.00,1.36,-0.73,-0.14,1.08
2019-10-17,18.92,18.99,19.09,18.87,4454,8452746.00,1.16,0.37,0.07,0.92
2019-10-18,19.00,18.71,19.12,18.57,6089,11489798.00,2.90,-1.47,-0.28,1.26
2019-10-21,18.70,18.66,18.70,18.25,5052,9347915.00,2.41,-0.27,-0.05,1.05
2019-10-22,18.66,18.90,18.90,18.58,4748,8902366.00,1.71,1.29,0.24,0.98
2019-10-23,18.90,18.88,18.95,18.77,3858,7272205.00,0.95,-0.11,-0.02,0.80
2019-10-24,18.88,18.92,18.97,18.72,3027,5713510.00,1.32,0.21,0.04,0.63
2019-10-25,18.81,19.00,19.03,18.66,4371,8246400.00,1.96,0.42,0.08,0.91
2019-10-28,18.91,19.15,19.20,18.86,7080,13495470.00,1.79,0.79,0.15,1.47
2019-10-29,19.19,18.64,19.19,18.60,6758,12727663.00,3.08,-2.66,-0.51,1.40
2019-10-30,18.62,18.30,18.62,18.27,6432,11822418.00,1.88,-1.82,-0.34,1.33
2019-10-31,18.39,18.13,18.45,18.10,5357,9770196.00,1.91,-0.93,-0.17,1.11
2019-11-01,18.13,18.21,18.34,18.03,4061,7400874.00,1.71,0.44,0.08,0.84
2019-11-04,18.30,18.30,18.36,18.21,5232,9559633.00,0.82,0.49,0.09,1.08
2019-11-05,18.31,18.20,18.36,18.11,3935,7161576.00,1.37,-0.55,-0.10,0.82
2019-11-06,18.30,17.91,18.30,17.86,5495,9915668.00,2.42,-1.59,-0.29,1.14
2019-11-07,17.91,17.97,17.99,17.82,4167,7464932.00,0.95,0.34,0.06,0.86
2019-11-08,18.05,18.05,18.16,17.98,3625,6553504.00,1.00,0.45,0.08,0.75
2019-11-11,17.92,17.18,17.92,17.15,9572,16636762.00,4.27,-4.82,-0.87,1.98
2019-11-12,17.18,17.24,17.31,17.07,4482,7697202.00,1.40,0.35,0.06,0.93
2019-11-13,17.05,17.24,17.25,17.05,3174,5448908.00,1.16,0.00,0.00,0.66
2019-11-14,17.25,17.28,17.35,17.16,2550,4404790.00,1.10,0.23,0.04,0.53
2019-11-15,17.29,17.04,17.31,17.04,3272,5604759.00,1.56,-1.39,-0.24,0.68
2019-11-18,17.04,17.21,17.25,16.93,2608,4469029.00,1.88,1.00,0.17,0.54
2019-11-19,17.19,17.50,17.50,17.14,4620,8027039.00,2.09,1.69,0.29,0.96
2019-11-20,17.45,17.36,17.65,17.27,3114,5432241.00,2.17,-0.80,-0.14,0.65
2019-11-21,17.36,17.36,17.41,17.16,2731,4729583.00,1.44,0.00,0.00,0.57
2019-11-22,17.56,17.23,17.56,17.11,3586,6203246.00,2.59,-0.75,-0.13,0.74
2019-11-25,17.18,17.13,17.29,16.97,3529,6032119.00,1.86,-0.58,-0.10,0.73
2019-11-26,17.13,16.97,17.14,16.93,4682,7969945.00,1.23,-0.93,-0.16,0.97
2019-11-27,16.97,16.90,17.03,16.85,2793,4728298.00,1.06,-0.41,-0.07,0.58
2019-11-28,17.02,16.85,17.02,16.84,3268,5523273.00,1.07,-0.30,-0.05,0.68
2019-11-29,16.86,17.00,17.03,16.83,2221,3762796.00,1.19,0.89,0.15,0.46
2019-12-02,17.04,17.08,17.14,17.00,2762,4719693.00,0.82,0.47,0.08,0.57
2019-12-03,17.07,17.18,17.21,16.95,3263,5573729.00,1.52,0.59,0.10,0.68
2019-12-04,17.11,17.25,17.38,17.06,3589,6183994.00,1.86,0.41,0.07,0.74
2019-12-05,17.30,17.68,17.80,17.26,7821,13768561.00,3.13,2.49,0.43,1.62
2019-12-06,17.67,17.50,17.67,17.38,6367,11116706.00,1.64,-1.02,-0.18,1.32
2019-12-09,17.48,17.54,17.56,17.43,3724,6516111.00,0.74,0.23,0.04,0.77
2019-12-10,17.54,18.59,18.59,17.32,5538,9797440.00,7.24,5.99,1.05,1.15
2019-12-11,17.80,17.95,18.14,17.71,10666,19148020.00,2.31,-3.44,-0.64,2.21
2019-12-12,17.83,17.94,18.22,17.66,13012,23366075.00,3.12,-0.06,-0.01,2.70
2019-12-13,17.94,18.00,18.13,17.80,8558,15355622.00,1.84,0.33,0.06,1.77
2019-12-16,18.11,18.06,18.11,17.92,8047,14496934.00,1.06,0.33,0.06,1.67
2019-12-17,18.05,18.16,18.25,18.00,8918,16141493.00,1.38,0.55,0.10,1.85
2019-12-18,18.18,18.26,18.31,18.12,8146,14863675.00,1.05,0.55,0.10,1.69
2019-12-19,18.21,18.29,18.30,18.12,6598,12007479.00,0.99,0.16,0.03,1.37
2019-12-20,18.29,18.25,18.40,18.22,8841,16176642.00,0.98,-0.22,-0.04,1.83
2019-12-23,18.23,17.83,18.30,17.80,8002,14481287.00,2.74,-2.30,-0.42,1.66
2019-12-24,18.01,18.12,18.16,17.80,7475,13439754.00,2.02,1.63,0.29,1.55
2019-12-25,18.03,18.20,18.21,18.01,5041,9148345.00,1.10,0.44,0.08,1.04
2019-12-26,18.20,18.36,18.47,18.15,8832,16198101.00,1.76,0.88,0.16,1.83
2019-12-27,18.41,18.19,18.44,18.11,7960,14557510.00,1.80,-0.93,-0.17,1.65
2019-12-30,18.12,18.30,18.30,17.61,8145,14740490.00,3.79,0.60,0.11,1.69
2019-12-31,18.30,18.36,18.40,18.18,6375,11695305.00,1.20,0.33,0.06,1.32
2020-01-02,18.44,18.51,18.64,18.35,11882,22021726.00,1.58,0.82,0.15,2.46
2020-01-03,18.51,18.61,18.68,18.47,8863,16464764.00,1.13,0.54,0.10,1.84
2020-01-06,18.58,18.77,18.83,18.46,9646,18062140.00,1.99,0.86,0.16,2.00
2020-01-07,18.77,18.71,18.88,18.63,10142,18998953.00,1.33,-0.32,-0.06,2.10
2020-01-08,18.70,18.37,18.76,18.27,11085,20525580.00,2.62,-1.82,-0.34,2.30
2020-01-09,18.41,18.86,18.87,18.36,12770,23893144.00,2.78,2.67,0.49,2.65
2020-01-10,18.88,18.69,18.88,18.60,5876,10994299.00,1.48,-0.90,-0.17,1.22
2020-01-13,18.75,18.87,18.88,18.51,7225,13516385.00,1.98,0.96,0.18,1.50
2020-01-14,18.75,18.90,18.99,18.75,8632,16313315.00,1.27,0.16,0.03,1.79
2020-01-15,18.82,18.59,18.91,18.55,6989,13030964.00,1.90,-1.64,-0.31,1.45
2020-01-16,18.68,18.64,18.97,18.53,9745,18291947.00,2.37,0.27,0.05,2.02
2020-01-17,18.62,18.53,18.75,18.44,7157,13287872.00,1.66,-0.59,-0.11,1.48
2020-01-20,18.52,18.56,18.58,18.28,7157,13203207.00,1.62,0.16,0.03,1.48
2020-01-21,18.50,18.20,18.53,18.15,7469,13654490.00,2.05,-1.94,-0.36,1.55
2020-01-22,18.20,18.36,18.44,17.93,7293,13256101.00,2.80,0.88,0.16,1.51
2020-01-23,18.25,17.69,18.44,17.51,9532,17113412.00,5.07,-3.65,-0.67,1.97
2020-02-03,15.92,15.92,15.92,15.92,3356,5342752.00,0.00,-10.01,-1.77,0.70
2020-02-04,14.34,15.43,15.70,14.34,11972,18217703.00,8.54,-3.08,-0.49,2.48
2020-02-05,15.45,15.90,15.98,15.45,8123,12852161.00,3.43,3.05,0.47,1.68
2020-02-06,15.93,16.11,16.24,15.76,8154,13079520.00,3.02,1.32,0.21,1.69
2020-02-07,16.15,16.41,16.45,16.06,8004,12996021.00,2.42,1.86,0.30,1.66
2020-02-10,16.44,16.79,16.81,16.39,7010,11688952.00,2.56,2.32,0.38,1.45
2020-02-11,16.82,16.57,16.91,16.52,6608,11037034.00,2.32,-1.31,-0.22,1.37
2020-02-12,16.50,17.00,17.02,16.50,7307,12273029.00,3.14,2.60,0.43,1.51
2020-02-13,17.06,17.17,17.31,16.81,12375,21142750.00,2.94,1.00,0.17,2.56
2020-02-14,17.58,17.09,17.58,17.01,9661,16761591.00,3.32,-0.47,-0.08,2.00
2020-02-17,17.13,17.57,17.58,17.13,9847,17122949.00,2.63,2.81,0.48,2.04
2020-02-18,17.61,17.81,17.81,17.46,9059,15981145.00,1.99,1.37,0.24,1.88
2020-02-19,18.36,18.15,18.36,17.80,11186,20198203.00,3.14,1.91,0.34,2.32
2020-02-20,18.19,18.15,18.36,17.92,12596,22824460.00,2.42,0.00,0.00,2.61
2020-02-21,18.02,18.12,18.28,18.02,8362,15188281.00,1.43,-0.17,-0.03,1.73
2020-02-24,18.10,18.25,18.27,17.78,11930,21559849.00,2.70,0.72,0.13,2.47
2020-02-25,18.60,18.00,18.60,17.72,16019,29024729.00,4.82,-1.37,-0.25,3.32
2020-02-26,17.91,17.94,18.45,17.80,15144,27423483.00,3.61,-0.33,-0.06,3.14
2020-02-27,17.84,17.86,18.28,17.80,8154,14633987.00,2.68,-0.45,-0.08,1.69
2020-02-28,17.46,16.58,17.46,16.58,12385,21010956.00,4.93,-7.17,-1.28,2.57
2020-03-02,16.58,17.50,17.60,16.57,11712,20274541.00,6.21,5.55,0.92,2.43
2020-03-03,17.69,17.74,18.07,17.57,10428,18631742.00,2.86,1.37,0.24,2.16
2020-03-04,17.69,17.89,17.93,17.51,6456,11506350.00,2.37,0.85,0.15,1.34
2020-03-05,18.07,18.38,18.43,17.89,13794,25206506.00,3.02,2.74,0.49,2.86
2020-03-06,18.21,18.50,18.66,18.03,12513,22998713.00,3.43,0.65,0.12,2.59
2020-03-09,18.29,17.95,18.41,17.84,13846,25025277.00,3.08,-2.97,-0.55,2.87
2020-03-10,17.66,18.32,18.35,17.42,14003,25000607.00,5.18,2.06,0.37,2.90
2020-03-11,18.40,18.62,18.90,18.22,21982,40925856.00,3.71,1.64,0.30,4.55
2020-03-12,18.98,18.36,18.98,18.02,22751,41967812.00,5.16,-1.40,-0.26,4.71
2020-03-13,18.68,18.05,18.68,16.52,19872,35754008.00,11.76,-1.69,-0.31,4.12
2020-03-16,18.01,17.30,18.29,17.28,13965,24922497.00,5.60,-4.16,-0.75,2.89
2020-03-17,17.28,17.50,17.58,16.83,8302,14337515.00,4.34,1.16,0.20,1.72
2020-03-18,17.45,17.31,17.98,17.31,8074,14270832.00,3.83,-1.09,-0.19,1.67
2020-03-19,17.50,17.71,17.72,17.13,10627,18527448.00,3.41,2.31,0.40,2.20
2020-03-20,17.82,19.16,19.18,17.70,33684,62861075.00,8.36,8.19,1.45,6.98
2020-03-23,18.50,18.87,19.56,18.48,34053,64992313.00,5.64,-1.51,-0.29,7.05
2020-03-24,19.13,19.45,19.57,18.48,33006,62960886.00,5.78,3.07,0.58,6.84
2020-03-25,19.73,19.12,19.85,19.04,32159,61995262.00,4.16,-1.70,-0.33,6.66
2020-03-26,18.95,18.60,18.95,18.41,22624,42085986.00,2.82,-2.72,-0.52,4.69
2020-03-27,18.39,18.32,18.68,18.24,23038,42438435.00,2.37,-1.51,-0.28,4.77
2020-03-30,17.80,17.59,17.80,17.02,26082,45017091.00,4.26,-3.98,-0.73,5.40
2020-03-31,17.98,17.23,17.98,17.21,12775,22510373.00,4.38,-2.05,-0.36,2.65
2020-04-01,17.06,17.08,17.45,17.06,7550,13020704.00,2.26,-0.87,-0.15,1.56
2020-04-02,17.08,17.24,17.29,16.74,9172,15555360.00,3.22,0.94,0.16,1.90
2020-04-03,17.20,16.84,17.23,16.81,9206,15625880.00,2.44,-2.32,-0.40,1.91
2020-04-07,17.16,17.31,17.39,17.05,9152,15767318.00,2.02,2.79,0.47,1.90
2020-04-08,17.31,17.47,17.56,17.17,9422,16393123.00,2.25,0.92,0.16,1.95
2020-04-09,17.56,17.55,17.63,17.45,7242,12707505.00,1.03,0.46,0.08,1.50
2020-04-10,17.52,17.16,17.52,17.05,8198,14135918.00,2.68,-2.22,-0.39,1.70
2020-04-13,17.25,17.00,17.25,16.85,5791,9810614.00,2.33,-0.93,-0.16,1.20
2020-04-14,16.91,17.22,17.27,16.91,4801,8235424.00,2.12,1.29,0.22,0.99
2020-04-15,17.30,17.06,17.30,17.01,5555,9523312.00,1.68,-0.93,-0.16,1.15
2020-04-16,16.97,17.17,17.19,16.90,4502,7687185.00,1.70,0.64,0.11,0.93
2020-04-17,17.10,17.56,17.63,17.10,14567,25470430.00,3.09,2.27,0.39,3.02
2020-04-20,17.56,18.15,18.28,17.36,15538,27975607.00,5.24,3.36,0.59,3.22
2020-04-21,18.14,18.27,18.33,17.88,12440,22561367.00,2.48,0.66,0.12,2.58
2020-04-22,18.17,18.21,18.48,17.95,9743,17738556.00,2.90,-0.33,-0.06,2.02
2020-04-23,18.21,18.50,18.70,18.21,12721,23565371.00,2.69,1.59,0.29,2.64
2020-04-24,18.61,18.27,18.61,18.07,12713,23362040.00,2.92,-1.24,-0.23,2.63
2020-04-27,18.18,17.96,18.50,17.66,7843,14134024.00,4.60,-1.70,-0.31,1.62
2020-04-28,18.15,17.62,18.15,17.28,8623,15291113.00,4.84,-1.89,-0.34,1.79
2020-04-29,17.67,18.21,18.59,17.67,17984,32796964.00,5.22,3.35,0.59,3.73
2020-04-30,18.21,18.53,18.57,18.12,15128,27810266.00,2.47,1.76,0.32,3.13
2020-05-06,18.43,18.80,18.87,18.23,17316,32250576.00,3.45,1.46,0.27,3.59
2020-05-07,18.90,18.51,18.98,18.33,18207,33758129.00,3.46,-1.54,-0.29,3.77
2020-05-08,18.36,18.92,19.00,18.10,21813,40577220.00,4.86,2.22,0.41,4.52
2020-05-11,19.15,18.75,19.15,18.58,21648,40779727.00,3.01,-0.90,-0.17,4.48
2020-05-12,18.88,18.59,18.88,18.28,13594,25182493.00,3.20,-0.85,-0.16,2.82
2020-05-13,18.74,19.34,19.39,18.55,28814,55121065.00,4.52,4.03,0.75,5.97
2020-05-14,19.08,19.48,19.60,18.95,21848,42100721.00,3.36,0.72,0.14,4.53
2020-05-15,19.45,19.14,19.47,19.08,16168,31122824.00,2.00,-1.75,-0.34,3.35
2020-05-18,19.13,19.04,19.19,18.90,10124,19244886.00,1.52,-0.52,-0.10,2.10
2020-05-19,19.39,18.93,19.39,18.80,11026,20998673.00,3.10,-0.58,-0.11,2.28
2020-05-20,18.93,18.70,18.93,18.48,13321,24831442.00,2.38,-1.22,-0.23,2.76
2020-05-21,18.88,18.53,18.88,18.50,8736,16341589.00,2.03,-0.91,-0.17,1.81
2020-05-22,18.42,18.47,18.60,18.20,7020,12934533.00,2.16,-0.32,-0.06,1.45
2020-05-25,18.54,19.41,19.45,18.42,20164,38463510.00,5.58,5.09,0.94,4.18
2020-05-26,19.22,19.81,20.20,19.22,31691,62547503.00,5.05,2.06,0.40,6.56
2020-05-27,19.63,19.72,19.85,19.36,19713,38719480.00,2.47,-0.45,-0.09,4.08
2020-05-28,19.73,19.23,19.89,19.01,15149,29343665.00,4.46,-2.48,-0.49,3.14
2020-05-29,19.38,19.32,19.38,19.05,13666,26262627.00,1.72,0.47,0.09,2.83
2020-06-01,19.61,19.60,19.80,19.34,21283,41750455.00,2.38,1.45,0.28,4.41
2020-06-02,19.63,19.44,19.68,19.15,19686,38118761.00,2.70,-0.82,-0.16,4.08
2020-06-03,19.54,20.20,20.38,19.29,32663,65129747.00,5.61,3.91,0.76,6.77
2020-06-04,20.12,19.97,20.14,19.83,18101,36167668.00,1.53,-1.14,-0.23,3.75
2020-06-05,20.00,19.71,20.09,19.60,13541,26702665.00,2.45,-1.30,-0.26,2.80
2020-06-08,19.41,18.71,19.57,18.68,27581,52289606.00,4.52,-5.07,-1.00,5.71
2020-06-09,18.82,19.32,19.39,18.71,21034,40135649.00,3.63,3.26,0.61,4.36
2020-06-10,19.28,19.19,19.56,19.10,15153,29160728.00,2.38,-0.67,-0.13,3.14
2020-06-11,19.33,19.82,19.88,19.12,22934,44786505.00,3.96,3.28,0.63,4.75
2020-06-12,19.55,20.03,20.13,19.40,24444,48569149.00,3.68,1.06,0.21,5.06
2020-06-15,20.05,20.08,20.60,20.05,29170,59129781.00,2.75,0.25,0.05,6.04
2020-06-16,20.23,20.67,21.23,20.11,39295,81271892.00,5.58,2.94,0.59,8.14
2020-06-17,20.65,20.25,20.71,20.21,29968,60967581.00,2.42,-2.03,-0.42,6.21
2020-06-18,20.45,20.10,20.70,20.05,19797,40135153.00,3.21,-0.74,-0.15,4.10
2020-06-19,20.27,20.33,20.60,20.08,23215,47322769.00,2.59,1.14,0.23,4.81
2020-06-22,20.38,20.83,21.10,20.16,29230,60327504.00,4.62,2.46,0.50,6.05
2020-06-23,20.88,21.35,21.48,20.52,31407,66158249.00,4.61,2.50,0.52,6.51
2020-06-24,21.24,21.18,21.56,20.91,23132,48859651.00,3.04,-0.80,-0.17,4.79
2020-06-29,21.44,20.98,21.44,20.66,19232,40205710.00,3.68,-0.94,-0.20,3.98
2020-06-30,21.13,21.63,21.68,20.83,26410,56338713.00,4.05,3.10,0.65,5.47
2020-07-01,21.70,21.36,21.71,21.04,27762,59106848.00,3.10,-1.25,-0.27,5.75
2020-07-02,21.32,20.95,21.34,20.89,23448,49338416.00,2.11,-1.92,-0.41,4.86
2020-07-03,21.00,21.11,21.15,20.53,19687,41042396.00,2.96,0.76,0.16,4.08
2020-07-06,21.11,21.79,21.79,20.79,29714,63287604.00,4.74,3.22,0.68,6.16
2020-07-07,21.90,21.53,22.00,21.51,30666,66552442.00,2.25,-1.19,-0.26,6.35
2020-07-08,21.47,21.60,21.66,21.17,25435,54514026.00,2.28,0.33,0.07,5.27
2020-07-09,21.67,22.24,22.49,21.49,36930,81503826.00,4.63,2.96,0.64,7.65
2020-07-10,22.20,21.93,22.36,21.85,22996,50787025.00,2.29,-1.39,-0.31,4.76
2020-07-13,21.91,22.78,22.90,21.88,32566,73425710.00,4.65,3.88,0.85,6.75
2020-07-14,22.70,24.88,25.06,22.53,78753,191875034.00,11.11,9.22,2.10,16.31
2020-07-15,25.20,24.57,25.40,24.40,72371,179560045.00,4.02,-1.25,-0.31,14.99
2020-07-16,24.42,23.20,24.81,22.70,48116,114248504.00,8.59,-5.58,-1.37,9.97
2020-07-17,22.63,21.22,22.82,21.10,46101,99832857.00,7.41,-8.53,-1.98,9.55
2020-07-20,21.46,21.69,21.70,20.91,24682,52677615.00,3.72,2.21,0.47,5.11
2020-07-21,21.63,21.48,21.85,21.41,17568,37962606.00,2.03,-0.97,-0.21,3.64
2020-07-22,21.55,21.85,21.95,21.31,20682,44887098.00,2.98,1.72,0.37,4.28
2020-07-23,21.93,21.77,21.93,21.21,19399,41912158.00,3.30,-0.37,-0.08,4.02
2020-07-24,21.75,20.58,21.75,20.26,23211,48809844.00,6.84,-5.47,-1.19,4.81
2020-07-27,20.58,20.72,20.98,20.28,12800,26354356.00,3.40,0.68,0.14,2.65
2020-07-28,20.88,20.82,21.16,20.55,12041,25125351.00,2.94,0.48,0.10,2.49
2020-07-29,20.82,21.12,21.18,20.43,13704,28690845.00,3.60,1.44,0.30,2.84
2020-07-30,22.00,21.86,22.30,21.61,32779,72003105.00,3.27,3.50,0.74,6.79
2020-07-31,21.60,22.01,22.19,21.59,22293,48916406.00,2.74,0.69,0.15,4.62
2020-08-03,22.00,22.51,22.57,21.99,21380,47843900.00,2.64,2.27,0.50,4.43
2020-08-04,22.46,22.30,22.63,22.11,16274,36259233.00,2.31,-0.93,-0.21,3.37
2020-08-05,22.30,22.58,23.09,22.21,18125,40951368.00,3.95,1.26,0.28,3.75
2020-08-06,23.49,22.88,23.54,22.35,19100,43435016.00,5.27,1.33,0.30,3.96
2020-08-07,22.65,22.22,22.84,21.93,17036,38039308.00,3.98,-2.88,-0.66,3.53
2020-08-10,22.04,22.60,22.82,22.01,11554,26054604.00,3.65,1.71,0.38,2.39
2020-08-11,22.60,22.44,23.20,22.39,19966,45535502.00,3.58,-0.71,-0.16,4.14
2020-08-12,22.32,22.14,22.43,21.61,15786,34706802.00,3.65,-1.34,-0.30,3.27
2020-08-13,22.16,22.41,22.94,22.16,14579,32921557.00,3.52,1.22,0.27,3.02
2020-08-14,22.41,22.56,22.65,21.99,13210,29432373.00,2.95,0.67,0.15,2.74
2020-08-17,22.55,23.07,23.13,22.20,20101,45934475.00,4.12,2.26,0.51,4.16
2020-08-18,23.00,23.25,23.50,22.78,25768,59505570.00,3.12,0.78,0.18,5.34
2020-08-19,23.10,22.80,23.62,22.78,24002,55512635.00,3.61,-1.94,-0.45,4.97
2020-08-20,22.73,23.30,23.62,22.45,25408,58938499.00,5.13,2.19,0.50,5.26
2020-08-21,23.25,24.10,24.80,23.17,42066,101522158.00,7.00,3.43,0.80,8.71
2020-08-24,23.97,24.19,24.20,23.56,20908,50025920.00,2.66,0.37,0.09,4.33
2020-08-25,24.20,24.00,24.25,23.70,18741,44821148.00,2.27,-0.79,-0.19,3.88
2020-08-26,24.47,23.18,24.47,22.92,23702,55807614.00,6.46,-3.42,-0.82,4.91
2020-08-27,23.22,23.49,23.70,22.63,20179,47134460.00,4.62,1.34,0.31,4.18
2020-08-28,23.45,23.30,23.45,22.70,19257,44334273.00,3.19,-0.81,-0.19,3.99
2020-08-31,23.38,23.22,23.76,23.13,13673,32067769.00,2.70,-0.34,-0.08,2.83
2020-09-01,23.32,23.66,23.68,23.02,12085,28349955.00,2.84,1.89,0.44,2.50
2020-09-02,23.69,23.83,23.97,23.48,16029,38031658.00,2.07,0.72,0.17,3.32
2020-09-03,23.70,23.23,23.79,23.16,17530,40974078.00,2.64,-2.52,-0.60,3.63
2020-09-04,23.00,23.01,23.12,22.61,14916,34058643.00,2.20,-0.95,-0.22,3.09
2020-09-07,23.43,22.40,23.54,22.35,18856,43297606.00,5.17,-2.65,-0.61,3.91
2020-09-08,22.42,22.64,22.85,22.28,12464,28148341.00,2.54,1.07,0.24,2.58
2020-09-09,22.51,22.19,22.88,22.12,15399,34630745.00,3.36,-1.99,-0.45,3.19
2020-09-10,22.42,20.90,22.49,20.76,20499,43925434.00,7.80,-5.81,-1.29,4.25
2020-09-11,20.86,21.32,21.53,20.63,11663,24711624.00,4.31,2.01,0.42,2.42
2020-09-14,21.50,21.78,22.09,21.45,11005,23974062.00,3.00,2.16,0.46,2.28
2020-09-15,21.88,21.65,21.96,21.59,7932,17260945.00,1.70,-0.60,-0.13,1.64
2020-09-16,21.80,21.64,21.80,21.45,9002,19452762.00,1.62,-0.05,-0.01,1.86
2020-09-17,21.79,21.86,22.05,21.17,8976,19518032.00,4.07,1.02,0.22,1.86
2020-09-18,22.27,21.83,22.27,21.58,11584,25243116.00,3.16,-0.14,-0.03,2.40
2020-09-21,21.97,21.46,21.97,21.39,10237,22125541.00,2.66,-1.69,-0.37,2.12
2020-09-22,21.46,21.16,21.56,21.06,8788,18669077.00,2.33,-1.40,-0.30,1.82
2020-09-23,21.16,21.22,21.53,21.08,6393,13605664.00,2.13,0.28,0.06,1.32
2020-09-24,21.13,20.63,21.17,20.61,8529,17748013.00,2.64,-2.78,-0.59,1.77
2020-09-25,20.78,20.76,20.89,20.41,6707,13846789.00,2.33,0.63,0.13,1.39
2020-09-28,20.96,20.16,20.96,20.14,7182,14656537.00,3.95,-2.89,-0.60,1.49
2020-09-29,20.17,20.48,20.93,20.07,8392,17223045.00,4.27,1.59,0.32,1.74
2020-09-30,20.44,20.48,20.71,20.20,5263,10785705.00,2.49,0.00,0.00,1.09
2020-10-09,20.68,20.91,21.18,20.60,8987,18817756.00,2.83,2.10,0.43,1.86
2020-10-12,21.09,21.47,21.55,20.90,11588,24610654.00,3.11,2.68,0.56,2.40
2020-10-13,21.33,21.41,21.50,21.25,8535,18237188.00,1.16,-0.28,-0.06,1.77
2020-10-14,21.32,21.30,21.49,21.14,7364,15692931.00,1.63,-0.51,-0.11,1.53
2020-10-15,21.76,21.88,22.30,21.50,19997,43763170.00,3.76,2.72,0.58,4.14
2020-10-16,21.61,22.58,22.74,21.61,21727,48703705.00,5.16,3.20,0.70,4.50
2020-10-19,22.77,22.86,23.18,22.30,20243,46382655.00,3.90,1.24,0.28,4.19
2020-10-20,23.10,23.04,23.17,22.80,15990,36789048.00,1.62,0.79,0.18,3.31
2020-10-21,23.00,23.38,23.40,22.80,16735,38829812.00,2.60,1.48,0.34,3.47
2020-10-22,23.30,23.34,23.68,22.81,15384,35804670.00,3.72,-0.17,-0.04,3.19
2020-10-23,23.23,23.20,23.55,23.11,14064,32822419.00,1.89,-0.60,-0.14,2.91
2020-10-26,23.32,23.49,23.85,23.01,17213,40322214.00,3.62,1.25,0.29,3.57
2020-10-27,23.27,23.25,23.61,22.91,15756,36612282.00,2.98,-1.02,-0.24,3.26
2020-10-28,23.50,23.40,23.69,23.10,14423,33763413.00,2.54,0.65,0.15,2.99
2020-10-29,23.20,23.68,24.09,23.13,19287,45838145.00,4.10,1.20,0.28,4.00
2020-10-30,23.97,23.37,24.18,23.25,17731,42124499.00,3.93,-1.31,-0.31,3.67
2020-11-02,23.33,23.84,24.00,23.21,16849,40043552.00,3.38,2.01,0.47,3.49
2020-11-03,23.85,23.68,24.00,23.58,15199,36110704.00,1.76,-0.67,-0.16,3.15
2020-11-04,23.65,23.62,23.79,23.17,13687,32104706.00,2.62,-0.25,-0.06,2.84
2020-11-05,23.56,23.70,24.04,23.39,13862,32787728.00,2.75,0.34,0.08,2.87
2020-11-06,23.72,23.27,23.93,22.99,10737,25072885.00,3.97,-1.81,-0.43,2.22
2020-11-09,23.35,24.31,24.57,23.21,31139,74950620.00,5.84,4.47,1.04,6.45
2020-11-10,24.88,23.71,24.90,23.63,23865,57228080.00,5.22,-2.47,-0.60,4.94
2020-11-11,23.83,23.23,23.90,23.11,12790,29958578.00,3.33,-2.02,-0.48,2.65
2020-11-12,23.42,23.05,23.46,23.00,9200,21333168.00,1.98,-0.77,-0.18,1.91
2020-11-13,22.90,23.38,23.41,22.71,9630,22288023.00,3.04,1.43,0.33,1.99
2020-11-16,23.38,23.23,23.63,23.03,10769,25057794.00,2.57,-0.64,-0.15,2.23
2020-11-17,23.17,22.92,23.38,22.66,10465,23987432.00,3.10,-1.33,-0.31,2.17
2020-11-18,23.00,24.84,25.10,22.92,47298,115214852.00,9.51,8.38,1.92,9.80
2020-11-19,24.85,25.03,25.87,24.72,45905,115718517.00,4.63,0.76,0.19,9.51
2020-11-20,25.03,24.55,25.22,24.09,27986,68618137.00,4.51,-1.92,-0.48,5.80
2020-11-23,24.64,24.28,24.64,24.02,20254,49133193.00,2.53,-1.10,-0.27,4.20
2020-11-24,24.09,24.79,25.07,23.91,31147,76606667.00,4.78,2.10,0.51,6.45
2020-11-25,24.79,23.98,24.84,23.98,19446,47142558.00,3.47,-3.27,-0.81,4.03
2020-11-26,24.20,23.14,24.20,23.00,16146,37860187.00,5.00,-3.50,-0.84,3.34
2020-11-27,23.25,22.60,23.25,22.35,19343,43911803.00,3.89,-2.33,-0.54,4.01
2020-11-30,22.30,21.96,22.54,21.75,16389,36243741.00,3.50,-2.83,-0.64,3.39
2020-12-01,21.96,22.00,22.17,21.78,11010,24167418.00,1.78,0.18,0.04,2.28
2020-12-02,22.01,22.12,22.22,21.92,10348,22803108.00,1.36,0.55,0.12,2.14
2020-12-03,22.16,22.28,22.36,21.95,9018,20051704.00,1.85,0.72,0.16,1.87
2020-12-04,22.39,22.46,22.56,22.13,8727,19533351.00,1.93,0.81,0.18,1.81
2020-12-07,22.52,21.99,22.58,21.99,9694,21547796.00,2.63,-2.09,-0.47,2.01
2020-12-08,21.83,22.01,22.28,21.82,6027,13302642.00,2.09,0.09,0.02,1.25
2020-12-09,22.05,21.39,22.20,21.33,7819,16940631.00,3.95,-2.82,-0.62,1.62
2020-12-10,21.39,21.30,21.64,21.11,5969,12741119.00,2.48,-0.42,-0.09,1.24
2020-12-11,21.30,21.12,21.44,20.70,6606,13860459.00,3.47,-0.85,-0.18,1.37
2020-12-14,21.12,21.33,21.36,20.60,6210,13104195.00,3.60,0.99,0.21,1.29
2020-12-15,21.10,21.10,21.41,20.92,6365,13446826.00,2.30,-1.08,-0.23,1.32
2020-12-16,21.08,20.93,21.30,20.74,5279,11094351.00,2.65,-0.81,-0.17,1.09
2020-12-17,21.05,21.21,21.28,20.50,5715,11935739.00,3.73,1.34,0.28,1.18
2020-12-18,21.14,20.77,21.20,20.72,5315,11100735.00,2.26,-2.07,-0.44,1.10
2020-12-21,20.84,21.27,21.37,20.51,8055,16991638.00,4.14,2.41,0.50,1.67
2020-12-22,21.20,20.61,21.27,20.51,9399,19600062.00,3.57,-3.10,-0.66,1.95
2020-12-23,20.68,20.81,21.12,20.31,8930,18584184.00,3.93,0.97,0.20,1.85
2020-12-24,20.82,19.18,20.82,18.81,23673,46504798.00,9.66,-7.83,-1.63,4.90
2020-12-25,18.99,19.96,20.29,18.86,14527,28828389.00,7.46,4.07,0.78,3.01
2020-12-28,19.80,19.18,19.87,19.03,15109,29163600.00,4.21,-3.91,-0.78,2.42
2020-12-29,19.05,19.22,19.55,18.97,7652,14792114.00,3.02,0.21,0.04,1.22
2020-12-30,19.21,19.45,19.65,19.12,6419,12463158.00,2.76,1.20,0.23,1.03
2020-12-31,19.40,19.52,19.77,19.30,7810,15239732.00,2.42,0.36,0.07,1.25
2021-01-04,19.53,19.68,19.85,19.47,7995,15707239.00,1.95,0.82,0.16,1.28
2021-01-05,19.68,19.40,19.74,19.24,8514,16550469.00,2.54,-1.42,-0.28,1.36
2021-01-06,19.40,18.84,19.53,18.72,13331,25270233.00,4.18,-2.89,-0.56,2.13
2021-01-07,18.72,18.03,18.88,17.80,13883,25236326.00,5.73,-4.30,-0.81,2.22
2021-01-08,17.91,18.10,18.57,17.50,13934,25258413.00,5.93,0.39,0.07,2.23
2021-01-11,18.12,17.90,18.27,17.53,10617,18990907.00,4.09,-1.10,-0.20,1.70
2021-01-12,17.96,18.03,18.38,17.61,7413,13387032.00,4.30,0.73,0.13,1.19
2021-01-13,18.03,18.26,18.29,17.55,13210,23664362.00,4.10,1.28,0.23,2.11
2021-01-14,18.78,19.25,19.73,18.39,25748,49358207.00,7.34,5.42,0.99,4.12
2021-01-15,18.71,18.81,19.10,18.46,17938,33586965.00,3.32,-2.29,-0.44,2.87
2021-01-18,18.78,18.84,19.11,18.51,12171,22982820.00,3.19,0.16,0.03,1.95
2021-01-19,18.85,18.98,19.17,18.75,8063,15262654.00,2.23,0.74,0.14,1.29
2021-01-20,19.00,19.07,19.39,18.75,8868,16861163.00,3.37,0.47,0.09,1.42
2021-01-21,19.00,19.16,19.31,18.96,9843,18872539.00,1.84,0.47,0.09,1.57
2021-01-22,19.03,19.08,19.29,18.87,7554,14348803.00,2.19,-0.42,-0.08,1.21
2021-01-25,19.18,18.57,19.18,18.51,7681,14373885.00,3.51,-2.67,-0.51,1.23
2021-01-26,18.51,18.57,18.79,18.40,4807,8952584.00,2.10,0.00,0.00,0.77
2021-01-27,18.58,18.67,18.83,18.42,5365,10018661.00,2.21,0.54,0.10,0.86
2021-01-28,18.61,18.92,19.01,18.49,6367,11995527.00,2.79,1.34,0.25,1.02
2021-01-29,19.19,18.42,19.20,18.34,10303,19190376.00,4.55,-2.64,-0.50,1.65
2021-02-01,18.35,18.02,18.57,17.93,11666,21169255.00,3.47,-2.17,-0.40,1.87
2021-02-02,18.02,17.95,18.26,17.88,6064,10942401.00,2.11,-0.39,-0.07,0.97
2021-02-03,17.95,17.62,18.04,17.52,7921,14062778.00,2.90,-1.84,-0.33,1.27
2021-02-04,17.50,17.02,17.57,16.88,9794,16775293.00,3.92,-3.41,-0.60,1.57
2021-02-05,17.03,16.85,17.23,16.80,7821,13292720.00,2.53,-1.00,-0.17,1.25
2021-02-08,16.76,16.80,16.97,16.60,5717,9599299.00,2.20,-0.30,-0.05,0.91
2021-02-09,16.95,17.10,17.13,16.76,4020,6829125.00,2.20,1.79,0.30,0.64
2021-02-10,17.10,17.29,17.56,17.10,5269,9131035.00,2.69,1.11,0.19,0.84
2021-02-18,17.39,17.65,17.70,17.39,5756,10126055.00,1.79,2.08,0.36,0.92
2021-02-19,17.62,18.20,18.21,17.58,7006,12618536.00,3.57,3.12,0.55,1.12
2021-02-22,18.27,18.53,18.99,18.27,9260,17324123.00,3.96,1.81,0.33,1.48
2021-02-23,18.38,18.40,18.86,18.24,5376,9892082.00,3.35,-0.70,-0.13,0.86
2021-02-24,18.34,18.51,18.71,18.34,4856,9011982.00,2.01,0.60,0.11,0.78
2021-02-25,18.48,18.40,18.57,18.28,3848,7080897.00,1.57,-0.59,-0.11,0.62
2021-02-26,18.14,18.61,18.70,18.00,5926,10953751.00,3.80,1.14,0.21,0.95
2021-03-01,18.66,18.89,18.93,18.56,5048,9481270.00,1.99,1.50,0.28,0.81
2021-03-02,18.87,18.98,19.07,18.80,5725,10836091.00,1.43,0.48,0.09,0.92
2021-03-03,18.98,19.58,19.66,18.84,10846,21014652.00,4.32,3.16,0.60,1.74
2021-03-04,19.60,19.47,19.99,19.33,13230,26042664.00,3.37,-0.56,-0.11,2.12
2021-03-05,19.30,19.73,19.80,19.30,8717,17117136.00,2.57,1.34,0.26,1.39
2021-03-08,19.70,19.60,19.95,19.52,7820,15403546.00,2.18,-0.66,-0.13,1.25
2021-03-09,19.61,19.26,19.78,18.96,9197,17773295.00,4.18,-1.73,-0.34,1.47
2021-03-10,19.27,18.79,19.46,18.66,5979,11318438.00,4.15,-2.44,-0.47,0.96
2021-03-11,18.71,19.20,19.23,18.71,4547,8645272.00,2.77,2.18,0.41,0.73
2021-03-12,19.20,19.52,19.67,19.20,7224,14062448.00,2.45,1.67,0.32,1.16
2021-03-15,19.51,19.89,19.95,19.40,7921,15631710.00,2.82,1.90,0.37,1.27
2021-03-16,19.90,20.20,20.37,19.82,8608,17380538.00,2.77,1.56,0.31,1.38
2021-03-17,20.20,20.91,20.97,20.00,12534,25706122.00,4.80,3.51,0.71,2.01
2021-03-18,20.92,21.56,21.68,20.88,17461,37297673.00,3.83,3.11,0.65,2.79
2021-03-19,21.30,21.64,21.75,21.20,15668,33697940.00,2.55,0.37,0.08,2.51
2021-03-22,21.30,20.98,21.54,20.31,24292,50610655.00,5.68,-3.05,-0.66,3.89
2021-03-23,20.99,20.77,21.03,20.65,12252,25528928.00,1.81,-1.00,-0.21,1.96
2021-03-24,20.70,20.79,21.09,20.42,12694,26471690.00,3.23,0.10,0.02,2.03
2021-03-25,20.57,20.21,20.73,20.01,8842,17961770.00,3.46,-2.79,-0.58,1.41
2021-03-26,20.20,20.41,20.66,20.04,6432,13014538.00,3.07,0.99,0.20,1.03
2021-03-29,20.44,20.43,20.84,20.37,6627,13637553.00,2.30,0.10,0.02,1.06
2021-03-30,20.27,19.76,20.28,19.71,10557,21023870.00,2.79,-3.28,-0.67,1.69
2021-03-31,20.00,19.99,20.00,19.80,4917,9786819.00,1.01,1.16,0.23,0.79
2021-04-01,19.79,19.82,20.00,19.63,8370,16604635.00,1.85,-0.85,-0.17,1.34
2021-04-02,19.90,19.87,19.94,19.64,5412,10721924.00,1.51,0.25,0.05,0.87
2021-04-06,19.93,20.14,20.18,19.84,6186,12366469.00,1.71,1.36,0.27,0.99
2021-04-07,20.13,20.01,20.20,19.80,5457,10884020.00,1.99,-0.65,-0.13,0.87
2021-04-08,19.99,20.44,20.60,19.81,11508,23144155.00,3.95,2.15,0.43,1.84
2021-04-09,20.26,20.16,20.58,20.12,13778,28043525.00,2.25,-1.37,-0.28,2.20
2021-04-12,20.15,19.23,20.16,19.12,12717,24811495.00,5.16,-4.61,-0.93,2.03
2021-04-13,19.23,19.29,19.45,19.16,3510,6771251.00,1.51,0.31,0.06,0.56
2021-04-14,19.29,19.75,19.81,19.19,6906,13508784.00,3.21,2.38,0.46,1.11
2021-04-15,19.97,20.72,20.89,19.85,21155,43209955.00,5.27,4.91,0.97,3.39
2021-04-16,20.76,21.19,21.27,20.51,16215,34135165.00,3.67,2.27,0.47,2.59
2021-04-19,21.29,21.57,21.67,21.04,16088,34428775.00,2.97,1.79,0.38,2.57
2021-04-20,21.57,21.81,21.96,21.45,13339,29071220.00,2.36,1.11,0.24,2.13
2021-04-21,21.82,22.14,22.45,21.56,19864,43875221.00,4.08,1.51,0.33,3.18
2021-04-22,22.29,21.86,22.48,21.81,12611,27815117.00,3.03,-1.26,-0.28,2.02
2021-04-23,21.88,21.57,21.99,21.53,11271,24451010.00,2.10,-1.33,-0.29,1.80
2021-04-26,21.57,21.89,22.28,21.46,13346,29314556.00,3.80,1.48,0.32,2.14
2021-04-27,21.94,21.89,22.26,21.41,10080,21876767.00,3.88,0.00,0.00,1.61
2021-04-28,22.16,21.72,22.16,21.61,7867,17168165.00,2.51,-0.78,-0.17,1.26
2021-04-29,21.79,21.56,22.12,21.51,8608,18804989.00,2.81,-0.74,-0.16,1.38
2021-04-30,21.56,21.55,21.83,21.21,7187,15472204.00,2.88,-0.05,-0.01,1.15
2021-05-06,21.56,21.26,21.77,21.13,6857,14576709.00,2.97,-1.35,-0.29,1.10
2021-05-07,21.26,21.48,21.54,20.88,7160,15233905.00,3.10,1.03,0.22,1.15
2021-05-10,21.45,20.35,21.45,20.31,16437,33802179.00,5.31,-5.26,-1.13,2.63
2021-05-11,15.50,15.43,15.73,15.30,14985,23238191.00,2.11,-24.18,-4.92,1.84
2021-05-12,15.46,15.69,15.78,15.09,13748,21260886.00,4.47,1.69,0.26,1.69
2021-05-13,15.50,15.58,15.83,15.50,8175,12816773.00,2.10,-0.70,-0.11,1.01
2021-05-14,15.86,16.88,16.99,15.62,31854,52595150.00,8.79,8.34,1.30,3.92
2021-05-17,17.08,16.24,17.10,16.02,27089,44225094.00,6.40,-3.79,-0.64,3.33
2021-05-18,16.11,15.64,16.11,15.50,21954,34491163.00,3.76,-3.69,-0.60,2.70
2021-05-19,15.56,15.91,16.36,15.53,18248,29237746.00,5.31,1.73,0.27,2.25
2021-05-20,15.91,15.70,16.12,15.65,14101,22304879.00,2.95,-1.32,-0.21,1.74
2021-05-21,15.70,15.63,15.92,15.62,7852,12372023.00,1.91,-0.45,-0.07,0.97
2021-05-24,15.71,15.46,15.71,15.40,10792,16722903.00,1.98,-1.09,-0.17,1.33
2021-05-25,15.46,15.58,15.60,15.36,7838,12138593.00,1.55,0.78,0.12,0.96
2021-05-26,15.60,15.73,15.76,15.55,7342,11510091.00,1.35,0.96,0.15,0.90
2021-05-27,15.80,15.87,15.90,15.71,7112,11260866.00,1.21,0.89,0.14,0.88
2021-05-28,15.87,15.67,15.87,15.66,8179,12859608.00,1.32,-1.26,-0.20,1.01
2021-05-31,15.78,15.46,15.78,15.33,11907,18413536.00,2.87,-1.34,-0.21,1.47
2021-06-01,15.54,16.14,16.29,15.44,20517,32772800.00,5.50,4.40,0.68,2.53
2021-06-02,16.20,15.86,16.31,15.84,12655,20294016.00,2.91,-1.73,-0.28,1.56
2021-06-03,15.86,15.87,16.07,15.75,8233,13099524.00,2.02,0.06,0.01,1.01
2021-06-04,15.92,16.18,16.22,15.85,13092,21047349.00,2.33,1.95,0.31,1.61
2021-06-07,16.28,16.49,16.68,16.12,21009,34557978.00,3.46,1.92,0.31,2.59
2021-06-08,16.48,16.09,16.48,16.01,14608,23533645.00,2.85,-2.43,-0.40,1.80
2021-06-09,16.09,16.22,16.24,15.92,9141,14748816.00,1.99,0.81,0.13,1.13
2021-06-10,16.16,15.84,16.17,15.73,20728,32900304.00,2.71,-2.34,-0.38,2.53
2021-06-11,15.86,15.86,16.47,15.84,14912,23975804.00,3.98,0.13,0.02,1.82
2021-06-15,15.81,15.74,15.97,15.30,14907,23270252.00,4.22,-0.76,-0.12,1.82
2021-06-16,15.57,15.47,15.99,15.34,9438,14673918.00,4.13,-1.72,-0.27,1.15
2021-06-17,15.39,15.36,15.60,15.33,7626,11772304.00,1.75,-0.71,-0.11,0.93
2021-06-18,15.36,15.50,15.53,15.20,7046,10849098.00,2.15,0.91,0.14,0.86
2021-06-21,15.42,15.81,15.96,15.40,10577,16595292.00,3.61,2.00,0.31,1.29
2021-06-22,15.85,16.01,16.08,15.62,12167,19338536.00,2.91,1.27,0.20,1.49
2021-06-23,16.12,15.92,16.12,15.81,6835,10853736.00,1.94,-0.56,-0.09,0.84
2021-06-24,15.92,15.76,15.92,15.68,5908,9304022.00,1.51,-1.01,-0.16,0.72
2021-06-25,15.76,15.79,15.96,15.51,7488,11716806.00,2.86,0.19,0.03,0.92
2021-06-28,15.59,15.56,15.64,15.51,6266,9756550.00,0.82,-1.46,-0.23,0.77
2021-06-29,15.69,15.50,15.69,15.35,6749,10420353.00,2.19,-0.39,-0.06,0.83
2021-06-30,15.45,15.47,15.80,15.32,7737,11939590.00,3.10,-0.19,-0.03,0.95
2021-07-01,15.70,15.47,15.70,15.19,8806,13567187.00,3.30,0.00,0.00,1.08
2021-07-02,15.30,15.20,15.45,15.18,6548,9986462.00,1.75,-1.75,-0.27,0.80
2021-07-05,15.19,15.37,15.39,15.15,5999,9164314.00,1.58,1.12,0.17,0.73
2021-07-06,16.18,15.53,16.18,15.28,11106,17282353.00,5.86,1.04,0.16,1.36
2021-07-07,15.40,15.56,15.72,15.30,7302,11365932.00,2.70,0.19,0.03,0.89
2021-07-08,15.56,15.65,15.98,15.46,8555,13371929.00,3.34,0.58,0.09,1.05
2021-07-09,15.55,15.67,15.69,15.45,5368,8342204.00,1.53,0.13,0.02,0.66
2021-07-12,15.86,15.83,15.87,15.63,13223,20823877.00,1.53,1.02,0.16,1.62
2021-07-13,15.73,15.81,15.84,15.65,8003,12619997.00,1.20,-0.13,-0.02,0.98
2021-07-14,15.75,15.68,15.79,15.52,9372,14631036.00,1.71,-0.82,-0.13,1.15
2021-07-15,15.61,15.27,15.61,15.17,12934,19796227.00,2.81,-2.61,-0.41,1.58
2021-07-16,15.25,15.20,15.34,15.17,5812,8849588.00,1.11,-0.46,-0.07,0.71
