2016-05-12,16.85,16.85,16.85,16.85,2488,4192499.00,0.00,9.99,1.53,0.11
2016-05-13,18.54,18.54,18.54,18.54,2186,4051954.00,0.00,10.03,1.69,0.10
2016-05-16,20.39,20.39,20.39,20.39,8001,16314732.00,0.00,9.98,1.85,0.37
2016-05-17,22.43,22.43,22.43,22.43,13425,30112544.00,0.00,10.00,2.04,0.61
2016-05-18,24.67,24.67,24.67,23.66,874061,2146625104.00,4.50,9.99,2.24,39.91
2016-05-19,24.80,23.88,25.94,23.72,1093417,2704206272.00,9.00,-3.20,-0.79,49.93
2016-05-20,22.53,23.03,23.36,22.03,693189,1568239472.00,5.57,-3.56,-0.85,31.65
2016-05-23,22.80,23.81,24.83,22.68,693893,1653443568.00,9.34,3.39,0.78,31.68
2016-05-24,23.50,22.82,23.50,22.65,444880,1021612464.00,3.57,-4.16,-0.99,20.31
2016-05-25,23.15,24.33,25.10,22.92,922997,2256915856.00,9.55,6.62,1.51,42.15
2016-05-26,23.51,25.30,25.48,22.95,756954,1832912688.00,10.40,3.99,0.97,34.56
2016-05-27,24.81,24.75,26.18,24.62,762987,1930682864.00,6.17,-2.17,-0.55,34.84
2016-05-30,24.32,25.04,25.59,23.80,570683,1413687088.00,7.23,1.17,0.29,26.06
2016-05-31,25.04,27.54,27.54,25.04,484156,1301945632.00,9.98,9.98,2.50,22.11
2016-06-01,30.29,29.95,30.29,29.55,1039787,3141271072.00,2.69,8.75,2.41,47.48
2016-06-02,30.20,32.95,32.95,29.61,1089853,3388390176.00,11.15,10.02,3.00,49.76
2016-06-03,33.92,35.41,36.25,32.80,1085016,3758493280.00,10.47,7.47,2.46,49.54
2016-06-06,34.69,35.45,35.69,34.41,674718,2364466864.00,3.61,0.11,0.04,30.81
2016-06-07,35.20,39.00,39.00,35.10,732079,2748353216.00,11.00,10.01,3.55,33.43
2016-06-08,39.79,40.60,42.90,38.18,1063385,4334182912.00,12.10,4.10,1.60,48.56
2016-06-13,38.02,36.54,39.39,36.54,748904,2815590800.00,7.02,-10.00,-4.06,34.20
2016-06-14,35.55,38.07,39.39,35.18,820753,3041368048.00,11.52,4.19,1.53,37.48
2016-06-15,36.55,38.30,40.00,36.21,887068,3413473168.00,9.96,0.60,0.23,40.51
2016-06-16,37.02,37.55,38.80,37.01,569779,2147629824.00,4.67,-1.96,-0.75,26.02
2016-06-17,38.00,38.68,40.59,37.99,772276,3033403568.00,6.92,3.01,1.13,35.26
2016-06-20,38.18,38.88,39.79,37.08,589398,2262785024.00,7.01,0.52,0.20,26.91
2016-06-21,39.45,39.11,41.50,38.59,776180,3100002112.00,7.48,0.59,0.23,35.44
2016-06-22,38.02,38.27,38.88,37.62,493727,1883800640.00,3.22,-2.15,-0.84,22.54
2016-06-23,38.28,36.87,38.32,36.50,453151,1684430864.00,4.76,-3.66,-1.40,20.69
2016-06-24,36.70,37.41,37.99,35.33,495228,1838927280.00,7.21,1.46,0.54,22.61
2016-06-27,37.00,37.93,38.25,36.61,444631,1672458448.00,4.38,1.39,0.52,20.30
2016-06-28,37.98,41.72,41.72,37.62,890641,3567408960.00,10.81,9.99,3.79,40.67
2016-06-29,42.60,42.96,45.28,42.00,1006766,4366867968.00,7.86,2.97,1.24,45.97
2016-06-30,41.50,40.41,42.17,40.10,643711,2646239376.00,4.82,-5.94,-2.55,29.39
2016-07-01,40.35,40.82,41.48,39.66,451991,1834214832.00,4.50,1.01,0.41,20.64
2016-07-04,40.01,41.07,42.05,39.81,507753,2089119424.00,5.49,0.61,0.25,23.19
2016-07-05,41.00,41.53,41.78,40.61,455650,1878821248.00,2.85,1.12,0.46,20.81
2016-07-06,41.44,40.85,41.47,40.51,312311,1277871072.00,2.31,-1.64,-0.68,14.26
2016-07-07,40.95,41.30,41.88,40.59,406578,1679942576.00,3.16,1.10,0.45,18.57
2016-07-08,41.45,41.12,41.78,41.01,320354,1325730784.00,1.86,-0.44,-0.18,14.63
2016-07-11,40.91,39.00,40.94,38.53,459530,1820368304.00,5.86,-5.16,-2.12,20.98
2016-07-12,38.61,40.41,40.95,37.64,424272,1668771376.00,8.49,3.62,1.41,19.37
2016-07-13,40.10,40.13,41.35,40.00,341338,1387752304.00,3.34,-0.69,-0.28,15.59
2016-07-14,40.10,39.48,40.13,39.00,195927,773154336.00,2.82,-1.62,-0.65,8.95
2016-07-15,39.56,39.29,39.69,39.10,155511,612692704.00,1.49,-0.48,-0.19,7.10
2016-07-18,39.25,37.97,39.25,37.87,234163,892954000.00,3.51,-3.36,-1.32,10.69
2016-07-19,37.91,38.30,38.59,37.83,158575,607208400.00,2.00,0.87,0.33,7.24
2016-07-20,38.12,37.94,38.45,37.82,147655,561441728.00,1.64,-0.94,-0.36,6.74
2016-07-21,37.92,37.84,38.37,37.81,162248,618402576.00,1.48,-0.26,-0.10,7.41
2016-07-22,37.70,36.36,37.79,36.02,245215,901371936.00,4.68,-3.91,-1.48,11.20
2016-07-25,36.10,35.43,36.26,35.30,168552,602819696.00,2.64,-2.56,-0.93,7.70
2016-07-26,35.33,37.37,38.47,35.33,283584,1057850528.00,8.86,5.48,1.94,12.95
2016-07-27,37.01,35.01,37.34,33.88,274059,980696192.00,9.26,-6.32,-2.36,12.51
2016-07-28,34.44,35.58,35.97,34.15,213883,750287728.00,5.20,1.63,0.57,9.77
2016-07-29,35.11,34.88,35.50,34.64,154142,540261984.00,2.42,-1.97,-0.70,7.04
2016-08-01,34.45,33.30,34.63,32.88,156514,523187616.00,5.02,-4.53,-1.58,7.15
2016-08-02,33.50,33.60,33.99,33.17,136674,458890720.00,2.46,0.90,0.30,6.24
2016-08-03,33.40,33.85,34.04,33.08,195490,657126544.00,2.86,0.74,0.25,8.93
2016-08-04,33.70,33.87,33.97,33.17,162223,546203936.00,2.36,0.06,0.02,7.41
2016-08-05,33.88,35.25,36.50,33.71,391167,1373955488.00,8.24,4.07,1.38,17.86
2016-08-08,34.25,35.29,35.49,34.10,234055,813899712.00,3.94,0.11,0.04,10.69
2016-08-09,35.29,36.31,36.97,35.08,330981,1190798960.00,5.36,2.89,1.02,15.11
2016-08-10,36.39,36.36,37.28,35.81,336579,1229383504.00,4.05,0.14,0.05,15.37
2016-08-11,36.16,38.29,39.50,36.16,617251,2350904848.00,9.19,5.31,1.93,28.18
2016-08-12,37.60,38.81,38.94,37.38,475960,1819114720.00,4.07,1.36,0.52,21.73
2016-08-15,38.83,41.15,42.66,38.83,757358,3083939424.00,9.87,6.03,2.34,34.58
2016-08-16,40.56,40.21,41.12,40.00,457125,1848458640.00,2.72,-2.28,-0.94,20.87
2016-08-17,40.60,39.50,42.20,39.32,503288,2049727280.00,7.16,-1.77,-0.71,22.98
2016-08-18,39.00,38.85,39.54,38.45,334922,1302207536.00,2.76,-1.65,-0.65,15.29
2016-08-19,38.78,38.77,39.35,38.60,210967,820953632.00,1.93,-0.21,-0.08,9.63
2016-08-22,38.71,37.65,38.71,37.37,259061,979757264.00,3.46,-2.89,-1.12,11.83
2016-08-23,37.80,37.98,38.34,37.50,196324,744721536.00,2.23,0.88,0.33,8.96
2016-08-24,37.90,37.60,38.20,37.40,164073,618530656.00,2.11,-1.00,-0.38,7.49
2016-08-25,37.08,38.16,38.56,37.02,283616,1078671552.00,4.10,1.49,0.56,12.95
2016-08-26,38.26,37.59,38.36,37.46,178173,673561472.00,2.36,-1.49,-0.57,8.14
2016-08-29,37.40,37.73,37.96,37.26,120286,452051536.00,1.86,0.37,0.14,5.49
2016-08-30,37.73,38.47,38.88,37.56,281042,1076100064.00,3.50,1.96,0.74,12.83
2016-08-31,38.48,39.39,39.86,38.11,335396,1309822848.00,4.55,2.39,0.92,15.31
2016-09-01,39.18,37.91,39.25,37.88,252887,974966288.00,3.48,-3.76,-1.48,11.55
2016-09-02,37.32,37.63,38.97,37.22,186651,709050848.00,4.62,-0.74,-0.28,8.52
2016-09-05,37.70,37.50,38.40,37.41,147935,559854896.00,2.63,-0.35,-0.13,6.76
2016-09-06,37.41,37.40,37.69,36.03,201997,745465872.00,4.43,-0.27,-0.10,9.22
2016-09-07,37.11,36.69,37.50,36.64,162698,604081680.00,2.30,-1.90,-0.71,7.43
2016-09-08,36.69,36.72,36.98,36.51,100298,368428608.00,1.28,0.08,0.03,4.58
2016-09-09,36.84,36.00,36.89,36.00,129153,470209616.00,2.42,-1.96,-0.72,5.90
2016-09-12,34.81,34.35,35.29,34.33,144207,500775040.00,2.67,-4.58,-1.65,6.58
2016-09-13,34.70,34.45,34.96,34.22,88510,305549008.00,2.15,0.29,0.10,4.04
2016-09-14,34.28,34.00,34.46,33.82,88740,302640976.00,1.86,-1.31,-0.45,4.05
2016-09-19,34.11,34.32,34.55,34.11,85741,294446256.00,1.29,0.94,0.32,3.92
2016-09-20,34.50,34.70,34.85,34.25,108109,373567680.00,1.75,1.11,0.38,4.94
2016-09-21,34.80,35.49,35.88,34.50,207410,731294912.00,3.98,2.28,0.79,9.47
2016-09-22,35.65,35.08,35.78,35.05,145761,515145184.00,2.06,-1.16,-0.41,6.66
2016-09-23,35.10,34.50,35.45,34.50,104919,366205888.00,2.71,-1.65,-0.58,4.79
2016-09-26,34.19,33.36,34.19,33.31,122224,412822432.00,2.55,-3.30,-1.14,5.58
2016-09-27,33.36,34.27,34.61,33.36,169278,578507616.00,3.75,2.73,0.91,7.73
2016-09-28,34.08,33.95,34.18,33.81,67163,228116219.00,1.08,-0.93,-0.32,3.07
2016-09-29,34.15,34.60,35.34,34.12,179130,623011264.00,3.59,1.91,0.65,8.18
2016-09-30,34.20,34.75,34.78,34.20,101558,350465984.00,1.68,0.43,0.15,4.64
2016-10-10,35.28,35.32,35.44,34.71,130082,457223536.00,2.10,1.64,0.57,5.94
2016-10-11,35.33,35.18,35.48,35.00,113121,398037376.00,1.36,-0.40,-0.14,5.17
2016-10-12,35.01,35.15,35.45,34.90,90181,316692432.00,1.56,-0.09,-0.03,4.12
2016-10-13,35.06,35.09,35.34,34.80,98715,346196000.00,1.54,-0.17,-0.06,4.51
2016-10-14,35.10,34.69,35.12,34.35,96113,333190256.00,2.19,-1.14,-0.40,4.39
2016-10-17,34.70,33.87,34.86,33.81,115754,395753744.00,3.03,-2.36,-0.82,5.29
2016-10-18,33.90,35.96,37.22,33.90,302597,1076873888.00,9.80,6.17,2.09,13.82
2016-10-19,35.74,35.57,36.17,35.31,189636,675791792.00,2.39,-1.08,-0.39,8.66
2016-10-20,35.52,35.49,35.89,35.38,122407,435733040.00,1.43,-0.22,-0.08,5.59
2016-10-21,35.46,36.43,37.50,35.31,396899,1451364784.00,6.17,2.65,0.94,18.12
2016-10-24,36.04,39.73,40.07,35.96,870801,3400227344.00,11.28,9.06,3.30,39.76
2016-10-25,38.90,39.09,39.43,38.51,461435,1798825136.00,2.32,-1.61,-0.64,21.07
2016-10-26,38.80,38.25,39.43,38.06,362065,1402933728.00,3.50,-2.15,-0.84,16.53
2016-10-27,38.00,38.62,38.87,37.91,264354,1015781696.00,2.51,0.97,0.37,12.07
2016-10-28,39.67,38.26,40.48,38.00,513826,2025193024.00,6.42,-0.93,-0.36,23.46
2016-10-31,36.70,37.40,37.70,36.70,265307,987094336.00,2.61,-2.25,-0.86,12.11
2016-11-01,37.12,37.99,38.36,37.10,238891,903081408.00,3.37,1.58,0.59,10.91
2016-11-02,37.75,38.07,39.35,37.54,333856,1286475696.00,4.76,0.21,0.08,15.24
2016-11-03,37.40,39.66,41.44,37.40,711806,2837161552.00,10.61,4.18,1.59,32.50
2016-11-04,39.63,39.36,40.38,39.04,366228,1448998320.00,3.38,-0.76,-0.30,16.72
2016-11-07,39.30,40.20,40.78,39.04,354353,1414506528.00,4.42,2.13,0.84,16.18
2016-11-08,40.99,40.55,41.90,40.30,419195,1718028928.00,3.98,0.87,0.35,19.14
2016-11-09,40.19,39.35,40.68,38.90,423070,1681267808.00,4.39,-2.96,-1.20,19.32
2016-11-10,40.05,40.80,41.58,39.85,457768,1867176592.00,4.40,3.68,1.45,20.90
2016-11-11,41.00,43.38,43.99,40.50,710819,3006037056.00,8.55,6.32,2.58,32.46
2016-11-14,42.30,43.96,45.48,42.11,686359,3019390384.00,7.77,1.34,0.58,31.34
2016-11-15,43.30,43.36,44.44,43.00,329931,1439127024.00,3.28,-1.36,-0.60,15.07
2016-11-16,43.60,42.83,44.59,42.21,382874,1661293760.00,5.49,-1.22,-0.53,17.48
2016-11-17,42.36,43.14,43.30,41.80,281526,1195313680.00,3.50,0.72,0.31,12.86
2016-11-18,42.37,41.78,42.74,41.55,293428,1236260928.00,2.76,-3.15,-1.36,13.40
2016-11-21,41.27,41.50,42.49,41.12,255593,1067862560.00,3.28,-0.67,-0.28,11.67
2016-11-22,41.62,42.30,42.80,41.20,305808,1286588320.00,3.86,1.93,0.80,13.96
2016-11-23,42.35,41.80,42.70,41.50,301850,1270533536.00,2.84,-1.18,-0.50,13.78
2016-11-24,41.56,41.90,42.96,41.50,275231,1160252912.00,3.49,0.24,0.10,12.57
2016-11-25,41.99,41.93,42.10,40.51,243519,1005863728.00,3.79,0.07,0.03,11.12
2016-11-28,42.80,41.47,43.07,41.41,231758,976568032.00,3.96,-1.10,-0.46,10.58
2016-11-29,41.00,40.56,41.78,40.16,242089,987127376.00,3.91,-2.19,-0.91,11.05
2016-11-30,40.26,39.36,40.66,39.00,223273,889097488.00,4.09,-2.96,-1.20,10.20
2016-12-01,39.55,39.78,39.80,39.10,152701,603170224.00,1.78,1.07,0.42,6.97
2016-12-02,39.80,38.90,39.96,38.38,186972,731828704.00,3.97,-2.21,-0.88,8.54
2016-12-05,38.20,37.85,39.35,37.73,162756,624100768.00,4.16,-2.70,-1.05,7.43
2016-12-06,38.00,37.79,38.27,37.35,143258,541220128.00,2.43,-0.16,-0.06,6.54
2016-12-07,37.70,38.40,38.49,37.50,152298,579553344.00,2.62,1.61,0.61,6.95
2016-12-08,38.20,37.61,38.40,37.58,128538,488023328.00,2.14,-2.06,-0.79,5.87
2016-12-09,37.49,37.59,38.17,37.36,142808,540704464.00,2.15,-0.05,-0.02,6.52
2016-12-12,37.60,34.46,37.70,33.95,251596,896230832.00,9.98,-8.33,-3.13,11.49
2016-12-13,34.15,34.52,34.96,33.81,155636,536611232.00,3.34,0.17,0.06,7.11
2016-12-14,34.50,33.88,34.66,33.85,134901,461447248.00,2.35,-1.85,-0.64,6.16
2016-12-15,33.71,34.27,34.86,33.65,125574,431071008.00,3.57,1.15,0.39,5.73
2016-12-16,34.18,34.63,34.86,34.18,111520,385680592.00,1.98,1.05,0.36,5.09
2016-12-19,34.79,34.49,34.88,34.20,82726,285707392.00,1.96,-0.40,-0.14,3.78
2016-12-20,34.50,34.75,34.78,34.25,98516,340535456.00,1.54,0.75,0.26,4.50
2016-12-21,34.92,35.39,35.97,34.92,157964,559491024.00,3.02,1.84,0.64,7.21
2016-12-22,35.16,34.88,35.29,34.63,95148,332049008.00,1.86,-1.44,-0.51,4.34
2016-12-23,34.78,34.00,34.78,33.86,106689,364627952.00,2.64,-2.52,-0.88,4.87
2016-12-26,33.69,34.84,34.99,33.23,139703,480127856.00,5.18,2.47,0.84,6.38
2016-12-27,34.71,34.66,34.96,34.52,73668,255659929.00,1.26,-0.52,-0.18,3.36
2016-12-28,34.66,34.65,34.88,34.49,58100,201459437.00,1.13,-0.03,-0.01,2.65
2016-12-29,34.52,34.67,34.92,34.30,82448,286504272.00,1.79,0.06,0.02,3.76
2016-12-30,34.58,34.80,34.90,34.52,72323,251069706.00,1.10,0.37,0.13,3.30
2017-01-03,34.90,35.00,35.55,34.90,96256,339090112.00,1.87,0.57,0.20,4.40
2017-01-04,35.00,35.10,35.20,34.66,94100,329138480.00,1.54,0.29,0.10,4.30
2017-01-05,35.12,34.57,35.19,34.55,88808,308780944.00,1.82,-1.51,-0.53,4.06
2017-01-06,34.42,33.88,34.55,33.83,96051,326821296.00,2.08,-2.00,-0.69,4.39
2017-01-09,34.00,33.96,34.18,33.87,55250,187808878.00,0.91,0.24,0.08,2.52
2017-01-10,33.96,33.80,34.06,33.67,55471,187911577.00,1.15,-0.47,-0.16,2.53
2017-01-11,33.68,33.86,34.04,33.68,66227,224251697.00,1.07,0.18,0.06,3.02
2017-01-12,33.86,33.54,34.17,33.50,75834,256841008.00,1.98,-0.95,-0.32,3.46
2017-01-13,33.54,30.45,33.66,30.33,209141,655357168.00,9.93,-9.21,-3.09,9.55
2017-01-16,29.81,27.61,29.82,27.41,193330,544361824.00,7.91,-9.33,-2.84,8.83
2017-01-17,27.45,28.11,28.30,26.01,123167,341361072.00,8.29,1.81,0.50,5.62
2017-01-18,27.97,26.90,27.97,26.85,108423,297828768.00,3.98,-4.30,-1.21,4.95
2017-01-19,26.52,27.00,27.64,26.17,94810,256339586.00,5.46,0.37,0.10,4.33
2017-01-20,26.89,27.47,27.67,26.74,96063,262594931.00,3.44,1.74,0.47,4.39
2017-01-23,27.47,27.49,27.79,27.31,68111,187534449.00,1.75,0.07,0.02,3.11
2017-01-24,27.50,26.89,27.50,26.83,60059,162633746.00,2.44,-2.18,-0.60,2.74
2017-01-25,27.01,27.15,27.35,27.00,48713,132402655.00,1.30,0.97,0.26,2.22
2017-01-26,27.20,27.32,27.40,27.16,45211,123433698.00,0.88,0.63,0.17,2.06
2017-02-03,27.28,27.08,27.41,27.03,34436,93512470.00,1.39,-0.88,-0.24,1.57
2017-02-06,27.09,27.33,27.34,26.81,64471,174734791.00,1.96,0.92,0.25,2.94
2017-02-07,27.30,27.17,27.34,26.90,72674,197089262.00,1.61,-0.59,-0.16,3.32
2017-02-08,27.15,29.89,29.89,26.86,312939,912570944.00,11.15,10.01,2.72,14.29
2017-02-09,29.30,30.12,31.30,29.15,402681,1216663296.00,7.19,0.77,0.23,18.39
2017-02-10,29.76,30.10,30.88,29.40,237232,714478880.00,4.91,-0.07,-0.02,10.83
2017-02-13,29.77,30.47,30.97,29.70,194590,594607552.00,4.22,1.23,0.37,8.89
2017-02-14,30.60,30.48,31.16,30.26,145051,444010080.00,2.95,0.03,0.01,6.62
2017-02-15,30.31,30.22,31.50,29.95,206624,632438864.00,5.09,-0.85,-0.26,9.43
2017-02-16,29.90,31.28,31.53,29.73,308209,951711504.00,5.96,3.51,1.06,14.07
2017-02-17,31.00,31.16,33.53,30.88,441050,1418512416.00,8.47,-0.38,-0.12,20.14
2017-02-20,30.60,31.40,31.69,30.12,239145,736645360.00,5.04,0.77,0.24,10.92
2017-02-21,31.39,31.04,31.98,30.91,189034,592306512.00,3.41,-1.15,-0.36,8.63
2017-02-22,31.04,30.67,31.04,30.33,135198,413101264.00,2.29,-1.19,-0.37,6.17
2017-02-23,30.66,30.30,30.89,30.05,111829,340023904.00,2.74,-1.21,-0.37,5.11
2017-02-24,30.31,30.41,30.44,30.16,80875,245159961.00,0.92,0.36,0.11,3.69
2017-02-27,30.28,29.93,30.36,29.80,99550,299319152.00,1.84,-1.58,-0.48,4.55
2017-02-28,29.93,30.21,30.46,29.93,95420,288513296.00,1.77,0.94,0.28,4.36
2017-03-01,30.19,30.10,30.38,29.91,84737,255725421.00,1.56,-0.36,-0.11,3.87
2017-03-02,30.13,30.53,31.68,30.13,242805,752724416.00,5.15,1.43,0.43,11.09
2017-03-03,30.09,30.51,30.86,29.55,182637,549672880.00,4.29,-0.07,-0.02,8.34
2017-03-06,30.34,30.73,30.80,30.07,128461,392070176.00,2.39,0.72,0.22,5.87
2017-03-07,30.68,30.65,30.76,30.42,92016,281366912.00,1.11,-0.26,-0.08,4.20
2017-03-08,30.70,30.21,30.80,30.04,90067,273613424.00,2.48,-1.44,-0.44,4.11
2017-03-09,30.17,29.99,30.24,29.80,78227,234656228.00,1.46,-0.73,-0.22,3.57
2017-03-10,29.98,29.73,30.18,29.73,69274,207150796.00,1.50,-0.87,-0.26,3.16
2017-03-13,29.60,29.56,29.63,28.88,88290,258980614.00,2.52,-0.57,-0.17,4.03
2017-03-14,29.59,29.62,30.10,29.58,89390,266510495.00,1.76,0.20,0.06,4.08
2017-03-15,29.55,29.58,29.92,29.47,67583,200575917.00,1.52,-0.14,-0.04,3.09
2017-03-16,29.78,31.59,31.60,29.78,384580,1193034608.00,6.15,6.80,2.01,17.56
2017-03-17,31.55,30.25,31.96,30.11,330088,1021405408.00,5.86,-4.24,-1.34,15.07
2017-03-20,30.06,29.91,30.19,29.70,127176,379776736.00,1.62,-1.12,-0.34,5.81
2017-03-21,29.89,29.94,30.12,29.72,83724,250699469.00,1.34,0.10,0.03,3.82
2017-03-22,29.70,29.52,29.88,29.51,87391,258893621.00,1.24,-1.40,-0.42,3.99
2017-03-23,29.80,29.80,30.45,29.31,125194,375322560.00,3.86,0.95,0.28,5.72
2017-03-24,29.79,30.33,30.52,29.46,158014,474603792.00,3.56,1.78,0.53,7.22
2017-03-27,30.55,30.39,30.95,30.02,182427,557703280.00,3.07,0.20,0.06,8.33
2017-03-28,30.17,30.28,30.49,30.10,88490,267675068.00,1.28,-0.36,-0.11,4.04
2017-03-29,30.32,29.55,30.43,29.50,134309,402338048.00,3.07,-2.41,-0.73,6.13
2017-03-30,29.34,28.62,29.65,28.38,115068,333657200.00,4.30,-3.15,-0.93,5.25
2017-03-31,28.65,28.35,28.97,28.05,76280,217632870.00,3.21,-0.94,-0.27,3.48
2017-04-05,28.35,29.00,29.36,28.25,94103,271689584.00,3.92,2.29,0.65,4.30
2017-04-06,29.08,29.04,29.19,28.80,70528,204339060.00,1.34,0.14,0.04,3.22
2017-04-07,29.05,28.92,29.16,28.80,65553,189964970.00,1.24,-0.41,-0.12,2.99
2017-04-10,28.91,27.88,28.91,27.27,103532,292140880.00,5.67,-3.60,-1.04,4.73
2017-04-11,27.76,28.23,28.30,27.30,87837,244645908.00,3.59,1.26,0.35,4.01
2017-04-12,28.28,28.40,29.19,28.03,127729,366708448.00,4.11,0.60,0.17,5.83
2017-04-13,28.18,28.10,28.53,27.91,59629,167807036.00,2.18,-1.06,-0.30,2.72
2017-04-14,28.09,27.55,28.09,27.50,63039,174617246.00,2.10,-1.96,-0.55,2.88
2017-04-17,27.40,27.50,27.96,26.90,70085,191594409.00,3.85,-0.18,-0.05,3.20
2017-04-18,27.48,26.91,27.68,26.88,53446,145398702.00,2.91,-2.15,-0.59,2.44
2017-04-19,26.92,27.05,27.31,26.82,69828,188841084.00,1.82,0.52,0.14,3.19
2017-04-20,27.07,26.35,27.19,26.05,76170,202677292.00,4.21,-2.59,-0.70,3.48
2017-04-21,26.50,26.34,26.60,26.17,43790,115383121.00,1.63,-0.04,-0.01,2.00
2017-04-24,26.14,25.32,26.14,24.75,75912,193841101.00,5.28,-3.87,-1.02,3.47
2017-04-25,25.30,24.97,25.69,24.90,52242,132326341.00,3.12,-1.38,-0.35,2.39
2017-04-26,24.92,25.41,26.47,24.80,107775,275251584.00,6.69,1.76,0.44,4.92
2017-04-27,25.21,25.49,25.79,24.87,86387,218823795.00,3.62,0.31,0.08,3.94
2017-04-28,25.45,25.70,25.97,25.37,68709,176244405.00,2.35,0.82,0.21,3.14
2017-05-02,25.49,25.16,25.60,25.02,67828,171148554.00,2.26,-2.10,-0.54,3.10
2017-05-03,25.17,25.12,25.33,25.05,46674,117545994.00,1.11,-0.16,-0.04,2.13
2017-05-04,25.02,25.01,25.34,24.85,60097,151046939.00,1.95,-0.44,-0.11,2.74
2017-05-05,24.80,24.42,25.30,24.41,79358,196120096.00,3.56,-2.36,-0.59,3.62
2017-05-08,24.08,22.18,24.08,22.10,144704,329921136.00,8.11,-9.17,-2.24,6.61
2017-05-09,21.44,20.24,21.44,20.18,213341,440425552.00,5.68,-8.75,-1.94,9.74
2017-05-10,19.72,20.35,21.09,19.58,195789,396940544.00,7.46,0.54,0.11,8.94
2017-05-11,18.32,18.32,18.32,18.32,76336,139847552.00,0.00,-9.98,-2.03,0.64
2017-05-12,16.49,16.49,16.49,16.49,69124,113985476.00,0.00,-9.99,-1.83,0.58
2017-05-15,14.84,14.84,14.84,14.84,152994,227043096.00,0.00,-10.01,-1.65,1.28
2017-05-19,14.03,14.62,15.58,14.03,1212974,1770383696.00,10.44,-1.48,-0.22,10.12
2017-05-22,14.27,13.73,14.43,13.55,739589,1038085712.00,6.02,-6.09,-0.89,6.17
2017-05-23,13.70,13.13,13.70,12.87,828623,1097497376.00,6.05,-4.37,-0.60,6.91
2017-05-24,13.15,13.95,14.20,13.05,1161742,1599190432.00,8.76,6.25,0.82,9.69
2017-05-25,13.75,15.24,15.35,13.42,1888201,2742710320.00,13.84,9.25,1.29,15.75
2017-05-26,9.21,8.99,9.43,8.92,2095450,1925198944.00,3.35,-41.01,-6.25,10.92
2017-05-31,9.57,9.35,9.89,9.28,2755965,2651909392.00,6.79,4.00,0.36,14.37
2017-06-01,9.38,9.38,9.74,9.30,2159004,2042792672.00,4.71,0.32,0.03,11.25
2017-06-02,8.90,9.23,9.35,8.74,1572785,1426772400.00,6.50,-1.60,-0.15,8.20
2017-06-05,9.23,9.35,9.50,9.14,1411774,1313534624.00,3.90,1.30,0.12,7.36
2017-06-06,9.22,9.25,9.35,9.14,981095,905597504.00,2.25,-1.07,-0.10,5.11
2017-06-07,9.22,9.71,10.00,9.18,2620800,2528829648.00,8.86,4.97,0.46,13.66
2017-06-08,9.63,9.61,9.79,9.47,1812958,1747284576.00,3.30,-1.03,-0.10,9.45
2017-06-09,9.57,9.50,9.70,9.38,1209742,1150955168.00,3.33,-1.14,-0.11,6.31
2017-06-12,9.37,9.19,9.38,9.16,1060439,981330752.00,2.32,-3.26,-0.31,5.53
2017-06-13,9.19,9.31,9.46,9.19,1140755,1064550768.00,2.94,1.31,0.12,5.95
2017-06-14,9.30,9.25,9.40,9.17,1033475,957301120.00,2.47,-0.64,-0.06,5.39
2017-06-15,9.23,9.67,9.96,9.20,2388518,2288909312.00,8.22,4.54,0.42,12.45
2017-06-16,9.60,9.62,9.73,9.51,1456896,1400955504.00,2.28,-0.52,-0.05,7.59
2017-06-19,9.60,9.72,9.92,9.53,1815875,1771938096.00,4.05,1.04,0.10,9.47
2017-06-20,9.77,9.65,9.80,9.58,1307036,1261567840.00,2.26,-0.72,-0.07,6.81
2017-06-21,9.79,9.64,9.87,9.52,1267548,1224393696.00,3.63,-0.10,-0.01,6.61
2017-06-22,9.63,9.44,9.85,9.42,1941692,1873594496.00,4.46,-2.07,-0.20,10.12
2017-06-23,9.30,9.23,9.37,9.05,1369606,1263079344.00,3.39,-2.22,-0.21,7.14
2017-06-26,9.20,9.35,9.37,9.17,893304,830087552.00,2.17,1.30,0.12,4.66
2017-06-27,9.33,9.28,9.37,9.23,657034,610572336.00,1.50,-0.75,-0.07,3.42
2017-06-28,9.26,9.13,9.27,9.12,688354,631667968.00,1.62,-1.62,-0.15,3.59
2017-06-29,9.16,9.23,9.34,9.15,695881,643046048.00,2.08,1.10,0.10,3.63
2017-06-30,9.18,9.21,9.30,9.17,565721,522346880.00,1.41,-0.22,-0.02,2.95
2017-07-03,9.25,9.22,9.25,9.14,473212,435159760.00,1.19,0.11,0.01,2.47
2017-07-04,9.22,9.13,9.24,9.12,562923,515656352.00,1.30,-0.98,-0.09,2.93
2017-07-05,9.16,9.25,9.28,9.15,723267,666673824.00,1.42,1.31,0.12,3.77
2017-07-06,9.25,9.16,9.26,9.09,710732,651426416.00,1.84,-0.97,-0.09,3.70
2017-07-07,9.14,9.30,9.49,9.03,1363032,1256404112.00,5.02,1.53,0.14,7.10
2017-07-10,9.25,9.46,9.60,9.19,1759222,1661914048.00,4.41,1.72,0.16,9.17
2017-07-11,9.47,9.24,9.53,9.23,1047694,982893344.00,3.17,-2.33,-0.22,5.46
2017-07-12,9.19,9.11,9.29,9.04,960874,876429104.00,2.71,-1.41,-0.13,5.01
2017-07-13,9.08,9.20,9.33,9.08,783842,719449280.00,2.74,0.99,0.09,4.09
2017-07-14,9.21,9.11,9.28,9.09,556940,509865312.00,2.07,-0.98,-0.09,2.90
2017-07-17,9.10,8.28,9.13,8.27,1227991,1051884912.00,9.44,-9.11,-0.83,6.40
2017-07-18,8.14,8.30,8.38,8.10,655598,541547120.00,3.38,0.24,0.02,3.42
2017-07-19,8.25,8.75,8.81,8.18,1501501,1288753760.00,7.59,5.42,0.45,7.83
2017-07-20,8.76,8.69,8.86,8.66,938545,820864784.00,2.29,-0.69,-0.06,4.89
2017-07-21,8.63,8.60,8.73,8.57,600154,517843072.00,1.84,-1.04,-0.09,3.13
2017-07-24,8.56,8.59,8.68,8.53,511244,440272976.00,1.74,-0.12,-0.01,2.66
2017-07-25,8.61,8.68,8.85,8.61,780987,681391264.00,2.79,1.05,0.09,4.07
2017-07-26,8.71,8.64,8.76,8.54,567449,490012304.00,2.53,-0.46,-0.04,2.96
2017-07-27,8.61,9.21,9.50,8.45,1822445,1654528416.00,12.15,6.60,0.57,9.50
2017-07-28,9.10,9.02,9.16,8.95,1040878,943114720.00,2.28,-2.06,-0.19,5.43
2017-07-31,9.01,9.26,9.36,9.01,1207437,1113511536.00,3.88,2.66,0.24,6.29
2017-08-01,9.39,9.96,10.18,9.35,3043217,3001257696.00,8.96,7.56,0.70,15.86
2017-08-02,9.91,10.96,10.96,9.82,3940145,4188572720.00,11.45,10.04,1.00,20.54
2017-08-03,11.16,11.45,11.65,10.94,4189107,4738353408.00,6.48,4.47,0.49,21.84
2017-08-04,11.60,11.10,11.66,11.01,2807779,3157568896.00,5.68,-3.06,-0.35,14.64
2017-08-07,10.99,11.00,11.37,10.91,1076295,1197811712.00,4.14,-0.90,-0.10,5.61
2017-08-28,11.21,12.10,12.10,11.00,3992197,4676318464.00,10.00,10.00,1.10,20.81
2017-08-29,11.98,11.41,11.98,11.37,2779427,3246996064.00,5.04,-5.70,-0.69,14.49
2017-08-30,11.34,11.49,11.99,11.21,2223821,2591658880.00,6.84,0.70,0.08,11.59
2017-08-31,11.35,11.52,11.63,11.30,1396156,1603553216.00,2.87,0.26,0.03,7.28
2017-09-01,11.47,11.52,11.60,11.31,1369872,1566981104.00,2.52,0.00,0.00,7.14
2017-09-04,11.41,11.27,11.50,11.21,1352327,1529794160.00,2.52,-2.17,-0.25,7.05
2017-09-05,11.27,11.29,11.57,11.24,1272491,1451264288.00,2.93,0.18,0.02,6.63
2017-09-06,11.19,10.97,11.19,10.90,1430697,1576445456.00,2.57,-2.83,-0.32,7.46
2017-09-07,10.97,10.84,11.15,10.82,969148,1063957936.00,3.01,-1.19,-0.13,5.05
2017-09-08,10.72,10.93,10.95,10.72,815527,886557520.00,2.12,0.83,0.09,4.25
2017-09-11,10.86,11.16,11.20,10.80,1108838,1229461088.00,3.66,2.10,0.23,5.78
2017-09-12,11.20,11.38,11.58,11.12,2093030,2379949216.00,4.12,1.97,0.22,10.91
2017-09-13,11.27,11.22,11.48,11.15,993877,1118224240.00,2.90,-1.41,-0.16,5.18
2017-09-14,11.25,11.28,11.53,11.23,1304525,1484308624.00,2.67,0.53,0.06,6.80
2017-09-15,11.20,11.75,12.30,11.00,2831427,3287901904.00,11.52,4.17,0.47,14.76
2017-09-18,11.42,12.93,12.93,11.35,4825283,6050548992.00,13.45,10.04,1.18,25.15
2017-09-19,12.56,12.53,12.77,12.33,3122540,3922942560.00,3.40,-3.09,-0.40,16.28
2017-09-20,12.43,12.79,13.19,12.38,3204404,4127915216.00,6.46,2.08,0.26,16.70
2017-09-21,12.66,12.96,13.41,12.63,2754026,3617233696.00,6.10,1.33,0.17,14.36
2017-09-22,12.81,12.52,13.19,12.45,1958201,2489163888.00,5.71,-3.40,-0.44,10.21
2017-09-25,12.38,11.80,12.45,11.71,1834766,2205246576.00,5.91,-5.75,-0.72,9.56
2017-09-26,11.80,12.05,12.06,11.72,1232668,1471534608.00,2.88,2.12,0.25,6.43
2017-09-27,11.96,12.08,12.16,11.84,1032344,1239293952.00,2.66,0.25,0.03,5.38
2017-09-28,12.00,11.88,12.06,11.88,884657,1057649856.00,1.49,-1.66,-0.20,4.61
2017-09-29,11.96,12.68,12.78,11.96,2195888,2744485168.00,6.90,6.73,0.80,11.45
2017-10-09,13.15,12.70,13.31,12.47,2048601,2624158464.00,6.62,0.16,0.02,10.68
2017-10-10,12.56,13.26,13.28,12.52,2325419,3013109632.00,5.98,4.41,0.56,12.12
2017-10-11,13.13,13.02,13.24,12.96,1688480,2209642400.00,2.11,-1.81,-0.24,8.80
2017-10-12,12.99,12.81,13.20,12.61,1571887,2032563504.00,4.53,-1.61,-0.21,8.19
2017-10-13,12.78,13.09,13.15,12.63,1504727,1944962336.00,4.06,2.19,0.28,7.84
2017-10-16,13.02,13.12,13.66,12.91,2465650,3274864384.00,5.73,0.23,0.03,12.85
2017-10-17,13.05,13.20,13.29,12.73,1621868,2107178624.00,4.27,0.61,0.08,8.45
2017-10-18,13.20,12.86,13.36,12.85,1492458,1959670176.00,3.86,-2.58,-0.34,7.78
2017-10-19,12.70,12.05,12.89,11.96,1915097,2366386144.00,7.23,-6.30,-0.81,9.98
2017-10-20,11.95,12.00,12.17,11.83,1017372,1220640288.00,2.82,-0.41,-0.05,5.30
2017-10-23,11.91,11.73,11.99,11.51,1216254,1423637104.00,4.00,-2.25,-0.27,6.34
2017-10-24,11.77,11.86,12.07,11.70,1110529,1323459360.00,3.15,1.11,0.13,5.79
2017-10-25,11.88,12.02,12.10,11.58,1106280,1310954864.00,4.38,1.35,0.16,5.77
2017-10-26,11.93,12.31,12.72,11.86,1596863,1970427744.00,7.15,2.41,0.29,8.32
2017-10-27,12.23,12.20,12.48,12.13,906406,1110929696.00,2.84,-0.89,-0.11,4.72
2017-10-30,11.97,11.35,11.98,11.22,1564128,1809201808.00,6.23,-6.97,-0.85,8.15
2017-10-31,11.25,11.40,11.48,11.23,719905,818162608.00,2.20,0.44,0.05,3.75
2017-11-01,11.43,11.39,11.65,11.36,798562,917701968.00,2.54,-0.09,-0.01,4.16
2017-11-02,11.33,11.28,11.64,10.81,1251770,1409803728.00,7.29,-0.97,-0.11,6.52
2017-11-03,11.18,11.00,11.26,10.88,824950,914304016.00,3.37,-2.48,-0.28,4.30
2017-11-06,11.01,11.07,11.14,10.90,588750,648964144.00,2.18,0.64,0.07,3.07
2017-11-07,11.05,11.26,11.40,11.02,1001834,1126887344.00,3.43,1.72,0.19,5.22
2017-11-08,11.28,11.39,11.79,11.16,1591326,1822844224.00,5.60,1.15,0.13,8.29
2017-11-09,11.29,11.34,11.44,11.12,905740,1021614688.00,2.81,-0.44,-0.05,4.72
2017-11-10,11.37,11.44,11.65,11.22,1132236,1294454288.00,3.79,0.88,0.10,5.90
2017-11-13,11.48,11.38,11.64,11.31,882237,1010455312.00,2.88,-0.52,-0.06,4.60
2017-11-14,11.33,11.09,11.40,11.06,951335,1062621616.00,2.99,-2.55,-0.29,4.96
2017-11-15,11.14,10.87,11.19,10.85,686281,756590144.00,3.07,-1.98,-0.22,3.58
2017-11-16,10.81,10.18,10.96,10.14,1147901,1216077216.00,7.54,-6.35,-0.69,5.98
2017-11-17,10.14,9.66,10.28,9.55,1210597,1200534896.00,7.17,-5.11,-0.52,6.31
2017-11-20,9.50,9.56,9.57,9.02,746958,701253408.00,5.69,-1.04,-0.10,3.89
2017-11-21,9.57,9.99,10.19,9.51,1443395,1436345872.00,7.11,4.50,0.43,7.52
2017-11-22,10.00,9.84,10.09,9.72,941337,934537024.00,3.70,-1.50,-0.15,4.91
2017-11-23,9.85,9.43,10.03,9.34,754866,736559696.00,7.01,-4.17,-0.41,3.93
2017-11-24,9.37,9.53,9.67,9.37,528838,503491104.00,3.18,1.06,0.10,2.76
2017-11-27,9.52,9.58,9.76,9.32,620560,593537600.00,4.62,0.52,0.05,3.23
2017-11-28,9.53,9.67,9.68,9.53,465153,447249392.00,1.57,0.94,0.09,2.42
2017-11-29,9.68,9.72,9.77,9.42,810107,778843232.00,3.62,0.52,0.05,4.22
2017-11-30,9.65,9.62,9.84,9.56,756111,733461024.00,2.88,-1.03,-0.10,3.94
2017-12-01,9.59,9.60,9.70,9.52,465950,448510800.00,1.87,-0.21,-0.02,2.43
2017-12-04,9.55,9.30,9.62,9.26,673602,637681328.00,3.75,-3.13,-0.30,3.51
2017-12-05,9.22,9.06,9.40,8.96,724386,668412608.00,4.73,-2.58,-0.24,3.78
2017-12-06,8.98,9.22,9.22,8.90,647434,588879952.00,3.53,1.77,0.16,3.37
2017-12-07,9.18,9.20,9.29,9.14,510881,470900272.00,1.63,-0.22,-0.02,2.66
2017-12-08,9.21,9.33,9.37,9.20,570324,531024240.00,1.85,1.41,0.13,2.97
2017-12-11,9.28,9.47,9.52,9.28,547015,515574432.00,2.57,1.50,0.14,2.85
2017-12-12,9.44,9.25,9.49,9.25,496034,464806224.00,2.53,-2.32,-0.22,2.59
2017-12-13,9.22,9.66,9.68,9.21,870586,829898864.00,5.08,4.43,0.41,4.54
2017-12-14,9.61,9.59,9.66,9.45,596621,570057760.00,2.17,-0.72,-0.07,3.11
2017-12-15,9.55,9.68,9.95,9.50,718485,696654384.00,4.69,0.94,0.09,3.75
2017-12-18,9.62,9.56,9.74,9.50,445509,427700416.00,2.48,-1.24,-0.12,2.32
2017-12-19,9.59,9.79,9.89,9.56,832884,814000288.00,3.45,2.41,0.23,4.34
2017-12-20,9.73,9.87,10.08,9.61,916902,899193968.00,4.80,0.82,0.08,4.78
2017-12-21,9.85,9.92,10.14,9.75,1009072,1006159568.00,3.95,0.51,0.05,5.26
2017-12-22,9.84,9.80,9.96,9.77,587470,579065744.00,1.92,-1.21,-0.12,3.06
2017-12-25,9.80,9.43,9.85,9.40,703599,675183568.00,4.59,-3.78,-0.37,3.67
2017-12-26,9.35,9.48,9.53,9.23,573707,539868864.00,3.18,0.53,0.05,2.99
2017-12-27,9.49,9.50,9.64,9.36,570601,542185616.00,2.95,0.21,0.02,2.97
2017-12-28,9.44,9.68,9.97,9.42,862244,838245952.00,5.79,1.89,0.18,4.49
2017-12-29,9.65,9.80,9.87,9.61,553745,538537168.00,2.69,1.24,0.12,2.89
2018-01-02,9.81,9.87,10.00,9.73,635139,627728624.00,2.76,0.71,0.07,3.31
2018-01-03,9.88,9.98,10.23,9.81,996817,997850080.00,4.26,1.11,0.11,5.20
2018-01-04,9.90,9.93,10.06,9.80,787809,779938576.00,2.61,-0.50,-0.05,4.11
2018-01-05,9.86,10.12,10.43,9.86,1336018,1352844768.00,5.74,1.91,0.19,6.96
2018-01-08,10.05,10.12,10.36,9.92,1345948,1366958880.00,4.35,0.00,0.00,7.02
2018-01-09,10.02,9.91,10.12,9.87,777834,775333040.00,2.47,-2.08,-0.21,4.05
2018-01-10,9.91,9.97,10.18,9.87,821431,821298704.00,3.13,0.61,0.06,4.28
2018-01-11,10.04,10.36,10.40,9.97,1859944,1902648240.00,4.31,3.91,0.39,9.70
2018-01-12,10.40,10.15,10.43,10.12,1190999,1219007232.00,2.99,-2.03,-0.21,6.21
2018-01-15,10.01,9.66,10.01,9.65,1103577,1084860560.00,3.55,-4.83,-0.49,5.75
2018-01-16,9.60,9.94,9.95,9.57,818115,797229552.00,3.93,2.90,0.28,4.26
2018-01-17,9.93,10.26,10.80,9.87,2251809,2326233264.00,9.36,3.22,0.32,11.74
2018-01-18,10.19,10.22,10.38,10.13,1024185,1047703504.00,2.44,-0.39,-0.04,5.34
2018-01-19,10.32,10.91,11.20,10.22,3070962,3302234656.00,9.59,6.75,0.69,16.01
2018-01-22,10.71,10.98,11.18,10.65,2094550,2279146864.00,4.86,0.64,0.07,10.92
2018-01-23,10.90,11.07,11.18,10.82,1615368,1780237488.00,3.28,0.82,0.09,8.42
2018-01-24,11.13,11.32,11.45,10.88,2272801,2548099184.00,5.15,2.26,0.25,11.85
2018-01-25,11.20,10.82,11.20,10.80,1708642,1881235760.00,3.53,-4.42,-0.50,8.91
2018-01-26,10.72,10.79,10.97,10.70,929291,1009627248.00,2.50,-0.28,-0.03,4.84
2018-01-29,10.76,10.51,10.87,10.45,1046723,1113596352.00,3.89,-2.59,-0.28,5.46
2018-01-30,10.54,10.55,10.70,10.44,744279,787191040.00,2.47,0.38,0.04,3.88
2018-01-31,10.46,10.21,10.70,10.08,1141527,1190256688.00,5.88,-3.22,-0.34,5.95
2018-02-01,10.30,9.19,10.33,9.19,1773056,1713542640.00,11.17,-9.99,-1.02,9.24
2018-02-02,8.84,9.00,9.12,8.40,1161937,1026957504.00,7.83,-2.07,-0.19,6.06
2018-02-05,8.70,9.06,9.16,8.68,656468,590180800.00,5.33,0.67,0.06,3.42
2018-02-06,8.86,8.17,9.02,8.15,1109021,953339952.00,9.60,-9.82,-0.89,5.78
2018-02-07,8.45,8.30,8.52,8.03,792602,660843616.00,6.00,1.59,0.13,4.13
2018-02-08,8.31,8.48,8.54,8.27,591041,497224048.00,3.25,2.17,0.18,3.08
2018-02-09,8.25,8.04,8.29,7.73,804021,648333808.00,6.60,-5.19,-0.44,4.19
2018-02-12,8.14,8.16,8.27,8.06,422359,344942048.00,2.61,1.49,0.12,2.20
2018-02-13,8.24,8.21,8.45,8.20,508609,422422496.00,3.06,0.61,0.05,2.65
2018-02-14,8.23,8.21,8.28,8.11,270962,221776103.00,2.07,0.00,0.00,1.41
2018-02-22,8.32,8.35,8.39,8.24,424214,353129232.00,1.83,1.71,0.14,2.21
2018-02-23,8.33,8.48,8.50,8.29,482508,405902272.00,2.51,1.56,0.13,2.52
2018-02-26,8.53,8.69,8.80,8.39,815857,701256016.00,4.83,2.48,0.21,4.25
2018-02-27,8.61,8.55,8.69,8.51,583324,500576208.00,2.07,-1.61,-0.14,3.04
2018-02-28,8.43,8.63,8.82,8.34,780591,669478288.00,5.61,0.94,0.08,4.07
2018-03-01,8.52,8.64,8.68,8.48,497602,427715200.00,2.32,0.12,0.01,2.59
2018-03-02,8.53,8.51,8.69,8.50,479345,411076176.00,2.20,-1.50,-0.13,2.50
2018-03-05,8.48,8.49,8.60,8.46,354141,301461008.00,1.65,-0.24,-0.02,1.85
2018-03-06,8.54,8.75,8.77,8.52,968773,839828496.00,2.94,3.06,0.26,5.05
2018-03-07,8.70,8.62,8.79,8.60,551933,479470000.00,2.17,-1.49,-0.13,2.88
2018-03-08,8.60,8.68,8.78,8.58,422812,366360208.00,2.32,0.70,0.06,2.20
2018-03-09,8.68,8.82,8.85,8.63,929343,812968480.00,2.53,1.61,0.14,4.84
2018-03-12,8.96,8.93,9.05,8.81,909336,811792368.00,2.72,1.25,0.11,4.74
2018-03-13,8.90,8.74,8.91,8.73,668652,589330608.00,2.02,-2.13,-0.19,3.49
2018-03-14,8.70,8.67,8.83,8.65,463053,404088896.00,2.06,-0.80,-0.07,2.41
2018-03-15,8.65,8.52,8.71,8.41,566031,484196976.00,3.46,-1.73,-0.15,2.95
2018-03-16,8.52,8.51,8.65,8.50,432879,371159232.00,1.76,-0.12,-0.01,2.26
2018-03-19,8.48,8.56,8.65,8.39,492010,419284432.00,3.06,0.59,0.05,2.56
2018-03-20,8.45,8.48,8.53,8.41,388022,328495392.00,1.40,-0.93,-0.08,2.02
2018-03-21,8.50,8.58,8.81,8.50,960953,832130896.00,3.66,1.18,0.10,5.01
2018-03-22,8.54,8.53,8.70,8.47,551986,473449808.00,2.68,-0.58,-0.05,2.88
2018-03-23,8.05,7.78,8.25,7.70,1057952,844962880.00,6.45,-8.79,-0.75,5.51
2018-03-26,7.68,7.84,7.85,7.33,634198,484853552.00,6.68,0.77,0.06,3.31
2018-03-27,7.96,8.01,8.10,7.89,629947,502765472.00,2.68,2.17,0.17,3.28
2018-03-28,7.88,7.87,8.07,7.83,475261,376651072.00,3.00,-1.75,-0.14,2.48
2018-03-29,7.98,8.08,8.17,7.92,712698,574752032.00,3.18,2.67,0.21,3.71
2018-03-30,8.08,8.09,8.16,8.04,495171,400378576.00,1.49,0.12,0.01,2.58
2018-04-02,8.11,8.12,8.34,8.05,665813,545630512.00,3.58,0.37,0.03,3.47
2018-04-03,7.99,8.00,8.11,7.86,513918,410338688.00,3.08,-1.48,-0.12,2.68
2018-04-04,8.00,7.92,8.15,7.90,456889,367531360.00,3.13,-1.00,-0.08,2.38
2018-04-09,7.85,7.87,7.96,7.72,453575,356137456.00,3.03,-0.63,-0.05,2.36
2018-04-10,7.95,8.09,8.14,7.91,641585,515080720.00,2.92,2.80,0.22,3.34
2018-04-11,8.05,8.07,8.13,8.03,514217,415177632.00,1.24,-0.25,-0.02,2.68
2018-04-12,8.07,7.99,8.15,7.95,481167,388003664.00,2.48,-0.99,-0.08,2.51
2018-04-13,8.06,7.90,8.09,7.89,356019,283980288.00,2.50,-1.13,-0.09,1.86
2018-04-16,7.86,7.71,7.89,7.70,452580,351738208.00,2.41,-2.41,-0.19,2.36
2018-04-17,7.75,7.62,7.86,7.60,526022,407851712.00,3.37,-1.17,-0.09,2.74
2018-04-18,7.72,7.73,7.76,7.51,452129,346817600.00,3.28,1.44,0.11,2.36
2018-04-19,7.72,7.78,7.85,7.68,433064,336706112.00,2.20,0.65,0.05,2.26
2018-04-20,7.74,7.52,7.76,7.51,437766,334288048.00,3.21,-3.34,-0.26,2.28
2018-04-23,7.55,7.46,7.63,7.38,403885,302334896.00,3.32,-0.80,-0.06,2.11
2018-04-24,7.46,7.64,7.67,7.45,445025,337764256.00,2.95,2.41,0.18,2.32
2018-04-25,7.59,7.57,7.64,7.53,322535,244310853.00,1.44,-0.92,-0.07,1.68
2018-04-26,7.59,7.36,7.64,7.35,369027,275818672.00,3.83,-2.77,-0.21,1.92
2018-04-27,7.42,7.42,7.53,7.36,304839,226741309.00,2.31,0.82,0.06,1.59
2018-05-02,7.58,7.46,7.62,7.44,277815,208754483.00,2.43,0.54,0.04,1.45
2018-05-03,7.46,7.64,7.66,7.42,536267,406356256.00,3.22,2.41,0.18,2.80
2018-05-04,7.60,7.60,7.63,7.56,285389,216658115.00,0.92,-0.52,-0.04,1.49
2018-05-07,7.62,7.67,7.68,7.61,343379,262851132.00,0.92,0.92,0.07,1.79
2018-05-08,7.66,7.70,7.72,7.61,399337,305905424.00,1.43,0.39,0.03,2.08
2018-05-09,7.70,7.65,7.78,7.62,307026,235924040.00,2.08,-0.65,-0.05,1.60
2018-05-10,7.67,7.68,7.73,7.61,292979,224373073.00,1.57,0.39,0.03,1.53
2018-05-11,7.70,7.53,7.73,7.52,341565,259875651.00,2.73,-1.95,-0.15,1.78
2018-05-14,7.54,7.47,7.60,7.45,305180,229796531.00,1.99,-0.80,-0.06,1.59
2018-05-15,7.55,7.55,7.59,7.47,326649,245671855.00,1.61,1.07,0.08,1.70
2018-05-16,7.51,7.45,7.52,7.43,301948,225763954.00,1.19,-1.32,-0.10,1.57
2018-05-17,7.45,7.41,7.48,7.40,220050,163632601.00,1.07,-0.54,-0.04,1.15
2018-05-18,7.43,7.53,7.53,7.41,325228,242941526.00,1.62,1.62,0.12,1.70
2018-05-21,7.59,7.62,7.68,7.56,442775,337656336.00,1.59,1.20,0.09,2.31
2018-05-22,7.62,7.61,7.62,7.51,343100,259495635.00,1.44,-0.13,-0.01,1.79
2018-05-23,7.58,7.46,7.59,7.46,329334,247728857.00,1.71,-1.97,-0.15,1.72
2018-05-24,7.48,7.42,7.49,7.41,244909,182402608.00,1.07,-0.54,-0.04,1.28
2018-05-25,7.42,7.34,7.47,7.32,300974,222131821.00,2.02,-1.08,-0.08,1.57
2018-05-28,7.32,7.28,7.37,7.23,274457,200520938.00,1.91,-0.82,-0.06,1.43
2018-05-29,7.28,7.11,7.29,7.06,463547,331761312.00,3.16,-2.34,-0.17,2.42
2018-05-30,6.99,6.62,6.99,6.60,583724,397146736.00,5.49,-6.89,-0.49,3.04
2018-05-31,6.68,6.72,6.76,6.65,333264,223456140.00,1.66,1.51,0.10,1.74
2018-06-01,6.68,7.13,7.39,6.63,944755,668899296.00,11.31,6.10,0.41,4.92
2018-06-04,7.09,7.09,7.23,7.05,532339,379843408.00,2.52,-0.56,-0.04,2.77
2018-06-05,7.11,7.17,7.21,7.04,434114,309273376.00,2.40,1.13,0.08,2.26
2018-06-06,7.12,7.37,7.59,7.06,900617,659009488.00,7.39,2.79,0.20,4.69
2018-06-07,7.33,7.43,7.66,7.33,1078160,808654896.00,4.48,0.81,0.06,5.62
2018-06-08,7.32,7.21,7.35,7.15,671356,485468608.00,2.69,-2.96,-0.22,3.50
2018-06-11,7.16,7.29,7.40,7.13,610057,445673472.00,3.74,1.11,0.08,3.18
2018-06-12,7.25,7.41,7.47,7.24,615457,453732240.00,3.16,1.65,0.12,3.21
2018-06-13,7.37,7.21,7.45,7.21,513627,376185856.00,3.24,-2.70,-0.20,2.68
2018-06-14,7.19,7.40,7.45,7.18,732740,539559152.00,3.74,2.64,0.19,3.82
2018-06-15,7.35,7.40,7.52,7.29,815349,604303312.00,3.11,0.00,0.00,4.25
2018-06-19,7.26,6.75,7.38,6.66,1109597,774807536.00,9.73,-8.78,-0.65,5.78
2018-06-20,6.70,6.72,6.88,6.51,744134,501299040.00,5.48,-0.44,-0.03,3.88
2018-06-21,6.74,6.47,6.78,6.45,617449,408143168.00,4.91,-3.72,-0.25,3.22
2018-06-22,6.45,6.57,6.60,6.28,507431,330232816.00,4.95,1.55,0.10,2.65
2018-06-25,6.60,6.60,6.87,6.53,552258,367307488.00,5.18,0.46,0.03,2.88
2018-06-26,6.45,6.68,6.74,6.41,538080,356894032.00,5.00,1.21,0.08,2.80
2018-06-27,6.65,6.65,6.69,6.57,541024,358164144.00,1.80,-0.45,-0.03,2.82
2018-06-28,6.64,6.66,6.90,6.61,733106,494924000.00,4.36,0.15,0.01,3.82
2018-06-29,6.64,6.77,6.83,6.61,548131,369042848.00,3.30,1.65,0.11,2.86
2018-07-02,6.75,6.54,6.79,6.45,480072,318534720.00,5.02,-3.40,-0.23,2.50
2018-07-03,6.54,6.65,6.65,6.46,398643,262718152.00,2.91,1.68,0.11,2.08
2018-07-04,6.62,6.40,6.63,6.32,446831,289365072.00,4.66,-3.76,-0.25,2.33
2018-07-05,6.42,6.23,6.54,6.22,438166,279957184.00,5.00,-2.66,-0.17,2.28
2018-07-06,6.26,6.30,6.43,6.07,553279,347019520.00,5.78,1.12,0.07,2.88
2018-07-09,6.32,6.40,6.40,6.28,310556,197603311.00,1.90,1.59,0.10,1.62
2018-07-10,6.39,6.38,6.41,6.32,331863,211104769.00,1.41,-0.31,-0.02,1.73
2018-07-11,6.21,6.10,6.27,5.97,496906,304924480.00,4.70,-4.39,-0.28,2.59
2018-07-12,6.11,6.26,6.32,6.10,489012,305054976.00,3.61,2.62,0.16,2.55
2018-07-13,6.27,6.21,6.28,6.18,297678,185100112.00,1.60,-0.80,-0.05,1.55
2018-07-16,6.17,6.11,6.22,6.09,314638,192669640.00,2.09,-1.61,-0.10,1.64
2018-07-17,6.10,6.12,6.12,6.04,248675,151397974.00,1.31,0.16,0.01,1.30
2018-07-18,6.13,6.06,6.17,6.05,242018,147960545.00,1.96,-0.98,-0.06,1.26
2018-07-19,6.06,5.98,6.10,5.97,262675,158225320.00,2.15,-1.32,-0.08,1.37
2018-07-20,5.98,6.14,6.17,5.89,576029,349875216.00,4.68,2.68,0.16,3.00
2018-07-23,6.10,6.17,6.21,6.04,502442,308484144.00,2.77,0.49,0.03,2.62
2018-07-24,6.14,6.28,6.39,6.13,766224,481083872.00,4.21,1.78,0.11,3.99
2018-07-25,6.25,6.20,6.26,6.17,436737,271092912.00,1.43,-1.27,-0.08,2.28
2018-07-26,6.20,6.19,6.28,6.18,360183,223794251.00,1.61,-0.16,-0.01,1.88
2018-07-27,6.19,6.23,6.40,6.14,504671,314732240.00,4.20,0.65,0.04,2.63
2018-07-30,6.17,6.06,6.21,6.02,430738,263187724.00,3.05,-2.73,-0.17,2.25
2018-07-31,6.06,6.09,6.15,6.03,223115,135690786.00,1.98,0.50,0.03,1.16
2018-08-01,6.09,5.96,6.14,5.95,308132,185889309.00,3.12,-2.13,-0.13,1.61
2018-08-02,5.93,5.60,5.94,5.43,626542,354782480.00,8.56,-6.04,-0.36,3.27
2018-08-03,5.57,5.47,5.64,5.46,316362,175315884.00,3.21,-2.32,-0.13,1.65
2018-08-06,5.48,5.29,5.55,5.21,426313,229173153.00,6.22,-3.29,-0.18,2.22
2018-08-07,5.33,5.42,5.43,5.24,374971,200684144.00,3.59,2.46,0.13,1.95
2018-08-08,5.40,5.24,5.41,5.23,322386,171509083.00,3.32,-3.32,-0.18,1.68
2018-08-09,5.23,5.34,5.39,5.20,429752,228868255.00,3.63,1.91,0.10,2.24
2018-08-10,5.32,5.39,5.44,5.32,349321,187726631.00,2.25,0.94,0.05,1.82
2018-08-13,5.34,5.36,5.38,5.25,295018,156568499.00,2.41,-0.56,-0.03,1.54
2018-08-14,5.37,5.38,5.41,5.35,233807,125629183.00,1.12,0.37,0.02,1.22
2018-08-15,5.38,5.26,5.39,5.25,246959,131188669.00,2.60,-2.23,-0.12,1.29
2018-08-16,5.22,5.34,5.48,5.11,568020,303467232.00,7.03,1.52,0.08,2.96
2018-08-17,5.35,5.19,5.38,5.17,356902,188856267.00,3.93,-2.81,-0.15,1.86
2018-08-20,5.19,5.27,5.32,5.17,301265,157937775.00,2.89,1.54,0.08,1.57
2018-08-21,5.26,5.29,5.32,5.24,259661,137068625.00,1.52,0.38,0.02,1.35
2018-08-22,5.29,5.20,5.29,5.19,200170,104747906.00,1.89,-1.70,-0.09,1.04
2018-08-23,5.22,5.24,5.32,5.17,278260,145867958.00,2.88,0.77,0.04,1.45
2018-08-24,5.23,5.23,5.30,5.18,265357,139032510.00,2.29,-0.19,-0.01,1.38
2018-08-27,5.21,5.40,5.58,5.21,632711,341360288.00,7.07,3.25,0.17,3.30
2018-08-28,5.35,5.37,5.45,5.34,390168,209508807.00,2.04,-0.56,-0.03,2.03
2018-08-29,5.36,5.33,5.41,5.32,245482,131306539.00,1.68,-0.74,-0.04,1.28
2018-08-30,5.34,5.21,5.36,5.20,251307,132513730.00,3.00,-2.25,-0.12,1.31
2018-08-31,5.20,5.19,5.28,5.18,238822,124629951.00,1.92,-0.38,-0.02,1.24
2018-09-03,5.20,5.18,5.23,5.13,211311,109330649.00,1.93,-0.19,-0.01,1.10
2018-09-04,5.18,5.26,5.28,5.16,292237,152908433.00,2.32,1.54,0.08,1.52
2018-09-05,5.22,5.14,5.26,5.14,268790,139806177.00,2.28,-2.28,-0.12,1.40
2018-09-06,5.11,5.12,5.18,5.10,220165,113278774.00,1.56,-0.39,-0.02,1.15
2018-09-07,5.13,5.15,5.21,5.12,221608,114453933.00,1.76,0.59,0.03,1.16
2018-09-10,5.15,4.96,5.15,4.95,349238,175209579.00,3.88,-3.69,-0.19,1.82
2018-09-11,4.96,4.99,5.04,4.95,198504,99099186.00,1.81,0.60,0.03,1.03
2018-09-12,4.99,5.01,5.06,4.98,227122,114149898.00,1.60,0.40,0.02,1.18
2018-09-13,5.05,5.07,5.09,5.01,277598,140270807.00,1.60,1.20,0.06,1.45
2018-09-14,5.05,5.02,5.08,5.01,221740,111904635.00,1.38,-0.99,-0.05,1.16
2018-09-17,5.00,5.01,5.06,4.96,251984,126212917.00,1.99,-0.20,-0.01,1.31
2018-09-18,4.99,5.08,5.09,4.97,309902,156521657.00,2.40,1.40,0.07,1.62
2018-09-19,5.05,5.10,5.14,5.04,337273,171847293.00,1.97,0.39,0.02,1.76
2018-09-20,5.10,5.17,5.35,5.08,566036,294618128.00,5.29,1.37,0.07,2.95
2018-09-21,5.17,5.27,5.28,5.13,525874,274341408.00,2.90,1.93,0.10,2.74
2018-09-25,5.22,5.20,5.24,5.18,279631,145521046.00,1.14,-1.33,-0.07,1.46
2018-09-26,5.22,5.28,5.38,5.20,717973,381477808.00,3.46,1.54,0.08,3.74
2018-09-27,5.25,5.16,5.28,5.15,398684,207870246.00,2.46,-2.27,-0.12,2.08
2018-09-28,5.20,5.23,5.24,5.18,250481,130589113.00,1.16,1.36,0.07,1.31
2018-10-08,5.12,5.00,5.16,4.99,324237,164842522.00,3.25,-4.40,-0.23,1.69
2018-10-09,5.01,5.03,5.07,5.00,174151,87507314.00,1.40,0.60,0.03,0.91
2018-10-10,5.04,5.03,5.07,5.00,156313,78663404.00,1.39,0.00,0.00,0.81
2018-10-11,4.80,4.54,4.84,4.53,541424,254025854.00,6.16,-9.74,-0.49,2.82
2018-10-12,4.48,4.44,4.56,4.25,413048,182252201.00,6.83,-2.20,-0.10,2.15
2018-10-15,4.46,4.37,4.51,4.35,221053,97989436.00,3.60,-1.58,-0.07,1.15
2018-10-16,4.35,4.29,4.46,4.25,301927,131697915.00,4.81,-1.83,-0.08,1.57
2018-10-17,4.36,4.34,4.40,4.22,314857,136336819.00,4.20,1.17,0.05,1.64
2018-10-18,4.30,4.19,4.33,4.16,281691,119830162.00,3.92,-3.46,-0.15,1.47
2018-10-19,4.10,4.29,4.32,4.05,465788,196692774.00,6.44,2.39,0.10,2.43
2018-10-22,4.33,4.72,4.72,4.31,977203,449266160.00,9.56,10.02,0.43,5.09
2018-10-23,4.91,4.64,4.92,4.62,1253253,600542976.00,6.36,-1.69,-0.08,6.53
2018-10-24,4.55,4.85,5.05,4.51,1425122,683789904.00,11.64,4.53,0.21,7.43
2018-10-25,4.65,5.33,5.33,4.61,1936229,972658160.00,14.85,9.90,0.48,10.09
2018-10-26,5.21,5.08,5.38,5.05,1494784,774359120.00,6.19,-4.69,-0.25,7.79
2018-10-29,5.07,5.04,5.25,5.00,788989,403275696.00,4.92,-0.79,-0.04,4.11
2018-10-30,5.06,5.33,5.45,4.95,1667197,874339584.00,9.92,5.75,0.29,8.69
2018-10-31,5.25,5.18,5.34,5.13,1106673,577057520.00,3.94,-2.81,-0.15,5.77
2018-11-01,5.19,5.15,5.49,5.15,1340501,709252048.00,6.56,-0.58,-0.03,6.99
2018-11-02,5.22,5.24,5.28,5.13,1042581,543667904.00,2.91,1.75,0.09,5.43
2018-11-05,5.20,5.34,5.34,5.15,1118450,588321712.00,3.63,1.91,0.10,5.83
2018-11-06,5.31,5.20,5.37,5.13,858531,449143392.00,4.49,-2.62,-0.14,4.48
2018-11-07,5.15,5.11,5.23,5.10,631851,325506400.00,2.50,-1.73,-0.09,3.29
2018-11-08,5.16,5.05,5.22,5.04,669657,343290544.00,3.52,-1.17,-0.06,3.49
2018-11-09,5.01,5.07,5.15,4.98,465598,236754200.00,3.37,0.40,0.02,2.43
2018-11-12,5.05,5.18,5.18,5.02,511422,262080453.00,3.16,2.17,0.11,2.67
2018-11-13,5.11,5.45,5.70,5.09,1836096,989014320.00,11.78,5.21,0.27,9.57
2018-11-14,5.38,5.34,5.52,5.32,1207150,652204272.00,3.67,-2.02,-0.11,6.29
2018-11-15,5.31,5.51,5.55,5.31,1230876,673201680.00,4.49,3.18,0.17,6.42
2018-11-16,5.49,5.90,6.06,5.46,2546396,1484881232.00,10.89,7.08,0.39,13.27
2018-11-19,5.80,6.04,6.18,5.78,2314186,1387619680.00,6.78,2.37,0.14,12.06
2018-11-20,5.91,5.72,6.02,5.71,1357093,795062784.00,5.13,-5.30,-0.32,7.07
2018-11-21,5.66,5.73,5.80,5.56,899589,512964128.00,4.20,0.17,0.01,4.69
2018-11-22,5.72,5.67,5.78,5.56,731937,414692560.00,3.84,-1.05,-0.06,3.82
2018-11-23,5.66,5.44,5.75,5.33,859728,475938768.00,7.41,-4.06,-0.23,4.48
2018-11-26,5.44,5.43,5.53,5.33,522845,284336656.00,3.68,-0.18,-0.01,2.73
2018-11-27,5.51,5.48,5.57,5.38,544407,298457680.00,3.50,0.92,0.05,2.84
2018-11-28,5.47,5.68,5.72,5.42,950604,532933056.00,5.47,3.65,0.20,4.96
2018-11-29,5.71,5.36,5.78,5.33,846598,471974256.00,7.92,-5.63,-0.32,4.41
2018-11-30,5.34,5.45,5.50,5.20,629245,336955504.00,5.60,1.68,0.09,3.28
2018-12-03,5.71,5.57,5.76,5.55,820445,462962224.00,3.85,2.20,0.12,4.28
2018-12-04,5.58,5.70,5.70,5.53,713497,403385376.00,3.05,2.33,0.13,3.72
2018-12-05,5.55,5.56,5.64,5.53,587859,327779664.00,1.93,-2.46,-0.14,3.06
2018-12-06,5.50,5.39,5.52,5.37,514968,279933072.00,2.70,-3.06,-0.17,2.68
2018-12-07,5.41,5.40,5.49,5.38,326520,177154819.00,2.04,0.19,0.01,1.70
2018-12-10,5.36,5.28,5.39,5.26,342034,181582906.00,2.41,-2.22,-0.12,1.78
2018-12-11,5.32,5.35,5.36,5.28,237561,126524833.00,1.52,1.33,0.07,1.24
2018-12-12,5.40,5.56,5.78,5.40,888850,495946912.00,7.10,3.93,0.21,4.63
2018-12-13,5.57,5.79,5.91,5.46,1464834,839166592.00,8.09,4.14,0.23,7.64
2018-12-14,5.73,5.61,5.77,5.59,871816,495232128.00,3.11,-3.11,-0.18,4.54
2018-12-17,5.59,5.83,5.86,5.59,1138074,654822944.00,4.81,3.92,0.22,5.93
2018-12-18,5.78,5.78,5.84,5.63,909983,523239840.00,3.60,-0.86,-0.05,4.74
2018-12-19,5.79,5.71,5.83,5.65,658003,377159248.00,3.11,-1.21,-0.07,3.43
2018-12-20,5.68,5.94,6.00,5.65,1550683,911182720.00,6.13,4.03,0.23,8.08
2018-12-21,5.86,5.87,5.95,5.69,1213680,707751920.00,4.38,-1.18,-0.07,6.33
2018-12-24,5.78,5.68,5.84,5.61,954385,545170016.00,3.92,-3.24,-0.19,4.97
2018-12-25,5.55,5.51,5.58,5.32,913230,497764544.00,4.58,-2.99,-0.17,4.76
2018-12-26,5.46,5.41,5.55,5.36,586284,319134208.00,3.45,-1.81,-0.10,3.06
2018-12-27,5.52,5.29,5.54,5.28,669752,363272416.00,4.81,-2.22,-0.12,3.49
2018-12-28,5.28,5.42,5.49,5.28,637386,344605104.00,3.97,2.46,0.13,3.32
2019-01-02,5.42,5.40,5.50,5.32,527362,285322624.00,3.32,-0.37,-0.02,2.75
2019-01-03,5.45,5.57,5.76,5.40,1100936,616439120.00,6.67,3.15,0.17,5.74
2019-01-04,5.52,6.13,6.13,5.52,2615582,1558632928.00,10.95,10.05,0.56,13.63
2019-01-07,6.36,6.27,6.50,6.14,3204154,2029304000.00,5.87,2.28,0.14,16.70
2019-01-08,6.18,6.40,6.62,6.16,2470611,1577317808.00,7.34,2.07,0.13,12.88
2019-01-09,6.32,6.35,6.50,6.21,1834508,1164238528.00,4.53,-0.78,-0.05,9.56
2019-01-10,6.30,6.12,6.34,6.05,1401059,868104336.00,4.57,-3.62,-0.23,7.30
2019-01-11,6.12,6.18,6.25,6.06,1030460,634696672.00,3.10,0.98,0.06,5.37
2019-01-14,6.19,6.13,6.25,6.07,812185,498015440.00,2.91,-0.81,-0.05,4.23
2019-01-15,6.10,6.29,6.38,6.09,1568265,982604400.00,4.73,2.61,0.16,8.17
2019-01-16,6.25,6.10,6.28,6.08,958787,589862064.00,3.18,-3.02,-0.19,5.00
2019-01-17,6.09,6.02,6.17,6.01,714692,434877824.00,2.62,-1.31,-0.08,3.73
2019-01-18,6.03,6.07,6.11,5.96,626120,379156272.00,2.49,0.83,0.05,3.26
2019-01-21,6.07,6.08,6.14,6.02,473731,287933152.00,1.98,0.16,0.01,2.47
2019-01-22,6.07,6.10,6.13,6.01,516350,314811008.00,1.97,0.33,0.02,2.69
2019-01-23,6.09,6.06,6.13,6.02,379453,230098419.00,1.80,-0.66,-0.04,1.98
2019-01-24,6.08,6.17,6.28,6.05,1008361,624253952.00,3.80,1.82,0.11,5.26
2019-01-25,6.13,6.02,6.20,6.02,613907,375357664.00,2.92,-2.43,-0.15,3.20
2019-01-28,6.09,6.07,6.21,6.00,672717,410627616.00,3.49,0.83,0.05,3.51
2019-01-29,6.03,5.80,6.03,5.65,733467,428494272.00,6.26,-4.45,-0.27,3.82
2019-01-30,5.74,5.66,5.86,5.65,394750,226791674.00,3.62,-2.41,-0.14,2.06
2019-01-31,5.66,5.54,5.79,5.50,610875,344855216.00,5.12,-2.12,-0.12,3.18
2019-02-01,5.68,5.80,5.81,5.63,543039,310788336.00,3.25,4.69,0.26,2.83
2019-02-11,5.85,5.91,5.93,5.80,513244,300958528.00,2.24,1.90,0.11,2.68
2019-02-12,5.91,5.92,6.00,5.85,536077,316829792.00,2.54,0.17,0.01,2.79
2019-02-13,5.91,6.13,6.20,5.87,1111235,675716352.00,5.57,3.55,0.21,5.79
2019-02-14,6.10,6.13,6.17,6.06,747042,457530880.00,1.79,0.00,0.00,3.89
2019-02-15,6.10,6.08,6.28,6.07,854247,525985104.00,3.43,-0.82,-0.05,4.45
2019-02-18,6.13,6.36,6.48,6.12,1397836,878154720.00,5.92,4.61,0.28,7.29
2019-02-19,6.35,6.30,6.60,6.21,1643923,1049494352.00,6.13,-0.94,-0.06,8.57
2019-02-20,6.31,6.30,6.40,6.21,938283,590123376.00,3.02,0.00,0.00,4.89
2019-02-21,6.29,6.38,6.61,6.20,1847054,1181872832.00,6.51,1.27,0.08,9.63
2019-02-22,6.43,7.02,7.02,6.34,2971577,1992919504.00,10.66,10.03,0.64,15.49
2019-02-25,7.33,7.72,7.72,7.10,3622937,2703268528.00,8.83,9.97,0.70,18.88
2019-02-26,7.93,7.47,8.12,7.46,3644815,2844325344.00,8.55,-3.24,-0.25,19.00
2019-02-27,7.41,7.47,7.69,7.23,2273467,1699765088.00,6.16,0.00,0.00,11.85
2019-02-28,7.38,7.25,7.38,7.02,1429198,1030629952.00,4.82,-2.95,-0.22,7.45
2019-03-01,7.33,7.60,7.60,7.18,1922461,1432523648.00,5.79,4.83,0.35,10.02
2019-03-04,7.75,7.65,8.20,7.44,2667277,2071704464.00,10.00,0.66,0.05,13.90
2019-03-05,7.51,7.63,7.68,7.46,1493292,1129591952.00,2.88,-0.26,-0.02,7.78
2019-03-06,7.65,8.39,8.39,7.55,3556871,2848103600.00,11.01,9.96,0.76,18.54
2019-03-07,8.60,8.68,9.14,8.16,3977185,3428397472.00,11.68,3.46,0.29,20.73
2019-03-08,8.12,7.81,8.43,7.81,2742926,2221441104.00,7.14,-10.02,-0.87,14.30
2019-03-11,7.72,7.93,8.01,7.52,1840333,1435255104.00,6.27,1.54,0.12,9.59
2019-03-12,7.99,8.04,8.26,7.90,1912286,1547576928.00,4.54,1.39,0.11,9.97
2019-03-13,8.00,7.84,8.13,7.70,1704054,1343393648.00,5.35,-2.49,-0.20,8.88
2019-03-14,7.70,7.54,7.92,7.38,1268430,966942976.00,6.89,-3.83,-0.30,6.61
2019-03-15,7.62,7.60,7.80,7.45,1153173,880236176.00,4.64,0.80,0.06,6.01
2019-03-18,7.61,7.78,7.79,7.43,1186494,905033952.00,4.74,2.37,0.18,6.18
2019-03-19,7.71,7.77,7.89,7.70,1045488,814420544.00,2.44,-0.13,-0.01,5.45
2019-03-20,7.72,7.94,8.08,7.67,1579541,1245039232.00,5.28,2.19,0.17,8.23
2019-03-21,7.95,8.03,8.24,7.88,1937295,1562146144.00,4.53,1.13,0.09,10.10
2019-03-22,7.98,7.84,8.03,7.65,1283356,1005800800.00,4.73,-2.37,-0.19,6.69
2019-03-25,7.68,7.50,7.76,7.47,1083726,826416464.00,3.70,-4.34,-0.34,5.65
2019-03-26,7.53,7.33,7.63,7.30,861017,642763920.00,4.40,-2.27,-0.17,4.49
2019-03-27,7.41,7.41,7.49,7.30,725063,536706688.00,2.59,1.09,0.08,3.78
2019-03-28,7.36,7.32,7.51,7.22,713856,526955248.00,3.91,-1.21,-0.09,3.72
2019-03-29,7.37,7.86,7.87,7.37,1733352,1328782128.00,6.83,7.38,0.54,9.04
2019-04-01,8.03,8.10,8.22,7.86,2042907,1650909808.00,4.58,3.05,0.24,10.65
2019-04-02,8.03,8.01,8.19,7.92,1644489,1325391920.00,3.33,-1.11,-0.09,8.57
2019-04-03,7.92,8.26,8.34,7.88,2118132,1724369808.00,5.74,3.12,0.25,11.04
2019-04-04,8.28,8.12,8.28,8.06,1538219,1253390016.00,2.66,-1.69,-0.14,8.02
2019-04-08,8.13,7.87,8.18,7.80,1280093,1020159040.00,4.68,-3.08,-0.25,6.67
2019-04-09,7.91,8.19,8.30,7.86,1806724,1467391472.00,5.59,4.07,0.32,9.42
2019-04-10,8.10,8.06,8.26,7.88,1407035,1129865040.00,4.64,-1.59,-0.13,7.33
2019-04-11,7.98,7.87,8.05,7.84,901184,713806912.00,2.61,-2.36,-0.19,4.70
2019-04-12,7.87,7.93,8.00,7.85,630608,499526144.00,1.91,0.76,0.06,3.29
2019-04-15,8.06,7.70,8.12,7.67,892212,708716176.00,5.67,-2.90,-0.23,4.65
2019-04-16,7.58,7.81,7.84,7.46,969926,743712080.00,4.94,1.43,0.11,5.06
2019-04-17,7.75,7.74,7.84,7.70,673829,522902688.00,1.79,-0.90,-0.07,3.51
2019-04-18,7.71,7.61,7.78,7.60,581543,447555728.00,2.33,-1.68,-0.13,3.03
2019-04-19,7.58,7.72,7.80,7.58,574806,442927904.00,2.89,1.45,0.11,3.00
2019-04-22,7.81,7.56,7.85,7.54,626510,480896848.00,4.02,-2.07,-0.16,3.27
2019-04-23,7.53,7.60,7.77,7.47,709224,539734752.00,3.97,0.53,0.04,3.70
2019-04-24,7.59,7.65,7.68,7.52,432496,329215376.00,2.11,0.66,0.05,2.25
2019-04-25,7.69,7.69,8.05,7.62,1683935,1319104896.00,5.62,0.52,0.04,8.78
2019-04-26,7.55,7.70,7.88,7.40,1176215,899263424.00,6.24,0.13,0.01,6.13
2019-04-29,7.70,7.05,7.73,6.93,1288476,932136464.00,10.39,-8.44,-0.65,6.72
2019-04-30,7.04,7.04,7.16,6.93,630859,445636128.00,3.26,-0.14,-0.01,3.29
2019-05-06,6.68,6.34,6.84,6.34,961840,629668080.00,7.10,-9.94,-0.70,5.01
2019-05-07,6.40,6.57,6.58,6.23,871888,560670672.00,5.52,3.63,0.23,4.54
2019-05-08,6.39,6.43,6.59,6.33,569406,367726464.00,3.96,-2.13,-0.14,2.97
2019-05-09,6.33,6.28,6.48,6.26,650296,412816304.00,3.42,-2.33,-0.15,3.39
2019-05-10,6.36,6.52,6.63,6.28,1007502,653134544.00,5.57,3.82,0.24,5.25
2019-05-13,6.47,6.40,6.50,6.34,492642,316512112.00,2.45,-1.84,-0.12,1.41
2019-05-14,6.30,6.37,6.47,6.28,398566,254896054.00,2.97,-0.47,-0.03,1.14
2019-05-15,6.45,6.51,6.57,6.42,628689,408393312.00,2.35,2.20,0.14,1.80
2019-05-16,6.51,6.54,6.61,6.48,499262,326374240.00,2.00,0.46,0.03,1.43
2019-05-17,6.55,6.20,6.57,6.12,662431,420074640.00,6.88,-5.20,-0.34,1.89
2019-05-20,6.18,6.29,6.40,6.07,495197,309180208.00,5.32,1.45,0.09,1.41
2019-05-21,6.28,6.38,6.42,6.24,416810,265160212.00,2.86,1.43,0.09,1.19
2019-05-22,6.39,6.28,6.43,6.24,352720,223297871.00,2.98,-1.57,-0.10,1.01
2019-05-23,6.28,6.30,6.42,6.21,441126,278790208.00,3.34,0.32,0.02,1.26
2019-05-24,6.27,6.32,6.38,6.27,317033,200631658.00,1.75,0.32,0.02,0.91
2019-05-27,6.26,6.47,6.53,6.16,770634,491112064.00,5.85,2.37,0.15,2.20
2019-05-28,6.41,6.40,6.51,6.34,621408,398983792.00,2.63,-1.08,-0.07,1.77
2019-05-29,6.37,6.38,6.47,6.32,453867,290129584.00,2.34,-0.31,-0.02,1.30
2019-05-30,6.34,6.27,6.35,6.23,432078,270831600.00,1.88,-1.72,-0.11,1.23
2019-05-31,6.27,6.22,6.32,6.21,319270,199945010.00,1.75,-0.80,-0.05,0.91
2019-06-03,6.22,6.10,6.34,6.07,547562,338983776.00,4.34,-1.93,-0.12,1.56
2019-06-04,6.10,5.99,6.11,5.98,429446,258738158.00,2.13,-1.80,-0.11,1.23
2019-06-05,6.08,6.06,6.15,6.04,455888,277420944.00,1.84,1.17,0.07,1.30
2019-06-06,6.05,5.98,6.11,5.97,407855,246265810.00,2.31,-1.32,-0.08,1.16
2019-06-10,6.01,5.90,6.03,5.67,467762,274460768.00,6.02,-1.34,-0.08,1.34
2019-06-11,5.89,6.25,6.28,5.87,896642,549808528.00,6.95,5.93,0.35,2.56
2019-06-12,6.20,6.20,6.31,6.16,535421,332999088.00,2.40,-0.80,-0.05,1.53
2019-06-13,6.20,6.26,6.30,6.17,570487,356574544.00,2.10,0.97,0.06,1.63
2019-06-14,6.24,5.99,6.30,5.99,591555,364198016.00,4.95,-4.31,-0.27,1.69
2019-06-17,6.04,6.25,6.31,6.03,817673,508273968.00,4.67,4.34,0.26,2.33
2019-06-18,6.30,6.25,6.34,6.15,435248,271332960.00,3.04,0.00,0.00,1.24
2019-06-19,6.63,6.31,6.70,6.31,927114,597785664.00,6.24,0.96,0.06,2.65
2019-06-20,6.29,6.57,6.77,6.25,1400665,915386480.00,8.24,4.12,0.26,4.00
2019-06-21,6.57,6.58,6.74,6.48,1006776,665226864.00,3.96,0.15,0.01,2.87
2019-06-24,6.65,6.64,6.74,6.55,839293,559000752.00,2.89,0.91,0.06,2.40
2019-06-25,6.61,6.60,6.67,6.41,845433,553862352.00,3.92,-0.60,-0.04,2.41
2019-06-26,6.34,6.35,6.45,6.27,658324,418792768.00,2.73,-3.79,-0.25,1.88
2019-06-27,6.39,6.42,6.54,6.36,544220,351255072.00,2.83,1.10,0.07,1.55
2019-06-28,6.41,6.34,6.42,6.29,414816,263065027.00,2.02,-1.25,-0.08,1.18
2019-07-01,6.54,6.48,6.58,6.43,596539,387428912.00,2.37,2.21,0.14,1.70
2019-07-02,6.45,6.44,6.51,6.40,360315,232514000.00,1.70,-0.62,-0.04,1.03
2019-07-03,6.43,6.36,6.45,6.31,355188,225356871.00,2.17,-1.24,-0.08,1.01
2019-07-04,6.37,6.45,6.49,6.36,518997,334022784.00,2.04,1.42,0.09,1.48
2019-07-05,6.44,6.41,6.44,6.35,284395,182047346.00,1.40,-0.62,-0.04,0.81
2019-07-08,6.38,6.23,6.46,6.19,498983,314852080.00,4.21,-2.81,-0.18,1.42
2019-07-09,6.19,6.21,6.27,6.05,429539,265001298.00,3.53,-0.32,-0.02,1.23
2019-07-10,6.18,6.14,6.24,6.11,328882,202697280.00,2.09,-1.13,-0.07,0.94
2019-07-11,6.18,6.13,6.25,6.07,320823,197765845.00,2.93,-0.16,-0.01,0.92
2019-07-12,6.15,6.17,6.22,6.10,272258,168012854.00,1.96,0.65,0.04,0.78
2019-07-15,6.15,6.31,6.41,6.12,480621,301858176.00,4.70,2.27,0.14,1.37
2019-07-16,6.30,6.33,6.37,6.27,344525,217979173.00,1.58,0.32,0.02,0.98
2019-07-17,6.35,6.36,6.45,6.31,409356,260949970.00,2.21,0.47,0.03,1.17
2019-07-18,6.31,6.24,6.32,6.24,301255,189137438.00,1.26,-1.89,-0.12,0.86
2019-07-19,6.28,6.36,6.42,6.28,417275,265548737.00,2.24,1.92,0.12,1.19
2019-07-22,6.40,6.14,6.42,6.14,422777,262894306.00,4.40,-3.46,-0.22,1.21
2019-07-23,6.16,6.16,6.20,6.08,215681,132935737.00,1.95,0.33,0.02,0.62
2019-07-24,6.16,6.20,6.28,6.15,273416,170231049.00,2.11,0.65,0.04,0.78
2019-07-25,6.18,6.16,6.23,6.09,409588,251782875.00,2.26,-0.65,-0.04,1.17
2019-07-26,6.12,6.11,6.15,6.07,294551,179749026.00,1.30,-0.81,-0.05,0.84
2019-07-29,6.10,6.06,6.12,6.05,225142,136617771.00,1.15,-0.82,-0.05,0.64
2019-07-30,6.08,6.11,6.18,6.08,376879,231086926.00,1.65,0.83,0.05,1.08
2019-07-31,6.09,6.09,6.12,6.06,203618,123928183.00,0.98,-0.33,-0.02,0.58
2019-08-01,6.07,6.02,6.11,6.01,316076,190963445.00,1.64,-1.15,-0.07,0.90
2019-08-02,5.89,5.89,5.93,5.82,359346,211205555.00,1.83,-2.16,-0.13,1.03
2019-08-05,5.83,5.80,5.94,5.80,284565,166569393.00,2.38,-1.53,-0.09,0.81
2019-08-06,5.63,5.70,5.80,5.46,582051,327377520.00,5.86,-1.72,-0.10,1.66
2019-08-07,5.70,5.56,5.73,5.55,281249,158514860.00,3.16,-2.46,-0.14,0.80
2019-08-08,5.71,5.64,5.75,5.63,336489,191273717.00,2.16,1.44,0.08,0.96
2019-08-09,5.68,5.54,5.70,5.52,239944,134757200.00,3.19,-1.77,-0.10,0.69
2019-08-12,5.60,5.71,5.71,5.60,318413,180231773.00,1.99,3.07,0.17,0.91
2019-08-13,5.65,5.66,5.68,5.63,180040,101725463.00,0.88,-0.88,-0.05,0.51
2019-08-14,5.73,5.66,5.77,5.64,236810,134969602.00,2.30,0.00,0.00,0.68
2019-08-15,5.51,5.64,5.68,5.49,257397,143570031.00,3.36,-0.35,-0.02,0.73
2019-08-16,5.62,5.66,5.74,5.60,272125,154618222.00,2.48,0.35,0.02,0.78
2019-08-19,5.85,6.23,6.23,5.76,1179114,712689696.00,8.30,10.07,0.57,3.37
2019-08-20,6.50,6.46,6.80,6.38,2840084,1873109376.00,6.74,3.69,0.23,8.11
2019-08-21,6.53,6.91,7.11,6.45,2957844,2000585872.00,10.22,6.97,0.45,8.45
2019-08-22,6.71,6.56,6.75,6.41,2283739,1498480608.00,4.92,-5.07,-0.35,6.52
2019-08-23,6.49,6.39,6.64,6.31,1450505,936673952.00,5.03,-2.59,-0.17,4.14
2019-08-26,6.21,6.48,6.69,6.20,1412020,913760976.00,7.67,1.41,0.09,4.03
2019-08-27,6.49,6.49,6.68,6.41,1531942,1001336016.00,4.17,0.15,0.01,4.37
2019-08-28,6.43,6.38,6.45,6.35,809140,517719840.00,1.54,-1.69,-0.11,2.31
2019-08-29,6.41,6.29,6.46,6.27,776934,493881120.00,2.98,-1.41,-0.09,2.22
2019-08-30,6.38,6.30,6.44,6.24,686611,434547696.00,3.18,0.16,0.01,1.96
2019-09-02,6.33,6.45,6.52,6.30,955208,613453632.00,3.49,2.38,0.15,2.73
2019-09-03,6.41,6.43,6.45,6.32,791697,505064208.00,2.02,-0.31,-0.02,2.26
2019-09-04,6.38,6.51,6.60,6.35,1258456,816066080.00,3.89,1.24,0.08,3.59
2019-09-05,6.59,6.67,7.06,6.59,2245153,1521670256.00,7.22,2.46,0.16,6.41
2019-09-06,6.77,6.68,6.81,6.58,1062657,708583776.00,3.45,0.15,0.01,3.03
2019-09-09,6.86,6.76,6.89,6.69,1146791,776241040.00,2.99,1.20,0.08,3.27
2019-09-10,6.72,6.82,6.95,6.62,1300789,879814384.00,4.88,0.89,0.06,3.71
2019-09-11,6.90,6.91,6.98,6.78,1458448,1004332784.00,2.93,1.32,0.09,4.16
2019-09-12,6.92,6.94,6.96,6.81,944002,650619840.00,2.17,0.43,0.03,2.70
2019-09-16,6.95,6.81,6.98,6.72,906869,620757536.00,3.75,-1.87,-0.13,2.59
2019-09-17,6.75,6.55,6.78,6.54,838823,558613296.00,3.52,-3.82,-0.26,2.39
2019-09-18,6.55,6.46,6.60,6.45,538886,351281728.00,2.29,-1.37,-0.09,1.54
2019-09-19,6.45,6.52,6.54,6.35,701773,452342832.00,2.94,0.93,0.06,2.00
2019-09-20,6.51,6.53,6.55,6.44,523763,340640288.00,1.69,0.15,0.01,1.50
2019-09-23,6.50,6.47,6.50,6.38,367453,236392651.00,1.84,-0.92,-0.06,1.05
2019-09-24,6.49,6.59,6.74,6.46,885510,584887216.00,4.33,1.85,0.12,2.53
2019-09-25,6.51,6.54,6.63,6.48,604339,396269104.00,2.28,-0.76,-0.05,1.73
2019-09-26,6.59,6.69,6.90,6.58,1808881,1220750608.00,4.89,2.29,0.15,5.16
2019-09-27,6.63,6.69,6.70,6.51,1081357,714330464.00,2.84,0.00,0.00,3.09
2019-09-30,6.65,6.36,6.65,6.35,730886,476340960.00,4.48,-4.93,-0.33,2.09
2019-10-08,6.35,6.29,6.40,6.26,496161,313515904.00,2.20,-1.10,-0.07,1.42
2019-10-09,6.25,6.31,6.32,6.14,402699,251004360.00,2.86,0.32,0.02,1.15
2019-10-10,6.33,6.33,6.40,6.29,388582,246121400.00,1.74,0.32,0.02,1.11
2019-10-11,6.37,6.46,6.55,6.26,783863,504330880.00,4.58,2.05,0.13,2.24
2019-10-14,6.62,6.82,7.10,6.56,2144128,1469667408.00,8.36,5.57,0.36,6.12
2019-10-15,6.78,6.87,6.95,6.72,1560437,1072416368.00,3.37,0.73,0.05,4.46
2019-10-16,6.92,6.76,7.02,6.72,1180951,810664096.00,4.37,-1.60,-0.11,3.37
2019-10-17,6.75,6.80,7.05,6.75,1296568,891293696.00,4.44,0.59,0.04,3.70
2019-10-18,6.84,6.57,6.85,6.56,1086643,726335168.00,4.26,-3.38,-0.23,3.10
2019-10-21,6.58,6.45,6.58,6.35,763593,492466800.00,3.50,-1.83,-0.12,2.18
2019-10-22,6.41,6.46,6.49,6.36,631992,406164752.00,2.02,0.16,0.01,1.80
2019-10-23,6.47,6.32,6.49,6.28,687446,437393632.00,3.25,-2.17,-0.14,1.96
2019-10-24,6.32,6.38,6.44,6.26,646700,411492080.00,2.85,0.95,0.06,1.85
2019-10-25,6.36,6.55,6.56,6.29,990687,640313040.00,4.23,2.66,0.17,2.83
2019-10-28,6.91,7.02,7.19,6.80,2733802,1908975600.00,5.95,7.18,0.47,7.81
2019-10-29,6.98,6.69,6.99,6.68,1595046,1094695888.00,4.42,-4.70,-0.33,4.55
2019-10-30,6.73,6.86,7.03,6.69,1625671,1116863904.00,5.08,2.54,0.17,4.64
2019-10-31,6.83,6.67,6.89,6.66,973348,657203984.00,3.35,-2.77,-0.19,2.78
2019-11-01,6.63,7.00,7.00,6.60,1648673,1134855280.00,6.00,4.95,0.33,4.71
2019-11-04,6.95,6.96,7.12,6.91,1511183,1058711840.00,3.00,-0.57,-0.04,4.31
2019-11-05,7.01,7.39,7.60,7.01,3339303,2466810880.00,8.48,6.18,0.43,9.53
2019-11-06,7.30,7.34,7.45,7.19,2107795,1543220320.00,3.52,-0.68,-0.05,6.02
2019-11-07,7.27,7.33,7.40,7.24,1460634,1068007712.00,2.18,-0.14,-0.01,4.17
2019-11-08,7.53,7.05,7.60,7.01,2065143,1508176448.00,8.05,-3.82,-0.28,5.90
2019-11-11,6.96,7.10,7.35,6.88,2138983,1529844528.00,6.67,0.71,0.05,6.11
2019-11-12,7.13,7.28,7.33,7.01,1837609,1322083552.00,4.51,2.54,0.18,5.25
2019-11-13,7.19,7.13,7.24,6.99,1342577,953750768.00,3.43,-2.06,-0.15,3.83
2019-11-14,7.12,7.15,7.25,7.02,1316294,938980160.00,3.23,0.28,0.02,3.76
2019-11-15,7.10,7.00,7.19,6.96,1152445,813608832.00,3.22,-2.10,-0.15,3.29
2019-11-18,6.99,7.42,7.43,6.96,2342867,1707467392.00,6.71,6.00,0.42,6.69
2019-11-19,7.35,7.46,7.46,7.23,1784406,1311108352.00,3.10,0.54,0.04,5.09
2019-11-20,7.39,7.31,7.42,7.28,1271426,932639776.00,1.88,-2.01,-0.15,3.63
2019-11-21,7.23,7.34,7.40,7.21,1036740,757833376.00,2.60,0.41,0.03,2.96
2019-11-22,7.30,7.44,7.58,7.29,2230491,1659386032.00,3.95,1.36,0.10,6.37
2019-11-25,7.38,7.36,7.41,7.18,1311971,956235264.00,3.09,-1.08,-0.08,3.75
2019-11-26,7.32,7.16,7.35,7.03,1386402,995581344.00,4.35,-2.72,-0.20,3.96
2019-11-27,7.09,7.12,7.16,7.01,729482,517817632.00,2.09,-0.56,-0.04,2.08
2019-11-28,7.13,7.10,7.23,7.07,716977,511778848.00,2.25,-0.28,-0.02,2.05
2019-11-29,7.08,7.19,7.28,7.06,1023990,736486000.00,3.10,1.27,0.09,2.92
2019-12-02,7.40,7.22,7.48,7.21,1335323,979597968.00,3.76,0.42,0.03,3.81
2019-12-03,7.16,7.42,7.43,7.12,1178665,859452016.00,4.29,2.77,0.20,3.37
2019-12-04,7.35,7.43,7.46,7.33,1039583,768771552.00,1.75,0.13,0.01,2.97
2019-12-05,7.49,7.73,7.97,7.45,2646942,2043475200.00,7.00,4.04,0.30,7.56
2019-12-06,7.71,8.02,8.04,7.69,2437586,1910423632.00,4.53,3.75,0.29,6.96
2019-12-09,8.13,7.94,8.20,7.86,2114946,1686553488.00,4.24,-1.00,-0.08,6.04
2019-12-10,7.90,8.07,8.10,7.83,1784690,1423190464.00,3.40,1.64,0.13,5.10
2019-12-11,8.08,7.80,8.19,7.80,2253168,1798440432.00,4.83,-3.35,-0.27,6.43
2019-12-12,7.81,7.80,7.92,7.75,1379365,1080167872.00,2.18,0.00,0.00,3.94
2019-12-13,8.00,8.26,8.42,7.93,3339889,2720565536.00,6.28,5.90,0.46,9.54
2019-12-16,8.23,8.49,8.66,8.12,2875198,2402210656.00,6.54,2.78,0.23,8.21
2019-12-17,8.42,8.57,9.10,8.33,3746863,3247328096.00,9.07,0.94,0.08,10.70
2019-12-18,8.52,8.51,8.74,8.45,2742263,2358783824.00,3.38,-0.70,-0.06,7.83
2019-12-19,8.30,8.20,8.30,8.05,2856535,2339782288.00,2.94,-3.64,-0.31,8.16
2019-12-20,8.20,8.08,8.39,8.06,2223702,1836142592.00,4.02,-1.46,-0.12,6.35
2019-12-23,8.00,8.08,8.29,7.95,1685010,1371419824.00,4.21,0.00,0.00,4.81
2019-12-24,8.08,8.18,8.18,8.02,1056354,856170160.00,1.98,1.24,0.10,3.02
2019-12-25,8.13,8.16,8.28,8.07,1240385,1013013536.00,2.57,-0.24,-0.02,3.54
2019-12-26,8.20,8.36,8.37,8.13,1603085,1320960272.00,2.94,2.45,0.20,4.58
2019-12-27,8.30,8.07,8.44,8.05,2047042,1693355040.00,4.67,-3.47,-0.29,5.84
2019-12-30,8.00,8.33,8.43,7.85,2131997,1752130672.00,7.19,3.22,0.26,6.09
2019-12-31,8.29,8.28,8.38,8.21,1214231,1007048064.00,2.04,-0.60,-0.05,3.47
2020-01-02,8.50,8.30,8.50,8.28,1744549,1462850144.00,2.66,0.24,0.02,4.98
2020-01-03,8.25,8.39,8.48,8.21,1435323,1201429472.00,3.25,1.08,0.09,4.10
2020-01-06,8.25,8.23,8.43,8.16,1695213,1406189936.00,3.22,-1.91,-0.16,4.84
2020-01-07,8.21,8.18,8.33,8.05,1603288,1307646480.00,3.40,-0.61,-0.05,4.58
2020-01-08,8.07,7.85,8.12,7.85,1558374,1244728784.00,3.30,-4.03,-0.33,4.45
2020-01-09,7.96,7.94,8.06,7.90,928453,739877104.00,2.04,1.15,0.09,2.65
2020-01-10,8.03,7.97,8.07,7.90,769707,614195008.00,2.14,0.38,0.03,2.20
2020-01-13,7.92,8.13,8.13,7.81,1073151,857253120.00,4.02,2.01,0.16,3.06
2020-01-14,8.18,8.02,8.18,8.02,886016,717893488.00,1.97,-1.35,-0.11,2.53
2020-01-15,8.01,8.07,8.14,7.96,784591,632896576.00,2.24,0.62,0.05,2.24
2020-01-16,8.00,7.84,8.00,7.80,1164283,916697632.00,2.48,-2.85,-0.23,3.32
2020-01-17,7.86,7.83,7.97,7.82,667415,525900656.00,1.91,-0.13,-0.01,1.91
2020-01-20,7.82,7.87,7.89,7.76,680460,533419328.00,1.66,0.51,0.04,1.94
2020-01-21,7.81,7.83,7.96,7.80,712571,560522336.00,2.03,-0.51,-0.04,2.03
2020-01-22,7.82,8.02,8.08,7.76,1125245,894539056.00,4.09,2.43,0.19,3.21
2020-01-23,7.90,7.70,8.05,7.54,1172472,919349344.00,6.36,-3.99,-0.32,3.35
2020-02-03,6.93,6.93,6.93,6.93,104419,72362367.00,0.00,-10.00,-0.77,0.30
2020-02-04,6.24,6.71,6.82,6.24,1604415,1062641472.00,8.37,-3.17,-0.22,4.58
2020-02-05,6.70,6.78,7.04,6.62,1219522,832980656.00,6.26,1.04,0.07,3.48
2020-02-06,6.75,6.94,7.05,6.67,1306651,900490080.00,5.60,2.36,0.16,3.73
2020-02-07,6.92,6.99,7.06,6.86,1083689,755565280.00,2.88,0.72,0.05,3.09
2020-02-10,6.98,7.12,7.17,6.94,1022020,723275600.00,3.29,1.86,0.13,2.92
2020-02-11,7.15,7.08,7.28,7.05,888132,634954368.00,3.23,-0.56,-0.04,2.54
2020-02-12,7.05,7.22,7.27,7.03,1108782,794181040.00,3.39,1.98,0.14,3.17
2020-02-13,7.21,7.06,7.26,7.05,907161,647187088.00,2.91,-2.22,-0.16,2.59
2020-02-14,7.05,7.16,7.26,7.02,998396,713965456.00,3.40,1.42,0.10,2.85
2020-02-17,7.33,7.42,7.48,7.20,1676388,1228213920.00,3.91,3.63,0.26,4.79
2020-02-18,7.46,7.40,7.52,7.31,1134475,839621472.00,2.83,-0.27,-0.02,3.24
2020-02-19,7.37,7.36,7.57,7.33,1326705,990239856.00,3.24,-0.54,-0.04,3.79
2020-02-20,7.35,7.80,7.90,7.34,2297458,1745801920.00,7.61,5.98,0.44,6.56
2020-02-21,7.77,7.80,8.11,7.66,2392975,1877253680.00,5.77,0.00,0.00,6.83
2020-02-24,7.75,7.87,7.95,7.66,1642806,1287067056.00,3.72,0.90,0.07,4.69
2020-02-25,7.66,8.07,8.11,7.60,2767919,2186054288.00,6.48,2.54,0.20,7.90
2020-02-26,7.99,8.19,8.80,7.92,3561045,2983661200.00,10.90,1.49,0.12,10.17
2020-02-27,8.30,8.02,8.40,7.92,2579955,2099552032.00,5.86,-2.08,-0.17,7.37
2020-02-28,7.72,7.61,7.90,7.50,1889659,1451405168.00,4.99,-5.11,-0.41,5.40
2020-03-02,7.73,7.96,8.04,7.65,1730194,1362795040.00,5.12,4.60,0.35,4.94
2020-03-03,8.10,8.01,8.21,7.90,1910433,1540270608.00,3.89,0.63,0.05,5.45
2020-03-04,7.93,8.18,8.18,7.91,1774822,1433582608.00,3.37,2.12,0.17,5.07
2020-03-05,8.31,8.32,8.50,8.09,2635206,2185028384.00,5.01,1.71,0.14,7.52
2020-03-06,8.18,8.05,8.23,8.05,1445989,1173637872.00,2.16,-3.25,-0.27,4.13
2020-03-09,7.95,7.89,8.14,7.78,1459864,1162734048.00,4.47,-1.99,-0.16,4.17
2020-03-10,7.83,8.13,8.15,7.76,1707967,1364700032.00,4.94,3.04,0.24,4.88
2020-03-11,8.11,7.88,8.13,7.88,1177917,943915040.00,3.08,-3.08,-0.25,3.36
2020-03-12,7.77,7.73,7.95,7.64,1004902,782847808.00,3.93,-1.90,-0.15,2.87
2020-03-13,7.37,7.64,7.77,7.24,1298792,975437264.00,6.86,-1.16,-0.09,3.71
2020-03-16,7.73,7.18,7.77,7.15,1261988,947119648.00,8.12,-6.02,-0.46,3.60
2020-03-17,7.33,7.31,7.45,7.11,1191076,871452416.00,4.74,1.81,0.13,3.40
2020-03-18,7.33,7.01,7.40,7.00,1046955,758547392.00,5.47,-4.10,-0.30,2.99
2020-03-19,7.02,7.10,7.20,6.90,1066901,753488800.00,4.28,1.28,0.09,3.05
2020-03-20,7.15,7.16,7.22,7.02,699231,498218144.00,2.82,0.85,0.06,2.00
2020-03-23,6.98,6.83,7.08,6.81,685918,477460912.00,3.77,-4.61,-0.33,1.96
2020-03-24,6.96,6.97,7.00,6.75,667677,462526896.00,3.66,2.05,0.14,1.91
2020-03-25,7.11,7.10,7.15,7.05,652288,463166320.00,1.43,1.87,0.13,1.86
2020-03-26,7.05,6.99,7.09,6.98,486537,342297904.00,1.55,-1.55,-0.11,1.39
2020-03-27,7.07,7.03,7.18,7.02,604014,428341904.00,2.29,0.57,0.04,1.72
2020-03-30,6.95,6.89,6.98,6.83,482139,332856688.00,2.13,-1.99,-0.14,1.38
2020-03-31,6.96,6.90,7.01,6.88,406676,282759552.00,1.89,0.15,0.01,1.16
2020-04-01,6.88,6.87,7.01,6.85,439769,305106080.00,2.32,-0.43,-0.03,1.26
2020-04-02,6.82,6.99,6.99,6.80,482656,333142928.00,2.77,1.75,0.12,1.38
2020-04-03,6.98,6.89,6.98,6.84,482564,333080944.00,2.00,-1.43,-0.10,1.38
2020-04-07,7.01,7.10,7.15,6.97,812228,572705344.00,2.61,3.05,0.21,2.32
2020-04-08,7.04,7.18,7.24,7.01,872962,623315904.00,3.24,1.13,0.08,2.49
2020-04-09,7.22,7.20,7.35,7.19,767292,556779072.00,2.23,0.28,0.02,2.19
2020-04-10,7.19,7.04,7.21,7.04,576117,409216336.00,2.36,-2.22,-0.16,1.64
2020-04-13,6.99,7.06,7.10,6.94,378636,265975927.00,2.27,0.28,0.02,1.08
2020-04-14,7.10,7.24,7.29,7.06,771789,553928720.00,3.26,2.55,0.18,2.20
2020-04-15,7.21,7.12,7.30,7.12,576933,415554032.00,2.49,-1.66,-0.12,1.65
2020-04-16,7.10,7.19,7.30,7.07,606198,436824528.00,3.23,0.98,0.07,1.73
2020-04-17,7.25,7.18,7.31,7.16,618530,447660768.00,2.09,-0.14,-0.01,1.77
2020-04-20,7.22,7.22,7.24,7.14,466254,335253776.00,1.39,0.56,0.04,1.33
2020-04-21,7.18,7.08,7.19,7.01,506894,358867856.00,2.49,-1.94,-0.14,1.45
2020-04-22,7.02,7.10,7.13,7.01,376676,266204700.00,1.69,0.28,0.02,1.08
2020-04-23,7.10,7.02,7.11,7.01,343813,242523545.00,1.41,-1.13,-0.08,0.98
2020-04-24,7.01,6.84,7.04,6.80,543961,375689456.00,3.42,-2.56,-0.18,1.55
2020-04-27,6.86,6.82,6.92,6.80,346437,238117736.00,1.75,-0.29,-0.02,0.99
2020-04-28,6.90,6.87,7.02,6.72,661533,456444880.00,4.40,0.73,0.05,1.89
2020-04-29,6.82,6.81,6.90,6.79,328583,224652177.00,1.60,-0.87,-0.06,0.94
2020-04-30,6.85,6.96,6.99,6.84,528793,366985552.00,2.20,2.20,0.15,1.51
2020-05-06,6.86,6.99,6.99,6.83,583150,403319728.00,2.30,0.43,0.03,1.67
2020-05-07,6.98,7.00,7.09,6.96,597934,420767584.00,1.86,0.14,0.01,1.71
2020-05-08,7.05,7.13,7.23,7.02,877117,625380304.00,3.00,1.86,0.13,2.50
2020-05-11,7.14,7.07,7.18,7.01,576588,408265360.00,2.38,-0.84,-0.06,1.65
2020-05-12,7.11,7.08,7.13,7.00,365190,258057371.00,1.84,0.14,0.01,1.04
2020-05-13,7.04,7.08,7.11,7.01,343488,242412527.00,1.41,0.00,0.00,0.98
2020-05-14,7.04,6.96,7.05,6.94,404419,283068672.00,1.55,-1.69,-0.12,1.15
2020-05-15,7.07,7.14,7.25,7.06,1036517,743117920.00,2.73,2.59,0.18,2.96
2020-05-18,7.08,7.07,7.15,7.03,595744,422107408.00,1.68,-0.98,-0.07,1.70
2020-05-19,7.14,7.10,7.17,7.08,417944,297394784.00,1.27,0.42,0.03,1.19
2020-05-20,7.08,7.05,7.12,7.03,385540,272309104.00,1.27,-0.70,-0.05,1.10
2020-05-21,7.07,6.98,7.09,6.96,331751,232830220.00,1.84,-0.99,-0.07,0.95
2020-05-22,6.97,6.81,7.02,6.81,417239,288339872.00,3.01,-2.44,-0.17,1.19
2020-05-25,6.82,6.79,6.86,6.76,246382,167447256.00,1.47,-0.29,-0.02,0.70
2020-05-26,6.82,6.87,6.87,6.81,263099,180007364.00,0.88,1.18,0.08,0.75
2020-05-27,6.86,6.79,6.86,6.77,241675,164396661.00,1.31,-1.16,-0.08,0.69
2020-05-28,6.79,6.86,6.96,6.79,468953,322552592.00,2.50,1.03,0.07,1.34
2020-05-29,6.81,6.83,6.86,6.79,233443,159316155.00,1.02,-0.44,-0.03,0.67
2020-06-01,6.99,7.06,7.10,6.94,1118945,787604928.00,2.34,3.37,0.23,3.19
2020-06-02,7.04,7.04,7.10,7.01,643779,454036288.00,1.27,-0.28,-0.02,1.84
2020-06-03,7.07,6.96,7.08,6.95,551035,386797104.00,1.85,-1.14,-0.08,1.57
2020-06-04,7.01,6.96,7.04,6.94,395695,276177904.00,1.44,0.00,0.00,1.13
2020-06-05,6.89,6.88,6.90,6.79,758865,518875312.00,1.58,-1.15,-0.08,2.17
2020-06-08,6.88,6.83,6.89,6.81,388585,265694594.00,1.16,-0.73,-0.05,1.11
2020-06-09,6.83,6.86,6.92,6.82,436803,300139120.00,1.46,0.44,0.03,1.25
2020-06-10,6.83,6.80,6.85,6.79,369479,251813519.00,0.87,-0.87,-0.06,1.05
2020-06-11,6.80,6.81,6.90,6.78,436898,298483312.00,1.76,0.15,0.01,1.25
2020-06-12,6.71,6.80,6.83,6.68,431884,292714704.00,2.20,-0.15,-0.01,1.23
2020-06-15,6.84,6.76,6.89,6.76,481487,329103280.00,1.91,-0.59,-0.04,1.37
2020-06-16,6.81,6.82,6.84,6.77,318255,216431344.00,1.04,0.89,0.06,0.91
2020-06-17,6.83,6.78,6.83,6.75,331941,224926176.00,1.17,-0.59,-0.04,0.95
2020-06-18,6.78,6.81,6.86,6.76,493216,336167216.00,1.47,0.44,0.03,1.41
2020-06-19,6.82,7.01,7.07,6.80,1254569,868437312.00,3.96,2.94,0.20,3.58
2020-06-22,6.98,7.08,7.35,6.95,1656633,1186448928.00,5.71,1.00,0.07,4.73
2020-06-23,7.06,7.12,7.14,6.96,889314,627625952.00,2.54,0.56,0.04,2.54
2020-06-24,7.12,7.04,7.17,7.02,667632,472312336.00,2.11,-1.12,-0.08,1.91
2020-06-29,6.96,6.82,7.00,6.76,887423,607493536.00,3.41,-3.13,-0.22,2.53
2020-06-30,6.83,6.92,7.04,6.81,883863,610215600.00,3.37,1.47,0.10,2.52
2020-07-01,6.88,7.08,7.08,6.87,1064679,744890800.00,3.03,2.31,0.16,3.04
2020-07-02,7.08,7.53,7.65,7.05,3250992,2389764192.00,8.47,6.36,0.45,9.28
2020-07-03,7.60,8.28,8.28,7.51,4610479,3611430928.00,10.23,9.96,0.75,13.16
2020-07-06,8.70,9.11,9.11,8.50,4332325,3858283376.00,7.37,10.02,0.83,12.37
2020-07-07,9.50,10.02,10.02,8.76,5308740,5029928448.00,13.83,9.99,0.91,15.16
2020-07-08,10.50,11.02,11.02,10.28,3893103,4204877968.00,7.39,9.98,1.00,11.12
2020-07-09,11.80,12.12,12.12,11.51,6568770,7834760704.00,5.54,9.98,1.10,18.76
2020-07-10,11.98,11.30,12.50,11.30,7400584,8726605312.00,9.90,-6.77,-0.82,21.13
2020-07-13,11.04,11.18,11.74,10.72,5807232,6510078208.00,9.03,-1.06,-0.12,16.58
2020-07-14,10.92,11.67,11.83,10.91,5277800,6034548992.00,8.23,4.38,0.49,15.07
2020-07-15,12.28,10.63,12.63,10.50,5348483,6056814080.00,18.25,-8.91,-1.04,15.27
2020-07-16,10.49,10.40,11.28,10.12,4662870,5057525248.00,10.91,-2.16,-0.23,13.31
2020-07-17,10.70,10.02,10.72,9.60,3993340,4034283264.00,10.77,-3.65,-0.38,11.40
2020-07-20,10.25,10.46,10.65,10.11,3551772,3680917840.00,5.39,4.39,0.44,10.14
2020-07-21,10.22,10.04,10.55,9.96,2896624,2947111216.00,5.64,-4.02,-0.42,8.27
2020-07-22,10.38,10.84,11.04,10.30,6116260,6597318912.00,7.37,7.97,0.80,17.46
2020-07-23,10.39,10.75,10.96,10.31,4505245,4788521984.00,6.00,-0.83,-0.09,12.86
2020-07-24,10.50,10.01,10.57,9.97,3260658,3336439248.00,5.58,-6.88,-0.74,9.31
2020-07-27,10.07,9.89,10.19,9.60,2155973,2128679264.00,5.89,-1.20,-0.12,6.16
2020-07-28,10.00,9.89,10.05,9.68,1702654,1676423168.00,3.74,0.00,0.00,4.86
2020-07-29,9.83,10.52,10.56,9.73,3223858,3335130096.00,8.39,6.37,0.63,9.20
2020-07-30,10.40,10.70,11.10,10.28,4057354,4369914624.00,7.79,1.71,0.18,11.58
2020-07-31,10.75,10.85,11.17,10.52,3543508,3859271632.00,6.07,1.40,0.15,10.12
2020-08-03,11.04,10.98,11.15,10.66,3194345,3461558736.00,4.52,1.20,0.13,9.12
2020-08-04,10.99,10.62,10.99,10.56,2414943,2599601376.00,3.92,-3.28,-0.36,6.90
2020-08-05,10.50,10.72,10.81,10.34,1990244,2121108080.00,4.43,0.94,0.10,5.68
2020-08-06,10.81,11.29,11.68,10.50,3116427,3395351536.00,11.01,5.32,0.57,8.90
2020-08-07,10.88,10.64,11.18,10.42,2850728,3063676592.00,6.73,-5.76,-0.65,8.14
2020-08-10,10.50,10.60,10.90,10.40,2010031,2139626432.00,4.70,-0.38,-0.04,5.74
2020-08-11,10.59,10.27,10.85,10.20,1945041,2058023584.00,6.13,-3.11,-0.33,5.55
2020-08-12,10.21,10.18,10.30,9.88,1690244,1706952352.00,4.09,-0.88,-0.09,4.83
2020-08-13,10.18,11.20,11.20,10.10,4598994,5044962304.00,10.81,10.02,1.02,13.13
2020-08-14,10.77,11.00,11.26,10.63,4197888,4603567360.00,5.63,-1.79,-0.20,11.99
2020-08-17,11.24,11.68,12.10,11.03,5269533,6116168960.00,9.73,6.18,0.68,15.05
2020-08-18,11.45,11.40,11.76,11.24,3478661,3990000144.00,4.45,-2.40,-0.28,9.93
2020-08-19,11.35,11.18,11.64,11.10,2596340,2937208144.00,4.74,-1.93,-0.22,7.41
2020-08-20,11.01,10.84,11.15,10.83,1815035,1992287632.00,2.86,-3.04,-0.34,5.18
2020-08-21,10.95,11.09,11.27,10.82,1898406,2099937408.00,4.15,2.31,0.25,5.42
2020-08-24,11.20,11.15,11.25,10.88,1480711,1640849472.00,3.34,0.54,0.06,4.23
2020-08-25,11.06,10.91,11.30,10.83,1639348,1811771680.00,4.22,-2.15,-0.24,4.68
2020-08-26,10.80,10.33,10.93,10.32,2046359,2170066384.00,5.59,-5.32,-0.58,5.84
2020-08-27,10.35,10.47,10.53,10.22,1317161,1371530128.00,3.00,1.36,0.14,3.76
2020-08-28,10.37,10.79,10.88,10.32,1681136,1783832560.00,5.35,3.06,0.32,4.80
2020-08-31,10.82,10.75,11.15,10.72,1895104,2076397536.00,3.99,-0.37,-0.04,5.41
2020-09-01,10.70,10.79,10.84,10.65,962245,1032957488.00,1.77,0.37,0.04,2.75
2020-09-02,10.79,10.72,10.88,10.54,1327967,1424201984.00,3.15,-0.65,-0.07,3.79
2020-09-03,10.70,10.62,10.97,10.58,1216849,1310553088.00,3.64,-0.93,-0.10,3.47
2020-09-04,10.37,10.49,10.54,10.31,960827,1004693744.00,2.17,-1.22,-0.13,2.74
2020-09-07,10.44,10.01,10.49,9.95,1548870,1582354512.00,5.15,-4.58,-0.48,4.42
2020-09-08,10.00,10.19,10.31,9.98,1233894,1250041088.00,3.30,1.80,0.18,3.52
2020-09-09,10.02,10.00,10.19,9.96,1123209,1128967312.00,2.26,-1.86,-0.19,3.21
2020-09-10,10.10,9.70,10.16,9.65,1181824,1175399872.00,5.10,-3.00,-0.30,3.37
2020-09-11,9.62,9.55,9.76,9.25,1417561,1347757872.00,5.26,-1.55,-0.15,4.05
2020-09-14,9.55,9.52,9.63,9.37,985768,937406432.00,2.72,-0.31,-0.03,2.81
2020-09-15,9.48,9.53,9.65,9.43,755745,720285616.00,2.31,0.11,0.01,2.16
2020-09-16,9.53,9.69,10.09,9.51,1725460,1697810720.00,6.09,1.68,0.16,4.93
2020-09-17,9.60,9.67,9.83,9.50,986197,949470192.00,3.41,-0.21,-0.02,2.82
2020-09-18,9.63,10.50,10.61,9.58,2672712,2710384816.00,10.65,8.58,0.83,7.63
2020-09-21,11.10,10.70,11.40,10.70,3437166,3782810848.00,6.67,1.90,0.20,9.81
2020-09-22,10.51,11.14,11.55,10.51,3992325,4432323584.00,9.72,4.11,0.44,11.40
2020-09-23,10.95,10.81,11.03,10.70,2170397,2352130000.00,2.96,-2.96,-0.33,6.20
2020-09-24,10.68,10.72,11.01,10.66,1642947,1782390896.00,3.24,-0.83,-0.09,4.69
2020-09-25,10.73,11.09,11.26,10.62,2383711,2615403840.00,5.97,3.45,0.37,6.81
2020-09-28,10.89,10.89,11.03,10.81,1249011,1362022560.00,1.98,-1.80,-0.20,3.57
2020-09-29,10.98,11.03,11.20,10.95,1442031,1596246320.00,2.30,1.29,0.14,4.12
2020-09-30,11.08,11.11,11.18,10.80,1437163,1586382624.00,3.45,0.73,0.08,4.10
2020-10-09,11.39,11.32,11.46,11.06,1951864,2185739488.00,3.60,1.89,0.21,5.57
2020-10-12,11.50,12.01,12.26,11.34,2984337,3553640960.00,8.13,6.10,0.69,8.52
2020-10-13,11.70,11.50,11.82,11.39,2425527,2798743424.00,3.58,-4.25,-0.51,6.93
2020-10-14,11.44,11.14,11.57,11.08,1706752,1921768208.00,4.26,-3.13,-0.36,4.87
2020-10-15,11.20,11.16,11.52,11.15,1433480,1620648176.00,3.32,0.18,0.02,4.09
2020-10-16,11.19,11.22,11.33,11.08,1084912,1216890832.00,2.24,0.54,0.06,3.10
2020-10-19,11.32,11.09,11.55,11.08,1269974,1434576368.00,4.19,-1.16,-0.13,3.63
2020-10-20,11.01,11.18,11.19,10.87,1119569,1234991088.00,2.89,0.81,0.09,3.20
2020-10-21,11.16,11.10,11.22,11.02,783328,869314880.00,1.79,-0.72,-0.08,2.24
2020-10-22,11.06,11.29,11.50,11.05,1373169,1540610784.00,4.05,1.71,0.19,3.92
2020-10-23,11.19,10.86,11.33,10.83,1149470,1280016608.00,4.43,-3.81,-0.43,3.28
2020-10-26,10.65,10.21,10.67,10.11,1602293,1657165200.00,5.16,-5.99,-0.65,4.57
2020-10-27,10.20,10.31,10.37,10.15,795123,816671856.00,2.15,0.98,0.10,2.27
2020-10-28,10.24,10.31,10.40,10.14,828215,851093120.00,2.52,0.00,0.00,2.36
2020-10-29,10.13,10.44,10.58,10.09,1128525,1168861568.00,4.75,1.26,0.13,3.22
2020-10-30,10.41,9.93,10.53,9.91,1229328,1250782256.00,5.94,-4.89,-0.51,3.51
2020-11-02,9.90,10.02,10.30,9.84,1052537,1058555056.00,4.63,0.91,0.09,3.01
2020-11-03,10.02,10.26,10.40,9.97,1138547,1163491776.00,4.29,2.40,0.24,3.25
2020-11-04,10.27,10.20,10.32,10.05,764154,778327680.00,2.63,-0.58,-0.06,2.18
2020-11-05,10.36,10.32,10.52,10.25,1078032,1116410528.00,2.65,1.18,0.12,3.08
2020-11-06,10.33,10.33,10.52,10.25,1230707,1277064816.00,2.62,0.10,0.01,3.51
2020-11-09,10.44,10.74,10.89,10.29,1951476,2068790176.00,5.81,3.97,0.41,5.57
2020-11-10,10.74,10.37,10.74,10.36,1241986,1306619472.00,3.54,-3.45,-0.37,3.55
2020-11-11,10.31,10.11,10.43,10.10,892202,911493824.00,3.18,-2.51,-0.26,2.55
2020-11-12,10.13,10.14,10.25,10.05,538983,545905632.00,1.98,0.30,0.03,1.54
2020-11-13,10.09,10.09,10.14,10.04,504557,508670640.00,0.99,-0.49,-0.05,1.44
2020-11-16,10.15,10.11,10.20,10.00,620877,626433360.00,1.98,0.20,0.02,1.77
2020-11-17,10.08,10.20,10.20,9.95,773739,779377776.00,2.47,0.89,0.09,2.21
2020-11-18,10.21,10.25,10.45,10.20,896145,925481008.00,2.45,0.49,0.05,2.56
2020-11-19,10.17,10.39,10.44,10.03,1045985,1071694416.00,4.00,1.37,0.14,2.99
2020-11-20,10.31,10.37,10.45,10.27,664164,688953328.00,1.73,-0.19,-0.02,1.90
2020-11-23,10.32,10.59,10.82,10.23,1729757,1829590816.00,5.69,2.12,0.22,4.94
2020-11-24,10.54,10.39,10.64,10.37,951626,998977936.00,2.55,-1.89,-0.20,2.72
2020-11-25,10.49,10.16,10.58,10.15,913782,947344384.00,4.14,-2.21,-0.23,2.61
2020-11-26,10.12,10.20,10.30,10.07,659951,671526256.00,2.26,0.39,0.04,1.88
2020-11-27,10.20,10.42,10.42,10.15,846682,870707296.00,2.65,2.16,0.22,2.42
2020-11-30,10.45,10.58,10.92,10.42,2256972,2411375424.00,4.80,1.54,0.16,6.44
2020-12-01,10.45,10.83,11.04,10.37,2245091,2403674976.00,6.33,2.36,0.25,6.41
2020-12-02,10.77,10.84,11.10,10.68,1995845,2169129920.00,3.88,0.09,0.01,5.70
2020-12-03,10.86,11.17,11.28,10.74,2442826,2684351200.00,4.98,3.04,0.33,6.97
2020-12-04,11.01,10.79,11.03,10.75,1494641,1621016352.00,2.51,-3.40,-0.38,4.27
2020-12-07,10.74,10.63,10.84,10.60,882889,945956304.00,2.22,-1.48,-0.16,2.52
2020-12-08,10.61,10.63,10.77,10.60,758360,809704304.00,1.60,0.00,0.00,2.17
2020-12-09,10.67,10.10,10.75,10.10,1522525,1584693888.00,6.11,-4.99,-0.53,4.35
2020-12-10,10.02,10.12,10.21,9.98,1003892,1013641376.00,2.28,0.20,0.02,2.87
2020-12-11,10.09,10.15,10.19,9.96,1030813,1038730640.00,2.27,0.30,0.03,2.94
2020-12-14,10.09,10.12,10.16,10.00,511078,515856800.00,1.58,-0.30,-0.03,1.46
2020-12-15,10.09,10.16,10.20,10.01,585390,591464192.00,1.88,0.40,0.04,1.67
2020-12-16,10.16,9.98,10.21,9.98,592061,596125344.00,2.26,-1.77,-0.18,1.69
2020-12-17,9.96,10.25,10.28,9.83,1205983,1215977360.00,4.51,2.71,0.27,3.44
2020-12-18,10.18,10.09,10.26,10.06,683299,693862416.00,1.95,-1.56,-0.16,1.95
2020-12-21,10.10,10.14,10.25,10.02,681740,690941712.00,2.28,0.50,0.05,1.95
2020-12-22,10.10,9.51,10.13,9.50,1400561,1379302432.00,6.21,-6.21,-0.63,4.00
2020-12-23,9.56,9.53,9.68,9.35,875355,836018992.00,3.47,0.21,0.02,2.50
2020-12-24,9.59,9.30,9.64,9.29,679353,640425520.00,3.67,-2.41,-0.23,1.94
2020-12-25,9.28,9.35,9.44,9.11,742265,690707440.00,3.55,0.54,0.05,2.12
2020-12-28,9.31,9.27,9.45,9.22,597637,557818800.00,2.46,-0.86,-0.08,1.71
2020-12-29,9.32,9.34,9.55,9.31,681700,641960064.00,2.59,0.76,0.07,1.95
2020-12-30,9.33,9.50,9.51,9.22,750579,705881616.00,3.10,1.71,0.16,2.14
2020-12-31,9.56,9.95,10.07,9.55,1621820,1604172160.00,5.47,4.74,0.45,4.63
2021-01-04,10.00,9.90,10.06,9.77,1238954,1227453600.00,2.91,-0.50,-0.05,3.54
2021-01-05,9.81,9.90,9.99,9.67,1172849,1154747088.00,3.23,0.00,0.00,3.35
2021-01-06,9.88,9.72,9.99,9.61,873997,853423424.00,3.84,-1.82,-0.18,2.50
2021-01-07,9.74,9.64,9.81,9.33,987232,947472416.00,4.94,-0.82,-0.08,2.82
2021-01-08,9.64,9.49,9.67,9.40,662900,631777088.00,2.80,-1.56,-0.15,1.89
2021-01-11,9.56,9.25,9.61,9.23,779220,733344656.00,4.00,-2.53,-0.24,2.22
2021-01-12,9.05,8.81,9.07,8.33,3356840,2860368624.00,8.00,-4.76,-0.44,9.58
2021-01-13,8.60,8.15,8.60,8.12,1965756,1635161008.00,5.45,-7.49,-0.66,5.61
2021-01-14,8.10,7.97,8.10,7.86,1136066,904797280.00,2.94,-2.21,-0.18,3.24
2021-01-15,8.00,8.07,8.19,8.00,829298,670467440.00,2.38,1.25,0.10,2.37
2021-01-18,8.07,7.97,8.14,7.95,1013782,814797696.00,2.35,-1.24,-0.10,2.89
2021-01-19,7.93,7.98,8.09,7.79,1024590,814981728.00,3.76,0.13,0.01,2.93
2021-01-20,7.98,7.89,8.06,7.86,740349,587872720.00,2.51,-1.13,-0.09,2.11
2021-01-21,7.89,7.97,8.16,7.87,1176803,942690176.00,3.68,1.01,0.08,3.36
2021-01-22,7.94,8.24,8.48,7.91,2227912,1847335024.00,7.15,3.39,0.27,5.39
2021-01-25,8.07,8.07,8.25,8.02,1034384,838447600.00,2.79,-2.06,-0.17,2.50
2021-01-26,8.05,7.88,8.12,7.83,768312,610789936.00,3.59,-2.35,-0.19,1.86
2021-01-27,7.87,8.10,8.19,7.87,932387,754441744.00,4.06,2.79,0.22,2.26
2021-01-28,7.99,8.16,8.27,7.95,1039563,847047376.00,3.95,0.74,0.06,2.52
2021-01-29,8.24,8.07,8.24,7.95,756292,609578784.00,3.55,-1.10,-0.09,1.83
2021-02-01,8.07,7.96,8.15,7.92,598524,478859184.00,2.85,-1.36,-0.11,1.45
2021-02-02,7.96,7.80,7.99,7.55,1151177,891596496.00,5.53,-2.01,-0.16,2.79
2021-02-03,7.76,7.80,7.92,7.70,709712,555346288.00,2.82,0.00,0.00,1.72
2021-02-04,7.75,7.63,7.82,7.51,657349,502131120.00,3.97,-2.18,-0.17,1.59
2021-02-05,7.70,7.48,7.78,7.48,539615,412058576.00,3.93,-1.97,-0.15,1.31
2021-02-08,7.52,7.52,7.62,7.42,477719,359528576.00,2.67,0.53,0.04,1.16
2021-02-09,7.55,7.81,7.86,7.46,796819,613930432.00,5.32,3.86,0.29,1.93
2021-02-10,7.79,7.81,7.83,7.69,550648,427926896.00,1.79,0.00,0.00,1.33
2021-02-18,7.95,8.00,8.18,7.88,972053,778660496.00,3.84,2.43,0.19,2.35
2021-02-19,8.02,8.19,8.19,7.94,843802,681380432.00,3.13,2.38,0.19,2.04
2021-02-22,8.19,8.04,8.32,8.03,1237451,1013263424.00,3.54,-1.83,-0.15,2.99
2021-02-23,7.98,7.95,8.08,7.92,681136,544826304.00,1.99,-1.12,-0.09,1.65
2021-02-24,7.98,8.05,8.16,7.95,791022,636183280.00,2.64,1.26,0.10,1.91
2021-02-25,8.09,8.00,8.13,7.94,703542,565459184.00,2.36,-0.62,-0.05,1.70
2021-02-26,7.89,7.93,8.03,7.86,508578,404971296.00,2.13,-0.88,-0.07,1.23
2021-03-01,7.96,8.03,8.05,7.91,546240,435701248.00,1.77,1.26,0.10,1.32
2021-03-02,8.01,7.93,8.08,7.90,525900,419198176.00,2.24,-1.25,-0.10,1.27
2021-03-03,7.91,8.08,8.11,7.90,716975,575111760.00,2.65,1.89,0.15,1.74
2021-03-04,8.01,7.99,8.07,7.97,586852,470022304.00,1.24,-1.11,-0.09,1.42
2021-03-05,7.97,8.30,8.39,7.96,1596971,1319503456.00,5.38,3.88,0.31,3.86
2021-03-08,8.40,8.14,8.41,8.12,1000681,825417728.00,3.49,-1.93,-0.16,2.42
2021-03-09,8.11,7.93,8.18,7.86,864239,692777856.00,3.93,-2.58,-0.21,2.09
2021-03-10,7.97,7.82,7.99,7.80,607403,479126256.00,2.40,-1.39,-0.11,1.47
2021-03-11,7.84,7.99,8.01,7.79,647836,510808416.00,2.81,2.17,0.17,1.57
2021-03-12,7.95,7.97,8.10,7.80,814499,645773088.00,3.75,-0.25,-0.02,1.97
2021-03-15,7.87,7.80,7.87,7.75,592124,462473808.00,1.51,-2.13,-0.17,1.43
2021-03-16,7.82,7.79,7.84,7.72,372647,289600112.00,1.54,-0.13,-0.01,0.90
2021-03-17,7.76,7.80,7.85,7.74,430680,335573296.00,1.41,0.13,0.01,1.04
2021-03-18,7.78,7.76,7.83,7.75,395231,307361168.00,1.03,-0.51,-0.04,0.96
2021-03-19,7.71,7.60,7.73,7.60,501046,383172928.00,1.68,-2.06,-0.16,1.21
2021-03-22,7.63,7.77,7.82,7.62,534364,412802560.00,2.63,2.24,0.17,1.29
2021-03-23,7.75,7.80,7.87,7.67,638471,496620384.00,2.57,0.39,0.03,1.55
2021-03-24,7.80,7.93,8.14,7.77,1187636,947453376.00,4.74,1.67,0.13,2.87
2021-03-25,7.85,7.89,8.03,7.83,588973,466943616.00,2.52,-0.50,-0.04,1.43
2021-03-26,7.89,7.92,7.93,7.83,428935,338346880.00,1.27,0.38,0.03,1.04
2021-03-29,7.88,7.86,7.95,7.85,402611,317458048.00,1.26,-0.76,-0.06,0.97
2021-03-30,7.88,7.82,7.90,7.81,360098,282629072.00,1.15,-0.51,-0.04,0.87
2021-03-31,7.82,7.70,7.82,7.70,421407,325736480.00,1.53,-1.53,-0.12,1.02
2021-04-01,7.74,7.75,7.77,7.68,349645,270117936.00,1.17,0.65,0.05,0.85
2021-04-02,7.77,7.75,7.78,7.71,305051,236108496.00,0.90,0.00,0.00,0.74
2021-04-06,7.79,7.74,7.81,7.73,294980,228937136.00,1.03,-0.13,-0.01,0.71
2021-04-07,7.73,7.78,7.85,7.69,450199,349713856.00,2.07,0.52,0.04,1.09
2021-04-08,7.77,7.88,8.08,7.73,986895,781847536.00,4.50,1.29,0.10,2.39
2021-04-09,7.84,7.80,7.88,7.78,459241,359107712.00,1.27,-1.02,-0.08,1.11
2021-04-12,7.79,7.68,7.84,7.67,506804,393148672.00,2.18,-1.54,-0.12,1.23
2021-04-13,7.68,7.60,7.72,7.56,535275,408407392.00,2.08,-1.04,-0.08,1.30
2021-04-14,7.59,7.63,7.67,7.58,364337,277991952.00,1.18,0.39,0.03,0.88
2021-04-15,7.22,6.87,7.22,6.87,1454479,1010478864.00,4.59,-9.96,-0.76,3.52
2021-04-16,6.74,6.83,6.85,6.69,989324,669990048.00,2.33,-0.58,-0.04,2.39
2021-04-19,6.78,6.97,7.01,6.75,1083752,745816368.00,3.81,2.05,0.14,2.62
2021-04-20,6.93,6.86,6.98,6.83,735039,506043264.00,2.15,-1.58,-0.11,1.78
2021-04-21,6.81,6.81,6.88,6.79,355888,242620027.00,1.31,-0.73,-0.05,0.86
2021-04-22,6.83,6.79,6.88,6.78,446144,304472256.00,1.47,-0.29,-0.02,1.08
2021-04-23,6.77,6.74,6.78,6.70,395790,266648165.00,1.18,-0.74,-0.05,0.96
2021-04-26,6.73,6.55,6.76,6.52,718650,478065408.00,3.56,-2.82,-0.19,1.74
2021-04-27,6.58,6.61,6.65,6.52,486905,320476864.00,1.98,0.92,0.06,1.18
2021-04-28,6.57,6.47,6.61,6.47,544747,355985968.00,2.12,-2.12,-0.14,1.32
2021-04-29,6.47,6.66,6.69,6.43,820982,542906512.00,4.02,2.94,0.19,1.99
2021-04-30,6.61,6.53,6.68,6.53,503189,331366496.00,2.25,-1.95,-0.13,1.22
2021-05-06,6.61,6.42,6.69,6.40,665374,434216944.00,4.44,-1.68,-0.11,1.61
2021-05-07,6.42,6.27,6.45,6.24,771310,489883824.00,3.27,-2.34,-0.15,1.87
2021-05-10,6.26,6.34,6.35,6.13,663603,414183664.00,3.51,1.12,0.07,1.61
2021-05-11,6.34,6.59,6.65,6.29,1200044,785327616.00,5.68,3.94,0.25,2.90
2021-05-12,6.52,6.58,6.59,6.47,544523,356108576.00,1.82,-0.15,-0.01,1.32
2021-05-13,6.53,6.59,6.69,6.53,570089,377587216.00,2.43,0.15,0.01,1.38
2021-05-14,6.64,7.03,7.08,6.60,1846570,1267394144.00,7.28,6.68,0.44,4.47
2021-05-17,6.89,6.77,6.95,6.72,1210118,825279536.00,3.27,-3.70,-0.26,2.93
2021-05-18,6.78,6.72,6.91,6.70,721371,490274240.00,3.10,-0.74,-0.05,1.75
2021-05-19,6.70,6.71,6.83,6.67,538878,363108976.00,2.38,-0.15,-0.01,1.30
2021-05-20,6.69,6.83,6.92,6.67,849311,577449424.00,3.73,1.79,0.12,2.06
2021-05-21,6.84,6.72,6.89,6.72,533743,361492608.00,2.49,-1.61,-0.11,1.29
2021-05-24,6.76,6.79,6.89,6.75,672771,458754512.00,2.08,1.04,0.07,1.63
2021-05-25,6.76,7.15,7.20,6.75,2012024,1423124048.00,6.63,5.30,0.36,4.87
2021-05-26,7.19,7.08,7.33,7.08,1633472,1175902288.00,3.50,-0.98,-0.07,3.95
2021-05-27,7.07,7.17,7.33,7.07,1335029,962722336.00,3.67,1.27,0.09,3.23
2021-05-28,7.12,7.23,7.29,7.07,1270194,911402384.00,3.07,0.84,0.06,3.07
2021-05-31,7.18,7.14,7.25,7.08,839871,599496032.00,2.35,-1.24,-0.09,2.03
2021-06-01,7.08,7.06,7.10,6.97,739254,519933680.00,1.82,-1.12,-0.08,1.79
2021-06-02,7.04,7.15,7.36,7.03,1501231,1078683584.00,4.67,1.27,0.09,3.63
2021-06-03,7.06,7.07,7.25,7.06,1135179,811987088.00,2.66,-1.12,-0.08,2.75
2021-06-04,7.03,7.10,7.27,6.99,1078619,767469920.00,3.96,0.42,0.03,2.61
2021-06-07,7.06,7.13,7.20,7.03,635663,453325376.00,2.39,0.42,0.03,1.54
2021-06-08,7.12,7.17,7.24,7.12,698671,501242512.00,1.68,0.56,0.04,1.69
2021-06-09,7.24,7.09,7.25,7.06,534572,380524912.00,2.65,-1.12,-0.08,1.29
2021-06-10,7.10,7.10,7.20,7.08,496552,353970352.00,1.69,0.14,0.01,1.20
2021-06-11,7.09,6.92,7.16,6.92,725746,511943504.00,3.38,-2.54,-0.18,1.76
2021-06-15,6.92,6.87,6.97,6.84,547036,377794832.00,1.88,-0.72,-0.05,1.32
2021-06-16,6.81,6.86,6.93,6.81,466756,320541360.00,1.75,-0.15,-0.01,1.13
2021-06-17,6.83,6.82,6.90,6.76,414017,282735760.00,2.04,-0.58,-0.04,1.00
2021-06-18,6.82,7.00,7.04,6.79,631658,437357120.00,3.67,2.64,0.18,1.53
2021-06-21,7.03,6.97,7.08,6.94,393359,275008352.00,2.00,-0.43,-0.03,0.95
2021-06-22,6.96,6.97,7.04,6.94,440138,307444544.00,1.43,0.00,0.00,1.07
2021-06-23,6.97,7.01,7.05,6.93,443496,310256960.00,1.72,0.57,0.04,1.07
2021-06-24,7.03,7.20,7.26,7.00,1007775,721749792.00,3.71,2.71,0.19,2.44
2021-06-25,7.22,7.35,7.44,7.13,1471020,1074706656.00,4.31,2.08,0.15,3.56
2021-06-28,7.32,7.16,7.32,7.15,795655,573306688.00,2.31,-2.59,-0.19,1.93
2021-06-29,7.16,7.07,7.21,7.06,519778,370189712.00,2.09,-1.26,-0.09,1.26
2021-06-30,7.10,7.14,7.18,7.03,524899,372857728.00,2.12,0.99,0.07,1.27
2021-07-01,7.20,6.84,7.25,6.80,792417,556825696.00,6.30,-4.20,-0.30,1.92
2021-07-02,6.80,6.62,6.84,6.61,657149,440493776.00,3.36,-3.22,-0.22,1.59
2021-07-05,6.60,6.62,6.71,6.58,412791,273489344.00,1.96,0.00,0.00,1.00
2021-07-06,6.65,6.64,6.68,6.58,392909,259988103.00,1.51,0.30,0.02,0.95
2021-07-07,6.61,6.61,6.69,6.59,416038,275393312.00,1.51,-0.45,-0.03,1.01
2021-07-08,6.63,6.52,6.67,6.49,512742,337146816.00,2.72,-1.36,-0.09,1.24
2021-07-09,6.48,6.52,6.55,6.44,373277,242600842.00,1.69,0.00,0.00,0.90
2021-07-12,6.60,6.63,6.71,6.57,608317,404044656.00,2.15,1.69,0.11,1.47
2021-07-13,6.60,6.58,6.62,6.56,371378,244505289.00,0.90,-0.75,-0.05,0.90
2021-07-14,6.58,6.53,6.61,6.50,403232,263908729.00,1.67,-0.76,-0.05,0.98
2021-07-15,6.52,6.53,6.57,6.47,437724,285781840.00,1.53,0.00,0.00,1.06
2021-07-16,6.59,6.54,6.60,6.51,379958,248722257.00,1.38,0.15,0.01,0.92
