2017-01-13,15.52,15.52,15.52,15.52,44,68769.00,0.00,9.99,1.41,0.01
2017-01-16,17.07,17.07,17.07,17.07,120,204191.00,0.00,9.99,1.55,0.04
2017-01-17,18.78,18.78,18.78,18.78,133,249849.00,0.00,10.02,1.71,0.04
2017-01-18,20.66,20.66,20.66,20.66,107,221702.00,0.00,10.01,1.88,0.04
2017-01-19,22.73,22.73,22.73,22.73,529,1202348.00,0.00,10.02,2.07,0.18
2017-01-20,25.00,25.00,25.00,25.00,720,1801200.00,0.00,9.99,2.27,0.24
2017-01-23,27.50,27.50,27.50,27.50,423,1163305.00,0.00,10.00,2.50,0.14
2017-01-24,30.25,28.54,30.25,28.32,168820,489698512.00,7.02,3.78,1.04,56.27
2017-01-25,27.86,29.37,30.17,27.50,126339,366008400.00,9.36,2.91,0.83,42.11
2017-01-26,29.05,32.31,32.31,28.93,117520,357871520.00,11.51,10.01,2.94,39.17
2017-02-03,32.10,30.70,32.19,29.88,103934,319033520.00,7.15,-4.98,-1.61,34.64
2017-02-06,31.00,32.50,32.84,30.62,106964,338511984.00,7.23,5.86,1.80,35.65
2017-02-07,32.50,35.75,35.75,31.50,168586,568109648.00,13.08,10.00,3.25,56.20
2017-02-08,34.96,39.33,39.33,34.66,93402,352802112.00,13.06,10.01,3.58,31.13
2017-02-09,43.26,43.26,43.26,43.26,14003,60576545.00,0.00,9.99,3.93,4.67
2017-02-10,47.59,47.59,47.59,47.59,59278,282106240.00,0.00,10.01,4.33,19.76
2017-02-13,52.35,52.35,52.35,46.10,226070,1178043248.00,13.13,10.00,4.76,75.36
2017-02-14,53.00,57.58,57.59,52.50,133897,765718928.00,9.72,9.99,5.23,44.63
2017-02-15,57.59,59.88,60.70,54.88,135590,792463648.00,10.11,3.99,2.30,45.20
2017-02-16,56.00,55.39,58.50,53.89,230662,1254399456.00,7.70,-7.50,-4.49,76.89
2017-02-17,52.51,49.85,52.70,49.85,105713,534641152.00,5.15,-10.00,-5.54,35.24
2017-02-20,47.50,46.69,54.44,46.11,122238,593477920.00,16.71,-6.34,-3.16,40.75
2017-02-21,46.67,47.97,48.34,45.59,121946,573660336.00,5.89,2.74,1.28,40.65
2017-02-22,46.31,48.00,48.95,45.88,117370,556054752.00,6.40,0.06,0.03,39.12
2017-02-23,49.00,52.80,52.80,47.26,186857,941228912.00,11.54,10.00,4.80,62.29
2017-02-24,50.84,50.38,54.00,48.18,147812,748000928.00,11.02,-4.58,-2.42,49.27
2017-02-27,49.95,46.89,49.95,46.79,106755,511089056.00,6.27,-6.93,-3.49,35.58
2017-02-28,47.22,48.03,48.88,46.22,91831,440146928.00,5.67,2.43,1.14,30.61
2017-03-01,47.70,45.77,47.70,45.61,102393,474034384.00,4.35,-4.71,-2.26,34.13
2017-03-02,45.10,45.33,46.26,44.63,66606,302842784.00,3.56,-0.96,-0.44,22.20
2017-03-03,44.80,45.70,46.25,44.63,52936,240903391.00,3.57,0.82,0.37,17.65
2017-03-06,45.25,46.20,46.40,44.99,61225,279956640.00,3.09,1.09,0.50,20.41
2017-03-07,46.58,45.90,46.60,45.50,49745,228302780.00,2.38,-0.65,-0.30,16.58
2017-03-08,45.91,49.00,50.00,45.70,124226,597042464.00,9.37,6.75,3.10,41.41
2017-03-09,48.11,46.66,48.39,46.15,79087,372867824.00,4.57,-4.78,-2.34,26.36
2017-03-10,46.49,45.51,47.55,45.51,56569,261746273.00,4.37,-2.46,-1.15,18.86
2017-03-13,45.05,45.04,45.05,43.01,52613,231818223.00,4.48,-1.03,-0.47,17.54
2017-03-14,45.00,45.55,45.88,44.69,42630,193550575.00,2.64,1.13,0.51,14.21
2017-03-15,45.55,44.38,45.55,44.01,37993,169463162.00,3.38,-2.57,-1.17,12.66
2017-03-16,44.50,45.63,46.81,44.50,63709,292734336.00,5.21,2.82,1.25,21.24
2017-03-17,45.35,50.19,50.19,45.03,151133,738468352.00,11.31,9.99,4.56,50.38
2017-03-20,49.00,50.95,51.88,48.65,157980,790748864.00,6.44,1.51,0.76,52.66
2017-03-21,50.00,54.55,55.88,49.51,157808,830947680.00,12.50,7.07,3.60,52.60
2017-03-22,52.58,54.15,54.59,52.40,115288,616371600.00,4.01,-0.73,-0.40,38.43
2017-03-23,54.00,50.40,54.58,49.60,104461,540343712.00,9.20,-6.93,-3.75,34.82
2017-03-24,50.13,50.53,51.34,49.60,58326,295073056.00,3.45,0.26,0.13,19.44
2017-03-27,50.29,49.28,50.35,48.54,54120,266466729.00,3.58,-2.47,-1.25,18.04
2017-03-28,49.31,47.44,49.60,47.11,45754,222484097.00,5.05,-3.73,-1.84,15.25
2017-03-29,46.70,43.81,47.28,43.80,62500,282038272.00,7.34,-7.65,-3.63,20.83
2017-03-30,43.00,44.40,45.97,41.40,70883,307896976.00,10.43,1.35,0.59,23.63
2017-03-31,43.60,42.51,45.12,42.20,43583,189837161.00,6.58,-4.26,-1.89,14.53
2017-04-05,41.96,42.69,43.70,40.00,32076,135071378.00,8.70,0.42,0.18,10.69
2017-04-06,42.26,43.30,44.20,42.10,37094,161040964.00,4.92,1.43,0.61,12.36
2017-04-07,43.30,42.74,44.23,42.69,33851,147460827.00,3.56,-1.29,-0.56,11.28
2017-04-10,42.39,38.47,42.39,38.47,49239,196168206.00,9.17,-9.99,-4.27,16.41
2017-04-11,38.17,39.22,39.55,38.12,29785,115581056.00,3.72,1.95,0.75,9.93
2017-04-12,39.02,39.14,39.50,36.80,34369,131468793.00,6.88,-0.20,-0.08,11.46
2017-04-13,38.85,39.80,41.00,38.48,36151,145544670.00,6.44,1.69,0.66,12.05
2017-04-14,39.01,37.88,39.33,37.00,26210,101060906.00,5.85,-4.82,-1.92,8.74
2017-04-17,35.02,34.09,36.00,34.09,31701,110358799.00,5.04,-10.01,-3.79,10.57
2017-04-18,33.36,32.45,34.54,32.38,21130,70831545.00,6.34,-4.81,-1.64,7.04
2017-04-19,32.40,34.40,34.97,32.16,32504,109673037.00,8.66,6.01,1.95,10.83
2017-04-20,34.43,33.59,34.73,33.03,21873,74112049.00,4.94,-2.35,-0.81,7.29
2017-04-21,33.44,33.40,34.20,33.17,14046,47267173.00,3.07,-0.57,-0.19,4.68
2017-04-24,32.86,33.60,33.80,31.80,17092,56206689.00,5.99,0.60,0.20,5.70
2017-04-25,33.60,33.72,34.68,33.48,20488,69776009.00,3.57,0.36,0.12,6.83
2017-04-26,33.80,35.61,36.39,33.61,38829,137249359.00,8.24,5.60,1.89,12.94
2017-04-27,35.09,36.03,36.91,34.30,39454,140811851.00,7.33,1.18,0.42,13.15
2017-04-28,35.85,35.83,36.39,35.61,21809,78412469.00,2.16,-0.56,-0.20,7.27
2017-05-02,35.62,34.95,36.30,34.70,22690,80123781.00,4.47,-2.46,-0.88,7.56
2017-05-03,34.85,35.71,35.90,34.85,24930,88313240.00,3.00,2.17,0.76,8.31
2017-05-04,35.15,35.95,36.28,34.82,29101,103840392.00,4.09,0.67,0.24,9.70
2017-05-05,35.93,36.40,38.49,35.53,54938,204668038.00,8.23,1.25,0.45,18.31
2017-05-08,35.58,33.16,36.28,33.01,38965,133635063.00,8.98,-8.90,-3.24,12.99
2017-05-09,32.50,33.90,34.20,32.50,19573,65442492.00,5.13,2.23,0.74,6.52
2017-05-10,33.77,33.64,35.21,33.45,28363,97677749.00,5.19,-0.77,-0.26,9.45
2017-05-11,33.27,34.35,34.48,32.58,26079,87389840.00,5.65,2.11,0.71,8.69
2017-05-12,34.40,34.22,34.85,33.61,25642,87827548.00,3.61,-0.38,-0.13,8.55
2017-05-15,34.32,33.36,34.58,33.32,25695,86953151.00,3.68,-2.51,-0.86,8.56
2017-05-16,33.15,34.83,34.95,32.80,28909,97881830.00,6.44,4.41,1.47,9.64
2017-05-17,34.77,34.99,35.88,34.57,32791,115288972.00,3.76,0.46,0.16,10.93
2017-05-18,34.50,34.50,35.25,34.10,21817,75898019.00,3.29,-1.40,-0.49,7.27
2017-05-19,34.41,33.83,35.11,33.61,19423,66879080.00,4.35,-1.94,-0.67,6.47
2017-05-22,33.52,31.58,33.88,31.50,27928,91049836.00,7.04,-6.65,-2.25,9.31
2017-05-23,31.15,28.42,31.48,28.42,26190,78247815.00,9.69,-10.01,-3.16,8.73
2017-05-24,28.36,28.85,29.10,27.20,18929,53841876.00,6.69,1.51,0.43,6.31
2017-05-25,28.80,28.79,29.00,27.53,18554,52670179.00,5.10,-0.21,-0.06,6.18
2017-05-26,28.77,29.09,29.65,28.41,19509,56728658.00,4.31,1.04,0.30,6.50
2017-05-31,30.10,29.28,30.75,29.20,22302,66967046.00,5.33,0.65,0.19,7.43
2017-06-01,29.28,27.35,29.28,27.30,17344,48845325.00,6.76,-6.59,-1.93,5.78
2017-06-02,27.00,28.28,28.50,26.55,16088,44792611.00,7.13,3.40,0.93,5.36
2017-06-05,29.01,28.59,29.10,28.32,14397,41344898.00,2.76,1.10,0.31,4.80
2017-06-06,28.45,28.80,28.88,28.21,10456,29926362.00,2.34,0.73,0.21,3.49
2017-06-07,28.76,30.03,30.46,28.76,24666,73491374.00,5.90,4.27,1.23,8.22
2017-06-08,30.70,33.03,33.03,30.56,47856,156432411.00,8.23,9.99,3.00,15.95
2017-06-09,33.04,32.64,34.57,32.64,63262,211828201.00,5.84,-1.18,-0.39,21.09
2017-06-12,32.06,30.60,32.48,30.38,37615,116380633.00,6.43,-6.25,-2.04,12.54
2017-06-13,30.65,33.66,33.66,30.61,37293,121499305.00,9.97,10.00,3.06,12.43
2017-06-14,34.98,33.95,35.83,33.67,76000,262807497.00,6.42,0.86,0.29,25.33
2017-06-15,33.98,35.99,36.75,33.33,76696,270885296.00,10.07,6.01,2.04,25.57
2017-06-16,23.51,23.51,24.88,22.80,99101,234869802.00,5.78,-34.68,-12.48,22.02
2017-06-19,23.62,24.13,24.50,22.66,87977,207549724.00,7.83,2.64,0.62,19.55
2017-06-20,24.18,23.49,24.86,23.25,90705,217977502.00,6.67,-2.65,-0.64,20.16
2017-06-21,23.21,22.80,23.48,22.40,57540,131160056.00,4.60,-2.94,-0.69,12.79
2017-06-22,22.63,21.75,23.08,21.60,48111,107861419.00,6.49,-4.61,-1.05,10.69
2017-06-23,22.05,22.29,22.47,21.62,39854,88038204.00,3.91,2.48,0.54,8.86
2017-06-26,22.07,24.52,24.52,21.80,109174,258734777.00,12.20,10.00,2.23,24.26
2017-06-27,25.15,25.75,26.94,25.00,179878,463106512.00,7.91,5.02,1.23,39.97
2017-06-28,25.80,24.86,25.80,24.68,103491,259641964.00,4.35,-3.46,-0.89,23.00
2017-06-29,25.20,24.45,25.29,24.41,78632,193982765.00,3.54,-1.65,-0.41,17.47
2017-06-30,24.48,24.80,25.30,24.12,87745,218799169.00,4.83,1.43,0.35,19.50
2017-07-03,24.32,24.92,24.92,23.87,57657,140331540.00,4.23,0.48,0.12,12.81
2017-07-04,24.60,24.66,25.40,24.52,54297,135550512.00,3.53,-1.04,-0.26,12.07
2017-07-05,24.35,25.80,26.10,24.33,96862,243736865.00,7.18,4.62,1.14,21.52
2017-07-06,25.63,25.60,26.50,24.71,105475,269578352.00,6.94,-0.78,-0.20,23.44
2017-07-07,25.20,27.07,28.16,25.08,149056,397120016.00,12.03,5.74,1.47,33.12
2017-07-10,26.59,25.91,26.77,25.55,97028,253763109.00,4.51,-4.29,-1.16,21.56
2017-07-11,25.60,24.62,26.18,24.40,68562,172897831.00,6.87,-4.98,-1.29,15.24
2017-07-12,24.70,25.35,25.36,24.50,52629,131399081.00,3.49,2.97,0.73,11.70
2017-07-13,25.18,25.11,25.83,24.80,49136,124218093.00,4.06,-0.95,-0.24,10.92
2017-07-14,24.71,23.60,24.90,23.60,57012,137325266.00,5.18,-6.01,-1.51,12.67
2017-07-17,23.15,21.24,23.58,21.24,56752,125020339.00,9.92,-10.00,-2.36,12.61
2017-07-18,21.10,21.63,22.13,21.10,35316,76522998.00,4.85,1.84,0.39,7.85
2017-07-19,21.67,22.30,22.50,21.60,43328,96262052.00,4.16,3.10,0.67,9.63
2017-07-20,21.90,21.71,22.52,21.65,39886,88223147.00,3.90,-2.65,-0.59,8.86
2017-07-21,22.00,21.52,22.33,21.12,29055,63325530.00,5.57,-0.88,-0.19,6.46
2017-07-24,21.33,21.40,21.75,20.86,31506,66970947.00,4.14,-0.56,-0.12,7.00
2017-07-25,21.40,21.85,22.18,21.37,35162,76591950.00,3.79,2.10,0.45,7.81
2017-07-26,22.30,21.96,22.50,21.66,34123,75417384.00,3.84,0.50,0.11,7.58
2017-07-27,21.69,22.19,22.32,21.50,36523,80500973.00,3.73,1.05,0.23,8.12
2017-07-28,22.06,21.90,22.40,21.81,26017,57440758.00,2.66,-1.31,-0.29,5.78
2017-07-31,21.73,22.48,23.40,21.20,49764,110728336.00,10.05,2.65,0.58,11.06
2017-08-01,22.24,21.92,22.46,21.75,33852,74422790.00,3.16,-2.49,-0.56,7.52
2017-08-02,21.60,21.80,22.45,21.50,43059,94614718.00,4.33,-0.55,-0.12,9.57
2017-08-03,21.45,22.05,22.25,21.30,42358,92538895.00,4.36,1.15,0.25,9.41
2017-08-04,22.00,22.30,22.50,21.77,43954,97558283.00,3.31,1.13,0.25,9.77
2017-08-07,22.00,23.27,23.65,21.95,81021,186784497.00,7.62,4.35,0.97,18.00
2017-08-08,23.05,23.17,23.99,22.80,66011,153954953.00,5.11,-0.43,-0.10,14.67
2017-08-09,23.50,23.00,23.78,22.90,39427,91418831.00,3.80,-0.73,-0.17,8.76
2017-08-10,22.85,21.77,22.95,21.55,51375,113839353.00,6.09,-5.35,-1.23,11.42
2017-08-11,21.55,20.85,21.55,20.85,35326,74813261.00,3.22,-4.23,-0.92,7.85
2017-08-14,20.72,21.25,21.30,20.72,16602,35080307.00,2.78,1.92,0.40,3.69
2017-08-15,21.33,21.30,21.49,21.07,18363,39079113.00,1.98,0.24,0.05,4.08
2017-08-16,21.20,21.63,21.75,21.10,25421,54368496.00,3.05,1.55,0.33,5.65
2017-08-17,21.86,21.57,22.08,21.45,25605,55531986.00,2.91,-0.28,-0.06,5.69
2017-08-18,21.06,21.22,21.28,21.05,18403,38976453.00,1.07,-1.62,-0.35,4.09
2017-08-21,21.40,21.45,21.49,21.15,16723,35762893.00,1.60,1.08,0.23,3.72
2017-08-22,21.33,23.60,23.60,21.32,68410,156142906.00,10.63,10.02,2.15,15.20
2017-08-23,23.60,22.76,23.60,22.50,76744,176443135.00,4.66,-3.56,-0.84,17.05
2017-08-24,22.52,23.00,23.80,22.41,80948,188005253.00,6.11,1.05,0.24,17.99
2017-08-25,22.56,23.54,24.17,22.15,88679,205605172.00,8.78,2.35,0.54,19.71
2017-08-28,23.26,24.31,24.47,23.10,103689,248255118.00,5.82,3.27,0.77,23.04
2017-08-29,24.00,24.71,25.91,23.80,136583,342090816.00,8.68,1.65,0.40,30.35
2017-08-30,23.80,24.51,25.35,23.78,87513,212872876.00,6.35,-0.81,-0.20,19.45
2017-08-31,24.31,25.50,25.60,24.10,107995,271242864.00,6.12,4.04,0.99,24.00
2017-09-01,25.38,26.31,27.58,24.99,150400,393056096.00,10.16,3.18,0.81,33.42
2017-09-04,26.18,25.62,26.95,25.58,86328,224965943.00,5.21,-2.62,-0.69,19.18
2017-09-05,25.60,25.12,25.68,24.81,58241,145889519.00,3.40,-1.95,-0.50,12.94
2017-09-06,24.82,25.28,25.82,24.71,64903,164382517.00,4.42,0.64,0.16,14.42
2017-09-07,25.39,24.61,25.39,24.60,51364,128464439.00,3.13,-2.65,-0.67,11.41
2017-09-08,24.40,24.53,24.95,24.20,40201,98904643.00,3.05,-0.33,-0.08,8.93
2017-09-11,24.53,25.75,25.76,24.53,61150,154938189.00,5.01,4.97,1.22,13.59
2017-09-12,25.60,25.49,26.49,25.36,82450,213514501.00,4.39,-1.01,-0.26,18.32
2017-09-13,25.47,25.36,25.70,25.13,30861,78136443.00,2.24,-0.51,-0.13,6.86
2017-09-14,25.20,25.05,25.53,24.56,39106,97640004.00,3.82,-1.22,-0.31,8.69
2017-09-15,25.04,24.90,25.23,24.75,19587,48894348.00,1.92,-0.60,-0.15,4.35
2017-09-18,24.87,25.57,25.60,24.20,38757,97240154.00,5.62,2.69,0.67,8.61
2017-09-19,25.50,24.96,25.57,24.60,26444,66664179.00,3.79,-2.39,-0.61,5.88
2017-09-20,24.81,26.05,26.30,24.81,73762,190308500.00,5.97,4.37,1.09,16.39
2017-09-21,25.94,24.88,26.40,24.86,57657,147962110.00,5.91,-4.49,-1.17,12.81
2017-09-22,24.49,24.30,24.82,24.21,31677,77717025.00,2.45,-2.33,-0.58,7.04
2017-09-25,24.42,23.48,24.68,23.20,29601,70988042.00,6.09,-3.37,-0.82,6.58
2017-09-26,23.54,23.63,23.96,23.15,18263,43124223.00,3.45,0.64,0.15,4.06
2017-09-27,23.43,23.68,23.85,23.30,14722,34863314.00,2.33,0.21,0.05,3.27
2017-09-28,23.53,23.05,23.78,23.00,19584,45936907.00,3.29,-2.66,-0.63,4.35
2017-09-29,23.11,23.22,23.50,23.05,14075,32726773.00,1.95,0.74,0.17,3.13
2017-10-09,23.59,23.49,23.97,23.41,12379,29143362.00,2.41,1.16,0.27,2.75
2017-10-10,23.49,23.95,23.95,23.40,20734,49214839.00,2.34,1.96,0.46,4.61
2017-10-11,23.96,23.63,24.00,23.55,16300,38603093.00,1.88,-1.34,-0.32,3.62
2017-10-12,23.61,23.71,23.84,23.25,15284,36061819.00,2.50,0.34,0.08,3.40
2017-10-13,23.60,23.99,24.07,23.51,19823,47401531.00,2.36,1.18,0.28,4.41
2017-10-16,23.90,24.60,25.98,23.00,60523,148094535.00,12.42,2.54,0.61,13.45
2017-10-17,24.00,24.84,25.11,23.80,48566,119236426.00,5.33,0.98,0.24,10.79
2017-10-18,24.79,24.25,25.13,24.09,42740,105731379.00,4.19,-2.38,-0.59,9.50
2017-10-19,24.13,22.75,24.13,22.50,34532,80589496.00,6.72,-6.19,-1.50,7.67
2017-10-20,22.50,22.82,23.02,22.25,17921,40735129.00,3.38,0.31,0.07,3.98
2017-10-23,22.65,22.25,22.71,22.04,24708,55147915.00,2.94,-2.50,-0.57,5.49
2017-10-24,22.25,22.45,23.00,22.18,20683,46614038.00,3.69,0.90,0.20,4.60
2017-10-25,22.60,22.60,22.64,22.26,15233,34244114.00,1.69,0.67,0.15,3.39
2017-10-26,22.58,22.97,23.58,22.45,30336,69496945.00,5.00,1.64,0.37,6.74
2017-10-27,22.75,22.53,22.89,22.50,18830,42734670.00,1.70,-1.92,-0.44,4.18
2017-10-30,22.08,21.12,22.48,20.85,22457,48163325.00,7.23,-6.26,-1.41,4.99
2017-10-31,21.19,21.32,21.46,21.10,11148,23732257.00,1.70,0.95,0.20,2.48
2017-11-01,21.44,21.33,21.85,21.30,14292,30715971.00,2.58,0.05,0.01,3.18
2017-11-02,21.12,21.10,21.40,21.09,13863,29384346.00,1.45,-1.08,-0.23,3.08
2017-11-03,21.12,20.49,21.17,20.23,18228,37642121.00,4.45,-2.89,-0.61,4.05
2017-11-06,20.60,20.75,20.80,20.37,10114,20841588.00,2.10,1.27,0.26,2.25
2017-11-07,20.77,20.63,20.78,20.26,15288,31341847.00,2.51,-0.58,-0.12,3.40
2017-11-08,20.50,20.89,20.89,20.40,19000,39396196.00,2.38,1.26,0.26,4.22
2017-11-09,20.62,21.03,21.14,20.62,19121,40065672.00,2.49,0.67,0.14,4.25
2017-11-10,20.98,20.86,21.03,20.75,13186,27514070.00,1.33,-0.81,-0.17,2.93
2017-11-13,20.82,20.98,21.14,20.61,16505,34491104.00,2.54,0.58,0.12,3.67
2017-11-14,20.81,20.57,21.18,20.52,15411,32087599.00,3.15,-1.95,-0.41,3.42
2017-11-15,20.55,19.92,20.55,19.70,17124,34408972.00,4.13,-3.16,-0.65,3.81
2017-11-16,19.92,19.72,20.16,19.70,10981,21854656.00,2.31,-1.00,-0.20,2.44
2017-11-17,19.72,18.33,19.76,18.17,26792,50288312.00,8.06,-7.05,-1.39,5.95
2017-11-20,18.01,18.28,18.49,17.85,10398,18869518.00,3.49,-0.27,-0.05,2.31
2017-11-21,18.34,17.93,18.50,17.76,12524,22567722.00,4.05,-1.91,-0.35,2.78
2017-11-22,18.12,18.02,18.20,17.79,11260,20239145.00,2.29,0.50,0.09,2.50
2017-11-23,17.85,17.85,18.23,17.85,15478,27977426.00,2.11,-0.94,-0.17,3.44
2017-11-24,17.85,17.97,18.12,17.50,12397,22175330.00,3.47,0.67,0.12,2.75
2017-11-27,18.11,18.32,18.60,17.81,19814,36232765.00,4.40,1.95,0.35,4.40
2017-11-28,18.32,18.85,18.85,18.31,20151,37603824.00,2.95,2.89,0.53,4.48
2017-11-29,18.80,18.58,19.41,18.47,25007,47100966.00,4.99,-1.43,-0.27,5.56
2017-11-30,18.74,18.68,18.82,18.39,17211,32110468.00,2.31,0.54,0.10,3.82
2017-12-01,18.60,18.84,19.15,18.60,12510,23623482.00,2.94,0.86,0.16,2.78
2017-12-04,18.55,18.41,18.76,18.28,12612,23299009.00,2.55,-2.28,-0.43,2.80
2017-12-05,18.30,17.36,18.51,17.00,13912,24888502.00,8.20,-5.70,-1.05,3.09
2017-12-06,18.25,18.00,18.25,17.37,11742,20829664.00,5.07,3.69,0.64,2.61
2017-12-07,17.99,18.50,18.50,17.99,16582,30329005.00,2.83,2.78,0.50,3.68
2017-12-08,19.09,20.35,20.35,18.93,113057,222764860.00,7.68,10.00,1.85,25.12
2017-12-11,19.65,19.95,20.29,19.38,77303,153279343.00,4.47,-1.97,-0.40,17.18
2017-12-12,19.50,19.68,19.75,19.18,51748,101030131.00,2.86,-1.35,-0.27,11.50
2017-12-13,19.48,19.73,19.74,19.30,31439,61444357.00,2.24,0.25,0.05,6.99
2017-12-14,19.80,19.47,19.94,19.20,30390,58988824.00,3.75,-1.32,-0.26,6.75
2017-12-15,19.30,19.16,19.45,18.70,30273,57719907.00,3.85,-1.59,-0.31,6.73
2017-12-18,19.12,20.10,20.30,18.80,46614,90819233.00,7.83,4.91,0.94,10.36
2017-12-19,19.80,19.72,19.98,19.51,35523,70047887.00,2.34,-1.89,-0.38,7.89
2017-12-20,19.52,19.26,19.55,19.00,26120,50133578.00,2.79,-2.33,-0.46,5.80
2017-12-21,19.34,19.41,19.64,19.11,24386,47347431.00,2.75,0.78,0.15,5.42
2017-12-22,19.41,18.70,19.65,18.70,23886,45829206.00,4.89,-3.66,-0.71,5.31
2017-12-25,18.72,17.67,18.78,17.66,29391,52564395.00,5.99,-5.51,-1.03,6.53
2017-12-26,17.16,17.78,17.98,17.15,24293,42759082.00,4.70,0.62,0.11,5.40
2017-12-27,18.10,17.72,18.60,17.70,31624,57502916.00,5.06,-0.34,-0.06,7.03
2017-12-28,17.43,19.49,19.49,17.43,79432,150664657.00,11.63,9.99,1.77,17.65
2017-12-29,19.76,20.26,21.22,19.49,131352,266221424.00,8.88,3.95,0.77,29.19
2018-01-02,19.93,20.10,20.26,19.68,70029,140197458.00,2.86,-0.79,-0.16,15.56
2018-01-03,19.92,19.78,20.00,19.58,54910,108661646.00,2.09,-1.59,-0.32,12.20
2018-01-04,19.51,19.61,19.70,19.25,51857,100698469.00,2.28,-0.86,-0.17,11.52
2018-01-05,19.41,19.30,19.51,19.18,36585,70660958.00,1.68,-1.58,-0.31,8.13
2018-01-08,19.02,18.65,19.10,17.93,55381,101995154.00,6.06,-3.37,-0.65,12.31
2018-01-09,18.47,18.34,18.65,18.22,34681,63769698.00,2.31,-1.66,-0.31,7.71
2018-01-10,17.95,18.42,18.62,17.95,35971,65501687.00,3.65,0.44,0.08,7.99
2018-01-11,18.32,18.78,18.88,18.10,46996,87800230.00,4.23,1.95,0.36,10.44
2018-01-12,18.53,18.56,18.90,18.21,34095,62942192.00,3.67,-1.17,-0.22,4.60
2018-01-15,18.39,17.41,18.59,17.39,33880,60503502.00,6.47,-6.20,-1.15,4.58
2018-01-16,17.20,17.80,17.98,17.20,21479,38042599.00,4.48,2.24,0.39,2.90
2018-01-17,17.58,18.17,18.19,17.40,27020,48330960.00,4.44,2.08,0.37,3.65
2018-01-18,18.35,18.00,18.38,17.85,15777,28424570.00,2.92,-0.94,-0.17,2.13
2018-01-19,18.17,17.57,18.17,17.52,21688,38641307.00,3.61,-2.39,-0.43,2.93
2018-01-22,17.50,18.11,18.12,17.42,19634,35058735.00,3.98,3.07,0.54,2.65
2018-01-23,18.26,18.38,19.16,17.92,37849,69999484.00,6.85,1.49,0.27,5.11
2018-01-24,18.47,18.21,18.50,17.90,22900,41539678.00,3.26,-0.92,-0.17,3.09
2018-01-25,18.04,18.24,19.10,18.04,32599,60700357.00,5.82,0.16,0.03,4.40
2018-01-26,17.99,17.58,17.99,16.50,28224,49632013.00,8.17,-3.62,-0.66,3.81
2018-01-29,17.68,16.94,17.68,16.80,25253,43360930.00,5.01,-3.64,-0.64,3.41
2018-01-30,16.68,16.88,17.10,16.68,8859,14999373.00,2.48,-0.35,-0.06,1.20
2018-01-31,16.90,15.76,16.90,15.75,21461,34767270.00,6.81,-6.64,-1.12,2.90
2018-02-01,15.88,14.61,15.89,14.61,20799,31574079.00,8.12,-7.30,-1.15,2.81
2018-02-02,14.36,14.20,14.47,13.15,16702,23359822.00,9.03,-2.81,-0.41,2.26
2018-02-05,13.80,14.02,14.33,13.51,8876,12495300.00,5.77,-1.27,-0.18,1.20
2018-02-06,14.03,12.90,14.03,12.86,13486,18283669.00,8.35,-7.99,-1.12,1.82
2018-02-07,13.60,14.19,14.19,13.60,37774,53274016.00,4.57,10.00,1.29,5.10
2018-02-08,14.16,14.34,14.90,13.00,43561,60757261.00,13.39,1.06,0.15,5.88
2018-02-09,13.89,13.53,14.05,13.33,22668,31046783.00,5.02,-5.65,-0.81,3.06
2018-02-12,13.57,14.00,14.05,13.57,16116,22441568.00,3.55,3.47,0.47,2.18
2018-02-13,14.11,13.71,14.31,13.70,18602,26019853.00,4.36,-2.07,-0.29,2.51
2018-02-14,13.68,13.87,14.50,13.68,13521,19031676.00,5.98,1.17,0.16,1.83
2018-02-22,13.86,14.25,14.55,13.84,15020,21381679.00,5.12,2.74,0.38,2.03
2018-02-23,14.17,14.50,14.50,14.02,14099,20036104.00,3.37,1.75,0.25,1.90
2018-02-26,14.54,14.93,14.94,14.36,24197,35535466.00,4.00,2.97,0.43,3.27
2018-02-27,14.98,14.74,14.98,14.55,19277,28358575.00,2.88,-1.27,-0.19,2.60
2018-02-28,14.50,14.94,15.19,14.30,24161,35549660.00,6.04,1.36,0.20,3.26
2018-03-01,14.70,14.85,14.92,14.63,15836,23441007.00,1.94,-0.60,-0.09,2.14
2018-03-02,14.85,14.74,15.06,14.70,15473,23034553.00,2.42,-0.74,-0.11,2.09
2018-03-05,14.74,14.79,14.95,14.62,9926,14683525.00,2.24,0.34,0.05,1.34
2018-03-06,14.80,15.41,15.79,14.73,35921,54875812.00,7.17,4.19,0.62,4.85
2018-03-07,15.19,15.07,15.26,14.90,23024,34753117.00,2.34,-2.21,-0.34,3.11
2018-03-08,14.98,15.15,15.33,14.91,16671,25199776.00,2.79,0.53,0.08,2.25
2018-03-09,15.16,15.46,15.55,15.15,25367,38932540.00,2.64,2.05,0.31,3.43
2018-03-12,15.60,16.02,16.06,15.48,33435,53004638.00,3.75,3.62,0.56,4.52
2018-03-13,15.85,15.53,15.93,15.50,24089,37775539.00,2.68,-3.06,-0.49,3.25
2018-03-14,15.46,15.15,15.71,15.11,20037,30867323.00,3.86,-2.45,-0.38,2.71
2018-03-15,15.14,14.91,15.14,14.70,23777,35315674.00,2.90,-1.58,-0.24,3.21
2018-03-16,14.85,15.01,15.33,14.84,12433,18768054.00,3.29,0.67,0.10,1.68
2018-03-19,14.92,15.02,15.17,14.75,11628,17431614.00,2.80,0.07,0.01,1.57
2018-03-20,14.92,15.07,15.14,14.80,10571,15830242.00,2.26,0.33,0.05,1.43
2018-03-21,15.10,15.44,15.65,15.10,27383,42320731.00,3.65,2.46,0.37,3.70
2018-03-22,15.43,15.71,15.73,15.32,21681,33803389.00,2.66,1.75,0.27,2.93
2018-03-23,16.88,17.28,17.28,16.88,140828,242446353.00,2.55,9.99,1.57,19.02
2018-03-26,16.50,16.88,16.99,15.55,109574,175937681.00,8.33,-2.31,-0.40,14.80
2018-03-27,16.58,17.82,18.32,16.25,121599,208081728.00,12.26,5.57,0.94,16.42
2018-03-28,17.12,16.86,17.44,16.86,67918,116528881.00,3.25,-5.39,-0.96,9.17
2018-03-29,16.82,17.21,17.25,16.29,55527,93956163.00,5.69,2.08,0.35,7.50
2018-03-30,16.70,16.80,17.07,16.66,46604,78515778.00,2.38,-2.38,-0.41,6.29
2018-04-02,16.94,16.61,17.09,16.61,32164,54167187.00,2.86,-1.13,-0.19,4.34
2018-04-03,16.20,15.96,16.20,15.70,34349,54697824.00,3.01,-3.91,-0.65,4.64
2018-04-04,15.99,15.78,16.23,15.69,23978,38322262.00,3.38,-1.13,-0.18,3.24
2018-04-09,15.76,15.47,15.76,14.39,25856,39481838.00,8.68,-1.96,-0.31,3.49
2018-04-10,15.47,15.74,15.97,15.44,22168,34924916.00,3.43,1.75,0.27,2.99
2018-04-11,15.82,16.56,16.78,15.82,48572,79205706.00,6.10,5.21,0.82,6.56
2018-04-12,16.30,16.28,16.69,16.10,30393,49648387.00,3.56,-1.69,-0.28,4.10
2018-04-13,16.55,16.62,16.75,16.18,36821,60807837.00,3.50,2.09,0.34,4.97
2018-04-16,16.32,15.70,16.55,15.57,28775,46044321.00,5.90,-5.54,-0.92,3.89
2018-04-17,15.83,15.47,16.38,15.28,22925,36450452.00,7.01,-1.46,-0.23,3.10
2018-04-18,15.44,15.18,15.54,14.60,25353,37976082.00,6.08,-1.87,-0.29,3.42
2018-04-19,15.37,16.37,16.70,15.37,77705,126232614.00,8.76,7.84,1.19,10.49
2018-04-20,15.90,14.88,15.99,14.75,59305,90988004.00,7.57,-9.10,-1.49,8.01
2018-04-23,14.21,14.30,14.64,14.21,21090,30294377.00,2.89,-3.90,-0.58,2.85
2018-04-24,14.15,14.66,14.87,14.06,21679,31443185.00,5.66,2.52,0.36,2.93
2018-04-25,14.68,14.73,14.98,14.50,20103,29615048.00,3.27,0.48,0.07,2.71
2018-04-26,14.80,14.09,14.80,14.08,18815,26847946.00,4.89,-4.34,-0.64,2.54
2018-04-27,14.15,14.11,14.28,14.08,7680,10881035.00,1.42,0.14,0.02,1.04
2018-05-02,14.02,13.70,14.24,13.63,11690,16186564.00,4.32,-2.91,-0.41,1.58
2018-05-03,13.90,14.15,14.20,13.65,13746,19217625.00,4.01,3.28,0.45,1.86
2018-05-04,14.11,14.02,14.30,13.99,8748,12372721.00,2.19,-0.92,-0.13,1.18
2018-05-07,14.06,14.41,14.61,14.00,13874,19910949.00,4.35,2.78,0.39,1.87
2018-05-08,14.41,14.81,14.94,14.28,22886,33491622.00,4.58,2.78,0.40,3.09
2018-05-09,14.77,15.26,15.33,14.58,38066,57389508.00,5.06,3.04,0.45,5.14
2018-05-10,15.20,15.55,15.69,15.13,44654,69014787.00,3.67,1.90,0.29,6.03
2018-05-11,15.38,15.12,15.46,15.05,24406,37140628.00,2.64,-2.77,-0.43,3.30
2018-05-14,15.15,14.83,15.28,14.72,16306,24405240.00,3.70,-1.92,-0.29,2.20
2018-05-15,14.83,15.18,15.18,14.80,13010,19541578.00,2.56,2.36,0.35,1.76
2018-05-16,15.08,14.87,15.18,14.84,11531,17262356.00,2.24,-2.04,-0.31,1.56
2018-05-17,14.99,15.16,15.35,14.85,16672,25212761.00,3.36,1.95,0.29,2.25
2018-05-18,15.45,15.47,15.99,15.18,30669,47564050.00,5.34,2.04,0.31,4.14
2018-05-21,15.28,15.52,15.58,15.20,25318,39060837.00,2.46,0.32,0.05,3.42
2018-05-22,15.44,15.75,15.77,15.35,25783,40347618.00,2.71,1.48,0.23,3.48
2018-05-23,15.75,15.05,15.76,15.00,22623,34753438.00,4.83,-4.44,-0.70,3.06
2018-05-24,15.16,15.34,15.38,15.06,16784,25628521.00,2.13,1.93,0.29,2.27
2018-05-25,15.30,15.67,15.74,15.20,27549,42842279.00,3.52,2.15,0.33,3.72
2018-05-28,15.74,15.03,15.75,15.02,20470,31287157.00,4.66,-4.08,-0.64,2.76
2018-05-29,14.75,14.61,14.77,14.30,18886,27563424.00,3.13,-2.79,-0.42,2.55
2018-05-30,14.30,14.00,14.50,14.00,19335,27511298.00,3.42,-4.18,-0.61,2.61
2018-05-31,14.17,14.34,14.40,14.05,11116,15906844.00,2.50,2.43,0.34,1.50
2018-06-01,14.51,14.23,14.56,14.07,9581,13730059.00,3.42,-0.77,-0.11,1.29
2018-06-04,14.08,14.26,14.45,14.08,7292,10408137.00,2.60,0.21,0.03,0.98
2018-06-05,14.14,14.45,14.49,14.14,10622,15271596.00,2.45,1.33,0.19,1.43
2018-06-06,14.67,14.56,14.90,14.51,12677,18596288.00,2.70,0.76,0.11,1.71
2018-06-07,14.55,14.23,14.76,14.15,11765,16956376.00,4.19,-2.27,-0.33,1.59
2018-06-08,14.19,14.00,14.25,13.83,9918,13959539.00,2.95,-1.62,-0.23,1.34
2018-06-11,14.10,14.09,14.33,14.06,7603,10782384.00,1.93,0.64,0.09,1.03
2018-06-12,14.25,14.10,14.25,13.19,12521,17290663.00,7.52,0.07,0.01,1.69
2018-06-13,14.10,13.59,14.10,13.59,10802,14834177.00,3.62,-3.62,-0.51,1.46
2018-06-14,13.55,13.44,13.84,13.35,6903,9373810.00,3.61,-1.10,-0.15,0.93
2018-06-15,13.44,13.55,14.55,12.40,16444,22120595.00,16.00,0.82,0.11,2.22
2018-06-19,13.46,12.23,13.46,12.20,15823,19994951.00,9.30,-9.74,-1.32,2.14
2018-06-20,12.19,12.18,12.47,11.70,12712,15282277.00,6.30,-0.41,-0.05,1.72
2018-06-21,12.09,11.50,12.30,11.43,9974,11740205.00,7.14,-5.58,-0.68,1.35
2018-06-22,11.07,11.54,11.68,11.07,9287,10632168.00,5.30,0.35,0.04,1.25
2018-06-25,11.58,11.39,11.78,11.30,7080,8182074.00,4.16,-1.30,-0.15,0.96
2018-06-26,11.21,11.45,11.54,11.13,7568,8613106.00,3.60,0.53,0.06,1.02
2018-06-27,11.47,11.47,11.70,11.40,7431,8567409.00,2.62,0.17,0.02,1.00
2018-06-28,11.43,11.31,11.65,11.20,6338,7265547.00,3.92,-1.39,-0.16,0.86
2018-06-29,11.31,11.72,11.83,11.20,10551,12229005.00,5.57,3.63,0.41,1.43
2018-07-02,11.86,11.46,11.86,11.30,10770,12502218.00,4.78,-2.22,-0.26,1.46
2018-07-03,11.50,11.74,11.80,11.35,9370,10870427.00,3.93,2.44,0.28,1.27
2018-07-04,11.75,12.91,12.91,11.34,21197,25819130.00,13.37,9.97,1.17,2.87
2018-07-05,13.51,12.00,13.51,11.67,31923,40514282.00,14.25,-7.05,-0.91,4.32
2018-07-06,11.60,11.87,12.18,11.35,23099,27114873.00,6.92,-1.08,-0.13,3.12
2018-07-09,11.87,12.09,12.10,11.71,14636,17550693.00,3.29,1.85,0.22,1.98
2018-07-10,12.08,12.50,13.08,11.91,23298,28975534.00,9.68,3.39,0.41,3.15
2018-07-11,12.12,12.01,12.26,11.79,15551,18664463.00,3.76,-3.92,-0.49,2.10
2018-07-12,12.01,12.26,12.50,11.80,13735,16809469.00,5.83,2.08,0.25,1.86
2018-07-13,12.44,12.10,12.45,12.01,9634,11661630.00,3.59,-1.31,-0.16,1.30
2018-07-16,11.79,11.94,12.03,11.70,8840,10508926.00,2.73,-1.32,-0.16,1.20
2018-07-17,11.85,12.05,12.11,11.85,7583,9103346.00,2.18,0.92,0.11,1.03
2018-07-18,12.04,11.90,12.09,11.90,7775,9314289.00,1.58,-1.24,-0.15,1.05
2018-07-19,11.93,11.59,11.95,11.54,8469,9907167.00,3.45,-2.61,-0.31,1.15
2018-07-20,11.58,11.70,11.78,11.50,6410,7478268.00,2.42,0.95,0.11,0.87
2018-07-23,11.70,11.92,11.95,11.58,8266,9750937.00,3.16,1.88,0.22,1.12
2018-07-24,11.91,13.11,13.11,11.72,35184,45683633.00,11.66,9.98,1.19,4.76
2018-07-25,13.11,13.21,14.05,12.74,70360,92439898.00,9.99,0.76,0.10,9.51
2018-07-26,12.81,12.80,12.97,12.65,35008,44831802.00,2.42,-3.10,-0.41,4.73
2018-07-27,12.65,12.49,12.75,12.39,21438,26840618.00,2.81,-2.42,-0.31,2.90
2018-07-30,12.41,12.49,12.65,12.38,14647,18311951.00,2.16,0.00,0.00,1.98
2018-07-31,12.40,12.47,12.73,12.32,13602,17068164.00,3.28,-0.16,-0.02,1.84
2018-08-01,12.62,12.00,12.62,11.90,16627,20334268.00,5.77,-3.77,-0.47,2.25
2018-08-02,11.94,11.43,11.97,11.05,17666,20212700.00,7.67,-4.75,-0.57,2.39
2018-08-03,11.43,11.30,11.58,11.22,8517,9722606.00,3.15,-1.14,-0.13,1.15
2018-08-06,11.34,11.21,11.52,11.15,7637,8616528.00,3.27,-0.80,-0.09,1.03
2018-08-07,11.24,11.55,11.60,11.18,11435,13067440.00,3.75,3.03,0.34,1.55
2018-08-08,11.50,11.27,11.68,11.26,11295,12959118.00,3.64,-2.42,-0.28,1.53
2018-08-09,11.27,11.70,12.26,11.27,23086,27101910.00,8.78,3.82,0.43,3.12
2018-08-10,11.55,11.78,11.88,11.50,15166,17699583.00,3.25,0.68,0.08,2.05
2018-08-13,11.40,11.69,11.72,11.26,11686,13477819.00,3.90,-0.76,-0.09,1.58
2018-08-14,11.66,11.72,11.91,11.66,12192,14344840.00,2.14,0.26,0.03,1.65
2018-08-15,11.70,11.34,11.79,11.28,10413,11920312.00,4.35,-3.24,-0.38,1.41
2018-08-16,11.15,10.81,11.15,10.69,16929,18450687.00,4.06,-4.67,-0.53,2.29
2018-08-17,10.88,10.48,10.98,10.44,10343,11046209.00,5.00,-3.05,-0.33,1.40
2018-08-20,10.49,10.61,10.78,10.21,7663,8072046.00,5.44,1.24,0.13,1.04
2018-08-21,10.53,10.72,10.80,10.50,8496,9077272.00,2.83,1.04,0.11,1.15
2018-08-22,10.63,10.26,10.72,10.26,9486,9951973.00,4.29,-4.29,-0.46,1.28
2018-08-23,10.29,10.40,10.50,10.26,7796,8103653.00,2.34,1.36,0.14,1.05
2018-08-24,10.39,10.46,10.65,10.27,7319,7686237.00,3.65,0.58,0.06,0.99
2018-08-27,10.66,10.88,11.18,10.50,16418,17718474.00,6.50,4.02,0.42,2.22
2018-08-28,10.90,10.95,11.12,10.75,16390,17873114.00,3.40,0.64,0.07,2.22
2018-08-29,10.87,10.71,11.29,10.71,11294,12232062.00,5.30,-2.19,-0.24,1.53
2018-08-30,10.75,10.37,10.82,10.30,11069,11652152.00,4.86,-3.17,-0.34,1.50
2018-08-31,10.37,10.32,10.48,10.25,6472,6703984.00,2.22,-0.48,-0.05,0.88
2018-09-03,10.20,10.38,10.45,10.15,6069,6242277.00,2.91,0.58,0.06,0.82
2018-09-04,10.45,10.47,10.58,10.33,5925,6214999.00,2.41,0.87,0.09,0.80
2018-09-05,10.58,10.34,10.58,10.26,6223,6471323.00,3.06,-1.24,-0.13,0.84
2018-09-06,10.39,10.26,10.45,10.21,5531,5718468.00,2.32,-0.77,-0.08,0.75
2018-09-07,10.22,10.28,10.50,10.20,5493,5678201.00,2.92,0.19,0.02,0.74
2018-09-10,10.32,10.05,10.36,9.99,6818,6923353.00,3.60,-2.24,-0.23,0.92
2018-09-11,10.04,10.18,10.27,10.01,6530,6627440.00,2.59,1.29,0.13,0.88
2018-09-12,10.12,10.26,10.28,10.12,4950,5056271.00,1.57,0.79,0.08,0.67
2018-09-13,10.41,10.33,10.48,10.13,5190,5331399.00,3.41,0.68,0.07,0.70
2018-09-14,10.26,10.17,10.40,10.16,6124,6299210.00,2.32,-1.55,-0.16,0.83
2018-09-17,10.05,9.90,10.16,9.86,6811,6792360.00,2.95,-2.65,-0.27,0.92
2018-09-18,9.94,10.17,10.17,9.85,6243,6238984.00,3.23,2.73,0.27,0.84
2018-09-19,10.10,10.21,10.37,10.05,10276,10534442.00,3.15,0.39,0.04,1.39
2018-09-20,10.21,10.20,10.45,10.12,7960,8191751.00,3.23,-0.10,-0.01,1.08
2018-09-21,10.16,10.38,10.45,10.16,10485,10827329.00,2.84,1.76,0.18,1.42
2018-09-25,10.37,10.28,10.39,10.10,9039,9270233.00,2.79,-0.96,-0.10,1.22
2018-09-26,10.45,10.27,10.45,10.21,9062,9338456.00,2.33,-0.10,-0.01,1.23
2018-09-27,10.27,10.00,10.34,10.00,12159,12381281.00,3.31,-2.63,-0.27,1.64
2018-09-28,10.02,10.06,10.17,9.98,8801,8864325.00,1.90,0.60,0.06,1.19
2018-10-08,9.82,9.66,10.08,9.66,8992,8891614.00,4.17,-3.98,-0.40,1.22
2018-10-09,9.71,9.81,9.88,9.65,5575,5441440.00,2.38,1.55,0.15,0.75
2018-10-10,9.76,10.05,10.10,9.75,8890,8826669.00,3.57,2.45,0.24,1.20
2018-10-11,9.75,9.35,9.84,9.20,17025,16231168.00,6.37,-6.97,-0.70,2.30
2018-10-12,9.32,9.01,9.35,8.62,8129,7364164.00,7.81,-3.64,-0.34,1.10
2018-10-15,9.09,9.00,9.32,8.96,6279,5709048.00,4.00,-0.11,-0.01,0.85
2018-10-16,8.20,8.91,9.21,8.20,6523,5783364.00,11.22,-1.00,-0.09,0.88
2018-10-17,9.03,8.89,9.19,8.74,6466,5756488.00,5.05,-0.22,-0.02,0.87
2018-10-18,9.72,9.01,9.77,8.99,44559,41695495.00,8.77,1.35,0.12,6.03
2018-10-19,8.15,8.63,8.75,8.15,25727,21770448.00,6.66,-4.22,-0.38,3.48
2018-10-22,8.67,8.92,9.06,8.65,18470,16403899.00,4.75,3.36,0.29,2.50
2018-10-23,8.91,8.75,9.06,8.70,16761,14954075.00,4.04,-1.91,-0.17,2.27
2018-10-24,8.75,9.18,9.19,8.72,13913,12405633.00,5.37,4.91,0.43,1.88
2018-10-25,8.90,8.94,9.00,8.60,12895,11433109.00,4.36,-2.61,-0.24,1.74
2018-10-26,8.94,8.99,9.20,8.92,13673,12376290.00,3.13,0.56,0.05,1.85
2018-10-29,8.90,8.74,8.90,8.61,11737,10242990.00,3.23,-2.78,-0.25,1.59
2018-10-30,8.68,8.76,8.83,8.46,9752,8454889.00,4.23,0.23,0.02,1.32
2018-10-31,8.80,8.98,9.17,8.80,17132,15391098.00,4.22,2.51,0.22,2.32
2018-11-01,8.87,9.10,9.25,8.87,23217,21170600.00,4.23,1.34,0.12,3.14
2018-11-02,9.15,9.59,10.01,9.15,47294,45772418.00,9.45,5.38,0.49,6.40
2018-11-05,9.39,9.89,10.40,9.30,48614,47374529.00,11.47,3.13,0.30,6.57
2018-11-06,10.69,9.60,10.69,9.46,33141,32300762.00,12.44,-2.93,-0.29,4.48
2018-11-07,9.44,9.63,9.96,9.44,26607,25728438.00,5.42,0.31,0.03,3.60
2018-11-08,9.63,9.48,9.73,9.47,17148,16362158.00,2.70,-1.56,-0.15,2.32
2018-11-09,9.42,9.34,9.57,9.34,8751,8254213.00,2.43,-1.48,-0.14,1.18
2018-11-12,9.33,9.52,9.57,9.33,12558,11894964.00,2.57,1.93,0.18,1.70
2018-11-13,9.40,9.67,9.79,9.40,28078,27074554.00,4.10,1.58,0.15,3.80
2018-11-14,9.56,9.71,9.88,9.56,20648,20075166.00,3.31,0.41,0.04,2.79
2018-11-15,9.66,9.96,9.96,9.66,26266,25771974.00,3.09,2.57,0.25,3.55
2018-11-16,9.95,9.98,10.18,9.85,20511,20431070.00,3.31,0.20,0.02,2.77
2018-11-19,9.98,10.10,10.10,9.85,14745,14716361.00,2.51,1.20,0.12,1.99
2018-11-20,10.02,9.69,10.12,9.62,19102,18939471.00,4.95,-4.06,-0.41,2.58
2018-11-21,9.68,10.02,10.03,9.53,15898,15721561.00,5.16,3.41,0.33,2.15
2018-11-22,10.02,10.04,10.10,9.89,16559,16531356.00,2.10,0.20,0.02,2.24
2018-11-23,10.02,9.67,10.02,9.60,17430,17017786.00,4.18,-3.69,-0.37,2.36
2018-11-26,9.90,9.60,9.90,9.52,7433,7196581.00,3.93,-0.72,-0.07,1.01
2018-11-27,9.70,10.07,10.16,9.62,19236,19105994.00,5.63,4.90,0.47,2.60
2018-11-28,10.07,9.98,10.07,9.75,11457,11352698.00,3.18,-0.89,-0.09,1.55
2018-11-29,9.99,9.85,10.10,9.78,14241,14129771.00,3.21,-1.30,-0.13,1.93
2018-11-30,9.60,10.12,10.15,9.58,19058,18948272.00,5.79,2.74,0.27,2.58
2018-12-03,10.23,10.30,10.65,10.21,36299,37783714.00,4.35,1.78,0.18,4.91
2018-12-04,10.35,10.23,10.35,10.05,12074,12281215.00,2.91,-0.68,-0.07,1.63
2018-12-05,9.95,10.44,10.64,9.90,29379,30401382.00,7.23,2.05,0.21,3.97
2018-12-06,10.10,10.07,10.30,10.06,15517,15749928.00,2.30,-3.54,-0.37,2.10
2018-12-07,10.04,10.04,10.19,9.98,6502,6547458.00,2.09,-0.30,-0.03,0.88
2018-12-10,10.04,9.93,10.16,9.80,7100,7072625.00,3.59,-1.10,-0.11,0.96
2018-12-11,9.81,9.92,10.03,9.81,5537,5492802.00,2.22,-0.10,-0.01,0.75
2018-12-12,9.92,9.99,10.01,9.88,3938,3917036.00,1.31,0.71,0.07,0.53
2018-12-13,10.13,10.04,10.18,9.97,7847,7903321.00,2.10,0.50,0.05,1.06
2018-12-14,9.88,9.66,10.09,9.64,7237,7125255.00,4.48,-3.78,-0.38,0.98
2018-12-17,9.64,9.76,9.79,9.64,3635,3535420.00,1.55,1.04,0.10,0.49
2018-12-18,9.76,9.83,9.95,9.57,4843,4728385.00,3.89,0.72,0.07,0.65
2018-12-19,9.83,9.67,9.84,9.65,3479,3390087.00,1.93,-1.63,-0.16,0.47
2018-12-20,9.67,9.74,10.05,9.67,4475,4379897.00,3.93,0.72,0.07,0.61
2018-12-21,9.81,9.56,9.88,9.52,5649,5487656.00,3.70,-1.85,-0.18,0.76
2018-12-24,9.71,9.70,9.74,9.56,5599,5404539.00,1.88,1.46,0.14,0.76
2018-12-25,10.67,10.67,10.67,10.67,48417,51661248.00,0.00,10.00,0.97,6.55
2018-12-26,11.01,10.32,11.49,10.32,108458,119534053.00,10.97,-3.28,-0.35,14.67
2018-12-27,10.07,9.81,10.30,9.77,64521,64776668.00,5.14,-4.94,-0.51,8.72
2018-12-28,9.81,9.13,9.85,9.13,39811,37522172.00,7.34,-6.93,-0.68,5.38
2019-01-02,9.12,9.20,9.28,8.88,21201,19302773.00,4.38,0.77,0.07,2.81
2019-01-03,9.14,8.80,9.20,8.80,20588,18586572.00,4.35,-4.35,-0.40,2.73
2019-01-04,8.68,9.01,9.07,8.63,21653,19259368.00,5.00,2.39,0.21,2.87
2019-01-07,9.03,9.24,9.38,8.99,23724,21816472.00,4.33,2.55,0.23,3.15
2019-01-08,9.25,9.13,9.26,9.10,16641,15277142.00,1.73,-1.19,-0.11,2.21
2019-01-09,9.22,9.18,9.32,9.15,18459,17053618.00,1.86,0.55,0.05,2.45
2019-01-10,9.21,9.10,9.21,9.10,12720,11635176.00,1.20,-0.87,-0.08,1.69
2019-01-11,9.12,9.24,9.24,9.08,12773,11687451.00,1.76,1.54,0.14,1.69
2019-01-14,9.24,9.18,9.39,9.13,16444,15202547.00,2.81,-0.65,-0.06,2.18
2019-01-15,9.14,9.32,9.35,9.12,13401,12370614.00,2.51,1.53,0.14,1.78
2019-01-16,9.29,9.27,9.31,9.19,10779,9972607.00,1.29,-0.54,-0.05,1.43
2019-01-17,9.28,9.14,9.28,9.13,10207,9399463.00,1.62,-1.40,-0.13,1.35
2019-01-18,9.08,9.32,9.40,9.05,20257,18826158.00,3.83,1.97,0.18,2.69
2019-01-21,9.25,9.40,9.40,9.25,16954,15842745.00,1.61,0.86,0.08,2.25
2019-01-22,9.36,9.19,9.41,9.14,13855,12796767.00,2.87,-2.23,-0.21,1.84
2019-01-23,9.14,9.23,9.25,9.13,7102,6534091.00,1.31,0.44,0.04,0.94
2019-01-24,9.18,9.17,9.27,9.14,8327,7660585.00,1.41,-0.65,-0.06,1.10
2019-01-25,9.20,9.07,9.29,9.05,10779,9893749.00,2.62,-1.09,-0.10,1.43
2019-01-28,9.09,9.02,9.21,8.93,9268,8400941.00,3.09,-0.55,-0.05,1.23
2019-01-29,9.00,8.63,9.00,8.40,11346,9869972.00,6.65,-4.32,-0.39,1.50
2019-01-30,8.37,8.53,8.72,8.37,8806,7599881.00,4.06,-1.16,-0.10,1.17
2019-01-31,8.42,8.23,8.68,8.17,12126,10212887.00,5.98,-3.52,-0.30,1.61
2019-02-01,8.39,8.61,8.73,8.20,11511,9828731.00,6.44,4.62,0.38,1.53
2019-02-11,8.96,8.82,8.96,8.52,8632,7556854.00,5.11,2.44,0.21,1.14
2019-02-12,8.80,8.99,9.00,8.78,10811,9660352.00,2.49,1.93,0.17,1.43
2019-02-13,9.00,9.18,9.25,8.80,13311,12148295.00,5.01,2.11,0.19,1.76
2019-02-14,9.26,9.20,9.29,9.08,11860,10861422.00,2.29,0.22,0.02,1.57
2019-02-15,9.19,9.14,9.20,9.08,10927,9995758.00,1.30,-0.65,-0.06,1.45
2019-02-18,9.22,9.39,9.39,9.20,14791,13785811.00,2.08,2.74,0.25,1.96
2019-02-19,9.46,9.44,9.68,9.23,20937,19770686.00,4.79,0.53,0.05,2.78
2019-02-20,9.40,9.46,9.60,9.29,18602,17535343.00,3.28,0.21,0.02,2.47
2019-02-21,9.37,9.30,9.53,9.22,20691,19556053.00,3.28,-1.69,-0.16,2.74
2019-02-22,9.30,9.60,9.65,9.30,19658,18672427.00,3.76,3.23,0.30,2.61
2019-02-25,9.66,10.10,10.25,9.61,35589,35464219.00,6.67,5.21,0.50,4.72
2019-02-26,10.07,10.05,10.65,10.01,30778,31697777.00,6.34,-0.50,-0.05,4.08
2019-02-27,10.35,10.20,10.69,10.11,41566,43128230.00,5.77,1.49,0.15,5.51
2019-02-28,10.05,10.16,10.32,10.04,23992,24375544.00,2.75,-0.39,-0.04,3.18
2019-03-01,10.19,10.25,10.30,10.12,15558,15900160.00,1.77,0.89,0.09,2.06
2019-03-04,10.24,10.45,10.78,10.24,23927,25103881.00,5.27,1.95,0.20,3.17
2019-03-05,10.45,10.54,10.57,10.33,22572,23514992.00,2.30,0.86,0.09,2.99
2019-03-06,10.54,10.98,11.28,10.45,43104,46768564.00,7.87,4.17,0.44,5.71
2019-03-07,11.02,11.20,11.55,10.83,32544,36461964.00,6.56,2.00,0.22,4.31
2019-03-08,11.02,10.69,11.19,10.32,34842,37720670.00,7.77,-4.55,-0.51,4.62
2019-03-11,10.65,10.95,11.01,10.65,26215,28434289.00,3.37,2.43,0.26,3.48
2019-03-12,10.95,11.03,11.18,10.90,29596,32611151.00,2.56,0.73,0.08,3.92
2019-03-13,11.01,10.87,11.10,10.82,23024,25308935.00,2.54,-1.45,-0.16,3.05
2019-03-14,11.13,10.63,11.40,10.56,32115,35320294.00,7.73,-2.21,-0.24,4.26
2019-03-15,10.85,10.87,10.94,10.70,17668,19120090.00,2.26,2.26,0.24,2.34
2019-03-18,11.33,11.96,11.96,11.33,53186,62856494.00,5.80,10.03,1.09,7.05
2019-03-19,12.32,11.76,12.56,11.60,95471,115366305.00,8.03,-1.67,-0.20,12.66
2019-03-20,12.00,11.76,12.00,11.20,57810,66538481.00,6.80,0.00,0.00,7.66
2019-03-21,11.58,12.94,12.94,11.42,84445,104413873.00,12.93,10.03,1.18,11.20
2019-03-22,13.05,14.23,14.23,13.05,93537,128895098.00,9.12,9.97,1.29,12.40
2019-03-25,14.20,15.65,15.65,13.60,153315,231021209.00,14.41,9.98,1.42,20.33
2019-03-26,15.64,15.40,16.00,14.30,108699,164435448.00,10.86,-1.60,-0.25,14.41
2019-03-27,15.37,16.94,16.94,14.70,115633,184705107.00,14.55,10.00,1.54,15.33
2019-03-28,16.95,18.63,18.63,16.27,126214,224126102.00,13.93,9.98,1.69,16.73
2019-03-29,18.30,16.77,19.89,16.77,207491,361795840.00,16.75,-9.98,-1.86,27.51
2019-04-01,15.15,16.11,16.69,15.14,172883,277071296.00,9.24,-3.94,-0.66,22.92
2019-04-02,15.65,16.34,16.50,15.57,131984,211413584.00,5.77,1.43,0.23,17.50
2019-04-03,15.99,15.46,15.99,15.40,98575,153832727.00,3.61,-5.39,-0.88,13.07
2019-04-04,15.38,15.17,15.67,14.84,86871,132097763.00,5.37,-1.88,-0.29,11.52
2019-04-08,15.30,15.02,15.37,14.85,53874,81137751.00,3.43,-0.99,-0.15,7.14
2019-04-09,15.02,15.14,15.24,14.89,48442,73027931.00,2.33,0.80,0.12,6.42
2019-04-10,15.05,14.69,15.05,14.60,46179,68170360.00,2.97,-2.97,-0.45,6.12
2019-04-11,14.82,14.41,14.91,14.40,38748,56723309.00,3.47,-1.91,-0.28,5.14
2019-04-12,14.41,14.55,14.56,14.35,27336,39459405.00,1.46,0.97,0.14,3.62
2019-04-15,14.68,14.38,14.78,14.38,26675,39006223.00,2.75,-1.17,-0.17,3.54
2019-04-16,14.36,14.64,14.66,14.10,31734,46008650.00,3.89,1.81,0.26,4.21
2019-04-17,14.62,14.67,14.77,14.52,40554,59424189.00,1.71,0.20,0.03,5.38
2019-04-18,14.58,14.40,14.65,14.35,29585,42811625.00,2.04,-1.84,-0.27,3.92
2019-04-19,14.27,14.26,14.49,14.06,26449,37615144.00,2.99,-0.97,-0.14,3.51
2019-04-22,14.36,13.95,14.39,13.88,27700,39034391.00,3.58,-2.17,-0.31,3.67
2019-04-23,13.94,13.66,14.04,13.30,36836,50155940.00,5.30,-2.08,-0.29,4.88
2019-04-24,13.70,13.91,13.99,13.62,28664,39564867.00,2.71,1.83,0.25,3.80
2019-04-25,14.22,13.32,14.25,13.31,29551,40907294.00,6.76,-4.24,-0.59,3.92
2019-04-26,13.32,12.91,13.62,12.87,26424,34612151.00,5.63,-3.08,-0.41,3.50
2019-04-29,13.06,12.24,13.25,11.76,31441,39381382.00,11.54,-5.19,-0.67,4.17
2019-04-30,12.29,12.51,12.60,12.12,25728,31987798.00,3.92,2.21,0.27,3.41
2019-05-06,12.26,11.26,12.39,11.26,26497,31022750.00,9.03,-9.99,-1.25,3.51
2019-05-07,11.25,11.22,11.51,10.75,31883,35724569.00,6.75,-0.36,-0.04,4.23
2019-05-08,11.02,11.46,11.65,11.02,29052,33195468.00,5.61,2.14,0.24,3.85
2019-05-09,11.57,11.48,11.85,11.31,24752,28717784.00,4.71,0.17,0.02,3.28
2019-05-10,11.45,11.80,11.84,11.22,31834,37188768.00,5.40,2.79,0.32,4.22
2019-05-13,11.85,11.82,12.18,11.48,25375,30034941.00,5.93,0.17,0.02,3.36
2019-05-14,11.82,11.56,11.95,11.50,22044,25861937.00,3.81,-2.20,-0.26,2.92
2019-05-15,11.82,11.88,11.93,11.70,25230,29849631.00,1.99,2.77,0.32,3.34
2019-05-16,12.08,12.11,12.57,11.89,47935,58955555.00,5.72,1.94,0.23,6.35
2019-05-17,12.10,11.23,12.11,11.05,39349,45553738.00,8.75,-7.27,-0.88,5.22
2019-05-20,11.26,11.07,11.39,10.69,21847,24081786.00,6.23,-1.42,-0.16,2.90
2019-05-21,11.18,11.59,11.68,10.90,31720,36171822.00,7.05,4.70,0.52,4.21
2019-05-22,11.72,11.31,11.78,11.21,22344,25591127.00,4.92,-2.42,-0.28,2.96
2019-05-23,11.45,11.00,11.46,10.91,19928,22317180.00,4.86,-2.74,-0.31,2.64
2019-05-24,11.21,11.01,11.35,11.00,17710,19692273.00,3.18,0.09,0.01,2.35
2019-05-27,11.09,11.39,11.45,10.92,22130,24814288.00,4.81,3.45,0.38,2.93
2019-05-28,11.49,11.24,11.49,11.18,17785,20158382.00,2.72,-1.32,-0.15,2.32
2019-05-29,11.41,11.34,11.50,11.31,20287,23148162.00,1.69,0.89,0.10,2.64
2019-05-30,11.36,11.59,11.60,11.15,32737,37421881.00,3.97,2.20,0.25,4.27
2019-05-31,11.78,11.70,12.40,11.40,55428,65784557.00,8.63,0.95,0.11,7.22
2019-06-03,11.62,11.02,11.88,11.01,43131,48982274.00,7.44,-5.81,-0.68,5.62
2019-06-04,11.05,10.31,11.07,10.12,37092,39226792.00,8.62,-6.44,-0.71,4.83
2019-06-05,10.45,10.92,11.09,10.45,44646,48167591.00,6.21,5.92,0.61,5.82
2019-06-06,10.86,10.94,11.59,10.70,37903,42151707.00,8.15,0.18,0.02,4.94
2019-06-10,11.16,10.75,11.24,10.48,28620,30818313.00,6.95,-1.74,-0.19,3.73
2019-06-11,10.75,11.29,11.29,10.60,35024,38507847.00,6.42,5.02,0.54,4.57
2019-06-12,11.43,11.87,12.42,11.13,82655,97987323.00,11.43,5.14,0.58,10.77
2019-06-13,11.63,11.55,11.75,11.29,53183,61104555.00,3.88,-2.70,-0.32,6.93
2019-06-14,11.48,11.20,11.58,11.06,35980,40635197.00,4.50,-3.03,-0.35,4.69
2019-06-17,11.22,11.25,11.43,11.11,21125,23811725.00,2.86,0.45,0.05,2.75
2019-06-18,11.23,10.97,11.26,10.78,24501,26793544.00,4.27,-2.49,-0.28,3.19
2019-06-19,11.12,10.97,11.18,10.94,19640,21750741.00,2.19,0.00,0.00,2.56
2019-06-20,10.91,12.07,12.07,10.78,46858,53789882.00,11.76,10.03,1.10,6.11
2019-06-21,12.09,11.85,12.53,11.78,80633,97135227.00,6.21,-1.82,-0.22,10.51
2019-06-24,11.93,11.70,11.93,11.64,33918,39931471.00,2.45,-1.27,-0.15,4.42
2019-06-25,11.69,12.11,12.35,11.67,62094,74582876.00,5.81,3.50,0.41,8.09
2019-06-26,11.94,11.75,11.97,11.70,28919,34120467.00,2.23,-2.97,-0.36,3.77
2019-06-27,11.74,11.82,11.84,11.63,22538,26469979.00,1.79,0.60,0.07,2.94
2019-06-28,11.85,11.55,11.86,11.00,21873,25189979.00,7.28,-2.28,-0.27,2.85
2019-07-01,11.61,11.78,11.82,11.61,22032,25918442.00,1.82,1.99,0.23,2.87
2019-07-02,11.72,11.81,11.85,11.66,18383,21632151.00,1.61,0.25,0.03,2.40
2019-07-03,11.80,11.59,11.81,11.47,15616,18069384.00,2.88,-1.86,-0.22,2.04
2019-07-04,11.63,11.45,11.63,11.35,11568,13277951.00,2.42,-1.21,-0.14,1.51
2019-07-05,11.49,11.44,11.51,11.32,8666,9896090.00,1.66,-0.09,-0.01,1.13
2019-07-08,11.44,10.73,11.47,10.63,20749,22668262.00,7.34,-6.21,-0.71,2.70
2019-07-09,10.73,10.82,10.84,10.63,9714,10436930.00,1.96,0.84,0.09,1.27
2019-07-10,10.77,10.68,10.94,10.67,8060,8712261.00,2.50,-1.29,-0.14,1.05
2019-07-11,10.72,11.10,11.50,10.72,35730,40118273.00,7.30,3.93,0.42,4.66
2019-07-12,11.10,10.80,11.13,10.60,21600,23398173.00,4.77,-2.70,-0.30,2.82
2019-07-15,10.74,10.85,10.89,10.51,19451,20810433.00,3.52,0.46,0.05,2.54
2019-07-16,10.80,10.84,10.94,10.75,9322,10123727.00,1.75,-0.09,-0.01,1.22
2019-07-17,10.78,10.93,11.06,10.78,11947,13098316.00,2.58,0.83,0.09,1.56
2019-07-18,10.90,10.69,10.93,10.68,9669,10404420.00,2.29,-2.20,-0.24,1.26
2019-07-19,10.70,10.76,10.90,10.64,7919,8556452.00,2.43,0.65,0.07,1.03
2019-07-22,10.66,10.33,10.77,10.25,12644,13178641.00,4.83,-4.00,-0.43,1.65
2019-07-23,10.25,10.45,10.55,10.25,8524,8871886.00,2.90,1.16,0.12,1.11
2019-07-24,10.45,10.53,10.61,10.35,10504,11086366.00,2.49,0.77,0.08,1.37
2019-07-25,10.64,10.61,10.72,10.55,8820,9383425.00,1.61,0.76,0.08,1.15
2019-07-26,10.61,10.64,10.75,10.52,6729,7155597.00,2.17,0.28,0.03,0.88
2019-07-29,10.60,10.45,10.60,10.43,7183,7546855.00,1.60,-1.79,-0.19,0.94
2019-07-30,10.45,10.55,10.65,10.44,8877,9391836.00,2.01,0.96,0.10,1.16
2019-07-31,10.51,10.47,10.61,10.42,8463,8881707.00,1.80,-0.76,-0.08,1.10
2019-08-01,10.47,10.35,10.52,10.31,7792,8094051.00,2.01,-1.15,-0.12,1.02
2019-08-02,10.19,10.33,10.40,10.01,16571,16902659.00,3.77,-0.19,-0.02,2.16
2019-08-05,10.27,10.22,10.46,10.21,13489,13967379.00,2.42,-1.06,-0.11,1.76
2019-08-06,10.04,9.98,10.39,9.79,20658,20880577.00,5.87,-2.35,-0.24,2.69
2019-08-07,10.25,10.14,10.36,10.06,17585,17906753.00,3.01,1.60,0.16,2.29
2019-08-08,10.26,10.03,10.30,10.00,13881,14078937.00,2.96,-1.08,-0.11,1.81
2019-08-09,10.00,10.02,10.29,10.00,12834,13042629.00,2.89,-0.10,-0.01,1.67
2019-08-12,10.18,10.07,10.18,9.83,11899,11804453.00,3.49,0.50,0.05,1.55
2019-08-13,10.03,9.86,10.03,9.75,13782,13588176.00,2.78,-2.09,-0.21,1.80
2019-08-14,9.97,10.04,10.29,9.90,20328,20388030.00,3.96,1.83,0.18,2.65
2019-08-15,9.80,10.16,10.16,9.66,20334,20035576.00,4.98,1.20,0.12,2.65
2019-08-16,10.18,10.50,10.75,10.10,39077,40640143.00,6.40,3.35,0.34,5.09
2019-08-19,10.00,10.57,10.58,9.98,35836,37192755.00,5.71,0.67,0.07,4.67
2019-08-20,10.47,11.18,11.63,10.43,69417,77113366.00,11.35,5.77,0.61,9.05
2019-08-21,10.97,10.88,11.05,10.70,40866,44371996.00,3.13,-2.68,-0.30,5.33
2019-08-22,10.50,11.02,11.06,10.50,31109,33935160.00,5.15,1.29,0.14,4.05
2019-08-23,11.00,10.86,11.00,10.71,22544,24430209.00,2.63,-1.45,-0.16,2.94
2019-08-26,10.69,10.64,10.83,10.58,15246,16312907.00,2.30,-2.03,-0.22,1.99
2019-08-27,10.67,10.79,10.84,10.65,18112,19457192.00,1.79,1.41,0.15,2.36
2019-08-28,10.78,10.73,10.88,10.73,13933,15033323.00,1.39,-0.56,-0.06,1.82
2019-08-29,10.91,10.66,10.91,10.65,10186,10936358.00,2.42,-0.65,-0.07,1.33
2019-08-30,10.74,10.45,10.74,10.39,13878,14654368.00,3.28,-1.97,-0.21,1.81
2019-09-02,10.60,10.70,10.73,10.46,14475,15363462.00,2.58,2.39,0.25,1.89
2019-09-03,10.84,10.91,11.03,10.77,22280,24254391.00,2.43,1.96,0.21,2.90
2019-09-04,11.10,10.89,11.10,10.80,17555,19140862.00,2.75,-0.18,-0.02,2.29
2019-09-05,10.91,10.97,11.08,10.90,25875,28459619.00,1.65,0.73,0.08,3.33
2019-09-06,11.00,10.99,11.06,10.89,16149,17709866.00,1.55,0.18,0.02,2.08
2019-09-09,11.10,11.21,11.30,10.95,29327,32656205.00,3.18,2.00,0.22,3.77
2019-09-10,11.30,11.28,11.39,11.12,24014,26991145.00,2.41,0.62,0.07,3.09
2019-09-11,11.30,11.29,11.50,11.23,24019,27226970.00,2.39,0.09,0.01,3.09
2019-09-12,11.31,11.35,11.46,11.26,17558,19954049.00,1.77,0.53,0.06,2.26
2019-09-16,11.38,11.47,11.58,11.30,19501,22308971.00,2.47,1.06,0.12,2.51
2019-09-17,11.47,11.03,11.54,11.00,22728,25422939.00,4.71,-3.84,-0.44,2.92
2019-09-18,11.03,11.02,11.17,10.96,11778,13048184.00,1.90,-0.09,-0.01,1.51
2019-09-19,11.03,11.37,11.44,11.03,24370,27538705.00,3.72,3.18,0.35,3.13
2019-09-20,11.38,11.81,12.28,11.37,57742,68018296.00,8.00,3.87,0.44,7.42
2019-09-23,11.80,11.85,12.18,11.51,50615,59580826.00,5.67,0.34,0.04,6.51
2019-09-24,12.00,11.77,12.00,11.56,40119,47074498.00,3.71,-0.68,-0.08,5.16
2019-09-25,11.69,11.26,11.69,11.25,30954,35339472.00,3.74,-4.33,-0.51,3.98
2019-09-26,11.39,10.59,11.39,10.55,31808,34489451.00,7.46,-5.95,-0.67,4.09
2019-09-27,10.51,10.80,10.82,10.23,15273,16360408.00,5.57,1.98,0.21,1.96
2019-09-30,10.82,11.03,11.26,10.81,20978,23238083.00,4.17,2.13,0.23,2.70
2019-10-08,11.00,10.96,11.19,10.93,12221,13470676.00,2.36,-0.63,-0.07,1.57
2019-10-09,10.98,11.63,11.68,10.86,30374,34543782.00,7.48,6.11,0.67,3.90
2019-10-10,11.84,11.60,11.85,11.41,33398,38529031.00,3.78,-0.26,-0.03,4.29
2019-10-11,11.70,11.99,12.47,11.31,71392,85035154.00,10.00,3.36,0.39,9.18
2019-10-14,12.96,13.19,13.19,12.12,146738,190373629.00,8.92,10.01,1.20,18.86
2019-10-15,14.13,12.41,14.13,12.41,148378,195653671.00,13.04,-5.91,-0.78,19.08
2019-10-16,12.03,11.70,12.29,11.60,79492,93936076.00,5.56,-5.72,-0.71,10.22
2019-10-17,11.63,11.18,11.69,11.18,46997,53277964.00,4.36,-4.44,-0.52,6.04
2019-10-18,11.19,10.94,11.29,10.91,27586,30587959.00,3.40,-2.15,-0.24,3.55
2019-10-21,10.74,10.99,11.07,10.65,19122,20748986.00,3.84,0.46,0.05,2.46
2019-10-22,10.91,11.10,11.12,10.91,17650,19472425.00,1.91,1.00,0.11,2.27
2019-10-23,11.06,10.78,11.17,10.73,21193,23181282.00,3.96,-2.88,-0.32,2.72
2019-10-24,10.78,10.72,10.85,10.63,19885,21353044.00,2.04,-0.56,-0.06,2.56
2019-10-25,10.78,10.80,10.83,10.55,19214,20532341.00,2.61,0.75,0.08,2.47
2019-10-28,10.70,11.01,11.04,10.68,20646,22501852.00,3.33,1.94,0.21,2.65
2019-10-29,11.00,10.77,11.00,10.75,14573,15809069.00,2.27,-2.18,-0.24,1.87
2019-10-30,10.79,10.54,10.79,10.51,13861,14692701.00,2.60,-2.14,-0.23,1.78
2019-10-31,10.60,10.30,10.68,10.27,16569,17325260.00,3.89,-2.28,-0.24,2.13
2019-11-01,10.38,10.41,10.47,10.22,13379,13869354.00,2.43,1.07,0.11,1.72
2019-11-04,10.44,10.36,10.59,10.33,12035,12617604.00,2.50,-0.48,-0.05,1.55
2019-11-05,10.44,10.45,10.57,10.38,12988,13584706.00,1.83,0.87,0.09,1.67
2019-11-06,10.40,10.33,10.54,10.22,10103,10473517.00,3.06,-1.15,-0.12,1.30
2019-11-07,10.23,10.34,10.44,10.23,9759,10078440.00,2.03,0.10,0.01,1.25
2019-11-08,10.34,10.30,10.43,10.28,7408,7668870.00,1.45,-0.39,-0.04,0.95
2019-11-11,10.26,9.92,10.29,9.90,13854,13870379.00,3.79,-3.69,-0.38,1.78
2019-11-12,10.06,10.22,10.26,9.97,13467,13606791.00,2.92,3.02,0.30,1.73
2019-11-13,10.36,10.16,10.37,10.07,7789,7940146.00,2.94,-0.59,-0.06,1.00
2019-11-14,10.35,10.14,10.35,10.10,8850,9000318.00,2.46,-0.20,-0.02,1.14
2019-11-15,10.22,9.99,10.27,9.99,9484,9604192.00,2.76,-1.48,-0.15,1.22
2019-11-18,9.90,10.03,10.09,9.90,6141,6160089.00,1.90,0.40,0.04,0.79
2019-11-19,10.00,10.28,10.30,10.00,10685,10888287.00,2.99,2.49,0.25,1.37
2019-11-20,10.29,10.23,10.31,10.17,6610,6755778.00,1.36,-0.49,-0.05,0.85
2019-11-21,10.23,10.09,10.23,10.02,9140,9220105.00,2.05,-1.37,-0.14,1.18
2019-11-22,10.13,10.07,10.19,10.02,12289,12409171.00,1.68,-0.20,-0.02,1.58
2019-11-25,10.06,10.19,10.25,9.99,10432,10598673.00,2.58,1.19,0.12,1.34
2019-11-26,10.18,10.04,10.18,10.01,7516,7571800.00,1.67,-1.47,-0.15,0.97
2019-11-27,10.02,10.01,10.15,9.95,6067,6090068.00,1.99,-0.30,-0.03,0.78
2019-11-28,9.91,9.95,10.06,9.91,5067,5056736.00,1.50,-0.60,-0.06,0.65
2019-11-29,9.90,9.89,10.00,9.82,6505,6429075.00,1.81,-0.60,-0.06,0.84
2019-12-02,9.90,9.87,9.97,9.83,4745,4697425.00,1.42,-0.20,-0.02,0.61
2019-12-03,9.86,10.02,10.02,9.86,5594,5558377.00,1.62,1.52,0.15,0.72
2019-12-04,9.90,10.09,10.10,9.90,7034,7063635.00,2.00,0.70,0.07,0.90
2019-12-05,10.05,10.20,10.21,10.05,9646,9800698.00,1.59,1.09,0.11,1.24
2019-12-06,10.20,10.20,10.24,10.02,8350,8481996.00,2.16,0.00,0.00,1.07
2019-12-09,10.20,10.45,10.70,10.20,27822,29261356.00,4.90,2.45,0.25,3.58
2019-12-10,10.32,10.58,10.62,10.20,19129,20046244.00,4.02,1.24,0.13,2.46
2019-12-11,10.59,10.45,10.64,10.35,11152,11626778.00,2.74,-1.23,-0.13,1.43
2019-12-12,10.37,10.36,10.44,10.30,8695,9019299.00,1.34,-0.86,-0.09,1.12
2019-12-13,10.38,10.39,10.45,10.29,10498,10885785.00,1.54,0.29,0.03,1.35
2019-12-16,10.39,10.56,10.61,10.33,12869,13574095.00,2.69,1.64,0.17,1.65
2019-12-17,10.72,10.74,10.85,10.57,22056,23627483.00,2.65,1.70,0.18,2.84
2019-12-18,10.87,10.61,10.87,10.60,15304,16367380.00,2.51,-1.21,-0.13,1.97
2019-12-19,10.58,10.87,10.91,10.58,19519,21056223.00,3.11,2.45,0.26,2.51
2019-12-20,10.86,10.74,11.00,10.62,17250,18642450.00,3.50,-1.20,-0.13,2.22
2019-12-23,10.65,10.40,10.75,10.33,11153,11656835.00,3.91,-3.17,-0.34,1.43
2019-12-24,10.41,10.72,10.73,10.38,15464,16361505.00,3.37,3.08,0.32,1.99
2019-12-25,10.78,10.65,10.84,10.57,10372,11087532.00,2.52,-0.65,-0.07,1.33
2019-12-26,10.61,10.80,10.80,10.60,12085,12971451.00,1.88,1.41,0.15,1.55
2019-12-27,10.80,10.62,11.06,10.60,24807,26866758.00,4.26,-1.67,-0.18,3.19
2019-12-30,10.60,11.02,11.04,10.59,25805,28002783.00,4.24,3.77,0.40,3.32
2019-12-31,11.03,10.86,11.03,10.83,16809,18310021.00,1.81,-1.45,-0.16,2.16
2020-01-02,10.90,10.94,10.99,10.86,18669,20379493.00,1.20,0.74,0.08,2.40
2020-01-03,10.91,10.94,11.10,10.89,17568,19285931.00,1.92,0.00,0.00,2.26
2020-01-06,10.83,11.07,11.36,10.79,27018,29943909.00,5.21,1.19,0.13,3.47
2020-01-07,11.02,11.42,11.50,11.02,36262,40984049.00,4.34,3.16,0.35,4.66
2020-01-08,11.35,11.18,11.45,11.16,21409,24104432.00,2.54,-2.10,-0.24,2.75
2020-01-09,11.22,11.23,11.39,11.17,21632,24352168.00,1.97,0.45,0.05,2.78
2020-01-10,11.20,11.03,11.42,11.00,27927,31283009.00,3.74,-1.78,-0.20,3.59
2020-01-13,11.05,11.32,11.35,11.00,22044,24610835.00,3.17,2.63,0.29,2.07
2020-01-14,11.29,11.23,11.47,11.19,16090,18180785.00,2.47,-0.80,-0.09,1.51
2020-01-15,11.30,11.55,11.77,11.15,39184,45220335.00,5.52,2.85,0.32,3.68
2020-01-16,11.41,11.97,12.09,11.41,53124,62852758.00,5.89,3.64,0.42,4.99
2020-01-17,11.92,11.73,11.95,11.57,30424,35687479.00,3.17,-2.01,-0.24,2.86
2020-01-20,11.58,11.77,11.85,11.52,17206,20193952.00,2.81,0.34,0.04,1.62
2020-01-21,11.77,11.37,11.77,11.21,19076,21821887.00,4.76,-3.40,-0.40,1.79
2020-01-22,11.28,11.25,11.36,10.86,23440,26081049.00,4.40,-1.06,-0.12,2.20
2020-01-23,11.04,10.82,11.24,10.65,17939,19593718.00,5.24,-3.82,-0.43,1.68
2020-02-03,9.74,9.74,9.74,9.74,2931,2854794.00,0.00,-9.98,-1.08,0.28
2020-02-04,8.77,9.12,9.62,8.77,32428,29641972.00,8.73,-6.37,-0.62,3.05
2020-02-05,9.28,9.25,9.45,9.14,13544,12623264.00,3.40,1.43,0.13,1.27
2020-02-06,9.25,9.33,9.37,9.15,17680,16365799.00,2.38,0.86,0.08,1.66
2020-02-07,9.33,9.52,9.52,9.16,18016,16846808.00,3.86,2.04,0.19,1.69
2020-02-10,9.52,9.63,9.65,9.42,15160,14505703.00,2.42,1.16,0.11,1.42
2020-02-11,9.61,9.67,9.78,9.50,14828,14325130.00,2.91,0.42,0.04,1.39
2020-02-12,9.68,9.76,9.80,9.47,13717,13327502.00,3.41,0.93,0.09,1.29
2020-02-13,9.68,9.82,10.16,9.65,27569,27043056.00,5.23,0.61,0.06,2.59
2020-02-14,9.82,10.17,10.45,9.71,35093,35212386.00,7.54,3.56,0.35,3.30
2020-02-17,9.98,10.30,10.32,9.95,39764,40486182.00,3.64,1.28,0.13,3.73
2020-02-18,10.21,10.48,10.68,10.19,34220,35614285.00,4.76,1.75,0.18,3.21
2020-02-19,10.48,11.53,11.53,10.45,50959,56728517.00,10.31,10.02,1.05,4.79
2020-02-20,11.95,12.68,12.68,11.95,125142,156939268.00,6.33,9.97,1.15,11.75
2020-02-21,13.90,13.95,13.95,12.55,152638,209673976.00,11.04,10.02,1.27,14.33
2020-02-24,15.35,15.35,15.35,13.90,56489,85805253.00,10.39,10.04,1.40,5.31
2020-02-25,16.89,16.89,16.89,16.42,63835,107791823.00,3.06,10.03,1.54,5.99
2020-02-26,18.58,18.58,18.58,18.58,20636,38341595.00,0.00,10.01,1.69,1.94
2020-02-27,20.44,20.44,20.44,20.44,14083,28784732.00,0.00,10.01,1.86,1.32
2020-02-28,18.40,21.41,22.40,18.40,213355,435637936.00,19.57,4.75,0.97,20.04
2020-03-02,20.36,21.00,22.88,19.27,191110,399705472.00,16.86,-1.91,-0.41,17.95
2020-03-03,20.62,23.10,23.10,20.62,125889,284943968.00,11.81,10.00,2.10,11.82
2020-03-04,22.28,22.50,25.00,20.79,212277,476577520.00,18.23,-2.60,-0.60,19.94
2020-03-05,22.50,24.75,24.75,20.70,218701,499720368.00,18.00,10.00,2.25,20.54
2020-03-06,24.10,25.01,27.10,23.14,179845,454880800.00,16.00,1.05,0.26,16.89
2020-03-09,23.50,22.51,25.29,22.51,125533,295681936.00,11.12,-10.00,-2.50,11.79
2020-03-10,20.71,23.75,24.45,20.30,121677,271793264.00,18.44,5.51,1.24,11.43
2020-03-11,23.70,24.78,25.80,23.41,113117,280371760.00,10.06,4.34,1.03,10.62
2020-03-12,23.50,22.96,24.50,22.65,85639,201024512.00,7.47,-7.34,-1.82,8.04
2020-03-13,20.66,20.66,21.48,20.66,72215,149963892.00,3.57,-10.02,-2.30,6.78
2020-03-16,20.78,18.59,21.20,18.59,72812,142990023.00,12.63,-10.02,-2.07,6.84
2020-03-17,18.44,18.10,18.94,17.12,60197,108003597.00,9.79,-2.64,-0.49,5.65
2020-03-18,18.62,17.36,18.88,17.33,54141,97271384.00,8.56,-4.09,-0.74,5.08
2020-03-19,17.60,17.58,17.85,17.00,62613,108785551.00,4.90,1.27,0.22,5.88
2020-03-20,18.06,17.03,18.14,16.58,58310,100287486.00,8.87,-3.13,-0.55,5.48
2020-03-23,16.85,16.01,17.02,15.60,55547,90942415.00,8.34,-5.99,-1.02,5.22
2020-03-24,16.36,15.69,16.69,14.74,99716,154847903.00,12.18,-2.00,-0.32,9.36
2020-03-25,16.13,16.47,16.56,15.69,82798,134559434.00,5.54,4.97,0.78,7.78
2020-03-26,16.55,16.03,16.84,15.90,74742,122139502.00,5.71,-2.67,-0.44,7.02
2020-03-27,16.55,15.84,16.61,15.84,47954,77458516.00,4.80,-1.19,-0.19,4.50
2020-03-30,15.92,15.43,15.94,14.94,48736,74840747.00,6.31,-2.59,-0.41,4.58
2020-03-31,15.78,16.03,16.20,15.36,54034,85684866.00,5.44,3.89,0.60,5.07
2020-04-01,16.29,17.13,17.13,15.72,92800,154179612.00,8.80,6.86,1.10,8.72
2020-04-02,16.70,17.14,17.29,16.49,72000,121376792.00,4.67,0.06,0.01,7.72
2020-04-03,16.72,15.91,16.82,15.82,70638,114775388.00,5.83,-7.18,-1.23,7.58
2020-04-07,16.04,17.50,17.50,16.04,52212,88651529.00,9.18,9.99,1.59,5.60
2020-04-08,17.59,18.00,18.58,17.50,100800,181690586.00,6.17,2.86,0.50,10.81
2020-04-09,17.89,17.63,17.97,17.20,73373,128573752.00,4.28,-2.06,-0.37,7.87
2020-04-10,17.68,16.36,17.70,16.10,60701,101172295.00,9.08,-7.20,-1.27,6.51
2020-04-13,16.61,15.81,16.82,15.67,39932,63870809.00,7.03,-3.36,-0.55,4.28
2020-04-14,16.19,16.86,16.92,15.85,58519,96636683.00,6.77,6.64,1.05,6.28
2020-04-15,16.76,18.55,18.55,16.37,65259,116145328.00,12.93,10.02,1.69,7.00
2020-04-16,18.38,20.41,20.41,18.21,168273,328044176.00,11.86,10.03,1.86,18.05
2020-04-17,20.21,19.55,21.00,18.88,104932,208057995.00,10.39,-4.21,-0.86,11.26
2020-04-20,19.20,19.84,20.01,18.59,86201,166618733.00,7.26,1.48,0.29,9.25
2020-04-21,19.18,19.00,19.50,18.50,55402,105024677.00,5.04,-4.23,-0.84,5.94
2020-04-22,18.80,20.40,20.90,18.50,110099,220719363.00,12.63,7.37,1.40,11.81
2020-04-23,19.80,19.51,20.20,19.20,67195,132198692.00,4.90,-4.36,-0.89,7.21
2020-04-24,19.40,20.28,21.11,19.10,87453,178705966.00,10.30,3.95,0.77,9.38
2020-04-27,20.20,19.61,21.00,19.31,61045,122430065.00,8.33,-3.30,-0.67,6.55
2020-04-28,19.62,18.28,19.62,17.65,52108,96791364.00,10.05,-6.78,-1.33,5.59
2020-04-29,18.16,17.78,18.60,17.50,42284,76118697.00,6.02,-2.74,-0.50,4.54
2020-04-30,17.79,19.56,19.56,17.79,84556,162370367.00,9.96,10.01,1.78,9.07
2020-05-06,19.20,20.57,20.60,19.20,94896,191673792.00,7.16,5.16,1.01,10.18
2020-05-07,20.59,20.20,20.95,20.07,62461,127746000.00,4.28,-1.80,-0.37,6.70
2020-05-08,20.67,20.66,21.39,20.33,74940,156100622.00,5.25,2.28,0.46,8.04
2020-05-11,20.64,19.90,20.86,19.75,54024,108780333.00,5.37,-3.68,-0.76,5.80
2020-05-12,20.17,19.60,20.60,19.12,47853,94725788.00,7.44,-1.51,-0.30,5.13
2020-05-13,19.62,19.73,19.77,19.11,34780,67772827.00,3.37,0.66,0.13,3.73
2020-05-14,19.49,19.10,19.57,18.85,47741,91111821.00,3.65,-3.19,-0.63,5.12
2020-05-15,19.13,21.01,21.01,18.95,98132,200653095.00,10.79,10.00,1.91,10.53
2020-05-18,21.45,21.91,23.02,21.32,115645,255899424.00,8.09,4.28,0.90,12.41
2020-05-19,22.71,22.35,23.44,21.40,87860,195664782.00,9.31,2.01,0.44,9.43
2020-05-20,22.45,22.83,22.95,22.08,84870,191603687.00,3.89,2.15,0.48,9.11
2020-05-21,22.80,22.03,22.82,21.74,50797,113364933.00,4.73,-3.50,-0.80,5.45
2020-05-22,22.18,22.02,22.84,21.41,55675,123533094.00,6.49,-0.05,-0.01,5.97
2020-05-25,22.02,22.15,22.42,21.55,36594,80661392.00,3.95,0.59,0.13,3.93
2020-05-26,22.16,22.71,22.71,21.70,40128,89044169.00,4.56,2.53,0.56,4.31
2020-05-27,22.80,22.46,23.16,21.91,38559,86207566.00,5.50,-1.10,-0.25,4.14
2020-05-28,22.25,22.96,23.98,22.05,58302,133788021.00,8.59,2.23,0.50,6.25
2020-05-29,22.44,23.41,23.78,21.80,55856,126448315.00,8.62,1.96,0.45,5.99
2020-06-01,23.07,24.61,24.67,23.07,54816,131229852.00,6.83,5.13,1.20,5.88
2020-06-02,24.29,23.51,24.85,23.48,43223,103424151.00,5.57,-4.47,-1.10,4.64
2020-06-03,23.36,22.89,23.60,22.30,40970,93556168.00,5.53,-2.64,-0.62,4.40
2020-06-04,23.10,23.21,23.31,22.40,30330,69684468.00,3.98,1.40,0.32,3.25
2020-06-05,23.30,22.60,23.43,22.49,27432,62571091.00,4.05,-2.63,-0.61,2.94
2020-06-08,22.70,22.29,22.90,22.09,27746,62105775.00,3.58,-1.37,-0.31,2.98
2020-06-09,22.62,22.56,22.79,22.05,18580,41895977.00,3.32,1.21,0.27,1.99
2020-06-10,22.75,24.82,24.82,22.59,63885,155221212.00,9.88,10.02,2.26,6.85
2020-06-11,25.00,26.43,27.30,24.82,107482,285408928.00,9.99,6.49,1.61,11.53
2020-06-12,25.80,26.59,28.00,25.80,97394,262538373.00,8.32,0.61,0.16,10.45
2020-06-15,27.19,26.15,27.37,25.86,82371,219955894.00,5.68,-1.65,-0.44,8.84
2020-06-16,26.49,26.05,26.71,25.20,61649,159981924.00,5.77,-0.38,-0.10,6.61
2020-06-17,25.69,25.25,25.69,24.40,70411,176683702.00,4.95,-3.07,-0.80,7.55
2020-06-18,25.47,25.99,26.78,24.70,62475,160795402.00,8.24,2.93,0.74,6.70
2020-06-19,25.85,25.48,26.60,25.30,53084,136623204.00,5.00,-1.96,-0.51,5.70
2020-06-22,25.98,27.01,27.99,24.90,56164,147288420.00,12.13,6.00,1.53,6.03
2020-06-23,27.09,27.38,27.80,26.25,59483,160894661.00,5.74,1.37,0.37,6.38
2020-06-24,27.65,26.59,27.72,26.59,39977,107768161.00,4.13,-2.89,-0.79,4.29
2020-06-29,26.40,25.56,26.85,25.48,36207,94184132.00,5.15,-3.87,-1.03,3.88
2020-06-30,26.00,28.12,28.12,25.95,36010,98845288.00,8.49,10.02,2.56,3.45
2020-07-01,28.95,27.48,29.45,27.10,58635,161792903.00,8.36,-2.28,-0.64,5.61
2020-07-02,27.66,27.05,27.74,26.81,41418,112233106.00,3.38,-1.56,-0.43,3.97
2020-07-03,27.65,26.90,27.70,26.55,39168,105731154.00,4.25,-0.55,-0.15,3.75
2020-07-06,27.06,28.80,29.59,27.01,84499,246156949.00,9.59,7.06,1.90,8.09
2020-07-07,28.66,30.56,31.40,28.66,68792,207610891.00,9.51,6.11,1.76,6.59
2020-07-08,30.63,30.88,31.68,29.90,62387,191766387.00,5.82,1.05,0.32,5.97
2020-07-09,30.93,30.71,32.20,29.95,66123,203273366.00,7.29,-0.55,-0.17,6.33
2020-07-10,30.60,30.70,31.19,29.90,59798,181735566.00,4.20,-0.03,-0.01,5.73
2020-07-13,30.62,31.79,31.99,30.00,60717,188783425.00,6.48,3.55,1.09,5.81
2020-07-14,31.01,30.40,32.44,29.62,53721,166380248.00,8.87,-4.37,-1.39,5.14
2020-07-15,30.50,29.80,30.69,28.81,41043,121214886.00,6.18,-1.97,-0.60,3.93
2020-07-16,29.60,27.84,29.90,27.60,35863,103247410.00,7.72,-6.58,-1.96,3.43
2020-07-17,27.35,27.00,28.32,26.28,34693,94375566.00,7.33,-3.02,-0.84,3.32
2020-07-20,27.18,28.30,28.30,26.50,35461,98343919.00,6.67,4.81,1.30,3.40
2020-07-21,28.30,27.78,28.68,27.35,33016,91762636.00,4.70,-1.84,-0.52,3.16
2020-07-22,28.06,27.91,28.65,27.40,35224,98551364.00,4.50,0.47,0.13,3.37
2020-07-23,27.65,27.56,28.15,26.78,27867,76776223.00,4.91,-1.25,-0.35,2.67
2020-07-24,27.83,25.96,27.83,25.00,37503,99250089.00,10.27,-5.81,-1.60,3.59
2020-07-27,25.57,24.95,25.84,24.80,31313,78828711.00,4.01,-3.89,-1.01,3.00
2020-07-28,25.70,25.82,26.40,25.25,27656,71375085.00,4.61,3.49,0.87,2.65
2020-07-29,25.78,26.10,26.20,25.31,22273,57584052.00,3.45,1.08,0.28,2.13
2020-07-30,26.49,25.71,26.49,25.59,22724,58786284.00,3.45,-1.49,-0.39,2.18
2020-07-31,25.80,25.74,26.10,25.10,27292,69946251.00,3.89,0.12,0.03,2.61
2020-08-03,25.76,26.10,26.69,25.76,27785,72712137.00,3.61,1.40,0.36,2.66
2020-08-04,26.35,25.76,26.50,25.30,20640,53184454.00,4.60,-1.30,-0.34,1.98
2020-08-05,25.92,25.79,26.04,25.24,19869,50879365.00,3.11,0.12,0.03,1.90
2020-08-06,25.56,25.11,25.69,25.06,23562,59448871.00,2.44,-2.64,-0.68,2.26
2020-08-07,25.12,24.50,25.28,23.14,38962,94329827.00,8.52,-2.43,-0.61,3.73
2020-08-10,24.46,24.05,24.86,23.68,27573,66484661.00,4.82,-1.84,-0.45,2.64
2020-08-11,24.06,22.78,24.25,21.85,36159,84282304.00,9.98,-5.28,-1.27,3.46
2020-08-12,22.15,21.91,23.42,21.20,41520,90881072.00,9.75,-3.82,-0.87,3.98
2020-08-13,22.07,22.16,23.26,21.70,36348,81518097.00,7.12,1.14,0.25,3.48
2020-08-14,22.16,21.88,22.70,21.52,36148,79203647.00,5.32,-1.26,-0.28,3.46
2020-08-17,22.31,22.56,22.63,21.41,34915,77304586.00,5.58,3.11,0.68,3.34
2020-08-18,22.70,22.31,22.78,21.87,38588,85780787.00,4.03,-1.11,-0.25,3.70
2020-08-19,22.44,21.45,22.53,21.23,33718,72679778.00,5.83,-3.85,-0.86,3.23
2020-08-20,21.50,21.20,21.64,20.90,23462,49538151.00,3.45,-1.17,-0.25,2.25
2020-08-21,21.20,21.05,21.84,20.90,24052,51182947.00,4.43,-0.71,-0.15,2.30
2020-08-24,21.38,21.29,21.50,19.98,44612,93428274.00,7.22,1.14,0.24,4.27
2020-08-25,21.46,20.93,21.47,20.60,45679,95586229.00,4.09,-1.69,-0.36,4.37
2020-08-26,21.07,20.02,21.36,19.80,42502,86878356.00,7.45,-4.35,-0.91,4.07
2020-08-27,20.03,19.97,20.32,19.50,41555,82787404.00,4.10,-0.25,-0.05,3.98
2020-08-28,19.99,19.72,20.15,19.37,53660,105461830.00,3.91,-1.25,-0.25,5.14
2020-08-31,20.00,20.19,20.80,19.80,71433,145216197.00,5.07,2.38,0.47,6.84
2020-09-01,20.17,19.95,20.49,19.83,30344,60935752.00,3.27,-1.19,-0.24,2.91
2020-09-02,19.89,19.60,20.08,19.20,31662,62065536.00,4.41,-1.75,-0.35,3.03
2020-09-03,19.54,19.05,19.59,18.80,42237,80796950.00,4.03,-2.81,-0.55,4.04
2020-09-04,18.70,19.36,19.42,18.39,35357,67652893.00,5.41,1.63,0.31,3.39
2020-09-07,19.24,18.96,19.32,18.73,26026,49512316.00,3.05,-2.07,-0.40,2.49
2020-09-08,18.95,18.95,18.98,17.98,44651,82368351.00,5.27,-0.05,-0.01,4.23
2020-09-09,18.56,17.85,19.10,17.72,43176,78921387.00,7.28,-5.80,-1.10,4.09
2020-09-10,17.85,17.10,18.00,17.03,31110,54416934.00,5.43,-4.20,-0.75,2.95
2020-09-11,17.23,17.28,18.16,16.98,44648,77563194.00,6.90,1.05,0.18,4.23
2020-09-14,17.19,17.61,18.15,17.19,35139,62042672.00,5.56,1.91,0.33,3.33
2020-09-15,17.90,19.37,19.37,17.46,58739,109018577.00,10.85,9.99,1.76,5.57
2020-09-16,19.76,18.58,20.10,18.23,81676,155224089.00,9.65,-4.08,-0.79,7.74
2020-09-17,18.50,18.39,18.63,17.50,55983,101454823.00,6.08,-1.02,-0.19,5.31
2020-09-18,18.55,18.18,18.55,17.67,52099,93597786.00,4.79,-1.14,-0.21,4.94
2020-09-21,18.18,17.92,18.66,17.80,42258,76818126.00,4.73,-1.43,-0.26,4.01
2020-09-22,17.92,17.74,18.15,17.63,29000,51926452.00,2.90,-1.00,-0.18,2.75
2020-09-23,17.80,17.53,17.89,17.46,31389,55224567.00,2.42,-1.18,-0.21,2.98
2020-09-24,17.44,16.71,17.44,16.70,44077,74837537.00,4.22,-4.68,-0.82,4.18
2020-09-25,16.71,16.94,17.06,16.70,30137,50943965.00,2.15,1.38,0.23,2.86
2020-09-28,16.95,16.22,17.10,16.15,42318,69840952.00,5.61,-4.25,-0.72,4.01
2020-09-29,16.32,16.49,17.23,16.25,56449,93718370.00,6.04,1.66,0.27,5.35
2020-09-30,16.49,16.60,16.85,16.35,29302,48630408.00,3.03,0.67,0.11,2.78
2020-10-09,16.75,17.22,17.44,16.75,37414,64242489.00,4.16,3.73,0.62,3.55
2020-10-12,17.37,17.55,17.66,17.25,33240,58203243.00,2.38,1.92,0.33,3.15
2020-10-13,17.66,17.35,17.68,17.23,30269,52456480.00,2.56,-1.14,-0.20,2.87
2020-10-14,17.62,17.00,17.62,16.91,39130,67036409.00,4.09,-2.02,-0.35,3.71
2020-10-15,17.18,17.12,17.68,17.09,44371,76967831.00,3.47,0.71,0.12,4.21
2020-10-16,17.20,16.80,17.20,16.65,31574,53118211.00,3.21,-1.87,-0.32,2.99
2020-10-19,16.86,17.49,18.18,16.85,82991,145116372.00,7.92,4.11,0.69,7.87
2020-10-20,17.29,16.82,17.33,16.52,63067,105753123.00,4.63,-3.83,-0.67,5.98
2020-10-21,16.85,16.43,17.05,16.35,38752,64469582.00,4.16,-2.32,-0.39,3.67
2020-10-22,16.41,17.37,17.62,16.18,70459,120400080.00,8.76,5.72,0.94,6.68
2020-10-23,17.40,16.85,17.60,16.76,46928,80634796.00,4.84,-2.99,-0.52,4.45
2020-10-26,16.81,16.48,16.81,16.15,46449,76362395.00,3.92,-2.20,-0.37,4.40
2020-10-27,16.52,16.33,16.69,16.19,24862,40624820.00,3.03,-0.91,-0.15,2.36
2020-10-28,16.25,15.82,16.32,15.52,43414,68528713.00,4.90,-3.12,-0.51,4.12
2020-10-29,15.15,15.70,15.88,15.15,28866,45162807.00,4.61,-0.76,-0.12,2.74
2020-10-30,15.67,15.00,15.87,15.00,32767,50422597.00,5.54,-4.46,-0.70,3.11
2020-11-02,15.32,15.32,15.50,15.04,25216,38576200.00,3.07,2.13,0.32,2.39
2020-11-03,15.31,15.70,15.80,15.31,27014,42247082.00,3.20,2.48,0.38,2.56
2020-11-04,15.69,15.60,16.02,15.50,23525,37058990.00,3.31,-0.64,-0.10,2.23
2020-11-05,15.60,16.16,16.20,15.52,33818,53794742.00,4.36,3.59,0.56,3.21
2020-11-06,16.35,17.78,17.78,16.14,81721,141028643.00,10.15,10.02,1.62,7.75
2020-11-09,18.73,19.56,19.56,18.35,145541,277926432.00,6.81,10.01,1.78,13.80
2020-11-10,21.52,19.93,21.52,19.76,283954,597765728.00,9.00,1.89,0.37,26.93
2020-11-11,18.15,18.41,19.20,17.94,223875,408041152.00,6.32,-7.63,-1.52,21.23
2020-11-12,17.90,17.78,18.17,17.54,120517,214877686.00,3.42,-3.42,-0.63,11.43
2020-11-13,18.05,19.56,19.56,17.74,175158,327183248.00,10.24,10.01,1.78,16.61
2020-11-16,20.01,20.91,21.52,19.90,226750,471127088.00,8.28,6.90,1.35,21.50
2020-11-17,20.64,20.14,21.33,19.69,178181,364008208.00,7.84,-3.68,-0.77,16.57
2020-11-18,20.50,19.77,20.58,19.56,139439,278333264.00,5.06,-1.84,-0.37,12.97
2020-11-19,19.91,18.75,20.07,18.33,147484,277164640.00,8.80,-5.16,-1.02,13.72
2020-11-20,18.51,19.45,19.96,18.29,137235,262017686.00,8.91,3.73,0.70,12.76
2020-11-23,19.60,20.35,20.49,19.21,166024,331568816.00,6.58,4.63,0.90,15.44
2020-11-24,19.97,22.39,22.39,19.20,166961,341406336.00,15.68,10.02,2.04,15.53
2020-11-25,22.51,21.12,23.22,20.64,229249,505925056.00,11.52,-5.67,-1.27,21.32
2020-11-26,20.71,20.09,20.99,19.70,118083,238493813.00,6.11,-4.88,-1.03,10.98
2020-11-27,20.07,21.59,22.00,19.90,160666,336660848.00,10.45,7.47,1.50,14.94
2020-11-30,21.14,20.99,22.36,20.92,147133,318150544.00,6.67,-2.78,-0.60,13.68
2020-12-01,21.01,21.22,21.59,20.00,99048,208013713.00,7.58,1.10,0.23,9.21
2020-12-02,21.52,20.50,21.52,20.41,90862,188379503.00,5.23,-3.39,-0.72,8.45
2020-12-03,20.20,19.09,20.20,18.90,109543,212582406.00,6.34,-6.88,-1.41,10.19
2020-12-04,18.98,19.50,19.60,18.85,63032,122145286.00,3.93,2.15,0.41,5.86
2020-12-07,19.40,19.06,19.81,19.01,54416,104721217.00,4.10,-2.26,-0.44,5.06
2020-12-08,19.00,18.48,19.21,18.36,67415,125689573.00,4.46,-3.04,-0.58,6.27
2020-12-09,18.68,19.14,19.20,18.30,76951,145152002.00,4.87,3.57,0.66,7.16
2020-12-10,18.60,18.62,19.12,18.50,45602,85419029.00,3.24,-2.72,-0.52,4.24
2020-12-11,18.53,18.94,19.12,18.53,51242,96535443.00,3.17,1.72,0.32,4.77
2020-12-14,18.80,17.05,18.80,17.05,87996,152293348.00,9.24,-9.98,-1.89,8.18
2020-12-15,16.80,16.84,17.23,16.41,48085,81146827.00,4.81,-1.23,-0.21,4.47
2020-12-16,16.84,16.17,17.10,16.16,60928,100419895.00,5.58,-3.98,-0.67,5.67
2020-12-17,16.17,17.29,17.44,16.01,85431,143439124.00,8.84,6.93,1.12,7.94
2020-12-18,17.29,17.20,17.54,17.00,54922,94967115.00,3.12,-0.52,-0.09,5.11
2020-12-21,17.10,17.14,17.39,17.00,44958,77231298.00,2.27,-0.35,-0.06,4.18
2020-12-22,17.05,16.44,17.07,16.27,66368,110659964.00,4.67,-4.08,-0.70,6.17
2020-12-23,16.28,16.72,16.92,16.28,51160,85427361.00,3.89,1.70,0.28,4.76
2020-12-24,16.66,16.36,16.94,16.22,41410,68223847.00,4.31,-2.15,-0.36,3.85
2020-12-25,16.43,16.93,17.11,16.30,54777,91752944.00,4.95,3.48,0.57,5.09
2020-12-28,16.90,16.34,16.92,16.30,51160,84359362.00,3.66,-3.48,-0.59,4.76
2020-12-29,16.33,15.56,16.44,15.53,58148,91706637.00,5.57,-4.77,-0.78,5.41
2020-12-30,15.50,15.58,16.16,15.47,41960,66085959.00,4.43,0.13,0.02,3.90
2020-12-31,15.60,15.83,16.05,15.60,39369,62254132.00,2.89,1.60,0.25,3.66
2021-01-04,15.98,16.77,17.07,15.84,66282,109675105.00,7.77,5.94,0.94,6.16
2021-01-05,16.66,16.32,16.77,16.09,54722,89603260.00,4.05,-2.68,-0.45,5.09
2021-01-06,16.38,15.73,16.80,15.62,52117,83399196.00,7.23,-3.62,-0.59,4.85
2021-01-07,16.10,17.30,17.30,16.10,68872,115927854.00,7.63,9.98,1.57,6.40
2021-01-08,17.94,17.21,18.79,17.13,169735,304372816.00,9.60,-0.52,-0.09,15.78
2021-01-11,16.78,16.30,16.93,15.70,91639,149371866.00,7.15,-5.29,-0.91,8.52
2021-01-12,15.80,15.95,16.19,15.73,66546,105795118.00,2.82,-2.15,-0.35,6.19
2021-01-13,15.80,14.48,15.85,14.36,97484,145423658.00,9.34,-9.22,-1.47,9.06
2021-01-14,13.87,13.03,14.30,13.03,89577,118516899.00,8.77,-10.01,-1.45,8.33
2021-01-15,13.04,13.25,13.59,12.83,50613,67189870.00,5.83,1.69,0.22,4.71
2021-01-18,13.30,13.80,13.98,13.12,51323,69487686.00,6.49,4.15,0.55,4.77
2021-01-19,13.80,13.68,13.91,13.55,36369,49701814.00,2.61,-0.87,-0.12,3.38
2021-01-20,13.88,13.71,13.88,13.46,29434,40269555.00,3.07,0.22,0.03,2.74
2021-01-21,13.71,14.12,14.49,13.57,55915,78657615.00,6.71,2.99,0.41,5.20
2021-01-22,13.95,13.81,13.99,13.51,39680,54458194.00,3.40,-2.20,-0.31,3.69
2021-01-25,13.67,13.41,14.38,13.34,45372,62192032.00,7.53,-2.90,-0.40,4.22
2021-01-26,13.22,13.56,13.63,13.08,30605,40931065.00,4.10,1.12,0.15,2.85
2021-01-27,13.36,13.35,13.70,13.32,29624,39824816.00,2.80,-1.55,-0.21,2.75
2021-01-28,13.28,13.14,13.54,13.07,28269,37509760.00,3.52,-1.57,-0.21,2.63
2021-01-29,14.45,14.45,14.45,14.45,29154,42127197.00,0.00,9.97,1.31,2.71
2021-02-01,15.45,15.90,15.90,15.21,54340,85507886.00,4.78,10.03,1.45,5.05
2021-02-02,17.29,15.24,17.30,15.00,166812,264067405.00,14.47,-4.15,-0.66,15.51
2021-02-03,14.85,14.39,14.85,14.12,91669,131753435.00,4.79,-5.58,-0.85,8.52
2021-02-04,14.15,13.76,14.26,13.42,67216,92608229.00,5.84,-4.38,-0.63,6.25
2021-02-05,13.96,13.80,14.24,13.56,56119,78458220.00,4.94,0.29,0.04,5.22
2021-02-08,12.95,13.44,13.70,12.90,52862,69962875.00,5.80,-2.61,-0.36,4.92
2021-02-09,13.41,13.74,14.08,13.41,45418,62733979.00,4.99,2.23,0.30,4.22
2021-02-10,13.69,13.70,13.92,13.57,32180,44097926.00,2.55,-0.29,-0.04,2.99
2021-02-18,14.21,14.35,14.67,14.08,52279,74983967.00,4.31,4.74,0.65,4.86
2021-02-19,14.29,14.77,14.84,14.25,53321,77613739.00,4.11,2.93,0.42,4.96
2021-02-22,14.91,15.39,15.97,14.91,94835,147000283.00,7.18,4.20,0.62,8.82
2021-02-23,15.17,15.16,15.68,15.00,60019,91980543.00,4.42,-1.49,-0.23,5.58
2021-02-24,15.18,15.16,15.49,14.98,41681,63328183.00,3.36,0.00,0.00,3.88
2021-02-25,15.47,15.18,15.58,15.06,37226,56772341.00,3.43,0.13,0.02,3.46
2021-02-26,14.60,14.73,15.12,14.60,35627,52839118.00,3.43,-2.96,-0.45,3.31
2021-03-01,14.74,15.44,15.55,14.72,54412,83040590.00,5.63,4.82,0.71,5.06
2021-03-02,15.44,15.20,15.47,15.05,41561,63434471.00,2.72,-1.55,-0.24,3.86
2021-03-03,15.21,16.72,16.72,15.20,43090,70156489.00,10.00,10.00,1.52,4.01
2021-03-04,17.15,15.97,17.15,15.92,128058,209665614.00,7.36,-4.49,-0.75,11.91
2021-03-05,15.81,15.70,15.88,15.39,65457,102305861.00,3.07,-1.69,-0.27,6.09
2021-03-08,15.73,15.95,16.19,15.50,65240,103073327.00,4.39,1.59,0.25,6.07
2021-03-09,15.96,14.90,16.05,14.80,52284,79597735.00,7.84,-6.58,-1.05,4.86
2021-03-10,15.18,14.47,15.20,14.46,35661,52525838.00,4.97,-2.89,-0.43,3.32
2021-03-11,14.73,15.42,15.53,14.63,56766,86255046.00,6.22,6.57,0.95,5.28
2021-03-12,15.80,15.67,16.08,15.30,59475,93373614.00,5.06,1.62,0.25,5.53
2021-03-15,15.55,15.60,15.90,15.45,44001,68912414.00,2.87,-0.45,-0.07,4.09
2021-03-16,15.55,15.71,16.19,15.41,44273,69732138.00,5.00,0.71,0.11,4.12
2021-03-17,15.50,15.85,16.00,15.20,52618,82702248.00,5.09,0.89,0.14,4.89
2021-03-18,15.85,16.30,16.70,15.72,97965,160092031.00,6.18,2.84,0.45,9.11
2021-03-19,15.90,16.22,16.70,15.87,58469,95327193.00,5.09,-0.49,-0.08,5.44
2021-03-22,16.00,16.47,16.68,15.80,56180,92429097.00,5.43,1.54,0.25,5.22
2021-03-23,16.48,17.42,18.12,16.34,164046,289905792.00,10.81,5.77,0.95,15.25
2021-03-24,16.81,16.31,16.94,16.25,106268,175458833.00,3.96,-6.37,-1.11,9.88
2021-03-25,16.37,17.39,17.76,16.36,102992,177859986.00,8.58,6.62,1.08,9.58
2021-03-26,16.60,17.28,17.44,16.60,78611,134522415.00,4.83,-0.63,-0.11,7.31
2021-03-29,17.26,18.09,18.33,17.00,88840,159396219.00,7.70,4.69,0.81,8.26
2021-03-30,17.50,18.22,18.40,17.33,82132,148031111.00,5.91,0.72,0.13,7.64
2021-03-31,18.31,18.43,19.39,18.24,89565,168907637.00,6.31,1.15,0.21,8.33
2021-04-01,18.16,18.60,18.70,17.85,62074,113361025.00,4.61,0.92,0.17,5.77
2021-04-02,18.51,18.18,18.75,18.03,45859,84056713.00,3.87,-2.26,-0.42,4.26
2021-04-06,18.20,17.82,18.43,17.73,38368,68929466.00,3.85,-1.98,-0.36,3.57
2021-04-07,17.99,18.10,18.15,17.07,66853,117278172.00,6.06,1.57,0.28,6.22
2021-04-08,17.86,17.38,17.97,17.33,38370,67760769.00,3.54,-3.98,-0.72,3.57
2021-04-09,17.55,17.40,17.66,17.17,26389,45728506.00,2.82,0.12,0.02,2.45
2021-04-12,17.42,17.46,17.52,17.07,28190,48836668.00,2.59,0.34,0.06,2.62
2021-04-13,17.46,18.11,18.18,17.08,48185,85325999.00,6.30,3.72,0.65,4.48
2021-04-14,17.89,18.44,18.65,17.89,54588,100487889.00,4.20,1.82,0.33,5.08
2021-04-15,19.08,20.28,20.28,18.45,106921,210925138.00,9.92,9.98,1.84,9.94
2021-04-16,20.72,21.36,22.00,20.37,136165,287519792.00,8.04,5.33,1.08,12.66
2021-04-19,21.30,21.88,21.98,21.13,82804,179496576.00,3.98,2.43,0.52,7.70
2021-04-20,21.67,21.90,22.31,21.20,84469,184683284.00,5.07,0.09,0.02,7.85
2021-04-21,22.07,22.18,22.35,21.42,61037,134033031.00,4.25,1.28,0.28,5.68
2021-04-22,22.21,23.01,23.48,22.21,75937,175026833.00,5.73,3.74,0.83,7.06
2021-04-23,23.02,22.93,23.27,22.34,51608,117720650.00,4.04,-0.35,-0.08,4.80
2021-04-26,23.00,22.73,23.42,22.42,52846,121094183.00,4.36,-0.87,-0.20,4.91
2021-04-27,22.35,22.54,22.95,21.80,64505,144062360.00,5.06,-0.84,-0.19,6.00
2021-04-28,22.55,24.79,24.79,22.53,67552,164040618.00,10.03,9.98,2.25,6.28
2021-04-29,25.54,24.77,26.66,24.60,99749,253636499.00,8.31,-0.08,-0.02,9.28
2021-04-30,25.14,24.30,25.35,24.08,62560,152918532.00,5.13,-1.90,-0.47,5.82
2021-05-06,24.60,26.07,26.65,24.28,82008,210638052.00,9.75,7.28,1.77,7.63
2021-05-07,26.01,24.88,26.10,24.81,67538,171451739.00,4.95,-4.56,-1.19,6.28
2021-05-10,24.90,24.20,25.20,23.73,72828,176566422.00,5.91,-2.73,-0.68,6.77
2021-05-11,23.81,23.26,24.00,22.46,58793,136441838.00,6.36,-3.88,-0.94,5.47
2021-05-12,23.20,24.26,24.80,22.99,52708,126524716.00,7.78,4.30,1.00,4.90
2021-05-13,24.20,23.85,24.27,23.57,32679,77983297.00,2.89,-1.69,-0.41,3.04
2021-05-14,24.18,24.80,25.20,23.95,42969,105367089.00,5.24,3.98,0.95,4.00
2021-05-17,24.05,23.87,24.55,23.70,38231,91932689.00,3.43,-3.75,-0.93,3.55
2021-05-18,23.33,23.71,24.16,23.20,31197,73744643.00,4.02,-0.67,-0.16,2.90
2021-05-19,23.60,26.08,26.08,22.94,71099,176220296.00,13.24,10.00,2.37,6.61
2021-05-20,26.00,24.75,26.40,24.60,86629,222508484.00,6.90,-5.10,-1.33,8.06
2021-05-21,25.15,25.51,26.39,24.75,66276,170145404.00,6.63,3.07,0.76,6.16
2021-05-24,25.96,27.29,27.51,25.96,67937,181793998.00,6.08,6.98,1.78,6.32
2021-05-25,27.28,29.64,30.02,26.75,90695,261261559.00,11.98,8.61,2.35,8.43
2021-05-26,29.65,30.91,31.63,29.18,73078,224151223.00,8.27,4.28,1.27,6.80
2021-05-27,30.40,34.00,34.00,30.30,89305,297041408.00,11.97,10.00,3.09,8.30
2021-05-28,35.00,34.00,35.79,32.01,133951,452746256.00,11.12,0.00,0.00,12.46
2021-05-31,34.11,33.84,35.00,33.51,77696,264831726.00,4.38,-0.47,-0.16,7.22
2021-06-01,34.21,33.96,35.48,33.40,75675,260574311.00,6.15,0.35,0.12,7.04
2021-06-02,33.96,33.23,35.22,33.10,63612,215862143.00,6.24,-2.15,-0.73,5.91
2021-06-03,34.50,32.53,34.80,32.30,47837,159469172.00,7.52,-2.11,-0.70,4.45
2021-06-04,32.69,32.11,33.00,30.39,89953,283772336.00,8.02,-1.29,-0.42,8.36
2021-06-07,32.72,32.21,32.96,30.56,59311,187433127.00,7.47,0.31,0.10,5.52
2021-06-08,32.54,31.25,32.80,31.06,38079,120352420.00,5.40,-2.98,-0.96,3.54
2021-06-09,31.95,32.21,33.14,29.41,73801,236460721.00,11.94,3.07,0.96,6.86
2021-06-10,32.73,33.32,33.77,32.00,58315,193278452.00,5.50,3.45,1.11,5.42
2021-06-11,33.80,31.52,34.08,31.48,50043,161510941.00,7.80,-5.40,-1.80,4.65
2021-06-15,31.95,29.70,31.95,29.40,52931,159327451.00,8.09,-5.77,-1.82,4.71
2021-06-16,29.49,28.78,29.98,28.23,46745,135838385.00,5.89,-3.10,-0.92,4.16
2021-06-17,28.94,30.46,30.80,28.47,46819,141282577.00,8.10,5.84,1.68,4.17
2021-06-18,30.46,33.51,33.51,30.02,63235,204195708.00,11.46,10.01,3.05,5.63
2021-06-21,33.55,34.72,35.68,33.55,74867,260621013.00,6.36,3.61,1.21,6.67
2021-06-22,34.89,34.41,35.39,33.50,42060,144393308.00,5.44,-0.89,-0.31,3.75
2021-06-23,34.70,34.95,35.28,33.90,42995,149084114.00,4.01,1.57,0.54,3.83
2021-06-24,35.51,35.21,36.97,34.44,50394,179393682.00,7.24,0.74,0.26,4.49
2021-06-25,34.51,34.77,35.47,33.58,39486,136218718.00,5.37,-1.25,-0.44,3.52
2021-06-28,34.76,35.60,36.50,34.49,45092,159921868.00,5.78,2.39,0.83,4.02
2021-06-29,35.60,32.05,36.12,32.04,80051,265170281.00,11.46,-9.97,-3.55,7.13
2021-06-30,32.06,35.26,35.26,32.06,58969,202311390.00,9.98,10.02,3.21,5.25
2021-07-01,36.47,32.90,36.90,32.70,69599,238966688.00,11.91,-6.69,-2.36,6.20
2021-07-02,32.91,33.61,34.66,31.00,73383,240398553.00,11.12,2.16,0.71,6.54
2021-07-05,34.18,32.94,34.28,31.88,48539,159043827.00,7.14,-1.99,-0.67,4.32
2021-07-06,32.67,34.00,34.73,32.67,53833,181134360.00,6.25,3.22,1.06,4.80
2021-07-07,34.49,34.03,34.60,32.04,41604,140607427.00,7.53,0.09,0.03,3.71
2021-07-08,34.20,37.37,37.37,33.97,66169,241414732.00,9.99,9.81,3.34,5.89
2021-07-09,38.50,38.90,40.50,36.27,108652,417672608.00,11.32,4.09,1.53,9.68
2021-07-12,38.37,42.79,42.79,38.37,95274,387355904.00,11.36,10.00,3.89,8.49
2021-07-13,41.89,42.03,42.59,40.51,59996,250419414.00,4.86,-1.78,-0.76,5.34
2021-07-14,41.70,43.15,45.00,41.00,68135,294094880.00,9.52,2.66,1.12,6.07
2021-07-15,38.84,38.84,38.84,38.84,17498,67962232.00,0.00,-9.99,-4.31,1.56
2021-07-16,38.18,39.48,42.10,38.18,80868,324041248.00,10.09,1.65,0.64,7.20
