2016-06-13,12.64,12.64,12.64,12.64,45,57019.00,0.00,10.01,1.15,0.02
2016-06-14,13.90,13.90,13.90,13.90,66,92129.00,0.00,9.97,1.26,0.03
2016-06-15,15.29,15.29,15.29,15.29,61,93269.00,0.00,10.00,1.39,0.02
2016-06-16,16.82,16.82,16.82,16.82,33,54917.00,0.00,10.01,1.53,0.01
2016-06-17,18.50,18.50,18.50,18.50,146,270932.00,0.00,9.99,1.68,0.06
2016-06-20,20.35,20.35,20.35,20.35,200,407569.00,0.00,10.00,1.85,0.08
2016-06-21,22.39,22.39,22.39,22.39,166,370666.00,0.00,10.02,2.04,0.07
2016-06-22,24.63,24.63,24.63,24.63,132,325116.00,0.00,10.00,2.24,0.05
2016-06-23,27.09,27.09,27.09,27.09,301,814704.00,0.00,9.99,2.46,0.12
2016-06-24,29.80,29.80,29.80,29.80,541,1612895.00,0.00,10.00,2.71,0.22
2016-06-27,32.78,32.78,32.78,32.78,290,950620.00,0.00,10.00,2.98,0.12
2016-06-28,36.06,36.06,36.06,36.06,312,1125072.00,0.00,10.01,3.28,0.12
2016-06-29,39.67,39.67,39.67,39.67,525,2080691.00,0.00,10.01,3.61,0.21
2016-06-30,43.64,43.64,43.64,43.64,1815,7921925.00,0.00,10.01,3.97,0.73
2016-07-01,48.00,48.00,48.00,48.00,1321,6338832.00,0.00,9.99,4.36,0.53
2016-07-04,52.80,52.80,52.80,52.80,1126,5944224.00,0.00,10.00,4.80,0.45
2016-07-05,58.08,58.08,58.08,58.08,1111,6453268.00,0.00,10.00,5.28,0.44
2016-07-06,63.89,63.89,63.89,63.89,589,3763121.00,0.00,10.00,5.81,0.24
2016-07-07,70.28,70.28,70.28,70.28,1488,10457523.00,0.00,10.00,6.39,0.60
2016-07-08,77.31,77.31,77.31,77.31,2486,19219266.00,0.00,10.00,7.03,0.99
2016-07-11,85.04,85.04,85.04,85.04,4779,40640871.00,0.00,10.00,7.73,1.91
2016-07-12,80.50,81.40,85.50,76.54,147035,1170902896.00,10.54,-4.28,-3.64,58.81
2016-07-13,77.77,83.31,88.10,76.55,132020,1082252800.00,14.19,2.35,1.91,52.81
2016-07-14,80.05,80.61,83.30,79.00,78060,629574240.00,5.16,-3.24,-2.70,31.22
2016-07-15,80.73,82.14,86.80,79.80,86997,724975856.00,8.68,1.90,1.53,34.80
2016-07-18,82.64,85.66,86.90,81.32,99155,840562224.00,6.79,4.29,3.52,39.66
2016-07-19,83.25,81.36,84.00,79.25,79830,647718048.00,5.55,-5.02,-4.30,31.93
2016-07-20,80.64,78.23,80.64,78.01,56290,443568672.00,3.23,-3.85,-3.13,22.52
2016-07-21,76.50,73.72,77.99,73.50,62357,471176880.00,5.74,-5.77,-4.51,24.94
2016-07-22,73.80,70.49,75.57,70.00,55742,404351232.00,7.56,-4.38,-3.23,22.30
2016-07-25,70.30,73.51,74.80,68.31,58016,415231536.00,9.21,4.28,3.02,23.21
2016-07-26,72.00,73.28,75.50,71.91,47644,351610736.00,4.88,-0.31,-0.23,19.06
2016-07-27,72.90,67.25,72.90,66.15,56689,391492048.00,9.21,-8.23,-6.03,22.68
2016-07-28,66.05,65.10,67.25,63.52,36055,235423719.00,5.55,-3.20,-2.15,14.42
2016-07-29,65.21,65.35,67.31,64.75,33510,221382639.00,3.93,0.38,0.25,13.40
2016-08-01,64.00,59.02,64.00,59.00,34068,205867143.00,7.65,-9.69,-6.33,13.63
2016-08-02,59.05,59.11,60.11,57.77,25475,150477290.00,3.96,0.15,0.09,10.19
2016-08-03,59.17,61.50,61.80,59.00,39683,240936565.00,4.74,4.04,2.39,15.87
2016-08-04,61.52,61.78,63.50,61.06,33832,210407336.00,3.97,0.46,0.28,13.53
2016-08-05,61.18,59.98,61.93,59.50,26712,162120614.00,3.93,-2.91,-1.80,10.68
2016-08-08,58.77,62.77,62.90,56.75,39102,235631406.00,10.25,4.65,2.79,15.64
2016-08-09,62.20,63.70,64.06,61.89,38678,244202884.00,3.46,1.48,0.93,15.47
2016-08-10,63.80,65.23,67.48,63.10,49833,327537920.00,6.88,2.40,1.53,19.93
2016-08-11,63.88,63.27,64.92,63.15,30159,193029200.00,2.71,-3.00,-1.96,12.06
2016-08-12,62.50,65.80,66.15,62.03,36649,236637735.00,6.51,4.00,2.53,14.66
2016-08-15,65.40,67.15,68.49,65.00,41453,276104832.00,5.30,2.05,1.35,16.58
2016-08-16,67.45,66.66,68.00,66.50,34612,232427207.00,2.23,-0.73,-0.49,13.84
2016-08-17,66.66,66.55,67.40,65.58,33929,224771147.00,2.73,-0.17,-0.11,13.57
2016-08-18,66.05,68.79,69.55,65.65,58689,396281760.00,5.86,3.37,2.24,23.48
2016-08-19,68.14,66.06,68.44,66.01,39450,264027518.00,3.53,-3.97,-2.73,15.78
2016-08-22,65.20,61.71,65.60,61.70,32311,205287241.00,5.90,-6.58,-4.35,12.92
2016-08-23,61.68,62.24,63.14,61.51,15868,98883872.00,2.64,0.86,0.53,6.35
2016-08-24,62.49,62.66,62.96,62.18,13534,84699064.00,1.25,0.67,0.42,5.41
2016-08-25,62.02,62.30,62.99,60.10,17504,107785904.00,4.61,-0.57,-0.36,7.00
2016-08-26,62.30,61.46,62.85,61.00,12864,79951205.00,2.97,-1.35,-0.84,5.15
2016-08-29,61.45,60.60,61.66,60.20,10218,62362717.00,2.38,-1.40,-0.86,4.09
2016-08-30,60.58,60.75,61.40,60.58,8157,49698034.00,1.35,0.25,0.15,3.26
2016-08-31,60.75,62.90,63.37,60.75,26292,163961295.00,4.31,3.54,2.15,10.52
2016-09-01,62.98,61.30,63.00,61.18,15295,95055102.00,2.89,-2.54,-1.60,6.12
2016-09-02,60.99,59.98,61.10,59.88,13704,82757139.00,1.99,-2.15,-1.32,5.48
2016-09-05,60.04,59.70,60.98,59.00,8537,51508731.00,3.30,-0.47,-0.28,3.41
2016-09-06,59.10,60.30,60.70,58.61,13650,81341291.00,3.50,1.01,0.60,5.46
2016-09-07,60.40,59.48,60.61,59.20,11743,70187949.00,2.34,-1.36,-0.82,4.70
2016-09-08,59.48,59.30,59.81,59.05,8306,49251294.00,1.28,-0.30,-0.18,3.32
2016-09-09,59.29,58.90,59.49,58.80,8249,48709023.00,1.16,-0.67,-0.40,3.30
2016-09-12,57.18,55.82,57.67,55.78,15106,85495487.00,3.21,-5.23,-3.08,6.04
2016-09-13,56.58,56.01,56.76,55.83,9642,54231240.00,1.67,0.34,0.19,3.86
2016-09-14,55.19,56.11,56.89,55.19,8353,47033113.00,3.04,0.18,0.10,3.34
2016-09-19,56.22,56.40,56.80,56.20,5900,33305956.00,1.07,0.52,0.29,2.36
2016-09-20,56.42,56.13,56.60,56.09,5250,29545892.00,0.90,-0.48,-0.27,2.10
2016-09-21,56.49,56.26,56.49,55.75,6676,37505450.00,1.32,0.23,0.13,2.67
2016-09-22,56.39,56.15,56.85,56.02,8153,46042191.00,1.48,-0.20,-0.11,3.26
2016-09-23,56.48,54.49,56.48,54.00,11167,61855512.00,4.42,-2.96,-1.66,4.47
2016-09-26,54.24,51.38,54.26,51.28,14360,76157880.00,5.47,-5.71,-3.11,5.74
2016-09-27,51.18,52.77,52.96,51.08,12673,66458377.00,3.66,2.71,1.39,5.07
2016-09-28,52.48,52.90,53.58,52.26,7834,41458575.00,2.50,0.25,0.13,3.13
2016-09-29,52.85,53.38,53.58,52.56,6942,36966640.00,1.93,0.91,0.48,2.78
2016-09-30,53.21,53.34,53.75,53.16,11191,59889008.00,1.11,-0.07,-0.04,4.48
2016-10-10,53.64,54.93,55.32,53.07,10272,55877997.00,4.22,2.98,1.59,4.11
2016-10-11,54.94,55.15,55.38,54.40,8440,46272724.00,1.78,0.40,0.22,3.38
2016-10-12,55.10,55.73,56.50,54.67,11608,64931597.00,3.32,1.05,0.58,4.64
2016-10-13,55.60,56.38,56.67,55.14,10002,56260933.00,2.75,1.17,0.65,4.00
2016-10-14,55.88,56.48,56.68,55.50,11395,63950407.00,2.09,0.18,0.10,4.56
2016-10-17,56.48,55.21,56.86,54.53,10230,57025816.00,4.13,-2.25,-1.27,4.09
2016-10-18,55.00,57.50,57.50,54.22,26950,153237599.00,5.94,4.15,2.29,10.78
2016-10-19,57.71,58.73,59.88,57.70,51715,303817488.00,3.79,2.14,1.23,20.69
2016-10-20,57.80,57.03,58.03,57.00,19785,113399294.00,1.75,-2.89,-1.70,7.91
2016-10-21,57.00,57.10,57.64,56.49,12005,68406221.00,2.02,0.12,0.07,4.80
2016-10-24,56.76,57.32,57.56,56.40,14088,80296352.00,2.03,0.39,0.22,5.64
2016-10-25,57.11,57.94,58.39,57.10,17395,100346417.00,2.25,1.08,0.62,6.96
2016-10-26,57.50,57.66,58.87,57.50,16317,94784756.00,2.36,-0.48,-0.28,6.53
2016-10-27,57.49,58.02,58.26,56.90,13487,78029209.00,2.36,0.62,0.36,5.39
2016-10-28,57.98,57.79,58.89,57.67,17662,102900422.00,2.10,-0.40,-0.23,7.06
2016-10-31,56.55,56.99,57.60,55.32,17507,98405386.00,3.95,-1.38,-0.80,7.00
2016-11-01,56.89,62.69,62.69,56.51,62882,381113632.00,10.84,10.00,5.70,25.15
2016-11-02,62.00,61.80,64.28,61.00,56612,353393760.00,5.23,-1.42,-0.89,22.64
2016-11-03,61.16,62.79,62.98,61.11,44975,280309328.00,3.03,1.60,0.99,17.99
2016-11-04,62.49,64.21,65.50,62.17,63022,402718944.00,5.30,2.26,1.42,25.21
2016-11-07,63.51,63.21,65.10,62.85,31126,197688770.00,3.50,-1.56,-1.00,12.45
2016-11-08,63.20,63.64,63.83,62.50,22284,140634365.00,2.10,0.68,0.43,8.91
2016-11-09,63.50,62.60,63.73,61.31,29440,184060359.00,3.80,-1.63,-1.04,11.78
2016-11-10,63.15,64.10,65.37,62.50,37292,239357433.00,4.58,2.40,1.50,14.92
2016-11-11,63.50,62.78,64.57,62.67,24838,157336437.00,2.96,-2.06,-1.32,9.94
2016-11-14,62.90,62.35,63.46,61.51,16801,104909221.00,3.11,-0.68,-0.43,6.72
2016-11-15,62.44,62.78,63.00,61.50,15051,93427351.00,2.41,0.69,0.43,6.02
2016-11-16,62.64,61.38,63.09,61.38,14773,91544865.00,2.72,-2.23,-1.40,5.91
2016-11-17,61.38,59.65,61.38,59.21,16834,100904844.00,3.54,-2.82,-1.73,6.73
2016-11-18,60.71,61.65,63.55,60.31,27179,168926010.00,5.43,3.35,2.00,10.87
2016-11-21,61.60,63.88,63.97,60.80,37755,237612429.00,5.14,3.62,2.23,15.10
2016-11-22,65.03,63.53,66.14,63.02,38700,248026963.00,4.88,-0.55,-0.35,15.48
2016-11-23,63.00,61.83,63.50,61.51,20279,126778972.00,3.13,-2.68,-1.70,8.11
2016-11-24,61.40,61.90,63.15,61.13,17324,108022945.00,3.27,0.11,0.07,6.93
2016-11-25,61.90,61.05,62.13,59.20,17873,107931160.00,4.73,-1.37,-0.85,7.15
2016-11-28,60.80,63.11,63.70,60.18,31464,196842367.00,5.77,3.37,2.06,12.59
2016-11-29,62.79,60.95,63.50,60.95,17826,110830262.00,4.04,-3.42,-2.16,7.13
2016-11-30,59.88,60.17,60.89,59.25,13074,78439854.00,2.69,-1.28,-0.78,5.23
2016-12-01,60.40,61.11,62.00,60.00,14816,90090813.00,3.32,1.56,0.94,5.93
2016-12-02,60.88,58.86,61.30,58.86,11931,71321656.00,3.99,-3.68,-2.25,4.77
2016-12-05,57.99,57.03,59.00,56.77,9245,53201421.00,3.79,-3.11,-1.83,3.70
2016-12-06,57.05,58.61,59.09,57.05,12961,75726340.00,3.58,2.77,1.58,5.18
2016-12-07,58.00,57.95,58.99,57.53,10794,62531486.00,2.49,-1.13,-0.66,4.32
2016-12-08,58.13,56.24,58.30,55.90,16033,91015490.00,4.14,-2.95,-1.71,6.41
2016-12-09,56.05,56.70,56.70,53.89,22776,125484644.00,5.00,0.82,0.46,9.11
2016-12-12,56.11,51.76,56.87,51.60,14048,76124084.00,9.29,-8.71,-4.94,5.62
2016-12-13,50.61,51.06,52.00,49.51,11774,59961326.00,4.81,-1.35,-0.70,4.71
2016-12-14,51.50,51.54,53.00,50.00,13325,68283554.00,5.88,0.94,0.48,5.33
2016-12-15,51.09,51.81,52.58,51.09,10151,52684787.00,2.89,0.52,0.27,4.06
2016-12-16,51.70,51.66,52.18,51.28,6681,34566520.00,1.74,-0.29,-0.15,2.67
2016-12-19,51.97,51.03,51.97,50.75,5969,30474358.00,2.36,-1.22,-0.63,2.39
2016-12-20,50.56,51.29,51.40,50.56,5333,27261370.00,1.65,0.51,0.26,2.13
2016-12-21,51.70,52.31,52.36,51.42,7610,39446691.00,1.83,1.99,1.02,3.04
2016-12-22,52.50,52.09,52.68,51.82,6519,33966260.00,1.64,-0.42,-0.22,2.61
2016-12-23,52.11,52.27,52.99,52.10,13694,71965721.00,1.71,0.35,0.18,5.48
2016-12-26,52.03,50.69,52.03,48.20,13386,66680761.00,7.33,-3.02,-1.58,5.35
2016-12-27,50.59,49.90,51.24,49.80,7145,35903798.00,2.84,-1.56,-0.79,2.86
2016-12-28,50.00,50.66,51.22,49.60,12871,65136119.00,3.25,1.52,0.76,5.15
2016-12-29,50.46,51.66,54.98,50.46,19798,103747090.00,8.92,1.97,1.00,7.92
2016-12-30,52.49,50.27,52.49,50.12,11023,56030918.00,4.59,-2.69,-1.39,4.41
2017-01-03,50.45,50.42,50.98,49.03,7434,37392516.00,3.88,0.30,0.15,2.97
2017-01-04,50.43,50.85,50.98,50.26,7185,36393293.00,1.43,0.85,0.43,2.87
2017-01-05,50.81,50.64,50.81,50.45,5598,28324111.00,0.71,-0.41,-0.21,2.24
2017-01-06,50.78,48.68,50.90,48.66,9398,46421062.00,4.42,-3.87,-1.96,3.76
2017-01-09,48.80,47.93,48.82,47.47,8823,42240790.00,2.77,-1.54,-0.75,3.53
2017-01-10,47.92,47.60,48.44,47.22,6131,29294230.00,2.55,-0.69,-0.33,2.45
2017-01-11,47.30,45.24,47.63,45.00,9606,44598733.00,5.53,-4.96,-2.36,3.84
2017-01-12,45.60,45.60,49.07,45.50,9485,44074287.00,7.89,0.80,0.36,3.79
2017-01-13,46.75,43.58,46.75,43.38,9340,41573060.00,7.39,-4.43,-2.02,3.74
2017-01-16,43.08,39.53,43.09,39.22,13959,56587145.00,8.88,-9.29,-4.05,5.58
2017-01-17,39.49,41.80,41.95,36.62,15236,59897552.00,13.48,5.74,2.27,6.09
2017-01-18,41.00,39.65,41.00,39.44,9494,38071968.00,3.73,-5.14,-2.15,3.80
2017-01-19,39.61,39.67,40.48,38.20,7017,27716376.00,5.75,0.05,0.02,2.81
2017-01-20,39.70,40.17,40.66,39.00,7579,30505386.00,4.18,1.26,0.50,3.03
2017-01-23,40.17,40.32,40.98,40.17,4982,20191767.00,2.02,0.37,0.15,1.99
2017-01-24,40.88,39.59,40.88,39.33,4524,18033398.00,3.84,-1.81,-0.73,1.81
2017-01-25,39.30,39.88,40.58,39.30,4657,18634591.00,3.23,0.73,0.29,1.86
2017-01-26,40.01,40.01,40.56,39.94,5348,21481562.00,1.55,0.33,0.13,2.14
2017-02-03,40.36,40.08,40.48,39.65,2986,11964123.00,2.07,0.17,0.07,1.19
2017-02-06,40.03,40.92,40.97,40.00,6718,27290130.00,2.42,2.10,0.84,2.69
2017-02-07,40.91,40.60,41.13,40.37,6297,25669775.00,1.86,-0.78,-0.32,2.52
2017-02-08,40.60,41.29,41.36,40.10,8292,33847809.00,3.10,1.70,0.69,3.32
2017-02-09,41.20,42.40,44.40,41.05,14946,63971363.00,8.11,2.69,1.11,5.98
2017-02-10,42.40,41.35,42.57,41.21,8219,34347941.00,3.21,-2.48,-1.05,3.29
2017-02-13,41.32,42.33,42.98,41.23,10724,45248117.00,4.23,2.37,0.98,4.29
2017-02-14,42.29,46.20,46.56,42.02,43916,199861463.00,10.73,9.14,3.87,17.57
2017-02-15,45.80,45.78,46.18,44.20,36625,166386363.00,4.29,-0.91,-0.42,14.65
2017-02-16,45.20,44.73,45.40,44.46,17248,77265553.00,2.05,-2.29,-1.05,6.90
2017-02-17,44.17,43.38,45.18,43.25,11943,52603170.00,4.31,-3.02,-1.35,4.78
2017-02-20,43.20,42.99,43.77,42.08,9649,41359546.00,3.90,-0.90,-0.39,3.86
2017-02-21,43.00,43.47,43.80,43.00,11094,48146519.00,1.86,1.12,0.48,4.44
2017-02-22,43.50,42.81,43.87,42.50,9810,42219553.00,3.15,-1.52,-0.66,3.92
2017-02-23,42.85,43.06,43.42,42.60,8298,35669337.00,1.92,0.58,0.25,3.32
2017-02-24,43.06,44.30,44.51,42.90,13124,57448530.00,3.74,2.88,1.24,5.25
2017-02-27,44.48,44.73,45.28,43.72,13504,60167435.00,3.52,0.97,0.43,5.40
2017-02-28,44.30,45.63,45.95,44.25,18589,84375094.00,3.80,2.01,0.90,7.44
2017-03-01,45.49,45.44,45.68,44.80,10565,47860727.00,1.93,-0.42,-0.19,4.23
2017-03-02,45.19,45.29,45.87,44.60,9314,42029692.00,2.79,-0.33,-0.15,3.73
2017-03-03,45.31,45.98,46.00,44.41,12765,58133566.00,3.51,1.52,0.69,5.11
2017-03-06,45.95,50.58,50.58,45.88,75970,374517328.00,10.22,10.00,4.60,30.39
2017-03-07,51.00,49.50,51.58,49.50,76020,383767520.00,4.11,-2.14,-1.08,30.41
2017-03-08,47.30,47.46,48.43,46.98,43029,205219190.00,2.93,-4.12,-2.04,17.21
2017-03-09,47.00,48.14,48.58,47.00,30631,147058986.00,3.33,1.43,0.68,12.25
2017-03-10,47.62,49.50,50.40,47.30,36993,180999974.00,6.44,2.83,1.36,14.80
2017-03-13,48.99,49.36,49.96,48.03,34798,171640493.00,3.90,-0.28,-0.14,13.92
2017-03-14,49.01,49.97,50.15,48.52,37039,183396074.00,3.30,1.24,0.61,14.82
2017-03-15,50.00,49.46,50.00,49.10,20885,103461439.00,1.80,-1.02,-0.51,8.35
2017-03-16,49.50,49.77,49.99,49.05,20274,100494209.00,1.90,0.63,0.31,8.11
2017-03-17,49.76,49.78,50.80,49.06,29276,146016987.00,3.50,0.02,0.01,11.71
2017-03-20,49.55,50.57,50.79,49.00,23324,117489068.00,3.60,1.59,0.79,9.33
2017-03-21,50.55,51.26,51.98,50.36,26073,133365081.00,3.20,1.36,0.69,10.43
2017-03-22,50.97,52.10,52.30,50.63,33942,175482403.00,3.26,1.64,0.84,13.58
2017-03-23,52.11,50.78,52.60,49.80,23447,120502224.00,5.37,-2.53,-1.32,9.38
2017-03-24,50.80,50.88,51.99,49.60,16717,85230202.00,4.71,0.20,0.10,6.69
2017-03-27,50.70,51.45,51.89,50.51,13623,69830420.00,2.71,1.12,0.57,5.45
2017-03-28,51.30,53.99,54.88,50.70,82003,434014480.00,8.12,4.94,2.54,32.80
2017-03-29,53.17,52.08,54.69,51.88,49149,261650947.00,5.20,-3.54,-1.91,19.66
2017-03-30,52.25,50.32,52.59,50.18,27574,141556902.00,4.63,-3.38,-1.76,11.03
2017-03-31,50.29,51.39,55.00,50.29,44446,231584614.00,9.36,2.13,1.07,17.78
2017-04-05,51.00,52.75,53.49,50.20,48974,256069657.00,6.40,2.65,1.36,19.59
2017-04-06,52.09,51.70,52.95,51.07,23380,121430714.00,3.56,-1.99,-1.05,9.35
2017-04-07,51.76,51.20,51.83,50.84,13775,70554565.00,1.91,-0.97,-0.50,5.51
2017-04-10,51.19,46.08,51.19,46.08,30668,145230790.00,9.98,-10.00,-5.12,12.27
2017-04-11,44.08,45.55,45.98,41.96,42168,185326763.00,8.72,-1.15,-0.53,16.87
2017-04-12,44.45,44.75,46.30,44.20,27050,122675976.00,4.61,-1.76,-0.80,10.82
2017-04-13,45.00,44.12,45.70,44.00,11004,49053932.00,3.80,-1.41,-0.63,4.40
2017-04-14,44.87,42.59,44.87,42.30,13089,56473048.00,5.83,-3.47,-1.53,5.24
2017-04-17,41.02,38.33,41.87,38.33,42989,170641142.00,8.31,-10.00,-4.26,17.20
2017-04-18,35.82,34.50,37.50,34.50,44007,154879609.00,7.83,-9.99,-3.83,17.60
2017-04-19,34.03,35.02,35.02,33.82,26279,90322634.00,3.48,1.51,0.52,10.51
2017-04-20,35.10,33.94,35.10,33.57,16272,56000359.00,4.37,-3.08,-1.08,6.51
2017-04-21,34.20,33.77,34.44,33.62,8444,28689207.00,2.42,-0.50,-0.17,3.38
2017-04-24,33.83,31.90,33.83,31.08,12875,41312512.00,8.14,-5.54,-1.87,5.15
2017-04-25,32.15,32.27,32.98,32.01,11689,37879881.00,3.04,1.16,0.37,4.68
2017-04-26,32.36,32.40,32.90,31.81,10302,33521369.00,3.38,0.40,0.13,4.12
2017-04-27,32.63,33.45,33.45,31.41,18168,59340016.00,6.30,3.24,1.05,7.27
2017-04-28,33.35,33.60,33.77,33.35,10636,35710566.00,1.26,0.45,0.15,4.25
2017-05-02,33.60,33.85,34.39,33.48,11642,39582025.00,2.71,0.74,0.25,4.66
2017-05-03,33.84,33.77,34.25,33.00,10840,36513691.00,3.69,-0.24,-0.08,4.34
2017-05-04,33.50,34.49,34.51,33.29,17012,57762744.00,3.61,2.13,0.72,6.80
2017-05-05,34.15,33.21,34.30,33.21,17382,58685301.00,3.16,-3.71,-1.28,6.95
2017-05-08,33.15,32.00,33.15,32.00,10277,33394158.00,3.46,-3.64,-1.21,4.11
2017-05-09,31.38,32.64,32.89,31.38,7087,22870434.00,4.72,2.00,0.64,2.83
2017-05-10,32.74,32.53,33.71,32.40,11596,38382335.00,4.01,-0.34,-0.11,4.64
2017-05-11,32.21,33.20,33.39,31.21,10240,33243531.00,6.70,2.06,0.67,4.10
2017-05-12,33.30,33.11,33.87,32.77,9136,30515756.00,3.31,-0.27,-0.09,3.65
2017-05-15,33.29,32.70,33.29,32.51,8055,26350763.00,2.36,-1.24,-0.41,3.22
2017-05-16,32.68,34.34,34.49,32.00,21456,72292005.00,7.61,5.02,1.64,8.58
2017-05-17,34.00,34.70,34.70,33.87,18697,64009499.00,2.42,1.05,0.36,7.48
2017-05-18,34.21,34.11,34.69,34.01,10905,37444043.00,1.96,-1.70,-0.59,4.36
2017-05-19,34.38,34.78,37.51,34.37,25322,90176511.00,9.21,1.96,0.67,10.13
2017-05-22,34.72,32.54,35.08,32.51,14770,49677388.00,7.39,-6.44,-2.24,5.91
2017-05-23,32.10,29.29,32.29,29.29,18074,55361647.00,9.22,-9.99,-3.25,7.23
2017-05-24,28.86,28.90,29.49,27.10,9488,27023148.00,8.16,-1.33,-0.39,3.80
2017-05-25,28.85,29.04,29.48,28.13,9343,26875392.00,4.67,0.48,0.14,3.74
2017-05-26,28.98,29.18,29.63,28.71,6161,17937332.00,3.17,0.48,0.14,2.46
2017-05-31,30.22,29.22,30.57,29.18,12021,36016922.00,4.76,0.14,0.04,4.81
2017-06-01,29.10,26.89,29.10,26.88,10422,29153035.00,7.60,-7.97,-2.33,4.17
2017-06-02,26.60,28.00,28.19,26.30,9906,27036688.00,7.03,4.13,1.11,3.96
2017-06-05,28.60,28.27,28.95,28.07,6508,18532417.00,3.14,0.96,0.27,2.60
2017-06-06,28.36,28.44,28.86,28.01,7621,21600343.00,3.01,0.60,0.17,3.05
2017-06-07,28.44,29.37,29.45,28.40,13492,39257509.00,3.69,3.27,0.93,5.40
2017-06-08,29.37,29.60,30.55,29.31,16897,50493778.00,4.22,0.78,0.23,4.54
2017-06-09,29.58,29.12,29.59,28.63,10437,30305483.00,3.24,-1.62,-0.48,2.81
2017-06-12,29.10,28.18,29.38,28.15,7824,22466786.00,4.22,-3.23,-0.94,2.10
2017-06-13,28.20,29.19,29.30,28.18,9658,27930831.00,3.97,3.58,1.01,2.60
2017-06-14,29.19,29.60,29.78,29.08,9306,27416634.00,2.40,1.40,0.41,2.50
2017-06-15,29.69,30.74,31.50,29.51,15699,48051691.00,6.72,3.85,1.14,4.22
2017-06-16,30.59,30.18,30.96,29.85,10831,32724889.00,3.61,-1.82,-0.56,2.91
2017-06-19,30.20,30.34,30.62,29.99,6737,20399321.00,2.09,0.53,0.16,1.81
2017-06-20,30.64,30.36,30.80,30.25,7779,23684062.00,1.81,0.07,0.02,2.09
2017-06-21,30.79,30.43,31.28,30.01,9792,30005323.00,4.18,0.23,0.07,2.63
2017-06-22,30.45,28.96,30.88,28.58,9750,29113061.00,7.56,-4.83,-1.47,2.62
2017-06-23,28.97,29.50,29.61,28.65,9673,28259502.00,3.31,1.86,0.54,2.60
2017-06-26,29.64,30.33,30.35,29.39,9989,30005713.00,3.25,2.81,0.83,1.95
2017-06-27,20.24,19.76,20.38,19.70,12451,24874707.00,2.24,-34.85,-10.57,1.62
2017-06-28,19.92,20.06,20.88,19.92,23786,48349489.00,4.86,1.52,0.30,3.09
2017-06-29,19.99,19.90,20.35,19.80,13954,27857063.00,2.74,-0.80,-0.16,1.82
2017-06-30,19.92,19.90,20.24,19.56,12347,24478166.00,3.42,0.00,0.00,1.61
2017-07-03,19.88,19.86,20.09,19.50,10804,21384920.00,2.96,-0.20,-0.04,1.41
2017-07-04,19.83,19.61,19.95,19.56,9881,19465287.00,1.96,-1.26,-0.25,1.29
2017-07-05,19.61,20.31,20.45,19.57,20730,41657311.00,4.49,3.57,0.70,2.70
2017-07-06,20.64,20.76,21.37,20.41,38448,80525487.00,4.73,2.22,0.45,5.00
2017-07-07,20.47,20.60,20.69,20.31,20778,42523875.00,1.83,-0.77,-0.16,2.70
2017-07-10,20.45,19.90,20.46,19.90,17199,34511547.00,2.72,-3.40,-0.70,2.24
2017-07-11,19.74,19.51,19.95,19.50,10167,20009239.00,2.26,-1.96,-0.39,1.32
2017-07-12,19.52,19.20,19.65,18.52,14253,27041073.00,5.79,-1.59,-0.31,1.85
2017-07-13,19.10,18.98,19.20,18.89,6962,13225779.00,1.61,-1.15,-0.22,0.91
2017-07-14,18.92,18.83,19.05,18.62,5309,10005035.00,2.27,-0.79,-0.15,0.69
2017-07-17,18.52,16.95,18.74,16.95,13814,24059166.00,9.51,-9.98,-1.88,1.80
2017-07-18,16.95,17.14,17.35,16.81,8271,14122145.00,3.19,1.12,0.19,1.08
2017-07-19,17.05,17.35,17.36,16.97,7614,13067958.00,2.28,1.23,0.21,0.99
2017-07-20,17.34,17.15,17.85,17.07,8851,15447589.00,4.50,-1.15,-0.20,1.15
2017-07-21,17.15,16.96,17.28,16.83,7916,13464989.00,2.62,-1.11,-0.19,1.03
2017-07-24,16.81,17.02,17.11,16.70,6459,10926232.00,2.42,0.35,0.06,0.84
2017-07-25,17.15,17.20,17.25,16.82,6616,11271401.00,2.53,1.06,0.18,0.86
2017-07-26,18.40,18.92,18.92,18.40,19210,36136024.00,3.02,10.00,1.72,2.50
2017-07-27,19.34,20.55,20.81,18.93,77494,156462944.00,9.94,8.62,1.63,10.08
2017-07-28,20.10,19.91,20.27,19.66,43250,86325880.00,2.97,-3.11,-0.64,5.63
2017-07-31,19.90,19.70,19.90,19.32,27700,54287246.00,2.91,-1.05,-0.21,3.60
2017-08-01,19.65,19.26,19.68,19.05,24434,47060198.00,3.20,-2.23,-0.44,3.18
2017-08-02,19.35,18.87,19.35,18.76,18786,35731130.00,3.06,-2.02,-0.39,2.44
2017-08-03,18.63,18.80,19.19,18.63,17690,33466574.00,2.97,-0.37,-0.07,2.30
2017-08-04,18.80,18.20,18.96,18.14,17468,32349830.00,4.36,-3.19,-0.60,2.27
2017-08-07,18.13,18.55,18.56,17.68,11857,21573658.00,4.84,1.92,0.35,1.54
2017-08-08,18.55,18.19,18.56,17.99,11710,21281748.00,3.07,-1.94,-0.36,1.52
2017-08-09,18.25,18.23,18.35,17.91,8475,15432075.00,2.42,0.22,0.04,1.10
2017-08-10,18.23,17.65,18.23,17.50,13757,24518716.00,4.00,-3.18,-0.58,1.79
2017-08-11,17.69,17.68,18.08,17.50,9327,16571240.00,3.29,0.17,0.03,1.21
2017-08-14,17.65,17.97,18.03,17.53,9339,16727074.00,2.83,1.64,0.29,1.21
2017-08-15,17.98,18.41,18.60,17.97,15896,29183550.00,3.51,2.45,0.44,2.07
2017-08-16,18.42,18.42,18.58,18.10,13569,24880128.00,2.61,0.05,0.01,1.77
2017-08-17,18.48,18.52,18.61,18.33,13163,24279319.00,1.52,0.54,0.10,1.71
2017-08-18,18.43,18.06,18.43,18.01,11238,20407015.00,2.27,-2.48,-0.46,1.46
2017-08-21,18.10,18.21,18.22,18.02,7505,13609432.00,1.11,0.83,0.15,0.98
2017-08-22,18.38,18.73,18.95,18.13,22145,41038700.00,4.50,2.86,0.52,2.88
2017-08-23,18.55,19.74,20.01,18.54,41489,79727997.00,7.85,5.39,1.01,5.40
2017-08-24,20.05,19.13,20.05,19.02,31917,62348246.00,5.22,-3.09,-0.61,4.15
2017-08-25,19.20,19.53,19.74,19.20,18665,36380347.00,2.82,2.09,0.40,2.43
2017-08-28,19.45,19.60,19.92,19.45,14501,28591517.00,2.41,0.36,0.07,1.89
2017-08-29,19.60,19.71,19.92,19.50,15683,30900562.00,2.14,0.56,0.11,2.04
2017-08-30,19.71,19.40,19.71,19.14,9982,19411147.00,2.89,-1.57,-0.31,1.30
2017-08-31,19.25,19.74,19.89,19.25,16692,32954093.00,3.30,1.75,0.34,2.17
2017-09-01,19.74,19.57,19.92,19.49,10970,21519081.00,2.18,-0.86,-0.17,1.43
2017-09-04,19.57,19.66,19.74,19.41,7406,14546054.00,1.69,0.46,0.09,0.96
2017-09-05,19.68,20.19,20.29,19.58,22848,45702213.00,3.61,2.70,0.53,2.97
2017-09-06,20.08,20.96,21.00,19.68,25824,52143448.00,6.54,3.81,0.77,3.36
2017-09-07,20.80,20.57,21.29,20.52,30655,64122614.00,3.67,-1.86,-0.39,3.99
2017-09-08,20.64,21.20,21.21,20.20,28849,59756909.00,4.91,3.06,0.63,3.75
2017-09-11,21.10,21.15,21.35,20.71,26342,55418494.00,3.02,-0.24,-0.05,3.43
2017-09-12,21.14,20.92,21.30,20.82,19741,41479392.00,2.27,-1.09,-0.23,2.57
2017-09-13,20.78,21.03,21.15,20.59,15467,32334348.00,2.68,0.53,0.11,2.01
2017-09-14,20.94,21.00,21.28,20.88,15587,32877010.00,1.90,-0.14,-0.03,2.03
2017-09-15,20.89,20.99,21.16,20.80,10658,22342946.00,1.71,-0.05,-0.01,1.39
2017-09-18,21.07,22.15,22.29,21.03,32791,71177204.00,6.00,5.53,1.16,4.27
2017-09-19,22.15,23.05,23.34,21.81,34817,77956219.00,6.91,4.06,0.90,4.53
2017-09-20,23.05,23.60,24.10,22.69,47547,111545578.00,6.12,2.39,0.55,6.19
2017-09-21,23.38,23.05,23.55,22.71,26145,60501822.00,3.56,-2.33,-0.55,3.40
2017-09-22,22.99,23.60,24.50,22.55,30532,71485351.00,8.46,2.39,0.55,3.97
2017-09-25,23.48,23.35,24.29,22.74,27446,64874924.00,6.57,-1.06,-0.25,3.57
2017-09-26,23.35,23.11,23.68,22.81,16171,37586391.00,3.73,-1.03,-0.24,2.10
2017-09-27,23.20,22.60,23.35,22.00,16533,37867800.00,5.84,-2.21,-0.51,2.15
2017-09-28,22.70,22.28,22.84,22.18,17487,39287319.00,2.92,-1.42,-0.32,2.27
2017-09-29,22.51,22.53,22.88,22.30,11680,26389019.00,2.60,1.12,0.25,1.52
2017-10-09,22.76,23.33,23.35,22.64,14197,32823750.00,3.15,3.55,0.80,1.85
2017-10-10,23.34,23.98,24.05,23.11,16456,39165674.00,4.03,2.79,0.65,2.14
2017-10-11,23.80,23.80,24.13,23.71,14624,34828257.00,1.75,-0.75,-0.18,1.90
2017-10-12,23.80,23.24,23.88,23.02,9702,22771654.00,3.61,-2.35,-0.56,1.26
2017-10-13,23.06,23.16,23.38,23.05,6593,15303431.00,1.42,-0.34,-0.08,0.86
2017-10-16,23.15,22.43,23.15,22.39,14734,33414125.00,3.28,-3.15,-0.73,1.92
2017-10-17,22.43,22.68,22.88,22.43,9096,20569165.00,2.01,1.11,0.25,1.18
2017-10-18,22.65,22.75,22.92,22.52,5339,12139643.00,1.76,0.31,0.07,0.69
2017-10-19,22.76,23.53,24.74,22.20,19218,44879170.00,11.16,3.43,0.78,2.50
2017-10-20,23.40,24.27,24.49,23.30,24546,59174548.00,5.06,3.14,0.74,3.19
2017-10-23,24.16,24.49,24.65,23.89,15332,37388832.00,3.13,0.91,0.22,1.99
2017-10-24,24.60,23.95,24.60,23.77,12850,30893514.00,3.39,-2.20,-0.54,1.67
2017-10-25,23.95,23.69,23.98,23.55,8542,20270060.00,1.80,-1.09,-0.26,1.11
2017-10-26,23.70,23.39,23.78,23.29,13785,32386742.00,2.07,-1.27,-0.30,1.79
2017-10-27,23.49,23.47,23.66,23.33,6625,15536405.00,1.41,0.34,0.08,0.86
2017-10-30,23.54,24.08,24.10,23.30,19596,46547549.00,3.41,2.60,0.61,2.55
2017-10-31,24.06,25.24,25.35,23.80,30739,76315733.00,6.44,4.82,1.16,4.00
2017-11-01,25.05,24.87,25.24,24.70,14426,35873706.00,2.14,-1.47,-0.37,1.88
2017-11-02,24.82,24.98,25.05,24.55,12992,32186207.00,2.01,0.44,0.11,1.69
2017-11-03,24.72,24.48,25.25,24.48,11752,29136241.00,3.08,-2.00,-0.50,1.53
2017-11-06,24.48,26.20,26.40,23.61,56411,140579009.00,11.40,7.03,1.72,7.34
2017-11-07,26.00,26.73,26.77,25.50,29142,76496964.00,4.85,2.02,0.53,3.79
2017-11-08,26.55,26.01,27.19,26.01,18766,49957792.00,4.41,-2.69,-0.72,2.44
2017-11-09,26.38,26.93,27.20,26.00,21019,55898025.00,4.61,3.54,0.92,2.73
2017-11-10,26.67,27.82,28.19,26.67,34881,95820659.00,5.64,3.30,0.89,4.54
2017-11-13,27.82,27.65,28.39,26.75,48481,132628502.00,5.90,-0.61,-0.17,6.31
2017-11-14,27.51,26.89,27.66,26.80,34988,95350037.00,3.11,-2.75,-0.76,4.55
2017-11-15,26.85,26.81,27.39,26.53,20294,54618764.00,3.20,-0.30,-0.08,2.64
2017-11-16,26.90,26.93,27.15,26.70,24841,66764437.00,1.68,0.45,0.12,3.23
2017-11-17,26.90,28.90,29.19,25.80,57858,158230718.00,12.59,7.32,1.97,7.53
2017-11-20,28.68,29.70,29.70,28.10,50134,144870298.00,5.54,2.77,0.80,6.52
2017-11-21,29.13,29.10,30.00,26.73,68577,200297998.00,11.01,-2.02,-0.60,8.92
2017-11-22,28.30,27.59,28.85,26.60,47261,129533635.00,7.73,-5.19,-1.51,6.15
2017-11-23,26.93,27.74,27.90,26.06,45855,124240196.00,6.67,0.54,0.15,5.96
2017-11-24,27.74,27.75,28.35,27.31,25396,70876157.00,3.75,0.04,0.01,3.30
2017-11-27,27.50,27.22,27.75,27.04,14230,38910991.00,2.56,-1.91,-0.53,1.85
2017-11-28,27.22,27.30,27.66,26.92,10758,29266062.00,2.72,0.29,0.08,1.40
2017-11-29,26.94,27.12,27.56,26.86,11900,32249913.00,2.56,-0.66,-0.18,1.55
2017-11-30,26.92,27.13,27.30,26.33,12089,32588912.00,3.58,0.04,0.01,1.57
2017-12-01,27.28,27.20,27.28,26.87,8493,23018404.00,1.51,0.26,0.07,1.10
2017-12-04,27.00,26.93,27.25,26.66,8482,22823448.00,2.17,-0.99,-0.27,1.10
2017-12-05,26.45,26.94,26.98,26.23,15959,42483784.00,2.78,0.04,0.01,2.08
2017-12-06,26.68,26.93,26.95,26.29,12576,33481351.00,2.45,-0.04,-0.01,1.64
2017-12-07,26.91,26.88,26.93,26.40,11088,29578023.00,1.97,-0.19,-0.05,1.44
2017-12-08,26.05,26.69,26.78,26.05,8601,22794268.00,2.72,-0.71,-0.19,1.12
2017-12-11,26.43,26.77,26.89,26.27,6751,17986475.00,2.32,0.30,0.08,0.88
2017-12-12,26.77,26.66,26.90,26.51,3957,10525853.00,1.46,-0.41,-0.11,0.51
2017-12-13,26.65,26.45,26.65,26.15,6608,17450369.00,1.88,-0.79,-0.21,0.86
2017-12-14,26.38,27.26,27.26,26.20,9763,26218069.00,4.01,3.06,0.81,1.27
2017-12-15,27.29,27.50,28.33,27.26,20279,56658975.00,3.93,0.88,0.24,2.64
2017-12-18,27.49,27.81,27.88,26.94,10535,29059750.00,3.42,1.13,0.31,1.37
2017-12-19,27.82,27.08,28.12,27.08,10690,29435087.00,3.74,-2.62,-0.73,1.39
2017-12-20,27.01,26.67,27.25,26.10,15723,41614830.00,4.25,-1.51,-0.41,2.05
2017-12-21,26.72,26.36,26.72,26.25,5566,14689557.00,1.76,-1.16,-0.31,0.72
2017-12-22,26.36,23.72,26.66,23.72,35496,88444958.00,11.15,-10.02,-2.64,4.62
2017-12-25,21.35,21.35,22.15,21.35,16755,35871172.00,3.37,-9.99,-2.37,2.18
2017-12-26,19.22,22.10,22.39,19.22,131967,261191361.00,14.85,3.51,0.75,17.17
2017-12-27,20.79,22.11,22.38,20.59,63939,138066301.00,8.10,0.05,0.01,8.32
2017-12-28,22.48,22.11,22.48,20.80,39606,86089248.00,7.60,0.00,0.00,5.15
2017-12-29,22.20,22.11,22.20,21.37,12125,26611998.00,3.75,0.00,0.00,1.58
2018-01-02,22.47,22.13,22.47,21.85,13113,29023332.00,2.80,0.09,0.02,1.71
2018-01-03,22.08,21.77,22.08,21.75,11502,25138461.00,1.49,-1.63,-0.36,1.50
2018-01-04,21.76,21.75,21.98,21.42,10581,22928166.00,2.57,-0.09,-0.02,1.38
2018-01-05,21.77,21.75,21.86,21.57,9682,21014224.00,1.33,0.00,0.00,1.26
2018-01-08,21.80,21.70,22.02,21.55,9514,20624918.00,2.16,-0.23,-0.05,1.24
2018-01-09,21.46,21.53,21.83,21.40,9869,21217601.00,1.98,-0.78,-0.17,1.28
2018-01-10,21.71,22.94,23.66,21.45,27307,61146739.00,10.26,6.55,1.41,3.55
2018-01-11,22.61,22.70,23.23,22.43,15197,34638980.00,3.49,-1.05,-0.24,1.98
2018-01-12,22.34,22.40,22.77,22.20,7117,15992935.00,2.51,-1.32,-0.30,0.93
2018-01-15,22.54,21.81,22.54,21.61,7663,16860607.00,4.15,-2.63,-0.59,1.00
2018-01-16,21.76,21.73,21.99,21.53,5609,12155224.00,2.11,-0.37,-0.08,0.73
2018-01-17,21.87,22.00,22.47,20.00,19069,40790551.00,11.37,1.24,0.27,2.48
2018-01-18,21.76,21.96,22.06,21.52,8207,17960436.00,2.45,-0.18,-0.04,1.07
2018-01-19,21.71,21.90,22.17,21.70,6342,13929820.00,2.14,-0.27,-0.06,0.83
2018-01-22,21.89,21.52,21.89,21.40,7419,16021352.00,2.24,-1.74,-0.38,0.97
2018-01-23,21.59,21.28,21.69,21.24,4658,9983367.00,2.09,-1.12,-0.24,0.61
2018-01-24,21.20,21.43,21.51,21.07,5727,12229555.00,2.07,0.70,0.15,0.74
2018-01-25,21.43,21.19,21.66,21.13,5208,11091300.00,2.47,-1.12,-0.24,0.68
2018-01-26,21.19,20.96,21.19,19.51,25489,51996416.00,7.93,-1.09,-0.23,3.32
2018-01-29,20.49,20.67,20.93,20.20,12153,25139608.00,3.48,-1.38,-0.29,1.58
2018-01-30,20.88,20.80,20.88,20.31,5881,12166531.00,2.76,0.63,0.13,0.77
2018-01-31,20.81,20.72,21.20,20.52,7506,15592163.00,3.27,-0.38,-0.08,0.98
2018-02-01,20.86,20.70,20.86,20.00,9443,19441024.00,4.15,-0.10,-0.02,1.23
2018-02-02,20.34,18.63,20.68,18.63,37790,71856911.00,9.90,-10.00,-2.07,4.92
2018-02-05,16.77,16.77,17.45,16.77,15183,25608870.00,3.65,-9.98,-1.86,1.98
2018-02-06,15.09,15.09,15.09,15.09,5241,7908669.00,0.00,-10.02,-1.68,0.68
2018-02-07,13.58,13.60,14.88,13.58,94693,129296778.00,8.61,-9.87,-1.49,12.32
2018-02-08,13.25,13.17,13.41,12.73,44330,58131831.00,5.00,-3.16,-0.43,5.77
2018-02-09,12.32,11.95,12.76,11.87,36204,44619634.00,6.76,-9.26,-1.22,4.71
2018-02-12,12.14,12.45,12.80,12.13,23377,29135729.00,5.61,4.18,0.50,3.04
2018-02-13,12.56,12.22,12.64,12.22,15772,19561888.00,3.37,-1.85,-0.23,2.05
2018-02-14,12.20,12.30,12.37,12.16,10868,13305510.00,1.72,0.65,0.08,1.41
2018-02-22,12.44,12.51,12.65,12.35,10284,12838857.00,2.44,1.71,0.21,1.34
2018-02-23,12.62,12.74,12.95,12.50,15783,20137376.00,3.60,1.84,0.23,2.05
2018-02-26,12.75,13.32,13.39,12.75,19983,26293213.00,5.02,4.55,0.58,2.60
2018-02-27,13.35,13.59,13.84,13.10,27580,37201530.00,5.56,2.03,0.27,3.59
2018-02-28,13.31,13.33,13.62,13.23,18509,24811512.00,2.87,-1.91,-0.26,2.41
2018-05-29,14.66,14.66,14.66,14.66,8275,12131018.00,0.00,9.98,1.33,1.08
2018-05-30,15.47,15.04,16.13,14.89,78376,120512805.00,8.46,2.59,0.38,10.20
2018-05-31,14.00,14.26,14.55,13.66,50983,71956662.00,5.92,-5.19,-0.78,6.63
2018-06-01,14.01,12.85,14.03,12.83,43853,58254388.00,8.42,-9.89,-1.41,5.70
2018-06-04,12.70,14.14,14.14,12.54,30921,41635241.00,12.45,10.04,1.29,4.02
2018-06-05,15.06,15.55,15.55,14.70,55838,85111025.00,6.01,9.97,1.41,7.26
2018-06-06,16.21,15.67,17.00,15.00,97645,156674429.00,12.86,0.77,0.12,12.70
2018-06-07,15.76,14.99,15.90,14.80,53431,81185184.00,7.02,-4.34,-0.68,6.95
2018-06-08,14.99,14.69,15.97,14.69,46426,70783641.00,8.54,-2.00,-0.30,6.04
2018-06-11,14.54,14.51,14.68,14.01,33518,48116586.00,4.56,-1.23,-0.18,4.36
2018-06-12,14.62,14.40,14.77,13.79,34222,48624922.00,6.75,-0.76,-0.11,4.45
2018-06-13,14.42,15.84,15.84,14.05,49872,75133759.00,12.43,10.00,1.44,6.49
2018-06-14,16.45,16.25,17.27,15.90,105337,173873020.00,8.65,2.59,0.41,13.70
2018-06-15,15.20,16.02,16.26,15.00,65197,101412105.00,7.75,-1.42,-0.23,8.48
2018-06-19,15.30,14.42,15.59,14.42,38097,56903631.00,7.30,-9.99,-1.60,4.96
2018-06-20,13.55,15.25,15.50,13.55,53706,78894863.00,13.52,5.76,0.83,6.99
2018-06-21,15.34,14.70,15.52,14.66,40534,60571372.00,5.64,-3.61,-0.55,5.27
2018-06-22,14.05,14.31,14.93,14.02,28529,41390588.00,6.19,-2.65,-0.39,3.71
2018-06-25,14.40,15.74,15.74,14.40,26780,41437867.00,9.36,9.99,1.43,3.48
2018-06-26,16.21,17.31,17.31,15.90,111657,184790297.00,8.96,9.97,1.57,14.52
2018-06-27,17.56,17.81,18.85,16.67,119219,208493595.00,12.59,2.89,0.50,15.51
2018-06-28,17.35,18.61,19.50,16.88,125410,227750916.00,14.71,4.49,0.80,16.31
2018-06-29,18.06,18.34,19.18,17.61,92075,169709768.00,8.44,-1.45,-0.27,11.98
2018-07-02,18.41,17.67,18.41,17.25,61546,109192103.00,6.32,-3.65,-0.67,8.01
2018-07-03,17.53,17.74,17.84,17.31,46496,81907394.00,3.00,0.40,0.07,6.05
2018-07-04,17.50,16.71,17.51,16.33,47596,80275458.00,6.65,-5.81,-1.03,6.19
2018-07-05,16.76,16.18,16.80,15.74,40947,66218305.00,6.34,-3.17,-0.53,5.33
2018-07-06,15.85,16.60,17.11,15.84,45690,75044897.00,7.85,2.60,0.42,5.94
2018-07-09,16.59,17.63,18.10,16.26,57175,98897143.00,11.08,6.20,1.03,7.44
2018-07-10,17.46,17.53,17.69,17.21,41586,72452660.00,2.72,-0.57,-0.10,5.41
2018-07-11,17.00,16.51,17.00,16.13,36623,60724522.00,4.96,-5.82,-1.02,4.76
2018-07-12,16.73,17.74,18.00,16.60,58898,103147010.00,8.48,7.45,1.23,7.66
2018-07-13,17.45,17.13,17.60,17.11,37551,65052646.00,2.76,-3.44,-0.61,4.88
2018-07-16,17.26,17.79,18.45,17.11,60894,109145163.00,7.82,3.85,0.66,7.92
2018-07-17,18.01,18.03,18.68,17.18,45798,81711596.00,8.43,1.35,0.24,5.96
2018-07-18,17.73,17.68,18.15,17.53,34277,60939905.00,3.44,-1.94,-0.35,4.46
2018-07-19,17.60,17.05,17.67,16.91,24935,42848985.00,4.30,-3.56,-0.63,3.24
2018-07-20,17.11,17.17,17.30,16.90,15329,26275490.00,2.35,0.70,0.12,1.99
2018-07-23,17.19,16.93,17.19,16.67,16903,28506991.00,3.03,-1.40,-0.24,2.20
2018-07-24,16.82,16.73,16.89,16.08,29730,49024086.00,4.78,-1.18,-0.20,3.87
2018-07-25,16.72,16.49,16.91,16.40,17727,29449501.00,3.05,-1.43,-0.24,2.31
2018-07-26,16.41,15.78,16.63,15.72,26385,42471515.00,5.52,-4.31,-0.71,3.43
2018-07-27,15.71,14.86,16.00,14.80,30323,46091865.00,7.60,-5.83,-0.92,3.94
2018-07-30,14.80,15.08,15.14,14.79,18553,27736959.00,2.36,1.48,0.22,2.41
2018-07-31,14.99,14.85,15.15,14.80,11988,17946782.00,2.32,-1.53,-0.23,1.56
2018-08-01,15.00,15.83,16.34,14.92,57751,92199711.00,9.56,6.60,0.98,7.51
2018-08-02,15.23,14.59,15.40,14.30,38002,56012067.00,6.95,-7.83,-1.24,4.94
2018-08-03,14.10,14.54,14.97,14.10,18085,26552545.00,5.96,-0.34,-0.05,2.35
2018-08-06,14.00,13.43,14.51,13.22,20183,27928685.00,8.87,-7.63,-1.11,2.63
2018-08-07,13.63,13.80,13.88,13.34,15032,20570739.00,4.02,2.76,0.37,1.96
2018-08-08,13.71,13.49,13.96,13.37,16525,22741521.00,4.28,-2.25,-0.31,2.15
2018-08-09,13.39,13.83,14.50,13.31,19734,27573731.00,8.82,2.52,0.34,2.57
2018-08-10,13.85,13.99,14.00,13.76,12641,17562071.00,1.74,1.16,0.16,1.64
2018-08-13,13.77,14.00,14.18,13.50,13795,19166919.00,4.86,0.07,0.01,1.79
2018-08-14,14.15,14.45,14.52,13.64,19816,28169426.00,6.29,3.21,0.45,2.58
2018-08-15,14.40,13.93,14.68,13.81,19118,27041543.00,6.02,-3.60,-0.52,2.49
2018-08-16,13.69,13.57,13.92,13.40,12283,16771013.00,3.73,-2.58,-0.36,1.60
2018-08-17,13.98,13.29,13.98,13.22,14508,19745404.00,5.60,-2.06,-0.28,1.89
2018-08-20,13.21,13.60,13.60,13.08,12740,17101438.00,3.91,2.33,0.31,1.66
2018-08-21,13.56,13.90,14.50,13.44,19649,27408366.00,7.79,2.21,0.30,2.56
2018-08-22,13.75,13.48,13.81,13.44,11809,16090931.00,2.66,-3.02,-0.42,1.54
2018-08-23,13.48,13.50,13.67,13.25,8572,11561323.00,3.12,0.15,0.02,1.12
2018-08-24,13.56,13.31,13.60,13.23,8686,11635103.00,2.74,-1.41,-0.19,1.13
2018-08-27,13.46,13.57,13.60,13.33,9300,12563332.00,2.03,1.95,0.26,1.21
2018-08-28,13.55,13.71,13.77,13.46,11869,16183964.00,2.28,1.03,0.14,1.54
2018-08-29,13.61,13.72,14.45,13.52,18673,26031860.00,6.78,0.07,0.01,2.43
2018-08-30,13.41,13.34,13.68,13.28,14005,18811300.00,2.92,-2.77,-0.38,1.82
2018-08-31,13.19,12.70,13.44,12.66,14246,18375391.00,5.85,-4.80,-0.64,1.85
2018-09-03,12.70,12.69,12.89,12.38,6772,8528516.00,4.02,-0.08,-0.01,0.88
2018-09-04,12.68,12.85,12.93,12.47,6898,8829483.00,3.62,1.26,0.16,0.90
2018-09-05,12.98,12.78,13.11,12.76,8728,11295459.00,2.72,-0.54,-0.07,1.14
2018-09-06,12.78,12.50,12.91,12.40,7734,9786517.00,3.99,-2.19,-0.28,1.01
2018-09-07,12.53,12.62,12.76,12.42,6765,8532656.00,2.72,0.96,0.12,0.88
2018-09-10,12.58,12.30,12.71,12.20,7518,9314685.00,4.04,-2.54,-0.32,0.98
2018-09-11,12.40,12.37,12.44,12.27,5333,6593915.00,1.38,0.57,0.07,0.69
2018-09-12,12.49,12.49,12.49,12.27,4690,5818368.00,1.78,0.97,0.12,0.61
2018-09-13,12.49,12.56,12.61,12.31,6129,7648018.00,2.40,0.56,0.07,0.80
2018-09-14,12.56,12.36,12.65,12.35,6915,8654631.00,2.39,-1.59,-0.20,0.90
2018-09-17,12.32,11.81,12.43,11.77,9612,11496740.00,5.34,-4.45,-0.55,1.25
2018-09-18,11.87,12.01,12.08,11.76,7117,8474333.00,2.71,1.69,0.20,0.93
2018-09-19,12.06,12.15,12.32,11.92,8301,10090878.00,3.33,1.17,0.14,1.08
2018-09-20,12.13,12.36,12.86,12.10,15345,19071543.00,6.26,1.73,0.21,2.00
2018-09-21,12.40,12.27,12.40,11.97,11667,14238917.00,3.48,-0.73,-0.09,1.52
2018-09-25,12.24,12.47,12.58,12.03,9767,12063464.00,4.48,1.63,0.20,1.27
2018-09-26,12.50,12.41,12.52,12.36,8714,10825164.00,1.28,-0.48,-0.06,1.13
2018-09-27,12.45,11.97,12.48,11.91,9558,11615439.00,4.59,-3.55,-0.44,1.24
2018-09-28,11.97,12.13,12.25,11.97,4593,5555680.00,2.34,1.34,0.16,0.60
2018-10-08,12.13,11.61,12.15,11.58,7570,8940971.00,4.70,-4.29,-0.52,0.98
2018-10-09,11.61,11.74,11.87,11.45,4972,5832808.00,3.62,1.12,0.13,0.65
2018-10-10,11.74,12.20,12.55,11.69,15162,18354562.00,7.33,3.92,0.46,1.97
2018-10-11,11.75,11.04,11.82,10.98,15106,17329156.00,6.89,-9.51,-1.16,1.96
2018-10-12,11.04,10.38,11.04,10.10,12337,12944389.00,8.51,-5.98,-0.66,1.60
2018-10-15,10.46,10.42,10.86,10.38,6373,6701753.00,4.62,0.39,0.04,0.83
2018-10-16,10.30,10.08,10.59,10.03,6480,6665288.00,5.37,-3.26,-0.34,0.84
2018-10-17,10.46,10.24,10.48,10.04,6143,6264947.00,4.37,1.59,0.16,0.80
2018-10-18,10.25,9.84,10.28,9.82,7661,7662015.00,4.49,-3.91,-0.40,1.00
2018-10-19,9.80,10.10,10.10,9.46,12468,12203045.00,6.50,2.64,0.26,1.62
2018-10-22,10.82,10.97,10.98,10.58,24075,25909418.00,3.96,8.61,0.87,3.13
2018-10-23,10.73,10.65,10.80,10.55,15387,16422349.00,2.28,-2.92,-0.32,2.00
2018-10-24,10.65,10.60,10.77,10.55,10812,11507777.00,2.07,-0.47,-0.05,1.41
2018-10-25,10.43,10.40,10.52,10.15,8242,8509930.00,3.49,-1.89,-0.20,1.07
2018-10-26,10.43,10.60,10.68,10.30,8956,9458904.00,3.65,1.92,0.20,1.17
2018-10-29,10.66,10.62,10.67,10.48,7299,7708172.00,1.79,0.19,0.02,0.95
2018-10-30,10.36,10.73,10.78,10.36,8366,8926590.00,3.95,1.04,0.11,1.09
2018-10-31,10.75,11.80,11.80,10.75,12009,14061576.00,9.79,9.97,1.07,1.56
2018-11-01,12.08,12.19,12.98,11.83,49697,62055394.00,9.75,3.31,0.39,6.46
2018-11-02,12.04,12.41,12.50,11.90,31419,38348015.00,4.92,1.80,0.22,4.09
2018-11-05,12.23,12.18,12.30,11.90,28522,34523063.00,3.22,-1.85,-0.23,3.71
2018-11-06,12.10,12.00,12.14,11.78,17888,21351118.00,2.96,-1.48,-0.18,2.33
2018-11-07,12.00,11.84,12.12,11.80,14921,17772632.00,2.67,-1.33,-0.16,1.94
2018-11-08,11.86,11.86,12.05,11.81,12277,14652259.00,2.03,0.17,0.02,1.60
2018-11-09,11.71,12.04,12.18,11.70,17315,20837683.00,4.05,1.52,0.18,2.25
2018-11-12,12.09,12.14,12.17,11.80,16144,19361119.00,3.07,0.83,0.10,2.10
2018-11-13,11.96,12.43,13.35,11.84,37559,46995078.00,12.44,2.39,0.29,4.89
2018-11-14,12.25,12.24,12.42,12.09,20625,25275748.00,2.65,-1.53,-0.19,2.68
2018-11-15,12.12,12.39,12.41,12.03,18180,22342748.00,3.10,1.23,0.15,2.36
2018-11-16,12.35,12.36,12.43,12.25,14935,18411449.00,1.45,-0.24,-0.03,1.94
2018-11-19,12.34,12.74,13.25,12.04,34202,43635917.00,9.79,3.07,0.38,4.45
2018-11-20,12.51,12.27,12.73,12.25,17221,21490676.00,3.77,-3.69,-0.47,2.24
2018-11-21,12.00,12.49,12.51,11.90,12853,15837349.00,4.97,1.79,0.22,1.67
2018-11-22,12.55,13.11,13.23,12.41,37920,49032152.00,6.57,4.96,0.62,4.93
2018-11-23,12.98,13.82,14.36,12.75,69123,93620007.00,12.28,5.42,0.71,8.99
2018-11-26,13.37,14.23,14.50,13.05,61861,85346986.00,10.49,2.97,0.41,8.05
2018-11-27,13.90,13.82,14.18,13.45,42386,58475833.00,5.13,-2.88,-0.41,5.51
2018-11-28,13.66,13.34,13.75,13.09,28852,38393312.00,4.78,-3.47,-0.48,3.75
2018-11-29,13.37,13.00,13.65,13.00,26425,35195549.00,4.87,-2.55,-0.34,3.44
2018-11-30,13.02,12.45,13.03,12.09,28117,35143254.00,7.23,-4.23,-0.55,3.66
2018-12-03,12.61,12.59,12.81,12.49,20452,25857978.00,2.57,1.12,0.14,2.66
2018-12-04,12.60,13.07,13.12,12.54,22583,29002278.00,4.61,3.81,0.48,2.94
2018-12-05,12.74,12.59,12.85,12.59,16213,20555906.00,1.99,-3.67,-0.48,2.11
2018-12-06,12.58,12.34,12.71,12.34,12260,15367250.00,2.94,-1.99,-0.25,1.59
2018-12-07,12.31,12.37,12.60,12.30,6102,7550701.00,2.43,0.24,0.03,0.79
2018-12-10,12.26,12.75,12.84,12.10,20190,25418869.00,5.98,3.07,0.38,2.63
2018-12-11,12.65,12.76,13.00,12.61,14239,18191499.00,3.06,0.08,0.01,1.85
2018-12-12,12.76,12.43,12.87,12.34,12059,15100264.00,4.15,-2.59,-0.33,1.57
2018-12-13,12.32,12.42,12.56,12.29,7930,9875784.00,2.17,-0.08,-0.01,1.03
2018-12-14,12.43,12.19,12.50,12.16,7676,9429493.00,2.74,-1.85,-0.23,1.00
2018-12-17,11.97,12.38,12.39,11.96,5050,6163566.00,3.53,1.56,0.19,0.66
2018-12-18,12.36,12.57,12.75,12.21,11177,14029222.00,4.36,1.53,0.19,1.45
2018-12-19,12.60,12.19,12.60,12.13,8863,10894346.00,3.74,-3.02,-0.38,1.15
2018-12-20,12.19,12.29,12.48,12.16,3940,4830928.00,2.63,0.82,0.10,0.51
2018-12-21,12.12,12.29,12.43,12.12,4107,5047049.00,2.52,0.00,0.00,0.53
2018-12-24,12.29,12.35,12.39,12.21,6212,7645849.00,1.46,0.49,0.06,0.81
2018-12-25,12.30,12.13,12.30,12.00,8432,10215628.00,2.43,-1.78,-0.22,1.10
2018-12-26,12.30,12.26,12.44,12.14,3803,4662406.00,2.47,1.07,0.13,0.49
2018-12-27,12.43,12.02,12.43,12.00,4798,5848761.00,3.51,-1.96,-0.24,0.62
2018-12-28,12.02,12.03,12.25,11.96,3610,4359766.00,2.41,0.08,0.01,0.47
2019-01-02,12.12,12.05,12.31,12.03,2910,3526401.00,2.33,0.17,0.02,0.38
2019-01-03,12.00,12.05,12.22,12.00,3263,3938962.00,1.83,0.00,0.00,0.42
2019-01-04,12.00,12.25,12.29,11.90,7523,9128644.00,3.24,1.66,0.20,0.98
2019-01-07,12.28,12.53,12.54,12.22,10453,12954847.00,2.61,2.29,0.28,1.36
2019-01-08,12.48,12.46,12.72,12.37,8037,10056878.00,2.79,-0.56,-0.07,1.05
2019-01-09,12.48,12.30,12.65,12.24,8913,11111229.00,3.29,-1.28,-0.16,1.16
2019-01-10,12.29,12.26,12.41,12.23,6639,8171959.00,1.46,-0.33,-0.04,0.86
2019-01-11,12.44,12.31,12.45,12.18,5739,7033731.00,2.20,0.41,0.05,0.75
2019-01-14,12.31,12.53,12.54,12.23,8340,10355222.00,2.52,1.79,0.22,1.08
2019-01-15,12.52,12.58,12.66,12.40,7358,9183467.00,2.08,0.40,0.05,0.96
2019-01-16,12.58,12.41,12.58,12.39,5222,6501194.00,1.51,-1.35,-0.17,0.68
2019-01-17,12.48,12.26,12.48,12.24,5205,6413304.00,1.93,-1.21,-0.15,0.68
2019-01-18,12.26,12.21,12.32,12.19,4370,5344953.00,1.06,-0.41,-0.05,0.57
2019-01-21,12.07,12.29,12.33,12.07,2999,3682452.00,2.13,0.66,0.08,0.39
2019-01-22,12.29,12.25,12.48,12.23,4018,4962811.00,2.03,-0.33,-0.04,0.52
2019-01-23,12.42,12.20,12.42,12.20,2790,3412805.00,1.80,-0.41,-0.05,0.36
2019-01-24,12.33,12.12,12.33,12.09,5175,6296859.00,1.97,-0.66,-0.08,0.67
2019-01-25,12.10,12.15,12.47,12.10,5157,6329833.00,3.05,0.25,0.03,0.67
2019-01-28,12.15,12.08,12.33,12.00,4463,5425711.00,2.72,-0.58,-0.07,0.58
2019-01-29,12.08,11.80,12.30,10.88,6560,7794146.00,11.75,-2.32,-0.28,0.85
2019-01-30,11.12,11.65,12.00,11.12,3912,4590263.00,7.46,-1.27,-0.15,0.51
2019-01-31,11.75,11.56,11.88,11.52,5747,6708683.00,3.09,-0.77,-0.09,0.75
2019-02-01,11.66,11.78,11.80,11.57,4223,4930264.00,1.99,1.90,0.22,0.55
2019-02-11,12.00,12.29,12.50,12.00,9812,12024452.00,4.24,4.33,0.51,1.28
2019-02-12,12.30,12.30,12.47,12.19,8528,10519019.00,2.28,0.08,0.01,1.11
2019-02-13,12.45,12.70,12.72,12.23,12701,15793844.00,3.98,3.25,0.40,1.65
2019-02-14,12.56,12.58,12.67,12.42,9453,11883786.00,1.97,-0.94,-0.12,1.23
2019-02-15,12.57,12.46,12.57,12.43,6282,7836484.00,1.11,-0.95,-0.12,0.82
2019-02-18,12.49,13.19,13.47,12.49,20294,26000002.00,7.87,5.86,0.73,2.64
2019-02-19,13.03,12.89,13.10,12.79,16505,21314771.00,2.35,-2.27,-0.30,2.15
2019-02-20,12.93,12.76,12.93,12.64,7006,8936178.00,2.25,-1.01,-0.13,0.91
2019-02-21,12.72,12.64,12.88,12.60,9124,11654257.00,2.19,-0.94,-0.12,1.19
2019-02-22,12.65,13.16,13.28,12.65,22089,28752511.00,4.98,4.11,0.52,2.87
2019-02-25,13.30,13.99,14.45,13.10,38218,52157937.00,10.26,6.31,0.83,4.97
2019-02-26,13.92,13.50,13.92,13.50,27916,38024676.00,3.00,-3.50,-0.49,3.63
2019-02-27,13.47,13.42,13.74,13.36,13664,18504273.00,2.81,-0.59,-0.08,1.78
2019-02-28,13.45,13.58,13.69,13.45,8513,11552232.00,1.79,1.19,0.16,1.11
2019-03-01,13.58,13.55,13.73,13.46,8459,11469433.00,1.99,-0.22,-0.03,1.10
2019-03-04,14.50,13.55,14.50,13.51,17820,24769781.00,7.31,0.00,0.00,2.32
2019-03-05,13.64,13.90,13.92,13.61,15694,21598132.00,2.29,2.58,0.35,2.04
2019-03-06,13.90,14.05,14.13,13.65,23699,32910357.00,3.45,1.08,0.15,3.08
2019-03-07,14.35,14.25,14.36,14.00,23604,33471912.00,2.56,1.42,0.20,3.07
2019-03-08,14.09,13.35,14.12,13.26,19216,26546360.00,6.04,-6.32,-0.90,2.50
2019-03-11,13.40,13.94,13.98,13.22,12818,17575426.00,5.69,4.42,0.59,1.67
2019-03-12,14.01,14.60,14.80,14.01,36500,52729669.00,5.67,4.73,0.66,4.75
2019-03-13,14.39,14.13,14.53,14.03,20546,29357774.00,3.42,-3.22,-0.47,2.67
2019-03-14,14.15,13.57,14.15,13.54,13482,18494431.00,4.32,-3.96,-0.56,1.75
2019-03-15,13.59,13.84,13.96,13.59,8360,11556118.00,2.73,1.99,0.27,1.09
2019-03-18,13.83,14.98,14.98,13.72,17434,24782964.00,9.10,8.24,1.14,2.27
2019-03-19,14.80,14.74,14.84,14.37,22384,32591536.00,3.14,-1.60,-0.24,2.91
2019-03-20,14.73,14.90,14.90,14.17,23664,34177173.00,4.95,1.09,0.16,3.08
2019-03-21,14.70,15.79,16.30,14.60,60803,94226636.00,11.41,5.97,0.89,7.91
2019-03-22,15.49,15.70,15.71,15.10,33355,51434936.00,3.86,-0.57,-0.09,4.34
2019-03-25,15.20,15.10,15.45,15.00,19048,29038504.00,2.87,-3.82,-0.60,2.48
2019-03-26,15.09,14.49,15.59,14.36,16096,23812256.00,8.15,-4.04,-0.61,2.09
2019-03-27,14.50,15.27,15.27,14.50,21121,31475786.00,5.31,5.38,0.78,2.75
2019-03-28,15.29,15.08,15.46,14.96,15429,23417716.00,3.27,-1.24,-0.19,2.01
2019-03-29,15.08,15.37,15.45,14.62,16772,25512693.00,5.50,1.92,0.29,2.18
2019-04-01,15.32,15.92,16.26,15.32,37903,59905445.00,6.12,3.58,0.55,4.93
2019-04-02,15.92,16.15,16.15,15.68,34721,55307286.00,2.95,1.44,0.23,4.52
2019-04-03,16.16,16.48,16.66,16.03,42375,69266306.00,3.90,2.04,0.33,5.51
2019-04-04,16.36,16.03,16.60,15.88,27593,44509765.00,4.37,-2.73,-0.45,3.59
2019-04-08,16.02,15.72,16.15,15.52,18086,28404485.00,3.93,-1.93,-0.31,2.35
2019-04-09,15.70,16.30,16.30,15.55,17403,27617072.00,4.77,3.69,0.58,2.26
2019-04-10,16.15,16.12,16.85,15.90,23601,38304969.00,5.83,-1.10,-0.18,3.07
2019-04-11,16.00,15.52,16.30,15.50,14628,23046431.00,4.96,-3.72,-0.60,1.90
2019-04-12,15.56,16.02,16.15,15.48,20382,32222865.00,4.32,3.22,0.50,2.65
2019-04-15,16.15,15.70,16.15,15.61,11833,18849489.00,3.37,-2.00,-0.32,1.54
2019-04-16,15.69,15.95,15.96,15.60,10114,16011660.00,2.29,1.59,0.25,1.32
2019-04-17,15.83,15.90,16.08,15.83,13710,21871671.00,1.57,-0.31,-0.05,1.78
2019-04-18,15.89,15.68,16.00,15.68,10961,17338868.00,2.01,-1.38,-0.22,1.43
2019-04-19,15.80,15.50,15.88,15.35,12427,19322858.00,3.38,-1.15,-0.18,1.62
2019-04-22,15.52,15.18,15.69,15.09,9821,15112881.00,3.87,-2.06,-0.32,1.28
2019-04-23,15.17,14.82,15.29,14.71,10305,15474142.00,3.82,-2.37,-0.36,1.34
2019-04-24,14.79,15.18,15.25,14.79,6793,10198039.00,3.10,2.43,0.36,0.88
2019-04-25,15.00,14.74,15.42,14.64,8134,12249760.00,5.14,-2.90,-0.44,1.06
2019-04-26,14.61,14.94,15.17,14.59,8382,12527717.00,3.93,1.36,0.20,1.09
2019-04-29,14.95,14.13,14.98,13.84,11767,16902448.00,7.63,-5.42,-0.81,1.53
2019-04-30,14.19,14.44,14.75,14.19,5256,7591521.00,3.96,2.19,0.31,0.68
2019-05-06,14.00,13.56,14.39,13.32,15138,21069782.00,7.41,-6.09,-0.88,1.97
2019-05-07,13.87,14.15,14.28,13.71,10464,14728446.00,4.20,4.35,0.59,1.36
2019-05-08,14.09,14.80,15.55,13.68,21131,30856726.00,13.22,4.59,0.65,2.75
2019-05-09,14.69,14.45,14.87,14.14,21983,31607085.00,4.93,-2.36,-0.35,2.86
2019-05-10,14.69,14.65,14.88,13.91,14352,20876238.00,6.71,1.38,0.20,1.87
2019-05-13,14.44,14.63,14.73,14.32,8476,12356904.00,2.80,-0.14,-0.02,1.10
2019-05-14,14.48,14.21,14.61,14.09,13766,19652610.00,3.55,-2.87,-0.42,1.79
2019-05-15,14.39,14.50,14.60,14.25,9911,14367153.00,2.46,2.04,0.29,1.29
2019-05-16,14.67,14.73,14.79,14.44,10345,15154657.00,2.41,1.59,0.23,1.35
2019-05-17,14.85,14.11,14.85,14.11,10195,14740978.00,5.02,-4.21,-0.62,1.33
2019-05-20,14.07,14.50,14.58,13.94,8302,11880249.00,4.54,2.76,0.39,1.08
2019-05-21,14.69,14.57,14.69,14.40,5636,8187462.00,2.00,0.48,0.07,0.73
2019-05-22,14.55,14.47,14.73,14.30,5755,8312213.00,2.95,-0.69,-0.10,0.75
2019-05-23,14.47,14.24,14.49,14.13,6098,8723180.00,2.49,-1.59,-0.23,0.79
2019-05-24,14.28,14.32,14.43,14.17,3275,4679734.00,1.83,0.56,0.08,0.43
2019-05-27,14.45,14.67,14.68,14.38,5760,8393939.00,2.09,2.44,0.35,0.75
2019-05-28,14.69,14.62,14.76,14.56,4465,6550939.00,1.36,-0.34,-0.05,0.58
2019-05-29,14.54,14.64,14.71,14.53,3135,4587997.00,1.23,0.14,0.02,0.41
2019-05-30,14.64,14.60,14.71,14.34,4875,7067137.00,2.53,-0.27,-0.04,0.63
2019-05-31,14.41,14.28,14.62,14.15,7374,10617205.00,3.22,-2.19,-0.32,0.96
2019-06-03,14.30,14.23,14.50,14.15,6567,9387026.00,2.45,-0.35,-0.05,0.85
2019-06-04,14.18,13.93,14.31,13.82,5709,8008746.00,3.44,-2.11,-0.30,0.74
2019-06-05,13.99,13.82,14.26,13.80,4048,5641116.00,3.30,-0.79,-0.11,0.53
2019-06-06,13.79,13.50,13.86,13.38,4566,6187330.00,3.47,-2.32,-0.32,0.59
2019-06-10,13.53,13.91,14.09,13.40,4984,6871686.00,5.11,3.04,0.41,0.33
2019-06-11,14.00,14.15,14.40,13.83,6288,8879366.00,4.10,1.73,0.24,0.42
2019-06-12,14.05,14.07,14.26,13.95,5359,7563421.00,2.19,-0.57,-0.08,0.36
2019-06-13,13.81,14.14,14.20,13.81,4009,5648244.00,2.77,0.50,0.07,0.27
2019-06-14,14.27,14.02,14.32,13.88,5219,7300471.00,3.11,-0.85,-0.12,0.35
2019-06-17,13.90,14.03,14.09,13.79,3906,5426459.00,2.14,0.07,0.01,0.26
2019-06-18,13.88,13.84,14.02,13.73,4711,6502744.00,2.07,-1.35,-0.19,0.31
2019-06-19,14.09,13.89,14.37,13.85,5974,8334715.00,3.76,0.36,0.05,0.40
2019-06-20,13.89,13.99,14.15,13.78,6884,9614118.00,2.66,0.72,0.10,0.46
2019-06-21,14.11,14.19,14.69,14.06,10582,15162931.00,4.50,1.43,0.20,0.71
2019-06-24,14.15,14.25,14.47,14.15,6865,9806155.00,2.26,0.42,0.06,0.46
2019-06-25,14.25,14.42,14.59,14.09,11236,16119539.00,3.51,1.19,0.17,0.75
2019-06-26,14.16,14.08,14.29,14.05,9765,13795258.00,1.66,-2.36,-0.34,0.65
2019-06-27,14.10,14.08,14.29,14.02,6649,9404900.00,1.92,0.00,0.00,0.44
2019-06-28,14.20,13.81,14.20,13.75,6876,9547076.00,3.20,-1.92,-0.27,0.46
2019-07-01,14.09,14.06,14.10,13.85,8902,12447399.00,1.81,1.81,0.25,0.59
2019-07-02,14.05,14.07,14.11,13.81,7636,10703825.00,2.13,0.07,0.01,0.51
2019-07-03,14.02,14.04,14.18,13.92,7740,10831383.00,1.85,-0.21,-0.03,0.52
2019-07-04,14.18,13.96,14.18,13.82,6086,8490472.00,2.56,-0.57,-0.08,0.41
2019-07-05,13.93,14.00,14.13,13.90,3913,5477285.00,1.65,0.29,0.04,0.26
2019-07-08,13.86,14.01,14.08,13.57,10535,14556080.00,3.64,0.07,0.01,0.70
2019-07-09,13.86,14.02,14.07,13.71,6662,9245218.00,2.57,0.07,0.01,0.44
2019-07-10,13.99,13.79,14.00,13.77,4823,6691421.00,1.64,-1.64,-0.23,0.32
2019-07-11,13.81,13.62,14.21,13.55,7254,10014805.00,4.79,-1.23,-0.17,0.48
2019-07-12,13.61,13.55,13.72,13.45,5167,7004859.00,1.98,-0.51,-0.07,0.34
2019-07-15,13.62,13.63,13.63,13.30,4646,6284600.00,2.44,0.59,0.08,0.31
2019-07-16,13.47,13.98,14.14,13.47,12818,17750397.00,4.92,2.57,0.35,0.85
2019-07-17,13.81,13.90,14.31,13.81,7841,10960644.00,3.58,-0.57,-0.08,0.52
2019-07-18,13.82,13.74,14.05,13.70,4993,6906457.00,2.52,-1.15,-0.16,0.33
2019-07-19,13.79,14.00,14.20,13.75,7806,10942006.00,3.28,1.89,0.26,0.52
2019-07-22,14.00,13.83,14.14,13.81,6529,9080593.00,2.36,-1.21,-0.17,0.44
2019-07-23,13.83,13.93,13.97,13.70,4208,5846849.00,1.95,0.72,0.10,0.28
2019-07-24,13.78,13.89,14.04,13.78,7377,10272495.00,1.87,-0.29,-0.04,0.49
2019-07-25,13.88,13.78,13.93,13.77,6185,8553583.00,1.15,-0.79,-0.11,0.41
2019-07-26,13.77,13.58,13.79,13.56,6270,8535482.00,1.67,-1.45,-0.20,0.42
2019-07-29,13.57,13.77,14.07,13.50,11832,16306865.00,4.20,1.40,0.19,0.79
2019-07-30,13.79,13.75,13.98,13.71,8148,11286382.00,1.96,-0.15,-0.02,0.54
2019-07-31,13.75,13.60,13.81,13.56,3579,4888379.00,1.82,-1.09,-0.15,0.24
2019-08-01,13.60,13.69,13.76,13.51,5857,8005076.00,1.84,0.66,0.09,0.39
2019-08-02,13.43,13.47,13.80,13.41,6902,9341993.00,2.85,-1.61,-0.22,0.46
2019-08-05,13.39,13.31,13.53,13.30,3490,4669534.00,1.71,-1.19,-0.16,0.23
2019-08-06,13.48,12.51,13.48,12.22,11714,14861590.00,9.47,-6.01,-0.80,0.78
2019-08-07,12.51,12.76,12.92,12.51,8993,11460366.00,3.28,2.00,0.25,0.60
2019-08-08,12.76,12.78,12.85,12.68,4228,5392923.00,1.33,0.16,0.02,0.28
2019-08-09,12.91,13.03,13.90,12.63,9322,12193602.00,9.94,1.96,0.25,0.62
2019-08-12,13.03,12.92,13.16,12.74,6704,8661628.00,3.22,-0.84,-0.11,0.45
2019-08-13,12.89,12.88,13.05,12.79,3938,5073365.00,2.01,-0.31,-0.04,0.26
2019-08-14,12.94,13.02,13.12,12.84,5718,7402616.00,2.17,1.09,0.14,0.38
2019-08-15,12.91,12.97,12.98,12.55,4091,5238259.00,3.30,-0.38,-0.05,0.27
2019-08-16,13.33,13.04,13.38,13.02,7008,9231440.00,2.78,0.54,0.07,0.47
2019-08-19,13.12,13.25,13.26,13.05,6736,8878754.00,1.61,1.61,0.21,0.45
2019-08-20,13.27,13.28,13.69,13.23,8240,11055754.00,3.47,0.23,0.03,0.55
2019-08-21,13.28,13.33,13.46,13.20,5417,7206250.00,1.96,0.38,0.05,0.36
2019-08-22,13.44,13.34,13.44,13.22,4451,5921227.00,1.65,0.08,0.01,0.30
2019-08-23,13.27,13.43,13.48,13.27,4991,6682697.00,1.57,0.67,0.09,0.33
2019-08-26,13.25,13.59,13.87,13.25,10841,14816566.00,4.62,1.19,0.16,0.72
2019-08-27,13.57,13.61,13.78,13.53,8318,11374776.00,1.84,0.15,0.02,0.55
2019-08-28,13.60,13.64,13.73,13.51,4010,5454388.00,1.62,0.22,0.03,0.27
2019-08-29,13.64,13.75,13.78,13.54,5971,8160088.00,1.76,0.81,0.11,0.40
2019-08-30,13.75,13.84,14.07,13.60,11220,15534767.00,3.42,0.65,0.09,0.75
2019-09-02,13.80,14.17,14.25,13.78,16232,22848966.00,3.40,2.38,0.33,1.08
2019-09-03,14.15,14.18,14.98,14.06,17787,25368139.00,6.49,0.07,0.01,1.19
2019-09-04,14.22,14.03,14.28,13.93,14530,20461175.00,2.47,-1.06,-0.15,0.97
2019-09-05,14.19,14.21,14.80,14.08,15579,22250884.00,5.13,1.28,0.18,1.04
2019-09-06,14.36,14.39,14.58,14.22,8414,12075759.00,2.53,1.27,0.18,0.56
2019-09-09,14.46,14.62,14.64,14.30,10508,15259672.00,2.36,1.60,0.23,0.70
2019-09-10,14.88,14.81,14.88,14.56,11303,16640701.00,2.19,1.30,0.19,0.75
2019-09-11,14.81,14.69,14.95,14.50,8696,12752075.00,3.04,-0.81,-0.12,0.58
2019-09-12,14.83,14.54,14.83,14.41,6907,10042917.00,2.86,-1.02,-0.15,0.46
2019-09-16,14.55,14.57,14.75,14.48,9677,14154370.00,1.86,0.21,0.03,0.65
2019-09-17,14.65,14.32,14.65,14.26,6010,8676820.00,2.68,-1.72,-0.25,0.40
2019-09-18,14.32,14.24,14.45,14.20,4576,6520401.00,1.75,-0.56,-0.08,0.31
2019-09-19,14.38,14.26,14.38,14.15,4636,6609122.00,1.62,0.14,0.02,0.31
2019-09-20,14.38,14.28,14.58,14.23,5636,8100544.00,2.45,0.14,0.02,0.38
2019-09-23,14.25,14.11,14.25,13.92,5987,8400713.00,2.31,-1.19,-0.17,0.40
2019-09-24,14.02,14.17,14.24,13.99,3764,5316560.00,1.77,0.43,0.06,0.25
2019-09-25,14.12,13.91,14.19,13.90,4872,6817264.00,2.05,-1.83,-0.26,0.32
2019-09-26,13.90,13.88,14.00,13.44,9219,12646217.00,4.03,-0.22,-0.03,0.61
2019-09-27,13.76,14.69,14.69,13.60,25892,37014760.00,7.85,5.84,0.81,1.73
2019-09-30,14.71,14.78,14.78,14.35,19356,28136888.00,2.93,0.61,0.09,1.29
2019-10-08,15.04,14.47,15.22,14.24,19379,28206476.00,6.63,-2.10,-0.31,1.29
2019-10-09,14.18,15.92,15.92,14.01,53146,80913892.00,13.20,10.02,1.45,3.54
2019-10-10,15.92,15.76,16.38,15.46,58029,91743506.00,5.78,-1.01,-0.16,3.87
2019-10-11,15.43,15.45,15.69,15.31,27248,42100355.00,2.41,-1.97,-0.31,1.82
2019-10-14,15.53,15.61,15.78,15.41,25293,39361823.00,2.39,1.04,0.16,1.69
2019-10-15,15.60,15.19,15.60,15.05,19144,29304553.00,3.52,-2.69,-0.42,1.28
2019-10-16,15.30,14.76,15.44,14.62,27015,40169147.00,5.40,-2.83,-0.43,1.80
2019-10-17,14.83,14.24,14.88,14.10,29785,42966927.00,5.28,-3.52,-0.52,1.99
2019-10-18,14.25,13.87,14.34,13.87,15139,21368937.00,3.30,-2.60,-0.37,1.01
2019-10-21,13.82,14.14,14.15,13.66,13329,18540847.00,3.53,1.95,0.27,0.89
2019-10-22,14.15,14.25,14.46,14.04,14263,20299163.00,2.97,0.78,0.11,0.95
2019-10-23,14.20,14.08,14.40,14.06,9572,13618323.00,2.39,-1.19,-0.17,0.64
2019-10-24,14.13,14.86,15.49,13.88,33359,49432254.00,11.43,5.54,0.78,2.22
2019-10-25,14.87,14.76,15.08,14.48,21570,31712371.00,4.04,-0.67,-0.10,1.44
2019-10-28,16.06,15.38,16.06,14.76,51622,80363049.00,8.81,4.20,0.62,3.44
2019-10-29,15.15,15.63,15.95,15.15,49189,76820305.00,5.20,1.63,0.25,3.28
2019-10-30,15.62,14.71,15.63,14.71,31815,48141072.00,5.89,-5.89,-0.92,2.12
2019-10-31,15.45,16.18,16.18,15.21,78142,124920626.00,6.59,9.99,1.47,5.21
2019-11-01,16.68,17.80,17.80,16.52,88232,151598220.00,7.91,10.01,1.62,5.88
2019-11-04,19.58,19.58,19.58,18.81,147600,287499040.00,4.33,10.00,1.78,9.84
2019-11-05,19.20,18.09,20.50,17.79,185039,360209520.00,13.84,-7.61,-1.49,12.34
2019-11-06,17.11,16.75,17.54,16.41,132581,224526715.00,6.25,-7.41,-1.34,8.84
2019-11-07,16.60,17.13,17.33,16.58,103337,175520155.00,4.48,2.27,0.38,6.89
2019-11-08,16.99,16.48,17.58,16.47,87254,148075168.00,6.48,-3.79,-0.65,5.82
2019-11-11,16.20,16.28,16.79,16.12,56161,92071064.00,4.07,-1.21,-0.20,3.74
2019-11-12,16.28,16.32,16.44,15.80,43580,70057083.00,3.93,0.25,0.04,2.91
2019-11-13,16.27,15.82,16.27,15.80,38356,61291538.00,2.88,-3.06,-0.50,2.56
2019-11-14,16.10,15.98,16.18,15.70,36740,58777291.00,3.03,1.01,0.16,2.45
2019-11-15,15.63,15.06,15.83,15.01,52586,80504143.00,5.13,-5.76,-0.92,3.51
2019-11-18,15.03,15.24,15.29,15.03,28187,42796527.00,1.73,1.20,0.18,1.88
2019-11-19,15.53,15.62,15.73,15.25,35882,55531506.00,3.15,2.49,0.38,2.39
2019-11-20,15.72,15.27,15.72,15.24,31050,47793303.00,3.07,-2.24,-0.35,2.07
2019-11-21,15.33,15.85,16.09,15.17,52979,83274298.00,6.02,3.80,0.58,3.53
2019-11-22,15.71,16.69,16.81,15.58,78784,127128012.00,7.76,5.30,0.84,5.25
2019-11-25,16.34,16.27,16.85,16.08,53332,87371414.00,4.61,-2.52,-0.42,3.56
2019-11-26,16.19,15.58,16.34,15.35,40157,63233426.00,6.08,-4.24,-0.69,2.68
2019-11-27,15.57,15.87,16.01,15.18,39287,60974524.00,5.33,1.86,0.29,2.62
2019-11-28,15.70,16.59,16.98,15.49,67842,110140916.00,9.39,4.54,0.72,4.52
2019-11-29,16.41,16.23,16.61,16.13,59916,97678459.00,2.89,-2.17,-0.36,3.99
2019-12-02,16.20,15.76,16.20,15.62,41437,65547209.00,3.57,-2.90,-0.47,2.76
2019-12-03,15.60,16.09,16.09,15.38,32094,50699969.00,4.51,2.09,0.33,2.14
2019-12-04,15.82,15.67,16.09,15.61,24879,39343673.00,2.98,-2.61,-0.42,1.66
2019-12-05,15.72,15.72,15.88,15.56,23396,36844292.00,2.04,0.32,0.05,1.56
2019-12-06,15.72,15.61,15.74,15.50,26354,41085166.00,1.53,-0.70,-0.11,1.76
2019-12-09,15.63,16.44,16.45,15.59,52012,83574606.00,5.51,5.32,0.83,3.47
2019-12-10,16.30,16.33,16.46,16.12,45365,73946995.00,2.07,-0.67,-0.11,3.02
2019-12-11,16.33,16.66,16.85,16.27,63605,105627001.00,3.55,2.02,0.33,4.24
2019-12-12,16.66,16.31,16.81,16.27,43962,72399924.00,3.24,-2.10,-0.35,2.93
2019-12-13,16.44,16.45,16.61,16.24,31088,51103252.00,2.27,0.86,0.14,2.07
2019-12-16,16.53,16.73,16.73,16.31,44463,73594197.00,2.55,1.70,0.28,2.96
2019-12-17,16.61,16.94,16.96,16.61,50768,85126798.00,2.09,1.26,0.21,3.38
2019-12-18,16.90,16.78,16.99,16.67,38249,64234889.00,1.89,-0.94,-0.16,2.55
2019-12-19,16.67,16.79,16.92,16.67,29032,48692572.00,1.49,0.06,0.01,1.94
2019-12-20,16.72,17.27,17.68,16.70,66589,115188713.00,5.84,2.86,0.48,4.44
2019-12-23,17.05,17.80,18.80,17.02,79130,141529884.00,10.31,3.07,0.53,5.28
2019-12-24,17.50,18.99,19.20,17.30,83213,153695270.00,10.67,6.69,1.19,5.55
2019-12-25,18.70,18.37,18.78,18.00,68190,124669198.00,4.11,-3.26,-0.62,4.55
2019-12-26,18.28,18.33,18.33,17.69,57832,103867194.00,3.48,-0.22,-0.04,3.86
2019-12-27,18.25,17.64,18.28,17.56,45772,82044744.00,3.93,-3.76,-0.69,3.05
2019-12-30,17.19,17.39,17.54,16.91,31317,54054746.00,3.57,-1.42,-0.25,2.09
2019-12-31,17.42,18.08,18.22,17.31,42581,76138488.00,5.23,3.97,0.69,2.84
2020-01-02,18.12,18.00,18.28,17.88,42295,76470944.00,2.21,-0.44,-0.08,2.82
2020-01-03,18.21,18.59,19.10,18.21,59552,111752024.00,4.94,3.28,0.59,3.97
2020-01-06,18.03,18.44,18.55,17.75,56822,103697732.00,4.30,-0.81,-0.15,3.79
2020-01-07,18.40,18.31,18.40,18.01,38344,69866333.00,2.11,-0.70,-0.13,2.56
2020-01-08,18.24,17.62,18.31,17.50,36438,65167466.00,4.42,-3.77,-0.69,2.43
2020-01-09,17.88,18.01,18.14,17.68,26811,48109114.00,2.61,2.21,0.39,1.79
2020-01-10,17.96,17.37,18.08,17.36,38364,67438791.00,4.00,-3.55,-0.64,2.56
2020-01-13,17.47,19.11,19.11,17.26,74829,139215564.00,10.65,10.02,1.74,4.99
2020-01-14,19.95,19.29,20.21,19.11,122812,240088733.00,5.76,0.94,0.18,8.19
2020-01-15,19.57,19.25,19.69,18.75,58944,113064186.00,4.87,-0.21,-0.04,3.93
2020-01-16,19.12,19.58,20.48,18.91,72664,142978521.00,8.16,1.71,0.33,4.84
2020-01-17,19.80,20.00,21.18,19.61,72904,147893452.00,8.02,2.15,0.42,4.86
2020-01-20,20.05,20.55,21.07,19.89,62962,127921528.00,5.90,2.75,0.55,4.20
2020-01-21,20.44,19.85,20.48,19.63,44618,89201787.00,4.14,-3.41,-0.70,2.97
2020-01-22,19.44,20.14,20.30,19.22,44027,87409804.00,5.44,1.46,0.29,2.94
2020-01-23,20.05,19.39,20.53,19.00,38334,75763952.00,7.60,-3.72,-0.75,2.56
2020-02-03,17.45,17.45,17.45,17.45,6239,10887055.00,0.00,-10.01,-1.94,0.42
2020-02-04,15.71,16.46,16.73,15.71,52261,85263410.00,5.85,-5.67,-0.99,3.48
2020-02-05,16.69,17.48,17.65,16.58,36509,63073201.00,6.50,6.20,1.02,2.43
2020-02-06,17.34,18.14,18.47,17.10,41221,73546877.00,7.84,3.78,0.66,2.75
2020-02-07,18.37,18.23,18.57,17.70,41931,76220775.00,4.80,0.50,0.09,2.80
2020-02-10,18.31,18.85,19.13,18.27,37230,69598750.00,4.72,3.40,0.62,2.48
2020-02-11,18.95,18.25,19.70,18.12,35996,66739006.00,8.38,-3.18,-0.60,2.40
2020-02-12,18.48,18.27,18.48,17.91,26983,49163764.00,3.12,0.11,0.02,1.80
2020-02-13,18.27,17.91,18.58,17.63,28354,51087479.00,5.20,-1.97,-0.36,1.89
2020-02-14,17.77,17.73,18.00,17.55,24856,44149359.00,2.51,-1.01,-0.18,1.66
2020-02-17,17.60,18.20,18.21,17.60,31863,57354812.00,3.44,2.65,0.47,2.12
2020-02-18,18.24,18.33,18.48,17.99,34250,62365163.00,2.69,0.71,0.13,2.28
2020-02-19,18.36,17.85,18.36,17.80,31699,57301220.00,3.06,-2.62,-0.48,2.11
2020-02-20,17.98,18.41,18.41,17.83,35153,63841736.00,3.25,3.14,0.56,2.34
2020-02-21,18.35,19.35,19.38,18.30,60880,114805927.00,5.87,5.11,0.94,4.06
2020-02-24,19.34,19.78,19.85,19.10,63988,125035572.00,3.88,2.22,0.43,4.27
2020-02-25,19.06,19.01,19.40,18.20,52150,99037414.00,6.07,-3.89,-0.77,3.48
2020-02-26,18.60,18.51,19.47,18.46,36992,69918760.00,5.31,-2.63,-0.50,2.47
2020-02-27,18.70,18.25,18.88,18.16,27010,49645176.00,3.89,-1.40,-0.26,1.80
2020-02-28,17.50,16.68,17.87,16.65,33997,58375035.00,6.68,-8.60,-1.57,2.27
2020-03-02,16.77,17.48,17.68,16.77,20738,36125147.00,5.46,4.80,0.80,1.38
2020-03-03,17.77,17.60,18.12,17.42,22888,40671411.00,4.00,0.69,0.12,1.53
2020-03-04,17.43,17.67,17.77,17.29,16949,29750488.00,2.73,0.40,0.07,1.13
2020-03-05,17.90,18.12,18.12,17.72,27854,50017461.00,2.26,2.55,0.45,1.86
2020-03-06,17.88,17.77,17.96,17.71,18473,32939738.00,1.38,-1.93,-0.35,1.23
2020-03-09,17.45,16.92,17.49,16.88,23558,40369046.00,3.43,-4.78,-0.85,1.57
2020-03-10,16.69,17.19,17.24,16.39,18781,31719110.00,5.02,1.60,0.27,1.25
2020-03-11,17.19,16.88,17.35,16.81,17447,29772994.00,3.14,-1.80,-0.31,1.16
2020-03-12,16.76,16.66,16.85,16.27,18018,29864766.00,3.44,-1.30,-0.22,1.20
2020-03-13,15.49,16.15,16.25,15.37,19586,31115490.00,5.28,-3.06,-0.51,1.31
2020-03-16,16.38,15.69,16.60,15.69,16205,26256966.00,5.63,-2.85,-0.46,1.08
2020-03-17,15.77,15.54,16.48,15.09,15113,23396126.00,8.86,-0.96,-0.15,1.01
2020-03-18,15.73,15.31,15.88,15.31,13560,21262672.00,3.67,-1.48,-0.23,0.90
2020-03-19,15.28,15.44,15.50,15.01,8738,13351487.00,3.20,0.85,0.13,0.58
2020-03-20,15.50,15.48,15.58,15.14,14679,22532310.00,2.85,0.26,0.04,0.98
2020-03-23,15.17,15.06,15.33,14.60,17046,25664029.00,4.72,-2.71,-0.42,1.14
2020-03-24,15.25,15.26,15.43,14.92,12099,18350759.00,3.39,1.33,0.20,0.81
2020-03-25,15.49,15.77,15.78,15.26,17788,27622084.00,3.41,3.34,0.51,1.19
2020-03-26,15.67,15.91,16.09,15.51,15051,23814912.00,3.68,0.89,0.14,1.00
2020-03-27,15.98,16.16,16.22,15.88,14697,23591718.00,2.14,1.57,0.25,0.98
2020-03-30,15.84,16.33,16.46,15.83,19164,31104243.00,3.90,1.05,0.17,1.28
2020-03-31,16.13,16.37,16.43,16.11,15939,25925976.00,1.96,0.24,0.04,1.06
2020-04-01,16.26,16.06,16.33,16.00,12774,20659558.00,2.02,-1.89,-0.31,0.85
2020-04-02,16.00,16.49,16.85,15.82,21901,35897754.00,6.41,2.68,0.43,1.46
2020-04-03,16.38,16.10,16.77,16.07,18728,30656168.00,4.24,-2.37,-0.39,1.25
2020-04-07,16.30,16.42,16.47,16.17,27121,44319345.00,1.86,1.99,0.32,1.81
2020-04-08,16.40,16.73,16.79,16.26,21312,35375156.00,3.23,1.89,0.31,1.42
2020-04-09,16.77,16.96,17.05,16.55,18531,31025262.00,2.99,1.37,0.23,1.24
2020-04-10,16.96,16.06,16.96,16.00,25501,41768335.00,5.66,-5.31,-0.90,1.70
2020-04-13,16.05,16.47,16.48,15.60,13870,22423542.00,5.48,2.55,0.41,0.92
2020-04-14,16.60,16.70,16.74,16.30,12935,21371260.00,2.67,1.40,0.23,0.86
2020-04-15,16.57,16.76,17.05,16.57,18584,31167611.00,2.87,0.36,0.06,1.24
2020-04-16,16.80,17.14,17.25,16.41,28685,48563562.00,5.01,2.27,0.38,1.91
2020-04-17,17.08,16.92,17.34,16.77,22999,39157489.00,3.33,-1.28,-0.22,1.53
2020-04-20,16.93,16.78,16.93,16.56,14229,23711290.00,2.19,-0.83,-0.14,0.95
2020-04-21,16.78,17.21,17.70,16.74,33895,58465779.00,5.72,2.56,0.43,2.26
2020-04-22,17.22,17.52,17.66,17.07,30428,53070677.00,3.43,1.80,0.31,2.03
2020-04-23,17.54,17.64,18.11,17.28,40080,71236736.00,4.74,0.68,0.12,2.67
2020-04-24,17.76,17.56,17.99,17.28,30879,54585082.00,4.02,-0.45,-0.08,2.06
2020-04-27,17.61,16.98,17.63,16.92,22346,38345837.00,4.04,-3.30,-0.58,1.49
2020-04-28,17.03,16.40,17.03,15.51,19934,32677740.00,8.95,-3.42,-0.58,1.33
2020-04-29,16.23,16.27,16.45,16.13,9950,16184972.00,1.95,-0.79,-0.13,0.66
2020-04-30,16.52,16.91,17.03,16.16,20564,34594461.00,5.35,3.93,0.64,1.37
2020-05-06,16.47,16.68,16.70,16.35,22765,37671714.00,2.07,-1.36,-0.23,1.52
2020-05-07,16.63,16.74,17.00,16.46,18241,30542804.00,3.24,0.36,0.06,1.22
2020-05-08,16.82,16.68,16.84,16.60,16281,27228346.00,1.43,-0.36,-0.06,1.09
2020-05-11,16.66,16.38,16.84,16.09,20097,32918989.00,4.50,-1.80,-0.30,1.34
2020-05-12,16.38,16.52,16.55,16.19,11950,19641699.00,2.20,0.85,0.14,0.80
2020-05-13,16.43,16.46,16.58,16.28,7111,11711607.00,1.82,-0.36,-0.06,0.47
2020-05-14,16.48,16.49,16.78,16.18,15095,24837891.00,3.65,0.18,0.03,1.01
2020-05-15,16.43,16.36,16.57,16.27,9457,15506993.00,1.82,-0.79,-0.13,0.63
2020-05-18,16.21,16.11,16.44,16.05,13836,22396972.00,2.38,-1.53,-0.25,0.92
2020-05-19,16.18,16.31,16.38,16.12,11735,19126936.00,1.61,1.24,0.20,0.78
2020-05-20,16.15,16.41,16.50,16.15,12580,20603956.00,2.15,0.61,0.10,0.84
2020-05-21,16.42,16.31,16.60,16.26,10548,17375179.00,2.07,-0.61,-0.10,0.70
2020-05-22,16.33,16.12,16.46,15.98,8373,13525214.00,2.94,-1.16,-0.19,0.56
2020-05-25,16.26,16.66,16.85,15.78,20318,33661872.00,6.64,3.35,0.54,1.35
2020-05-26,16.65,16.59,17.13,16.50,20516,34499956.00,3.78,-0.42,-0.07,1.37
2020-05-27,16.65,16.57,17.00,16.52,18894,31542638.00,2.89,-0.12,-0.02,1.26
2020-05-28,16.48,16.27,16.58,16.00,16796,27213280.00,3.50,-1.81,-0.30,1.12
2020-05-29,16.16,16.33,16.80,16.15,25857,42575206.00,4.00,0.37,0.06,1.72
2020-06-01,16.40,17.96,17.96,16.40,91346,160712570.00,9.55,9.98,1.63,6.09
2020-06-02,17.81,17.43,17.87,17.25,88231,154551403.00,3.45,-2.95,-0.53,5.88
2020-06-03,17.51,18.70,19.17,17.31,118398,217882427.00,10.67,7.29,1.27,7.89
2020-06-04,18.50,18.02,18.52,17.82,62652,113155827.00,3.74,-3.64,-0.68,4.18
2020-06-05,17.90,17.48,17.90,17.19,46527,81177640.00,3.94,-3.00,-0.54,3.10
2020-06-08,17.79,19.23,19.23,17.79,123732,232592025.00,8.24,10.01,1.75,8.25
2020-06-09,20.35,21.15,21.15,20.00,68210,141366373.00,5.98,9.98,1.92,4.55
2020-06-10,20.54,20.40,20.75,19.47,126771,255079865.00,6.05,-3.55,-0.75,8.45
2020-06-11,19.81,20.18,20.34,19.68,77040,153973356.00,3.24,-1.08,-0.22,5.14
2020-06-12,19.46,19.99,20.00,18.95,66522,129801996.00,5.20,-0.94,-0.19,4.43
2020-06-15,19.51,20.29,21.42,19.43,85754,176620194.00,9.95,1.50,0.30,5.72
2020-06-16,20.21,19.99,21.29,19.68,68704,139352619.00,7.93,-1.48,-0.30,4.58
2020-06-17,20.10,20.57,20.58,19.06,67716,133483039.00,7.60,2.90,0.58,4.51
2020-06-18,20.52,21.58,22.63,20.31,111209,240780009.00,11.28,4.91,1.01,7.41
2020-06-19,21.00,21.04,21.55,20.60,72358,151822316.00,4.40,-2.50,-0.54,4.82
2020-06-22,20.75,21.77,21.77,20.15,77175,160199990.00,7.70,3.47,0.73,5.15
2020-06-23,22.96,21.05,23.95,20.91,128051,287665984.00,13.96,-3.31,-0.72,8.54
2020-06-24,19.61,19.97,20.30,19.60,88189,175617133.00,3.33,-5.13,-1.08,5.88
2020-06-29,19.50,19.09,19.72,19.09,46606,90138551.00,3.15,-4.41,-0.88,3.11
2020-06-30,19.27,19.42,19.45,18.83,39327,75584081.00,3.25,1.73,0.33,2.62
2020-07-01,19.46,19.21,19.78,18.98,41039,79488037.00,4.12,-1.08,-0.21,2.74
2020-07-02,19.27,19.09,19.32,18.95,31395,60031003.00,1.93,-0.62,-0.12,2.09
2020-07-03,19.02,19.25,19.26,18.96,27437,52551786.00,1.57,0.84,0.16,1.83
2020-07-06,19.35,19.82,19.90,19.08,47973,94187228.00,4.26,2.96,0.57,3.20
2020-07-07,19.92,20.55,20.82,19.45,67522,136461481.00,6.91,3.68,0.73,4.50
2020-07-08,20.35,20.88,20.99,20.32,54875,113972173.00,3.26,1.61,0.33,3.66
2020-07-09,20.88,20.99,21.40,20.40,54988,114975809.00,4.79,0.53,0.11,3.67
2020-07-10,20.83,21.77,22.29,20.60,60362,129794458.00,8.05,3.72,0.78,4.02
2020-07-13,21.86,22.92,22.96,21.50,51510,114310565.00,6.71,5.28,1.15,3.43
2020-07-14,19.00,18.73,19.00,17.80,70032,128974121.00,5.24,-18.28,-4.19,3.89
2020-07-15,18.57,17.70,19.69,17.68,81589,152251029.00,10.73,-5.50,-1.03,4.53
2020-07-16,17.77,16.54,18.15,16.47,47562,81772625.00,9.49,-6.55,-1.16,2.64
2020-07-17,16.51,17.10,17.19,16.20,33937,56560503.00,5.99,3.39,0.56,1.89
2020-07-20,17.21,17.43,17.49,17.04,29863,51722479.00,2.63,1.93,0.33,1.66
2020-07-21,17.45,17.31,17.59,17.00,23662,40948637.00,3.38,-0.69,-0.12,1.31
2020-07-22,17.24,17.35,17.70,17.00,33789,58848480.00,4.04,0.23,0.04,1.88
2020-07-23,17.25,16.94,17.26,16.50,34384,57925201.00,4.38,-2.36,-0.41,1.91
2020-07-24,16.93,16.84,17.72,16.62,50343,86882360.00,6.49,-0.59,-0.10,2.80
2020-07-27,16.83,16.07,16.95,15.99,31813,51593506.00,5.70,-4.57,-0.77,1.77
2020-07-28,16.22,17.68,17.68,16.22,54597,94326961.00,9.09,10.02,1.61,3.03
2020-07-29,18.82,18.08,18.82,17.60,85879,155198537.00,6.90,2.26,0.40,4.77
2020-07-30,18.30,18.26,19.35,18.09,93874,174167405.00,6.97,1.00,0.18,5.22
2020-07-31,18.06,20.09,20.09,17.85,134941,258713121.00,12.27,10.02,1.83,7.50
2020-08-03,22.10,22.10,22.10,21.61,56300,124264840.00,2.44,10.00,2.01,3.13
2020-08-04,24.30,24.31,24.31,22.21,126154,300174208.00,9.50,10.00,2.21,7.01
2020-08-05,26.65,24.06,26.65,23.82,241198,612654800.00,11.64,-1.03,-0.25,13.40
2020-08-06,22.62,21.81,23.76,21.65,174747,391784832.00,8.77,-9.35,-2.25,9.71
2020-08-07,21.31,20.97,21.50,20.21,119258,248896685.00,5.91,-3.85,-0.84,6.63
2020-08-10,20.51,20.10,20.60,19.88,78456,158581934.00,3.43,-4.15,-0.87,4.36
2020-08-11,20.21,19.49,20.38,19.14,71699,141645808.00,6.17,-3.03,-0.61,3.98
2020-08-12,19.45,18.84,19.55,18.35,69740,131465630.00,6.16,-3.34,-0.65,3.87
2020-08-13,18.88,18.91,19.25,18.68,53033,100394329.00,3.03,0.37,0.07,2.95
2020-08-14,18.80,19.08,19.08,18.34,53130,99358601.00,3.91,0.90,0.17,2.95
2020-08-17,19.18,19.44,19.58,18.80,63748,122391964.00,4.09,1.89,0.36,3.54
2020-08-18,19.40,21.15,21.30,19.07,116306,232545299.00,11.47,8.80,1.71,6.46
2020-08-19,20.33,19.83,20.66,19.78,79977,161934736.00,4.16,-6.24,-1.32,4.44
2020-08-20,19.38,20.00,20.59,18.89,64121,126295646.00,8.57,0.86,0.17,3.56
2020-08-21,19.80,20.02,20.70,19.80,54339,109709408.00,4.50,0.10,0.02,3.02
2020-08-24,19.94,19.46,19.97,19.30,38880,76090975.00,3.35,-2.80,-0.56,2.16
2020-08-25,19.50,19.39,19.85,19.01,48196,93206713.00,4.32,-0.36,-0.07,2.68
2020-08-26,19.20,18.28,19.36,18.14,49130,92072175.00,6.29,-5.72,-1.11,2.73
2020-08-27,18.38,18.63,18.73,18.21,26827,49635452.00,2.84,1.91,0.35,1.49
2020-08-28,18.79,18.70,18.79,18.30,27295,50667446.00,2.63,0.38,0.07,1.52
2020-08-31,18.62,18.75,19.09,18.62,29577,55821553.00,2.51,0.27,0.05,1.64
2020-09-01,18.67,19.02,19.06,18.40,26460,49674952.00,3.52,1.44,0.27,1.47
2020-09-02,18.90,18.88,19.08,18.71,22679,42816297.00,1.95,-0.74,-0.14,1.26
2020-09-03,18.79,18.53,18.88,18.41,24824,46209968.00,2.49,-1.85,-0.35,1.38
2020-09-04,18.13,18.63,18.68,17.93,22764,41727780.00,4.05,0.54,0.10,1.26
2020-09-07,18.60,18.10,18.90,18.10,24909,46016698.00,4.29,-2.84,-0.53,1.38
2020-09-08,18.20,17.81,18.35,17.57,27065,48353156.00,4.31,-1.60,-0.29,1.50
2020-09-09,17.82,16.93,17.99,16.80,33464,57742799.00,6.68,-4.94,-0.88,1.86
2020-09-10,17.01,16.53,17.20,16.30,22524,37771783.00,5.32,-2.36,-0.40,1.25
2020-09-11,16.35,16.99,17.19,16.33,22868,38538254.00,5.20,2.78,0.46,1.27
2020-09-14,16.94,17.19,17.31,16.85,15367,26328915.00,2.71,1.18,0.20,0.85
2020-09-15,17.43,17.38,17.85,17.08,32925,57205883.00,4.48,1.11,0.19,1.83
2020-09-16,17.13,17.10,17.39,17.04,16860,28938096.00,2.01,-1.61,-0.28,0.94
2020-09-17,17.08,17.25,17.49,16.75,20966,36158338.00,4.33,0.88,0.15,1.16
2020-09-18,17.47,17.60,17.68,17.25,23875,41711790.00,2.49,2.03,0.35,1.33
2020-09-21,17.99,18.25,18.69,17.72,54515,99764100.00,5.51,3.69,0.65,3.03
2020-09-22,17.93,17.69,18.29,17.60,30042,53769718.00,3.78,-3.07,-0.56,1.67
2020-09-23,17.63,17.66,17.82,17.49,22860,40355905.00,1.87,-0.17,-0.03,1.27
2020-09-24,17.50,17.11,17.50,17.10,18941,32642404.00,2.27,-3.11,-0.55,1.05
2020-09-25,17.11,17.86,18.17,16.95,47666,84788153.00,7.13,4.38,0.75,2.65
2020-09-28,17.85,17.43,18.30,17.36,43931,78111110.00,5.26,-2.41,-0.43,2.44
2020-09-29,17.75,17.81,17.89,17.25,34163,60330279.00,3.67,2.18,0.38,1.90
2020-09-30,18.32,18.85,19.59,18.14,95485,181264041.00,8.14,5.84,1.04,5.30
2020-10-09,18.57,19.55,19.59,18.13,103438,193465354.00,7.75,3.71,0.70,5.75
2020-10-12,19.15,19.46,19.68,18.88,81571,157684527.00,4.09,-0.46,-0.09,4.53
2020-10-13,19.25,19.48,20.29,19.03,77828,153469696.00,6.47,0.10,0.02,4.32
2020-10-14,19.48,19.00,19.50,18.80,47635,90829382.00,3.59,-2.46,-0.48,2.65
2020-10-15,18.95,19.20,19.25,18.73,33377,63558353.00,2.74,1.05,0.20,1.85
2020-10-16,19.08,19.15,19.37,18.93,25874,49560170.00,2.29,-0.26,-0.05,1.44
2020-10-19,19.31,19.85,19.88,19.18,58810,115557107.00,3.66,3.66,0.70,3.27
2020-10-20,19.90,19.85,19.98,19.43,42663,84253996.00,2.77,0.00,0.00,2.37
2020-10-21,20.03,20.55,20.76,19.72,83139,169454440.00,5.24,3.53,0.70,4.62
2020-10-22,20.15,19.92,20.35,19.80,46618,93306547.00,2.68,-3.07,-0.63,2.59
2020-10-23,20.10,18.92,20.15,18.85,52181,100531362.00,6.53,-5.02,-1.00,2.90
2020-10-26,18.85,18.71,18.96,18.18,27850,51762447.00,4.12,-1.11,-0.21,1.55
2020-10-27,18.75,18.73,18.88,18.36,20262,37785437.00,2.78,0.11,0.02,1.13
2020-10-28,18.69,18.58,18.73,18.28,20199,37351514.00,2.40,-0.80,-0.15,1.12
2020-10-29,18.17,18.40,18.57,18.16,17870,32861632.00,2.21,-0.97,-0.18,0.99
2020-10-30,18.28,17.28,18.42,17.28,33414,59421940.00,6.20,-6.09,-1.12,1.86
2020-11-02,17.38,17.54,17.71,17.04,17261,30176005.00,3.88,1.50,0.26,0.96
2020-11-03,17.55,17.78,17.83,17.39,16633,29442872.00,2.51,1.37,0.24,0.92
2020-11-04,17.80,17.63,17.97,17.45,13736,24272397.00,2.92,-0.84,-0.15,0.76
2020-11-05,17.90,17.74,17.96,17.63,17095,30388595.00,1.87,0.62,0.11,0.95
2020-11-06,18.13,18.09,18.52,17.84,29276,53062276.00,3.83,1.97,0.35,1.63
2020-11-09,18.30,18.28,18.34,18.02,25854,47068615.00,1.77,1.05,0.19,1.44
2020-11-10,18.80,18.36,18.82,18.13,24711,45570012.00,3.77,0.44,0.08,1.37
2020-11-11,18.32,17.74,18.47,17.74,18065,32557771.00,3.98,-3.38,-0.62,1.00
2020-11-12,17.70,17.78,18.13,17.70,12377,22116618.00,2.42,0.23,0.04,0.69
2020-11-13,19.56,18.61,19.56,18.60,60009,114001666.00,5.40,4.67,0.83,3.33
2020-11-16,17.86,18.08,18.50,17.69,37957,68264872.00,4.35,-2.85,-0.53,2.11
2020-11-17,17.85,17.53,18.03,17.42,25566,45159723.00,3.37,-3.04,-0.55,1.42
2020-11-18,17.45,17.65,17.79,17.36,16119,28332073.00,2.45,0.68,0.12,0.90
2020-11-19,17.57,17.67,17.70,17.45,11407,20084250.00,1.42,0.11,0.02,0.63
2020-11-20,17.62,17.64,17.75,17.50,9092,15993753.00,1.41,-0.17,-0.03,0.51
2020-11-23,17.59,17.43,17.63,17.15,19057,33101423.00,2.72,-1.19,-0.21,1.06
2020-11-24,17.43,17.16,17.52,17.11,16116,27739956.00,2.35,-1.55,-0.27,0.90
2020-11-25,17.17,17.35,17.60,16.95,23311,40282770.00,3.79,1.11,0.19,1.30
2020-11-26,17.38,17.01,17.38,17.00,15040,25716682.00,2.19,-1.96,-0.34,0.84
2020-11-27,17.05,17.00,17.09,16.85,7918,13444698.00,1.41,-0.06,-0.01,0.44
2020-11-30,17.04,17.02,17.28,16.93,9422,16112183.00,2.06,0.12,0.02,0.52
2020-12-01,16.99,17.18,17.26,16.88,10404,17838170.00,2.23,0.94,0.16,0.58
2020-12-02,17.05,17.09,17.20,17.00,10619,18133659.00,1.16,-0.52,-0.09,0.59
2020-12-03,17.15,17.50,17.80,17.06,29343,51375899.00,4.33,2.40,0.41,1.63
2020-12-04,17.38,17.59,17.86,17.08,23167,40229816.00,4.46,0.51,0.09,1.29
2020-12-07,17.56,17.37,17.75,17.29,17037,29941509.00,2.62,-1.25,-0.22,0.95
2020-12-08,17.36,17.04,17.44,17.02,14912,25627049.00,2.42,-1.90,-0.33,0.83
2020-12-09,17.05,17.36,17.45,17.05,17423,30009948.00,2.35,1.88,0.32,0.97
2020-12-10,17.50,19.10,19.10,17.14,113811,213363578.00,11.29,10.02,1.74,6.32
2020-12-11,19.65,19.34,20.51,18.83,151568,296624480.00,8.80,1.26,0.24,8.42
2020-12-14,19.20,19.37,19.99,18.29,91865,174408456.00,8.79,0.16,0.03,5.10
2020-12-15,18.89,19.13,19.20,18.56,62375,117884338.00,3.30,-1.24,-0.24,3.47
2020-12-16,18.90,19.55,19.68,18.61,80961,156510126.00,5.59,2.20,0.42,4.50
2020-12-17,19.64,19.30,19.98,19.00,60840,118405770.00,5.01,-1.28,-0.25,3.38
2020-12-18,19.01,19.87,19.97,18.77,77223,150461929.00,6.22,2.95,0.57,4.29
2020-12-21,19.86,19.78,20.27,19.40,54954,107992641.00,4.38,-0.45,-0.09,3.05
2020-12-22,19.39,19.67,20.29,19.31,81288,161523886.00,4.95,-0.56,-0.11,4.52
2020-12-23,19.40,19.38,19.49,18.62,69184,132057600.00,4.42,-1.47,-0.29,3.84
2020-12-24,19.19,21.32,21.32,19.18,134562,276157728.00,11.04,10.01,1.94,7.48
2020-12-25,20.81,20.98,22.35,20.47,140889,299039856.00,8.82,-1.59,-0.34,7.83
2020-12-28,20.90,21.47,22.28,20.63,100555,217754351.00,7.86,2.34,0.49,5.59
2020-12-29,21.00,20.80,21.80,19.90,79151,164880527.00,8.85,-3.12,-0.67,4.40
2020-12-30,20.42,20.64,21.42,19.92,64163,132827517.00,7.21,-0.77,-0.16,3.56
2020-12-31,20.50,20.99,21.65,20.10,68003,143013496.00,7.51,1.70,0.35,3.78
2021-01-04,21.00,20.38,21.16,20.30,68234,140653179.00,4.10,-2.91,-0.61,3.79
2021-01-05,20.28,19.44,20.60,19.25,71343,141037822.00,6.62,-4.61,-0.94,3.96
2021-01-06,19.44,20.40,20.98,19.22,64615,129037008.00,9.05,4.94,0.96,3.59
2021-01-07,19.99,18.62,19.99,18.46,70437,135314460.00,7.50,-8.73,-1.78,3.91
2021-01-08,18.38,18.14,18.55,17.69,39990,72452481.00,4.62,-2.58,-0.48,2.22
2021-01-11,18.30,18.48,19.00,18.01,38946,71809035.00,5.46,1.87,0.34,2.16
2021-01-12,18.48,18.25,18.68,17.89,28486,51951482.00,4.27,-1.24,-0.23,1.58
2021-01-13,18.16,17.31,18.16,17.30,38383,67581972.00,4.71,-5.15,-0.94,2.13
2021-01-14,18.00,19.04,19.04,17.70,60134,111419646.00,7.74,9.99,1.73,3.34
2021-01-15,19.22,19.20,19.78,19.00,73775,142921403.00,4.10,0.84,0.16,4.10
2021-01-18,18.98,20.02,20.49,18.81,74357,147536317.00,8.75,4.27,0.82,4.13
2021-01-19,20.33,20.43,20.96,20.01,83256,171194782.00,4.75,2.05,0.41,4.63
2021-01-20,19.96,20.20,20.41,19.78,52422,105411353.00,3.08,-1.13,-0.23,2.91
2021-01-21,20.00,20.20,20.72,19.99,50771,103556694.00,3.61,0.00,0.00,2.82
2021-01-22,20.20,19.87,20.20,19.67,43822,87203263.00,2.62,-1.63,-0.33,2.43
2021-01-25,19.57,19.08,19.95,19.03,43929,84788486.00,4.63,-3.98,-0.79,2.44
2021-01-26,18.99,18.72,19.00,18.23,33952,63076708.00,4.04,-1.89,-0.36,1.89
2021-01-27,18.71,19.65,19.88,18.45,46151,88983496.00,7.64,4.97,0.93,2.56
2021-01-28,19.20,18.27,19.44,18.23,41827,78313512.00,6.16,-7.02,-1.38,2.32
2021-01-29,18.35,18.05,18.73,17.85,33817,61323622.00,4.82,-1.20,-0.22,1.88
2021-02-01,17.90,18.12,18.19,17.63,26013,46403473.00,3.10,0.39,0.07,1.45
2021-02-02,18.00,18.34,18.58,17.79,24019,43809473.00,4.36,1.21,0.22,1.33
2021-02-03,18.31,17.81,18.31,17.70,22200,39818785.00,3.33,-2.89,-0.53,1.23
2021-02-04,18.02,18.37,18.53,17.82,38150,69290480.00,3.99,3.14,0.56,2.12
2021-02-05,18.40,19.70,20.21,18.01,83418,159865972.00,11.98,7.24,1.33,4.63
2021-02-08,19.51,18.95,19.58,18.56,57863,109389918.00,5.18,-3.81,-0.75,3.21
2021-02-09,18.99,18.93,19.14,18.58,40076,75655233.00,2.96,-0.11,-0.02,2.23
2021-02-10,18.82,18.69,19.17,18.32,41529,77963013.00,4.49,-1.27,-0.24,2.31
2021-02-18,18.75,19.36,19.80,18.60,52474,100363023.00,6.42,3.58,0.67,2.92
2021-02-19,19.08,19.63,19.93,18.96,49133,95829641.00,5.01,1.39,0.27,2.73
2021-02-22,19.69,19.49,20.25,19.19,66175,130805444.00,5.40,-0.71,-0.14,3.68
2021-02-23,19.42,19.36,19.55,18.88,39213,75193661.00,3.44,-0.67,-0.13,2.18
2021-02-24,19.66,19.78,20.43,19.50,64296,128191793.00,4.80,2.17,0.42,3.57
2021-02-25,19.35,20.42,20.53,19.06,71071,142054425.00,7.43,3.24,0.64,3.95
2021-02-26,20.00,20.26,20.94,19.90,63015,128880537.00,5.09,-0.78,-0.16,3.50
2021-03-01,20.15,20.49,20.64,19.78,46681,94466452.00,4.24,1.14,0.23,2.59
2021-03-02,20.30,20.57,20.85,20.05,50793,103913339.00,3.90,0.39,0.08,2.82
2021-03-03,20.58,21.31,22.14,20.26,76283,161228573.00,9.14,3.60,0.74,4.24
2021-03-04,21.00,20.17,21.30,20.10,56894,117445931.00,5.63,-5.35,-1.14,3.16
2021-03-05,20.05,21.24,21.50,19.83,59435,123063399.00,8.28,5.30,1.07,3.30
2021-03-08,21.00,21.04,21.80,20.81,58177,123471933.00,4.66,-0.94,-0.20,3.23
2021-03-09,20.93,21.18,21.76,20.67,59948,127623380.00,5.18,0.67,0.14,3.33
2021-03-10,20.78,20.36,21.05,19.80,50966,103486700.00,5.90,-3.87,-0.82,2.83
2021-03-11,20.48,20.63,20.86,20.16,32054,65929191.00,3.44,1.33,0.27,1.78
2021-03-12,20.43,20.43,20.69,19.88,37276,75563396.00,3.93,-0.97,-0.20,2.07
2021-03-15,20.37,21.75,22.47,20.26,92157,200142967.00,10.82,6.46,1.32,5.12
2021-03-16,21.55,21.77,21.85,21.13,49722,107105348.00,3.31,0.09,0.02,2.76
2021-03-17,21.44,21.96,22.18,21.30,42194,91863859.00,4.04,0.87,0.19,2.34
2021-03-18,21.81,22.04,22.72,21.52,58332,128478954.00,5.46,0.36,0.08,3.24
2021-03-19,21.56,21.44,21.84,21.32,31623,68190457.00,2.36,-2.72,-0.60,1.76
2021-03-22,21.64,21.90,22.25,21.13,35299,76617411.00,5.22,2.15,0.46,1.96
2021-03-23,21.90,21.27,22.59,21.27,44772,98418450.00,6.03,-2.88,-0.63,2.49
2021-03-24,20.91,20.39,21.10,20.32,41293,85441137.00,3.67,-4.14,-0.88,2.29
2021-03-25,20.08,20.23,20.55,20.01,21783,44110392.00,2.65,-0.78,-0.16,1.21
2021-03-26,20.22,20.62,20.90,20.20,27631,57051010.00,3.46,1.93,0.39,1.54
2021-03-29,20.83,20.64,21.47,20.60,29779,62240127.00,4.22,0.10,0.02,1.65
2021-03-30,20.64,20.38,20.64,20.12,20345,41395739.00,2.52,-1.26,-0.26,1.13
2021-03-31,20.52,20.70,20.83,20.22,24781,51103016.00,2.99,1.57,0.32,1.38
2021-04-01,20.72,20.72,21.10,20.59,20092,41775746.00,2.46,0.10,0.02,1.12
2021-04-02,20.54,21.20,21.24,20.54,27626,57992564.00,3.38,2.32,0.48,1.53
2021-04-06,21.20,21.12,21.65,21.05,25714,54783224.00,2.83,-0.38,-0.08,1.43
2021-04-07,21.02,21.43,21.56,21.01,22700,48507449.00,2.60,1.47,0.31,1.26
2021-04-08,21.39,21.45,21.78,21.10,27047,58145108.00,3.17,0.09,0.02,1.50
2021-04-09,21.50,21.68,21.76,21.20,22459,48285624.00,2.61,1.07,0.23,1.25
2021-04-12,21.78,20.71,21.78,20.56,34367,72288249.00,5.63,-4.47,-0.97,1.91
2021-04-13,20.69,20.71,20.88,20.25,20060,41246112.00,3.04,0.00,0.00,1.11
2021-04-14,20.70,21.86,21.96,20.36,43960,94340176.00,7.73,5.55,1.15,2.44
2021-04-15,21.61,21.45,21.71,20.51,53496,113377384.00,5.49,-1.88,-0.41,2.97
2021-04-16,21.59,21.09,21.68,20.80,42832,90826159.00,4.10,-1.68,-0.36,2.38
2021-04-19,21.09,21.11,21.34,20.76,26013,54721859.00,2.75,0.09,0.02,1.45
2021-04-20,21.16,21.57,22.08,20.90,45254,98063843.00,5.59,2.18,0.46,2.51
2021-04-21,21.57,22.08,22.41,21.44,48600,107219632.00,4.50,2.36,0.51,2.70
2021-04-22,21.92,22.10,22.58,21.80,36670,81297999.00,3.53,0.09,0.02,2.04
2021-04-23,21.89,22.54,22.60,21.71,43789,97094668.00,4.03,1.99,0.44,2.43
2021-04-26,22.81,22.38,22.99,21.98,54139,121010333.00,4.48,-0.71,-0.16,3.01
2021-04-27,22.02,22.08,22.33,21.79,30421,66780010.00,2.41,-1.34,-0.30,1.69
2021-04-28,21.88,22.49,22.56,21.55,46242,102717702.00,4.57,1.86,0.41,2.57
2021-04-29,22.48,21.82,22.48,21.82,34820,77041594.00,2.93,-2.98,-0.67,1.93
2021-04-30,21.51,21.11,21.58,20.76,31450,66397545.00,3.76,-3.25,-0.71,1.75
2021-05-06,21.06,20.15,21.30,19.80,40876,83090545.00,7.11,-4.55,-0.96,2.27
2021-05-07,20.02,19.76,20.26,19.76,20949,41851293.00,2.48,-1.94,-0.39,1.16
2021-05-10,19.90,20.08,20.25,19.85,18037,36187633.00,2.02,1.62,0.32,1.00
2021-05-11,20.00,19.44,20.08,19.33,22893,44761777.00,3.74,-3.19,-0.64,1.27
2021-05-12,19.53,20.06,20.59,19.16,20787,41254901.00,7.36,3.19,0.62,1.15
2021-05-13,20.15,19.90,20.29,19.86,13556,27155299.00,2.14,-0.80,-0.16,0.75
2021-05-14,20.06,20.21,20.61,19.94,17565,35656544.00,3.37,1.56,0.31,0.98
2021-05-17,20.21,20.19,20.29,19.99,12383,24932071.00,1.48,-0.10,-0.02,0.69
2021-05-18,20.37,20.02,20.37,20.01,13823,27816068.00,1.78,-0.84,-0.17,0.77
2021-05-19,20.10,19.85,20.10,19.63,18312,36446466.00,2.35,-0.85,-0.17,1.02
2021-05-20,19.85,19.42,19.89,19.25,15411,30059845.00,3.22,-2.17,-0.43,0.86
2021-05-21,19.55,19.75,19.81,19.40,11029,21642114.00,2.11,1.70,0.33,0.61
2021-05-24,19.81,20.05,20.20,19.20,13495,26859009.00,5.06,1.52,0.30,0.75
2021-05-25,20.21,20.34,20.50,20.06,19566,39667211.00,2.19,1.45,0.29,1.09
2021-05-26,20.56,20.34,20.93,20.30,24755,50867146.00,3.10,0.00,0.00,1.38
2021-05-27,14.60,14.41,14.60,14.25,21748,31356071.00,1.72,-29.15,-5.93,0.86
2021-05-28,14.54,14.27,14.56,14.18,21288,30508362.00,2.64,-0.97,-0.14,0.84
2021-05-31,14.42,14.64,14.88,14.10,32404,47139477.00,5.47,2.59,0.37,1.29
2021-06-01,14.76,14.83,14.93,14.45,35899,52898512.00,3.28,1.30,0.19,1.42
2021-06-02,15.00,14.59,15.08,14.55,32546,48024029.00,3.57,-1.62,-0.24,1.29
2021-06-03,14.57,14.35,14.69,14.25,27454,39619874.00,3.02,-1.64,-0.24,1.09
2021-06-04,14.31,14.39,14.49,14.17,19862,28406502.00,2.23,0.28,0.04,0.79
2021-06-07,14.40,14.26,14.47,14.11,19146,27278350.00,2.50,-0.90,-0.13,0.76
2021-06-08,14.26,14.10,14.34,14.04,16561,23440312.00,2.10,-1.12,-0.16,0.66
2021-06-09,14.63,14.67,14.90,14.34,56265,82687104.00,3.97,4.04,0.57,2.23
2021-06-10,14.68,15.10,15.29,14.68,66217,99577470.00,4.16,2.93,0.43,2.63
2021-06-11,15.38,14.55,15.38,14.50,34530,51173475.00,5.83,-3.64,-0.55,1.37
2021-06-15,14.46,14.10,14.53,14.06,22926,32445340.00,3.23,-3.09,-0.45,0.91
2021-06-16,14.09,13.95,14.17,13.94,16404,23035262.00,1.63,-1.06,-0.15,0.65
2021-06-17,13.92,14.04,14.09,13.91,12733,17836985.00,1.29,0.65,0.09,0.51
2021-06-18,14.10,13.69,14.10,13.68,24122,33352002.00,2.99,-2.49,-0.35,0.96
2021-06-21,13.60,13.94,14.08,13.40,17200,23784079.00,4.97,1.83,0.25,0.68
2021-06-22,13.94,14.18,14.29,13.92,23030,32650827.00,2.65,1.72,0.24,0.91
2021-06-23,14.22,14.07,14.26,14.01,13868,19540336.00,1.76,-0.78,-0.11,0.55
2021-06-24,13.93,13.63,14.07,13.62,19952,27504270.00,3.20,-3.13,-0.44,0.79
2021-06-25,13.68,13.73,13.80,13.47,14214,19379131.00,2.42,0.73,0.10,0.56
2021-06-28,13.78,13.76,13.89,13.69,12479,17196254.00,1.46,0.22,0.03,0.50
2021-06-29,13.80,13.49,13.80,13.48,14909,20243180.00,2.33,-1.96,-0.27,0.59
2021-06-30,13.41,13.73,13.79,13.38,16913,22894085.00,3.04,1.78,0.24,0.67
2021-07-01,13.73,13.42,13.78,13.40,15920,21507581.00,2.77,-2.26,-0.31,0.63
2021-07-02,13.37,13.10,13.43,13.06,19255,25367212.00,2.76,-2.38,-0.32,0.76
2021-07-05,13.10,13.18,13.43,13.08,16781,22259020.00,2.67,0.61,0.08,0.67
2021-07-06,13.22,13.31,13.32,13.13,9378,12400683.00,1.44,0.99,0.13,0.37
2021-07-07,13.35,13.18,13.35,13.16,7766,10259204.00,1.43,-0.98,-0.13,0.31
2021-07-08,13.22,13.18,13.28,13.02,14683,19259369.00,1.97,0.00,0.00,0.58
2021-07-09,13.17,13.25,13.27,13.00,18348,24114114.00,2.05,0.53,0.07,0.73
2021-07-12,13.29,13.37,13.51,13.28,21255,28513215.00,1.74,0.91,0.12,0.84
2021-07-13,13.40,13.76,13.76,13.40,35287,48181304.00,2.69,2.92,0.39,1.40
2021-07-14,13.77,13.88,14.07,13.69,36416,50600321.00,2.76,0.87,0.12,1.45
2021-07-15,14.18,13.88,14.32,13.85,48961,69118553.00,3.39,0.00,0.00,1.94
2021-07-16,13.89,14.09,14.18,13.88,22517,31717064.00,2.16,1.51,0.21,0.89
