2015-12-24,16.98,16.98,16.98,16.98,36,61128.00,0.00,9.97,1.54,0.01
2015-12-25,18.68,18.68,18.68,18.68,23,42964.00,0.00,10.01,1.70,0.01
2015-12-28,20.55,20.55,20.55,20.55,39,80145.00,0.00,10.01,1.87,0.01
2015-12-29,22.61,22.61,22.61,22.61,38,85918.00,0.00,10.02,2.06,0.01
2015-12-30,24.87,24.87,24.87,24.87,57,141759.00,0.00,10.00,2.26,0.02
2015-12-31,27.36,27.36,27.36,27.36,84,229824.00,0.00,10.01,2.49,0.03
2016-01-04,30.10,30.10,30.10,30.10,409,1231090.00,0.00,10.01,2.74,0.13
2016-01-05,33.11,33.11,33.11,33.11,839,2777929.00,0.00,10.00,3.01,0.26
2016-01-06,36.42,36.42,36.42,36.42,360,1311120.00,0.00,10.00,3.31,0.11
2016-01-07,40.06,40.06,40.06,40.06,506,2025033.00,0.00,9.99,3.64,0.16
2016-01-08,44.07,44.07,44.07,44.07,1142,5031075.00,0.00,10.01,4.01,0.36
2016-01-11,48.48,48.48,48.48,48.48,2633,12765268.00,0.00,10.01,4.41,0.83
2016-01-12,53.33,48.01,53.33,48.00,196687,1005593040.00,10.99,-0.97,-0.47,61.89
2016-01-13,43.50,43.21,46.33,43.21,118127,516888544.00,6.50,-10.00,-4.80,37.17
2016-01-14,39.70,47.53,47.53,39.59,176754,811711664.00,18.38,10.00,4.32,55.62
2016-01-15,47.33,42.78,47.95,42.78,90893,398780544.00,10.88,-9.99,-4.75,28.60
2016-01-18,38.50,38.51,40.90,38.50,142610,555556256.00,5.61,-9.98,-4.27,44.87
2016-01-19,37.60,39.59,40.40,37.60,104304,408861040.00,7.27,2.80,1.08,32.82
2016-01-20,39.20,40.60,43.55,39.20,145675,603242528.00,10.99,2.55,1.01,45.84
2016-01-21,38.80,36.54,39.38,36.54,101120,379345584.00,7.00,-10.00,-4.06,31.82
2016-01-22,36.80,37.10,38.36,34.51,83588,307819248.00,10.54,1.53,0.56,26.30
2016-01-25,37.60,37.32,37.89,36.52,61039,227112138.00,3.69,0.59,0.22,19.21
2016-01-26,36.57,33.59,36.60,33.59,66207,228690962.00,8.07,-9.99,-3.73,20.83
2016-01-27,33.33,33.70,34.42,31.01,67918,220944206.00,10.15,0.33,0.11,21.37
2016-01-28,32.88,30.34,33.25,30.33,53539,170360825.00,8.66,-9.97,-3.36,16.85
2016-01-29,30.06,32.11,32.99,30.01,62873,200440457.00,9.82,5.83,1.77,19.78
2016-02-01,31.78,32.60,34.99,31.51,66705,220694276.00,10.84,1.53,0.49,20.99
2016-02-02,32.11,33.26,33.72,31.75,61422,203560400.00,6.04,2.02,0.66,19.33
2016-02-03,32.50,33.45,33.75,31.52,52050,170059252.00,6.70,0.57,0.19,16.38
2016-02-04,33.49,36.72,36.80,33.40,114932,415454032.00,10.16,9.78,3.27,36.16
2016-02-05,36.50,34.60,36.85,34.32,83328,293958368.00,6.89,-5.77,-2.12,26.22
2016-02-15,32.03,33.77,34.43,32.03,40952,135151492.00,6.94,-2.40,-0.83,12.89
2016-02-16,34.05,35.25,35.83,34.00,51216,180207767.00,5.42,4.38,1.48,16.12
2016-02-17,35.01,35.54,36.63,34.78,61308,218234221.00,5.25,0.82,0.29,19.29
2016-02-18,36.10,37.96,39.09,35.65,112726,423979584.00,9.68,6.81,2.42,35.47
2016-02-19,36.80,37.00,38.18,36.30,70045,261000072.00,4.95,-2.53,-0.96,22.04
2016-02-22,38.18,38.89,39.19,37.01,73388,279908352.00,5.89,5.11,1.89,23.09
2016-02-23,38.70,40.58,41.78,38.19,91583,369121088.00,9.23,4.35,1.69,28.82
2016-02-24,39.81,38.75,40.27,37.55,73885,286866480.00,6.70,-4.51,-1.83,23.25
2016-02-25,38.35,34.88,38.35,34.88,59066,214290446.00,8.95,-9.99,-3.87,18.59
2016-02-26,35.40,33.84,35.79,32.59,43905,150992232.00,9.17,-2.98,-1.04,13.82
2016-02-29,33.56,30.53,33.83,30.46,44713,139041078.00,9.96,-9.78,-3.31,14.07
2016-03-01,30.55,31.48,31.94,29.21,49804,152739350.00,8.94,3.11,0.95,15.67
2016-03-02,31.00,33.25,33.56,30.88,50423,162413059.00,8.51,5.62,1.77,15.87
2016-03-03,33.29,32.50,33.98,32.47,44672,148779276.00,4.54,-2.26,-0.75,14.06
2016-03-04,32.00,30.18,32.99,29.80,40668,127083778.00,9.82,-7.14,-2.32,12.80
2016-03-07,30.76,30.76,31.72,30.31,31586,97972725.00,4.67,1.92,0.58,9.94
2016-03-08,30.66,30.48,30.70,28.52,34679,102927128.00,7.09,-0.91,-0.28,10.91
2016-03-09,29.50,30.12,31.29,29.02,33336,100847964.00,7.45,-1.18,-0.36,10.49
2016-03-10,30.17,29.59,30.67,29.55,20843,62666126.00,3.72,-1.76,-0.53,6.56
2016-03-11,29.20,29.88,30.11,28.90,22503,66526526.00,4.09,0.98,0.29,7.08
2016-03-14,30.43,31.38,31.90,30.43,37760,118359409.00,4.92,5.02,1.50,11.88
2016-03-15,31.32,31.46,32.25,31.20,33524,106307814.00,3.35,0.25,0.08,10.55
2016-03-16,32.01,30.80,32.58,30.70,31047,97941173.00,5.98,-2.10,-0.66,9.77
2016-03-17,30.75,32.00,32.20,30.65,37072,117020901.00,5.03,3.90,1.20,11.67
2016-03-18,32.09,34.00,34.20,31.93,52025,172824513.00,7.09,6.25,2.00,16.37
2016-03-21,34.63,34.74,34.98,33.91,51519,177911342.00,3.15,2.18,0.74,16.21
2016-03-22,34.26,35.75,36.31,33.62,58583,205575998.00,7.74,2.91,1.01,18.43
2016-03-23,35.29,36.53,37.29,35.03,54772,197675727.00,6.32,2.18,0.78,17.23
2016-03-24,36.00,34.35,36.48,34.31,47406,168255516.00,5.94,-5.97,-2.18,14.92
2016-03-25,34.63,34.62,34.98,34.05,27667,95694450.00,2.71,0.79,0.27,8.71
2016-03-28,34.84,34.20,35.96,34.11,30369,106783462.00,5.34,-1.21,-0.42,9.56
2016-03-29,34.12,32.79,34.78,32.53,31216,103768556.00,6.58,-4.12,-1.41,9.82
2016-03-30,33.31,34.63,34.70,33.20,29977,101484644.00,4.57,5.61,1.84,9.43
2016-03-31,34.93,35.66,36.58,34.82,49257,175660896.00,5.08,2.97,1.03,15.50
2016-04-01,35.25,34.73,35.64,34.20,32184,111990427.00,4.04,-2.61,-0.93,10.13
2016-04-05,35.20,38.20,38.20,35.20,71259,264843538.00,8.64,9.99,3.47,22.42
2016-04-06,38.00,38.00,38.68,37.21,71176,270055120.00,3.85,-0.52,-0.20,22.40
2016-04-07,38.01,36.88,38.20,36.81,41366,154470698.00,3.66,-2.95,-1.12,13.02
2016-04-08,36.23,38.85,39.25,36.04,68276,261011934.00,8.70,5.34,1.97,21.48
2016-04-11,39.39,40.36,41.50,38.53,72031,290728896.00,7.64,3.89,1.51,22.67
2016-04-12,44.40,44.40,44.40,44.40,17834,79182294.00,0.00,10.01,4.04,5.61
2016-04-13,47.79,48.84,48.84,46.70,120687,578234048.00,4.82,10.00,4.44,37.98
2016-04-14,49.33,53.72,53.72,48.90,133182,690236736.00,9.87,9.99,4.88,41.91
2016-04-15,53.88,51.26,54.66,50.89,134974,706948448.00,7.02,-4.58,-2.46,42.47
2016-04-18,50.35,51.46,53.15,50.31,94461,490337648.00,5.54,0.39,0.20,29.72
2016-04-19,52.00,55.28,56.61,51.98,129385,717720928.00,9.00,7.42,3.82,40.71
2016-04-20,54.39,51.63,55.80,50.05,118576,624436656.00,10.40,-6.60,-3.65,37.31
2016-04-21,51.50,52.87,56.60,51.10,121825,654987792.00,10.65,2.40,1.24,38.33
2016-04-22,51.36,54.56,55.00,49.68,93758,487168336.00,10.06,3.20,1.69,29.50
2016-04-25,54.21,58.05,60.02,54.20,144010,827489952.00,10.67,6.40,3.49,45.31
2016-04-26,56.42,58.38,58.54,55.51,96152,546476016.00,5.22,0.57,0.33,30.26
2016-04-27,58.60,56.20,61.06,55.83,112624,656747728.00,8.96,-3.73,-2.18,35.44
2016-04-28,55.00,56.15,56.58,53.66,73991,405755024.00,5.20,-0.09,-0.05,23.28
2016-04-29,56.00,57.60,59.80,55.51,90169,520934928.00,7.64,2.58,1.45,28.37
2016-05-03,57.00,59.25,59.98,56.02,76313,442822720.00,6.88,2.86,1.65,24.01
2016-05-04,58.78,60.71,64.49,58.68,109255,670501984.00,9.81,2.46,1.46,34.38
2016-05-05,60.25,65.84,66.00,60.20,115306,727727856.00,9.55,8.45,5.13,36.28
2016-05-06,65.84,63.33,67.36,62.88,109724,711985280.00,6.80,-3.81,-2.51,34.53
2016-05-09,62.66,64.12,66.18,62.25,78648,504239648.00,6.21,1.25,0.79,24.75
2016-05-10,63.33,57.90,64.64,57.71,79620,484491216.00,10.81,-9.70,-6.22,25.05
2016-05-11,58.50,54.55,59.10,54.12,76394,433659456.00,8.60,-5.79,-3.35,24.04
2016-05-12,54.45,56.80,57.47,53.00,70689,393871712.00,8.19,4.12,2.25,22.24
2016-05-13,55.77,55.15,57.10,54.55,48484,270848624.00,4.49,-2.90,-1.65,15.26
2016-05-16,54.78,60.67,60.67,54.44,79298,466418144.00,11.30,10.01,5.52,24.95
2016-05-17,61.00,63.25,66.66,60.60,105283,668605120.00,9.99,4.25,2.58,33.13
2016-05-18,63.00,67.99,67.99,61.53,105598,681667504.00,10.21,7.49,4.74,33.23
2016-05-19,66.45,68.00,72.00,66.02,110907,760861600.00,8.80,0.01,0.01,34.90
2016-05-20,67.00,74.80,74.80,66.80,103814,742827920.00,11.76,10.00,6.80,32.67
2016-05-23,75.00,74.84,77.52,72.50,101549,761358608.00,6.71,0.05,0.04,31.95
2016-05-24,77.30,80.40,82.28,76.05,108257,859835392.00,8.32,7.43,5.56,34.06
2016-05-25,80.00,78.40,81.40,74.59,96727,758724192.00,8.47,-2.49,-2.00,30.44
2016-05-26,77.08,75.58,78.23,70.98,92180,683803488.00,9.25,-3.60,-2.82,29.01
2016-05-27,75.38,76.96,80.71,75.38,104232,815743136.00,7.05,1.83,1.38,32.80
2016-05-30,76.45,77.39,82.58,76.00,102982,809862640.00,8.55,0.56,0.43,32.40
2016-05-31,26.00,27.18,28.34,25.38,457618,1234748832.00,3.82,-64.88,-50.21,48.00
2016-06-01,26.55,29.90,29.90,26.50,505404,1414400080.00,12.51,10.01,2.72,53.01
2016-06-02,30.01,32.89,32.89,29.97,518623,1630180928.00,9.77,10.00,2.99,54.40
2016-06-03,33.13,32.90,35.92,31.51,513869,1716162064.00,13.41,0.03,0.01,53.90
2016-06-06,32.10,31.98,33.09,31.10,312645,998251024.00,6.05,-2.80,-0.92,32.79
2016-06-07,32.35,34.20,35.10,32.32,412175,1382259136.00,8.69,6.94,2.22,43.23
2016-06-08,32.69,32.40,33.55,31.50,321315,1045916144.00,5.99,-5.26,-1.80,33.70
2016-06-13,31.18,29.16,31.20,29.16,222647,667654624.00,6.30,-10.00,-3.24,23.35
2016-06-14,27.51,29.23,30.28,27.23,214214,621086160.00,10.46,0.24,0.07,22.47
2016-06-15,28.30,30.09,30.50,27.80,234074,698449904.00,9.24,2.94,0.86,24.55
2016-06-16,30.13,29.65,31.33,29.50,188239,570296736.00,6.08,-1.46,-0.44,19.74
2016-06-17,29.40,29.75,30.48,28.81,159043,470892064.00,5.63,0.34,0.10,16.68
2016-06-20,29.90,29.98,30.63,29.00,177488,530705488.00,5.48,0.77,0.23,18.62
2016-06-21,30.30,28.21,30.63,27.80,170380,496640464.00,9.44,-5.90,-1.77,17.87
2016-06-22,28.28,28.05,28.46,27.27,134727,373644720.00,4.22,-0.57,-0.16,14.13
2016-06-23,28.35,27.65,28.37,27.55,98252,273239456.00,2.92,-1.43,-0.40,10.31
2016-06-24,27.80,30.42,30.42,27.60,359818,1063131344.00,10.20,10.02,2.77,37.74
2016-06-27,31.00,31.35,31.80,30.36,402640,1247667056.00,4.73,3.06,0.93,42.23
2016-06-28,30.63,30.77,31.03,30.09,236932,722433216.00,3.00,-1.85,-0.58,24.85
2016-06-29,30.88,32.14,33.13,30.50,349074,1111666432.00,8.55,4.45,1.37,36.61
2016-06-30,31.10,29.87,31.10,29.67,243397,737343008.00,4.45,-7.06,-2.27,25.53
2016-07-01,29.87,29.75,30.50,29.40,110615,331821808.00,3.68,-0.40,-0.12,11.60
2016-07-04,29.12,29.83,30.10,28.81,113326,335594528.00,4.34,0.27,0.08,11.89
2016-07-05,29.84,30.75,31.19,29.50,186018,565244656.00,5.67,3.08,0.92,19.51
2016-07-06,30.53,29.90,30.53,29.63,120493,361146912.00,2.93,-2.76,-0.85,12.64
2016-07-07,30.10,29.38,30.28,29.04,108695,320538512.00,4.15,-1.74,-0.52,11.40
2016-07-08,29.39,29.42,29.73,29.05,68520,201491739.00,2.31,0.14,0.04,7.19
2016-07-11,29.30,28.30,29.42,28.17,99783,286679728.00,4.25,-3.81,-1.12,10.47
2016-07-12,28.32,28.14,28.58,26.68,90380,250649905.00,6.71,-0.57,-0.16,9.48
2016-07-13,28.02,28.43,28.72,28.02,72626,206265917.00,2.49,1.03,0.29,7.62
2016-07-14,28.43,28.46,28.70,27.94,60602,172037357.00,2.67,0.11,0.03,6.36
2016-07-15,28.17,28.10,28.50,27.96,59159,166208468.00,1.90,-1.26,-0.36,6.21
2016-07-18,28.10,27.67,28.39,27.61,45577,127016143.00,2.78,-1.53,-0.43,4.78
2016-07-19,27.50,27.67,27.78,27.10,53289,145742200.00,2.46,0.00,0.00,5.59
2016-07-20,27.85,28.65,29.30,27.60,131870,376869968.00,6.14,3.54,0.98,13.83
2016-07-21,28.60,27.91,28.72,27.81,73683,207134543.00,3.18,-2.58,-0.74,7.73
2016-07-22,27.99,27.25,28.03,27.15,57708,158188746.00,3.15,-2.36,-0.66,6.05
2016-07-25,27.02,27.47,27.49,26.96,37491,102026576.00,1.94,0.81,0.22,3.93
2016-07-26,27.50,27.53,27.85,27.33,44450,122465628.00,1.89,0.22,0.06,4.66
2016-07-27,27.65,25.51,27.65,25.40,84281,221843072.00,8.17,-7.34,-2.02,8.84
2016-07-28,25.52,24.84,25.74,24.10,67885,168300053.00,6.43,-2.63,-0.67,7.12
2016-07-29,24.70,24.25,24.80,24.02,41365,100629856.00,3.14,-2.38,-0.59,4.34
2016-08-01,24.25,22.86,24.25,22.68,48131,111031561.00,6.47,-5.73,-1.39,5.05
2016-08-02,22.86,23.16,23.37,22.85,33154,76846078.00,2.27,1.31,0.30,3.48
2016-08-03,23.10,23.68,24.18,23.00,64243,152143831.00,5.09,2.25,0.52,6.74
2016-08-04,23.52,23.74,23.95,23.39,48604,115179886.00,2.36,0.25,0.06,5.10
2016-08-05,23.73,23.33,23.73,23.03,44630,104218082.00,2.95,-1.73,-0.41,4.68
2016-08-08,23.23,23.70,23.75,22.88,48224,113495203.00,3.73,1.59,0.37,5.06
2016-08-09,23.55,23.80,24.28,23.47,55594,132575943.00,3.42,0.42,0.10,5.83
2016-08-10,23.80,24.81,25.60,23.70,95887,234752546.00,7.98,4.24,1.01,10.06
2016-08-11,24.40,23.88,24.50,23.74,66478,160553097.00,3.06,-3.75,-0.93,6.97
2016-08-12,23.61,23.89,24.10,23.61,34446,82261869.00,2.05,0.04,0.01,3.61
2016-08-15,23.86,24.27,24.45,23.72,59605,144118905.00,3.06,1.59,0.38,6.25
2016-08-16,24.12,24.62,24.92,24.12,62201,153346804.00,3.30,1.44,0.35,6.52
2016-08-17,24.63,27.08,27.08,24.63,242777,649364416.00,9.95,9.99,2.46,25.46
2016-08-18,26.45,27.15,27.96,26.00,240062,652172208.00,7.24,0.26,0.07,25.18
2016-08-19,26.65,26.42,27.09,26.33,103939,276302160.00,2.80,-2.69,-0.73,10.90
2016-08-22,26.42,25.16,26.42,25.00,90910,233245593.00,5.37,-4.77,-1.26,9.54
2016-08-23,25.31,25.51,25.66,25.06,54360,138248335.00,2.38,1.39,0.35,5.70
2016-08-24,25.40,25.05,25.51,24.99,57098,143451939.00,2.04,-1.80,-0.46,5.99
2016-08-25,24.72,24.39,24.72,23.92,68699,166651029.00,3.19,-2.63,-0.66,7.21
2016-08-26,24.51,24.27,24.64,24.25,42476,103822898.00,1.60,-0.49,-0.12,4.46
2016-08-29,24.21,24.67,25.45,24.00,56515,140709578.00,5.97,1.65,0.40,5.93
2016-08-30,24.67,25.79,26.67,24.50,141039,364318480.00,8.80,4.54,1.12,14.79
2016-08-31,25.39,25.50,25.60,24.78,95186,239901787.00,3.18,-1.12,-0.29,9.98
2016-09-01,25.25,25.20,26.33,25.12,72481,185559204.00,4.75,-1.18,-0.30,7.60
2016-09-02,24.89,24.79,25.19,24.63,49662,123327745.00,2.22,-1.63,-0.41,5.21
2016-09-05,24.79,24.68,25.19,24.49,34908,86467005.00,2.82,-0.44,-0.11,3.66
2016-09-06,24.56,24.74,24.78,24.00,46648,113829238.00,3.16,0.24,0.06,4.89
2016-09-07,24.74,24.38,24.84,24.30,41184,101216125.00,2.18,-1.46,-0.36,4.32
2016-09-08,24.40,24.91,25.62,24.40,65349,163635734.00,5.00,2.17,0.53,6.85
2016-09-09,24.62,24.41,24.63,24.40,41070,100558376.00,0.92,-2.01,-0.50,4.31
2016-09-12,24.00,23.20,24.00,23.12,53702,126243940.00,3.61,-4.96,-1.21,5.63
2016-09-13,23.48,23.29,23.58,23.12,24002,55867925.00,1.98,0.39,0.09,2.52
2016-09-14,23.01,23.09,23.36,22.90,21428,49537431.00,1.98,-0.86,-0.20,2.25
2016-09-19,23.10,23.31,23.46,23.10,20739,48340877.00,1.56,0.95,0.22,2.18
2016-09-20,23.40,23.28,23.48,23.20,17271,40256950.00,1.20,-0.13,-0.03,1.81
2016-09-21,23.36,23.22,23.40,23.12,18122,42118549.00,1.20,-0.26,-0.06,1.90
2016-09-22,23.35,23.25,23.49,23.22,23737,55408455.00,1.16,0.13,0.03,2.49
2016-09-23,23.23,23.10,23.40,23.06,20721,48019031.00,1.46,-0.65,-0.15,2.17
2016-09-26,23.10,22.17,23.26,22.07,30116,68452990.00,5.15,-4.03,-0.93,3.16
2016-09-27,22.17,22.38,22.44,22.00,26061,57979327.00,1.98,0.95,0.21,2.73
2016-09-28,22.38,22.12,22.45,22.05,15957,35317195.00,1.79,-1.16,-0.26,1.67
2016-09-29,22.10,22.00,22.24,22.00,18211,40250180.00,1.08,-0.54,-0.12,1.91
2016-09-30,22.07,21.90,22.13,21.87,17205,37776774.00,1.18,-0.45,-0.10,1.80
2016-10-10,21.92,22.68,22.94,21.92,34681,77855267.00,4.66,3.56,0.78,3.64
2016-10-11,22.67,22.64,22.78,22.52,24375,55210783.00,1.15,-0.18,-0.04,2.56
2016-10-12,22.64,22.74,22.80,22.45,29302,66434523.00,1.55,0.44,0.10,3.07
2016-10-13,22.81,23.75,24.80,22.81,90481,214450999.00,8.75,4.44,1.01,9.49
2016-10-14,23.52,23.79,23.98,23.20,67760,160101889.00,3.28,0.17,0.04,7.11
2016-10-17,24.00,24.78,25.58,23.92,135899,337657536.00,6.98,4.16,0.99,14.25
2016-10-18,24.10,24.91,24.98,23.87,109687,269919088.00,4.48,0.52,0.13,11.50
2016-10-19,24.78,24.61,25.00,24.42,65904,162068829.00,2.33,-1.20,-0.30,6.91
2016-10-20,24.60,26.07,26.49,24.51,224513,579018272.00,8.05,5.93,1.46,23.55
2016-10-21,25.01,25.32,26.21,25.01,142960,364422896.00,4.60,-2.88,-0.75,14.99
2016-10-24,25.02,26.29,26.89,24.51,197720,509247936.00,9.40,3.83,0.97,20.74
2016-10-25,25.95,28.92,28.92,25.79,391957,1108730400.00,11.91,10.00,2.63,41.11
2016-10-26,29.10,29.96,31.35,28.52,460889,1371095840.00,9.79,3.60,1.04,48.34
2016-10-27,30.05,29.02,30.05,28.50,246800,715787312.00,5.17,-3.14,-0.94,25.89
2016-10-28,28.61,27.70,28.93,27.60,197479,556239904.00,4.58,-4.55,-1.32,20.71
2016-10-31,27.50,27.70,28.29,27.37,126477,353340720.00,3.32,0.00,0.00,13.27
2016-11-01,27.60,29.80,30.29,27.52,262131,763526144.00,10.00,7.58,2.10,27.49
2016-11-02,29.20,30.23,30.60,28.60,283962,842903280.00,6.71,1.44,0.43,29.78
2016-11-03,29.50,30.31,31.68,29.04,338897,1042154080.00,8.73,0.26,0.08,35.55
2016-11-04,29.95,29.00,30.47,28.91,165699,489503712.00,5.15,-4.32,-1.31,17.38
2016-11-07,29.02,29.09,29.94,28.95,92338,271198080.00,3.41,0.31,0.09,9.69
2016-11-08,29.10,28.50,29.30,28.11,109982,313494960.00,4.09,-2.03,-0.59,11.54
2016-11-09,28.42,27.84,28.56,27.40,110399,307633536.00,4.07,-2.32,-0.66,11.58
2016-11-10,28.20,28.14,28.49,27.89,85168,240029498.00,2.16,1.08,0.30,8.93
2016-11-11,28.22,29.36,29.96,28.20,170444,499389120.00,6.25,4.34,1.22,17.88
2016-11-14,28.65,28.76,29.49,28.34,91390,263453769.00,3.92,-2.04,-0.60,9.59
2016-11-15,28.82,29.95,30.49,28.05,164388,484156928.00,8.48,4.14,1.19,17.24
2016-11-16,29.89,30.07,31.44,29.68,196184,599609632.00,5.88,0.40,0.12,20.58
2016-11-17,29.00,29.27,29.87,28.55,103955,303512240.00,4.39,-2.66,-0.80,10.90
2016-11-18,29.00,30.50,31.60,29.00,210906,640785952.00,8.88,4.20,1.23,22.12
2016-11-21,30.47,31.82,32.50,29.70,284726,883042000.00,9.18,4.33,1.32,29.86
2016-11-22,31.38,30.92,32.20,30.85,201984,633541424.00,4.24,-2.83,-0.90,21.19
2016-11-23,30.71,29.78,30.79,29.61,129603,390158848.00,3.82,-3.69,-1.14,13.59
2016-11-24,29.79,30.27,30.47,29.62,98419,295900192.00,2.85,1.65,0.49,10.32
2016-11-25,30.11,28.95,30.22,27.63,114934,331608080.00,8.56,-4.36,-1.32,12.06
2016-11-28,28.95,28.25,29.12,28.16,64649,183508353.00,3.32,-2.42,-0.70,6.78
2016-11-29,28.27,27.16,28.54,27.05,76350,211911160.00,5.27,-3.86,-1.09,8.01
2016-11-30,27.16,27.20,27.58,26.50,44313,120217691.00,3.98,0.15,0.04,4.65
2016-12-01,27.45,27.30,27.55,27.12,34050,92954866.00,1.58,0.37,0.10,3.57
2016-12-02,27.25,27.85,28.19,27.25,70359,195574840.00,3.44,2.01,0.55,7.38
2016-12-05,27.40,28.73,28.99,27.13,96457,274037808.00,6.68,3.16,0.88,10.12
2016-12-06,28.76,28.26,28.84,28.21,60456,171983442.00,2.19,-1.64,-0.47,6.34
2016-12-07,28.29,27.63,28.30,27.20,56946,156969889.00,3.89,-2.23,-0.63,5.97
2016-12-08,27.65,27.32,27.98,27.30,39375,108527934.00,2.46,-1.12,-0.31,4.13
2016-12-09,27.15,25.92,27.30,25.81,81034,213562243.00,5.45,-5.12,-1.40,8.50
2016-12-12,25.69,23.34,25.69,23.33,80264,194706117.00,9.10,-9.95,-2.58,8.42
2016-12-13,23.29,23.59,23.96,22.30,50363,117620500.00,7.11,1.07,0.25,5.28
2016-12-14,23.59,23.45,23.99,23.38,42012,99561252.00,2.59,-0.59,-0.14,4.41
2016-12-15,23.20,23.52,23.95,23.10,30697,72567525.00,3.62,0.30,0.07,3.22
2016-12-16,23.68,24.45,24.74,23.33,60709,147064933.00,5.99,3.95,0.93,6.37
2016-12-19,24.22,23.88,24.29,23.81,34262,82324551.00,1.96,-2.33,-0.57,3.59
2016-12-20,24.17,24.13,24.57,24.03,33672,81785617.00,2.26,1.05,0.25,3.53
2016-12-21,24.10,23.90,24.30,23.54,41476,98751292.00,3.15,-0.95,-0.23,4.35
2016-12-22,23.80,22.99,23.93,22.90,54273,126323407.00,4.31,-3.81,-0.91,5.69
2016-12-23,22.80,23.41,23.55,22.32,52687,122539109.00,5.35,1.83,0.42,3.81
2016-12-26,23.41,23.70,23.77,23.03,36793,86377308.00,3.16,1.24,0.29,2.66
2016-12-27,23.00,22.97,23.56,22.77,45413,105032606.00,3.33,-3.08,-0.73,3.29
2016-12-28,23.05,21.58,23.06,21.58,95888,211999438.00,6.44,-6.05,-1.39,6.94
2016-12-29,21.50,20.70,21.50,20.56,77571,162560588.00,4.36,-4.08,-0.88,5.61
2016-12-30,20.81,20.81,21.46,20.78,51766,109276260.00,3.29,0.53,0.11,3.74
2017-01-03,20.84,20.87,21.17,20.78,32360,67846313.00,1.87,0.29,0.06,2.34
2017-01-04,20.88,21.39,21.59,20.60,65181,137981050.00,4.74,2.49,0.52,4.72
2017-01-05,21.55,21.15,21.55,21.10,38279,81350393.00,2.10,-1.12,-0.24,2.77
2017-01-06,21.27,21.07,21.31,20.94,32939,69485172.00,1.75,-0.38,-0.08,2.38
2017-01-09,21.22,20.98,21.22,20.89,26764,56261004.00,1.57,-0.43,-0.09,1.94
2017-01-10,21.01,21.10,21.27,20.87,30789,64916146.00,1.91,0.57,0.12,2.23
2017-01-11,21.00,21.28,21.28,20.93,38614,81687505.00,1.66,0.85,0.18,2.79
2017-01-12,21.25,20.85,21.46,20.73,33736,71158131.00,3.43,-2.02,-0.43,2.44
2017-01-13,20.86,19.78,20.95,19.61,43570,87642167.00,6.43,-5.13,-1.07,3.15
2017-01-16,19.52,18.13,19.77,17.80,49736,91304836.00,9.96,-8.34,-1.65,3.60
2017-01-17,18.13,18.66,18.77,17.72,34708,63639736.00,5.79,2.92,0.53,2.51
2017-01-18,18.50,18.24,18.63,18.22,20198,37062934.00,2.20,-2.25,-0.42,1.46
2017-01-19,18.23,18.17,18.40,18.11,17352,31718586.00,1.59,-0.38,-0.07,1.26
2017-01-20,18.08,18.44,18.55,18.08,26737,49248547.00,2.59,1.49,0.27,1.93
2017-01-23,18.45,18.64,18.76,18.45,20708,38527790.00,1.68,1.08,0.20,1.50
2017-01-24,18.73,20.50,20.50,18.73,27272,55750700.00,9.50,9.98,1.86,1.97
2017-01-25,21.80,20.98,22.38,20.52,112215,239573959.00,9.07,2.34,0.48,8.12
2017-01-26,21.12,20.45,21.16,20.10,58357,119080292.00,5.05,-2.53,-0.53,4.22
2017-02-03,20.66,20.18,20.68,20.08,31949,64779812.00,2.93,-1.32,-0.27,2.31
2017-02-06,20.20,20.54,20.89,20.20,42198,86929480.00,3.42,1.78,0.36,3.05
2017-02-07,20.61,21.36,21.73,20.21,79143,165516613.00,7.40,3.99,0.82,5.73
2017-02-08,21.03,21.17,21.30,20.73,52131,109600677.00,2.67,-0.89,-0.19,3.77
2017-02-09,21.00,21.14,21.29,20.86,40675,85787070.00,2.03,-0.14,-0.03,2.94
2017-02-10,21.12,20.69,21.34,20.67,40177,84035732.00,3.17,-2.13,-0.45,2.91
2017-02-13,20.70,20.74,21.00,20.18,28857,59887431.00,3.96,0.24,0.05,2.09
2017-02-14,20.71,20.43,20.74,20.35,28010,57366872.00,1.88,-1.49,-0.31,2.03
2017-02-15,20.32,20.39,20.75,20.29,24002,49140054.00,2.25,-0.20,-0.04,1.74
2017-02-16,20.25,20.43,20.50,20.23,18999,38736255.00,1.32,0.20,0.04,1.37
2017-02-17,20.43,20.22,20.60,20.20,26708,54449712.00,1.96,-1.03,-0.21,1.93
2017-02-20,20.00,19.98,20.21,19.60,36735,72910278.00,3.02,-1.19,-0.24,2.66
2017-02-21,19.98,20.23,20.23,19.75,30038,60276367.00,2.40,1.25,0.25,2.17
2017-02-22,20.28,20.24,20.40,20.07,24312,49165574.00,1.63,0.05,0.01,1.76
2017-02-23,20.20,20.09,20.36,19.91,27370,55090671.00,2.22,-0.74,-0.15,1.98
2017-02-24,20.08,20.30,20.33,19.85,27842,56194017.00,2.39,1.05,0.21,2.01
2017-02-27,20.30,20.12,20.47,20.09,25003,50696067.00,1.87,-0.89,-0.18,1.81
2017-02-28,20.11,20.15,20.19,20.02,16127,32434274.00,0.84,0.15,0.03,1.17
2017-03-01,20.14,20.15,20.38,20.11,20417,41326277.00,1.34,0.00,0.00,1.48
2017-03-02,20.28,19.89,20.29,19.86,24321,48671015.00,2.13,-1.29,-0.26,1.76
2017-03-03,19.71,19.77,19.90,19.61,20354,40178588.00,1.46,-0.60,-0.12,1.47
2017-03-06,19.83,20.16,20.16,19.80,24939,50016526.00,1.82,1.97,0.39,1.80
2017-03-07,20.21,20.23,20.31,20.04,24037,48492151.00,1.34,0.35,0.07,1.74
2017-03-08,20.30,20.89,21.48,20.25,95649,200275243.00,6.08,3.26,0.66,6.92
2017-03-09,20.65,20.30,20.70,20.23,53879,109733405.00,2.25,-2.82,-0.59,3.90
2017-03-10,20.21,20.08,20.68,20.03,26611,53644903.00,3.20,-1.08,-0.22,1.92
2017-03-13,20.15,20.08,20.15,19.70,22803,45513633.00,2.24,0.00,0.00,1.65
2017-03-14,20.16,20.05,20.21,19.92,31823,63734223.00,1.44,-0.15,-0.03,2.30
2017-03-15,20.18,19.94,20.18,19.76,20182,40174545.00,2.09,-0.55,-0.11,1.46
2017-03-16,19.89,20.17,20.19,19.89,29820,59874514.00,1.50,1.15,0.23,2.16
2017-03-17,20.19,19.71,20.23,19.68,55545,110486299.00,2.73,-2.28,-0.46,4.02
2017-03-20,19.78,19.60,19.78,19.37,31942,62558980.00,2.08,-0.56,-0.11,2.31
2017-03-21,19.69,19.57,19.87,19.51,24542,48275079.00,1.84,-0.15,-0.03,1.78
2017-03-22,19.44,19.03,19.44,19.00,50943,97452193.00,2.25,-2.76,-0.54,3.69
2017-03-23,19.07,19.16,19.40,18.80,32047,61373131.00,3.15,0.68,0.13,2.32
2017-03-24,19.28,19.04,19.28,18.91,24633,46892520.00,1.93,-0.63,-0.12,1.78
2017-03-27,18.95,18.93,19.14,18.80,22587,42726068.00,1.79,-0.58,-0.11,1.63
2017-03-28,18.84,18.91,18.98,18.82,17103,32298867.00,0.85,-0.11,-0.02,1.24
2017-03-29,18.90,18.60,18.96,18.60,26822,50092177.00,1.90,-1.64,-0.31,1.94
2017-03-30,18.53,17.93,18.55,17.88,32831,59211383.00,3.60,-3.60,-0.67,2.37
2017-03-31,17.85,17.90,18.04,17.76,22600,40421629.00,1.56,-0.17,-0.03,1.63
2017-04-05,17.95,19.14,19.55,17.95,55514,104327687.00,8.94,6.93,1.24,4.02
2017-04-06,19.00,18.70,19.04,18.62,39721,74612093.00,2.19,-2.30,-0.44,2.87
2017-04-07,18.71,18.42,18.79,18.41,23474,43412327.00,2.03,-1.50,-0.28,1.70
2017-04-10,18.43,18.50,18.76,18.10,33342,61290422.00,3.58,0.43,0.08,2.41
2017-04-11,18.46,18.16,18.47,17.86,37849,68544182.00,3.30,-1.84,-0.34,2.74
2017-04-12,17.96,17.99,18.30,17.91,22227,40099787.00,2.15,-0.94,-0.17,1.61
2017-04-13,18.22,18.02,18.22,18.00,14620,26411434.00,1.22,0.17,0.03,1.06
2017-04-14,17.91,17.87,18.09,17.85,17648,31658551.00,1.33,-0.83,-0.15,1.28
2017-04-17,17.86,17.20,17.87,17.08,20283,35091636.00,4.42,-3.75,-0.67,1.47
2017-04-18,17.19,16.30,17.29,16.26,32527,54530766.00,5.99,-5.23,-0.90,2.35
2017-04-19,16.33,16.37,16.99,15.52,36685,58412574.00,9.02,0.43,0.07,2.65
2017-04-20,16.17,15.82,16.28,15.76,20350,32585630.00,3.18,-3.36,-0.55,1.47
2017-04-21,15.75,15.69,15.99,15.68,13167,20820450.00,1.96,-0.82,-0.13,0.95
2017-04-24,15.63,14.42,15.66,14.25,26742,39419536.00,8.99,-8.09,-1.27,1.93
2017-04-25,14.50,14.99,15.20,14.42,36944,54813670.00,5.41,3.95,0.57,2.67
2017-04-26,14.99,15.47,15.72,14.90,36073,55592715.00,5.47,3.20,0.48,2.61
2017-04-27,15.50,15.61,15.69,15.01,28080,43237146.00,4.40,0.90,0.14,2.03
2017-04-28,15.36,15.69,15.77,15.36,12734,19969492.00,2.63,0.51,0.08,0.92
2017-05-02,15.69,15.59,15.99,15.50,17936,28175554.00,3.12,-0.64,-0.10,1.30
2017-05-03,15.50,15.36,15.65,15.22,13853,21255971.00,2.76,-1.48,-0.23,1.00
2017-05-04,15.45,15.17,15.45,15.12,14372,21895219.00,2.15,-1.24,-0.19,1.04
2017-05-05,15.17,15.09,15.35,15.00,11223,17041123.00,2.31,-0.53,-0.08,0.81
2017-05-08,15.14,14.54,15.14,14.50,13351,19830784.00,4.24,-3.64,-0.55,0.97
2017-05-09,14.53,14.72,14.91,14.40,13546,19903937.00,3.51,1.24,0.18,0.98
2017-05-10,14.85,15.13,16.19,14.68,38521,59673992.00,10.26,2.79,0.41,2.79
2017-05-11,14.83,14.80,15.02,14.42,27058,39705677.00,3.97,-2.18,-0.33,1.96
2017-05-12,14.80,14.81,14.99,14.72,16436,24371628.00,1.82,0.07,0.01,1.19
2017-05-15,14.95,15.33,15.50,14.70,31954,48682448.00,5.40,3.51,0.52,2.31
2017-05-16,15.45,15.98,16.10,15.20,59920,94420861.00,5.87,4.24,0.65,4.33
2017-05-17,15.77,15.60,15.90,15.50,63701,99972470.00,2.50,-2.38,-0.38,4.61
2017-05-18,15.40,15.09,15.44,15.06,49695,75629020.00,2.44,-3.27,-0.51,3.59
2017-05-19,15.11,14.75,15.23,14.67,36018,53665405.00,3.71,-2.25,-0.34,2.61
2017-05-22,14.78,14.45,14.94,14.42,25629,37625188.00,3.53,-2.03,-0.30,1.85
2017-05-23,14.37,13.71,14.54,13.48,28372,40217511.00,7.34,-5.12,-0.74,2.05
2017-05-24,13.73,13.39,13.79,12.80,26283,34785542.00,7.22,-2.33,-0.32,1.90
2017-05-25,13.50,13.38,13.50,13.03,19276,25608762.00,3.51,-0.07,-0.01,1.39
2017-05-26,13.37,13.32,13.55,13.25,17344,23192974.00,2.24,-0.45,-0.06,1.25
2017-05-31,13.50,13.48,13.81,13.45,20188,27506759.00,2.70,1.20,0.16,1.46
2017-06-01,13.41,12.83,13.59,12.80,21039,27604273.00,5.86,-4.82,-0.65,1.52
2017-06-02,12.80,13.20,13.70,12.38,29494,38196209.00,10.29,2.88,0.37,2.13
2017-06-05,13.13,13.23,13.42,13.13,18784,24908024.00,2.20,0.23,0.03,1.36
2017-06-06,13.23,13.36,13.40,13.13,16169,21487107.00,2.04,0.98,0.13,1.17
2017-06-07,13.35,13.66,13.83,13.30,31971,43508543.00,3.97,2.25,0.30,2.31
2017-06-08,13.67,13.60,13.99,13.50,29992,41164009.00,3.59,-0.44,-0.06,2.17
2017-06-09,13.48,13.68,13.88,13.22,31781,43199674.00,4.85,0.59,0.08,2.30
2017-06-12,13.46,14.30,14.62,13.34,81064,115299243.00,9.36,4.53,0.62,5.86
2017-06-13,14.12,15.23,15.66,14.00,124699,183690037.00,11.61,6.50,0.93,9.02
2017-06-14,15.00,15.74,15.99,14.86,138626,215880358.00,7.42,3.35,0.51,10.03
2017-06-15,15.50,15.34,16.09,15.33,115511,180255049.00,4.83,-2.54,-0.40,8.36
2017-06-16,15.21,14.95,15.47,14.69,82186,122876958.00,5.08,-2.54,-0.39,5.95
2017-06-19,14.90,14.88,15.03,14.75,37449,55547119.00,1.87,-0.47,-0.07,2.71
2017-06-20,14.98,14.70,14.98,14.68,38043,56386144.00,2.02,-1.21,-0.18,2.75
2017-06-21,14.72,14.63,14.80,14.36,33270,48634679.00,2.99,-0.48,-0.07,2.41
2017-06-22,14.63,15.35,15.68,14.54,88782,134162884.00,7.79,4.92,0.72,6.42
2017-06-23,14.99,14.87,15.28,14.70,58591,87787656.00,3.78,-3.13,-0.48,4.24
2017-06-26,14.58,14.73,14.79,14.48,34353,50285937.00,2.08,-0.94,-0.14,2.49
2017-06-27,14.80,14.66,14.80,14.51,27090,39678686.00,1.97,-0.48,-0.07,1.96
2017-06-28,14.64,14.94,14.99,14.50,46868,69677270.00,3.34,1.91,0.28,3.39
2017-06-29,14.60,14.70,14.95,14.60,29842,44009153.00,2.34,-1.61,-0.24,2.16
2017-06-30,14.70,14.58,14.70,14.38,27861,40494458.00,2.18,-0.82,-0.12,2.02
2017-07-03,14.57,14.71,14.75,14.56,18235,26792181.00,1.30,0.89,0.13,1.32
2017-07-04,14.79,14.73,14.79,14.61,17384,25535631.00,1.22,0.14,0.02,1.26
2017-07-05,14.73,14.66,14.77,14.44,25815,37624558.00,2.24,-0.48,-0.07,1.87
2017-07-06,14.66,14.96,15.12,14.56,58019,86441070.00,3.82,2.05,0.30,4.20
2017-07-07,14.88,14.90,14.95,14.78,29387,43683970.00,1.14,-0.40,-0.06,2.13
2017-07-10,14.90,15.59,15.92,14.90,107701,166832538.00,6.85,4.63,0.69,7.79
2017-07-11,15.40,15.34,15.69,15.10,65041,99559233.00,3.78,-1.60,-0.25,4.70
2017-07-12,15.16,14.88,15.40,14.75,45873,68747882.00,4.24,-3.00,-0.46,3.32
2017-07-13,14.89,14.69,14.92,14.65,24839,36627383.00,1.81,-1.28,-0.19,1.80
2017-07-14,14.71,14.90,15.16,14.71,37769,56652372.00,3.06,1.43,0.21,2.73
2017-07-17,14.80,13.41,14.85,13.41,50684,69838360.00,9.66,-10.00,-1.49,3.67
2017-07-18,13.40,13.32,13.57,13.15,20951,27908080.00,3.13,-0.67,-0.09,1.52
2017-07-19,13.33,13.40,13.48,13.15,21353,28392252.00,2.48,0.60,0.08,1.54
2017-07-20,13.40,13.33,13.62,13.27,19647,26412380.00,2.61,-0.52,-0.07,1.42
2017-07-21,13.32,13.35,13.52,13.31,12917,17286736.00,1.58,0.15,0.02,0.93
2017-07-24,13.30,13.13,13.30,13.00,18140,23806315.00,2.25,-1.65,-0.22,1.31
2017-07-25,13.10,13.18,13.33,13.10,14744,19482881.00,1.75,0.38,0.05,1.07
2017-07-26,13.10,13.02,13.29,13.01,16916,22161048.00,2.12,-1.21,-0.16,1.22
2017-07-27,13.03,13.36,13.50,12.81,31528,41544166.00,5.30,2.61,0.34,2.28
2017-07-28,13.30,13.30,13.58,13.22,19234,25720847.00,2.69,-0.45,-0.06,1.39
2017-07-31,13.13,12.86,13.13,12.81,36649,47348790.00,2.41,-3.31,-0.44,2.65
2017-08-01,12.86,12.87,13.00,12.83,18108,23347513.00,1.32,0.08,0.01,1.31
2017-08-02,12.85,12.63,12.95,12.61,25155,31948858.00,2.64,-1.86,-0.24,1.82
2017-08-03,12.62,12.73,12.82,12.52,14562,18476087.00,2.38,0.79,0.10,1.05
2017-08-04,12.75,12.61,12.82,12.60,11701,14838199.00,1.73,-0.94,-0.12,0.85
2017-08-07,12.62,12.77,12.78,12.56,11722,14895022.00,1.74,1.27,0.16,0.85
2017-08-08,12.77,12.74,12.85,12.72,12194,15569074.00,1.02,-0.23,-0.03,0.88
2017-08-09,12.74,12.80,12.81,12.63,10861,13858516.00,1.41,0.47,0.06,0.79
2017-08-10,12.80,12.63,12.82,12.55,13527,17116673.00,2.11,-1.33,-0.17,0.98
2017-08-11,12.61,12.55,12.62,12.44,12832,16078744.00,1.43,-0.63,-0.08,0.93
2017-08-14,12.53,12.80,12.84,12.48,14720,18758351.00,2.87,1.99,0.25,1.06
2017-08-15,12.75,12.82,12.88,12.74,13267,17008940.00,1.09,0.16,0.02,0.96
2017-08-16,12.82,12.96,12.99,12.68,23163,29900134.00,2.42,1.09,0.14,1.68
2017-08-17,12.93,12.96,13.08,12.85,20833,27047567.00,1.77,0.00,0.00,1.51
2017-08-18,12.94,13.27,13.60,12.77,47931,63387625.00,6.40,2.39,0.31,3.47
2017-08-21,13.09,13.39,13.57,13.07,38854,51619302.00,3.77,0.90,0.12,2.81
2017-08-22,13.23,13.15,13.49,13.11,22993,30504603.00,2.84,-1.79,-0.24,1.66
2017-08-23,13.35,13.06,13.40,13.02,21780,28791918.00,2.89,-0.68,-0.09,1.58
2017-08-24,13.00,13.58,14.37,12.81,83403,114017440.00,11.94,3.98,0.52,6.03
2017-08-25,13.49,13.66,14.19,13.22,66224,90193438.00,7.14,0.59,0.08,4.79
2017-08-28,13.54,13.71,14.00,13.50,50245,69170068.00,3.66,0.37,0.05,3.63
2017-08-29,13.60,13.85,14.13,13.58,53046,73599582.00,4.01,1.02,0.14,3.84
2017-08-30,13.72,13.55,13.83,13.39,45455,61770731.00,3.18,-2.17,-0.30,3.29
2017-08-31,13.55,13.58,13.75,13.47,28326,38483655.00,2.07,0.22,0.03,2.05
2017-09-01,13.55,13.55,13.85,13.52,33196,45348070.00,2.43,-0.22,-0.03,2.40
2017-09-04,13.50,13.57,13.70,13.33,37467,50516368.00,2.73,0.15,0.02,2.71
2017-09-05,13.50,13.40,13.63,13.40,28172,37953564.00,1.69,-1.25,-0.17,2.04
2017-09-06,13.45,13.43,13.54,13.29,23209,31146833.00,1.87,0.22,0.03,1.68
2017-09-07,13.49,13.60,13.83,13.37,50333,68659811.00,3.43,1.27,0.17,3.64
2017-09-08,13.57,13.65,13.79,13.42,39971,54365646.00,2.72,0.37,0.05,2.89
2017-09-11,13.69,13.94,14.21,13.65,70890,99006589.00,4.10,2.12,0.29,5.13
2017-09-12,13.79,13.67,14.05,13.58,47852,66088331.00,3.37,-1.94,-0.27,3.46
2017-09-13,13.55,13.87,13.89,13.52,36675,50462066.00,2.71,1.46,0.20,2.65
2017-09-14,13.80,13.89,13.98,13.70,37085,51407542.00,2.02,0.14,0.02,2.68
2017-09-15,13.88,13.67,13.88,13.57,30855,42278136.00,2.23,-1.58,-0.22,2.23
2017-09-18,13.66,13.64,13.75,13.54,18559,25303024.00,1.54,-0.22,-0.03,1.34
2017-09-19,13.63,14.33,14.50,13.41,97131,136471562.00,7.99,5.06,0.69,7.03
2017-09-20,14.10,14.24,14.38,13.96,73182,103730557.00,2.93,-0.63,-0.09,5.29
2017-09-21,14.26,13.95,14.34,13.95,37163,52403748.00,2.74,-2.04,-0.29,2.69
2017-09-22,13.89,13.69,14.00,13.65,27417,37735388.00,2.51,-1.86,-0.26,1.98
2017-09-25,13.70,13.41,13.75,13.40,22611,30799400.00,2.56,-2.05,-0.28,1.64
2017-09-26,13.41,13.48,13.76,13.00,38283,50987672.00,5.67,0.52,0.07,2.77
2017-09-27,13.40,13.28,13.52,13.21,19433,25945820.00,2.30,-1.48,-0.20,1.41
2017-09-28,13.25,13.46,13.79,13.20,32155,43301061.00,4.44,1.36,0.18,2.33
2017-09-29,13.64,13.60,13.67,13.42,25085,33960604.00,1.86,1.04,0.14,1.81
2017-10-09,13.65,13.93,13.96,13.53,37635,51944773.00,3.16,2.43,0.33,2.72
2017-10-10,13.88,13.92,14.03,13.77,34389,47778060.00,1.87,-0.07,-0.01,2.49
2017-10-11,13.86,14.17,14.30,13.80,78117,110173439.00,3.59,1.80,0.25,5.65
2017-10-12,14.14,14.09,14.26,13.92,34433,48414607.00,2.40,-0.56,-0.08,2.49
2017-10-13,13.97,14.12,14.27,13.92,29741,41907071.00,2.48,0.21,0.03,2.15
2017-10-16,14.34,13.92,14.34,13.71,43377,60629377.00,4.46,-1.42,-0.20,3.14
2017-10-17,13.86,13.66,13.88,13.62,18545,25514067.00,1.87,-1.87,-0.26,1.34
2017-10-18,13.62,13.60,13.85,13.45,20031,27276905.00,2.93,-0.44,-0.06,1.45
2017-10-19,13.66,13.58,13.74,13.12,31871,43069459.00,4.56,-0.15,-0.02,2.31
2017-10-20,13.41,13.67,13.79,13.37,29086,39557395.00,3.09,0.66,0.09,2.10
2017-10-23,13.79,13.53,13.79,13.48,20645,28025740.00,2.27,-1.02,-0.14,1.49
2017-10-24,13.39,13.45,13.58,13.20,32567,43546156.00,2.81,-0.59,-0.08,2.36
2017-10-25,13.40,13.38,13.62,13.35,21080,28290424.00,2.01,-0.52,-0.07,1.52
2017-10-26,13.36,13.35,13.45,13.31,16687,22305415.00,1.05,-0.22,-0.03,1.21
2017-10-27,13.28,13.18,13.39,13.18,16296,21633883.00,1.57,-1.27,-0.17,1.18
2017-10-30,13.20,12.39,13.20,12.39,37553,47209755.00,6.15,-5.99,-0.79,2.72
2017-10-31,12.39,12.50,12.78,12.35,14855,18556244.00,3.47,0.89,0.11,1.07
2017-11-01,12.50,12.43,12.58,12.43,10949,13693772.00,1.20,-0.56,-0.07,0.79
2017-11-02,12.40,12.13,12.46,12.11,18866,23066301.00,2.82,-2.41,-0.30,1.36
2017-11-03,12.13,12.15,12.27,11.93,14544,17579987.00,2.80,0.16,0.02,1.05
2017-11-06,11.99,12.19,12.27,11.99,11803,14372875.00,2.30,0.33,0.04,0.85
2017-11-07,12.11,12.66,12.80,12.11,29235,36361230.00,5.66,3.86,0.47,2.11
2017-11-08,12.66,12.52,12.73,12.45,28106,35324057.00,2.21,-1.11,-0.14,2.03
2017-11-09,12.44,12.38,12.60,12.32,14231,17664450.00,2.24,-1.12,-0.14,1.03
2017-11-10,12.31,12.21,12.43,12.21,16801,20726976.00,1.78,-1.37,-0.17,1.22
2017-11-13,12.25,12.25,12.30,12.16,11774,14399792.00,1.15,0.33,0.04,0.85
2017-11-14,12.25,12.36,12.58,12.11,18685,22950786.00,3.84,0.90,0.11,1.35
2017-11-15,12.31,12.33,12.37,12.16,17024,20897883.00,1.70,-0.24,-0.03,1.23
2017-11-16,12.44,12.26,12.45,12.14,18510,22772556.00,2.51,-0.57,-0.07,1.34
2017-11-17,12.30,11.25,12.30,11.06,47802,55445753.00,10.11,-8.24,-1.01,3.46
2017-11-20,11.21,10.88,11.80,10.28,32263,34880067.00,13.51,-3.29,-0.37,2.33
2017-11-21,10.91,10.54,10.91,10.52,21793,23216217.00,3.58,-3.13,-0.34,1.58
2017-11-22,10.54,10.46,10.64,10.40,14966,15743411.00,2.28,-0.76,-0.08,1.08
2017-11-23,10.33,10.00,10.49,10.00,22668,23195397.00,4.68,-4.40,-0.46,1.64
2017-11-24,10.00,9.70,10.08,9.64,31069,30595239.00,4.40,-3.00,-0.30,2.25
2017-11-27,9.80,9.68,9.80,9.58,15482,15044332.00,2.27,-0.21,-0.02,1.12
2017-11-28,9.69,9.80,9.85,9.65,14656,14306964.00,2.07,1.24,0.12,1.06
2017-11-29,9.80,9.83,9.87,9.66,16736,16356204.00,2.14,0.31,0.03,1.21
2017-11-30,9.84,10.19,10.76,9.76,47781,48952479.00,10.17,3.66,0.36,3.46
2017-12-01,10.13,10.23,10.49,9.98,34788,35611535.00,5.00,0.39,0.04,2.52
2017-12-04,10.03,9.91,10.35,9.91,22103,22315216.00,4.30,-3.13,-0.32,1.60
2017-12-05,9.91,9.45,9.98,9.43,22771,22012977.00,5.55,-4.64,-0.46,1.65
2017-12-06,9.45,9.33,9.50,9.15,26468,24610401.00,3.70,-1.27,-0.12,1.91
2017-12-07,9.33,9.33,9.43,9.25,15989,14917274.00,1.93,0.00,0.00,1.16
2017-12-08,9.32,9.48,9.54,9.31,18927,17851308.00,2.47,1.61,0.15,1.37
2017-12-11,9.44,9.59,9.66,9.44,18221,17465340.00,2.32,1.16,0.11,1.32
2017-12-12,9.59,9.33,9.59,9.29,19339,18225072.00,3.13,-2.71,-0.26,1.40
2017-12-13,9.34,9.77,9.96,9.28,37449,35983961.00,7.29,4.72,0.44,2.71
2017-12-14,9.68,9.70,9.79,9.53,32473,31362226.00,2.66,-0.72,-0.07,2.35
2017-12-15,9.70,9.65,9.79,9.58,25565,24726321.00,2.16,-0.52,-0.05,1.85
2017-12-18,9.65,9.46,9.66,9.45,15773,15053787.00,2.18,-1.97,-0.19,1.14
2017-12-19,9.49,9.78,10.14,9.46,44073,42881884.00,7.19,3.38,0.32,3.19
2017-12-20,9.73,9.63,9.98,9.55,40616,39581338.00,4.40,-1.53,-0.15,2.94
2017-12-21,9.62,9.54,9.74,9.33,31515,30075169.00,4.26,-0.93,-0.09,2.28
2017-12-22,9.51,9.37,9.58,9.31,28961,27312478.00,2.83,-1.78,-0.17,2.09
2017-12-25,9.37,9.08,9.45,9.00,21169,19426178.00,4.80,-3.09,-0.29,1.53
2017-12-26,9.00,9.18,9.20,9.00,16545,15080824.00,2.20,1.10,0.10,1.20
2017-12-27,9.19,9.24,9.45,9.13,23094,21377700.00,3.49,0.65,0.06,1.67
2017-12-28,9.16,9.19,9.32,9.10,20392,18827931.00,2.38,-0.54,-0.05,1.48
2017-12-29,9.26,9.37,9.39,9.20,26627,24795018.00,2.07,1.96,0.18,1.93
2018-01-02,9.37,9.36,9.48,9.28,24187,22663371.00,2.13,-0.11,-0.01,1.77
2018-01-03,9.36,9.55,9.58,9.29,33630,31798247.00,3.10,2.03,0.19,2.46
2018-01-04,9.52,9.47,9.54,9.43,19593,18551351.00,1.15,-0.84,-0.08,1.43
2018-01-05,9.45,9.80,9.92,9.40,57750,55942565.00,5.49,3.48,0.33,4.22
2018-01-08,9.75,10.04,10.70,9.61,62955,62604864.00,11.12,2.45,0.24,4.60
2018-01-09,9.90,9.83,10.35,9.80,50920,50732556.00,5.48,-2.09,-0.21,3.72
2018-01-10,9.76,9.60,9.87,9.50,39258,37867961.00,3.76,-2.34,-0.23,2.87
2018-01-11,9.65,9.86,10.07,9.53,46291,45375947.00,5.63,2.71,0.26,3.39
2018-01-12,9.76,9.87,10.16,9.71,45747,45326396.00,4.56,0.10,0.01,3.35
2018-01-15,9.87,9.39,10.18,9.35,43069,41537359.00,8.41,-4.86,-0.48,3.15
2018-01-16,9.34,9.24,9.54,9.10,30246,28020387.00,4.69,-1.60,-0.15,2.21
2018-01-17,9.20,9.26,9.32,9.10,19090,17544667.00,2.38,0.22,0.02,1.40
2018-01-18,9.23,9.25,9.36,9.22,17369,16110384.00,1.51,-0.11,-0.01,1.27
2018-01-19,9.17,9.18,9.37,9.17,15396,14267347.00,2.16,-0.76,-0.07,1.13
2018-01-22,9.23,9.47,9.54,9.14,38706,36245486.00,4.36,3.16,0.29,2.83
2018-01-23,9.43,9.58,9.64,9.35,42094,40007878.00,3.06,1.16,0.11,3.08
2018-01-24,9.58,9.50,9.60,9.40,30641,29085313.00,2.09,-0.84,-0.08,2.24
2018-01-25,9.46,9.80,9.83,9.42,69079,66880428.00,4.32,3.16,0.30,5.05
2018-01-26,9.65,9.66,9.80,9.64,34328,33289747.00,1.63,-1.43,-0.14,2.51
2018-01-29,9.65,9.37,9.68,9.34,25321,24054058.00,3.52,-3.00,-0.29,1.85
2018-01-30,9.36,9.23,9.36,9.22,14937,13851289.00,1.49,-1.49,-0.14,1.09
2018-01-31,9.21,9.08,9.30,9.06,22148,20269076.00,2.60,-1.63,-0.15,1.62
2018-02-01,9.09,8.18,9.16,8.17,39217,33376618.00,10.90,-9.91,-0.90,2.87
2018-02-02,7.90,7.89,8.07,7.51,23639,18487193.00,6.85,-3.55,-0.29,1.73
2018-02-05,7.72,7.85,7.92,7.66,10931,8557139.00,3.30,-0.51,-0.04,0.80
2018-02-06,7.75,7.19,7.78,7.07,25602,18943615.00,9.04,-8.41,-0.66,1.87
2018-02-07,7.27,7.31,7.43,7.15,18257,13314090.00,3.89,1.67,0.12,1.34
2018-02-08,7.31,7.52,7.69,7.30,17052,12796167.00,5.34,2.87,0.21,1.25
2018-02-09,7.37,7.32,7.43,7.21,14643,10704958.00,2.93,-2.66,-0.20,1.07
2018-02-12,7.35,7.50,7.58,7.35,9023,6782708.00,3.14,2.46,0.18,0.66
2018-02-13,7.68,7.42,7.68,7.42,10415,7847549.00,3.47,-1.07,-0.08,0.76
2018-02-14,7.42,7.49,7.58,7.41,8613,6461439.00,2.29,0.94,0.07,0.63
2018-02-22,7.63,7.58,7.66,7.53,10588,8039140.00,1.74,1.20,0.09,0.77
2018-02-23,7.51,7.51,7.56,7.43,10750,8069065.00,1.72,-0.92,-0.07,0.79
2018-02-26,7.62,7.74,7.75,7.53,19692,15091468.00,2.93,3.06,0.23,1.44
2018-02-27,7.74,7.80,7.85,7.70,15712,12216720.00,1.94,0.78,0.06,1.15
2018-02-28,7.76,7.76,7.84,7.62,14539,11222109.00,2.82,-0.51,-0.04,1.06
2018-03-01,7.75,7.92,7.97,7.72,20625,16237231.00,3.22,2.06,0.16,1.51
2018-03-02,7.89,8.02,8.05,7.83,25803,20544905.00,2.78,1.26,0.10,1.89
2018-03-05,7.91,7.92,8.00,7.86,17430,13793287.00,1.75,-1.25,-0.10,1.27
2018-03-06,7.92,8.02,8.08,7.92,19895,15916590.00,2.02,1.26,0.10,1.46
2018-03-07,8.05,7.92,8.05,7.86,11980,9510915.00,2.37,-1.25,-0.10,0.88
2018-03-08,7.93,8.06,8.14,7.92,17796,14304934.00,2.78,1.77,0.14,1.30
2018-03-09,8.06,8.29,8.66,8.03,43440,36383431.00,7.82,2.85,0.23,3.18
2018-03-12,8.23,8.38,8.39,8.23,27318,22723166.00,1.93,1.09,0.09,2.00
2018-03-13,8.34,8.62,8.65,8.28,36754,31095847.00,4.42,2.86,0.24,2.69
2018-03-14,8.54,8.36,8.75,8.35,37915,32356778.00,4.64,-3.02,-0.26,2.77
2018-03-15,8.26,8.11,8.32,8.02,29067,23636271.00,3.59,-2.99,-0.25,2.13
2018-03-16,8.06,8.20,8.25,8.06,24005,19627170.00,2.34,1.11,0.09,1.76
2018-03-19,8.16,8.18,8.28,8.06,13691,11228481.00,2.68,-0.24,-0.02,1.00
2018-03-20,8.20,8.45,8.51,8.13,45446,38073619.00,4.65,3.30,0.27,3.32
2018-03-21,8.51,8.26,8.78,8.20,41059,34936876.00,6.86,-2.25,-0.19,3.00
2018-03-22,8.28,9.09,9.09,8.25,125957,111903499.00,10.17,10.05,0.83,9.21
2018-03-23,8.91,9.37,9.80,8.62,223112,206036304.00,12.98,3.08,0.28,16.32
2018-03-26,8.67,9.14,9.30,8.43,121834,107104839.00,9.28,-2.45,-0.23,8.91
2018-03-27,9.11,9.50,9.96,9.01,138286,129483578.00,10.39,3.94,0.36,10.11
2018-03-28,9.20,9.33,9.90,9.07,120354,113543604.00,8.74,-1.79,-0.17,8.80
2018-03-29,9.30,9.10,9.50,9.05,70243,64666484.00,4.82,-2.47,-0.23,5.14
2018-03-30,9.02,9.04,9.11,8.89,57966,52166206.00,2.42,-0.66,-0.06,4.24
2018-04-02,8.98,8.85,8.98,8.78,58043,51404459.00,2.21,-2.10,-0.19,4.25
2018-04-03,8.63,8.52,8.64,8.40,54675,46572578.00,2.71,-3.73,-0.33,4.00
2018-04-04,8.60,8.60,8.94,8.54,51947,45305226.00,4.69,0.94,0.08,3.80
2018-04-09,8.50,8.38,8.55,8.20,35405,29621093.00,4.07,-2.56,-0.22,2.59
2018-04-10,8.47,8.40,8.53,8.21,30823,25747629.00,3.82,0.24,0.02,2.25
2018-04-11,8.40,8.51,8.57,8.35,33506,28405554.00,2.62,1.31,0.11,2.45
2018-04-12,8.42,8.58,8.65,8.42,32759,27984933.00,2.70,0.82,0.07,2.40
2018-04-13,8.64,8.39,8.65,8.33,29764,25288747.00,3.73,-2.21,-0.19,2.18
2018-04-16,8.33,8.13,8.38,8.10,24838,20362107.00,3.34,-3.10,-0.26,1.82
2018-04-17,8.10,7.81,8.20,7.80,21612,17312328.00,4.92,-3.94,-0.32,1.58
2018-04-18,7.85,8.00,8.01,7.66,20425,16106876.00,4.48,2.43,0.19,1.49
2018-04-19,8.00,7.94,8.08,7.94,15800,12649170.00,1.75,-0.75,-0.06,1.16
2018-04-20,7.88,7.60,7.92,7.57,22388,17361947.00,4.41,-4.28,-0.34,1.64
2018-04-23,7.60,7.48,7.69,7.41,18890,14248775.00,3.68,-1.58,-0.12,1.38
2018-04-24,7.50,7.65,7.70,7.50,18467,14080803.00,2.67,2.27,0.17,1.35
2018-04-25,7.67,7.76,7.83,7.61,17134,13260864.00,2.88,1.44,0.11,1.25
2018-04-26,7.76,7.48,7.76,7.47,15093,11423373.00,3.74,-3.61,-0.28,1.10
2018-04-27,7.48,7.41,7.58,7.30,17947,13325432.00,3.74,-0.94,-0.07,1.31
2018-05-02,7.46,7.40,7.55,7.33,10956,8119796.00,2.97,-0.13,-0.01,0.80
2018-05-03,7.45,7.53,7.55,7.26,16990,12611270.00,3.92,1.76,0.13,1.24
2018-05-04,7.50,7.53,7.64,7.48,12516,9473478.00,2.12,0.00,0.00,0.92
2018-05-07,7.52,7.62,7.68,7.51,15748,12022131.00,2.26,1.20,0.09,1.15
2018-05-08,7.61,7.87,8.00,7.58,45525,35849541.00,5.51,3.28,0.25,3.33
2018-05-09,7.93,8.19,8.25,7.83,61304,49696227.00,5.34,4.07,0.32,4.48
2018-05-10,8.20,8.14,8.38,7.97,52644,43005928.00,5.01,-0.61,-0.05,3.85
2018-05-11,8.14,7.84,8.14,7.80,34638,27393377.00,4.18,-3.69,-0.30,2.53
2018-05-14,7.77,7.80,7.84,7.71,24313,18908490.00,1.66,-0.51,-0.04,1.78
2018-05-15,7.80,7.92,7.92,7.74,19099,14969020.00,2.31,1.54,0.12,1.40
2018-05-16,7.88,7.72,7.88,7.68,19710,15350128.00,2.53,-2.53,-0.20,1.44
2018-05-17,7.72,7.77,7.87,7.69,14624,11398928.00,2.33,0.65,0.05,1.07
2018-05-18,7.75,7.73,7.82,7.55,19527,15003661.00,3.47,-0.51,-0.04,1.43
2018-05-21,7.74,7.89,7.97,7.73,25174,19795624.00,3.10,2.07,0.16,1.84
2018-05-22,8.04,7.98,8.20,7.97,39708,32027223.00,2.92,1.14,0.09,2.90
2018-05-23,7.90,7.90,8.04,7.84,27014,21428511.00,2.51,-1.00,-0.08,1.98
2018-05-24,7.89,7.71,7.89,7.66,28473,22097990.00,2.91,-2.41,-0.19,2.08
2018-05-25,7.70,7.73,7.85,7.65,18613,14445381.00,2.59,0.26,0.02,1.36
2018-05-28,7.76,7.54,7.76,7.51,20700,15733248.00,3.23,-2.46,-0.19,1.51
2018-05-29,7.51,7.54,7.73,7.51,16077,12210070.00,2.92,0.00,0.00,1.18
2018-05-30,7.40,7.12,7.48,7.05,29773,21546730.00,5.70,-5.57,-0.42,2.18
2018-05-31,7.28,7.29,7.34,7.13,17232,12494363.00,2.95,2.39,0.17,1.26
2018-06-01,7.24,7.13,7.28,7.10,15699,11270560.00,2.47,-2.19,-0.16,1.15
2018-06-04,7.13,7.08,7.20,7.05,12946,9216587.00,2.10,-0.70,-0.05,0.95
2018-06-05,7.08,7.46,7.55,7.08,33187,24264182.00,6.64,5.37,0.38,2.43
2018-06-06,7.87,7.59,8.12,7.56,87531,69149389.00,7.51,1.74,0.13,6.40
2018-06-07,7.43,7.37,7.66,7.37,44040,32836374.00,3.82,-2.90,-0.22,3.22
2018-06-08,7.30,7.28,7.48,7.22,25172,18460293.00,3.53,-1.22,-0.09,1.84
2018-06-11,7.28,7.44,7.46,7.28,19834,14668543.00,2.47,2.20,0.16,1.45
2018-06-12,7.47,7.47,7.54,7.24,26536,19683435.00,4.03,0.40,0.03,1.94
2018-06-13,7.48,7.23,7.48,7.15,21672,15779205.00,4.42,-3.21,-0.24,1.59
2018-06-14,7.13,7.18,7.27,7.12,14329,10303858.00,2.07,-0.69,-0.05,1.05
2018-06-15,7.15,6.83,7.22,6.80,24277,16904051.00,5.85,-4.87,-0.35,1.78
2018-06-19,6.35,6.15,6.60,6.15,26885,16943860.00,6.59,-9.96,-0.68,1.97
2018-06-20,6.15,6.21,6.30,6.02,16469,10224157.00,4.55,0.98,0.06,1.20
2018-06-21,6.30,6.66,6.77,6.02,51425,32889658.00,12.08,7.25,0.45,3.76
2018-06-22,6.58,6.48,6.66,6.28,42713,27814291.00,5.71,-2.70,-0.18,3.12
2018-06-25,6.57,6.31,6.73,6.28,31101,20068756.00,6.94,-2.62,-0.17,2.27
2018-06-26,6.13,6.26,6.33,6.02,27929,17285214.00,4.91,-0.79,-0.05,2.04
2018-06-27,6.26,6.09,6.30,6.08,20142,12466856.00,3.51,-2.72,-0.17,1.47
2018-06-28,6.15,5.98,6.19,5.95,22137,13431796.00,3.94,-1.81,-0.11,1.62
2018-06-29,6.00,6.20,6.26,5.96,30451,18677550.00,5.02,3.68,0.22,2.23
2018-07-02,6.21,6.08,6.33,6.03,24949,15382283.00,4.84,-1.94,-0.12,1.82
2018-07-03,6.13,6.23,6.23,6.04,28378,17398690.00,3.13,2.47,0.15,2.08
2018-07-04,6.23,6.03,6.23,6.01,25777,15744112.00,3.53,-3.21,-0.20,1.89
2018-07-05,6.08,5.84,6.08,5.81,17609,10507115.00,4.48,-3.15,-0.19,1.29
2018-07-06,5.84,5.94,5.96,5.67,23372,13693834.00,4.97,1.71,0.10,1.71
2018-07-09,5.94,6.06,6.09,5.87,14838,8952051.00,3.70,2.02,0.12,1.09
2018-07-10,6.06,6.11,6.13,6.02,16396,9976623.00,1.82,0.83,0.05,1.20
2018-07-11,6.07,5.87,6.07,5.75,22940,13603977.00,5.24,-3.93,-0.24,1.68
2018-07-12,5.87,6.02,6.04,5.87,19666,11755598.00,2.90,2.56,0.15,1.44
2018-07-13,5.98,6.04,6.10,5.98,18028,10905980.00,1.99,0.33,0.02,1.32
2018-07-16,6.04,6.04,6.12,6.00,15163,9167657.00,1.99,0.00,0.00,1.11
2018-07-17,6.01,6.09,6.12,5.98,15204,9195554.00,2.32,0.83,0.05,1.11
2018-07-18,6.10,6.06,6.20,6.04,19462,11926153.00,2.63,-0.49,-0.03,1.42
2018-07-19,6.06,5.94,6.06,5.86,19413,11544434.00,3.30,-1.98,-0.12,1.42
2018-07-20,6.00,6.04,6.04,5.90,15962,9570182.00,2.36,1.68,0.10,1.17
2018-07-23,6.03,6.13,6.13,6.00,23905,14563417.00,2.15,1.49,0.09,1.75
2018-07-24,6.16,6.25,6.26,6.08,33119,20479013.00,2.94,1.96,0.12,2.42
2018-07-25,6.25,6.88,6.88,6.24,123897,82699719.00,10.24,10.08,0.63,9.06
2018-07-26,6.96,6.62,6.96,6.55,114411,77318378.00,5.96,-3.78,-0.26,8.37
2018-07-27,6.59,6.51,6.59,6.35,67593,43674733.00,3.63,-1.66,-0.11,4.94
2018-07-30,6.33,6.44,6.52,6.33,38382,24660574.00,2.92,-1.08,-0.07,2.81
2018-07-31,6.39,7.08,7.08,6.39,111420,76722746.00,10.71,9.94,0.64,8.15
2018-08-01,7.30,7.30,7.79,7.25,264215,200505498.00,7.63,3.11,0.22,19.33
2018-08-02,7.06,6.98,7.30,6.66,172733,120484805.00,8.77,-4.38,-0.32,12.63
2018-08-03,6.86,6.48,6.97,6.48,121019,80920033.00,7.02,-7.16,-0.50,8.85
2018-08-06,6.49,7.13,7.13,6.32,146233,101377975.00,12.50,10.03,0.65,10.70
2018-08-07,7.25,7.29,7.38,7.00,220051,158717822.00,5.33,2.24,0.16,16.10
2018-08-08,7.13,7.21,7.57,6.99,161733,116613639.00,7.96,-1.10,-0.08,11.83
2018-08-09,6.88,7.13,7.34,6.81,118338,84468103.00,7.35,-1.11,-0.08,8.66
2018-08-10,7.19,7.21,7.46,7.14,112450,82009347.00,4.49,1.12,0.08,8.23
2018-08-13,7.02,7.28,7.28,6.82,73362,51450975.00,6.38,0.97,0.07,5.37
2018-08-14,7.14,7.21,7.37,7.06,74555,53788624.00,4.26,-0.96,-0.07,5.45
2018-08-15,7.21,7.02,7.36,6.95,62041,44397851.00,5.69,-2.64,-0.19,4.54
2018-08-16,6.81,7.07,7.30,6.72,70132,48976123.00,8.26,0.71,0.05,5.13
2018-08-17,7.02,6.81,7.09,6.81,52607,36527587.00,3.96,-3.68,-0.26,3.85
2018-08-20,6.72,6.75,6.83,6.55,40890,27405137.00,4.11,-0.88,-0.06,2.99
2018-08-21,6.70,6.75,6.81,6.66,33080,22305633.00,2.22,0.00,0.00,2.42
2018-08-22,6.74,6.37,6.74,6.36,60200,39107251.00,5.63,-5.63,-0.38,4.40
2018-08-23,6.38,6.37,6.44,6.23,36883,23418797.00,3.30,0.00,0.00,2.70
2018-08-24,6.40,6.25,6.40,6.24,30221,19040550.00,2.51,-1.88,-0.12,2.21
2018-08-27,6.28,6.40,6.43,6.25,36989,23556560.00,2.88,2.40,0.15,2.71
2018-08-28,6.40,6.40,6.49,6.36,26730,17125083.00,2.03,0.00,0.00,1.96
2018-08-29,6.37,6.34,6.45,6.30,20464,12990816.00,2.34,-0.94,-0.06,1.50
2018-08-30,6.32,6.35,6.50,6.32,32321,20708403.00,2.84,0.16,0.01,2.36
2018-08-31,6.27,6.11,6.35,6.10,29554,18370696.00,3.94,-3.78,-0.24,2.16
2018-09-03,6.12,6.44,6.52,5.92,51520,32064694.00,9.82,5.40,0.33,3.77
2018-09-04,6.39,6.44,6.65,6.27,53121,34244215.00,5.90,0.00,0.00,3.89
2018-09-05,6.40,6.21,6.42,6.20,27833,17564773.00,3.42,-3.57,-0.23,2.04
2018-09-06,6.21,6.18,6.31,6.11,18891,11711451.00,3.22,-0.48,-0.03,1.38
2018-09-07,6.19,6.12,6.28,6.10,20591,12697445.00,2.91,-0.97,-0.06,1.51
2018-09-10,6.09,5.93,6.16,5.93,20746,12486918.00,3.76,-3.10,-0.19,1.52
2018-09-11,5.97,5.99,6.08,5.92,16721,10027436.00,2.70,1.01,0.06,1.22
2018-09-12,5.96,6.01,6.05,5.95,14461,8691692.00,1.67,0.33,0.02,1.06
2018-09-13,6.09,6.04,6.10,5.96,12747,7665152.00,2.33,0.50,0.03,0.93
2018-09-14,6.03,6.30,6.64,5.99,72420,45902716.00,10.76,4.30,0.26,5.30
2018-09-17,6.27,6.04,6.27,5.96,46232,28098872.00,4.92,-4.13,-0.26,3.38
2018-09-18,5.61,5.86,5.91,5.61,45544,26296732.00,4.97,-2.98,-0.18,3.33
2018-09-19,5.77,5.89,6.07,5.75,29474,17359493.00,5.46,0.51,0.03,2.16
2018-09-20,5.90,5.87,6.00,5.81,21253,12527670.00,3.23,-0.34,-0.02,1.55
2018-09-21,5.89,6.01,6.04,5.85,29193,17324115.00,3.24,2.39,0.14,2.14
2018-09-25,6.00,6.24,6.42,5.96,67201,41661218.00,7.65,3.83,0.23,4.92
2018-09-26,6.24,6.12,6.25,6.10,41321,25453556.00,2.40,-1.92,-0.12,3.02
2018-09-27,6.11,5.92,6.17,5.90,31721,19062043.00,4.41,-3.27,-0.20,2.32
2018-09-28,5.91,5.97,6.04,5.91,19375,11562217.00,2.20,0.84,0.05,1.42
2018-10-08,5.93,5.81,5.93,5.80,17513,10250086.00,2.18,-2.68,-0.16,1.28
2018-10-09,5.86,5.92,5.95,5.80,17889,10535626.00,2.58,1.89,0.11,1.31
2018-10-10,5.93,6.06,6.09,5.89,28706,17235553.00,3.38,2.36,0.14,2.10
2018-10-11,5.93,5.60,6.25,5.46,45062,26307716.00,13.04,-7.59,-0.46,3.30
2018-10-12,5.56,6.16,6.16,5.39,100256,59546655.00,13.75,10.00,0.56,7.33
2018-10-15,6.35,6.05,6.46,5.99,118872,74006461.00,7.63,-1.79,-0.11,8.70
2018-10-16,5.77,5.90,5.96,5.68,60233,35047641.00,4.63,-2.48,-0.15,4.41
2018-10-17,6.02,5.90,6.17,5.77,37824,22386653.00,6.78,0.00,0.00,2.77
2018-10-18,5.83,5.64,5.83,5.41,33059,18588702.00,7.12,-4.41,-0.26,2.42
2018-10-19,5.55,5.75,5.78,5.45,32822,18658996.00,5.85,1.95,0.11,2.40
2018-10-22,5.77,5.93,6.08,5.75,49841,29555605.00,5.74,3.13,0.18,3.65
2018-10-23,5.91,5.85,6.02,5.82,47379,28052655.00,3.37,-1.35,-0.08,3.47
2018-10-24,5.80,6.08,6.22,5.79,67182,40640677.00,7.35,3.93,0.23,4.91
2018-10-25,5.82,5.91,5.93,5.66,51879,30205160.00,4.44,-2.80,-0.17,3.79
2018-10-26,5.92,5.92,6.04,5.84,31372,18614469.00,3.38,0.17,0.01,2.29
2018-10-29,5.91,5.77,5.93,5.75,22672,13154230.00,3.04,-2.53,-0.15,1.66
2018-10-30,5.75,5.86,5.88,5.73,24440,14218150.00,2.60,1.56,0.09,1.79
2018-10-31,5.87,5.93,6.04,5.83,33508,19931054.00,3.58,1.19,0.07,2.45
2018-11-01,5.93,5.93,6.06,5.90,42773,25563828.00,2.70,0.00,0.00,3.13
2018-11-02,5.98,6.02,6.08,5.96,49373,29763781.00,2.02,1.52,0.09,3.61
2018-11-05,5.95,6.08,6.14,5.95,48305,29168453.00,3.16,1.00,0.06,3.53
2018-11-06,6.02,6.03,6.07,5.89,33701,20148210.00,2.96,-0.82,-0.05,2.47
2018-11-07,6.01,5.97,6.07,5.96,31071,18696302.00,1.82,-1.00,-0.06,2.27
2018-11-08,6.01,6.02,6.10,5.99,39362,23810716.00,1.84,0.84,0.05,2.88
2018-11-09,5.98,5.98,6.06,5.96,30392,18238863.00,1.66,-0.66,-0.04,2.22
2018-11-12,5.99,6.18,6.19,5.95,56889,34723374.00,4.01,3.34,0.20,4.16
2018-11-13,6.25,6.80,6.80,6.18,191041,126266085.00,10.03,10.03,0.62,13.97
2018-11-14,7.29,7.48,7.48,7.06,299235,220174760.00,6.18,10.00,0.68,21.89
2018-11-15,7.44,7.90,8.23,7.22,433672,338126320.00,13.50,5.61,0.42,31.72
2018-11-16,7.54,7.82,8.12,7.44,324347,249865537.00,8.61,-1.01,-0.08,23.73
2018-11-19,7.70,8.09,8.27,7.66,285519,228352721.00,7.80,3.45,0.27,20.88
2018-11-20,7.90,7.83,8.00,7.56,183947,143236754.00,5.44,-3.21,-0.26,13.46
2018-11-21,7.70,7.56,7.79,7.30,152554,114499699.00,6.26,-3.45,-0.27,11.16
2018-11-22,7.56,7.56,7.75,7.45,125314,95185852.00,3.97,0.00,0.00,9.17
2018-11-23,7.50,7.00,7.50,6.95,146838,104912035.00,7.28,-7.41,-0.56,10.74
2018-11-26,6.94,6.94,7.06,6.80,83093,57488282.00,3.71,-0.86,-0.06,6.08
2018-11-27,7.01,7.00,7.12,6.94,98922,69422390.00,2.59,0.86,0.06,7.24
2018-11-28,6.99,6.97,7.09,6.63,75436,51872485.00,6.57,-0.43,-0.03,5.52
2018-11-29,7.03,7.18,7.25,6.80,109856,77948748.00,6.46,3.01,0.21,8.04
2018-11-30,7.08,7.05,7.16,6.80,71756,50136050.00,5.01,-1.81,-0.13,5.25
2018-12-03,7.14,7.34,7.41,7.14,93661,68102843.00,3.83,4.11,0.29,6.85
2018-12-04,7.32,7.31,7.48,7.21,73244,53730889.00,3.68,-0.41,-0.03,5.36
2018-12-05,7.10,6.88,7.10,6.86,74253,52026970.00,3.28,-5.88,-0.43,5.43
2018-12-06,6.87,6.63,6.96,6.55,71474,47995602.00,5.96,-3.63,-0.25,5.23
2018-12-07,6.64,6.74,6.82,6.64,40809,27486903.00,2.71,1.66,0.11,2.99
2018-12-10,6.74,6.79,6.92,6.61,43345,29327369.00,4.60,0.74,0.05,3.17
2018-12-11,6.77,6.78,6.87,6.65,34323,23198031.00,3.24,-0.15,-0.01,2.51
2018-12-12,6.79,6.70,6.83,6.60,35788,23945179.00,3.39,-1.18,-0.08,2.62
2018-12-13,6.70,6.71,6.75,6.59,42175,28182307.00,2.39,0.15,0.01,3.08
2018-12-14,6.65,6.47,6.76,6.41,42892,28239855.00,5.22,-3.58,-0.24,3.14
2018-12-17,6.48,6.53,6.59,6.45,24472,15953017.00,2.16,0.93,0.06,1.79
2018-12-18,6.49,6.38,6.50,6.30,41093,26298929.00,3.06,-2.30,-0.15,3.01
2018-12-19,6.30,6.23,6.37,6.18,43415,27213808.00,2.98,-2.35,-0.15,3.14
2018-12-20,6.25,6.27,6.31,6.21,37121,23214395.00,1.61,0.64,0.04,2.69
2018-12-21,6.20,6.09,6.28,6.03,39768,24493396.00,3.99,-2.87,-0.18,2.88
2018-12-24,6.13,6.19,6.20,6.04,24097,14824580.00,2.63,1.64,0.10,0.63
2018-12-25,6.17,6.17,6.17,5.85,41228,24834746.00,5.17,-0.32,-0.02,1.08
2018-12-26,6.33,6.20,6.36,6.13,35977,22462737.00,3.73,0.49,0.03,0.94
2018-12-27,6.25,6.01,6.31,5.97,33551,20697548.00,5.48,-3.06,-0.19,0.88
2018-12-28,6.02,6.09,6.12,5.95,18636,11282452.00,2.83,1.33,0.08,0.49
2019-01-02,6.09,6.17,6.20,6.04,25124,15417168.00,2.63,1.31,0.08,0.66
2019-01-03,6.17,6.10,6.22,6.09,20784,12790531.00,2.11,-1.13,-0.07,0.55
2019-01-04,6.06,6.31,6.32,5.95,41241,25554104.00,6.07,3.44,0.21,1.09
2019-01-07,6.36,6.68,6.77,6.30,86289,56511718.00,7.45,5.86,0.37,2.27
2019-01-08,6.58,6.69,6.83,6.55,55820,37528636.00,4.19,0.15,0.01,1.47
2019-01-09,6.69,6.66,6.81,6.58,39199,26279556.00,3.44,-0.45,-0.03,1.03
2019-01-10,6.63,6.85,7.30,6.63,89517,62633955.00,10.06,2.85,0.19,2.36
2019-01-11,6.87,6.87,7.07,6.80,41852,28902617.00,3.94,0.29,0.02,1.10
2019-01-14,6.81,7.16,7.30,6.81,94597,67602216.00,7.13,4.22,0.29,2.49
2019-01-15,7.13,7.19,7.33,6.98,59700,42862750.00,4.89,0.42,0.03,1.57
2019-01-16,7.19,7.20,7.34,7.09,33569,24112477.00,3.48,0.14,0.01,0.88
2019-01-17,7.20,7.19,7.37,7.12,44163,32051274.00,3.47,-0.14,-0.01,1.16
2019-01-18,7.10,7.08,7.19,6.96,46811,33000861.00,3.20,-1.53,-0.11,1.23
2019-01-21,7.08,7.28,7.57,7.02,58125,42652660.00,7.77,2.82,0.20,1.53
2019-01-22,7.24,7.42,7.85,7.23,72636,54440740.00,8.52,1.92,0.14,1.91
2019-01-23,7.39,7.80,8.14,7.30,122956,95611813.00,11.32,5.12,0.38,3.24
2019-01-24,7.83,7.99,8.15,7.73,89413,70951069.00,5.38,2.44,0.19,2.35
2019-01-25,7.84,8.79,8.79,7.84,129960,111612906.00,11.89,10.01,0.80,3.42
2019-01-28,9.46,8.33,9.67,8.23,190479,172609490.00,16.38,-5.23,-0.46,5.02
2019-01-29,7.95,8.32,8.70,7.76,144488,117086273.00,11.28,-0.12,-0.01,3.81
2019-01-30,8.00,8.75,8.75,7.90,131130,110380758.00,10.22,5.17,0.43,3.45
2019-01-31,8.70,8.38,9.34,8.16,91765,81847848.00,13.49,-4.23,-0.37,2.42
2019-02-01,8.70,8.24,8.88,7.95,82925,68508017.00,11.10,-1.67,-0.14,2.18
2019-02-11,8.30,8.37,8.49,7.95,52993,43971463.00,6.55,1.58,0.13,1.40
2019-02-12,8.43,9.21,9.21,8.35,157755,141741375.00,10.27,10.04,0.84,4.15
2019-02-13,8.95,9.08,9.21,8.90,123689,111861732.00,3.37,-1.41,-0.13,3.26
2019-02-14,9.00,8.88,9.04,8.76,81834,72728812.00,3.08,-2.20,-0.20,2.16
2019-02-15,8.72,8.76,9.01,8.69,70360,62001270.00,3.60,-1.35,-0.12,1.85
2019-02-18,8.80,8.99,9.06,8.80,85607,76606153.00,2.97,2.63,0.23,2.25
2019-02-19,9.01,8.67,9.09,8.50,107521,93731052.00,6.56,-3.56,-0.32,2.83
2019-02-20,8.65,8.56,8.68,8.36,67956,57732448.00,3.69,-1.27,-0.11,1.79
2019-02-21,8.56,9.21,9.42,8.40,213742,195876276.00,11.92,7.59,0.65,5.63
2019-02-22,9.23,10.13,10.13,9.21,146633,146069053.00,9.99,9.99,0.92,3.86
2019-02-25,11.11,11.14,11.14,10.51,185641,204509021.00,6.22,9.97,1.01,4.89
2019-02-26,11.34,10.41,11.76,10.34,267543,292605280.00,12.75,-6.55,-0.73,7.05
2019-02-27,10.40,10.00,10.81,9.95,178017,185209176.00,8.26,-3.94,-0.41,4.69
2019-02-28,10.40,10.07,10.65,9.95,111405,113981349.00,7.00,0.70,0.07,2.93
2019-03-01,9.98,10.13,10.20,9.70,113148,112652601.00,4.97,0.60,0.06,2.98
2019-03-04,10.36,10.15,10.60,10.05,134395,138827962.00,5.43,0.20,0.02,3.54
2019-03-05,10.25,10.46,10.46,10.00,134183,137023682.00,4.53,3.05,0.31,3.53
2019-03-06,10.46,10.48,10.60,10.25,119339,123800776.00,3.35,0.19,0.02,3.14
2019-03-07,10.41,10.23,10.44,10.01,143046,146173575.00,4.10,-2.39,-0.25,3.77
2019-03-08,9.90,9.68,10.21,9.60,104910,103540470.00,5.96,-5.38,-0.55,2.76
2019-03-11,9.76,10.09,10.15,9.70,84228,83555848.00,4.65,4.24,0.41,2.22
2019-03-12,10.07,10.80,11.00,10.06,180078,187987506.00,9.32,7.04,0.71,4.74
2019-03-13,10.71,10.19,10.85,10.06,99037,104029380.00,7.31,-5.65,-0.61,2.61
2019-03-14,10.20,9.80,10.50,9.72,67277,67688172.00,7.65,-3.83,-0.39,1.77
2019-03-15,9.85,9.94,10.29,9.78,54040,53939287.00,5.20,1.43,0.14,1.42
2019-03-18,9.98,10.22,10.28,9.95,56349,57030662.00,3.32,2.82,0.28,1.48
2019-03-19,10.20,10.07,10.24,9.97,40323,40750480.00,2.64,-1.47,-0.15,1.06
2019-03-20,10.09,10.38,10.44,9.95,65378,66612607.00,4.87,3.08,0.31,1.72
2019-03-21,10.36,10.26,10.39,10.13,72239,73917577.00,2.50,-1.16,-0.12,1.90
2019-03-22,10.18,9.42,10.20,9.31,181364,175507024.00,8.67,-8.19,-0.84,4.78
2019-03-25,9.42,9.46,9.68,9.25,93353,88434721.00,4.56,0.42,0.04,2.46
2019-03-26,9.38,9.08,9.58,9.05,75728,70226987.00,5.60,-4.02,-0.38,1.99
2019-03-27,9.10,9.03,9.22,8.93,52034,47208859.00,3.19,-0.55,-0.05,1.37
2019-03-28,9.04,9.02,9.32,8.93,52639,48047745.00,4.32,-0.11,-0.01,1.39
2019-03-29,8.94,9.30,9.30,8.79,61921,56359425.00,5.65,3.10,0.28,1.63
2019-04-01,9.30,9.99,10.09,9.16,140857,134283666.00,10.00,7.42,0.69,3.71
2019-04-02,9.77,9.65,9.96,9.60,120197,117302208.00,3.60,-3.40,-0.34,3.17
2019-04-03,9.74,9.63,9.75,9.57,58091,56143209.00,1.87,-0.21,-0.02,1.53
2019-04-04,9.65,9.48,9.72,9.40,66662,63418310.00,3.32,-1.56,-0.15,1.76
2019-04-08,9.45,9.39,9.58,9.31,44929,42409314.00,2.85,-0.95,-0.09,1.18
2019-04-09,9.38,9.42,9.54,9.31,40077,37734869.00,2.45,0.32,0.03,1.06
2019-04-10,9.47,9.85,10.11,9.34,137165,134787384.00,8.17,4.56,0.43,3.61
2019-04-11,9.72,9.85,10.00,9.58,115135,112790231.00,4.26,0.00,0.00,3.03
2019-04-12,9.75,9.47,9.81,9.25,75223,71695361.00,5.69,-3.86,-0.38,1.98
2019-04-15,9.54,9.28,9.68,9.27,54278,51592380.00,4.33,-2.01,-0.19,1.43
2019-04-16,9.20,10.21,10.21,8.91,181521,176818837.00,14.01,10.02,0.93,4.78
2019-04-17,10.34,10.44,10.89,10.33,303710,322030944.00,5.48,2.25,0.23,8.00
2019-04-18,10.14,10.18,10.70,10.07,146971,152016067.00,6.03,-2.49,-0.26,3.87
2019-04-19,10.20,10.44,10.59,9.86,149102,152744236.00,7.17,2.55,0.26,3.93
2019-04-22,10.41,10.03,10.48,9.99,113074,115346076.00,4.69,-3.93,-0.41,2.98
2019-04-23,10.10,9.75,10.10,9.67,67449,66188115.00,4.29,-2.79,-0.28,1.78
2019-04-24,9.75,9.92,9.95,9.67,51091,50221537.00,2.87,1.74,0.17,1.35
2019-04-25,9.90,9.14,9.95,9.01,80303,77113128.00,9.48,-7.86,-0.78,2.11
2019-04-26,9.04,9.03,9.28,9.03,50226,46000068.00,2.74,-1.20,-0.11,1.32
2019-04-29,8.98,8.13,8.98,8.13,85625,71306267.00,9.41,-9.97,-0.90,2.26
2019-04-30,8.08,7.83,8.24,7.78,51346,41221876.00,5.66,-3.69,-0.30,1.35
2019-05-06,7.78,7.40,7.78,7.13,66318,49669974.00,8.30,-5.49,-0.43,1.75
2019-05-07,7.55,7.51,7.76,7.37,44885,33912952.00,5.27,1.49,0.11,1.18
2019-05-08,7.30,7.47,7.64,7.17,32516,24349117.00,6.26,-0.53,-0.04,0.86
2019-05-09,7.40,7.18,7.57,7.14,48153,35212185.00,5.76,-3.88,-0.29,1.27
2019-05-10,7.28,7.53,7.62,7.23,64980,48512825.00,5.43,4.87,0.35,1.71
2019-05-13,7.65,7.58,7.74,7.46,40008,30369758.00,3.72,0.66,0.05,1.05
2019-05-14,7.40,7.50,7.64,7.38,32910,24801869.00,3.43,-1.06,-0.08,0.87
2019-05-15,7.57,8.25,8.25,7.57,37612,30284194.00,9.07,10.00,0.75,0.99
2019-05-16,8.62,8.18,8.77,8.13,132987,112057362.00,7.76,-0.85,-0.07,3.50
2019-05-17,8.17,7.82,8.29,7.80,70643,56789460.00,5.99,-4.40,-0.36,1.86
2019-05-20,7.84,7.94,8.04,7.58,53582,41978417.00,5.88,1.53,0.12,1.41
2019-05-21,7.86,7.94,8.05,7.81,57261,45479440.00,3.02,0.00,0.00,1.51
2019-05-22,7.96,7.93,8.11,7.87,45271,36080630.00,3.02,-0.13,-0.01,1.19
2019-05-23,7.92,7.65,7.92,7.60,46475,35981067.00,4.04,-3.53,-0.28,1.22
2019-05-24,7.60,7.66,7.84,7.60,27245,21026013.00,3.14,0.13,0.01,0.72
2019-05-27,7.64,7.89,7.97,7.64,42470,33300324.00,4.31,3.00,0.23,1.12
2019-05-28,7.90,7.88,8.07,7.72,47228,37204652.00,4.44,-0.13,-0.01,1.24
2019-05-29,7.87,7.83,7.99,7.73,43044,33806160.00,3.30,-0.63,-0.05,1.13
2019-05-30,7.80,7.56,7.82,7.44,48469,36624800.00,4.85,-3.45,-0.27,1.28
2019-05-31,7.56,7.62,7.75,7.56,38942,29893899.00,2.51,0.79,0.06,1.03
2019-06-03,7.72,7.65,7.84,7.53,47511,36505609.00,4.07,0.39,0.03,1.25
2019-06-04,7.65,7.71,8.00,7.61,62369,48609744.00,5.10,0.78,0.06,1.64
2019-06-05,7.89,7.86,7.98,7.62,66749,52134232.00,4.67,1.95,0.15,1.76
2019-06-06,7.72,7.25,7.90,7.22,60692,45316930.00,8.65,-7.76,-0.61,1.60
2019-06-10,7.27,7.28,7.42,7.24,41680,30489213.00,2.48,0.41,0.03,1.10
2019-06-11,7.40,7.50,7.53,7.24,50385,37251902.00,3.98,3.02,0.22,1.33
2019-06-12,7.47,7.58,7.75,7.46,45505,34671803.00,3.87,1.07,0.08,1.20
2019-06-13,7.59,7.85,8.24,7.59,62038,48751829.00,8.58,3.56,0.27,1.63
2019-06-14,7.82,7.50,7.93,7.49,48429,37117486.00,5.61,-4.46,-0.35,1.28
2019-06-17,7.49,7.50,7.56,7.39,22048,16515992.00,2.27,0.00,0.00,0.58
2019-06-18,7.63,7.58,7.74,7.51,23549,17867326.00,3.07,1.07,0.08,0.62
2019-06-19,7.77,7.81,7.85,7.61,49328,38199105.00,3.17,3.03,0.23,1.30
2019-06-20,7.75,7.80,7.83,7.63,41431,32091833.00,2.56,-0.13,-0.01,1.09
2019-06-21,7.77,7.88,7.98,7.77,52036,40937238.00,2.69,1.03,0.08,1.37
2019-06-24,8.05,7.74,8.05,7.68,39549,30721849.00,4.70,-1.78,-0.14,1.04
2019-06-25,7.71,7.57,7.72,7.50,31333,23755045.00,2.84,-2.20,-0.17,0.83
2019-06-26,7.54,7.58,7.68,7.54,18092,13768346.00,1.85,0.13,0.01,0.48
2019-06-27,7.59,7.63,7.77,7.56,29918,22905097.00,2.77,0.66,0.05,0.79
2019-06-28,7.60,7.38,7.63,7.35,40811,30359063.00,3.67,-3.28,-0.25,1.07
2019-07-01,7.65,7.77,7.86,7.51,63747,49457855.00,4.74,5.28,0.39,1.68
2019-07-02,7.76,7.69,7.77,7.64,32507,25000104.00,1.67,-1.03,-0.08,0.86
2019-07-03,7.63,7.56,7.65,7.52,22627,17099808.00,1.69,-1.69,-0.13,0.60
2019-07-04,7.56,7.51,7.64,7.47,17082,12852577.00,2.25,-0.66,-0.05,0.45
2019-07-05,7.52,7.55,7.59,7.46,13326,10057812.00,1.73,0.53,0.04,0.35
2019-07-08,7.53,7.22,7.55,7.10,30205,22105827.00,5.96,-4.37,-0.33,0.80
2019-07-09,7.29,7.23,7.37,7.14,19453,14058700.00,3.19,0.14,0.01,0.51
2019-07-10,7.22,7.11,7.25,7.06,17219,12323583.00,2.63,-1.66,-0.12,0.45
2019-07-11,7.15,7.09,7.21,7.08,13639,9751523.00,1.83,-0.28,-0.02,0.36
2019-07-12,7.10,7.06,7.16,6.98,16717,11772654.00,2.54,-0.42,-0.03,0.44
2019-07-15,6.90,6.72,6.90,6.48,42757,28436422.00,5.95,-4.82,-0.34,1.13
2019-07-16,6.66,6.69,6.78,6.64,18984,12737060.00,2.08,-0.45,-0.03,0.50
2019-07-17,6.72,6.82,6.88,6.68,22535,15339142.00,2.99,1.94,0.13,0.59
2019-07-18,6.77,6.57,6.77,6.52,24252,16060488.00,3.67,-3.67,-0.25,0.64
2019-07-19,6.59,6.58,6.70,6.56,17331,11494479.00,2.13,0.15,0.01,0.46
2019-07-22,6.65,6.18,6.65,6.08,33263,20820331.00,8.66,-6.08,-0.40,0.88
2019-07-23,6.24,6.43,6.45,6.21,28865,18282129.00,3.88,4.05,0.25,0.76
2019-07-24,6.48,6.49,6.64,6.44,23424,15353472.00,3.11,0.93,0.06,0.62
2019-07-25,6.52,6.53,6.62,6.48,24181,15835126.00,2.16,0.62,0.04,0.64
2019-07-26,6.45,6.48,6.62,6.45,21759,14181897.00,2.60,-0.77,-0.05,0.57
2019-07-29,6.50,6.60,6.73,6.43,27573,18217721.00,4.63,1.85,0.12,0.73
2019-07-30,6.60,6.89,7.20,6.60,72744,50050110.00,9.09,4.39,0.29,1.92
2019-07-31,6.79,6.68,6.87,6.67,35509,23846802.00,2.90,-3.05,-0.21,0.94
2019-08-01,6.64,6.61,6.75,6.56,23700,15705084.00,2.84,-1.05,-0.07,0.62
2019-08-02,6.36,6.32,6.46,6.15,51763,32646452.00,4.69,-4.39,-0.29,1.36
2019-08-05,6.30,6.49,6.69,6.21,42056,27472536.00,7.59,2.69,0.17,1.11
2019-08-06,6.31,6.40,6.47,6.18,42015,26625377.00,4.47,-1.39,-0.09,1.11
2019-08-07,6.10,6.30,6.48,6.10,34294,21703441.00,5.94,-1.56,-0.10,0.90
2019-08-08,6.40,6.23,6.40,6.22,28473,17855608.00,2.86,-1.11,-0.07,0.75
2019-08-09,6.22,6.11,6.32,6.09,23940,14770297.00,3.69,-1.93,-0.12,0.63
2019-08-12,6.08,6.15,6.16,5.99,23360,14262933.00,2.78,0.65,0.04,0.62
2019-08-13,6.14,6.77,6.77,6.08,36627,24509651.00,11.22,10.08,0.62,0.96
2019-08-14,7.45,7.45,7.45,7.45,26199,19518269.00,0.00,10.04,0.68,0.69
2019-08-15,7.24,7.66,8.09,7.16,256869,195703193.00,12.48,2.82,0.21,6.76
2019-08-16,7.59,7.25,7.66,7.23,175134,129270327.00,5.61,-5.35,-0.41,4.61
2019-08-19,7.90,7.98,7.98,7.90,73925,58918339.00,1.10,10.07,0.73,1.95
2019-08-20,8.70,7.91,8.70,7.89,308428,259221738.00,10.15,-0.88,-0.07,8.12
2019-08-21,7.56,7.82,8.16,7.38,189102,145365971.00,9.86,-1.14,-0.09,4.98
2019-08-22,7.72,7.63,7.77,7.51,111985,85588545.00,3.32,-2.43,-0.19,2.95
2019-08-23,7.67,7.55,7.94,7.53,104105,80302560.00,5.37,-1.05,-0.08,2.74
2019-08-26,7.20,7.37,7.49,7.10,78540,57581048.00,5.17,-2.38,-0.18,2.07
2019-08-27,7.43,7.42,7.60,7.35,80102,59776052.00,3.39,0.68,0.05,2.11
2019-08-28,7.41,7.53,7.65,7.30,87125,65334139.00,4.72,1.48,0.11,2.29
2019-08-29,7.45,7.33,7.52,7.26,73553,54083255.00,3.45,-2.66,-0.20,1.94
2019-08-30,7.33,7.03,7.39,7.00,68606,49084693.00,5.32,-4.09,-0.30,1.81
2019-09-02,7.01,7.15,7.16,6.96,52809,37538131.00,2.84,1.71,0.12,1.39
2019-09-03,7.17,7.20,7.21,7.05,59558,42600109.00,2.24,0.70,0.05,1.57
2019-09-04,7.22,7.21,7.25,7.08,47050,33682432.00,2.36,0.14,0.01,1.24
2019-09-05,7.24,7.31,7.43,7.20,91996,67378675.00,3.19,1.39,0.10,2.42
2019-09-06,7.33,7.61,7.61,7.31,121752,91287256.00,4.10,4.10,0.30,3.21
2019-09-09,7.70,7.72,7.78,7.52,104875,80169527.00,3.42,1.45,0.11,2.76
2019-09-10,7.70,7.64,7.85,7.54,73328,55959676.00,4.02,-1.04,-0.08,1.93
2019-09-11,7.65,7.51,7.78,7.50,46159,35083391.00,3.66,-1.70,-0.13,1.22
2019-09-12,7.53,7.57,7.58,7.42,40481,30446132.00,2.13,0.80,0.06,1.07
2019-09-16,7.54,7.88,7.98,7.52,115906,90062034.00,6.08,4.10,0.31,3.05
2019-09-17,7.84,7.41,7.84,7.40,74233,56673745.00,5.58,-5.96,-0.47,1.95
2019-09-18,7.49,8.15,8.15,7.49,41749,33589459.00,8.91,9.99,0.74,1.10
2019-09-19,8.71,8.97,8.97,8.70,104745,92849285.00,3.31,10.06,0.82,2.76
2019-09-20,9.80,9.87,9.87,9.72,129407,127463427.00,1.67,10.03,0.90,3.41
2019-09-23,10.86,10.86,10.86,9.58,570141,589931264.00,12.97,10.03,0.99,15.01
2019-09-24,11.08,11.95,11.95,11.08,347922,405694688.00,8.01,10.04,1.09,9.16
2019-09-25,11.52,11.88,13.00,11.38,705503,856138208.00,13.56,-0.59,-0.07,18.58
2019-09-26,11.50,13.07,13.07,10.69,669657,792779568.00,20.03,10.02,1.19,17.63
2019-09-27,12.80,11.76,13.56,11.76,572347,715090208.00,13.77,-10.02,-1.31,15.07
2019-09-30,11.06,10.58,11.39,10.58,447864,485017936.00,6.89,-10.03,-1.18,11.79
2019-10-08,10.30,11.18,11.59,9.88,453821,475134384.00,16.16,5.67,0.60,11.95
2019-10-09,10.80,10.54,11.04,10.41,335165,359616016.00,5.64,-5.72,-0.64,8.83
2019-10-10,10.48,10.65,11.10,10.48,301673,324323584.00,5.88,1.04,0.11,7.94
2019-10-11,10.81,10.65,11.11,10.21,332486,356655040.00,8.45,0.00,0.00,8.76
2019-10-14,10.60,10.94,11.10,10.37,314209,340803168.00,6.85,2.72,0.29,8.27
2019-10-15,10.08,9.85,10.24,9.85,278968,278226192.00,3.56,-9.96,-1.09,7.35
2019-10-16,9.40,9.08,9.50,9.04,312818,288345568.00,4.67,-7.82,-0.77,8.24
2019-10-17,9.18,9.10,9.25,9.05,173148,158016500.00,2.20,0.22,0.02,4.56
2019-10-18,9.18,8.91,9.18,8.81,174569,156160224.00,4.07,-2.09,-0.19,4.60
2019-10-21,8.86,9.05,9.18,8.57,184748,164044052.00,6.85,1.57,0.14,4.87
2019-10-22,9.00,8.96,9.03,8.77,141403,125928784.00,2.87,-0.99,-0.09,3.72
2019-10-23,8.96,8.90,9.06,8.76,121838,108347461.00,3.35,-0.67,-0.06,3.21
2019-10-24,8.86,8.73,8.86,8.62,95699,83559219.00,2.70,-1.91,-0.17,2.52
2019-10-25,8.82,8.75,8.84,8.61,90031,78797392.00,2.63,0.23,0.02,2.37
2019-10-28,8.80,8.96,9.01,8.70,136141,121375303.00,3.54,2.40,0.21,3.59
2019-10-29,8.91,8.53,8.95,8.53,133711,116291005.00,4.69,-4.80,-0.43,3.52
2019-10-30,8.80,8.42,8.81,8.27,120570,102339850.00,6.33,-1.29,-0.11,3.18
2019-10-31,8.32,8.37,8.74,8.30,124503,105995975.00,5.23,-0.59,-0.05,3.28
2019-11-01,8.34,8.59,8.62,8.28,97801,83057000.00,4.06,2.63,0.22,2.58
2019-11-04,8.57,8.66,8.73,8.38,121800,104401887.00,4.07,0.81,0.07,3.21
2019-11-05,8.60,8.47,8.62,8.39,96245,81522066.00,2.66,-2.19,-0.19,2.53
2019-11-06,8.48,8.70,8.93,8.30,206519,179048065.00,7.44,2.72,0.23,5.44
2019-11-07,8.59,8.92,8.93,8.44,231307,201473669.00,5.63,2.53,0.22,6.09
2019-11-08,8.81,9.10,9.24,8.79,253721,230137547.00,5.04,2.02,0.18,6.68
2019-11-11,8.93,8.59,8.94,8.50,152754,132590835.00,4.84,-5.60,-0.51,4.02
2019-11-12,8.51,8.75,8.75,8.09,161577,135093683.00,7.68,1.86,0.16,4.25
2019-11-13,8.64,9.09,9.17,8.58,220374,196269020.00,6.74,3.89,0.34,5.80
2019-11-14,8.97,9.01,9.27,8.96,213619,194235871.00,3.41,-0.88,-0.08,5.63
2019-11-15,8.98,9.38,9.88,8.82,351675,330212816.00,11.76,4.11,0.37,9.26
2019-11-18,9.31,9.70,9.79,9.12,282826,269711312.00,7.14,3.41,0.32,7.45
2019-11-19,9.62,10.10,10.32,9.52,300773,302183360.00,8.25,4.12,0.40,7.92
2019-11-20,10.00,9.63,10.05,9.57,241690,235676929.00,4.75,-4.65,-0.47,6.36
2019-11-21,9.41,9.34,9.57,9.25,152688,143755371.00,3.32,-3.01,-0.29,4.02
2019-11-22,9.16,9.15,9.56,8.98,159190,147341282.00,6.21,-2.03,-0.19,4.19
2019-11-25,9.07,8.45,9.18,8.25,185219,159283235.00,10.16,-7.65,-0.70,4.88
2019-11-26,8.30,8.37,8.59,8.30,90317,76305292.00,3.43,-0.95,-0.08,2.38
2019-11-27,8.35,8.27,8.48,8.18,77261,64177474.00,3.58,-1.19,-0.10,2.03
2019-11-28,8.31,8.20,8.34,8.11,76336,62539661.00,2.78,-0.85,-0.07,2.01
2019-11-29,8.22,8.02,8.23,7.90,91273,73375197.00,4.02,-2.20,-0.18,2.40
2019-12-02,8.08,7.89,8.14,7.86,83311,66339250.00,3.49,-1.62,-0.13,2.19
2019-12-03,7.94,8.00,8.03,7.85,78243,62197976.00,2.28,1.39,0.11,2.06
2019-12-04,7.93,7.92,7.99,7.86,58262,46114663.00,1.63,-1.00,-0.08,1.53
2019-12-05,7.96,8.09,8.13,7.90,90767,72863941.00,2.90,2.15,0.17,2.39
2019-12-06,8.05,8.31,8.50,8.05,131533,109042258.00,5.56,2.72,0.22,3.46
2019-12-09,8.20,8.35,8.37,8.19,89322,73940485.00,2.17,0.48,0.04,2.35
2019-12-10,8.40,8.29,8.40,8.20,77677,64182808.00,2.40,-0.72,-0.06,2.05
2019-12-11,8.21,8.09,8.24,8.05,101767,82565779.00,2.29,-2.41,-0.20,2.68
2019-12-12,8.25,8.90,8.90,8.25,86096,75214904.00,8.03,10.01,0.81,2.27
2019-12-13,9.31,8.97,9.79,8.95,370967,346718704.00,9.44,0.79,0.07,9.77
2019-12-16,8.72,9.05,9.15,8.70,197204,175916294.00,5.02,0.89,0.08,5.19
2019-12-17,8.99,9.02,9.13,8.90,152119,136985249.00,2.54,-0.33,-0.03,4.01
2019-12-18,8.93,8.90,9.12,8.84,143069,128351584.00,3.10,-1.33,-0.12,3.77
2019-12-19,8.90,9.01,9.06,8.86,102391,91828180.00,2.25,1.24,0.11,2.70
2019-12-20,9.01,8.77,9.04,8.75,89892,79621535.00,3.22,-2.66,-0.24,2.37
2019-12-23,8.69,8.37,8.70,8.29,93728,79503980.00,4.68,-4.56,-0.40,2.47
2019-12-24,8.42,8.47,8.51,8.36,52423,44271889.00,1.79,1.19,0.10,1.38
2019-12-25,8.45,8.43,8.56,8.37,58665,49633955.00,2.24,-0.47,-0.04,1.54
2019-12-26,8.43,8.45,8.48,8.31,61516,51610492.00,2.02,0.24,0.02,1.62
2019-12-27,8.44,8.32,8.64,8.30,75683,64170994.00,4.02,-1.54,-0.13,1.99
2019-12-30,8.22,8.37,8.43,7.90,78324,64223904.00,6.37,0.60,0.05,2.06
2019-12-31,8.35,8.33,8.45,8.22,47887,39838612.00,2.75,-0.48,-0.04,1.26
2020-01-02,8.37,8.49,8.52,8.36,70495,59648796.00,1.92,1.92,0.16,1.86
2020-01-03,8.50,8.55,8.58,8.43,78976,67199842.00,1.77,0.71,0.06,2.08
2020-01-06,8.48,8.72,8.87,8.30,123197,106517646.00,6.67,1.99,0.17,3.24
2020-01-07,8.82,8.77,8.86,8.63,82031,71538099.00,2.64,0.57,0.05,2.16
2020-01-08,8.76,8.91,9.07,8.65,162110,144174015.00,4.79,1.60,0.14,4.27
2020-01-09,8.98,9.10,9.14,8.85,146701,132327312.00,3.25,2.13,0.19,3.86
2020-01-10,9.09,8.87,9.09,8.78,112150,99864174.00,3.41,-2.53,-0.23,2.95
2020-01-13,8.87,8.85,8.90,8.71,69251,60910482.00,2.14,-0.23,-0.02,1.82
2020-01-14,8.95,8.73,8.95,8.71,71594,63013874.00,2.71,-1.36,-0.12,1.89
2020-01-15,8.74,8.81,8.88,8.71,60748,53410643.00,1.95,0.92,0.08,1.60
2020-01-16,8.81,8.61,8.83,8.60,59063,51407489.00,2.61,-2.27,-0.20,1.56
2020-01-17,8.70,8.45,8.70,8.42,59426,50689195.00,3.25,-1.86,-0.16,1.56
2020-01-20,8.42,8.48,8.50,8.35,38475,32471278.00,1.78,0.36,0.03,1.01
2020-01-21,8.47,8.22,8.49,8.15,52713,43805785.00,4.01,-3.07,-0.26,1.39
2020-01-22,8.25,8.30,8.40,8.02,53863,44435509.00,4.62,0.97,0.08,1.42
2020-01-23,8.22,8.06,8.41,7.95,61033,49532187.00,5.54,-2.89,-0.24,1.61
2020-02-03,7.25,7.25,7.25,7.25,5672,4112200.00,0.00,-10.05,-0.81,0.15
2020-02-04,6.53,6.67,6.93,6.53,117264,78370602.00,5.52,-8.00,-0.58,3.09
2020-02-05,6.69,7.15,7.15,6.68,109117,76601815.00,7.05,7.20,0.48,2.87
2020-02-06,7.12,7.17,7.21,7.02,70784,50510104.00,2.66,0.28,0.02,1.86
2020-02-07,7.13,7.17,7.18,7.06,59045,42005077.00,1.67,0.00,0.00,1.55
2020-02-10,7.26,7.25,7.28,7.16,49212,35524211.00,1.67,1.12,0.08,1.30
2020-02-11,7.31,7.98,7.98,7.27,51478,39709420.00,9.79,10.07,0.73,1.36
2020-02-12,8.08,7.88,8.38,7.72,179500,143424966.00,8.27,-1.25,-0.10,4.73
2020-02-13,7.76,7.65,7.88,7.62,95212,73301756.00,3.30,-2.92,-0.23,2.51
2020-02-14,7.63,7.66,7.77,7.55,63395,48576992.00,2.88,0.13,0.01,1.67
2020-02-17,7.59,7.87,7.92,7.59,81604,63587974.00,4.31,2.74,0.21,2.15
2020-02-18,7.82,8.17,8.18,7.81,118287,94902505.00,4.70,3.81,0.30,3.11
2020-02-19,8.16,8.05,8.25,8.04,93163,75741832.00,2.57,-1.47,-0.12,2.45
2020-02-20,8.09,8.30,8.45,8.00,116260,95781272.00,5.59,3.11,0.25,3.06
2020-02-21,8.50,8.55,8.85,8.23,165475,141149149.00,7.47,3.01,0.25,4.36
2020-02-24,8.78,9.41,9.41,8.51,324011,293744992.00,10.53,10.06,0.86,8.53
2020-02-25,9.72,9.42,9.72,8.81,419636,395246256.00,9.67,0.11,0.01,11.05
2020-02-26,9.10,8.88,9.46,8.87,219390,198699943.00,6.26,-5.73,-0.54,5.78
2020-02-27,8.88,9.15,9.47,8.85,228893,212680789.00,6.98,3.04,0.27,6.03
2020-02-28,8.28,9.10,9.35,8.28,230349,200548270.00,11.69,-0.55,-0.05,6.07
2020-03-02,9.09,9.70,9.94,8.88,271324,256763316.00,11.65,6.59,0.60,7.14
2020-03-03,9.58,10.18,10.55,9.51,356810,354775472.00,10.72,4.95,0.48,9.40
2020-03-04,9.97,9.94,10.41,9.90,234382,236144060.00,5.01,-2.36,-0.24,6.17
2020-03-05,10.22,9.78,10.22,9.76,179459,177774317.00,4.63,-1.61,-0.16,4.73
2020-03-06,9.58,9.69,10.02,9.45,157599,154579036.00,5.83,-0.92,-0.09,4.15
2020-03-09,9.66,8.98,9.67,8.95,164773,153540660.00,7.43,-7.33,-0.71,4.34
2020-03-10,8.59,9.29,9.29,8.59,134806,120974556.00,7.80,3.45,0.31,3.55
2020-03-11,9.29,9.06,9.65,9.06,117290,109810400.00,6.35,-2.48,-0.23,3.09
2020-03-12,8.94,8.93,9.26,8.76,83530,75029806.00,5.52,-1.43,-0.13,2.20
2020-03-13,8.50,8.83,8.92,8.41,91975,79750559.00,5.71,-1.12,-0.10,2.42
2020-03-16,8.98,8.35,9.06,8.05,103518,89527993.00,11.44,-5.44,-0.48,2.73
2020-03-17,8.27,8.06,8.46,7.78,88419,71252122.00,8.14,-3.47,-0.29,2.33
2020-03-18,8.17,7.76,8.18,7.71,74706,59710921.00,5.83,-3.72,-0.30,1.97
2020-03-19,7.82,7.92,8.09,7.63,67582,52822319.00,5.93,2.06,0.16,1.78
2020-03-20,7.98,7.99,8.13,7.86,48442,38671546.00,3.41,0.88,0.07,1.28
2020-03-23,7.81,7.71,8.07,7.64,60370,47591387.00,5.38,-3.50,-0.28,1.59
2020-03-24,7.84,7.86,7.89,7.43,70088,54223418.00,5.97,1.95,0.15,1.85
2020-03-25,8.03,8.00,8.06,7.91,53591,42766737.00,1.91,1.78,0.14,1.41
2020-03-26,7.96,7.77,7.97,7.76,46542,36527433.00,2.63,-2.88,-0.23,1.23
2020-03-27,7.86,7.64,7.87,7.63,37994,29407696.00,3.09,-1.67,-0.13,1.00
2020-03-30,7.61,7.30,7.61,7.20,58595,42912016.00,5.37,-4.45,-0.34,1.54
2020-03-31,7.37,7.14,7.45,7.10,60012,43341012.00,4.79,-2.19,-0.16,1.58
2020-04-01,7.09,7.14,7.23,7.04,44446,31824979.00,2.66,0.00,0.00,1.17
2020-04-02,7.10,7.32,7.34,7.07,45192,32592337.00,3.78,2.52,0.18,1.19
2020-04-03,7.30,7.25,7.40,7.22,36252,26470047.00,2.46,-0.96,-0.07,0.95
2020-04-07,7.38,7.47,7.49,7.32,47880,35666643.00,2.34,3.03,0.22,1.26
2020-04-08,7.88,8.22,8.22,7.78,39959,32402488.00,5.89,10.04,0.75,1.05
2020-04-09,9.00,8.33,9.04,8.31,230610,198628442.00,8.88,1.34,0.11,6.07
2020-04-10,8.15,7.74,8.15,7.73,118533,93851996.00,5.04,-7.08,-0.59,3.12
2020-04-13,7.75,7.77,7.87,7.71,52378,40677286.00,2.07,0.39,0.03,1.38
2020-04-14,7.79,7.91,7.94,7.65,54642,42560467.00,3.73,1.80,0.14,1.44
2020-04-15,7.77,7.53,7.77,7.52,85701,65004067.00,3.16,-4.80,-0.38,2.26
2020-04-16,7.51,7.43,7.51,7.34,44487,33077381.00,2.26,-1.33,-0.10,1.17
2020-04-17,7.47,7.43,7.57,7.40,38940,29138371.00,2.29,0.00,0.00,1.03
2020-04-20,7.45,7.50,7.50,7.38,32732,24344183.00,1.62,0.94,0.07,0.86
2020-04-21,7.53,7.42,7.53,7.35,30967,22954713.00,2.40,-1.07,-0.08,0.82
2020-04-22,7.38,7.50,7.50,7.27,30192,22391983.00,3.10,1.08,0.08,0.80
2020-04-23,7.54,7.34,7.54,7.31,34203,25338425.00,3.07,-2.13,-0.16,0.90
2020-04-24,7.37,7.17,7.40,7.12,40083,28977120.00,3.81,-2.32,-0.17,1.06
2020-04-27,7.18,7.89,7.89,7.18,152302,116281190.00,9.90,10.04,0.72,4.01
2020-04-28,7.88,8.07,8.13,7.40,150994,117811444.00,9.25,2.28,0.18,3.98
2020-04-29,8.05,7.70,8.05,7.42,66009,51604091.00,7.81,-4.58,-0.37,1.74
2020-04-30,7.70,8.47,8.47,7.65,168422,138984642.00,10.65,10.00,0.77,4.44
2020-05-06,8.47,8.83,9.30,8.31,182096,160206488.00,11.69,4.25,0.36,4.80
2020-05-07,8.95,9.02,9.45,8.50,198796,176859377.00,10.76,2.15,0.19,5.24
2020-05-08,9.06,8.70,9.15,8.67,133114,117646285.00,5.32,-3.55,-0.32,3.51
2020-05-11,8.60,8.50,8.71,8.38,102279,87122290.00,3.79,-2.30,-0.20,2.69
2020-05-12,8.50,8.31,8.50,8.20,81048,67321668.00,3.53,-2.24,-0.19,2.13
2020-05-13,8.29,8.30,8.42,8.14,67102,55623482.00,3.37,-0.12,-0.01,1.77
2020-05-14,8.28,8.13,8.28,8.07,47916,39084431.00,2.53,-2.05,-0.17,1.26
2020-05-15,8.29,8.06,8.33,8.05,70820,57903777.00,3.44,-0.86,-0.07,1.86
2020-05-18,8.16,8.24,8.29,8.09,69425,56981562.00,2.48,2.23,0.18,1.83
2020-05-19,8.31,8.12,8.31,8.07,60290,49071670.00,2.91,-1.46,-0.12,1.59
2020-05-20,8.16,7.90,8.16,7.85,61823,49147808.00,3.82,-2.71,-0.22,1.63
2020-05-21,7.89,7.89,8.08,7.81,38278,30471428.00,3.42,-0.13,-0.01,1.01
2020-05-22,7.82,7.64,7.89,7.60,41191,31718134.00,3.68,-3.17,-0.25,1.08
2020-05-25,7.68,7.57,7.75,7.52,28075,21363743.00,3.01,-0.92,-0.07,0.74
2020-05-26,7.57,7.72,7.72,7.56,37732,28796729.00,2.11,1.98,0.15,0.99
2020-05-27,7.74,7.67,7.76,7.62,25299,19407145.00,1.81,-0.65,-0.05,0.67
2020-05-28,7.66,7.61,7.72,7.50,27792,21142578.00,2.87,-0.78,-0.06,0.73
2020-05-29,7.56,7.58,7.66,7.51,27989,21244894.00,1.97,-0.39,-0.03,0.74
2020-06-01,7.56,7.85,7.94,7.56,56178,43967344.00,5.01,3.56,0.27,1.48
2020-06-02,7.95,7.88,7.95,7.80,42583,33439345.00,1.91,0.38,0.03,1.12
2020-06-03,7.87,7.80,7.93,7.78,34761,27321653.00,1.90,-1.02,-0.08,0.92
2020-06-04,7.84,7.71,7.87,7.62,39326,30273323.00,3.21,-1.15,-0.09,1.04
2020-06-05,7.73,7.57,7.77,7.52,51392,38970376.00,3.24,-1.82,-0.14,1.35
2020-06-08,7.65,7.98,8.10,7.60,101026,79750992.00,6.61,5.42,0.41,2.66
2020-06-09,7.96,7.91,7.97,7.81,50972,40198055.00,2.01,-0.88,-0.07,1.34
2020-06-10,7.95,7.80,7.95,7.75,34371,26871641.00,2.53,-1.39,-0.11,0.91
2020-06-11,7.72,7.72,7.87,7.61,39057,30233103.00,3.33,-1.03,-0.08,1.03
2020-06-12,7.50,7.63,7.69,7.50,38441,29222283.00,2.46,-1.17,-0.09,1.01
2020-06-15,7.56,7.63,7.72,7.56,27329,20874086.00,2.10,0.00,0.00,0.72
2020-06-16,7.68,7.72,7.77,7.67,30025,23160787.00,1.31,1.18,0.09,0.79
2020-06-17,7.73,7.76,7.77,7.63,33534,25798555.00,1.81,0.52,0.04,0.88
2020-06-18,7.72,7.73,7.84,7.69,38196,29601588.00,1.93,-0.39,-0.03,1.01
2020-06-19,7.75,7.69,7.76,7.64,35067,26999253.00,1.55,-0.52,-0.04,0.92
2020-06-22,7.66,7.71,7.79,7.63,32243,24911448.00,2.08,0.26,0.02,0.85
2020-06-23,7.71,7.57,7.71,7.56,40604,30858840.00,1.95,-1.82,-0.14,1.07
2020-06-24,7.53,7.44,7.61,7.42,37026,27716823.00,2.51,-1.72,-0.13,0.98
2020-06-29,7.44,7.29,7.44,7.26,28478,20863689.00,2.42,-2.02,-0.15,0.75
2020-06-30,7.35,7.45,7.50,7.32,26681,19800654.00,2.47,2.19,0.16,0.70
2020-07-01,7.45,7.44,7.62,7.38,35990,26983779.00,3.22,-0.13,-0.01,0.95
2020-07-02,7.43,7.50,7.53,7.40,42033,31419991.00,1.75,0.81,0.06,1.11
2020-07-03,7.50,7.59,7.60,7.46,48677,36616487.00,1.87,1.20,0.09,1.28
2020-07-06,7.66,8.18,8.30,7.57,125203,99835231.00,9.62,7.77,0.59,3.30
2020-07-07,8.38,8.08,8.40,8.08,141890,117390534.00,3.91,-1.22,-0.10,3.74
2020-07-08,8.07,8.18,8.34,7.93,125323,102005813.00,5.07,1.24,0.10,3.30
2020-07-09,8.27,8.32,8.35,8.17,117996,97587976.00,2.20,1.71,0.14,3.11
2020-07-10,8.33,8.26,8.41,8.18,95710,79437715.00,2.76,-0.72,-0.06,2.52
2020-07-13,8.30,8.59,8.64,8.26,117684,99943788.00,4.60,4.00,0.33,3.10
2020-07-14,8.60,8.55,8.64,8.38,89982,76565795.00,3.03,-0.47,-0.04,2.37
2020-07-15,8.60,8.10,8.79,8.06,130910,108581953.00,8.54,-5.26,-0.45,3.45
2020-07-16,8.12,7.88,8.30,7.86,83106,67198264.00,5.43,-2.72,-0.22,2.19
2020-07-17,7.87,7.88,8.02,7.72,55382,43577992.00,3.81,0.00,0.00,1.46
2020-07-20,7.94,8.26,8.28,7.91,78642,64082954.00,4.70,4.82,0.38,2.07
2020-07-21,8.39,8.28,8.43,8.22,73619,61197132.00,2.54,0.24,0.02,1.94
2020-07-22,8.39,8.30,8.45,8.25,67560,56384815.00,2.42,0.24,0.02,1.78
2020-07-23,8.28,8.27,8.37,8.06,68185,56031183.00,3.73,-0.36,-0.03,1.80
2020-07-24,8.22,8.01,8.41,7.95,79272,64798542.00,5.56,-3.14,-0.26,2.09
2020-07-27,7.99,7.81,8.12,7.72,53629,42150975.00,4.99,-2.50,-0.20,1.41
2020-07-28,7.95,8.10,8.35,7.95,89857,73253113.00,5.12,3.71,0.29,2.37
2020-07-29,8.09,8.31,8.32,7.96,80695,66179411.00,4.44,2.59,0.21,2.13
2020-07-30,8.32,8.22,8.47,8.21,71176,59185810.00,3.13,-1.08,-0.09,1.87
2020-07-31,8.29,8.36,8.41,8.22,77591,64674197.00,2.31,1.70,0.14,2.04
2020-08-03,8.37,8.69,8.85,8.36,129294,111196555.00,5.86,3.95,0.33,3.40
2020-08-04,8.59,8.55,8.86,8.50,110856,95718330.00,4.14,-1.61,-0.14,2.92
2020-08-05,8.68,8.69,8.73,8.43,78926,67879516.00,3.51,1.64,0.14,2.08
2020-08-06,8.79,8.65,9.06,8.57,154098,135207031.00,5.64,-0.46,-0.04,4.06
2020-08-07,8.58,9.52,9.52,8.58,96593,89656052.00,10.87,10.06,0.87,2.54
2020-08-10,10.37,9.32,10.37,9.30,463217,456765616.00,11.24,-2.10,-0.20,12.20
2020-08-11,9.11,9.50,9.89,9.11,284745,272620160.00,8.37,1.93,0.18,7.50
2020-08-12,9.18,8.96,9.20,8.55,205120,181440311.00,6.84,-5.68,-0.54,5.40
2020-08-13,9.00,9.06,9.22,8.76,148131,132932462.00,5.13,1.12,0.10,3.90
2020-08-14,8.95,8.84,8.95,8.72,116832,102979878.00,2.54,-2.43,-0.22,3.08
2020-08-17,8.82,8.94,8.96,8.70,139069,122916139.00,2.94,1.13,0.10,3.66
2020-08-18,8.90,8.88,9.02,8.80,101783,90659785.00,2.46,-0.67,-0.06,2.68
2020-08-19,8.88,8.79,8.98,8.68,100960,89120585.00,3.38,-1.01,-0.09,2.66
2020-08-20,8.70,8.76,8.97,8.58,82352,72413663.00,4.44,-0.34,-0.03,2.17
2020-08-21,8.79,8.67,8.85,8.62,62823,54840506.00,2.63,-1.03,-0.09,1.65
2020-08-24,8.68,8.69,8.73,8.46,61507,52909684.00,3.11,0.23,0.02,1.62
2020-08-25,8.72,8.54,8.76,8.50,64909,55759062.00,2.99,-1.73,-0.15,1.71
2020-08-26,8.53,8.34,8.58,8.25,64842,54502267.00,3.86,-2.34,-0.20,1.71
2020-08-27,8.36,8.36,8.47,8.28,58322,48770355.00,2.28,0.24,0.02,1.54
2020-08-28,8.36,8.44,8.45,8.28,56538,47252734.00,2.03,0.96,0.08,1.49
2020-08-31,8.47,8.46,8.58,8.39,60900,51834152.00,2.25,0.24,0.02,1.60
2020-09-01,8.42,8.57,8.59,8.39,43273,36789667.00,2.36,1.30,0.11,1.14
2020-09-02,8.56,8.59,8.62,8.49,51003,43585084.00,1.52,0.23,0.02,1.34
2020-09-03,8.54,8.42,8.63,8.40,51230,43604972.00,2.68,-1.98,-0.17,1.35
2020-09-04,8.30,8.58,8.59,8.23,61662,51968080.00,4.28,1.90,0.16,1.62
2020-09-07,8.57,8.47,8.61,8.40,52964,45141565.00,2.45,-1.28,-0.11,1.39
2020-09-08,8.48,8.55,8.55,8.35,39065,33147112.00,2.36,0.94,0.08,1.03
2020-09-09,8.45,8.60,8.69,8.43,76698,66036428.00,3.04,0.58,0.05,2.02
2020-09-10,8.60,8.01,8.65,7.99,82815,68609825.00,7.67,-6.86,-0.59,2.18
2020-09-11,8.02,8.10,8.13,7.96,34653,27956917.00,2.12,1.12,0.09,0.91
2020-09-14,8.10,8.20,8.30,8.10,30528,25000052.00,2.47,1.23,0.10,0.80
2020-09-15,8.17,8.16,8.28,8.11,28410,23228997.00,2.07,-0.49,-0.04,0.75
2020-09-16,8.12,8.06,8.22,8.02,26997,21852309.00,2.45,-1.23,-0.10,0.71
2020-09-17,8.12,8.12,8.15,8.01,28365,22937434.00,1.74,0.74,0.06,0.75
2020-09-18,8.15,8.19,8.19,8.06,31599,25749723.00,1.60,0.86,0.07,0.83
2020-09-21,8.18,8.22,8.29,8.15,34232,28168972.00,1.71,0.37,0.03,0.90
2020-09-22,8.18,8.09,8.24,8.02,24935,20238661.00,2.68,-1.58,-0.13,0.66
2020-09-23,8.08,8.19,8.39,8.06,37805,31025637.00,4.08,1.24,0.10,1.00
2020-09-24,8.13,7.98,8.19,7.97,33117,26591656.00,2.69,-2.56,-0.21,0.87
2020-09-25,8.02,7.82,8.09,7.74,29931,23552814.00,4.39,-2.01,-0.16,0.79
2020-09-28,7.82,7.81,7.90,7.75,21452,16771525.00,1.92,-0.13,-0.01,0.56
2020-09-29,7.84,7.83,7.90,7.79,20955,16444868.00,1.41,0.26,0.02,0.55
2020-09-30,7.87,7.78,7.88,7.67,18876,14680146.00,2.68,-0.64,-0.05,0.50
2020-10-09,7.84,7.95,7.99,7.81,21314,16924234.00,2.31,2.19,0.17,0.56
2020-10-12,8.08,8.31,8.38,8.05,51911,42885200.00,4.15,4.53,0.36,1.37
2020-10-13,8.35,8.42,8.45,8.26,50069,41944259.00,2.29,1.32,0.11,1.32
2020-10-14,8.39,8.34,8.47,8.32,31745,26572880.00,1.78,-0.95,-0.08,0.84
2020-10-15,8.24,8.10,8.28,8.08,42308,34516933.00,2.40,-2.88,-0.24,1.11
2020-10-16,8.06,8.00,8.16,7.90,38623,30817774.00,3.21,-1.23,-0.10,1.02
2020-10-19,8.11,8.01,8.30,7.97,50699,41172116.00,4.13,0.13,0.01,1.34
2020-10-20,8.02,8.10,8.10,7.91,25160,20184726.00,2.37,1.12,0.09,0.66
2020-10-21,8.10,7.97,8.12,7.94,22365,17880265.00,2.22,-1.60,-0.13,0.59
2020-10-22,8.02,8.02,8.05,7.86,23808,18980621.00,2.38,0.63,0.05,0.63
2020-10-23,8.00,7.94,8.05,7.91,21182,16874799.00,1.75,-1.00,-0.08,0.56
2020-10-26,7.94,7.80,7.94,7.68,37138,28893811.00,3.27,-1.76,-0.14,0.98
2020-10-27,7.80,7.64,7.80,7.59,30324,23241629.00,2.69,-2.05,-0.16,0.80
2020-10-28,7.59,7.67,7.71,7.43,29587,22381854.00,3.66,0.39,0.03,0.78
2020-10-29,7.67,7.48,7.67,7.46,35742,26870626.00,2.74,-2.48,-0.19,0.94
2020-10-30,7.48,7.21,7.52,7.20,39174,28726404.00,4.28,-3.61,-0.27,1.03
2020-11-02,7.20,7.22,7.26,7.14,24962,17962938.00,1.66,0.14,0.01,0.66
2020-11-03,7.22,7.39,7.40,7.22,22275,16311979.00,2.49,2.35,0.17,0.59
2020-11-04,7.38,7.27,7.40,7.21,19608,14290787.00,2.57,-1.62,-0.12,0.52
2020-11-05,7.33,7.38,7.39,7.25,23397,17165458.00,1.93,1.51,0.11,0.62
2020-11-06,7.37,7.31,7.42,7.26,25062,18321667.00,2.17,-0.95,-0.07,0.66
2020-11-09,7.31,7.46,7.48,7.31,26865,19932192.00,2.33,2.05,0.15,0.71
2020-11-10,7.48,7.51,7.62,7.43,48785,36783086.00,2.55,0.67,0.05,1.28
2020-11-11,7.55,7.42,7.56,7.37,24364,18166046.00,2.53,-1.20,-0.09,0.64
2020-11-12,7.43,7.24,7.47,7.21,36392,26619977.00,3.50,-2.43,-0.18,0.96
2020-11-13,7.30,7.26,7.32,7.19,22809,16527771.00,1.80,0.28,0.02,0.60
2020-11-16,7.24,7.29,7.33,7.17,18740,13595087.00,2.20,0.41,0.03,0.49
2020-11-17,7.30,7.26,7.31,7.18,21094,15250774.00,1.78,-0.41,-0.03,0.56
2020-11-18,7.23,7.33,7.33,7.22,22535,16399616.00,1.52,0.96,0.07,0.59
2020-11-19,7.39,7.44,7.59,7.38,41228,30681764.00,2.86,1.50,0.11,1.09
2020-11-20,7.42,7.57,7.75,7.33,58358,43760401.00,5.65,1.75,0.13,1.54
2020-11-23,7.62,7.57,7.85,7.49,61989,47134869.00,4.76,0.00,0.00,1.63
2020-11-24,7.90,8.33,8.33,7.90,81421,67609801.00,5.68,10.04,0.76,2.14
2020-11-25,8.68,9.16,9.16,8.39,491998,436598416.00,9.24,9.96,0.83,12.96
2020-11-26,8.70,8.24,8.70,8.24,293770,246352810.00,5.02,-10.04,-0.92,7.74
2020-11-27,7.92,8.02,8.14,7.85,191548,152858709.00,3.52,-2.67,-0.22,5.04
2020-11-30,8.01,7.74,8.02,7.73,136472,107354339.00,3.62,-3.49,-0.28,3.59
2020-12-01,7.76,7.81,7.86,7.71,91042,71011710.00,1.94,0.90,0.07,2.40
2020-12-02,7.82,7.73,7.82,7.69,80345,62143048.00,1.66,-1.02,-0.08,2.12
2020-12-03,7.67,7.55,7.75,7.51,95473,72592930.00,3.10,-2.33,-0.18,2.51
2020-12-04,7.51,7.67,7.75,7.46,85957,65589945.00,3.84,1.59,0.12,2.26
2020-12-07,7.61,7.60,7.63,7.54,54275,41177183.00,1.17,-0.91,-0.07,1.43
2020-12-08,7.57,7.60,7.65,7.57,39300,29886566.00,1.05,0.00,0.00,1.03
2020-12-09,7.62,7.32,7.62,7.30,73290,54279752.00,4.21,-3.68,-0.28,1.93
2020-12-10,7.30,7.37,7.45,7.27,31470,23190318.00,2.46,0.68,0.05,0.83
2020-12-11,7.31,7.42,7.44,7.30,35995,26512566.00,1.90,0.68,0.05,0.95
2020-12-14,7.41,7.53,7.54,7.37,36858,27583968.00,2.29,1.48,0.11,0.97
2020-12-15,7.53,7.42,7.53,7.37,27885,20680792.00,2.12,-1.46,-0.11,0.73
2020-12-16,7.39,7.22,7.39,7.21,33805,24634515.00,2.43,-2.70,-0.20,0.89
2020-12-17,7.22,7.31,7.33,7.20,26219,19085811.00,1.80,1.25,0.09,0.69
2020-12-18,7.28,7.24,7.34,7.22,25704,18684649.00,1.64,-0.96,-0.07,0.68
2020-12-21,7.20,7.28,7.29,7.18,21621,15676325.00,1.52,0.55,0.04,0.57
2020-12-22,7.26,7.12,7.26,7.11,37059,26606206.00,2.06,-2.20,-0.16,0.98
2020-12-23,7.10,7.15,7.18,7.09,24950,17775146.00,1.26,0.42,0.03,0.66
2020-12-24,7.13,6.85,7.15,6.80,49387,34315773.00,4.90,-4.20,-0.30,1.30
2020-12-25,6.81,6.85,6.91,6.74,26579,18173914.00,2.48,0.00,0.00,0.70
2020-12-28,6.80,6.67,6.85,6.67,29353,19769710.00,2.63,-2.63,-0.18,0.77
2020-12-29,6.68,6.79,6.86,6.67,24416,16595659.00,2.85,1.80,0.12,0.64
2020-12-30,6.75,6.77,6.81,6.71,20528,13866082.00,1.47,-0.29,-0.02,0.54
2020-12-31,6.73,6.81,6.86,6.73,20139,13717476.00,1.92,0.59,0.04,0.53
2021-01-04,6.81,6.94,7.00,6.80,26920,18666736.00,2.94,1.91,0.13,0.71
2021-01-05,6.93,6.95,6.95,6.83,25158,17321869.00,1.73,0.14,0.01,0.66
2021-01-06,6.95,7.01,7.11,6.90,32654,22885226.00,3.02,0.86,0.06,0.86
2021-01-07,7.01,6.72,7.08,6.70,32240,21823919.00,5.42,-4.14,-0.29,0.85
2021-01-08,6.71,6.57,6.72,6.40,28638,18790453.00,4.76,-2.23,-0.15,0.75
2021-01-11,6.65,6.31,6.65,6.26,33026,21164188.00,5.94,-3.96,-0.26,0.87
2021-01-12,6.31,6.40,6.45,6.30,15721,10022485.00,2.38,1.43,0.09,0.41
2021-01-13,6.33,6.26,6.39,6.25,25157,15820224.00,2.19,-2.19,-0.14,0.66
2021-01-14,6.27,6.30,6.36,6.11,20345,12648013.00,3.99,0.64,0.04,0.54
2021-01-15,6.30,6.40,6.44,6.28,18922,12060651.00,2.54,1.59,0.10,0.50
2021-01-18,6.40,6.47,6.54,6.36,19330,12526978.00,2.81,1.09,0.07,0.51
2021-01-19,6.44,6.53,6.62,6.44,20062,13096676.00,2.78,0.93,0.06,0.53
2021-01-20,6.58,6.46,6.58,6.41,17961,11576031.00,2.60,-1.07,-0.07,0.47
2021-01-21,6.46,6.46,6.52,6.38,17288,11170359.00,2.17,0.00,0.00,0.46
2021-01-22,6.42,6.33,6.46,6.32,18555,11807420.00,2.17,-2.01,-0.13,0.49
2021-01-25,6.28,6.16,6.36,6.12,24156,14950496.00,3.79,-2.69,-0.17,0.64
2021-01-26,6.15,6.18,6.24,6.10,13719,8457603.00,2.27,0.32,0.02,0.36
2021-01-27,6.21,6.24,6.25,6.15,15107,9383684.00,1.62,0.97,0.06,0.40
2021-01-28,6.23,6.20,6.36,6.10,21188,13320387.00,4.17,-0.64,-0.04,0.56
2021-01-29,6.22,6.10,6.33,6.04,27115,16595889.00,4.68,-1.61,-0.10,0.71
2021-02-01,5.49,5.50,5.74,5.49,73802,40970072.00,4.10,-9.84,-0.60,1.94
2021-02-02,5.50,5.52,5.58,5.32,33036,17991470.00,4.73,0.36,0.02,0.87
2021-02-03,5.55,5.29,5.56,5.21,34579,18466521.00,6.34,-4.17,-0.23,0.91
2021-02-04,5.29,5.30,5.36,4.95,53635,27678450.00,7.75,0.19,0.01,1.41
2021-02-05,5.35,5.27,5.41,5.22,15927,8458379.00,3.58,-0.57,-0.03,0.42
2021-02-08,5.25,5.29,5.31,5.21,12115,6375802.00,1.90,0.38,0.02,0.32
2021-02-09,5.28,5.27,5.31,5.19,16038,8446271.00,2.27,-0.38,-0.02,0.42
2021-02-10,5.25,5.39,5.41,5.25,14852,7926329.00,3.04,2.28,0.12,0.39
2021-02-18,5.43,5.59,5.64,5.43,26278,14618212.00,3.90,3.71,0.20,0.69
2021-02-19,5.60,5.82,5.90,5.53,31980,18367417.00,6.62,4.11,0.23,0.84
2021-02-22,5.82,6.02,6.23,5.80,46277,28118629.00,7.39,3.44,0.20,1.22
2021-02-23,6.01,5.99,6.15,5.96,21557,12989446.00,3.16,-0.50,-0.03,0.57
2021-02-24,6.04,5.99,6.09,5.95,19258,11589819.00,2.34,0.00,0.00,0.51
2021-02-25,6.07,5.96,6.11,5.94,17524,10472632.00,2.84,-0.50,-0.03,0.46
2021-02-26,5.92,5.99,6.08,5.84,19646,11728540.00,4.03,0.50,0.03,0.52
2021-03-01,6.00,6.02,6.04,5.95,17592,10555569.00,1.50,0.50,0.03,0.46
2021-03-02,6.02,6.05,6.06,5.96,19660,11835819.00,1.66,0.50,0.03,0.52
2021-03-03,6.03,6.37,6.62,6.03,60054,38064844.00,9.75,5.29,0.32,1.58
2021-03-04,6.40,6.32,6.49,6.30,28959,18494934.00,2.98,-0.78,-0.05,0.76
2021-03-05,6.36,6.45,6.46,6.29,25275,16183694.00,2.69,2.06,0.13,0.67
2021-03-08,6.54,6.37,6.54,6.36,19384,12517760.00,2.79,-1.24,-0.08,0.51
2021-03-09,6.31,6.16,6.39,6.03,27235,16800030.00,5.65,-3.30,-0.21,0.72
2021-03-10,6.11,6.14,6.28,6.07,16142,9921081.00,3.41,-0.32,-0.02,0.43
2021-03-11,6.11,6.10,6.15,6.06,16937,10345292.00,1.47,-0.65,-0.04,0.45
2021-03-12,6.10,6.09,6.18,6.00,14378,8746231.00,2.95,-0.16,-0.01,0.38
2021-03-15,6.10,6.11,6.25,6.00,12960,7939327.00,4.11,0.33,0.02,0.34
2021-03-16,6.11,6.16,6.20,6.11,11317,6955154.00,1.47,0.82,0.05,0.30
2021-03-17,6.10,6.19,6.21,6.10,12577,7750197.00,1.79,0.49,0.03,0.33
2021-03-18,6.19,6.29,6.34,6.10,24480,15165406.00,3.88,1.62,0.10,0.64
2021-03-19,6.24,6.33,6.48,6.20,27259,17317116.00,4.45,0.64,0.04,0.72
2021-03-22,6.34,6.37,6.45,6.29,16887,10749423.00,2.53,0.63,0.04,0.44
2021-03-23,6.30,6.32,6.42,6.30,12631,8033521.00,1.88,-0.78,-0.05,0.33
2021-03-24,6.21,6.22,6.34,6.17,16437,10260098.00,2.69,-1.58,-0.10,0.43
2021-03-25,6.16,6.11,6.22,6.11,11076,6818497.00,1.77,-1.77,-0.11,0.29
2021-03-26,6.11,6.18,6.21,6.11,10523,6498742.00,1.64,1.15,0.07,0.28
2021-03-29,6.18,6.08,6.22,6.06,19629,12067449.00,2.59,-1.62,-0.10,0.52
2021-03-30,6.08,5.97,6.10,5.75,29158,17206504.00,5.76,-1.81,-0.11,0.77
2021-03-31,5.95,6.06,6.20,5.94,18703,11375794.00,4.36,1.51,0.09,0.49
2021-04-01,6.06,5.97,6.07,5.95,11125,6657168.00,1.98,-1.49,-0.09,0.29
2021-04-02,5.97,6.04,6.05,5.94,10246,6136160.00,1.84,1.17,0.07,0.27
2021-04-06,6.03,6.17,6.27,6.03,14528,8957191.00,3.97,2.15,0.13,0.38
2021-04-07,6.09,6.21,6.28,6.08,17594,10924320.00,3.24,0.65,0.04,0.46
2021-04-08,6.22,6.14,6.24,6.11,13521,8354707.00,2.09,-1.13,-0.07,0.36
2021-04-09,6.09,6.21,6.24,6.09,13576,8371419.00,2.44,1.14,0.07,0.36
2021-04-12,6.21,6.13,6.24,6.11,11294,6941693.00,2.09,-1.29,-0.08,0.30
2021-04-13,6.23,6.12,6.31,6.11,17077,10580991.00,3.26,-0.16,-0.01,0.45
2021-04-14,6.09,6.16,6.19,6.05,9907,6065929.00,2.29,0.65,0.04,0.26
2021-04-15,6.15,6.05,6.17,6.03,15227,9279118.00,2.27,-1.79,-0.11,0.40
2021-04-16,6.05,6.66,6.66,6.05,72431,46029465.00,10.08,10.08,0.61,1.91
2021-04-19,7.07,7.33,7.33,6.80,318250,229182946.00,7.96,10.06,0.67,8.38
2021-04-20,7.88,8.06,8.06,7.88,147601,118547638.00,2.46,9.96,0.73,3.89
2021-04-21,7.41,8.87,8.87,7.31,482813,405783712.00,19.35,10.05,0.81,12.71
2021-04-22,9.70,9.09,9.76,8.96,692534,667880176.00,9.02,2.48,0.22,18.24
2021-04-23,8.19,10.00,10.00,8.19,866314,815776192.00,19.91,10.01,0.91,22.81
2021-04-26,10.01,9.37,10.38,9.00,756161,705501408.00,13.80,-6.30,-0.63,19.91
2021-04-27,9.60,8.43,9.73,8.43,453605,395870240.00,13.87,-10.03,-0.94,11.95
2021-04-28,7.59,7.62,8.15,7.59,550529,427481856.00,6.64,-9.61,-0.81,14.50
2021-04-29,7.25,6.86,7.30,6.86,455011,318191456.00,5.77,-9.97,-0.76,11.98
2021-04-30,6.64,6.41,6.72,6.38,326418,212790468.00,4.96,-6.56,-0.45,8.60
2021-05-06,6.40,6.46,6.53,6.26,231290,148181140.00,4.21,0.78,0.05,6.09
2021-05-07,6.40,6.18,6.45,6.15,225597,140585207.00,4.64,-4.33,-0.28,5.94
2021-05-10,6.16,6.28,6.43,6.11,189736,118867407.00,5.18,1.62,0.10,5.00
2021-05-11,6.23,6.30,6.38,6.16,171887,107596853.00,3.50,0.32,0.02,4.53
2021-05-12,6.22,6.93,6.93,6.21,222698,148439190.00,11.43,10.00,0.63,5.86
2021-05-13,6.99,7.10,7.47,6.94,464300,334349520.00,7.65,2.45,0.17,12.23
2021-05-14,7.00,7.05,7.25,6.78,280124,196884212.00,6.62,-0.70,-0.05,7.38
2021-05-17,6.89,6.79,7.25,6.73,221289,153989395.00,7.38,-3.69,-0.26,5.83
2021-05-18,6.74,6.83,6.95,6.63,149838,102173016.00,4.71,0.59,0.04,3.95
2021-05-19,6.87,6.95,7.16,6.70,189364,131457872.00,6.73,1.76,0.12,4.99
2021-05-20,6.95,7.03,7.17,6.76,188759,131641362.00,5.90,1.15,0.08,4.97
2021-05-21,7.04,6.88,7.13,6.85,145659,101398675.00,3.98,-2.13,-0.15,3.84
2021-05-24,6.70,6.67,6.86,6.66,112824,76072871.00,2.91,-3.05,-0.21,2.97
2021-05-25,6.67,6.77,6.86,6.48,155187,103389371.00,5.70,1.50,0.10,4.09
2021-05-26,6.77,6.73,6.87,6.69,93603,63272493.00,2.66,-0.59,-0.04,2.46
2021-05-27,6.75,6.79,6.82,6.65,86718,58580474.00,2.53,0.89,0.06,2.28
2021-05-28,6.83,6.82,7.04,6.76,163441,112957262.00,4.12,0.44,0.03,4.30
2021-05-31,6.85,6.85,6.97,6.75,104349,71161698.00,3.23,0.44,0.03,2.75
2021-06-01,6.86,6.92,6.98,6.75,117167,80648939.00,3.36,1.02,0.07,3.09
2021-06-02,6.90,7.10,7.14,6.82,178431,125032833.00,4.62,2.60,0.18,4.70
2021-06-03,7.11,6.93,7.19,6.93,139210,97709269.00,3.66,-2.39,-0.17,3.67
2021-06-04,6.94,7.20,7.57,6.81,210989,151346209.00,10.97,3.90,0.27,5.56
2021-06-07,7.10,7.25,7.38,7.08,149105,107899636.00,4.17,0.69,0.05,3.93
2021-06-08,7.30,7.08,7.30,7.05,116182,82866860.00,3.45,-2.34,-0.17,3.06
2021-06-09,7.01,6.95,7.06,6.91,84623,59030143.00,2.12,-1.84,-0.13,2.23
2021-06-10,6.98,7.00,7.14,6.85,92410,64723016.00,4.17,0.72,0.05,2.43
2021-06-11,7.02,6.92,7.11,6.83,104363,72557738.00,4.00,-1.14,-0.08,2.75
2021-06-15,6.92,6.73,6.92,6.70,86598,58639125.00,3.18,-2.75,-0.19,2.28
2021-06-16,6.67,6.47,6.73,6.47,80720,52997994.00,3.86,-3.86,-0.26,2.13
2021-06-17,6.46,6.49,6.56,6.43,45632,29602790.00,2.01,0.31,0.02,1.20
2021-06-18,6.46,6.60,6.65,6.31,60242,39533479.00,5.24,1.69,0.11,1.59
2021-06-21,6.63,6.63,6.76,6.60,48562,32349381.00,2.42,0.45,0.03,1.28
2021-06-22,6.60,6.72,6.82,6.56,73206,49125447.00,3.92,1.36,0.09,1.93
2021-06-23,6.70,6.67,6.78,6.65,49067,32831560.00,1.93,-0.74,-0.05,1.29
2021-06-24,6.64,6.51,6.67,6.51,51827,34028357.00,2.40,-2.40,-0.16,1.36
2021-06-25,6.59,7.16,7.16,6.56,80049,56261328.00,9.22,9.98,0.65,2.11
2021-06-28,7.42,7.31,7.88,7.30,349531,264834902.00,8.10,2.09,0.15,9.20
2021-06-29,7.10,7.00,7.29,6.95,206231,146613596.00,4.65,-4.24,-0.31,5.43
2021-06-30,7.00,7.35,7.62,6.91,237062,172605445.00,10.14,5.00,0.35,6.24
2021-07-01,7.34,7.10,7.35,7.02,147117,105228195.00,4.49,-3.40,-0.25,3.87
2021-07-02,7.07,6.87,7.15,6.85,86075,59720221.00,4.23,-3.24,-0.23,2.27
2021-07-05,6.85,6.87,6.95,6.76,70397,48032907.00,2.77,0.00,0.00,1.85
2021-07-06,6.86,6.79,6.94,6.70,73998,50428115.00,3.49,-1.16,-0.08,1.95
2021-07-07,6.75,7.00,7.02,6.70,96279,66364269.00,4.71,3.09,0.21,2.54
2021-07-08,7.15,7.05,7.25,6.88,116333,82137152.00,5.29,0.71,0.05,3.06
2021-07-09,7.05,7.12,7.16,6.95,70019,49615485.00,2.98,0.99,0.07,1.84
2021-07-12,7.11,7.09,7.20,7.05,61053,43389694.00,2.11,-0.42,-0.03,1.61
2021-07-13,7.06,7.12,7.16,6.96,63332,44883672.00,2.82,0.42,0.03,1.67
2021-07-14,7.13,6.96,7.13,6.95,65132,45653763.00,2.53,-2.25,-0.16,1.72
2021-07-15,6.55,6.68,6.71,6.43,90754,60126709.00,4.02,-4.02,-0.28,2.39
2021-07-16,6.68,6.68,6.80,6.64,36624,24614240.00,2.40,0.00,0.00,0.96
