2016-01-04,18.15,18.15,18.15,18.15,27,49005.00,0.00,10.00,1.65,0.01
2016-01-05,19.97,19.97,19.97,19.97,30,59910.00,0.00,10.03,1.82,0.02
2016-01-06,21.97,21.97,21.97,21.97,29,63713.00,0.00,10.02,2.00,0.01
2016-01-07,24.17,24.17,24.17,24.17,30,72510.00,0.00,10.01,2.20,0.02
2016-01-08,26.59,26.59,26.59,26.59,91,241969.00,0.00,10.01,2.42,0.05
2016-01-11,29.25,29.25,29.25,29.25,89,260325.00,0.00,10.00,2.66,0.04
2016-01-12,32.18,32.18,32.18,32.18,72,231696.00,0.00,10.02,2.93,0.04
2016-01-13,35.40,35.40,35.40,35.40,191,676494.00,0.00,10.01,3.22,0.10
2016-01-14,38.94,38.94,38.94,38.94,421,1639529.00,0.00,10.00,3.54,0.21
2016-01-15,42.83,42.83,42.83,42.83,466,1993736.00,0.00,9.99,3.89,0.23
2016-01-18,47.11,47.11,47.11,47.11,775,3651967.00,0.00,9.99,4.28,0.39
2016-01-19,51.82,51.82,51.82,51.82,576,2983277.00,0.00,10.00,4.71,0.29
2016-01-20,57.00,57.00,57.00,57.00,514,2928318.00,0.00,10.00,5.18,0.26
2016-01-21,62.70,62.70,62.70,62.70,2471,15495301.00,0.00,10.00,5.70,1.24
2016-01-22,68.97,68.97,68.97,68.97,4534,31268101.00,0.00,10.00,6.27,2.27
2016-01-25,75.87,75.87,75.87,75.87,3382,25662648.00,0.00,10.00,6.90,1.69
2016-01-26,83.46,76.75,83.46,76.66,146658,1187711952.00,8.96,1.16,0.88,73.33
2016-01-27,75.00,69.08,79.87,69.08,80626,589502032.00,14.06,-9.99,-7.67,40.31
2016-01-28,65.71,62.17,67.98,62.17,59816,386836592.00,8.41,-10.00,-6.91,29.91
2016-01-29,62.00,66.24,68.39,61.12,74344,492397248.00,11.69,6.55,4.07,37.17
2016-02-01,64.50,63.26,67.97,62.01,49343,319497344.00,9.00,-4.50,-2.98,24.67
2016-02-02,64.30,68.50,69.59,64.30,57048,389915248.00,8.36,8.28,5.24,28.52
2016-02-03,67.07,73.40,74.88,66.53,51554,366520608.00,12.19,7.15,4.90,25.78
2016-02-04,72.40,80.74,80.74,71.80,74026,578314384.00,12.18,10.00,7.34,37.01
2016-02-05,80.58,79.78,83.85,77.45,65372,524758944.00,7.93,-1.19,-0.96,32.69
2016-02-15,76.30,85.70,87.76,75.88,51886,422044336.00,14.89,7.42,5.92,25.94
2016-02-16,84.85,86.40,91.70,84.80,50467,442285040.00,8.05,0.82,0.70,25.23
2016-02-17,85.06,85.53,88.88,83.50,43765,377164320.00,6.23,-1.01,-0.87,21.88
2016-02-18,85.61,87.14,90.88,85.61,39051,344159200.00,6.16,1.88,1.61,19.53
2016-02-19,86.01,83.00,86.79,82.10,39517,331743344.00,5.38,-4.75,-4.14,19.76
2016-02-22,83.90,84.44,85.96,82.10,28451,239883540.00,4.65,1.73,1.44,14.23
2016-02-23,83.90,88.95,91.69,83.90,47671,419189568.00,9.23,5.34,4.51,23.84
2016-02-24,87.65,81.10,88.80,80.15,47906,398764848.00,9.72,-8.83,-7.85,23.95
2016-02-25,79.80,76.21,82.67,75.01,41834,329716016.00,9.45,-6.03,-4.89,20.92
2016-02-26,78.00,78.42,82.00,76.50,29535,232600085.00,7.22,2.90,2.21,14.77
2016-02-29,77.20,70.58,77.88,70.58,24351,173336060.00,9.31,-10.00,-7.84,12.18
2016-03-01,68.18,71.00,72.67,64.79,28831,197677950.00,11.16,0.60,0.42,14.42
2016-03-02,70.00,76.27,77.98,69.40,30612,226276863.00,12.08,7.42,5.27,15.31
2016-03-03,76.00,73.03,77.80,73.01,24612,186717047.00,6.28,-4.25,-3.24,12.31
2016-03-04,71.02,66.30,73.00,66.01,23124,159437998.00,9.57,-9.22,-6.73,11.56
2016-03-07,66.78,70.20,72.90,66.78,22926,161727200.00,9.23,5.88,3.90,11.46
2016-03-08,68.45,74.16,76.50,65.05,29425,209112516.00,16.31,5.64,3.96,14.71
2016-03-09,72.11,75.30,78.20,71.50,31075,235358236.00,9.03,1.54,1.14,15.54
2016-03-10,74.02,74.90,78.23,72.55,24234,183951636.00,7.54,-0.53,-0.40,12.12
2016-03-11,74.00,81.90,82.00,73.61,34252,272201664.00,11.20,9.35,7.00,17.13
2016-03-14,84.20,88.00,90.09,83.51,58292,512292304.00,8.03,7.45,6.10,29.15
2016-03-29,95.00,90.00,95.00,87.40,61954,567370288.00,8.64,2.27,2.00,30.98
2016-03-30,91.88,98.18,99.00,91.87,57624,555395120.00,7.92,9.09,8.18,28.81
2016-03-31,96.50,108.00,108.00,95.00,55395,561831792.00,13.24,10.00,9.82,27.70
2016-04-01,108.60,105.97,114.00,105.00,43494,476100656.00,8.33,-1.88,-2.03,21.75
2016-04-05,106.50,111.50,111.80,103.11,36805,395623360.00,8.20,5.22,5.53,18.40
2016-04-06,110.58,108.80,115.00,106.40,35222,388188144.00,7.71,-2.42,-2.70,17.61
2016-04-07,109.02,105.34,111.30,104.02,30612,326551840.00,6.69,-3.18,-3.46,15.31
2016-04-08,103.00,114.95,115.66,101.90,48203,525414384.00,13.06,9.12,9.61,24.10
2016-04-11,114.50,121.16,122.30,112.11,44661,520216720.00,8.86,5.40,6.21,22.33
2016-04-12,118.00,109.04,119.19,109.04,41410,467818224.00,8.38,-10.00,-12.12,20.71
2016-04-13,109.60,113.51,118.99,109.58,37245,422575232.00,8.63,4.10,4.47,18.62
2016-04-14,113.98,112.70,115.59,111.00,29096,329044912.00,4.04,-0.71,-0.81,14.55
2016-04-15,111.65,106.94,112.70,104.80,39185,420992384.00,7.01,-5.11,-5.76,19.59
2016-04-18,104.00,105.80,107.99,103.20,22779,240283437.00,4.48,-1.07,-1.14,11.39
2016-04-19,107.99,106.68,109.30,104.00,22741,242422284.00,5.01,0.83,0.88,11.37
2016-04-20,107.01,102.60,110.48,97.88,48367,504813232.00,11.81,-3.82,-4.08,24.18
2016-04-21,100.00,95.70,102.40,95.51,34410,340016176.00,6.72,-6.73,-6.90,17.20
2016-04-22,95.99,99.90,99.99,95.00,28077,273888176.00,5.21,4.39,4.20,14.04
2016-04-25,98.45,96.88,98.45,92.59,27745,265317099.00,5.87,-3.02,-3.02,13.87
2016-04-26,96.20,101.70,101.90,96.12,27535,271503696.00,5.97,4.98,4.82,13.77
2016-04-27,100.98,98.79,103.00,98.00,24426,245514081.00,4.92,-2.86,-2.91,12.21
2016-04-28,98.91,101.91,102.94,95.01,29075,287049936.00,8.03,3.16,3.12,14.54
2016-04-29,100.30,103.36,105.94,100.21,29848,310332016.00,5.62,1.42,1.45,14.92
2016-05-03,103.41,109.20,109.48,100.70,25807,274437392.00,8.49,5.65,5.84,12.90
2016-05-04,108.00,107.90,111.65,107.01,22250,243136145.00,4.25,-1.19,-1.30,11.13
2016-05-05,107.71,114.30,115.66,107.00,29817,333392560.00,8.03,5.93,6.40,14.91
2016-05-06,114.43,104.60,114.79,104.30,33010,360801936.00,9.18,-8.49,-9.70,16.51
2016-05-09,104.00,95.69,104.00,94.79,32567,319607280.00,8.80,-8.52,-8.91,16.28
2016-05-10,95.20,95.89,97.95,94.04,19315,185620701.00,4.09,0.21,0.20,9.66
2016-05-11,96.50,91.70,97.15,91.70,19803,185763025.00,5.68,-4.37,-4.19,9.90
2016-05-12,89.60,92.50,93.00,85.91,20377,182705480.00,7.73,0.87,0.80,10.19
2016-05-13,91.15,89.85,94.00,88.90,16502,151191586.00,5.51,-2.86,-2.65,8.25
2016-05-16,89.80,95.60,96.00,88.55,20498,189575971.00,8.29,6.40,5.75,10.25
2016-05-17,94.50,98.19,103.00,92.40,33586,324034688.00,11.09,2.71,2.59,16.79
2016-05-18,96.11,91.00,96.45,90.00,21290,198041199.00,6.57,-7.32,-7.19,10.65
2016-05-19,91.21,92.86,96.65,91.21,22832,215150234.00,5.98,2.04,1.86,11.42
2016-05-20,91.30,97.00,97.61,89.88,27529,261797996.00,8.32,4.46,4.14,13.76
2016-05-23,97.00,99.50,101.20,97.00,25832,256639754.00,4.33,2.58,2.50,12.92
2016-05-24,98.55,97.11,98.98,95.22,21239,205424080.00,3.78,-2.40,-2.39,10.62
2016-05-25,98.52,98.47,103.80,98.35,29058,292865296.00,5.61,1.40,1.36,14.53
2016-05-26,97.00,103.50,103.62,94.00,30290,300011072.00,9.77,5.11,5.03,15.14
2016-05-27,103.00,101.20,104.89,100.45,23986,246679857.00,4.29,-2.22,-2.30,11.99
2016-05-30,99.60,99.99,103.30,97.00,18403,184997100.00,6.23,-1.20,-1.21,9.20
2016-05-31,100.60,106.78,108.50,100.55,31868,334940736.00,7.95,6.79,6.79,15.93
2016-06-01,107.48,107.69,112.88,106.39,28705,314241216.00,6.08,0.85,0.91,14.35
2016-06-02,108.10,111.43,112.00,107.30,26069,286360352.00,4.36,3.47,3.74,13.03
2016-06-03,110.00,122.57,122.57,108.83,42476,492194144.00,12.33,10.00,11.14,21.24
2016-06-06,122.60,121.73,125.77,119.00,33065,404451616.00,5.52,-0.69,-0.84,16.53
2016-06-07,121.58,126.80,128.80,121.01,34172,427590928.00,6.40,4.16,5.07,17.09
2016-06-08,124.00,115.60,124.00,115.02,45475,538853856.00,7.08,-8.83,-11.20,22.74
2016-06-13,111.69,104.04,113.85,104.04,37287,405767232.00,8.49,-10.00,-11.56,18.64
2016-06-14,102.00,105.20,106.96,100.20,23808,247004263.00,6.50,1.11,1.16,11.90
2016-06-15,103.79,111.50,112.98,103.06,25509,281804880.00,9.43,5.99,6.30,12.75
2016-06-16,110.00,111.88,115.29,109.90,24594,277366688.00,4.83,0.34,0.38,12.30
2016-06-17,113.80,115.18,117.36,111.84,22675,259546933.00,4.93,2.95,3.30,11.34
2016-06-20,114.67,117.78,121.70,112.77,28856,338470384.00,7.75,2.26,2.60,14.43
2016-06-21,117.00,111.00,119.50,109.01,32550,374736528.00,8.91,-5.76,-6.78,16.27
2016-06-22,109.90,114.09,114.99,107.39,22973,257799294.00,6.85,2.78,3.09,11.49
2016-06-23,113.10,112.00,114.42,109.52,16626,186264198.00,4.29,-1.83,-2.09,8.31
2016-06-24,111.20,123.20,123.20,111.03,43861,519244064.00,10.87,10.00,11.20,21.93
2016-06-27,126.00,133.69,135.52,124.81,50535,655946512.00,8.69,8.51,10.49,25.27
2016-06-28,132.50,131.54,132.60,128.50,35363,461832832.00,3.07,-1.61,-2.15,17.68
2016-06-29,131.00,131.51,134.80,129.00,29659,390884032.00,4.41,-0.02,-0.03,14.83
2016-06-30,125.00,121.00,127.75,119.78,35071,433583536.00,6.06,-7.99,-10.51,17.54
2016-07-01,122.70,121.50,125.50,120.50,20848,256543559.00,4.13,0.41,0.50,10.42
2016-07-04,119.50,129.80,129.88,118.58,28082,348601680.00,9.30,6.83,8.30,14.04
2016-07-05,128.50,130.09,136.00,127.50,30317,398528032.00,6.55,0.22,0.29,15.16
2016-07-06,128.09,126.71,129.80,126.21,19270,245912891.00,2.76,-2.60,-3.38,9.64
2016-07-07,125.95,128.59,133.00,125.90,17224,221957495.00,5.60,1.48,1.88,8.61
2016-07-08,128.50,126.79,129.78,125.68,14333,182414183.00,3.19,-1.40,-1.80,7.17
2016-07-11,129.00,119.10,132.98,118.50,28572,355504848.00,11.42,-6.07,-7.69,14.29
2016-07-12,119.50,122.64,122.89,113.52,22248,262926274.00,7.87,2.97,3.54,11.12
2016-07-13,121.90,121.22,123.98,120.20,13928,170246327.00,3.08,-1.16,-1.42,6.96
2016-07-14,120.44,122.39,122.60,120.40,9776,118735566.00,1.81,0.97,1.17,4.89
2016-07-15,122.39,124.20,126.87,121.80,17272,215095276.00,4.14,1.48,1.81,8.64
2016-07-18,122.77,118.40,123.33,117.70,17129,205086185.00,4.53,-4.67,-5.80,8.56
2016-07-19,118.00,119.51,120.00,117.00,7859,93331958.00,2.53,0.94,1.11,3.93
2016-07-20,119.76,120.00,122.50,119.11,9298,112493534.00,2.84,0.41,0.49,4.65
2016-07-21,120.60,117.89,121.97,117.70,10837,129677545.00,3.56,-1.76,-2.11,5.42
2016-07-22,116.93,113.48,118.80,112.78,15772,181532103.00,5.11,-3.74,-4.41,7.89
2016-07-25,112.50,111.75,114.38,109.68,11663,130639957.00,4.14,-1.52,-1.73,5.83
2016-07-26,112.02,113.99,114.48,112.02,8158,92741361.00,2.20,2.00,2.24,4.08
2016-07-27,114.01,103.45,114.50,102.60,20708,222055130.00,10.44,-9.25,-10.54,10.35
2016-07-28,103.56,103.89,105.37,97.80,16806,172287714.00,7.32,0.43,0.44,8.40
2016-07-29,103.00,102.60,104.69,101.01,8865,91363767.00,3.54,-1.24,-1.29,4.43
2016-08-01,100.40,97.50,100.87,95.00,13659,132886064.00,5.72,-4.97,-5.10,6.83
2016-08-02,97.68,99.40,100.50,97.68,9248,91955186.00,2.89,1.95,1.90,4.62
2016-08-03,99.00,102.13,103.50,98.95,11130,112820323.00,4.58,2.75,2.73,5.56
2016-08-04,103.13,102.30,104.44,101.52,9043,92818001.00,2.86,0.17,0.17,4.52
2016-08-05,102.35,100.40,102.78,100.08,6442,65303110.00,2.64,-1.86,-1.90,3.22
2016-08-08,99.50,100.89,101.29,98.00,6211,62146264.00,3.28,0.49,0.49,3.11
2016-08-09,100.93,102.63,102.88,100.93,9169,93796025.00,1.93,1.72,1.74,4.58
2016-08-10,102.50,102.60,103.39,101.72,9141,93747031.00,1.63,-0.03,-0.03,4.57
2016-08-11,102.09,99.85,102.35,98.52,9114,91289489.00,3.73,-2.68,-2.75,4.56
2016-08-12,99.50,99.98,100.50,98.58,8100,80556587.00,1.92,0.13,0.13,4.05
2016-08-15,100.02,104.27,105.85,99.01,15280,157565310.00,6.84,4.29,4.29,7.64
2016-08-16,104.00,104.29,106.50,103.51,10894,114433078.00,2.87,0.02,0.02,5.45
2016-08-17,105.00,109.01,109.99,105.00,16622,179823882.00,4.78,4.53,4.72,8.31
2016-08-18,107.00,107.10,108.65,105.51,11192,119909952.00,2.88,-1.75,-1.91,5.60
2016-08-19,107.60,105.80,107.60,104.00,7620,80536596.00,3.36,-1.21,-1.30,3.81
2016-08-22,105.31,105.35,108.00,105.00,7944,84623586.00,2.84,-0.43,-0.45,3.97
2016-08-23,105.33,104.39,105.88,102.50,7691,80107401.00,3.21,-0.91,-0.96,3.85
2016-08-24,103.96,102.18,103.96,101.63,8813,90436809.00,2.23,-2.12,-2.21,4.41
2016-08-25,101.98,102.80,103.31,100.00,6975,70792414.00,3.24,0.61,0.62,3.49
2016-08-26,102.69,101.96,104.12,101.48,6637,68423013.00,2.57,-0.82,-0.84,3.32
2016-08-29,102.00,101.40,103.25,101.02,4168,42512168.00,2.19,-0.55,-0.56,2.08
2016-08-30,101.38,101.46,101.99,100.90,3999,40555783.00,1.07,0.06,0.06,2.00
2016-08-31,101.70,101.81,101.99,100.00,6942,70120649.00,1.96,0.34,0.35,3.47
2016-09-01,101.80,101.20,103.52,101.10,7514,76922743.00,2.38,-0.60,-0.61,3.76
2016-09-02,100.25,99.37,101.00,98.60,7938,79094816.00,2.37,-1.81,-1.83,3.97
2016-09-05,99.01,99.06,100.51,99.01,4388,43762482.00,1.51,-0.31,-0.31,2.19
2016-09-06,99.18,100.72,100.73,97.50,8000,79357287.00,3.26,1.68,1.66,4.00
2016-09-07,100.71,99.30,101.08,99.22,5105,51225256.00,1.85,-1.41,-1.42,2.55
2016-09-08,99.00,98.90,99.48,98.40,4138,40937192.00,1.09,-0.40,-0.40,2.07
2016-09-09,99.00,99.00,101.33,98.48,6933,69344367.00,2.88,0.10,0.10,3.47
2016-09-12,97.00,95.96,97.80,95.50,7980,76938640.00,2.32,-3.07,-3.04,3.99
2016-09-13,96.66,96.08,97.07,95.21,4761,45816430.00,1.94,0.13,0.12,2.38
2016-09-14,95.53,92.80,96.07,92.40,8098,76283338.00,3.82,-3.41,-3.28,4.05
2016-09-19,92.87,94.38,94.78,92.87,4233,39833036.00,2.06,1.70,1.58,2.12
2016-09-20,95.10,94.50,95.12,94.10,3190,30153111.00,1.08,0.13,0.12,1.59
2016-09-21,94.50,96.79,98.00,93.68,6242,60224090.00,4.57,2.42,2.29,3.12
2016-09-22,97.98,96.08,97.98,96.00,4808,46465391.00,2.05,-0.73,-0.71,2.40
2016-09-23,96.90,95.00,96.90,94.88,3726,35700033.00,2.10,-1.12,-1.08,1.86
2016-09-26,94.08,92.30,94.98,91.70,7270,67455971.00,3.45,-2.84,-2.70,3.64
2016-09-27,92.08,93.59,94.00,92.00,3916,36301689.00,2.17,1.40,1.29,1.96
2016-09-28,93.32,92.54,93.33,92.42,2390,22161055.00,0.97,-1.12,-1.05,1.20
2016-09-29,92.30,92.50,93.98,92.30,3470,32302470.00,1.82,-0.04,-0.04,1.74
2016-09-30,92.35,92.69,92.95,92.35,2257,20904231.00,0.65,0.21,0.19,1.13
2016-10-10,93.88,98.99,100.00,93.30,13500,131077300.00,7.23,6.80,6.30,6.75
2016-10-11,99.00,98.26,99.08,98.03,5227,51461370.00,1.06,-0.74,-0.73,2.61
2016-10-12,98.25,99.20,101.30,97.55,8281,82874246.00,3.82,0.96,0.94,4.14
2016-10-13,99.23,98.40,99.66,97.91,5039,49518136.00,1.76,-0.81,-0.80,2.52
2016-10-14,98.00,98.65,99.50,97.31,4344,42623216.00,2.23,0.25,0.25,2.17
2016-10-17,98.05,97.38,98.99,96.40,4221,41214256.00,2.63,-1.29,-1.27,2.11
2016-10-18,97.31,98.78,99.00,96.75,4364,42692377.00,2.31,1.44,1.40,2.18
2016-10-19,99.00,97.83,99.30,97.57,4059,39864144.00,1.75,-0.96,-0.95,2.03
2016-10-20,98.77,100.34,101.10,98.07,10699,106886509.00,3.10,2.57,2.51,5.35
2016-10-21,100.28,99.60,100.50,98.12,6441,63908184.00,2.37,-0.74,-0.74,3.22
2016-10-24,99.72,99.31,99.98,98.60,4553,45263898.00,1.39,-0.29,-0.29,2.28
2016-10-25,99.36,100.05,101.39,99.11,7147,71701965.00,2.30,0.75,0.74,3.57
2016-10-26,100.00,98.00,100.00,97.60,5930,58371406.00,2.40,-2.05,-2.05,2.97
2016-10-27,98.00,98.08,98.65,97.65,3515,34537052.00,1.02,0.08,0.08,1.76
2016-10-28,98.29,97.56,98.63,97.16,4100,40085202.00,1.50,-0.53,-0.52,2.05
2016-10-31,97.50,96.62,97.50,95.80,3748,36159130.00,1.74,-0.96,-0.94,1.87
2016-11-01,96.62,99.28,99.96,96.50,8918,87997082.00,3.58,2.75,2.66,4.46
2016-11-02,99.23,99.38,101.10,98.10,9072,90487947.00,3.02,0.10,0.10,4.54
2016-11-03,98.96,100.49,102.00,98.81,11776,118601740.00,3.21,1.12,1.11,5.89
2016-11-04,100.32,103.10,104.88,99.72,14894,153192007.00,5.13,2.60,2.61,7.45
2016-11-07,103.50,101.48,104.10,100.80,8361,85129385.00,3.20,-1.57,-1.62,4.18
2016-11-08,101.80,101.80,102.40,100.10,6437,65166850.00,2.27,0.32,0.32,3.22
2016-11-09,101.80,101.00,102.38,98.50,8776,88595593.00,3.81,-0.79,-0.80,4.39
2016-11-10,101.71,105.22,105.80,101.71,19032,199024340.00,4.05,4.18,4.22,9.52
2016-11-11,104.90,105.55,105.85,104.19,10781,113232583.00,1.58,0.31,0.33,5.39
2016-11-14,104.59,105.17,109.48,104.26,11876,126415932.00,4.95,-0.36,-0.38,5.94
2016-11-15,105.31,108.61,109.88,104.36,12239,131209726.00,5.25,3.27,3.44,6.12
2016-11-16,108.03,110.35,112.97,107.90,17394,192713599.00,4.67,1.60,1.74,8.70
2016-11-17,109.50,110.52,113.00,109.00,11796,131184841.00,3.62,0.15,0.17,5.90
2016-11-18,110.19,113.10,115.90,110.00,14937,169312235.00,5.34,2.33,2.58,7.47
2016-11-21,113.01,113.50,113.60,110.81,12149,135889717.00,2.47,0.35,0.40,6.07
2016-11-22,112.80,110.55,113.80,110.20,11963,133453761.00,3.17,-2.60,-2.95,5.98
2016-11-23,111.76,113.70,118.00,109.60,18494,209973859.00,7.60,2.85,3.15,9.25
2016-11-24,113.00,108.66,113.60,107.90,12566,138972030.00,5.01,-4.43,-5.04,6.28
2016-11-25,108.00,109.50,109.99,105.20,9966,106958518.00,4.41,0.77,0.84,4.98
2016-11-28,109.77,110.41,113.98,109.76,12910,144828859.00,3.85,0.83,0.91,6.45
2016-11-29,109.00,112.50,113.00,107.53,11245,125173775.00,4.95,1.89,2.09,5.62
2016-11-30,112.01,112.70,115.35,112.00,14331,163052723.00,2.98,0.18,0.20,7.17
2016-12-01,114.63,113.20,115.32,112.00,8977,101971192.00,2.95,0.44,0.50,4.49
2016-12-02,112.22,109.00,112.90,107.02,11167,122979129.00,5.19,-3.71,-4.20,5.58
2016-12-05,107.00,106.80,110.90,105.81,6037,65099436.00,4.67,-2.02,-2.20,3.02
2016-12-06,106.08,102.46,106.88,102.00,11315,117246421.00,4.57,-4.06,-4.34,5.66
2016-12-07,103.01,103.23,104.48,102.00,5619,58065708.00,2.42,0.75,0.77,2.81
2016-12-08,103.26,103.71,104.69,102.02,6232,64832660.00,2.59,0.46,0.48,3.12
2016-12-09,103.71,106.83,108.33,100.02,9729,101856006.00,8.01,3.01,3.12,4.86
2016-12-12,106.75,99.87,107.68,99.87,8482,87976538.00,7.31,-6.52,-6.96,4.24
2016-12-13,99.90,97.97,100.00,96.26,6285,61639791.00,3.74,-1.90,-1.90,3.14
2016-12-14,98.00,94.98,98.78,94.64,4842,46771727.00,4.23,-3.05,-2.99,2.42
2016-12-15,94.00,94.45,97.24,92.98,7799,73998936.00,4.49,-0.56,-0.53,3.90
2016-12-16,94.20,95.50,95.50,94.10,3378,32060256.00,1.48,1.11,1.05,1.69
2016-12-19,95.29,94.16,95.49,93.09,4383,41162649.00,2.51,-1.40,-1.34,2.19
2016-12-20,93.50,94.38,94.38,92.60,3897,36434665.00,1.89,0.23,0.22,1.95
2016-12-21,94.65,95.13,95.16,94.22,2820,26692556.00,1.00,0.79,0.75,1.41
2016-12-22,95.13,93.95,95.23,93.68,2598,24425038.00,1.63,-1.24,-1.18,1.30
2016-12-23,93.39,92.01,93.93,92.01,4215,39035149.00,2.04,-2.06,-1.94,2.11
2016-12-26,90.20,89.70,91.80,85.20,5673,50068405.00,7.17,-2.51,-2.31,2.84
2016-12-27,89.99,87.93,89.99,87.89,4041,35716604.00,2.34,-1.97,-1.77,2.02
2016-12-28,87.78,87.28,88.85,87.05,3352,29441630.00,2.05,-0.74,-0.65,1.68
2016-12-29,87.27,86.88,87.95,86.27,2977,25945436.00,1.92,-0.46,-0.40,1.49
2016-12-30,86.88,90.20,92.88,86.50,7178,64546905.00,7.34,3.82,3.32,3.59
2017-01-03,90.20,91.67,92.00,89.80,5929,54059906.00,2.44,1.63,1.47,2.47
2017-01-04,91.57,91.75,91.95,89.00,3229,29412025.00,3.22,0.09,0.08,1.34
2017-01-05,91.60,90.99,91.60,90.51,1737,15796560.00,1.19,-0.83,-0.76,0.72
2017-01-06,90.99,89.40,91.37,89.10,1684,15185864.00,2.49,-1.75,-1.59,0.70
2017-01-09,88.90,88.19,89.00,87.02,3278,28840679.00,2.21,-1.35,-1.21,1.36
2017-01-10,88.30,88.00,88.58,87.58,2627,23143977.00,1.13,-0.22,-0.19,1.09
2017-01-11,87.99,85.25,88.76,84.50,4009,34727989.00,4.84,-3.13,-2.75,1.67
2017-01-12,84.65,83.52,86.00,83.33,4252,35993242.00,3.13,-2.03,-1.73,1.77
2017-01-13,83.53,76.50,84.00,75.55,10903,86110990.00,10.12,-8.41,-7.02,4.54
2017-01-16,76.07,75.35,78.20,72.07,9559,73108190.00,8.01,-1.50,-1.15,3.98
2017-01-17,75.20,77.59,78.00,73.80,7115,54044202.00,5.57,2.97,2.24,2.96
2017-01-18,77.00,75.91,77.49,75.70,3073,23470480.00,2.31,-2.17,-1.68,1.28
2017-01-19,75.02,74.16,76.87,73.03,4554,34044709.00,5.06,-2.31,-1.75,1.90
2017-01-20,74.00,76.78,78.77,73.58,5764,44377326.00,7.00,3.53,2.62,2.40
2017-01-23,76.78,80.72,82.94,76.78,10377,83979751.00,8.02,5.13,3.94,4.32
2017-01-24,80.60,80.16,80.85,78.13,4223,33471579.00,3.37,-0.69,-0.56,1.76
2017-01-25,79.70,80.22,80.76,79.18,3382,27122526.00,1.97,0.07,0.06,1.41
2017-01-26,80.48,80.90,81.08,80.25,2012,16236075.00,1.03,0.85,0.68,0.84
2017-02-03,81.00,79.80,81.39,78.86,1911,15284528.00,3.13,-1.36,-1.10,0.80
2017-02-06,79.79,80.50,80.73,79.59,2794,22389521.00,1.43,0.88,0.70,1.16
2017-02-07,80.44,80.60,81.77,80.06,3888,31495932.00,2.12,0.12,0.10,1.62
2017-02-08,80.78,80.88,81.00,79.37,3551,28485269.00,2.02,0.35,0.28,1.48
2017-02-09,80.77,82.82,83.00,80.18,5707,46540737.00,3.49,2.40,1.94,2.38
2017-02-10,83.00,79.86,83.01,79.81,5843,47245445.00,3.86,-3.57,-2.96,2.43
2017-02-13,79.95,81.01,81.32,79.02,5813,46572190.00,2.88,1.44,1.15,2.42
2017-02-14,81.01,80.23,81.08,79.98,2566,20638683.00,1.36,-0.96,-0.78,1.07
2017-02-15,80.50,79.97,80.79,79.45,4129,33134344.00,1.67,-0.32,-0.26,1.72
2017-02-16,79.42,80.10,80.57,79.42,2107,16856661.00,1.44,0.16,0.13,0.88
2017-02-17,79.80,78.30,80.27,77.51,3800,29891427.00,3.45,-2.25,-1.80,1.58
2017-02-20,77.70,78.30,79.30,77.52,4417,34618007.00,2.27,0.00,0.00,1.84
2017-02-21,78.30,79.80,80.50,78.30,3336,26515200.00,2.81,1.92,1.50,1.39
2017-02-22,79.75,79.76,80.00,78.78,2807,22325511.00,1.53,-0.05,-0.04,1.17
2017-02-23,79.99,80.90,81.60,79.60,4297,34730190.00,2.51,1.43,1.14,1.79
2017-02-24,80.91,82.06,82.59,80.08,4479,36630338.00,3.10,1.43,1.16,1.86
2017-02-27,82.22,80.78,82.37,80.72,2965,24105367.00,2.01,-1.56,-1.28,1.23
2017-02-28,80.78,81.48,81.68,80.32,2955,23982264.00,1.68,0.87,0.70,1.23
2017-03-01,80.66,81.36,82.28,80.66,4733,38576746.00,1.99,-0.15,-0.12,1.97
2017-03-02,81.45,81.10,81.78,80.66,2950,23979641.00,1.38,-0.32,-0.26,1.23
2017-03-03,80.83,81.75,82.00,80.25,3101,25219220.00,2.16,0.80,0.65,1.29
2017-03-06,81.90,83.66,84.70,81.90,4736,39556825.00,3.43,2.34,1.91,1.97
2017-03-07,83.38,85.38,85.46,83.00,5280,44388050.00,2.94,2.06,1.72,2.20
2017-03-08,84.99,83.62,85.19,83.32,3849,32380579.00,2.19,-2.06,-1.76,1.60
2017-03-09,83.62,82.06,84.37,82.06,3047,25204793.00,2.76,-1.87,-1.56,1.27
2017-03-10,82.15,87.36,88.28,82.15,8912,76393184.00,7.47,6.46,5.30,3.71
2017-03-13,87.43,87.96,89.95,86.22,13585,119153507.00,4.27,0.69,0.60,5.66
2017-03-14,88.17,88.08,91.10,87.60,10164,90832475.00,3.98,0.14,0.12,4.23
2017-03-15,87.62,86.75,88.00,86.65,5432,47331695.00,1.53,-1.51,-1.33,2.26
2017-03-16,86.72,87.33,87.73,86.72,5856,51121288.00,1.16,0.67,0.58,2.44
2017-03-17,87.47,84.70,88.50,84.70,6576,57024505.00,4.35,-3.01,-2.63,2.74
2017-03-20,84.70,86.40,86.95,84.10,6568,56180444.00,3.36,2.01,1.70,2.73
2017-03-21,90.00,95.04,95.04,89.15,19409,180586621.00,6.82,10.00,8.64,8.08
2017-03-22,94.00,91.80,94.00,89.10,26672,243046173.00,5.16,-3.41,-3.24,11.10
2017-03-23,91.26,91.10,91.97,89.20,14287,129672193.00,3.02,-0.76,-0.70,5.95
2017-03-24,91.51,92.26,93.80,90.75,12070,111242838.00,3.35,1.27,1.16,5.03
2017-03-27,91.00,88.48,92.00,86.68,11268,100755265.00,5.77,-4.10,-3.78,4.69
2017-03-28,88.56,86.70,88.90,86.00,9549,83315409.00,3.28,-2.01,-1.78,3.98
2017-03-29,86.70,86.60,87.70,84.77,8250,70923078.00,3.38,-0.12,-0.10,3.43
2017-03-30,86.00,81.50,86.00,81.50,11205,93302107.00,5.20,-5.89,-5.10,4.66
2017-03-31,80.02,78.55,81.88,78.00,10391,82655855.00,4.76,-3.62,-2.95,4.33
2017-04-05,78.69,80.95,81.72,78.69,8153,65763851.00,3.86,3.06,2.40,3.39
2017-04-06,80.96,80.90,81.77,79.10,6873,55680475.00,3.30,-0.06,-0.05,2.86
2017-04-07,81.00,79.50,81.00,79.50,5221,41758367.00,1.85,-1.73,-1.40,2.17
2017-04-10,79.50,80.20,82.69,77.52,9206,73103907.00,6.50,0.88,0.70,3.83
2017-04-11,79.51,80.40,80.68,77.66,7239,57506855.00,3.77,0.25,0.20,3.01
2017-04-12,80.65,78.70,80.67,78.70,4684,37195894.00,2.45,-2.11,-1.70,1.95
2017-04-13,78.50,77.81,79.50,77.55,7420,58011526.00,2.48,-1.13,-0.89,3.09
2017-04-14,77.80,77.88,78.50,75.50,6382,49147958.00,3.86,0.09,0.07,2.66
2017-04-17,77.00,77.14,77.58,75.60,3937,30124645.00,2.54,-0.95,-0.74,1.64
2017-04-18,77.39,70.40,77.49,69.44,12838,93937187.00,10.44,-8.74,-6.74,5.34
2017-04-19,70.28,71.87,72.48,66.88,8246,57209321.00,7.95,2.09,1.47,3.43
2017-04-20,71.76,70.28,72.40,69.80,5299,37510192.00,3.62,-2.21,-1.59,2.21
2017-04-21,70.10,70.80,71.58,69.68,3422,24092572.00,2.70,0.74,0.52,1.42
2017-04-24,70.01,68.86,70.30,67.66,3256,22414281.00,3.73,-2.74,-1.94,1.36
2017-04-25,68.86,69.10,70.17,68.56,2651,18382401.00,2.34,0.35,0.24,1.10
2017-04-26,69.80,71.20,71.46,68.70,4070,28754141.00,3.99,3.04,2.10,1.69
2017-04-27,71.00,73.75,77.99,70.11,6549,48476147.00,11.07,3.58,2.55,2.73
2017-04-28,73.02,72.77,74.78,72.20,3499,25535139.00,3.50,-1.33,-0.98,1.46
2017-05-02,72.88,72.20,73.90,72.05,1647,11952822.00,2.54,-0.78,-0.57,0.69
2017-05-03,72.50,70.97,73.23,70.88,3999,28559983.00,3.25,-1.70,-1.23,1.66
2017-05-04,70.42,70.98,71.00,69.82,10018,70461453.00,1.66,0.01,0.01,4.17
2017-05-05,70.75,69.90,71.38,69.90,3648,25817668.00,2.09,-1.52,-1.08,1.52
2017-05-08,69.90,69.35,70.60,69.13,2754,19190927.00,2.10,-0.79,-0.55,1.15
2017-05-09,69.26,69.60,70.05,69.05,2718,18918194.00,1.44,0.36,0.25,1.13
2017-05-10,70.07,68.50,71.02,68.50,3211,22558105.00,3.62,-1.58,-1.10,1.34
2017-05-11,68.50,70.52,70.63,67.00,5055,35169520.00,5.30,2.95,2.02,2.10
2017-05-12,70.03,70.53,71.55,70.03,2388,16898448.00,2.16,0.01,0.01,0.99
2017-05-15,71.40,70.59,72.00,70.49,1782,12714995.00,2.14,0.09,0.06,0.74
2017-05-16,70.31,71.90,72.20,69.00,3460,24508429.00,4.53,1.86,1.31,1.44
2017-05-17,72.00,71.65,72.80,71.30,3038,21939732.00,2.09,-0.35,-0.25,1.26
2017-05-18,71.00,71.09,71.89,70.52,1563,11152187.00,1.91,-0.78,-0.56,0.65
2017-05-19,71.03,69.95,71.38,69.71,1902,13388543.00,2.35,-1.60,-1.14,0.79
2017-05-22,70.18,70.00,70.78,69.31,2022,14144611.00,2.10,0.07,0.05,0.84
2017-05-23,69.07,69.21,69.94,67.83,4515,31160781.00,3.01,-1.13,-0.79,1.88
2017-05-24,68.88,68.37,69.00,67.08,1650,11264487.00,2.77,-1.21,-0.84,0.69
2017-05-25,68.60,67.31,68.60,66.50,5695,38385360.00,3.07,-1.55,-1.06,2.37
2017-05-26,67.35,67.54,68.99,67.33,3364,22879225.00,2.47,0.34,0.23,1.40
2017-05-31,68.70,68.40,70.90,67.60,5806,40118646.00,4.89,1.27,0.86,2.42
2017-06-01,68.49,66.01,70.65,66.01,4106,27933276.00,6.78,-3.49,-2.39,1.71
2017-06-02,66.00,68.01,68.38,65.03,5742,38122834.00,5.07,3.03,2.00,2.39
2017-06-05,69.97,68.63,72.90,68.03,2482,17246498.00,7.16,0.91,0.62,1.03
2017-06-06,69.98,70.37,70.50,68.29,3327,23164856.00,3.22,2.54,1.74,1.38
2017-06-07,70.38,71.90,72.00,69.70,3877,27644008.00,3.27,2.17,1.53,1.61
2017-06-08,72.02,71.00,75.40,70.23,4058,29081116.00,7.19,-1.25,-0.90,1.69
2017-06-09,71.00,70.00,71.00,69.10,2966,20741944.00,2.68,-1.41,-1.00,1.23
2017-06-12,72.00,70.19,72.00,69.66,2959,21024317.00,3.34,0.27,0.19,1.23
2017-06-13,69.39,70.55,70.70,68.24,2655,18539788.00,3.50,0.51,0.36,1.11
2017-06-14,72.99,70.81,72.99,70.20,3140,22339554.00,3.95,0.37,0.26,1.31
2017-06-15,70.20,71.42,72.00,70.00,3299,23540238.00,2.82,0.86,0.61,1.37
2017-06-16,70.90,69.45,71.17,69.35,2523,17620686.00,2.55,-2.76,-1.97,1.05
2017-06-19,69.35,69.35,69.89,69.00,1356,9412569.00,1.28,-0.14,-0.10,0.56
2017-06-20,69.20,69.05,70.05,69.01,2613,18125220.00,1.50,-0.43,-0.30,1.09
2017-06-21,69.20,69.45,69.68,69.05,1849,12816135.00,0.91,0.58,0.40,0.77
2017-06-22,72.45,69.11,72.45,69.00,3596,25399847.00,4.97,-0.49,-0.34,1.50
2017-06-23,69.03,68.11,69.60,67.20,2711,18531443.00,3.47,-1.45,-1.00,1.13
2017-06-26,68.03,68.79,69.00,68.00,1852,12691516.00,1.47,1.00,0.68,0.77
2017-06-27,68.66,68.49,69.13,68.10,1571,10768665.00,1.50,-0.44,-0.30,0.65
2017-06-28,69.00,70.20,70.80,69.00,4778,33485399.00,2.63,2.50,1.71,1.99
2017-06-29,70.01,69.57,70.35,69.18,2087,14543115.00,1.67,-0.90,-0.63,0.87
2017-06-30,69.56,69.60,69.98,68.93,1293,8982819.00,1.51,0.04,0.03,0.54
2017-07-03,69.61,70.04,70.15,69.17,2270,15866316.00,1.41,0.63,0.44,0.76
2017-07-04,70.04,70.10,70.19,69.60,1482,10362908.00,0.84,0.09,0.06,0.49
2017-07-05,69.83,70.10,70.20,69.80,1781,12470953.00,0.57,0.00,0.00,0.59
2017-07-06,70.10,70.10,70.31,69.85,2223,15577399.00,0.66,0.00,0.00,0.74
2017-07-07,70.26,71.01,72.58,69.92,3683,26293329.00,3.79,1.30,0.91,1.23
2017-07-10,70.89,70.11,70.89,69.72,2201,15442724.00,1.65,-1.27,-0.90,0.73
2017-07-11,69.80,69.73,70.34,69.70,1553,10858046.00,0.91,-0.54,-0.38,0.52
2017-07-12,69.25,69.00,70.20,68.75,1877,13008041.00,2.08,-1.05,-0.73,0.63
2017-07-13,68.75,68.92,69.28,68.29,1262,8710023.00,1.43,-0.12,-0.08,0.42
2017-07-14,68.59,69.18,69.36,68.59,976,6734918.00,1.12,0.38,0.26,0.32
2017-07-17,69.18,65.65,69.18,65.20,3003,19949721.00,5.75,-5.10,-3.53,1.00
2017-07-18,65.65,66.45,66.99,65.05,1288,8500106.00,2.96,1.22,0.80,0.43
2017-07-19,66.46,66.50,66.58,65.69,1875,12374405.00,1.34,0.08,0.05,0.62
2017-07-20,66.13,66.37,67.69,66.13,1974,13209061.00,2.35,-0.20,-0.13,0.66
2017-07-21,66.21,66.31,67.48,66.20,1239,8248519.00,1.93,-0.09,-0.06,0.41
2017-07-24,66.31,66.00,66.31,65.50,1279,8413833.00,1.22,-0.47,-0.31,0.43
2017-07-25,66.02,65.50,66.02,65.06,875,5728070.00,1.45,-0.76,-0.50,0.29
2017-07-26,65.53,65.31,66.10,65.00,1161,7577909.00,1.68,-0.29,-0.19,0.39
2017-07-27,65.30,67.02,67.41,65.22,2205,14664122.00,3.35,2.62,1.71,0.73
2017-07-28,67.02,66.23,67.66,66.23,1891,12637925.00,2.13,-1.18,-0.79,0.63
2017-07-31,66.60,66.56,67.20,66.19,995,6617728.00,1.52,0.50,0.33,0.33
2017-08-01,67.68,66.89,67.68,66.32,1620,10800525.00,2.04,0.50,0.33,0.54
2017-08-02,66.82,65.51,66.84,65.33,1908,12577586.00,2.26,-2.06,-1.38,0.64
2017-08-03,65.41,65.60,66.50,65.30,1294,8537928.00,1.83,0.14,0.09,0.43
2017-08-04,65.70,64.90,65.90,64.90,1717,11201785.00,1.52,-1.07,-0.70,0.57
2017-08-07,65.28,64.54,65.69,64.02,1160,7550977.00,2.57,-0.55,-0.36,0.39
2017-08-08,64.55,64.35,64.97,63.10,2109,13489765.00,2.90,-0.29,-0.19,0.70
2017-08-09,64.37,64.42,64.68,64.00,1273,8187912.00,1.06,0.11,0.07,0.42
2017-08-10,64.42,63.45,65.00,63.19,1780,11350563.00,2.81,-1.51,-0.97,0.59
2017-08-11,63.00,63.29,63.63,62.53,1434,9048900.00,1.73,-0.25,-0.16,0.48
2017-08-14,63.36,64.51,64.65,63.04,1635,10487488.00,2.54,1.93,1.22,0.54
2017-08-15,64.53,64.82,64.93,64.51,1385,8970066.00,0.65,0.48,0.31,0.46
2017-08-16,64.82,66.09,66.48,64.51,2629,17313392.00,3.04,1.96,1.27,0.88
2017-08-17,72.70,72.70,72.70,72.30,11376,82691797.00,0.61,10.00,6.61,3.79
2017-08-18,71.59,69.00,72.99,69.00,13668,97438489.00,5.49,-5.09,-3.70,4.55
2017-08-21,69.94,68.89,70.15,68.10,8236,56609218.00,2.97,-0.16,-0.11,2.74
2017-08-22,68.51,68.36,69.16,68.35,4126,28307499.00,1.18,-0.77,-0.53,1.37
2017-08-23,68.50,68.55,69.85,68.13,6489,44811135.00,2.52,0.28,0.19,2.16
2017-08-24,69.50,66.66,69.58,66.49,9244,62860001.00,4.51,-2.76,-1.89,3.08
2017-08-25,66.13,67.39,67.57,66.13,5558,37158658.00,2.16,1.10,0.73,1.85
2017-08-28,67.39,74.13,74.13,67.20,21884,159554482.00,10.28,10.00,6.74,7.29
2017-08-29,74.32,74.42,75.30,72.46,22657,167941154.00,3.83,0.39,0.29,7.55
2017-08-30,73.71,72.87,75.00,72.11,11400,83742445.00,3.88,-2.08,-1.55,3.80
2017-08-31,72.87,76.45,78.10,72.87,16443,124833378.00,7.18,4.91,3.58,5.48
2017-09-01,76.01,76.06,76.87,74.80,9313,70490393.00,2.71,-0.51,-0.39,3.10
2017-09-04,75.63,75.00,76.60,74.20,8873,66996098.00,3.16,-1.39,-1.06,2.96
2017-09-05,75.00,77.06,79.00,73.87,13247,100997763.00,6.84,2.75,2.06,4.41
2017-09-06,76.31,80.44,81.01,76.00,14577,115674200.00,6.50,4.39,3.38,4.86
2017-09-07,80.08,79.78,84.15,78.63,14641,119278715.00,6.86,-0.82,-0.66,4.88
2017-09-08,79.50,81.38,82.37,79.00,10069,81189999.00,4.22,2.01,1.60,3.35
2017-09-11,81.77,87.17,87.99,81.77,16342,139257711.00,7.64,7.11,5.79,5.44
2017-09-12,85.12,82.50,85.74,82.30,14750,123430242.00,3.95,-5.36,-4.67,4.91
2017-09-13,82.42,82.06,83.75,80.20,9107,74267508.00,4.30,-0.53,-0.44,3.03
2017-09-14,82.10,82.52,83.58,81.50,6754,55779408.00,2.53,0.56,0.46,2.25
2017-09-15,82.80,78.70,83.81,78.20,13601,109333676.00,6.80,-4.63,-3.82,4.53
2017-09-18,78.39,79.30,80.36,78.00,8281,65527576.00,3.00,0.76,0.60,2.76
2017-09-19,78.96,78.55,79.79,77.81,6332,49765928.00,2.50,-0.95,-0.75,2.11
2017-09-20,78.56,79.00,79.50,77.80,7517,59025433.00,2.16,0.57,0.45,2.50
2017-09-21,39.50,39.04,41.36,39.02,18941,75903965.00,2.96,-50.58,-39.96,3.15
2017-09-22,39.05,37.50,39.05,36.00,23832,88637550.00,7.81,-3.94,-1.54,3.97
2017-09-25,36.79,37.01,37.97,36.70,16440,61113834.00,3.39,-1.31,-0.49,2.74
2017-09-26,36.67,37.90,38.36,35.89,17705,65846166.00,6.67,2.40,0.89,2.95
2017-09-27,37.85,37.68,38.18,37.22,9603,36121303.00,2.53,-0.58,-0.22,1.60
2017-09-28,37.40,36.99,37.82,36.41,10731,39732207.00,3.74,-1.83,-0.69,1.79
2017-09-29,36.96,36.79,37.16,36.11,8122,29774073.00,2.84,-0.54,-0.20,1.35
2017-10-09,37.30,37.56,37.73,36.68,8218,30712478.00,2.85,2.09,0.77,1.37
2017-10-10,38.40,37.84,38.40,37.16,22444,84728639.00,3.30,0.75,0.28,3.74
2017-10-11,37.58,37.82,38.43,37.50,13711,52091957.00,2.46,-0.05,-0.02,2.28
2017-10-12,37.82,37.80,38.28,37.03,10810,40828513.00,3.31,-0.05,-0.02,1.80
2017-10-13,37.71,39.98,40.67,37.30,32166,126742338.00,8.92,5.77,2.18,5.36
2017-10-16,39.78,37.82,39.78,37.80,20724,80352430.00,4.95,-5.40,-2.16,3.45
2017-10-17,37.82,38.33,38.95,37.50,12652,48529857.00,3.83,1.35,0.51,2.11
2017-10-18,37.80,37.00,38.37,36.80,12805,48042427.00,4.10,-3.47,-1.33,2.13
2017-10-19,36.97,38.03,38.18,36.81,10818,40503054.00,3.70,2.78,1.03,1.80
2017-10-20,37.90,38.02,38.33,37.62,5313,20119977.00,1.87,-0.03,-0.01,0.88
2017-10-23,38.02,38.88,39.39,37.82,9047,35070522.00,4.13,2.26,0.86,1.51
2017-10-24,38.82,38.25,38.83,38.00,5900,22607964.00,2.13,-1.62,-0.63,0.98
2017-10-25,38.54,38.12,38.75,38.06,4945,18926837.00,1.80,-0.34,-0.13,0.82
2017-10-26,38.11,38.12,38.32,37.20,9886,37273230.00,2.94,0.00,0.00,1.65
2017-10-27,37.89,38.53,38.92,37.60,11087,42603251.00,3.46,1.08,0.41,1.85
2017-10-30,38.00,38.95,38.95,37.00,11161,42282221.00,5.06,1.09,0.42,1.86
2017-10-31,38.59,40.01,40.30,38.49,26605,106054208.00,4.65,2.72,1.06,4.43
2017-11-01,39.71,40.18,40.27,39.15,14659,58261060.00,2.80,0.42,0.17,2.44
2017-11-02,40.17,40.08,40.50,39.60,13261,52985868.00,2.24,-0.25,-0.10,2.21
2017-11-03,39.98,38.85,40.00,37.40,19733,76047274.00,6.49,-3.07,-1.23,3.29
2017-11-06,38.18,38.50,38.83,37.71,6530,25014865.00,2.88,-0.90,-0.35,1.09
2017-11-07,38.17,37.95,38.87,37.91,7307,27831638.00,2.49,-1.43,-0.55,1.22
2017-11-08,37.93,39.14,39.29,37.71,12287,47712604.00,4.16,3.14,1.19,2.05
2017-11-09,39.00,39.00,39.50,38.70,7656,29889852.00,2.04,-0.36,-0.14,1.28
2017-11-10,38.85,38.32,39.00,38.05,9772,37576452.00,2.44,-1.74,-0.68,1.63
2017-11-13,38.19,40.21,40.37,38.00,15743,61722422.00,6.18,4.93,1.89,2.62
2017-11-14,40.29,40.94,41.09,39.44,30894,125243358.00,4.10,1.82,0.73,5.15
2017-11-15,40.61,39.51,40.90,39.50,13188,52741722.00,3.42,-3.49,-1.43,2.20
2017-11-16,39.51,39.02,40.55,39.00,9449,37561663.00,3.92,-1.24,-0.49,1.57
2017-11-17,39.05,39.48,39.75,38.20,14443,56255157.00,3.97,1.18,0.46,2.41
2017-11-20,39.48,41.14,41.15,38.55,17756,71453783.00,6.59,4.20,1.66,2.96
2017-11-21,41.15,40.60,42.02,40.10,22570,92477897.00,4.67,-1.31,-0.54,3.76
2017-11-22,40.44,43.28,43.59,40.20,38340,162195702.00,8.35,6.60,2.68,6.39
2017-11-23,42.50,41.55,43.15,41.50,22184,93824325.00,3.81,-4.00,-1.73,3.70
2017-11-24,41.50,42.05,43.91,41.13,23514,100464591.00,6.69,1.20,0.50,3.92
2017-11-27,42.27,39.45,42.67,39.20,20804,84290220.00,8.25,-6.18,-2.60,3.47
2017-11-28,38.88,37.30,39.36,35.89,29144,108563210.00,8.80,-5.45,-2.15,4.85
2017-11-29,36.99,35.59,37.29,35.50,22260,80139192.00,4.80,-4.58,-1.71,3.71
2017-11-30,35.50,35.37,35.52,34.97,10071,35449558.00,1.55,-0.62,-0.22,1.68
2017-12-01,34.83,35.19,35.88,34.81,8612,30398979.00,3.03,-0.51,-0.18,1.43
2017-12-04,35.10,35.00,35.55,34.57,7518,26331389.00,2.78,-0.54,-0.19,1.25
2017-12-05,34.84,32.25,35.34,31.77,15376,50832977.00,10.20,-7.86,-2.75,2.56
2017-12-06,32.32,33.00,33.45,32.00,10622,34668480.00,4.50,2.33,0.75,1.77
2017-12-07,33.22,33.18,33.65,32.90,5496,18324354.00,2.27,0.55,0.18,0.92
2017-12-08,33.10,33.43,34.00,32.88,4528,15206174.00,3.38,0.75,0.25,0.75
2017-12-11,34.11,33.54,35.30,33.41,10874,37218470.00,5.65,0.33,0.11,1.81
2017-12-12,33.66,33.22,33.97,33.20,6335,21157078.00,2.30,-0.95,-0.32,1.06
2017-12-13,32.97,33.00,33.25,32.67,5006,16515022.00,1.75,-0.66,-0.22,0.83
2017-12-14,33.00,33.08,33.88,33.00,5130,17103149.00,2.67,0.24,0.08,0.85
2017-12-15,33.00,33.11,33.29,32.90,3296,10891335.00,1.18,0.09,0.03,0.55
2017-12-18,33.50,34.00,34.95,33.42,9509,32496562.00,4.62,2.69,0.89,1.58
2017-12-19,33.89,33.99,34.33,33.55,5235,17770931.00,2.29,-0.03,-0.01,0.87
2017-12-20,34.00,33.10,34.29,32.80,6409,21425548.00,4.38,-2.62,-0.89,1.07
2017-12-21,33.01,32.96,33.25,32.38,3701,12154929.00,2.63,-0.42,-0.14,0.62
2017-12-22,32.98,33.75,34.20,32.87,8305,28004693.00,4.04,2.40,0.79,1.38
2017-12-25,33.75,33.78,34.41,33.50,6286,21318582.00,2.70,0.09,0.03,1.05
2017-12-26,33.80,34.20,34.35,33.70,4989,16974684.00,1.92,1.24,0.42,0.83
2017-12-27,34.19,34.20,34.55,33.78,7083,24178097.00,2.25,0.00,0.00,1.18
2017-12-28,34.50,33.79,34.50,33.79,7293,24777284.00,2.08,-1.20,-0.41,1.21
2017-12-29,34.08,33.88,34.77,33.76,4722,16094016.00,2.99,0.27,0.09,0.79
2018-01-02,34.09,34.49,34.58,33.82,6078,20849568.00,2.24,1.80,0.61,1.01
2018-01-03,34.10,34.30,34.69,34.10,5809,19936409.00,1.71,-0.55,-0.19,0.97
2018-01-04,34.15,34.50,34.77,34.15,4368,15071608.00,1.81,0.58,0.20,0.73
2018-01-05,34.37,34.48,34.64,34.36,3294,11365707.00,0.81,-0.06,-0.02,0.55
2018-01-08,34.46,33.38,34.59,33.32,5657,18997451.00,3.68,-3.19,-1.10,0.94
2018-01-09,33.39,33.40,33.64,33.01,5314,17646339.00,1.89,0.06,0.02,0.89
2018-01-10,33.51,34.06,34.46,33.28,6318,21498931.00,3.53,1.98,0.66,1.05
2018-01-11,33.84,34.14,34.44,33.20,5771,19614283.00,3.64,0.23,0.08,0.96
2018-01-12,33.84,33.44,34.14,33.30,5333,17962656.00,2.46,-2.05,-0.70,0.89
2018-01-15,33.45,31.80,33.67,31.69,9523,30924162.00,5.92,-4.90,-1.64,1.59
2018-01-16,31.84,31.55,32.20,31.00,3886,12358723.00,3.77,-0.79,-0.25,0.65
2018-01-17,31.55,31.91,32.00,31.10,3188,10058343.00,2.85,1.14,0.36,0.53
2018-01-18,31.91,31.31,32.03,31.30,3158,9984236.00,2.29,-1.88,-0.60,0.53
2018-01-19,31.44,31.36,31.60,31.30,3315,10418571.00,0.96,0.16,0.05,0.55
2018-01-22,31.29,31.20,31.29,29.55,6310,19270261.00,5.55,-0.51,-0.16,1.05
2018-01-23,31.03,31.10,31.44,30.70,2322,7214776.00,2.37,-0.32,-0.10,0.39
2018-01-24,31.11,32.33,32.77,31.03,6232,19972907.00,5.59,3.95,1.23,1.04
2018-01-25,32.00,32.17,32.63,31.74,3834,12364562.00,2.75,-0.49,-0.16,0.64
2018-01-26,32.40,31.90,32.50,31.87,2575,8246194.00,1.96,-0.84,-0.27,0.43
2018-01-29,32.10,31.28,32.10,31.10,4402,13795830.00,3.13,-1.94,-0.62,0.73
2018-01-30,31.14,31.15,31.70,31.14,2846,8921649.00,1.79,-0.42,-0.13,0.47
2018-01-31,30.93,30.50,31.36,30.11,3252,9981893.00,4.01,-2.09,-0.65,0.54
2018-02-01,30.90,27.45,31.40,27.45,13861,39242126.00,12.95,-10.00,-3.05,2.31
2018-02-02,27.18,28.08,28.28,26.11,8973,24307420.00,7.91,2.30,0.63,1.49
2018-02-05,27.88,28.68,29.56,27.06,4961,14255430.00,8.90,2.14,0.60,0.83
2018-02-06,28.95,28.55,28.95,27.01,5998,16803459.00,6.76,-0.45,-0.13,1.00
2018-02-07,28.75,29.00,29.55,28.00,6413,18476256.00,5.43,1.58,0.45,1.07
2018-02-08,29.00,28.95,29.43,28.65,1958,5678883.00,2.69,-0.17,-0.05,0.33
2018-02-09,29.30,29.41,30.00,28.01,6960,20436427.00,6.87,1.59,0.46,1.16
2018-02-12,29.31,30.02,30.34,29.31,6112,18307751.00,3.50,2.07,0.61,1.02
2018-02-13,30.19,30.32,30.35,29.79,5045,15178612.00,1.87,1.00,0.30,0.84
2018-02-14,30.11,31.08,31.11,30.11,3455,10692124.00,3.30,2.51,0.76,0.58
2018-02-22,30.74,31.65,32.25,30.74,3403,10837133.00,4.86,1.83,0.57,0.57
2018-02-23,32.06,31.02,32.06,30.80,2994,9332118.00,3.98,-1.99,-0.63,0.50
2018-02-26,31.02,31.11,31.55,30.70,4646,14431119.00,2.74,0.29,0.09,0.77
2018-02-27,31.11,31.09,31.30,30.72,2948,9157503.00,1.86,-0.06,-0.02,0.49
2018-02-28,30.80,31.23,31.53,30.57,2893,9043091.00,3.09,0.45,0.14,0.48
2018-03-01,32.10,33.99,34.35,31.70,17847,60011707.00,8.49,8.84,2.76,2.97
2018-03-02,33.23,33.22,33.83,33.00,9768,32631594.00,2.44,-2.27,-0.77,1.63
2018-03-05,33.22,33.60,33.68,32.56,6165,20508184.00,3.37,1.14,0.38,1.03
2018-03-06,33.80,33.50,33.80,33.44,3923,13163892.00,1.07,-0.30,-0.10,0.65
2018-03-07,33.45,32.64,33.45,32.56,4750,15606445.00,2.66,-2.57,-0.86,0.79
2018-03-08,32.62,32.57,32.90,32.43,3287,10724793.00,1.44,-0.21,-0.07,0.55
2018-03-09,32.31,33.51,34.00,32.31,6605,21961997.00,5.19,2.89,0.94,1.10
2018-03-12,34.05,34.19,34.32,33.64,8369,28544865.00,2.03,2.03,0.68,1.39
2018-03-13,34.00,33.48,34.19,33.00,5547,18609453.00,3.48,-2.08,-0.71,0.92
2018-03-14,33.28,32.85,33.44,32.82,3980,13140428.00,1.85,-1.88,-0.63,0.66
2018-03-15,32.55,32.54,33.09,32.10,4541,14765480.00,3.01,-0.94,-0.31,0.76
2018-03-16,32.54,32.30,32.94,32.18,2070,6726634.00,2.34,-0.74,-0.24,0.34
2018-03-19,32.31,32.74,32.95,32.06,3229,10540327.00,2.76,1.36,0.44,0.54
2018-03-20,32.49,32.30,32.66,32.10,2646,8531440.00,1.71,-1.34,-0.44,0.44
2018-03-21,32.60,34.44,35.50,32.54,21831,75403989.00,9.16,6.63,2.14,3.64
2018-03-22,34.50,37.86,37.86,34.50,30598,113166646.00,9.76,9.93,3.42,5.10
2018-03-23,36.30,36.40,37.13,35.04,21352,76908500.00,5.52,-3.86,-1.46,3.56
2018-03-26,36.35,39.62,39.86,34.00,26885,101352740.00,16.10,8.85,3.22,4.48
2018-03-27,39.82,39.00,40.43,38.36,36065,141283522.00,5.22,-1.56,-0.62,6.01
2018-03-28,37.85,39.50,39.55,37.01,19041,73273221.00,6.51,1.28,0.50,3.17
2018-03-29,39.30,39.20,39.60,38.08,14294,55378464.00,3.85,-0.76,-0.30,2.38
2018-03-30,39.20,38.65,39.34,38.01,11587,44834820.00,3.39,-1.40,-0.55,1.93
2018-04-02,38.83,39.61,41.28,38.80,21893,87869581.00,6.42,2.48,0.96,3.65
2018-04-03,38.84,38.30,39.18,37.21,12252,47076806.00,4.97,-3.31,-1.31,2.04
2018-04-04,38.09,39.58,39.66,38.09,14318,56000284.00,4.10,3.34,1.28,2.38
2018-04-09,39.28,40.08,41.49,39.03,18658,75714092.00,6.22,1.26,0.50,3.11
2018-04-10,39.61,40.32,40.88,39.10,11835,47391319.00,4.44,0.60,0.24,1.97
2018-04-11,40.32,39.17,40.58,39.01,9170,36373213.00,3.89,-2.85,-1.15,1.53
2018-04-12,39.35,38.35,39.53,38.28,9654,37243443.00,3.19,-2.09,-0.82,1.61
2018-04-13,38.70,38.47,40.88,38.30,16713,66252295.00,6.73,0.31,0.12,2.78
2018-04-16,38.03,39.95,40.48,38.00,22240,88731589.00,6.45,3.85,1.48,3.70
2018-04-17,40.54,38.56,40.80,38.50,14859,58781345.00,5.76,-3.48,-1.39,2.47
2018-04-18,38.68,37.23,38.90,35.60,22414,83313299.00,8.56,-3.45,-1.33,3.73
2018-04-19,36.78,36.66,37.58,36.36,15345,56483106.00,3.28,-1.53,-0.57,2.56
2018-04-20,36.59,35.00,36.84,35.00,9042,32390851.00,5.02,-4.53,-1.66,1.51
2018-04-23,34.70,33.91,35.95,33.00,13721,46653204.00,8.43,-3.11,-1.09,2.29
2018-04-24,33.79,35.00,35.36,33.49,15872,54850650.00,5.51,3.21,1.09,2.64
2018-04-25,34.98,35.62,36.66,34.60,18159,64819960.00,5.89,1.77,0.62,3.02
2018-04-26,35.30,34.76,35.58,34.68,8868,30991185.00,2.53,-2.41,-0.86,1.48
2018-04-27,35.00,34.01,35.26,33.88,7677,26438583.00,3.97,-2.16,-0.75,1.28
2018-05-02,34.01,33.65,34.90,33.50,7177,24570716.00,4.12,-1.06,-0.36,1.20
2018-05-03,33.51,34.12,34.30,32.80,9708,32482833.00,4.46,1.40,0.47,1.62
2018-05-04,33.98,33.43,34.27,33.00,6980,23548529.00,3.72,-2.02,-0.69,1.16
2018-05-07,33.40,34.30,34.50,33.25,6623,22566920.00,3.74,2.60,0.87,1.10
2018-05-08,34.30,35.11,35.30,34.17,6841,23802997.00,3.29,2.36,0.81,1.14
2018-05-09,35.00,35.10,36.02,34.70,11211,39555866.00,3.76,-0.03,-0.01,1.87
2018-05-10,35.10,35.38,35.72,34.82,6987,24640258.00,2.56,0.80,0.28,1.16
2018-05-11,35.38,34.07,35.52,34.00,8851,30538126.00,4.30,-3.70,-1.31,1.47
2018-05-14,33.95,33.00,34.38,32.80,10045,33548101.00,4.64,-3.14,-1.07,1.67
2018-05-15,32.98,33.41,33.48,32.85,10474,34615708.00,1.91,1.24,0.41,1.74
2018-05-16,33.45,33.57,34.10,33.13,6916,23267129.00,2.90,0.48,0.16,1.15
2018-05-17,33.59,33.00,33.65,32.90,5245,17346534.00,2.23,-1.70,-0.57,0.87
2018-05-18,32.93,33.00,33.27,32.83,4382,14453369.00,1.33,0.00,0.00,0.73
2018-05-21,33.20,33.32,33.55,32.91,6947,23097970.00,1.94,0.97,0.32,1.16
2018-05-22,33.32,32.94,33.46,32.49,9291,30442070.00,2.91,-1.14,-0.38,1.55
2018-05-23,32.91,33.27,33.37,32.61,8045,26672237.00,2.31,1.00,0.33,1.34
2018-05-24,33.20,33.01,33.42,32.87,4832,16004228.00,1.65,-0.78,-0.26,0.80
2018-05-25,32.90,32.66,33.00,32.23,6867,22382010.00,2.33,-1.06,-0.35,1.14
2018-05-28,32.79,32.25,32.97,32.15,4741,15431064.00,2.51,-1.26,-0.41,0.79
2018-05-29,32.21,32.15,32.77,32.15,5724,18535235.00,1.92,-0.31,-0.10,0.95
2018-05-30,32.08,29.11,32.08,29.10,13125,40065601.00,9.27,-9.46,-3.04,2.19
2018-05-31,29.28,29.91,30.50,29.28,10999,33006643.00,4.19,2.75,0.80,1.83
2018-06-01,29.76,29.80,30.22,29.65,5170,15444208.00,1.91,-0.37,-0.11,0.86
2018-06-04,29.94,30.37,32.48,29.94,6149,19068560.00,8.52,1.91,0.57,1.02
2018-06-05,30.04,31.05,31.39,30.02,5481,16855244.00,4.51,2.24,0.68,0.91
2018-06-06,31.05,31.26,31.63,31.00,5054,15847076.00,2.03,0.68,0.21,0.84
2018-06-07,31.26,30.80,31.58,30.72,4205,13103456.00,2.75,-1.47,-0.46,0.70
2018-06-08,30.63,30.17,30.89,29.90,3795,11452555.00,3.21,-2.05,-0.63,0.63
2018-06-11,30.32,30.32,30.79,30.16,3242,9865971.00,2.09,0.50,0.15,0.54
2018-06-12,30.61,30.51,30.65,29.90,3602,10930521.00,2.47,0.63,0.19,0.60
2018-06-13,30.42,30.62,31.14,30.25,4938,15168326.00,2.92,0.36,0.11,0.82
2018-06-14,30.35,29.86,30.61,29.66,6062,18120271.00,3.10,-2.48,-0.76,1.01
2018-06-15,29.80,29.38,30.10,29.30,3177,9381818.00,2.68,-1.61,-0.48,0.53
2018-06-19,29.28,26.88,29.28,26.50,9112,24902364.00,9.46,-8.51,-2.50,1.52
2018-06-20,26.96,27.08,27.49,26.72,6043,16370383.00,2.86,0.74,0.20,1.01
2018-06-21,27.08,26.39,27.39,26.27,5314,14161388.00,4.14,-2.55,-0.69,0.89
2018-06-22,26.13,26.30,26.99,26.08,7671,20226932.00,3.45,-0.34,-0.09,1.28
2018-06-25,26.31,25.57,27.08,25.00,13973,35981460.00,7.91,-2.78,-0.73,2.33
2018-06-26,25.00,24.88,25.49,24.05,14745,36619305.00,5.63,-2.70,-0.69,2.46
2018-06-27,24.84,24.69,25.35,24.65,10120,25310050.00,2.81,-0.76,-0.19,1.69
2018-06-28,24.50,27.16,27.16,24.42,18147,48395139.00,11.10,10.00,2.47,3.02
2018-06-29,28.05,27.47,28.05,26.81,35319,96926138.00,4.57,1.14,0.31,5.88
2018-07-02,27.99,26.20,27.99,25.71,32562,86574974.00,8.30,-4.62,-1.27,5.42
2018-07-03,26.47,26.64,26.88,25.71,32178,84986004.00,4.47,1.68,0.44,5.36
2018-07-04,26.50,25.06,26.51,24.12,36546,91933154.00,8.97,-5.93,-1.58,6.09
2018-07-05,24.90,24.26,25.50,24.26,20257,50529247.00,4.95,-3.19,-0.80,3.37
2018-07-06,24.60,25.43,25.99,24.21,28108,70409029.00,7.34,4.82,1.17,4.68
2018-07-09,25.60,27.20,27.97,25.18,42633,114987797.00,10.97,6.96,1.77,7.10
2018-07-10,26.71,27.10,27.17,26.18,30544,81356565.00,3.64,-0.37,-0.10,5.09
2018-07-11,26.48,26.27,26.58,25.70,21575,56549258.00,3.25,-3.06,-0.83,3.59
2018-07-12,26.46,27.30,27.45,26.28,29514,79481275.00,4.45,3.92,1.03,4.92
2018-07-13,27.25,27.05,27.47,26.60,19849,53459805.00,3.19,-0.92,-0.25,3.31
2018-07-16,26.99,26.93,27.38,26.60,12121,32665345.00,2.88,-0.44,-0.12,2.02
2018-07-17,26.93,26.40,26.93,25.49,15270,40158698.00,5.35,-1.97,-0.53,2.54
2018-07-18,26.37,26.35,27.20,26.35,14496,38798395.00,3.22,-0.19,-0.05,2.41
2018-07-19,26.50,25.45,26.69,25.28,16763,43239869.00,5.35,-3.42,-0.90,2.79
2018-07-20,25.52,25.80,26.03,25.00,12438,31824857.00,4.05,1.38,0.35,2.07
2018-07-23,25.70,28.38,28.38,25.70,48860,136689889.00,10.39,10.00,2.58,8.14
2018-07-24,30.10,29.29,31.22,28.68,69272,209113163.00,8.95,3.21,0.91,11.54
2018-07-25,28.43,28.51,29.29,28.00,43302,123938247.00,4.40,-2.66,-0.78,7.21
2018-07-26,28.79,27.69,29.00,27.55,28198,80104667.00,5.09,-2.88,-0.82,4.70
2018-07-27,27.72,29.19,29.88,27.30,36806,105488936.00,9.32,5.42,1.50,6.13
2018-07-30,28.71,28.55,29.25,27.90,20197,57491520.00,4.62,-2.19,-0.64,3.36
2018-07-31,28.45,28.85,28.87,28.20,14283,40902985.00,2.35,1.05,0.30,2.38
2018-08-01,28.90,28.58,29.49,28.16,17719,51064290.00,4.61,-0.94,-0.27,2.95
2018-08-02,27.91,27.70,28.10,25.75,21869,59079216.00,8.22,-3.08,-0.88,3.64
2018-08-03,27.41,26.93,27.49,26.50,11257,30418627.00,3.57,-2.78,-0.77,1.87
2018-08-06,26.90,26.45,26.90,25.92,7797,20603544.00,3.64,-1.78,-0.48,1.30
2018-08-07,26.78,27.46,27.50,26.14,13750,37219102.00,5.14,3.82,1.01,2.29
2018-08-08,27.30,26.56,27.64,26.55,9151,24818416.00,3.97,-3.28,-0.90,1.52
2018-08-09,26.00,27.47,27.75,25.94,15848,43107690.00,6.81,3.43,0.91,2.64
2018-08-10,27.16,28.24,28.32,27.16,17410,48568750.00,4.22,2.80,0.77,2.90
2018-08-13,27.71,28.50,28.87,27.56,15706,44148192.00,4.64,0.92,0.26,2.62
2018-08-14,28.74,27.96,28.74,27.65,11785,32976692.00,3.82,-1.89,-0.54,1.96
2018-08-15,28.10,27.00,28.17,27.00,10328,28348910.00,4.18,-3.43,-0.96,1.72
2018-08-16,26.02,26.37,27.39,26.02,7743,20693920.00,5.07,-2.33,-0.63,1.29
2018-08-17,26.28,26.35,27.12,26.28,6951,18481229.00,3.19,-0.08,-0.02,1.16
2018-08-20,26.31,26.96,27.02,26.10,8466,22488203.00,3.49,2.31,0.61,1.41
2018-08-21,27.29,27.39,27.61,26.50,12012,32598416.00,4.12,1.59,0.43,2.00
2018-08-22,27.20,26.50,27.34,26.31,6921,18579380.00,3.76,-3.25,-0.89,1.15
2018-08-23,27.14,28.05,28.97,27.04,19501,54421761.00,7.28,5.85,1.55,3.25
2018-08-24,27.90,28.14,28.36,27.60,14447,40483020.00,2.71,0.32,0.09,2.41
2018-08-27,28.14,28.44,28.66,27.80,14837,42069055.00,3.06,1.07,0.30,2.47
2018-08-28,28.37,27.83,28.65,27.52,12432,34931549.00,3.97,-2.14,-0.61,2.07
2018-08-29,27.83,27.89,28.09,27.53,9115,25405001.00,2.01,0.22,0.06,1.52
2018-08-30,27.89,27.64,27.94,27.13,7048,19427381.00,2.90,-0.90,-0.25,1.17
2018-08-31,27.35,27.55,27.86,27.10,6406,17596177.00,2.75,-0.33,-0.09,1.07
2018-09-03,27.30,26.73,27.46,26.30,9644,25648241.00,4.21,-2.98,-0.82,1.61
2018-09-04,26.73,28.00,28.20,26.55,11196,30586631.00,6.17,4.75,1.27,1.86
2018-09-05,27.88,27.25,28.28,27.25,10625,29567801.00,3.68,-2.68,-0.75,1.77
2018-09-06,27.21,27.75,28.38,27.20,13077,36443022.00,4.33,1.83,0.50,2.18
2018-09-07,27.82,27.70,28.40,27.40,11866,33149900.00,3.60,-0.18,-0.05,1.98
2018-09-10,27.71,26.33,27.87,26.32,11965,32005681.00,5.60,-4.95,-1.37,1.99
2018-09-11,26.32,26.45,26.81,26.29,4702,12451084.00,1.97,0.46,0.12,0.78
2018-09-12,26.45,25.70,26.68,25.70,6497,17043902.00,3.71,-2.84,-0.75,1.08
2018-09-13,26.16,26.37,26.55,25.48,7741,20137608.00,4.16,2.61,0.67,1.29
2018-09-14,26.36,25.70,26.38,25.70,4944,12857123.00,2.58,-2.54,-0.67,0.82
2018-09-17,25.71,25.22,25.88,25.10,4622,11703021.00,3.04,-1.87,-0.48,0.77
2018-09-18,25.23,25.66,25.67,25.22,3905,9963399.00,1.78,1.74,0.44,0.65
2018-09-19,25.68,25.77,26.22,25.52,5299,13713711.00,2.73,0.43,0.11,0.88
2018-09-20,25.77,25.18,25.94,25.16,5602,14252109.00,3.03,-2.29,-0.59,0.93
2018-09-21,25.18,25.90,25.92,25.11,5079,12979179.00,3.22,2.86,0.72,0.85
2018-09-25,25.75,25.90,26.45,25.43,4860,12674262.00,3.94,0.00,0.00,0.81
2018-09-26,25.90,25.90,26.25,25.80,4651,12109513.00,1.74,0.00,0.00,0.77
2018-09-27,25.90,25.64,26.33,25.64,4825,12534146.00,2.66,-1.00,-0.26,0.80
2018-09-28,25.74,25.66,25.94,24.91,5660,14390243.00,4.02,0.08,0.02,0.94
2018-10-08,25.05,24.88,25.39,24.86,4142,10397436.00,2.07,-3.04,-0.78,0.69
2018-10-09,25.01,24.73,25.30,24.66,3044,7578223.00,2.57,-0.60,-0.15,0.51
2018-10-10,24.78,24.82,25.15,24.73,2141,5337422.00,1.70,0.36,0.09,0.36
2018-10-11,24.28,22.34,24.28,22.34,9694,22299034.00,7.82,-9.99,-2.48,1.61
2018-10-12,22.00,21.21,22.28,20.26,7354,15655359.00,9.04,-5.06,-1.13,1.22
2018-10-15,21.45,21.30,22.10,21.30,6776,14659435.00,3.77,0.42,0.09,1.13
2018-10-16,21.78,20.82,21.88,20.49,5907,12553427.00,6.53,-2.25,-0.48,0.98
2018-10-17,21.11,21.52,21.55,20.90,7297,15563162.00,3.12,3.36,0.70,1.22
2018-10-18,21.50,20.90,21.51,20.67,4916,10410288.00,3.90,-2.88,-0.62,0.82
2018-10-19,20.60,21.58,21.70,20.31,6430,13680276.00,6.65,3.25,0.68,1.07
2018-10-22,21.60,22.78,22.93,21.60,8994,20167840.00,6.16,5.56,1.20,1.50
2018-10-23,23.00,22.01,23.00,22.00,6704,14997948.00,4.39,-3.38,-0.77,1.12
2018-10-24,22.15,22.39,22.86,22.13,7411,16656689.00,3.32,1.73,0.38,1.23
2018-10-25,21.70,21.85,22.05,21.33,6541,14238701.00,3.22,-2.41,-0.54,1.09
2018-10-26,22.12,22.15,22.49,21.79,6467,14296568.00,3.20,1.37,0.30,1.08
2018-10-29,22.01,22.31,22.54,21.56,7575,16875164.00,4.42,0.72,0.16,1.26
2018-10-30,22.32,22.01,22.56,21.75,7352,16317826.00,3.63,-1.34,-0.30,1.22
2018-10-31,22.24,22.78,22.95,22.03,9001,20456342.00,4.18,3.50,0.77,1.50
2018-11-01,23.18,23.14,23.97,23.02,9100,21424032.00,4.17,1.58,0.36,1.52
2018-11-02,23.65,23.63,24.10,23.25,7609,17960653.00,3.67,2.12,0.49,1.27
2018-11-05,23.64,23.89,24.29,23.52,8033,19201867.00,3.26,1.10,0.26,1.34
2018-11-06,23.68,23.96,24.15,23.32,6413,15177924.00,3.47,0.29,0.07,1.07
2018-11-07,24.03,23.59,24.19,23.53,5439,12924428.00,2.75,-1.54,-0.37,0.91
2018-11-08,23.84,23.74,24.10,23.60,5854,13998011.00,2.12,0.64,0.15,0.98
2018-11-09,23.96,23.60,24.15,23.50,3567,8489814.00,2.74,-0.59,-0.14,0.59
2018-11-12,23.68,24.53,24.85,23.54,8432,20510843.00,5.55,3.94,0.93,1.40
2018-11-13,24.19,24.70,24.79,24.01,10159,24954038.00,3.18,0.69,0.17,1.69
2018-11-14,24.69,24.37,24.88,24.26,5932,14587650.00,2.51,-1.34,-0.33,0.99
2018-11-15,24.37,25.79,26.00,24.37,12508,31673136.00,6.69,5.83,1.42,2.08
2018-11-16,25.59,26.22,26.30,25.59,9037,23439061.00,2.75,1.67,0.43,1.51
2018-11-19,26.60,26.46,27.50,26.10,15059,40197111.00,5.34,0.92,0.24,2.51
2018-11-20,26.45,25.81,26.85,25.68,10180,26802515.00,4.42,-2.46,-0.65,1.70
2018-11-21,25.81,25.70,26.05,25.00,6335,16275458.00,4.07,-0.43,-0.11,1.06
2018-11-22,26.13,25.56,26.46,25.50,7815,20214301.00,3.74,-0.54,-0.14,1.30
2018-11-23,25.60,25.00,25.77,24.78,7297,18396489.00,3.87,-2.19,-0.56,1.22
2018-11-26,25.00,24.75,25.49,24.50,6721,16723155.00,3.96,-1.00,-0.25,1.12
2018-11-27,24.81,24.99,25.15,24.72,5252,13095534.00,1.74,0.97,0.24,0.87
2018-11-28,24.99,24.90,24.99,23.55,12049,29179140.00,5.76,-0.36,-0.09,2.01
2018-11-29,25.00,23.40,25.16,23.31,12331,30011824.00,7.43,-6.02,-1.50,2.05
2018-11-30,23.10,23.50,23.80,23.01,8293,19452780.00,3.38,0.43,0.10,1.38
2018-12-03,24.45,24.41,24.72,24.01,9612,23400398.00,3.02,3.87,0.91,1.60
2018-12-04,24.41,24.52,24.81,24.26,6446,15874145.00,2.25,0.45,0.11,1.07
2018-12-05,24.18,24.28,24.49,23.90,8135,19710010.00,2.41,-0.98,-0.24,1.35
2018-12-06,24.32,23.43,24.32,23.31,6646,15760929.00,4.16,-3.50,-0.85,1.11
2018-12-07,23.60,23.64,24.24,23.52,4733,11280729.00,3.07,0.90,0.21,0.79
2018-12-10,23.94,23.78,24.05,23.25,5821,13793733.00,3.38,0.59,0.14,0.97
2018-12-11,23.93,23.46,23.97,23.29,5524,12921206.00,2.86,-1.35,-0.32,0.92
2018-12-12,23.46,23.13,23.62,23.07,3476,8081364.00,2.34,-1.41,-0.33,0.58
2018-12-13,23.13,23.34,23.58,22.92,5137,11990005.00,2.85,0.91,0.21,0.86
2018-12-14,23.34,22.76,23.44,22.66,4576,10551187.00,3.34,-2.49,-0.58,0.76
2018-12-17,22.70,22.33,22.97,21.92,5512,12230185.00,4.61,-1.89,-0.43,0.92
2018-12-18,22.39,22.51,22.74,22.02,5189,11626353.00,3.22,0.81,0.18,0.86
2018-12-19,22.25,21.93,22.59,21.70,5861,12948011.00,3.95,-2.58,-0.58,0.98
2018-12-20,22.15,22.45,23.00,22.07,5666,12692151.00,4.24,2.37,0.52,0.94
2018-12-21,22.80,23.55,24.70,22.80,12673,30009639.00,8.46,4.90,1.10,2.11
2018-12-24,23.19,23.20,23.55,22.71,9339,21457282.00,3.57,-1.49,-0.35,1.56
2018-12-25,22.77,24.02,24.17,22.32,12230,28277332.00,7.97,3.53,0.82,2.04
2018-12-26,23.88,24.50,24.56,23.59,13472,32581717.00,4.04,2.00,0.48,2.24
2018-12-27,24.50,23.46,24.70,23.45,7114,17174348.00,5.10,-4.24,-1.04,1.18
2018-12-28,23.69,23.58,23.82,22.96,6910,16161780.00,3.67,0.51,0.12,1.15
2019-01-02,23.44,23.32,23.44,21.96,4837,11039085.00,6.28,-1.10,-0.26,0.33
2019-01-03,22.97,23.30,23.47,22.97,3512,8134497.00,2.14,-0.09,-0.02,0.24
2019-01-04,23.16,24.50,24.60,22.56,8820,21324227.00,8.76,5.15,1.20,0.60
2019-01-07,24.50,24.82,24.90,24.35,7228,17845486.00,2.24,1.31,0.32,0.49
2019-01-08,24.81,24.65,24.81,24.30,4141,10185882.00,2.05,-0.68,-0.17,0.28
2019-01-09,24.71,25.31,25.58,24.61,8582,21677623.00,3.94,2.68,0.66,0.59
2019-01-10,25.04,24.95,25.47,24.81,4183,10496581.00,2.61,-1.42,-0.36,0.29
2019-01-11,24.96,25.44,25.85,24.96,8063,20528764.00,3.57,1.96,0.49,0.55
2019-01-14,25.42,25.09,25.61,24.71,6561,16378785.00,3.54,-1.38,-0.35,0.45
2019-01-15,24.82,25.36,25.52,24.82,3780,9582804.00,2.79,1.08,0.27,0.26
2019-01-16,25.56,25.33,26.45,25.31,5134,13202622.00,4.50,-0.12,-0.03,0.35
2019-01-17,25.31,24.62,25.34,24.59,5878,14610297.00,2.96,-2.80,-0.71,0.40
2019-01-18,25.01,25.44,25.48,24.72,6031,15211038.00,3.09,3.33,0.82,0.41
2019-01-21,25.36,25.59,25.76,25.26,4475,11445691.00,1.97,0.59,0.15,0.31
2019-01-22,25.35,25.65,25.79,25.02,3263,8294317.00,3.01,0.23,0.06,0.22
2019-01-23,25.60,25.20,25.63,24.85,4174,10461144.00,3.04,-1.75,-0.45,0.29
2019-01-24,25.15,25.06,25.48,24.81,3632,9155330.00,2.66,-0.56,-0.14,0.25
2019-01-25,25.46,25.59,25.90,25.15,5682,14516334.00,2.99,2.11,0.53,0.39
2019-01-28,25.59,24.85,25.97,24.80,7304,18444023.00,4.57,-2.89,-0.74,0.50
2019-01-29,24.78,25.10,25.25,24.20,5652,14007129.00,4.23,1.01,0.25,0.39
2019-01-30,25.00,24.99,25.24,24.71,2956,7409245.00,2.11,-0.44,-0.11,0.20
2019-01-31,25.20,24.29,25.20,24.10,5759,14131547.00,4.40,-2.80,-0.70,0.39
2019-02-01,24.29,24.62,24.75,24.11,4072,9959715.00,2.63,1.36,0.33,0.28
2019-02-11,24.58,25.79,25.88,24.58,9087,23009432.00,5.28,4.75,1.17,0.62
2019-02-12,25.45,25.75,26.20,25.35,7696,19975656.00,3.30,-0.16,-0.04,0.53
2019-02-13,26.06,26.27,26.48,25.88,8798,23053574.00,2.33,2.02,0.52,0.60
2019-02-14,26.10,26.04,26.56,26.03,7180,18800348.00,2.02,-0.88,-0.23,0.49
2019-02-15,26.06,26.33,26.74,25.82,7417,19615685.00,3.53,1.11,0.29,0.51
2019-02-18,26.50,26.80,26.95,26.32,10118,27031458.00,2.39,1.79,0.47,0.69
2019-02-19,26.93,26.78,27.36,26.60,8855,23840289.00,2.84,-0.07,-0.02,0.61
2019-02-20,26.97,26.32,26.97,26.06,8558,22560766.00,3.40,-1.72,-0.46,0.59
2019-02-21,26.49,26.32,26.76,26.10,11671,30918700.00,2.51,0.00,0.00,0.80
2019-02-22,26.32,26.67,26.74,26.08,7339,19380254.00,2.51,1.33,0.35,0.50
2019-02-25,27.00,28.70,29.29,27.00,19507,55106207.00,8.59,7.61,2.03,1.33
2019-02-26,29.09,30.65,31.43,29.00,33009,100805262.00,8.47,6.79,1.95,2.26
2019-02-27,30.60,29.25,31.48,29.12,24128,73000360.00,7.70,-4.57,-1.40,1.65
2019-02-28,29.72,28.97,29.80,28.41,15967,46531591.00,4.75,-0.96,-0.28,1.09
2019-03-01,29.06,28.97,29.38,28.59,14769,42783559.00,2.73,0.00,0.00,1.01
2019-03-04,29.35,29.46,30.36,28.98,22112,65449172.00,4.76,1.69,0.49,1.51
2019-03-05,29.35,30.31,30.34,29.11,18227,54523560.00,4.18,2.89,0.85,1.25
2019-03-06,30.32,33.34,33.34,30.32,29324,96196042.00,9.96,10.00,3.03,2.01
2019-03-07,34.50,36.67,36.67,34.45,48025,172789839.00,6.66,9.99,3.33,3.29
2019-03-08,37.00,35.12,37.89,33.40,40767,146865740.00,12.24,-4.23,-1.55,2.79
2019-03-11,35.12,36.82,37.60,34.33,32924,118484802.00,9.31,4.84,1.70,2.25
2019-03-12,36.82,37.98,39.78,36.70,35054,134510668.00,8.37,3.15,1.16,2.40
2019-03-13,37.51,36.55,38.90,36.51,15907,59574329.00,6.29,-3.77,-1.43,1.09
2019-03-14,36.00,37.00,37.49,34.10,25208,90642840.00,9.27,1.23,0.45,1.72
2019-03-15,36.84,35.41,37.00,35.00,16243,58295980.00,5.41,-4.30,-1.59,1.11
2019-03-18,35.41,35.08,35.84,34.30,14891,52243319.00,4.35,-0.93,-0.33,1.02
2019-03-19,35.48,35.92,36.63,35.26,14736,53171512.00,3.91,2.39,0.84,1.01
2019-03-20,35.99,35.00,36.00,34.43,15947,55740082.00,4.37,-2.56,-0.92,1.09
2019-03-21,35.18,35.33,35.87,34.89,11448,40430548.00,2.80,0.94,0.33,0.78
2019-03-22,35.60,35.51,36.00,35.05,12909,45764151.00,2.69,0.51,0.18,0.88
2019-03-25,35.10,37.17,37.20,34.36,27753,100924452.00,8.00,4.67,1.66,1.90
2019-03-26,37.17,35.97,39.00,35.65,28180,105474998.00,9.01,-3.23,-1.20,1.93
2019-03-27,35.80,36.80,37.12,35.05,16694,60458851.00,5.75,2.31,0.83,1.14
2019-03-28,36.60,35.08,36.75,35.05,11905,42614487.00,4.62,-4.67,-1.72,0.81
2019-03-29,35.11,36.00,36.25,35.08,10792,38571994.00,3.34,2.62,0.92,0.74
2019-04-01,38.13,39.60,39.60,38.12,48297,190178439.00,4.11,10.00,3.60,3.30
2019-04-02,40.16,41.86,43.55,40.10,42568,178285091.00,8.71,5.71,2.26,2.91
2019-04-03,41.50,42.60,43.36,40.99,29775,125300798.00,5.66,1.77,0.74,2.04
2019-04-04,42.60,40.81,42.63,40.75,25576,105836863.00,4.41,-4.20,-1.79,1.75
2019-04-08,40.82,39.46,41.10,38.71,27954,110379083.00,5.86,-3.31,-1.35,1.91
2019-04-09,39.48,38.75,39.50,38.18,15346,59879804.00,3.35,-1.80,-0.71,1.05
2019-04-10,38.60,38.58,38.77,37.90,19233,73645407.00,2.25,-0.44,-0.17,1.32
2019-04-11,38.30,38.17,39.78,38.00,19296,75027073.00,4.61,-1.06,-0.41,1.32
2019-04-12,38.18,38.45,39.50,38.00,12775,49489231.00,3.93,0.73,0.28,0.87
2019-04-15,39.01,37.98,39.69,37.80,16067,62055647.00,4.92,-1.22,-0.47,1.10
2019-04-16,37.85,37.07,37.86,36.00,22730,83683823.00,4.90,-2.40,-0.91,1.56
2019-04-17,37.46,37.75,38.30,37.10,19783,74363117.00,3.24,1.83,0.68,1.35
2019-04-18,37.90,37.27,37.90,37.00,15694,58662315.00,2.38,-1.27,-0.48,1.07
2019-04-19,37.30,37.01,37.49,36.15,13578,49848666.00,3.60,-0.70,-0.26,0.93
2019-04-22,37.01,35.76,37.66,35.33,19354,69782894.00,6.30,-3.38,-1.25,1.32
2019-04-23,35.99,35.50,36.00,34.42,16723,58957647.00,4.42,-0.73,-0.26,1.14
2019-04-24,35.70,37.10,37.24,35.00,31280,112904658.00,6.31,4.51,1.60,2.14
2019-04-25,36.97,37.87,38.95,36.60,26976,102129129.00,6.33,2.08,0.77,1.85
2019-04-26,37.80,36.69,37.80,36.03,12273,45285592.00,4.67,-3.12,-1.18,0.84
2019-04-29,37.20,35.40,37.20,34.88,13283,47446107.00,6.32,-3.52,-1.29,0.91
2019-04-30,35.20,35.60,35.70,35.05,11667,41194114.00,1.84,0.56,0.20,0.80
2019-05-06,34.60,33.75,34.60,32.54,12798,43182833.00,5.79,-5.20,-1.85,0.88
2019-05-07,33.00,33.21,33.50,30.61,26401,84496793.00,8.56,-1.60,-0.54,1.81
2019-05-08,32.00,31.29,33.30,31.21,14243,45730020.00,6.29,-5.78,-1.92,0.97
2019-05-09,31.07,32.10,32.60,31.07,14135,45278573.00,4.89,2.59,0.81,0.97
2019-05-10,32.75,34.40,34.50,31.50,13631,45341995.00,9.35,7.17,2.30,0.93
2019-05-13,33.94,32.40,33.94,32.26,12793,42279788.00,4.88,-5.81,-2.00,0.88
2019-05-14,32.16,32.78,33.95,32.16,10385,34520408.00,5.52,1.17,0.38,0.71
2019-05-15,32.72,33.53,33.69,32.60,9269,30718904.00,3.33,2.29,0.75,0.63
2019-05-16,33.20,32.95,33.85,32.70,7263,23952081.00,3.43,-1.73,-0.58,0.50
2019-05-17,33.20,30.00,33.20,29.74,20308,63214337.00,10.50,-8.95,-2.95,1.39
2019-05-20,30.15,30.40,30.76,29.84,11620,35208300.00,3.07,1.33,0.40,0.80
2019-05-21,30.26,31.44,31.65,30.07,10854,33681407.00,5.20,3.42,1.04,0.74
2019-05-22,31.50,31.78,32.46,31.46,8429,26880506.00,3.18,1.08,0.34,0.58
2019-05-23,31.99,31.20,31.99,30.77,7213,22584598.00,3.84,-1.83,-0.58,0.49
2019-05-24,31.27,30.52,31.27,29.90,8442,25735588.00,4.39,-2.18,-0.68,0.58
2019-05-27,30.52,31.40,31.50,30.39,12227,37728841.00,3.64,2.88,0.88,0.84
2019-05-28,31.46,30.67,32.80,30.40,12135,37999087.00,7.64,-2.32,-0.73,0.83
2019-05-29,30.91,31.60,31.90,30.58,15742,49490412.00,4.30,3.03,0.93,1.08
2019-05-30,31.14,30.29,31.27,29.90,17828,53934427.00,4.34,-4.15,-1.31,1.22
2019-05-31,30.29,30.41,30.86,30.01,8574,26149228.00,2.81,0.40,0.12,0.59
2019-06-03,30.41,30.55,30.63,29.71,10167,30530026.00,3.03,0.46,0.14,0.70
2019-06-04,23.19,22.40,23.45,22.22,12517,28333298.00,4.03,-26.68,-8.15,0.66
2019-06-05,22.50,22.80,23.22,22.20,11023,25134360.00,4.55,1.79,0.40,0.58
2019-06-06,22.95,22.63,23.35,22.29,9918,22659820.00,4.65,-0.75,-0.17,0.52
2019-06-10,22.74,22.59,22.82,22.40,7844,17721557.00,1.86,-0.18,-0.04,0.41
2019-06-11,22.65,23.65,23.80,22.45,16291,38081155.00,5.98,4.69,1.06,0.86
2019-06-12,23.66,23.91,24.15,23.26,14984,35639325.00,3.76,1.10,0.26,0.79
2019-06-13,23.91,24.57,24.80,23.64,17517,42809833.00,4.85,2.76,0.66,0.92
2019-06-14,24.57,24.50,24.89,23.80,14826,35892500.00,4.44,-0.28,-0.07,0.78
2019-06-17,24.50,23.72,24.50,23.65,9256,22166684.00,3.47,-3.18,-0.78,0.49
2019-06-18,23.70,23.85,24.07,23.55,5962,14211885.00,2.19,0.55,0.13,0.31
2019-06-19,24.85,24.30,25.00,24.12,12360,30368785.00,3.69,1.89,0.45,0.65
2019-06-20,24.19,24.43,24.85,24.18,11694,28647131.00,2.76,0.53,0.13,0.62
2019-06-21,24.51,26.30,26.30,24.51,26945,69522906.00,7.33,7.65,1.87,1.42
2019-06-24,26.09,26.97,27.44,25.88,21510,57768893.00,5.93,2.55,0.67,1.13
2019-06-25,26.85,26.00,26.85,25.78,15766,41294467.00,3.97,-3.60,-0.97,0.83
2019-06-26,26.22,26.21,26.77,25.81,10458,27525247.00,3.69,0.81,0.21,0.55
2019-06-27,26.34,26.64,27.46,26.34,13754,37046274.00,4.27,1.64,0.43,0.72
2019-06-28,27.09,26.30,27.09,25.93,15821,41570329.00,4.35,-1.28,-0.34,0.83
2019-07-01,26.87,26.78,27.15,26.49,16434,44179886.00,2.51,1.83,0.48,0.87
2019-07-02,26.78,27.00,27.17,26.55,10042,26923168.00,2.32,0.82,0.22,0.53
2019-07-03,26.82,26.46,26.94,26.23,9624,25454377.00,2.63,-2.00,-0.54,0.51
2019-07-04,26.40,26.15,26.70,25.87,7884,20652092.00,3.14,-1.17,-0.31,0.41
2019-07-05,25.91,25.90,26.37,25.59,8706,22658930.00,2.98,-0.96,-0.25,0.46
2019-07-08,26.09,25.26,26.19,25.11,8181,20909293.00,4.17,-2.47,-0.64,0.43
2019-07-09,25.19,25.09,25.50,24.85,10378,26125210.00,2.57,-0.67,-0.17,0.55
2019-07-10,25.31,25.49,25.78,25.02,8513,21636832.00,3.03,1.59,0.40,0.45
2019-07-11,25.43,25.03,25.67,24.91,8391,21118905.00,2.98,-1.80,-0.46,0.44
2019-07-12,25.15,25.50,25.79,25.06,9260,23629966.00,2.92,1.88,0.47,0.49
2019-07-15,25.99,27.04,27.30,25.57,38299,102765089.00,6.78,6.04,1.54,2.02
2019-07-16,26.97,27.50,27.80,26.96,32836,90153088.00,3.11,1.70,0.46,1.73
2019-07-17,27.53,27.10,27.58,26.95,18276,49811003.00,2.29,-1.45,-0.40,0.96
2019-07-18,27.04,26.24,27.04,26.11,12558,33197477.00,3.43,-3.17,-0.86,0.66
2019-07-19,26.48,25.98,26.80,25.85,11967,31461194.00,3.62,-0.99,-0.26,0.63
2019-07-22,26.27,25.72,26.51,25.20,17156,44635710.00,5.04,-1.00,-0.26,0.90
2019-07-23,25.78,26.25,26.31,25.72,11669,30420540.00,2.29,2.06,0.53,0.61
2019-07-24,26.40,26.60,26.94,26.16,15049,40111038.00,2.97,1.33,0.35,0.79
2019-07-25,26.43,26.40,26.76,26.22,7750,20519973.00,2.03,-0.75,-0.20,0.41
2019-07-26,26.23,26.46,26.58,25.66,11805,30822537.00,3.48,0.23,0.06,0.62
2019-07-29,26.49,26.05,26.50,26.00,6650,17408070.00,1.89,-1.55,-0.41,0.35
2019-07-30,25.90,26.63,26.84,25.80,13822,36507850.00,3.99,2.23,0.58,0.73
2019-07-31,26.40,26.08,26.65,26.07,10012,26453006.00,2.18,-2.07,-0.55,0.53
2019-08-01,26.16,26.03,26.91,26.00,12931,34079784.00,3.49,-0.19,-0.05,0.68
2019-08-02,25.52,26.65,26.80,25.13,18249,47432865.00,6.42,2.38,0.62,0.96
2019-08-05,26.44,26.40,27.09,26.18,15348,41014657.00,3.41,-0.94,-0.25,0.81
2019-08-06,26.40,25.97,26.40,24.11,12810,32904349.00,8.67,-1.63,-0.43,0.67
2019-08-07,26.04,25.70,26.37,25.45,8311,21474787.00,3.54,-1.04,-0.27,0.44
2019-08-08,25.65,25.26,25.89,25.20,6618,16857535.00,2.68,-1.71,-0.44,0.35
2019-08-09,25.50,25.06,25.78,25.01,10541,26710403.00,3.05,-0.79,-0.20,0.55
2019-08-12,25.11,25.50,25.50,24.81,9895,24886094.00,2.75,1.76,0.44,0.52
2019-08-13,25.30,25.94,26.12,25.20,7883,20333730.00,3.61,1.73,0.44,0.41
2019-08-14,26.00,26.48,26.78,26.00,11819,31273287.00,3.01,2.08,0.54,0.62
2019-08-15,26.17,27.51,27.68,25.83,27967,75586585.00,6.99,3.89,1.03,1.47
2019-08-16,27.55,27.79,28.20,27.38,26950,74988035.00,2.98,1.02,0.28,1.42
2019-08-19,28.20,29.04,29.92,27.68,43954,127531461.00,8.06,4.50,1.25,2.31
2019-08-20,29.04,29.22,29.50,28.87,23294,68110437.00,2.17,0.62,0.18,1.23
2019-08-21,29.48,29.72,30.47,29.30,27876,83232338.00,4.00,1.71,0.50,1.47
2019-08-22,29.90,29.65,30.00,28.90,28075,82695749.00,3.70,-0.24,-0.07,1.48
2019-08-23,29.75,29.28,29.97,28.88,17766,52025712.00,3.68,-1.25,-0.37,0.94
2019-08-26,28.40,29.30,29.89,28.40,29324,86264721.00,5.09,0.07,0.02,1.54
2019-08-27,29.61,30.53,31.19,29.46,39361,119638886.00,5.90,4.20,1.23,2.07
2019-08-28,30.11,30.68,31.30,29.88,29450,89880931.00,4.65,0.49,0.15,1.55
2019-08-29,30.51,31.67,31.93,30.51,40034,125860630.00,4.63,3.23,0.99,2.11
2019-08-30,31.50,29.72,31.82,29.40,38986,118940332.00,7.64,-6.16,-1.95,2.05
2019-09-02,30.23,32.69,32.69,30.21,43807,140679041.00,8.34,9.99,2.97,2.31
2019-09-03,33.38,32.29,33.98,31.53,66894,217602760.00,7.49,-1.22,-0.40,3.52
2019-09-04,32.10,31.52,32.10,31.00,53095,166761074.00,3.41,-2.38,-0.77,2.79
2019-09-05,31.50,31.53,32.33,31.07,52611,167326499.00,4.00,0.03,0.01,2.77
2019-09-06,31.00,32.25,33.30,31.00,48678,157060415.00,7.29,2.28,0.72,2.56
2019-09-09,32.13,33.42,33.69,31.91,49946,164511724.00,5.52,3.63,1.17,2.63
2019-09-10,33.40,31.78,33.40,31.39,54417,174538222.00,6.01,-4.91,-1.64,2.86
2019-09-11,31.69,31.94,32.50,31.68,35382,113849568.00,2.58,0.50,0.16,1.86
2019-09-12,32.03,32.17,32.20,31.23,26733,84587941.00,3.04,0.72,0.23,1.41
2019-09-16,32.06,31.40,32.16,31.00,29846,93919832.00,3.61,-2.39,-0.77,1.57
2019-09-17,31.30,30.38,31.70,29.92,25598,78499762.00,5.67,-3.25,-1.02,1.35
2019-09-18,30.57,30.38,30.60,30.01,14768,44829327.00,1.94,0.00,0.00,0.78
2019-09-19,30.49,31.00,31.19,30.12,14630,45006966.00,3.52,2.04,0.62,0.77
2019-09-20,31.18,31.22,31.80,31.01,18110,56897943.00,2.55,0.71,0.22,0.95
2019-09-23,30.98,31.78,31.86,30.42,21405,66106952.00,4.61,1.79,0.56,1.13
2019-09-24,31.76,32.58,33.19,30.91,34024,110116311.00,7.17,2.52,0.80,1.79
2019-09-25,32.58,32.69,33.26,31.83,29663,97045215.00,4.39,0.34,0.11,1.56
2019-09-26,32.67,31.60,32.99,31.50,22897,73741698.00,4.56,-3.33,-1.09,1.21
2019-09-27,31.79,34.76,34.76,31.34,64398,219491717.00,10.82,10.00,3.16,3.39
2019-09-30,34.75,36.08,37.54,34.60,69975,251557928.00,8.46,3.80,1.32,3.68
2019-10-08,35.61,35.31,35.99,34.56,41070,144617934.00,3.96,-2.13,-0.77,2.16
2019-10-09,34.59,34.89,35.04,33.10,54250,184627769.00,5.49,-1.19,-0.42,2.86
2019-10-10,34.57,35.77,36.50,34.21,55520,197480992.00,6.56,2.52,0.88,2.92
2019-10-11,35.42,37.83,38.90,34.50,59545,216198124.00,12.30,5.76,2.06,3.13
2019-10-14,37.40,37.65,38.88,36.90,44434,167367601.00,5.23,-0.48,-0.18,2.34
2019-10-15,37.13,35.89,37.38,35.37,38444,138873178.00,5.34,-4.67,-1.76,2.02
2019-10-16,35.92,36.97,37.39,34.21,52506,187979532.00,8.86,3.01,1.08,2.76
2019-10-17,36.50,35.33,36.96,35.30,36053,129375569.00,4.49,-4.44,-1.64,1.90
2019-10-18,35.35,34.95,35.99,34.71,26136,91930896.00,3.62,-1.08,-0.38,1.38
2019-10-21,34.89,35.40,35.48,34.34,14148,49666169.00,3.26,1.29,0.45,0.74
2019-10-22,35.55,37.02,37.68,35.50,34282,126567755.00,6.16,4.58,1.62,1.80
2019-10-23,36.76,36.15,37.65,35.50,28356,103850748.00,5.81,-2.35,-0.87,1.49
2019-10-24,36.12,35.02,36.12,34.82,24974,87959614.00,3.60,-3.13,-1.13,1.31
2019-10-25,35.42,35.53,35.78,34.43,23448,82669144.00,3.85,1.46,0.51,1.23
2019-10-28,36.32,37.70,38.85,35.65,53779,200054342.00,9.01,6.11,2.17,2.83
2019-10-29,37.47,37.50,38.25,37.03,27670,104215267.00,3.24,-0.53,-0.20,1.46
2019-10-30,37.05,36.90,37.79,36.52,22146,81936815.00,3.39,-1.60,-0.60,1.17
2019-10-31,36.69,35.70,37.18,35.31,28857,104425698.00,5.07,-3.25,-1.20,1.52
2019-11-01,34.72,34.31,37.15,34.06,38875,135809960.00,8.66,-3.89,-1.39,2.05
2019-11-04,34.20,34.90,35.62,33.90,32500,113251644.00,5.01,1.72,0.59,1.71
2019-11-05,34.79,34.15,35.00,33.80,31787,108664180.00,3.44,-2.15,-0.75,1.67
2019-11-06,34.45,33.03,34.50,32.90,24630,82563606.00,4.69,-3.28,-1.12,1.30
2019-11-07,33.30,34.10,34.86,33.07,27975,95541176.00,5.42,3.24,1.07,1.47
2019-11-08,34.20,33.95,34.70,33.90,15317,52554659.00,2.35,-0.44,-0.15,0.81
2019-11-11,33.85,33.40,34.27,33.15,14679,49307087.00,3.30,-1.62,-0.55,0.77
2019-11-12,33.39,33.39,33.49,32.32,17822,58769214.00,3.50,-0.03,-0.01,0.94
2019-11-13,33.11,33.65,33.80,32.92,12851,42881196.00,2.64,0.78,0.26,0.68
2019-11-14,33.43,35.75,35.90,33.43,37227,130156389.00,7.34,6.24,2.10,1.96
2019-11-15,35.67,34.73,35.81,34.69,24128,85103486.00,3.13,-2.85,-1.02,1.27
2019-11-18,34.84,34.49,35.36,34.18,17490,60759702.00,3.40,-0.69,-0.24,0.92
2019-11-19,34.50,36.00,36.36,34.50,27516,98424350.00,5.39,4.38,1.51,1.45
2019-11-20,35.88,35.80,36.80,35.71,22873,82542728.00,3.03,-0.56,-0.20,1.20
2019-11-21,36.00,36.00,36.30,35.61,12526,45023942.00,1.93,0.56,0.20,0.66
2019-11-22,36.00,35.08,36.70,34.38,25397,89726828.00,6.44,-2.56,-0.92,1.34
2019-11-25,35.09,33.30,35.30,32.20,35677,118145804.00,8.84,-5.07,-1.78,1.88
2019-11-26,33.66,32.53,33.66,32.50,21230,69832654.00,3.48,-2.31,-0.77,1.12
2019-11-27,32.91,32.55,33.20,32.46,15933,52196310.00,2.27,0.06,0.02,0.84
2019-11-28,32.55,32.64,32.86,32.02,12306,39897003.00,2.58,0.28,0.09,0.65
2019-11-29,32.74,31.81,32.80,31.53,15664,50170754.00,3.89,-2.54,-0.83,0.82
2019-12-02,31.76,32.20,32.85,31.76,19101,61869992.00,3.43,1.23,0.39,1.01
2019-12-03,31.90,31.85,32.11,31.35,12466,39393170.00,2.36,-1.09,-0.35,0.66
2019-12-04,31.70,32.46,32.80,31.50,15481,50224128.00,4.08,1.92,0.61,0.81
2019-12-05,32.47,32.89,33.23,32.10,17308,56721755.00,3.48,1.32,0.43,0.91
2019-12-06,32.89,33.10,33.20,32.63,18211,60026123.00,1.73,0.64,0.21,0.96
2019-12-09,33.20,33.50,33.89,32.91,18515,62038879.00,2.96,1.21,0.40,0.97
2019-12-10,33.60,33.09,33.66,32.72,19704,65164631.00,2.81,-1.22,-0.41,1.04
2019-12-11,32.91,32.73,33.50,32.70,12058,39810449.00,2.42,-1.09,-0.36,0.63
2019-12-12,32.70,32.87,33.09,32.54,13206,43323613.00,1.68,0.43,0.14,0.70
2019-12-13,32.80,33.25,33.37,32.80,12664,41924114.00,1.73,1.16,0.38,0.67
2019-12-16,33.28,33.56,33.58,32.77,26818,88791205.00,2.44,0.93,0.31,1.41
2019-12-17,33.60,35.14,35.57,33.60,42477,148368094.00,5.87,4.71,1.58,2.24
2019-12-18,35.17,34.68,35.47,34.62,21475,74980387.00,2.42,-1.31,-0.46,1.13
2019-12-19,34.90,35.20,35.79,34.18,27350,95273923.00,4.64,1.50,0.52,1.44
2019-12-20,35.08,34.35,35.26,34.26,18854,65306205.00,2.84,-2.41,-0.85,0.99
2019-12-23,34.21,33.04,34.33,32.88,17718,59345547.00,4.22,-3.81,-1.31,0.93
2019-12-24,33.07,34.15,34.38,32.92,18637,62835164.00,4.42,3.36,1.11,0.98
2019-12-25,34.29,34.70,34.93,34.03,16853,58410471.00,2.64,1.61,0.55,0.89
2019-12-26,34.51,34.88,35.20,34.36,12849,44687345.00,2.42,0.52,0.18,0.68
2019-12-27,34.70,34.38,35.48,34.20,17834,62369858.00,3.67,-1.43,-0.50,0.94
2019-12-30,34.29,34.20,34.85,33.03,25696,88193455.00,5.29,-0.52,-0.18,1.35
2019-12-31,34.28,36.40,37.12,34.28,60097,217792381.00,8.30,6.43,2.20,3.16
2020-01-02,36.65,36.12,36.89,35.81,43922,158941480.00,2.97,-0.77,-0.28,2.31
2020-01-03,36.16,37.19,37.20,35.83,39243,144413094.00,3.79,2.96,1.07,2.07
2020-01-06,37.10,36.90,38.68,36.36,39253,147487695.00,6.24,-0.78,-0.29,2.07
2020-01-07,37.01,37.90,38.29,37.01,23730,90053064.00,3.47,2.71,1.00,1.25
2020-01-08,37.80,37.48,38.25,37.33,20291,76577227.00,2.43,-1.11,-0.42,1.07
2020-01-09,37.87,38.65,38.81,37.71,25619,98127276.00,2.93,3.12,1.17,1.35
2020-01-10,39.00,38.34,39.18,38.30,20606,79511915.00,2.28,-0.80,-0.31,1.08
2020-01-13,38.60,38.28,38.85,37.83,27282,104319911.00,2.66,-0.16,-0.06,1.44
2020-01-14,38.51,38.25,38.74,38.08,18522,71071190.00,1.72,-0.08,-0.03,0.97
2020-01-15,38.37,38.15,38.37,37.27,30774,116154971.00,2.88,-0.26,-0.10,1.62
2020-01-16,38.24,38.11,38.45,37.94,16267,62077548.00,1.34,-0.10,-0.04,0.86
2020-01-17,38.38,37.80,38.40,37.57,11932,45373849.00,2.18,-0.81,-0.31,0.63
2020-01-20,38.15,39.88,40.30,37.50,35170,137933772.00,7.41,5.50,2.08,1.85
2020-01-21,39.56,38.15,40.06,37.70,27910,107961834.00,5.92,-4.34,-1.73,1.47
2020-01-22,38.02,37.95,38.35,37.10,18591,70017439.00,3.28,-0.52,-0.20,0.98
2020-01-23,37.60,36.64,37.88,35.42,32954,120512663.00,6.48,-3.45,-1.31,1.73
2020-02-03,32.98,33.21,36.00,32.98,40112,137261249.00,8.24,-9.36,-3.43,2.11
2020-02-04,33.72,36.53,36.53,33.70,35445,127427158.00,8.52,10.00,3.32,1.87
2020-02-05,37.68,38.45,39.65,37.41,44588,171329405.00,6.13,5.26,1.92,2.35
2020-02-06,38.90,40.62,41.49,38.51,61488,247790833.00,7.75,5.64,2.17,3.24
2020-02-07,40.59,41.26,42.58,40.12,40213,165990153.00,6.06,1.58,0.64,2.12
2020-02-10,42.45,42.50,44.39,41.63,45147,193379784.00,6.69,3.01,1.24,2.38
2020-02-11,43.30,40.96,43.35,40.35,45305,186887038.00,7.06,-3.62,-1.54,2.38
2020-02-12,40.93,45.06,45.06,40.60,73173,319744544.00,10.89,10.01,4.10,3.85
2020-02-13,44.41,42.33,45.26,41.72,76098,326053376.00,7.86,-6.06,-2.73,4.01
2020-02-14,41.85,40.49,42.00,40.21,48613,199426323.00,4.23,-4.35,-1.84,2.56
2020-02-17,41.05,42.10,42.49,40.10,58081,242097759.00,5.90,3.98,1.61,3.06
2020-02-18,42.18,42.77,43.16,41.21,40672,172170750.00,4.63,1.59,0.67,2.14
2020-02-19,42.03,41.23,42.75,41.01,37703,157078614.00,4.07,-3.60,-1.54,1.98
2020-02-20,41.30,41.67,42.37,40.45,47787,197625025.00,4.66,1.07,0.44,2.52
2020-02-21,41.64,42.74,43.65,41.24,52131,222395499.00,5.78,2.57,1.07,2.74
2020-02-24,42.69,44.01,44.66,42.50,41568,181593910.00,5.05,2.97,1.27,2.19
2020-02-25,43.00,42.95,43.81,40.83,44214,188402648.00,6.77,-2.41,-1.06,2.33
2020-02-26,42.20,42.19,44.43,41.86,54219,233204433.00,5.98,-1.77,-0.76,2.85
2020-02-27,43.00,46.41,46.41,43.00,57102,255481670.00,8.08,10.00,4.22,3.01
2020-02-28,45.00,46.34,50.49,44.93,114566,548629616.00,11.98,-0.15,-0.07,6.03
2020-03-02,48.24,49.05,49.76,46.50,73026,352096256.00,7.03,5.85,2.71,3.84
2020-03-03,49.80,47.57,52.75,46.46,98451,490058448.00,12.82,-3.02,-1.48,5.18
2020-03-04,46.50,45.45,47.00,44.65,62891,287045232.00,4.94,-4.46,-2.12,3.31
2020-03-05,45.78,44.90,46.66,43.85,45929,207023797.00,6.18,-1.21,-0.55,2.42
2020-03-06,45.40,45.24,46.20,44.26,41760,189836584.00,4.32,0.76,0.34,2.20
2020-03-09,43.78,41.59,44.79,41.12,43564,186127869.00,8.11,-8.07,-3.65,2.29
2020-03-10,40.88,43.20,43.47,40.88,40018,169576264.00,6.23,3.87,1.61,2.11
2020-03-11,43.21,41.79,44.21,41.66,37626,162033626.00,5.90,-3.26,-1.41,1.98
2020-03-12,41.66,41.43,42.11,40.50,20444,84432624.00,3.85,-0.86,-0.36,1.08
2020-03-13,39.97,42.55,43.20,39.04,32344,133676230.00,10.04,2.70,1.12,1.70
2020-03-16,43.00,40.17,43.44,39.44,29190,121357108.00,9.40,-5.59,-2.38,1.54
2020-03-17,40.88,40.81,41.94,38.22,34248,138609374.00,9.26,1.59,0.64,1.80
2020-03-18,41.44,39.80,41.95,39.70,25250,103163417.00,5.51,-2.47,-1.01,1.33
2020-03-19,39.80,40.35,40.45,38.55,22690,90458985.00,4.77,1.38,0.55,1.19
2020-03-20,41.46,42.00,42.60,40.58,30595,127191874.00,5.01,4.09,1.65,1.61
2020-03-23,41.00,41.98,43.45,40.58,32764,138424037.00,6.83,-0.05,-0.02,1.72
2020-03-24,42.95,43.99,44.70,42.50,34079,148781210.00,5.24,4.79,2.01,1.79
2020-03-25,44.60,44.44,45.33,43.65,26437,117908388.00,3.82,1.02,0.45,1.39
2020-03-26,44.60,44.92,45.50,43.72,26900,119931717.00,4.01,1.08,0.48,1.42
2020-03-27,45.23,42.77,45.28,42.60,32830,142825911.00,5.97,-4.79,-2.15,1.73
2020-03-30,42.65,39.49,42.65,38.59,38324,152971987.00,9.49,-7.67,-3.28,2.02
2020-03-31,39.86,38.95,40.10,38.00,21877,84852598.00,5.32,-1.37,-0.54,1.15
2020-04-01,38.50,38.10,39.85,37.80,20964,81277577.00,5.26,-2.18,-0.85,1.10
2020-04-02,38.12,40.50,41.10,37.97,23504,93009430.00,8.22,6.30,2.40,1.24
2020-04-03,40.51,40.85,42.30,40.07,22643,93124286.00,5.51,0.86,0.35,1.19
2020-04-07,41.33,43.15,43.39,41.01,26440,111823809.00,5.83,5.63,2.30,1.39
2020-04-08,42.82,42.40,43.30,42.31,12801,54693311.00,2.29,-1.74,-0.75,0.67
2020-04-09,42.89,43.59,44.10,42.60,19810,86170888.00,3.54,2.81,1.19,1.04
2020-04-10,43.88,39.88,43.88,39.60,40742,166998861.00,9.82,-8.51,-3.71,2.14
2020-04-13,39.89,39.81,40.40,38.83,19249,76548163.00,3.94,-0.18,-0.07,1.01
2020-04-14,39.51,42.12,42.45,39.51,27899,115846855.00,7.39,5.80,2.31,1.47
2020-04-15,42.38,41.46,42.45,41.22,16738,69981714.00,2.92,-1.57,-0.66,0.88
2020-04-16,41.49,43.35,43.53,40.85,30574,130676842.00,6.46,4.56,1.89,1.61
2020-04-17,43.30,42.78,43.80,42.41,20665,88933126.00,3.21,-1.31,-0.57,1.09
2020-04-20,42.90,43.71,44.18,42.78,24445,106479847.00,3.27,2.17,0.93,1.29
2020-04-21,43.83,43.89,44.09,42.69,18504,80614620.00,3.20,0.41,0.18,0.97
2020-04-22,43.21,43.27,43.82,42.25,23363,100081218.00,3.58,-1.41,-0.62,1.23
2020-04-23,42.89,41.85,43.45,41.55,26108,110293494.00,4.39,-3.28,-1.42,1.37
2020-04-24,42.12,40.70,42.12,40.60,22640,93025209.00,3.63,-2.75,-1.15,1.19
2020-04-27,41.38,40.97,41.94,40.69,20004,82559615.00,3.07,0.66,0.27,1.05
2020-04-28,41.06,42.10,43.50,41.06,33674,142732099.00,5.96,2.76,1.13,1.77
2020-04-29,41.70,42.20,43.20,40.85,26747,113604431.00,5.58,0.24,0.10,1.41
2020-04-30,42.01,43.78,44.04,41.61,43671,187424287.00,5.76,3.74,1.58,2.30
2020-05-06,42.96,44.20,44.30,42.81,37551,163767607.00,3.40,0.96,0.42,1.98
2020-05-07,44.20,44.89,45.45,44.20,31483,141502391.00,2.83,1.56,0.69,1.66
2020-05-08,45.15,44.87,46.21,44.75,28338,128424407.00,3.25,-0.04,-0.02,1.49
2020-05-11,45.46,43.73,45.50,43.28,28505,125506936.00,4.95,-2.54,-1.14,1.50
2020-05-12,43.97,43.73,44.02,43.15,25213,110043928.00,1.99,0.00,0.00,1.33
2020-05-13,43.80,44.66,44.93,43.31,22427,99719313.00,3.70,2.13,0.93,1.18
2020-05-14,44.59,43.52,44.59,43.42,25009,109493186.00,2.62,-2.55,-1.14,1.32
2020-05-15,43.85,43.70,43.98,43.00,14833,64548425.00,2.25,0.41,0.18,0.78
2020-05-18,43.77,42.50,43.77,42.07,22997,98567758.00,3.89,-2.75,-1.20,1.21
2020-05-19,42.91,42.69,42.98,42.20,20371,86509727.00,1.84,0.45,0.19,1.07
2020-05-20,42.48,41.80,42.65,41.50,25009,105155124.00,2.69,-2.08,-0.89,1.32
2020-05-21,42.00,40.98,42.35,40.80,20866,86098382.00,3.71,-1.96,-0.82,1.10
2020-05-22,40.90,40.05,40.99,39.66,19066,76834020.00,3.25,-2.27,-0.93,1.00
2020-05-25,40.46,40.26,40.46,39.70,11503,46125600.00,1.90,0.52,0.21,0.61
2020-05-26,40.48,40.63,41.20,40.12,14049,57063878.00,2.68,0.92,0.37,0.74
2020-05-27,40.72,39.26,40.86,38.95,25125,99717415.00,4.70,-3.37,-1.37,1.32
2020-05-28,39.58,38.16,39.58,37.53,31315,120096911.00,5.22,-2.80,-1.10,1.65
2020-05-29,38.63,38.12,38.88,37.88,20297,77897569.00,2.62,-0.10,-0.04,1.07
2020-06-01,38.55,39.69,39.91,38.36,44288,173530949.00,4.07,4.12,1.57,2.33
2020-06-02,39.77,39.50,40.20,38.88,26668,104960771.00,3.33,-0.48,-0.19,1.40
2020-06-03,39.40,38.90,39.50,38.61,27887,108604376.00,2.25,-1.52,-0.60,1.47
2020-06-04,38.83,38.08,38.99,37.50,36227,137466433.00,3.83,-2.11,-0.82,1.91
2020-06-05,38.04,37.43,38.30,36.88,31822,119127046.00,3.73,-1.71,-0.65,1.68
2020-06-08,37.88,37.70,38.14,37.08,24989,94152757.00,2.83,0.72,0.27,1.30
2020-06-09,37.75,37.95,38.11,37.31,20267,76586674.00,2.12,0.66,0.25,1.06
2020-06-10,38.17,38.30,38.33,37.65,25925,98557411.00,1.79,0.92,0.35,1.35
2020-06-11,38.26,37.85,38.37,37.78,20975,79712448.00,1.54,-1.17,-0.45,1.09
2020-06-12,37.00,37.73,37.99,36.75,25479,95437201.00,3.28,-0.32,-0.12,1.33
2020-06-15,37.79,38.67,39.30,37.71,35636,137693261.00,4.21,2.49,0.94,1.86
2020-06-16,27.65,27.38,27.70,27.10,32849,89695677.00,1.55,-29.20,-11.29,1.22
2020-06-17,27.40,26.75,27.41,26.52,36494,97713318.00,3.25,-2.30,-0.63,1.36
2020-06-18,26.81,27.00,27.15,26.47,28687,77038887.00,2.54,0.93,0.25,1.07
2020-06-19,26.80,27.03,27.19,26.72,25076,67659360.00,1.74,0.11,0.03,0.93
2020-06-22,27.50,27.60,28.17,27.16,54727,151307273.00,3.74,2.11,0.57,2.04
2020-06-23,27.61,29.13,29.58,27.47,82354,236141343.00,7.64,5.54,1.53,3.07
2020-06-24,29.20,29.11,29.80,28.88,45814,134342466.00,3.16,-0.07,-0.02,1.71
2020-06-29,29.10,28.38,29.77,28.08,43005,122567285.00,5.81,-2.51,-0.73,1.60
2020-06-30,28.80,30.41,30.99,28.60,66100,198087910.00,8.42,7.15,2.03,2.43
2020-07-01,31.08,30.50,31.08,29.88,39408,119787158.00,3.95,0.30,0.09,1.45
2020-07-02,30.25,30.01,30.47,29.33,53205,158479286.00,3.74,-1.61,-0.49,1.95
2020-07-03,29.66,29.90,30.10,29.08,34220,101542578.00,3.40,-0.37,-0.11,1.26
2020-07-06,29.90,30.65,30.95,29.50,52898,160486939.00,4.85,2.51,0.75,1.94
2020-07-07,30.60,31.32,31.50,29.91,99693,305202416.00,5.19,2.19,0.67,3.66
2020-07-08,30.98,31.07,31.60,30.48,70329,217423016.00,3.58,-0.80,-0.25,2.58
2020-07-09,31.50,31.93,32.16,30.81,97464,306281312.00,4.35,2.77,0.86,3.58
2020-07-10,32.00,31.85,33.33,31.45,82787,267236465.00,5.89,-0.25,-0.08,3.04
2020-07-13,31.28,32.44,32.66,31.28,68891,221277566.00,4.33,1.85,0.59,2.53
2020-07-14,32.46,31.53,32.97,30.95,60323,192198844.00,6.23,-2.81,-0.91,2.22
2020-07-15,31.78,30.96,32.50,30.60,61497,193092260.00,6.03,-1.81,-0.57,2.26
2020-07-16,30.91,28.71,31.21,28.56,48917,146706284.00,8.56,-7.27,-2.25,1.80
2020-07-17,28.54,28.60,29.13,27.90,49606,140677803.00,4.28,-0.38,-0.11,1.82
2020-07-20,28.52,28.62,29.01,28.00,37369,105979439.00,3.53,0.07,0.02,1.37
2020-07-21,28.62,28.81,29.21,28.20,57122,164074192.00,3.53,0.66,0.19,2.10
2020-07-22,28.40,28.96,29.35,28.31,48998,142288009.00,3.61,0.52,0.15,1.80
2020-07-23,28.79,28.54,29.08,27.79,34514,98046142.00,4.45,-1.45,-0.42,1.27
2020-07-24,28.65,27.10,28.87,26.99,37838,105159880.00,6.59,-5.05,-1.44,1.39
2020-07-27,27.11,27.27,27.47,26.68,33009,89402352.00,2.92,0.63,0.17,1.21
2020-07-28,27.64,27.67,27.86,27.29,18354,50491900.00,2.09,1.47,0.40,0.67
2020-07-29,27.41,27.86,27.94,27.41,27015,75095438.00,1.92,0.69,0.19,0.99
2020-07-30,27.88,27.05,28.07,27.00,35863,98318049.00,3.84,-2.91,-0.81,1.32
2020-07-31,27.28,27.65,28.56,27.01,47683,132623718.00,5.73,2.22,0.60,1.75
2020-08-03,28.00,28.27,28.27,27.68,37627,105550833.00,2.13,2.24,0.62,1.38
2020-08-04,28.16,27.97,28.44,27.86,33268,93355256.00,2.05,-1.06,-0.30,1.22
2020-08-05,27.91,28.09,28.30,27.71,31849,89333331.00,2.11,0.43,0.12,1.17
2020-08-06,28.08,27.28,28.28,27.09,58647,160591301.00,4.24,-2.88,-0.81,2.15
2020-08-07,27.08,27.13,27.39,26.60,29029,78196377.00,2.90,-0.55,-0.15,1.07
2020-08-10,27.05,27.35,27.45,26.90,24856,67614900.00,2.03,0.81,0.22,0.91
2020-08-11,27.50,26.50,27.50,26.48,28899,77678386.00,3.73,-3.11,-0.85,1.06
2020-08-12,26.62,25.54,26.62,25.00,39625,101236780.00,6.11,-3.62,-0.96,1.46
2020-08-13,25.55,24.94,25.65,24.79,36504,91550225.00,3.37,-2.35,-0.60,1.34
2020-08-14,24.96,25.34,25.38,24.80,23325,58516920.00,2.33,1.60,0.40,0.86
2020-08-17,25.40,25.60,25.78,25.30,23754,60683113.00,1.89,1.03,0.26,0.87
2020-08-18,25.57,25.71,25.80,25.40,24482,62653437.00,1.56,0.43,0.11,0.90
2020-08-19,25.71,25.53,26.18,25.36,27279,70228037.00,3.19,-0.70,-0.18,1.00
2020-08-20,25.37,25.74,25.96,24.97,25780,66278153.00,3.88,0.82,0.21,0.95
2020-08-21,25.74,25.60,26.05,25.39,18960,48605425.00,2.56,-0.54,-0.14,0.70
2020-08-24,25.30,25.47,25.80,25.15,18394,46928025.00,2.54,-0.51,-0.13,0.68
2020-08-25,25.35,25.33,25.57,25.17,24000,60748926.00,1.57,-0.55,-0.14,0.88
2020-08-26,25.33,25.39,26.08,25.23,33544,85866122.00,3.36,0.24,0.06,1.23
2020-08-27,25.47,24.99,25.49,24.80,28234,70536624.00,2.72,-1.58,-0.40,1.04
2020-08-28,25.14,25.05,25.21,24.57,30358,75321738.00,2.56,0.24,0.06,1.11
2020-08-31,25.24,25.47,25.80,25.13,31163,79614987.00,2.67,1.68,0.42,1.14
2020-09-01,25.32,25.25,25.36,24.90,19282,48498397.00,1.81,-0.86,-0.22,0.71
2020-09-02,25.30,25.19,25.50,24.94,24134,60853132.00,2.22,-0.24,-0.06,0.89
2020-09-03,25.10,24.80,25.28,24.80,24256,60572741.00,1.91,-1.55,-0.39,0.89
2020-09-04,24.62,24.55,24.62,24.10,25036,60984810.00,2.10,-1.01,-0.25,0.92
2020-09-07,24.56,24.40,25.02,24.35,22076,54510354.00,2.73,-0.61,-0.15,0.81
2020-09-08,24.40,24.53,24.68,24.00,24256,59198508.00,2.79,0.53,0.13,0.89
2020-09-09,24.35,23.30,24.35,22.86,51797,121445956.00,6.07,-5.01,-1.23,1.90
2020-09-10,23.35,22.35,23.45,21.97,58955,132257646.00,6.35,-4.08,-0.95,2.17
2020-09-11,22.15,22.32,22.48,21.30,43098,94633015.00,5.28,-0.13,-0.03,1.58
2020-09-14,22.32,23.07,23.50,22.01,47727,109695900.00,6.68,3.36,0.75,1.75
2020-09-15,23.09,22.90,23.20,22.72,20843,47811074.00,2.08,-0.74,-0.17,0.77
2020-09-16,22.90,22.76,23.06,22.56,22699,51591353.00,2.18,-0.61,-0.14,0.83
2020-09-17,22.66,22.75,23.00,22.35,29900,67788843.00,2.86,-0.04,-0.01,1.10
2020-09-18,22.71,23.15,23.16,22.59,22232,50974563.00,2.51,1.76,0.40,0.82
2020-09-21,23.31,23.15,23.40,23.06,20484,47528187.00,1.47,0.00,0.00,0.75
2020-09-22,22.92,22.67,23.10,22.61,21785,49712894.00,2.12,-2.07,-0.48,0.80
2020-09-23,22.84,22.78,22.92,22.60,17463,39757656.00,1.41,0.49,0.11,0.64
2020-09-24,22.78,21.90,22.78,21.81,29079,64210670.00,4.26,-3.86,-0.88,1.07
2020-09-25,22.06,21.84,22.25,21.69,19946,43731761.00,2.56,-0.27,-0.06,0.73
2020-09-28,21.83,21.45,21.95,21.01,30941,65875162.00,4.30,-1.79,-0.39,1.14
2020-09-29,21.56,21.20,21.73,20.73,39717,84396225.00,4.66,-1.17,-0.25,1.46
2020-09-30,21.48,21.00,21.48,20.80,28772,60696000.00,3.21,-0.94,-0.20,1.06
2020-10-09,21.25,21.66,22.00,21.14,35354,76550460.00,4.10,3.14,0.66,1.30
2020-10-12,21.85,23.18,23.35,21.61,54100,123186593.00,8.03,7.02,1.52,1.99
2020-10-13,23.16,23.07,23.20,22.81,22423,51631828.00,1.68,-0.47,-0.11,0.82
2020-10-14,23.07,23.03,23.32,22.90,20226,46687938.00,1.82,-0.17,-0.04,0.74
2020-10-15,23.20,23.04,23.51,22.87,24881,57689318.00,2.78,0.04,0.01,0.91
2020-10-16,23.04,22.93,23.32,22.62,23964,55090543.00,3.04,-0.48,-0.11,0.88
2020-10-19,23.22,22.65,23.32,22.60,19131,43700648.00,3.14,-1.22,-0.28,0.70
2020-10-20,22.60,22.57,22.78,22.27,20212,45389770.00,2.25,-0.35,-0.08,0.74
2020-10-21,22.70,22.00,22.70,21.88,24223,53601002.00,3.63,-2.53,-0.57,0.89
2020-10-22,21.95,22.23,22.37,21.71,19467,43043353.00,3.00,1.05,0.23,0.71
2020-10-23,22.36,21.75,22.36,21.71,14305,31361560.00,2.92,-2.16,-0.48,0.53
2020-10-26,21.79,21.58,21.90,21.44,13680,29621120.00,2.11,-0.78,-0.17,0.50
2020-10-27,21.41,21.48,21.78,21.26,16638,35731810.00,2.41,-0.46,-0.10,0.61
2020-10-28,21.44,21.40,21.68,21.12,15952,33997779.00,2.61,-0.37,-0.08,0.59
2020-10-29,21.30,22.07,22.32,21.17,53197,115978970.00,5.37,3.13,0.67,1.95
2020-10-30,22.00,21.15,22.00,21.14,31167,66893115.00,3.90,-4.17,-0.92,1.14
2020-11-02,21.32,20.40,21.32,20.28,34595,71193772.00,4.92,-3.55,-0.75,1.27
2020-11-03,20.44,21.74,22.10,20.44,49720,107237474.00,8.14,6.57,1.34,1.83
2020-11-04,21.96,21.61,21.98,21.33,26426,57073940.00,2.99,-0.60,-0.13,0.97
2020-11-05,21.81,22.60,22.76,21.74,43757,97711895.00,4.72,4.58,0.99,1.61
2020-11-06,22.62,22.63,22.87,22.39,25800,58397780.00,2.12,0.13,0.03,0.95
2020-11-09,22.64,23.02,23.18,22.64,37413,85940856.00,2.39,1.72,0.39,1.37
2020-11-10,23.11,22.53,23.25,22.46,21922,49741376.00,3.43,-2.13,-0.49,0.81
2020-11-11,22.53,22.18,22.73,22.14,16821,37526586.00,2.62,-1.55,-0.35,0.62
2020-11-12,22.19,22.15,22.41,22.01,14181,31400907.00,1.80,-0.14,-0.03,0.52
2020-11-13,22.25,22.53,22.61,21.94,21945,49120992.00,3.02,1.72,0.38,0.81
2020-11-16,22.74,23.84,24.00,22.30,68910,161787543.00,7.55,5.81,1.31,2.53
2020-11-17,23.75,22.41,23.79,22.17,68231,155039904.00,6.80,-6.00,-1.43,2.51
2020-11-18,22.42,22.40,23.16,22.35,36424,82349634.00,3.61,-0.04,-0.01,1.34
2020-11-19,22.79,23.70,23.88,22.41,74806,175184467.00,6.56,5.80,1.30,2.75
2020-11-20,23.86,24.36,24.39,23.53,64783,155922142.00,3.63,2.78,0.66,2.38
2020-11-23,24.36,23.80,24.36,23.54,50113,119527637.00,3.37,-2.30,-0.56,1.84
2020-11-24,23.80,23.83,24.18,23.64,32812,78343340.00,2.27,0.13,0.03,1.21
2020-11-25,23.78,23.03,23.83,23.02,35358,82658911.00,3.40,-3.36,-0.80,1.30
2020-11-26,23.01,23.15,23.36,22.98,22769,52787381.00,1.65,0.52,0.12,0.84
2020-11-27,23.19,22.99,23.32,22.80,18071,41548879.00,2.25,-0.69,-0.16,0.66
2020-11-30,22.87,22.93,23.21,22.60,21472,49377650.00,2.65,-0.26,-0.06,0.79
2020-12-01,23.10,23.57,23.66,22.70,24238,56906442.00,4.19,2.79,0.64,0.89
2020-12-02,23.45,24.31,24.48,23.38,56576,136974912.00,4.67,3.14,0.74,2.08
2020-12-03,24.31,24.84,24.97,23.96,58449,143929022.00,4.15,2.18,0.53,2.15
2020-12-04,24.82,24.83,25.08,24.46,38061,94520792.00,2.50,-0.04,-0.01,1.40
2020-12-07,24.82,24.79,25.10,24.53,24524,60877121.00,2.30,-0.16,-0.04,0.90
2020-12-08,24.71,25.24,25.50,24.50,45274,113480419.00,4.03,1.82,0.45,1.66
2020-12-09,25.30,24.80,25.37,24.55,36103,89899806.00,3.25,-1.74,-0.44,1.33
2020-12-10,24.66,24.22,24.96,24.10,30115,73675862.00,3.47,-2.34,-0.58,1.11
2020-12-11,24.34,24.36,24.46,23.79,32008,77059153.00,2.77,0.58,0.14,1.18
2020-12-14,24.10,24.33,24.36,23.29,32019,76008651.00,4.39,-0.12,-0.03,1.18
2020-12-15,24.66,24.10,24.76,23.96,26976,65479176.00,3.29,-0.95,-0.23,0.99
2020-12-16,23.92,24.12,24.24,23.38,24908,59243247.00,3.57,0.08,0.02,0.91
2020-12-17,23.90,23.93,24.09,23.55,16345,38979381.00,2.24,-0.79,-0.19,0.60
2020-12-18,24.20,23.25,24.20,23.19,21369,50252675.00,4.22,-2.84,-0.68,0.78
2020-12-21,23.05,23.82,23.84,22.84,19503,45763154.00,4.30,2.45,0.57,0.72
2020-12-22,23.64,23.25,24.12,23.10,24549,57815872.00,4.28,-2.39,-0.57,0.90
2020-12-23,23.07,22.49,23.37,22.40,32334,73475839.00,4.17,-3.27,-0.76,1.19
2020-12-24,22.42,22.07,22.53,21.65,23087,51064753.00,3.91,-1.87,-0.42,0.85
2020-12-25,22.08,22.04,22.24,21.80,15591,34285052.00,1.99,-0.14,-0.03,0.57
2020-12-28,22.03,21.22,22.03,21.17,20600,44098161.00,3.90,-3.72,-0.82,0.76
2020-12-29,21.44,22.20,22.24,21.37,29742,65216668.00,4.10,4.62,0.98,1.09
2020-12-30,22.20,22.37,22.48,21.91,16478,36683900.00,2.57,0.77,0.17,0.61
2020-12-31,22.40,23.34,23.59,22.40,30125,70005199.00,5.32,4.34,0.97,1.11
2021-01-04,23.29,23.28,23.68,23.15,23453,54737697.00,2.27,-0.26,-0.06,0.86
2021-01-05,23.18,22.82,23.70,22.75,30715,70834783.00,4.08,-1.98,-0.46,1.13
2021-01-06,22.88,21.71,23.04,21.50,49607,109510700.00,6.75,-4.86,-1.11,1.82
2021-01-07,21.83,19.80,21.84,19.59,85649,174958887.00,10.36,-8.80,-1.91,3.15
2021-01-08,19.80,19.39,19.98,19.22,63594,123983612.00,3.84,-2.07,-0.41,2.34
2021-01-11,19.41,19.11,19.79,19.01,36820,71408119.00,4.02,-1.44,-0.28,1.35
2021-01-12,19.01,19.08,19.30,18.81,25570,48638927.00,2.56,-0.16,-0.03,0.94
2021-01-13,19.10,19.68,19.90,18.90,47528,91970510.00,5.24,3.14,0.60,1.75
2021-01-14,19.56,19.63,20.14,19.38,23308,45909716.00,3.86,-0.25,-0.05,0.86
2021-01-15,19.83,19.28,19.83,19.16,24181,46995213.00,3.41,-1.78,-0.35,0.89
2021-01-18,19.28,20.02,20.27,19.20,29792,59156156.00,5.55,3.84,0.74,1.09
2021-01-19,20.06,19.94,20.24,19.86,18152,36316242.00,1.90,-0.40,-0.08,0.67
2021-01-20,19.84,20.05,20.08,19.59,18755,37190246.00,2.46,0.55,0.11,0.69
2021-01-21,20.03,19.75,20.03,19.62,21809,43151074.00,2.04,-1.50,-0.30,0.80
2021-01-22,19.80,19.05,19.86,18.97,38350,73590334.00,4.51,-3.54,-0.70,1.41
2021-01-25,18.92,17.61,19.20,17.50,73841,133670948.00,8.92,-7.56,-1.44,2.71
2021-01-26,18.67,18.00,19.30,17.93,69190,128138971.00,7.78,2.21,0.39,2.54
2021-01-27,18.17,18.17,18.32,17.47,54995,98411175.00,4.72,0.94,0.17,2.02
2021-01-28,17.97,17.70,18.35,17.68,29503,53029266.00,3.69,-2.59,-0.47,1.08
2021-01-29,17.80,18.09,18.16,17.50,42024,75148718.00,3.73,2.20,0.39,1.54
2021-02-01,18.15,17.85,18.56,17.67,32202,57883288.00,4.92,-1.33,-0.24,1.18
2021-02-02,17.72,17.93,18.29,17.61,27454,49328034.00,3.81,0.45,0.08,1.01
2021-02-03,17.89,17.09,17.89,16.96,41285,71772570.00,5.19,-4.68,-0.84,1.52
2021-02-04,17.12,16.62,17.12,16.25,35892,59492167.00,5.09,-2.75,-0.47,1.32
2021-02-05,16.80,16.20,17.00,16.10,31283,51393478.00,5.42,-2.53,-0.42,1.15
2021-02-08,16.37,16.47,16.62,16.06,23232,38183049.00,3.46,1.67,0.27,0.85
2021-02-09,16.38,16.80,16.90,16.38,18671,31177901.00,3.16,2.00,0.33,0.69
2021-02-10,16.73,17.45,17.65,16.62,25782,44470791.00,6.13,3.87,0.65,0.95
2021-02-18,17.88,18.01,18.20,17.40,23649,42320643.00,4.58,3.21,0.56,0.80
2021-02-19,18.07,18.42,18.51,17.74,28489,51811303.00,4.28,2.28,0.41,0.97
2021-02-22,18.55,18.87,19.34,18.54,43068,82093441.00,4.34,2.44,0.45,1.46
2021-02-23,18.71,18.72,19.10,18.40,28663,53873655.00,3.71,-0.79,-0.15,0.97
2021-02-24,18.66,18.96,19.35,18.66,25914,49431486.00,3.69,1.28,0.24,0.88
2021-02-25,18.89,19.19,19.77,18.89,39766,76520839.00,4.64,1.21,0.23,1.35
2021-02-26,18.34,19.16,19.52,18.34,31807,60854188.00,6.15,-0.16,-0.03,1.08
2021-03-01,19.16,20.02,20.15,19.07,47446,94069927.00,5.64,4.49,0.86,1.61
2021-03-02,19.87,19.38,20.05,19.32,34361,67467429.00,3.65,-3.20,-0.64,1.16
2021-03-03,19.36,19.81,19.95,19.36,25378,50063473.00,3.04,2.22,0.43,0.86
2021-03-04,19.71,19.35,19.88,19.21,21268,41545828.00,3.38,-2.32,-0.46,0.72
2021-03-05,19.25,19.99,20.13,19.21,28738,57169693.00,4.75,3.31,0.64,0.97
2021-03-08,20.12,19.87,20.47,19.83,38553,77762261.00,3.20,-0.60,-0.12,1.31
2021-03-09,19.82,19.34,20.08,19.23,30461,59884551.00,4.28,-2.67,-0.53,1.03
2021-03-10,19.37,18.59,19.60,18.55,29812,56446742.00,5.43,-3.88,-0.75,1.01
2021-03-11,18.59,18.90,18.90,18.30,23189,43265310.00,3.23,1.67,0.31,0.79
2021-03-12,18.71,18.25,19.00,18.11,37901,69567891.00,4.71,-3.44,-0.65,1.28
2021-03-15,18.36,20.08,20.08,18.19,134804,264421518.00,10.36,10.03,1.83,4.57
2021-03-16,20.08,19.71,20.57,19.58,122380,245051327.00,4.93,-1.84,-0.37,4.15
2021-03-17,19.48,19.37,19.68,19.15,68727,132942904.00,2.69,-1.73,-0.34,2.33
2021-03-18,19.19,18.84,19.27,18.62,70511,132919421.00,3.36,-2.74,-0.53,2.39
2021-03-19,18.83,18.48,19.17,18.40,60309,112702299.00,4.09,-1.91,-0.36,2.04
2021-03-22,18.36,18.60,18.71,18.19,36872,68226036.00,2.81,0.65,0.12,1.25
2021-03-23,18.64,18.84,18.90,18.20,48348,89710717.00,3.76,1.29,0.24,1.64
2021-03-24,18.76,19.16,19.26,18.28,60678,114143480.00,5.20,1.70,0.32,2.06
2021-03-25,19.00,19.49,19.54,18.67,50033,95850816.00,4.54,1.72,0.33,1.70
2021-03-26,19.40,20.02,20.08,19.21,65659,128917290.00,4.46,2.72,0.53,2.22
2021-03-29,20.02,19.41,20.05,19.40,49740,97745105.00,3.25,-3.05,-0.61,1.69
2021-03-30,19.36,18.76,19.36,18.73,44034,83362912.00,3.25,-3.35,-0.65,1.49
2021-03-31,18.77,18.85,19.08,18.55,32284,60558183.00,2.83,0.48,0.09,1.09
2021-04-01,18.85,18.65,18.94,18.60,24425,45636938.00,1.80,-1.06,-0.20,0.83
2021-04-02,18.62,18.62,18.90,18.57,27619,51629461.00,1.77,-0.16,-0.03,0.94
2021-04-06,18.67,18.91,19.05,18.56,28658,54116977.00,2.63,1.56,0.29,0.97
2021-04-07,18.87,18.81,19.07,18.72,21589,40691525.00,1.85,-0.53,-0.10,0.73
2021-04-08,18.78,18.58,18.98,18.57,20796,38964168.00,2.18,-1.22,-0.23,0.70
2021-04-09,18.55,18.35,18.67,18.31,20820,38336824.00,1.94,-1.24,-0.23,0.71
2021-04-12,18.31,18.15,18.36,18.02,21683,39402062.00,1.85,-1.09,-0.20,0.73
2021-04-13,18.15,18.29,18.38,17.90,16421,29949718.00,2.64,0.77,0.14,0.56
2021-04-14,18.30,18.34,18.45,18.03,12540,22895833.00,2.30,0.27,0.05,0.42
2021-04-15,18.34,18.21,18.47,18.12,14132,25869202.00,1.91,-0.71,-0.13,0.48
2021-04-16,18.40,18.61,18.64,18.23,19092,35348828.00,2.25,2.20,0.40,0.65
2021-04-19,18.45,18.67,18.73,18.45,17658,32916318.00,1.50,0.32,0.06,0.60
2021-04-20,18.67,18.55,18.87,18.52,17150,32071515.00,1.87,-0.64,-0.12,0.58
2021-04-21,18.56,18.51,18.65,18.45,12408,23025213.00,1.08,-0.22,-0.04,0.42
2021-04-22,18.51,18.60,18.75,18.49,19453,36222102.00,1.40,0.49,0.09,0.66
2021-04-23,18.60,18.09,18.71,17.95,39877,72394792.00,4.09,-2.74,-0.51,1.35
2021-04-26,17.99,17.63,18.00,17.60,40739,72218972.00,2.21,-2.54,-0.46,1.38
2021-04-27,17.58,17.10,17.63,17.05,32136,55461429.00,3.29,-3.01,-0.53,1.09
2021-04-28,17.08,17.24,17.56,17.04,30195,52222569.00,3.04,0.82,0.14,1.02
2021-04-29,16.90,16.71,17.15,16.55,49902,83919120.00,3.48,-3.07,-0.53,1.69
2021-04-30,16.73,16.32,16.78,16.16,42111,69006703.00,3.71,-2.33,-0.39,1.43
2021-05-06,16.32,16.21,16.55,16.16,27020,43948237.00,2.39,-0.67,-0.11,0.92
2021-05-07,16.24,16.48,16.53,16.16,25155,41264163.00,2.28,1.67,0.27,0.85
2021-05-10,16.45,16.38,16.60,16.27,20476,33555314.00,2.00,-0.61,-0.10,0.69
2021-05-11,16.32,16.79,16.84,16.19,25979,43152589.00,3.97,2.50,0.41,0.88
2021-05-12,16.72,16.63,16.77,16.39,22173,36724151.00,2.26,-0.95,-0.16,0.75
2021-05-13,16.52,16.42,16.73,16.39,15780,26122007.00,2.04,-1.26,-0.21,0.53
2021-05-14,16.40,16.62,16.68,16.37,16337,27059936.00,1.89,1.22,0.20,0.55
2021-05-17,16.66,16.44,16.75,16.41,22532,37369258.00,2.05,-1.08,-0.18,0.76
2021-05-18,16.44,16.46,16.55,16.36,14781,24298686.00,1.16,0.12,0.02,0.50
2021-05-19,16.40,16.44,16.46,16.22,16801,27417690.00,1.46,-0.12,-0.02,0.57
2021-05-20,16.40,16.23,16.48,16.23,20614,33646198.00,1.52,-1.28,-0.21,0.70
2021-05-21,16.24,16.24,16.43,16.18,14265,23219412.00,1.54,0.06,0.01,0.48
2021-05-24,16.25,16.47,16.55,16.20,19349,31738927.00,2.16,1.42,0.23,0.66
2021-05-25,16.47,16.84,16.87,16.47,26274,43816238.00,2.43,2.25,0.37,0.89
2021-05-26,16.84,16.89,17.20,16.80,26769,45546643.00,2.38,0.30,0.05,0.91
2021-05-27,16.89,17.06,17.15,16.78,17010,28941391.00,2.19,1.01,0.17,0.58
2021-05-28,17.06,16.86,17.24,16.81,20717,35106711.00,2.52,-1.17,-0.20,0.70
2021-05-31,16.88,17.20,17.22,16.88,19988,34159799.00,2.02,2.02,0.34,0.68
2021-06-01,17.26,17.23,17.36,17.12,20457,35272058.00,1.40,0.17,0.03,0.69
2021-06-02,17.04,16.70,17.10,16.62,26896,45294674.00,2.79,-3.08,-0.53,0.91
2021-06-03,16.69,16.93,17.15,16.65,18646,31634549.00,2.99,1.38,0.23,0.63
2021-06-04,17.07,16.83,17.08,16.72,12936,21759110.00,2.13,-0.59,-0.10,0.44
2021-06-07,16.85,17.10,17.10,16.83,20887,35394595.00,1.60,1.60,0.27,0.71
2021-06-08,17.26,17.06,17.39,17.03,26363,45296502.00,2.11,-0.23,-0.04,0.89
2021-06-09,17.05,17.51,17.51,17.05,32478,56400091.00,2.70,2.64,0.45,1.10
2021-06-10,17.90,18.55,18.65,17.75,84704,154677967.00,5.14,5.94,1.04,2.87
2021-06-11,18.81,18.13,18.86,18.08,65165,120295154.00,4.20,-2.26,-0.42,2.21
2021-06-15,18.12,18.15,18.34,18.02,35372,64258063.00,1.77,0.11,0.02,1.20
2021-06-16,18.13,17.96,18.40,17.95,28152,51103205.00,2.48,-1.05,-0.19,0.95
2021-06-17,17.96,18.19,18.23,17.82,21608,39035650.00,2.28,1.28,0.23,0.73
2021-06-18,18.16,18.05,18.30,17.83,20789,37405834.00,2.58,-0.77,-0.14,0.70
2021-06-21,17.93,18.34,18.35,17.90,25666,46768824.00,2.49,1.61,0.29,0.87
2021-06-22,18.29,18.08,18.39,18.03,18618,33782687.00,1.96,-1.42,-0.26,0.63
2021-06-23,18.09,17.89,18.15,17.75,29431,52592715.00,2.21,-1.05,-0.19,1.00
2021-06-24,17.84,17.65,17.91,17.60,23634,41834137.00,1.73,-1.34,-0.24,0.80
2021-06-25,17.62,17.45,17.80,17.42,29590,51873995.00,2.15,-1.13,-0.20,1.00
2021-06-28,17.51,17.65,17.89,17.40,27190,47968321.00,2.81,1.15,0.20,0.92
2021-06-29,17.64,17.40,17.79,17.40,18875,33200265.00,2.21,-1.42,-0.25,0.64
2021-06-30,17.42,17.69,17.69,17.24,21203,37050105.00,2.59,1.67,0.29,0.72
2021-07-01,17.70,17.43,17.82,17.40,19752,34869921.00,2.37,-1.47,-0.26,0.67
2021-07-02,17.43,16.90,17.57,16.90,24874,42629365.00,3.84,-3.04,-0.53,0.84
2021-07-05,17.23,17.25,17.30,16.95,16514,28346130.00,2.07,2.07,0.35,0.56
2021-07-06,17.25,17.42,17.59,17.20,15966,27793812.00,2.26,0.99,0.17,0.54
2021-07-07,17.50,17.41,17.50,17.25,13210,22906578.00,1.44,-0.06,-0.01,0.45
2021-07-08,17.31,17.25,17.50,17.18,15314,26504509.00,1.84,-0.92,-0.16,0.52
2021-07-09,17.23,16.96,17.23,16.91,20943,35639980.00,1.86,-1.68,-0.29,0.71
2021-07-12,17.01,17.65,17.69,17.01,34096,59576528.00,4.01,4.07,0.69,1.16
2021-07-13,17.82,17.90,18.23,17.76,34348,61690054.00,2.66,1.42,0.25,1.16
2021-07-14,18.22,18.07,18.22,17.80,40135,72330130.00,2.35,0.95,0.17,1.36
2021-07-15,18.02,17.89,18.12,17.69,22807,40833926.00,2.38,-1.00,-0.18,0.77
2021-07-16,18.08,17.87,18.08,17.81,17760,31880790.00,1.51,-0.11,-0.02,0.60
