2017-04-27,21.23,21.23,21.23,21.23,30,63690.00,0.00,10.00,1.93,0.01
2017-04-28,23.35,23.35,23.35,23.35,64,149440.00,0.00,9.99,2.12,0.02
2017-05-02,25.69,25.69,25.69,25.69,69,177081.00,0.00,10.02,2.34,0.02
2017-05-03,28.26,28.26,28.26,28.26,89,251514.00,0.00,10.00,2.57,0.02
2017-05-04,31.09,31.09,31.09,31.09,331,1027742.00,0.00,10.01,2.83,0.09
2017-05-05,34.20,34.20,34.20,34.20,638,2180352.00,0.00,10.00,3.11,0.18
2017-05-08,37.62,35.00,37.62,34.78,178307,638662496.00,8.30,2.34,0.80,49.66
2017-05-09,33.50,35.26,35.55,33.01,121664,419304112.00,7.26,0.74,0.26,33.88
2017-05-10,34.80,31.90,36.18,31.80,125580,428607120.00,12.42,-9.53,-3.36,34.97
2017-05-11,30.68,33.19,33.93,30.30,110371,353155056.00,11.38,4.04,1.29,30.74
2017-05-12,32.91,35.19,35.92,32.88,121799,420073232.00,9.16,6.03,2.00,33.92
2017-05-15,34.69,34.55,35.98,34.03,96223,337041232.00,5.54,-1.82,-0.64,26.80
2017-05-16,33.75,35.70,35.80,32.75,99156,339635520.00,8.83,3.33,1.15,27.61
2017-05-17,35.52,35.80,38.45,35.42,127423,468054512.00,8.49,0.28,0.10,35.49
2017-05-18,34.40,32.93,35.29,32.80,91910,313805744.00,6.96,-8.02,-2.87,25.60
2017-05-19,32.70,31.70,33.13,30.98,71832,229898300.00,6.53,-3.74,-1.23,20.01
2017-05-22,31.39,28.53,31.53,28.53,73987,221832747.00,9.46,-10.00,-3.17,20.61
2017-05-23,28.98,28.80,30.10,28.08,66522,194418128.00,7.08,0.95,0.27,18.53
2017-05-24,28.56,29.46,29.70,28.17,48024,140021859.00,5.31,2.29,0.66,13.37
2017-05-25,29.34,29.00,29.67,27.53,60973,174809435.00,7.26,-1.56,-0.46,16.98
2017-05-26,29.01,29.73,30.18,28.66,60553,178775314.00,5.24,2.52,0.73,16.86
2017-05-31,30.98,30.42,32.23,30.00,77042,240302501.00,7.50,2.32,0.69,21.46
2017-06-01,29.60,27.95,29.80,27.93,58888,170152951.00,6.15,-8.12,-2.47,16.40
2017-06-02,27.31,28.55,28.97,27.30,32201,90819280.00,5.97,2.15,0.60,8.97
2017-06-05,29.00,28.20,29.38,28.15,45729,131732466.00,4.31,-1.23,-0.35,12.74
2017-06-06,28.00,28.20,28.25,27.70,27101,75824085.00,1.95,0.00,0.00,7.55
2017-06-07,28.06,29.47,29.90,28.02,50523,147095865.00,6.67,4.50,1.27,14.07
2017-06-08,29.33,28.92,29.53,28.57,38466,111692067.00,3.26,-1.87,-0.55,10.71
2017-06-09,29.03,29.69,30.38,28.30,60750,179630732.00,7.19,2.66,0.77,16.92
2017-06-12,29.01,28.32,29.09,28.02,37792,107865375.00,3.60,-4.61,-1.37,10.52
2017-06-13,28.00,29.60,29.95,27.92,42734,124598925.00,7.17,4.52,1.28,11.90
2017-06-14,29.60,29.65,29.87,29.03,45882,135470585.00,2.84,0.17,0.05,12.78
2017-06-15,29.69,29.74,30.38,29.42,63445,190034542.00,3.24,0.30,0.09,17.67
2017-06-16,29.79,29.30,29.88,29.21,31742,93544711.00,2.25,-1.48,-0.44,8.84
2017-06-19,29.29,28.55,29.67,28.38,42458,122448814.00,4.40,-2.56,-0.75,11.82
2017-06-20,28.77,28.46,28.98,28.30,26934,77105401.00,2.38,-0.32,-0.09,7.50
2017-06-21,28.41,28.58,28.78,28.00,22816,64816924.00,2.74,0.42,0.12,6.35
2017-06-22,28.58,27.50,28.65,27.50,22509,63335010.00,4.02,-3.78,-1.08,6.27
2017-06-23,27.32,27.19,27.80,26.50,28990,78514000.00,4.73,-1.13,-0.31,8.07
2017-06-26,27.08,27.30,27.50,26.59,20531,55573122.00,3.35,0.40,0.11,5.72
2017-06-27,27.21,27.12,27.65,27.05,17156,46872177.00,2.20,-0.66,-0.18,4.78
2017-06-28,26.92,26.29,27.08,26.06,22300,58993990.00,3.76,-3.06,-0.83,6.21
2017-06-29,26.28,26.41,26.68,26.28,12003,31740772.00,1.52,0.46,0.12,3.34
2017-06-30,26.25,26.93,27.38,26.11,28743,77442014.00,4.81,1.97,0.52,8.00
2017-07-03,26.87,27.24,27.29,26.82,17920,48521712.00,1.75,1.15,0.31,4.99
2017-07-04,27.26,27.65,28.48,27.11,38399,106388659.00,5.03,1.51,0.41,10.69
2017-07-05,27.58,28.12,28.20,27.40,37480,104781364.00,2.89,1.70,0.47,10.44
2017-07-06,28.18,28.99,29.30,27.91,62654,179370820.00,4.94,3.09,0.87,17.45
2017-07-07,28.90,29.48,29.87,28.81,58251,171588171.00,3.66,1.69,0.49,16.22
2017-07-10,29.00,28.30,29.25,27.88,45345,129152041.00,4.65,-4.00,-1.18,12.63
2017-07-11,28.31,28.43,28.60,28.05,22140,62769518.00,1.94,0.46,0.13,6.17
2017-07-12,28.21,28.48,28.50,26.82,33114,91720289.00,5.91,0.18,0.05,9.22
2017-07-13,28.15,27.80,28.56,27.70,22321,62827173.00,3.02,-2.39,-0.68,6.22
2017-07-14,28.00,28.22,28.46,27.78,20138,56707681.00,2.45,1.51,0.42,5.61
2017-07-17,27.50,26.99,27.62,26.60,39753,107830202.00,3.61,-4.36,-1.23,11.07
2017-07-18,26.71,27.00,27.23,26.10,16734,44815796.00,4.19,0.04,0.01,4.66
2017-07-19,26.94,26.86,27.00,26.29,22104,58875469.00,2.63,-0.52,-0.14,6.16
2017-07-20,26.81,26.61,27.20,26.61,14488,38988584.00,2.20,-0.93,-0.25,4.04
2017-07-21,26.40,26.26,26.79,26.20,12828,33859266.00,2.22,-1.32,-0.35,3.57
2017-07-24,26.00,26.35,26.44,25.45,17758,46010235.00,3.77,0.34,0.09,4.95
2017-07-25,26.16,26.11,26.42,25.96,9033,23659064.00,1.75,-0.91,-0.24,2.52
2017-07-26,26.18,26.22,26.60,25.71,12039,31512878.00,3.41,0.42,0.11,3.35
2017-07-27,26.03,27.15,27.22,25.95,21304,56976116.00,4.84,3.55,0.93,5.93
2017-07-28,27.01,26.73,27.24,26.61,13199,35426174.00,2.32,-1.55,-0.42,3.68
2017-07-31,26.58,26.87,26.90,26.58,12605,33688014.00,1.20,0.52,0.14,3.51
2017-08-01,26.80,27.02,27.15,26.68,8720,23463468.00,1.75,0.56,0.15,2.43
2017-08-02,27.07,26.76,27.07,26.55,9751,26114258.00,1.92,-0.96,-0.26,2.72
2017-08-03,26.61,26.96,27.22,26.61,11242,30308079.00,2.28,0.75,0.20,3.13
2017-08-04,26.89,26.63,26.97,26.40,11828,31569157.00,2.11,-1.22,-0.33,3.29
2017-08-07,26.61,27.00,27.14,26.60,10006,27001461.00,2.03,1.39,0.37,2.79
2017-08-08,27.06,27.00,27.09,26.66,7586,20393097.00,1.59,0.00,0.00,2.11
2017-08-09,26.90,27.42,27.63,26.82,13875,37965326.00,3.00,1.56,0.42,3.86
2017-08-10,27.12,26.81,27.57,26.43,11741,31580697.00,4.16,-2.22,-0.61,3.27
2017-08-11,26.68,26.38,26.76,26.38,7546,20068647.00,1.42,-1.60,-0.43,2.10
2017-08-14,26.36,27.17,27.39,26.20,14195,38238722.00,4.51,2.99,0.79,3.95
2017-08-15,27.30,28.08,28.24,27.25,21418,60008571.00,3.64,3.35,0.91,5.96
2017-08-16,27.92,28.22,28.24,27.65,16678,46811944.00,2.10,0.50,0.14,4.64
2017-08-17,28.12,28.16,28.46,28.00,10593,29884478.00,1.63,-0.21,-0.06,2.95
2017-08-18,27.80,27.07,27.89,27.01,16382,44980549.00,3.13,-3.87,-1.09,4.56
2017-08-21,26.87,28.92,29.35,26.87,38322,108411286.00,9.16,6.83,1.85,10.67
2017-08-22,29.05,28.39,29.19,28.34,17939,51316581.00,2.94,-1.83,-0.53,5.00
2017-08-23,28.24,28.27,28.58,27.75,16475,46392153.00,2.92,-0.42,-0.12,4.59
2017-08-24,28.42,28.00,28.90,27.91,15522,44024124.00,3.50,-0.96,-0.27,4.32
2017-08-25,28.20,29.40,29.82,27.20,29479,85331813.00,9.36,5.00,1.40,8.21
2017-08-28,29.17,30.44,30.87,29.17,40664,122195149.00,5.78,3.54,1.04,11.32
2017-08-29,30.11,29.90,30.73,29.81,29108,87790838.00,3.02,-1.77,-0.54,8.11
2017-08-30,29.61,29.79,30.29,29.50,19544,58326427.00,2.64,-0.37,-0.11,5.44
2017-08-31,29.84,30.59,30.73,29.53,25164,76164049.00,4.03,2.69,0.80,7.01
2017-09-01,30.50,30.59,31.33,30.41,30649,94796886.00,3.01,0.00,0.00,8.54
2017-09-04,30.50,29.92,31.29,29.80,26805,82400288.00,4.87,-2.19,-0.67,7.47
2017-09-05,30.00,29.97,30.47,29.70,13426,40378116.00,2.57,0.17,0.05,3.74
2017-09-06,29.94,30.62,30.79,29.29,19328,57798632.00,5.01,2.17,0.65,5.38
2017-09-07,30.63,30.45,31.26,30.26,21316,65497580.00,3.27,-0.56,-0.17,5.94
2017-09-08,30.37,30.10,30.50,29.86,13779,41439234.00,2.10,-1.15,-0.35,3.84
2017-09-11,29.99,30.23,30.35,29.47,17430,52292458.00,2.92,0.43,0.13,4.85
2017-09-12,30.13,28.94,30.29,28.93,21998,65222763.00,4.50,-4.27,-1.29,6.13
2017-09-13,28.82,29.06,29.32,28.56,9875,28451188.00,2.63,0.41,0.12,2.75
2017-09-14,29.02,29.14,29.67,28.92,11374,33360677.00,2.58,0.28,0.08,3.17
2017-09-15,29.12,28.75,29.40,28.70,7444,21629691.00,2.40,-1.34,-0.39,2.07
2017-09-18,28.64,29.15,29.38,28.64,5650,16387433.00,2.57,1.39,0.40,1.57
2017-09-19,29.16,28.99,29.29,28.78,6051,17522151.00,1.75,-0.55,-0.16,1.69
2017-09-20,29.15,29.30,29.43,28.79,7332,21346693.00,2.21,1.07,0.31,2.04
2017-09-21,29.34,30.00,30.09,29.01,18058,53656601.00,3.69,2.39,0.70,5.03
2017-09-22,29.88,30.65,30.97,29.40,19636,59805197.00,5.23,2.17,0.65,5.47
2017-09-25,30.02,30.50,31.99,30.01,21487,67010797.00,6.46,-0.49,-0.15,5.98
2017-09-26,30.47,30.88,31.42,29.70,21209,65002475.00,5.64,1.25,0.38,5.91
2017-09-27,30.86,31.04,31.25,30.10,18469,56760806.00,3.72,0.52,0.16,5.14
2017-09-28,31.05,30.50,31.05,30.40,13011,40020863.00,2.09,-1.74,-0.54,3.62
2017-09-29,30.50,31.90,32.29,30.38,25036,79150823.00,6.26,4.59,1.40,6.97
2017-10-09,31.93,31.51,32.30,31.00,16799,53093208.00,4.08,-1.22,-0.39,4.68
2017-10-10,31.26,32.58,32.58,31.26,23002,73734890.00,4.19,3.40,1.07,6.41
2017-10-11,32.30,32.85,33.30,32.28,27692,90862703.00,3.13,0.83,0.27,7.71
2017-10-12,32.88,32.88,32.95,32.24,16695,54313070.00,2.16,0.09,0.03,4.65
2017-10-13,32.60,32.75,33.10,32.40,15542,51033059.00,2.13,-0.40,-0.13,4.33
2017-10-16,32.55,32.27,32.70,31.50,15794,50592124.00,3.66,-1.47,-0.48,4.40
2017-10-17,31.96,31.81,32.37,31.60,7135,22824536.00,2.39,-1.43,-0.46,1.99
2017-10-18,31.80,30.70,32.23,30.70,8338,26235909.00,4.81,-3.49,-1.11,2.32
2017-10-19,30.68,29.96,30.88,29.20,7113,21485134.00,5.47,-2.41,-0.74,1.98
2017-10-20,29.92,30.55,30.88,29.73,8821,26678934.00,3.84,1.97,0.59,2.46
2017-10-23,30.13,31.37,31.42,29.85,16289,49556310.00,5.14,2.68,0.82,4.54
2017-10-24,31.07,31.12,31.20,30.41,10142,31209249.00,2.52,-0.80,-0.25,2.82
2017-10-25,31.02,31.50,31.61,30.83,7475,23403263.00,2.51,1.22,0.38,2.08
2017-10-26,31.51,31.80,31.96,31.24,10511,33210602.00,2.29,0.95,0.30,2.93
2017-10-27,31.92,32.28,32.49,31.60,11620,37385043.00,2.80,1.51,0.48,3.24
2017-10-30,32.60,29.91,32.60,29.91,22138,68312228.00,8.33,-7.34,-2.37,6.17
2017-10-31,29.45,30.20,30.60,29.45,10485,31573160.00,3.84,0.97,0.29,2.92
2017-11-01,30.20,30.68,30.73,29.84,10000,30484020.00,2.95,1.59,0.48,2.79
2017-11-02,30.41,30.44,30.75,30.31,6784,20680494.00,1.43,-0.78,-0.24,1.89
2017-11-03,30.44,30.16,30.60,29.90,6912,20901450.00,2.30,-0.92,-0.28,1.92
2017-11-06,30.55,31.21,31.55,30.29,10788,33544053.00,4.18,3.48,1.05,3.00
2017-11-07,31.21,31.49,31.85,31.21,8548,26919317.00,2.05,0.90,0.28,2.38
2017-11-08,31.49,31.91,32.40,31.49,14226,45662531.00,2.89,1.33,0.42,3.96
2017-11-09,31.91,32.05,32.30,31.72,7242,23215063.00,1.82,0.44,0.14,2.02
2017-11-10,32.05,32.40,32.48,31.80,8866,28463923.00,2.12,1.09,0.35,2.47
2017-11-13,32.49,32.41,33.37,32.01,9734,31715374.00,4.20,0.03,0.01,2.71
2017-11-14,32.12,33.66,34.15,31.61,22294,74138854.00,7.84,3.86,1.25,6.21
2017-11-15,33.31,33.30,34.27,33.03,11731,39304691.00,3.68,-1.07,-0.36,3.27
2017-11-16,33.30,32.60,33.50,32.30,10064,33347020.00,3.60,-2.10,-0.70,2.80
2017-11-17,32.51,31.25,32.93,30.81,14250,45376844.00,6.50,-4.14,-1.35,3.97
2017-11-20,31.25,33.91,34.34,31.00,20309,67524585.00,10.69,8.51,2.66,5.66
2017-11-21,33.69,34.48,34.48,33.35,19804,67245873.00,3.33,1.68,0.57,5.52
2017-11-22,34.55,34.08,34.85,33.61,12786,43465095.00,3.60,-1.16,-0.40,3.56
2017-11-23,34.10,32.29,34.10,31.00,14931,49065577.00,9.10,-5.25,-1.79,4.16
2017-11-24,32.00,35.52,35.52,31.70,28714,99357956.00,11.83,10.00,3.23,8.00
2017-11-27,35.70,34.01,36.69,33.81,34702,123494422.00,8.11,-4.25,-1.51,9.66
2017-11-28,34.80,34.91,35.47,33.15,26065,89545162.00,6.82,2.65,0.90,7.26
2017-11-29,34.30,35.00,35.23,33.71,16846,58070755.00,4.35,0.26,0.09,4.69
2017-11-30,35.01,37.15,37.75,34.77,32277,117191508.00,8.51,6.14,2.15,8.99
2017-12-01,36.69,37.00,37.75,36.10,20425,75171620.00,4.44,-0.40,-0.15,5.69
2017-12-04,36.63,36.12,37.47,35.81,18903,68826254.00,4.49,-2.38,-0.88,5.26
2017-12-05,35.97,34.79,36.25,34.00,16803,58628525.00,6.23,-3.68,-1.33,4.68
2017-12-06,34.82,35.64,36.00,34.51,13742,48536935.00,4.28,2.44,0.85,3.83
2017-12-07,35.28,35.14,35.58,34.80,8845,31104625.00,2.19,-1.40,-0.50,2.46
2017-12-08,34.68,35.45,35.85,34.68,9274,32702030.00,3.33,0.88,0.31,2.58
2017-12-11,35.38,36.70,36.98,35.29,13063,47572125.00,4.77,3.53,1.25,3.64
2017-12-12,36.66,36.74,36.90,36.26,8047,29502825.00,1.74,0.11,0.04,2.24
2017-12-13,36.66,36.75,36.90,36.20,7185,26258035.00,1.91,0.03,0.01,2.00
2017-12-14,36.80,37.83,39.00,36.50,20847,79329507.00,6.80,2.94,1.08,5.81
2017-12-15,37.62,36.58,38.12,35.98,13438,49425484.00,5.66,-3.30,-1.25,3.74
2017-12-18,36.40,35.86,36.40,35.66,6878,24652639.00,2.02,-1.97,-0.72,1.92
2017-12-19,35.80,35.40,35.99,34.75,10724,37716307.00,3.46,-1.28,-0.46,2.99
2017-12-20,35.37,35.90,35.97,34.35,13507,47501496.00,4.58,1.41,0.50,3.76
2017-12-21,35.90,36.88,36.98,35.60,22452,82123366.00,3.84,2.73,0.98,6.25
2017-12-22,36.69,36.41,36.98,36.32,11539,42265612.00,1.79,-1.27,-0.47,3.21
2017-12-25,36.05,36.52,36.80,36.05,7799,28450512.00,2.06,0.30,0.11,2.17
2017-12-26,36.02,35.60,36.55,35.51,10246,36941465.00,2.85,-2.52,-0.92,2.85
2017-12-27,35.55,34.96,35.79,34.80,7262,25527882.00,2.78,-1.80,-0.64,2.02
2017-12-28,35.07,35.30,35.80,34.55,6192,21908032.00,3.58,0.97,0.34,1.72
2017-12-29,35.55,36.81,37.11,35.29,14973,54660472.00,5.16,4.28,1.51,4.17
2018-01-02,36.85,37.12,37.30,36.50,8235,30425551.00,2.17,0.84,0.31,2.29
2018-01-03,37.08,36.71,37.67,36.62,5582,20560168.00,2.83,-1.10,-0.41,1.55
2018-01-04,36.87,36.38,37.17,36.21,4013,14633593.00,2.62,-0.90,-0.33,1.12
2018-01-05,36.55,36.50,36.77,35.93,5081,18420381.00,2.31,0.33,0.12,1.42
2018-01-08,36.44,36.49,36.75,35.95,5538,20085577.00,2.19,-0.03,-0.01,1.54
2018-01-09,36.40,35.60,36.59,35.60,5061,18269647.00,2.71,-2.44,-0.89,1.41
2018-01-10,35.78,36.53,36.89,35.50,9288,33814574.00,3.90,2.61,0.93,2.59
2018-01-11,36.51,36.75,36.83,35.10,9650,35043977.00,4.74,0.60,0.22,2.69
2018-01-12,36.75,36.81,37.74,36.75,11163,41516449.00,2.69,0.16,0.06,3.11
2018-01-15,36.81,37.41,37.59,35.90,13467,49832271.00,4.59,1.63,0.60,3.75
2018-01-16,37.43,36.60,37.90,35.04,20861,75543258.00,7.65,-2.17,-0.81,5.81
2018-01-17,35.71,35.80,36.60,35.50,10073,36151187.00,3.01,-2.19,-0.80,2.81
2018-01-18,35.70,35.86,36.30,35.60,10256,36786992.00,1.96,0.17,0.06,2.86
2018-01-19,35.33,35.70,36.30,35.33,17550,62555030.00,2.70,-0.45,-0.16,4.89
2018-01-22,35.60,34.86,35.60,34.06,11362,39473901.00,4.31,-2.35,-0.84,3.16
2018-01-23,34.39,33.28,34.79,31.86,30277,99190768.00,8.41,-4.53,-1.58,8.43
2018-01-24,35.00,30.40,35.00,29.95,151250,460917792.00,15.17,-8.65,-2.88,42.12
2018-01-25,29.11,28.83,29.70,28.60,76868,223154669.00,3.62,-5.16,-1.57,21.41
2018-01-26,28.75,28.82,29.26,28.63,38453,111267515.00,2.19,-0.03,-0.01,10.71
2018-01-29,28.81,27.66,29.04,27.66,40722,114791479.00,4.79,-4.02,-1.16,11.34
2018-01-30,27.67,26.83,27.80,26.69,38471,104079926.00,4.01,-3.00,-0.83,10.71
2018-01-31,26.96,25.00,26.96,24.61,52955,135493435.00,8.76,-6.82,-1.83,14.75
2018-02-01,24.98,24.80,25.49,24.54,42429,106067244.00,3.80,-0.80,-0.20,11.82
2018-02-02,24.60,24.30,24.75,23.41,30478,73492903.00,5.40,-2.02,-0.50,8.49
2018-02-05,23.88,24.10,24.49,23.64,16847,40673895.00,3.50,-0.82,-0.20,4.69
2018-02-06,23.53,21.69,23.64,21.69,29642,67508782.00,8.09,-10.00,-2.41,8.26
2018-02-07,22.34,22.19,22.71,21.13,31581,69549650.00,7.28,2.31,0.50,8.80
2018-02-08,22.10,22.78,23.30,22.01,29091,66170309.00,5.81,2.66,0.59,8.10
2018-02-09,22.00,21.77,22.37,21.21,26453,58016474.00,5.09,-4.43,-1.01,7.37
2018-02-12,22.19,23.06,23.64,22.03,33354,76748892.00,7.40,5.93,1.29,9.29
2018-02-13,23.08,22.54,23.30,22.50,25310,57795063.00,3.47,-2.25,-0.52,7.05
2018-02-14,22.69,22.28,22.79,22.11,13913,31219563.00,3.02,-1.15,-0.26,3.87
2018-02-22,22.51,22.96,23.17,22.29,16476,37494758.00,3.95,3.05,0.68,4.59
2018-02-23,22.82,23.22,23.39,22.82,21998,50744818.00,2.48,1.13,0.26,6.13
2018-02-26,23.50,24.19,24.50,23.47,32218,77218050.00,4.44,4.18,0.97,8.97
2018-02-27,23.78,24.13,24.16,23.38,60370,143044289.00,3.22,-0.25,-0.06,16.81
2018-02-28,23.66,23.34,23.66,23.32,26708,62729311.00,1.41,-3.27,-0.79,7.44
2018-03-01,23.20,24.07,24.18,23.10,37972,90435462.00,4.63,3.13,0.73,10.58
2018-03-02,23.80,23.48,24.00,23.38,26014,61561441.00,2.58,-2.45,-0.59,7.24
2018-03-05,23.30,23.81,23.84,23.30,19700,46605353.00,2.30,1.41,0.33,5.49
2018-03-06,23.95,24.23,24.78,23.86,39757,96828836.00,3.86,1.76,0.42,11.07
2018-03-07,24.23,26.65,26.65,24.06,106637,277545376.00,10.69,9.99,2.42,29.70
2018-03-08,27.23,28.41,29.32,27.22,157525,443237936.00,7.88,6.60,1.76,43.87
2018-03-09,27.56,27.85,28.00,27.32,109727,303870944.00,2.39,-1.97,-0.56,30.56
2018-03-12,27.70,27.97,28.56,27.70,80846,226623088.00,3.09,0.43,0.12,22.52
2018-07-04,25.20,25.85,27.60,25.17,62863,163319598.00,8.69,-7.58,-2.12,13.25
2018-07-05,25.97,28.44,28.44,25.97,67732,188514416.00,9.56,10.02,2.59,14.28
2018-07-06,30.00,31.28,31.28,29.67,55144,170368022.00,5.66,9.99,2.84,11.63
2018-07-09,34.41,32.80,34.41,30.95,171655,564860992.00,11.06,4.86,1.52,36.19
2018-07-10,19.98,20.14,20.98,18.85,323983,646568704.00,6.49,-38.60,-12.66,40.18
2018-07-11,18.40,19.10,19.45,18.33,253418,476632832.00,5.56,-5.16,-1.04,31.43
2018-07-12,18.75,19.15,19.85,18.62,245415,474350880.00,6.44,0.26,0.05,30.44
2018-07-13,18.60,17.24,18.94,17.24,224139,401945552.00,8.88,-9.97,-1.91,27.80
2018-07-16,17.06,17.65,17.87,16.66,128647,222031049.00,7.02,2.38,0.41,15.96
2018-07-17,17.44,17.35,18.00,16.64,121319,210124071.00,7.71,-1.70,-0.30,15.05
2018-07-18,17.39,17.80,17.88,17.13,123382,217673775.00,4.32,2.59,0.45,15.30
2018-07-19,17.79,19.58,19.58,17.71,265125,509408752.00,10.51,10.00,1.78,32.88
2018-07-20,19.90,18.70,20.00,18.35,251302,478163280.00,8.43,-4.49,-0.88,31.17
2018-07-23,18.00,17.25,18.30,16.91,184521,323308912.00,7.43,-7.75,-1.45,22.89
2018-07-24,17.25,17.11,17.26,16.46,130079,219581558.00,4.64,-0.81,-0.14,16.13
2018-07-25,17.00,16.67,17.25,16.58,103444,174321804.00,3.92,-2.57,-0.44,12.83
2018-07-26,16.51,15.52,16.81,15.51,115734,186621093.00,7.80,-6.90,-1.15,14.35
2018-07-27,15.72,15.61,16.15,15.58,74217,117517512.00,3.67,0.58,0.09,9.21
2018-07-30,15.50,14.93,15.50,14.61,77986,116404485.00,5.70,-4.36,-0.68,9.67
2018-07-31,15.14,16.42,16.42,14.87,165525,263498005.00,10.38,9.98,1.49,20.53
2018-08-01,16.42,15.28,16.42,15.15,148042,233114050.00,7.73,-6.94,-1.14,18.36
2018-08-02,15.20,15.32,15.63,14.80,107524,163651348.00,5.43,0.26,0.04,13.34
2018-08-03,15.13,13.85,15.45,13.79,101671,147483236.00,10.84,-9.60,-1.47,12.61
2018-08-06,13.98,13.45,14.00,13.00,63818,86442442.00,7.22,-2.89,-0.40,7.92
2018-08-07,13.39,13.82,13.88,13.03,69517,94034961.00,6.32,2.75,0.37,8.62
2018-08-08,13.89,13.08,13.92,12.89,70205,93812434.00,7.45,-5.35,-0.74,8.71
2018-08-09,12.97,13.42,13.91,12.97,78172,105448140.00,7.19,2.60,0.34,9.70
2018-08-10,13.60,13.70,13.89,13.43,82316,112290314.00,3.43,2.09,0.28,10.21
2018-08-13,13.87,14.25,14.70,13.61,117358,166423614.00,7.96,4.01,0.55,14.56
2018-08-14,14.16,13.87,14.16,13.83,76195,106505708.00,2.32,-2.67,-0.38,9.45
2018-08-15,13.84,13.35,13.98,13.25,56981,77345219.00,5.26,-3.75,-0.52,7.07
2018-08-16,13.25,13.80,14.69,13.12,105220,147949415.00,11.76,3.37,0.45,13.05
2018-08-17,13.88,13.31,13.99,13.18,74253,100778683.00,5.87,-3.55,-0.49,9.21
2018-08-20,13.13,13.25,13.43,12.60,65704,85404768.00,6.24,-0.45,-0.06,8.15
2018-08-21,13.43,13.40,13.44,12.91,51224,68066541.00,4.00,1.13,0.15,6.35
2018-08-22,13.27,13.16,13.55,13.11,37118,49337742.00,3.28,-1.79,-0.24,4.60
2018-08-23,13.17,13.50,13.89,13.17,66277,89741271.00,5.47,2.58,0.34,8.22
2018-08-24,13.53,13.68,13.75,13.30,59977,81309517.00,3.33,1.33,0.18,7.44
2018-08-27,13.66,14.11,14.49,13.62,88768,124957629.00,6.36,3.14,0.43,11.01
2018-08-28,14.09,14.21,14.33,13.91,67348,95051873.00,2.98,0.71,0.10,8.35
2018-08-29,14.21,14.13,14.22,13.94,41106,57865278.00,1.97,-0.56,-0.08,5.10
2018-08-30,14.18,13.64,14.25,13.64,44938,62323497.00,4.32,-3.47,-0.49,5.57
2018-08-31,13.68,13.20,13.80,13.17,39953,53663808.00,4.62,-3.23,-0.44,4.96
2018-09-03,13.25,13.39,13.50,13.04,30930,40995141.00,3.48,1.44,0.19,3.84
2018-09-04,13.47,13.55,13.59,13.25,35660,47934068.00,2.54,1.19,0.16,4.42
2018-09-05,13.48,13.00,13.59,13.00,40251,53497998.00,4.35,-4.06,-0.55,4.99
2018-09-06,13.13,13.21,13.49,12.80,36884,48671276.00,5.31,1.62,0.21,4.57
2018-09-07,13.39,13.19,13.57,13.17,49751,66411095.00,3.03,-0.15,-0.02,6.17
2018-09-10,13.09,12.70,13.18,12.62,38735,49850094.00,4.25,-3.71,-0.49,4.80
2018-09-11,12.70,12.76,12.88,12.55,22538,28608178.00,2.60,0.47,0.06,2.80
2018-09-12,13.00,12.92,13.15,12.76,32275,41811831.00,3.06,1.25,0.16,4.00
2018-09-13,13.00,13.04,13.15,12.83,32075,41742850.00,2.48,0.93,0.12,3.98
2018-09-14,13.07,12.48,13.13,12.45,43730,55787455.00,5.21,-4.29,-0.56,5.42
2018-09-17,12.45,11.48,12.45,11.23,47814,56064909.00,9.78,-8.01,-1.00,5.93
2018-09-18,11.48,11.71,11.71,11.32,33034,38124284.00,3.40,2.00,0.23,4.10
2018-09-19,11.67,11.76,11.90,11.41,37246,43606317.00,4.18,0.43,0.05,4.62
2018-09-20,11.80,11.57,11.87,11.56,25725,30082187.00,2.64,-1.62,-0.19,3.19
2018-09-21,11.59,11.75,11.84,11.58,27531,32254755.00,2.25,1.56,0.18,3.41
2018-09-25,11.70,11.69,11.87,11.62,18547,21767095.00,2.13,-0.51,-0.06,2.30
2018-09-26,11.70,11.97,12.50,11.61,58103,69768154.00,7.61,2.40,0.28,7.21
2018-09-27,11.97,11.35,11.97,11.34,48409,56195921.00,5.26,-5.18,-0.62,6.00
2018-09-28,11.33,11.57,11.63,11.33,24762,28491192.00,2.64,1.94,0.22,3.07
2018-10-08,11.31,10.72,11.35,10.70,30281,33475876.00,5.62,-7.35,-0.85,3.76
2018-10-09,10.80,10.88,10.99,10.73,20488,22313924.00,2.43,1.49,0.16,2.54
2018-10-10,11.05,11.26,11.80,10.90,45235,51308681.00,8.27,3.49,0.38,5.61
2018-10-11,10.78,10.13,10.80,10.13,47684,49643517.00,5.95,-10.04,-1.13,5.91
2018-10-12,10.00,10.60,10.80,9.92,54038,56198909.00,8.69,4.64,0.47,6.70
2018-10-15,10.58,10.45,10.89,10.42,43508,46395331.00,4.43,-1.42,-0.15,5.40
2018-10-16,10.44,10.27,10.73,10.05,34898,36271609.00,6.51,-1.72,-0.18,4.33
2018-10-17,10.56,10.60,10.83,10.26,47687,50351133.00,5.55,3.21,0.33,5.91
2018-10-18,10.53,10.21,10.55,10.15,34647,35593277.00,3.77,-3.68,-0.39,4.30
2018-10-19,9.93,10.81,11.23,9.86,70009,74701078.00,13.42,5.88,0.60,8.68
2018-10-22,10.70,11.26,11.50,10.61,85708,94618080.00,8.23,4.16,0.45,10.63
2018-10-23,11.08,10.98,11.19,10.85,51552,56647989.00,3.02,-2.49,-0.28,6.39
2018-10-24,11.09,11.02,11.26,10.91,40501,44748801.00,3.19,0.36,0.04,5.02
2018-10-25,10.49,10.58,10.68,10.33,40489,42530085.00,3.18,-3.99,-0.44,5.02
2018-10-26,10.69,10.65,10.85,10.58,30634,32850337.00,2.55,0.66,0.07,3.80
2018-10-29,10.56,10.42,10.71,10.41,22454,23751706.00,2.82,-2.16,-0.23,2.78
2018-10-30,10.52,10.56,10.68,10.31,29782,31443083.00,3.55,1.34,0.14,3.69
2018-10-31,10.56,10.89,11.08,10.56,51903,56233869.00,4.92,3.13,0.33,6.44
2018-11-01,10.95,10.86,11.17,10.80,54535,59829706.00,3.40,-0.28,-0.03,6.76
2018-11-02,11.03,11.15,11.15,10.90,58748,64969834.00,2.30,2.67,0.29,7.29
2018-11-05,11.14,11.21,11.42,10.95,65792,73575122.00,4.22,0.54,0.06,8.16
2018-11-06,11.20,11.04,11.22,10.87,36764,40389408.00,3.12,-1.52,-0.17,4.56
2018-11-07,11.12,11.08,11.28,11.04,45346,50519206.00,2.17,0.36,0.04,5.62
2018-11-08,11.15,10.96,11.24,10.94,33249,36906056.00,2.71,-1.08,-0.12,4.12
2018-11-09,10.97,10.92,11.06,10.85,21509,23597343.00,1.92,-0.36,-0.04,2.67
2018-11-12,11.02,11.37,11.41,10.91,58101,65254904.00,4.58,4.12,0.45,7.21
2018-11-13,11.22,11.52,11.59,11.15,63449,72171834.00,3.87,1.32,0.15,7.87
2018-11-14,11.60,11.37,11.60,11.27,48249,55010380.00,2.86,-1.30,-0.15,5.98
2018-11-15,11.38,11.73,11.76,11.32,58688,67661122.00,3.87,3.17,0.36,7.28
2018-11-16,11.73,11.75,11.84,11.57,50664,59384840.00,2.30,0.17,0.02,6.28
2018-11-19,11.72,11.66,11.75,11.51,35325,41028070.00,2.04,-0.77,-0.09,4.38
2018-11-20,11.50,11.31,11.65,11.24,40414,46298031.00,3.52,-3.00,-0.35,5.01
2018-11-21,11.18,11.48,11.48,11.12,33089,37445002.00,3.18,1.50,0.17,4.10
2018-11-22,11.57,11.61,11.80,11.55,42309,49325343.00,2.18,1.13,0.13,5.25
2018-11-23,11.57,10.78,11.65,10.75,38412,42866204.00,7.75,-7.15,-0.83,4.76
2018-11-26,10.83,10.94,11.10,10.80,23628,25838002.00,2.78,1.48,0.16,2.93
2018-11-27,10.95,11.04,11.15,10.85,25956,28599481.00,2.74,0.91,0.10,3.22
2018-11-28,11.10,11.17,11.22,10.79,28314,31261613.00,3.89,1.18,0.13,3.51
2018-11-29,11.24,10.81,11.38,10.78,29326,32668034.00,5.37,-3.22,-0.36,3.64
2018-11-30,10.80,10.74,10.92,10.44,23904,25572610.00,4.44,-0.65,-0.07,2.96
2018-12-03,11.03,11.24,11.35,10.92,38354,42839741.00,4.00,4.66,0.50,4.76
2018-12-04,11.30,11.38,11.47,11.23,32886,37259530.00,2.14,1.25,0.14,4.08
2018-12-05,11.15,11.26,11.39,11.12,26694,30031495.00,2.37,-1.05,-0.12,3.31
2018-12-06,11.40,10.96,11.43,10.96,29457,32827250.00,4.17,-2.66,-0.30,3.65
2018-12-07,10.94,11.01,11.15,10.94,18889,20896852.00,1.92,0.46,0.05,2.34
2018-12-10,10.96,10.79,10.96,10.72,15012,16248760.00,2.18,-2.00,-0.22,1.86
2018-12-11,10.88,10.92,10.94,10.79,12155,13202472.00,1.39,1.20,0.13,1.51
2018-12-12,10.92,11.23,11.35,10.89,31656,35252205.00,4.21,2.84,0.31,3.93
2018-12-13,11.36,11.38,11.54,11.05,47089,53023343.00,4.36,1.34,0.15,5.84
2018-12-14,11.83,11.53,12.14,11.45,137961,163028345.00,6.06,1.32,0.15,17.11
2018-12-17,11.07,11.10,11.19,10.80,67783,74500485.00,3.38,-3.73,-0.43,8.41
2018-12-18,10.96,10.80,10.99,10.70,38917,42127772.00,2.61,-2.70,-0.30,4.83
2018-12-19,10.82,10.63,10.85,10.56,23046,24582701.00,2.69,-1.57,-0.17,2.86
2018-12-20,10.53,10.72,10.74,10.53,22119,23577684.00,1.98,0.85,0.09,2.74
2018-12-21,10.67,10.66,10.72,10.60,16372,17424676.00,1.12,-0.56,-0.06,2.03
2018-12-24,10.65,10.89,10.91,10.63,24184,26154305.00,2.63,2.16,0.23,3.00
2018-12-25,10.70,10.75,10.82,10.42,31639,33563512.00,3.67,-1.29,-0.14,3.92
2018-12-26,10.73,10.83,10.85,10.68,23852,25702450.00,1.58,0.74,0.08,2.96
2018-12-27,10.95,10.58,11.00,10.58,26652,28898720.00,3.88,-2.31,-0.25,3.31
2018-12-28,10.60,10.46,10.72,10.41,19928,21031789.00,2.93,-1.13,-0.12,2.47
2019-01-02,10.47,10.38,10.55,10.31,16030,16698069.00,2.29,-0.76,-0.08,1.99
2019-01-03,10.38,10.18,10.46,10.18,18459,19042802.00,2.70,-1.93,-0.20,2.29
2019-01-04,10.10,10.38,10.40,10.05,20695,21295439.00,3.44,1.96,0.20,2.57
2019-01-07,10.45,10.59,10.63,10.45,21945,23152662.00,1.73,2.02,0.21,2.72
2019-01-08,10.63,10.50,10.63,10.43,16943,17785278.00,1.89,-0.85,-0.09,2.10
2019-01-09,10.63,10.51,10.71,10.50,30818,32705085.00,2.00,0.10,0.01,3.82
2019-01-10,10.52,10.60,10.66,10.46,20367,21465030.00,1.90,0.86,0.09,2.53
2019-01-11,10.60,10.73,10.85,10.53,32825,35139922.00,3.02,1.23,0.13,4.07
2019-01-14,10.74,10.79,10.86,10.59,29384,31553260.00,2.52,0.56,0.06,3.64
2019-01-15,10.77,10.94,10.99,10.66,43523,47176297.00,3.06,1.39,0.15,5.40
2019-01-16,10.98,10.77,11.16,10.76,33114,36164993.00,3.66,-1.55,-0.17,4.11
2019-01-17,10.75,10.73,10.95,10.67,28368,30546778.00,2.60,-0.37,-0.04,3.52
2019-01-18,10.68,10.85,10.92,10.57,34846,37609609.00,3.26,1.12,0.12,4.32
2019-01-21,10.89,10.89,11.16,10.83,34151,37516905.00,3.04,0.37,0.04,4.24
2019-01-22,10.94,10.79,10.94,10.73,18009,19469566.00,1.93,-0.92,-0.10,2.23
2019-01-23,10.75,10.94,10.95,10.72,25304,27474572.00,2.13,1.39,0.15,3.14
2019-01-24,10.94,11.03,11.08,10.83,34128,37512639.00,2.29,0.82,0.09,4.23
2019-01-25,11.00,10.76,11.01,10.74,23485,25607979.00,2.45,-2.45,-0.27,2.91
2019-01-28,10.80,10.75,10.93,10.73,21021,22746177.00,1.86,-0.09,-0.01,2.61
2019-01-29,10.79,10.31,10.79,10.18,27225,28225260.00,5.67,-4.09,-0.44,3.38
2019-01-30,10.31,10.21,10.47,10.20,14187,14658907.00,2.62,-0.97,-0.10,1.76
2019-01-31,10.28,9.53,10.33,9.31,31959,31549401.00,9.99,-6.66,-0.68,3.96
2019-02-01,9.64,10.41,10.48,9.55,59703,60943519.00,9.76,9.23,0.88,7.41
2019-02-11,10.51,10.50,10.64,10.28,43526,45434046.00,3.46,0.86,0.09,5.40
2019-02-12,10.50,10.60,10.70,10.43,33672,35535771.00,2.57,0.95,0.10,4.18
2019-02-13,10.67,11.66,11.66,10.59,102369,115759075.00,10.09,10.00,1.06,12.70
2019-02-14,12.03,11.50,12.15,11.00,142213,165957439.00,9.86,-1.37,-0.16,17.64
2019-02-15,11.50,11.64,11.89,11.41,101300,118298328.00,4.17,1.22,0.14,12.56
2019-02-18,11.92,12.52,12.80,11.72,140732,172850153.00,9.28,7.56,0.88,17.46
2019-02-19,12.40,12.33,12.43,12.06,112503,137737516.00,2.96,-1.52,-0.19,13.95
2019-02-20,12.20,12.23,12.33,12.06,57640,70192311.00,2.19,-0.81,-0.10,7.15
2019-02-21,12.10,11.96,12.36,11.86,81979,99586238.00,4.09,-2.21,-0.27,10.17
2019-02-22,11.80,12.09,12.13,11.78,52980,63652230.00,2.93,1.09,0.13,6.57
2019-02-25,12.20,12.64,12.80,12.20,112246,140728489.00,4.96,4.55,0.55,13.92
2019-02-26,12.51,12.71,12.78,12.36,96761,121753171.00,3.32,0.55,0.07,12.00
2019-02-27,12.69,12.36,12.75,12.19,63324,79274419.00,4.41,-2.75,-0.35,7.85
2019-02-28,12.11,12.14,12.28,11.99,55325,67155381.00,2.35,-1.78,-0.22,6.86
2019-03-01,12.18,12.07,12.24,11.76,48568,58137584.00,3.95,-0.58,-0.07,6.02
2019-03-04,12.18,12.36,12.49,12.08,78117,96011004.00,3.40,2.40,0.29,9.69
2019-03-05,12.30,12.84,12.85,12.21,85796,107625944.00,5.18,3.88,0.48,10.64
2019-03-06,12.90,12.94,13.14,12.61,96671,124213081.00,4.13,0.78,0.10,11.99
2019-03-07,12.88,14.02,14.23,12.76,165662,226380285.00,11.36,8.35,1.08,20.55
2019-03-08,13.50,13.36,14.36,13.28,130736,179879938.00,7.70,-4.71,-0.66,16.22
2019-03-11,13.55,14.08,14.15,13.44,91094,125942653.00,5.31,5.39,0.72,11.30
2019-03-12,14.15,14.17,14.36,13.86,93305,131457293.00,3.55,0.64,0.09,11.57
2019-03-13,14.17,13.58,14.42,13.31,87240,122041907.00,7.83,-4.16,-0.59,10.82
2019-03-14,13.30,12.93,13.61,12.72,60380,78694138.00,6.55,-4.79,-0.65,7.49
2019-03-15,13.01,13.19,13.24,12.90,45289,59246693.00,2.63,2.01,0.26,5.62
2019-03-18,13.10,13.26,13.28,12.90,52383,68563027.00,2.88,0.53,0.07,6.50
2019-03-19,13.21,13.13,13.42,13.03,43345,57269829.00,2.94,-0.98,-0.13,5.38
2019-03-20,13.18,13.00,13.18,12.80,37606,48849088.00,2.89,-0.99,-0.13,4.66
2019-03-21,13.02,13.17,13.36,13.01,42541,56084300.00,2.69,1.31,0.17,5.28
2019-03-22,13.11,13.17,13.28,12.81,38828,50755343.00,3.57,0.00,0.00,4.82
2019-03-25,12.91,12.89,13.06,12.78,28707,37151053.00,2.13,-2.13,-0.28,3.56
2019-03-26,12.89,12.35,13.07,12.28,40128,50879667.00,6.13,-4.19,-0.54,4.98
2019-03-27,12.39,12.32,12.50,12.11,27610,33960453.00,3.16,-0.24,-0.03,3.42
2019-03-28,12.30,12.29,12.50,12.23,22336,27653679.00,2.19,-0.24,-0.03,2.77
2019-03-29,12.29,12.59,12.62,12.11,30673,38028973.00,4.15,2.44,0.30,3.80
2019-04-01,12.60,13.03,13.04,12.60,41426,53417380.00,3.49,3.49,0.44,5.14
2019-04-02,13.18,13.11,13.33,12.92,42926,56355175.00,3.15,0.61,0.08,5.32
2019-04-03,13.14,13.50,13.58,13.05,59243,79294898.00,4.04,2.97,0.39,7.35
2019-04-04,13.56,13.29,13.58,13.20,45219,60288069.00,2.81,-1.56,-0.21,5.61
2019-04-08,13.35,13.04,13.40,12.86,35734,46902341.00,4.06,-1.88,-0.25,4.43
2019-04-09,13.09,13.35,13.48,12.80,45635,60490287.00,5.21,2.38,0.31,5.66
2019-04-10,13.25,13.25,13.34,13.10,27311,36088360.00,1.80,-0.75,-0.10,3.39
2019-04-11,13.31,12.87,13.31,12.87,27817,36463734.00,3.32,-2.87,-0.38,3.45
2019-04-12,12.85,12.92,13.00,12.70,23428,30103565.00,2.33,0.39,0.05,2.91
2019-04-15,13.02,12.96,13.24,12.94,21557,28299125.00,2.32,0.31,0.04,2.67
2019-04-16,12.97,13.18,13.18,12.62,29900,38733424.00,4.32,1.70,0.22,3.71
2019-04-17,13.22,13.43,13.50,13.17,62753,84034627.00,2.50,1.90,0.25,7.78
2019-04-18,13.41,13.76,13.97,13.22,84015,114892955.00,5.58,2.46,0.33,10.42
2019-04-19,13.70,13.60,13.70,13.46,45182,61296932.00,1.74,-1.16,-0.16,5.60
2019-04-22,13.52,13.66,13.77,13.29,57930,78640467.00,3.53,0.44,0.06,7.19
2019-04-23,13.56,13.61,14.10,13.51,63810,88100338.00,4.32,-0.37,-0.05,7.91
2019-04-24,13.45,14.11,14.25,13.35,78974,109384115.00,6.61,3.67,0.50,9.80
2019-04-25,14.27,14.72,15.50,14.27,248228,371717632.00,8.72,4.32,0.61,30.79
2019-04-26,14.14,14.91,15.50,13.89,124108,183509908.00,10.94,1.29,0.19,15.39
2019-04-29,14.80,13.42,14.80,13.42,74518,103866095.00,9.26,-9.99,-1.49,9.24
2019-04-30,12.98,12.33,13.17,12.10,64403,81293970.00,7.97,-8.12,-1.09,7.99
2019-05-06,12.07,11.10,12.07,11.10,43473,50062430.00,7.87,-9.98,-1.23,5.39
2019-05-07,11.21,11.13,11.37,10.88,32180,35824952.00,4.41,0.27,0.03,3.99
2019-05-08,10.85,10.90,11.16,10.60,26577,29087092.00,5.03,-2.07,-0.23,3.30
2019-05-09,10.90,10.84,11.07,10.71,20813,22679386.00,3.30,-0.55,-0.06,2.58
2019-05-10,10.99,11.29,11.30,10.60,48263,53651076.00,6.46,4.15,0.45,5.99
2019-05-13,11.15,11.22,11.40,11.13,23342,26277616.00,2.39,-0.62,-0.07,2.90
2019-05-14,11.06,10.99,11.23,10.80,23355,25845894.00,3.83,-2.05,-0.23,2.90
2019-05-15,11.10,11.28,11.43,11.06,31941,35886545.00,3.37,2.64,0.29,3.96
2019-05-16,11.31,11.27,11.35,11.20,24604,27705243.00,1.33,-0.09,-0.01,3.05
2019-05-17,11.27,10.63,11.34,10.55,33785,37068540.00,7.01,-5.68,-0.64,4.19
2019-05-20,10.57,10.90,10.91,10.51,20752,22289270.00,3.76,2.54,0.27,2.57
2019-05-21,10.96,11.10,11.13,10.77,19782,21809526.00,3.30,1.83,0.20,2.45
2019-05-22,11.18,11.36,11.50,11.07,40225,45339926.00,3.87,2.34,0.26,4.99
2019-05-23,11.29,11.03,11.41,11.00,25517,28547604.00,3.61,-2.90,-0.33,3.16
2019-05-24,11.07,11.03,11.14,10.87,17782,19558112.00,2.45,0.00,0.00,2.21
2019-05-27,11.11,11.82,11.93,10.91,49563,57523992.00,9.25,7.16,0.79,6.15
2019-05-28,11.77,12.14,12.45,11.64,80994,98191793.00,6.85,2.71,0.32,10.05
2019-05-29,12.27,12.53,12.67,12.06,61976,77054444.00,5.02,3.21,0.39,7.69
2019-05-30,12.48,12.55,12.83,12.25,48491,60781612.00,4.63,0.16,0.02,6.01
2019-05-31,12.61,13.81,13.81,12.59,135943,182594867.00,9.72,10.04,1.26,16.86
2019-06-03,13.80,13.55,13.88,13.25,110561,149969431.00,4.56,-1.88,-0.26,13.71
2019-06-04,13.50,13.36,13.59,13.23,89057,119220479.00,2.66,-1.40,-0.19,11.05
2019-06-05,13.44,13.72,14.50,13.36,207663,285835504.00,8.53,2.69,0.36,25.76
2019-06-06,13.27,13.57,13.98,13.05,146402,198331594.00,6.78,-1.09,-0.15,18.16
2019-06-10,13.50,13.68,13.88,13.21,156331,212605658.00,4.94,0.81,0.11,19.39
2019-06-11,13.63,13.99,14.00,13.45,171088,236179522.00,4.02,2.27,0.31,21.22
2019-06-12,13.85,13.04,13.90,12.85,137920,185729891.00,7.51,-6.79,-0.95,17.11
2019-06-13,13.04,12.90,13.33,12.62,88312,114069779.00,5.44,-1.07,-0.14,10.95
2019-06-14,13.00,11.76,13.00,11.75,90106,110531803.00,9.69,-8.84,-1.14,11.18
2019-06-17,11.91,11.71,12.18,11.63,56685,67441280.00,4.68,-0.43,-0.05,7.03
2019-06-18,11.78,11.64,11.88,11.52,37506,43948503.00,3.07,-0.60,-0.07,4.65
2019-06-19,12.00,11.75,12.00,11.73,40834,48402754.00,2.32,0.95,0.11,5.06
2019-06-20,11.80,11.77,11.89,11.27,54334,63140937.00,5.28,0.17,0.02,6.74
2019-06-21,11.80,11.96,12.15,11.79,53579,64122170.00,3.06,1.61,0.19,6.65
2019-06-24,11.90,11.72,12.00,11.67,39064,46098213.00,2.76,-2.01,-0.24,4.85
2019-06-25,11.72,11.55,11.79,11.35,38007,43760875.00,3.75,-1.45,-0.17,4.71
2019-06-26,11.39,11.49,11.65,11.35,26428,30422303.00,2.60,-0.52,-0.06,3.28
2019-06-27,11.50,11.63,11.65,11.48,29051,33673212.00,1.48,1.22,0.14,3.60
2019-06-28,11.64,11.26,11.64,11.13,34721,39387785.00,4.39,-3.18,-0.37,4.31
2019-07-01,11.57,11.86,11.95,11.50,55402,65141805.00,4.00,5.33,0.60,6.87
2019-07-02,11.99,11.79,11.99,11.73,32368,38334516.00,2.19,-0.59,-0.07,4.01
2019-07-03,11.72,11.61,11.73,11.55,22631,26318874.00,1.53,-1.53,-0.18,2.81
2019-07-04,11.65,11.78,11.83,11.58,24711,28873589.00,2.15,1.46,0.17,3.06
2019-07-05,11.80,11.67,11.80,11.61,21449,25100408.00,1.61,-0.93,-0.11,2.66
2019-07-08,11.79,11.25,11.79,11.25,30379,34927506.00,4.63,-3.60,-0.42,3.77
2019-07-09,11.30,11.31,11.42,11.12,16193,18257415.00,2.67,0.53,0.06,2.01
2019-07-10,11.31,11.20,11.41,11.16,13165,14870376.00,2.21,-0.97,-0.11,1.63
2019-07-11,11.28,11.30,11.45,11.23,15847,17963120.00,1.96,0.89,0.10,1.97
2019-07-12,11.25,11.34,11.41,11.20,11710,13267325.00,1.86,0.35,0.04,1.45
2019-07-15,11.20,11.53,11.60,11.03,26468,29982540.00,5.03,1.68,0.19,3.28
2019-07-16,11.49,11.61,11.65,11.42,17036,19688599.00,1.99,0.69,0.08,2.11
2019-07-17,11.60,11.69,11.77,11.55,16976,19843514.00,1.89,0.69,0.08,2.11
2019-07-18,11.69,11.28,11.69,11.28,19827,22698832.00,3.51,-3.51,-0.41,2.46
2019-07-19,11.31,11.64,11.70,11.31,29104,33791308.00,3.46,3.19,0.36,3.61
2019-07-22,11.43,11.10,11.76,11.10,30480,34323432.00,5.67,-4.64,-0.54,3.78
2019-07-23,11.10,11.23,11.25,11.06,17338,19353368.00,1.71,1.17,0.13,2.15
2019-07-24,11.22,11.51,11.59,11.22,28103,32292112.00,3.29,2.49,0.28,3.49
2019-07-25,11.51,11.76,11.80,11.50,33668,39398279.00,2.61,2.17,0.25,4.18
2019-07-26,11.73,11.60,11.78,11.56,19274,22436079.00,1.87,-1.36,-0.16,2.39
2019-07-29,11.57,12.06,12.09,11.57,48554,57831566.00,4.48,3.97,0.46,6.02
2019-07-30,12.00,11.88,12.02,11.82,37017,44083061.00,1.66,-1.49,-0.18,4.59
2019-07-31,11.84,11.77,11.98,11.73,23107,27377707.00,2.10,-0.93,-0.11,2.87
2019-08-01,11.70,12.05,12.08,11.62,45851,54808462.00,3.91,2.38,0.28,5.69
2019-08-02,11.98,12.42,12.60,11.80,79459,97199680.00,6.64,3.07,0.37,9.86
2019-08-05,12.30,12.33,12.49,12.11,51310,63206611.00,3.06,-0.72,-0.09,6.36
2019-08-06,12.06,11.64,12.07,11.19,58575,68487362.00,7.14,-5.60,-0.69,7.27
2019-08-07,11.70,11.23,11.85,11.21,47510,54227054.00,5.50,-3.52,-0.41,5.89
2019-08-08,11.08,11.48,11.49,10.50,80095,88596454.00,8.82,2.23,0.25,9.93
2019-08-09,11.48,12.63,12.63,11.44,135818,166290997.00,10.37,10.02,1.15,16.85
2019-08-12,13.08,12.88,13.89,12.70,265655,351965824.00,9.42,1.98,0.25,32.95
2019-08-13,12.36,12.62,12.78,12.14,163957,203690396.00,4.97,-2.02,-0.26,20.34
2019-08-14,12.79,12.99,13.45,12.51,184942,240020004.00,7.45,2.93,0.37,22.94
2019-08-15,12.49,13.04,13.04,12.26,113076,143207399.00,6.00,0.38,0.05,14.02
2019-08-16,12.82,13.34,13.85,12.82,191399,257211946.00,7.90,2.30,0.30,23.74
2019-08-19,13.28,13.59,13.80,13.20,173995,235256939.00,4.50,1.87,0.25,21.58
2019-08-20,13.66,13.01,13.67,12.90,167010,220233817.00,5.67,-4.27,-0.58,20.71
2019-08-21,13.12,13.77,13.90,12.85,193362,259686613.00,8.07,5.84,0.76,23.98
2019-08-22,13.59,13.51,13.65,13.22,120835,162260183.00,3.12,-1.89,-0.26,14.99
2019-08-23,13.26,12.99,13.42,12.90,96487,126416469.00,3.85,-3.85,-0.52,11.97
2019-08-26,12.53,13.11,13.18,12.52,61138,79033145.00,5.08,0.92,0.12,7.58
2019-08-27,13.21,13.04,13.28,12.95,70152,91771238.00,2.52,-0.53,-0.07,8.70
2019-08-28,12.91,12.70,13.04,12.65,54783,69886482.00,2.99,-2.61,-0.34,6.79
2019-08-29,12.71,12.68,12.89,12.60,41986,53495810.00,2.28,-0.16,-0.02,5.21
2019-08-30,12.68,12.02,12.86,11.91,68839,85315971.00,7.49,-5.21,-0.66,8.54
2019-09-02,12.03,12.34,12.39,11.96,44494,54403800.00,3.58,2.66,0.32,5.52
2019-09-03,12.34,12.43,12.59,12.28,41064,51038391.00,2.51,0.73,0.09,5.09
2019-09-04,12.56,13.00,13.42,12.38,93927,121478356.00,8.37,4.59,0.57,11.65
2019-09-05,13.00,13.05,13.45,12.89,111855,147140187.00,4.31,0.38,0.05,13.87
2019-09-06,13.13,13.28,13.40,13.02,79719,105265052.00,2.91,1.76,0.23,9.89
2019-09-09,13.33,13.59,13.68,13.20,99960,134342948.00,3.61,2.33,0.31,12.40
2019-09-10,13.68,13.38,13.68,13.25,82373,110339801.00,3.16,-1.55,-0.21,10.22
2019-09-11,13.47,13.36,13.63,13.29,74481,100272308.00,2.54,-0.15,-0.02,9.24
2019-09-12,13.43,13.51,13.86,13.36,74740,101556060.00,3.74,1.12,0.15,9.27
2019-09-16,13.60,13.66,13.82,13.32,81136,110476986.00,3.70,1.11,0.15,10.06
2019-09-17,13.52,13.30,13.60,13.01,77015,101938495.00,4.32,-2.64,-0.36,9.55
2019-09-18,13.31,13.28,13.38,13.08,44877,59405743.00,2.26,-0.15,-0.02,5.57
2019-09-19,13.38,13.88,13.93,13.29,111181,152023771.00,4.82,4.52,0.60,13.79
2019-09-20,13.75,14.00,14.40,13.50,126237,174215314.00,6.48,0.86,0.12,15.66
2019-09-23,13.78,13.53,13.78,13.26,85148,114438159.00,3.71,-3.36,-0.47,10.56
2019-09-24,13.58,13.77,13.88,13.40,79682,108623766.00,3.55,1.77,0.24,9.88
2019-09-25,13.56,12.76,13.59,12.60,86854,114088936.00,7.19,-7.33,-1.01,10.77
2019-09-26,12.88,12.13,12.98,12.12,57325,71166218.00,6.74,-4.94,-0.63,7.11
2019-09-27,12.18,12.41,12.52,12.02,33953,41956649.00,4.12,2.31,0.28,4.21
2019-09-30,12.45,12.25,12.62,12.18,30064,37305254.00,3.55,-1.29,-0.16,3.73
2019-10-08,12.26,12.46,12.69,12.20,32275,40301993.00,4.00,1.71,0.21,4.00
2019-10-09,12.36,12.73,12.75,12.21,32876,41318985.00,4.33,2.17,0.27,4.08
2019-10-10,12.67,12.76,12.77,12.53,30780,39005923.00,1.89,0.24,0.03,3.82
2019-10-11,12.76,12.60,12.78,12.37,31068,39137070.00,3.21,-1.25,-0.16,3.85
2019-10-14,12.76,12.90,13.06,12.62,38306,49341102.00,3.49,2.38,0.30,4.75
2019-10-15,13.04,12.66,13.04,12.56,25708,32654254.00,3.72,-1.86,-0.24,3.19
2019-10-16,12.73,12.43,12.75,12.33,24642,30872097.00,3.32,-1.82,-0.23,3.06
2019-10-17,12.43,12.41,12.63,12.33,19025,23719314.00,2.41,-0.16,-0.02,2.36
2019-10-18,12.31,12.03,12.55,11.95,32249,39263111.00,4.83,-3.06,-0.38,4.00
2019-10-21,12.04,11.70,12.07,11.30,29204,33823080.00,6.40,-2.74,-0.33,3.62
2019-10-22,11.66,11.92,11.96,11.66,26824,31705221.00,2.56,1.88,0.22,3.33
2019-10-23,11.92,11.95,12.17,11.83,26700,32013293.00,2.85,0.25,0.03,3.31
2019-10-24,11.88,11.86,12.04,11.70,17696,20994703.00,2.85,-0.75,-0.09,2.19
2019-10-25,11.86,11.94,12.00,11.68,16831,19946792.00,2.70,0.67,0.08,2.09
2019-10-28,11.99,12.20,12.27,11.95,29629,36026605.00,2.68,2.18,0.26,3.67
2019-10-29,12.20,11.84,12.28,11.75,31973,38242388.00,4.34,-2.95,-0.36,3.97
2019-10-30,11.71,11.51,11.87,11.39,25915,30095424.00,4.05,-2.79,-0.33,3.21
2019-10-31,11.59,11.53,11.84,11.44,24527,28572797.00,3.48,0.17,0.02,3.04
2019-11-01,11.60,11.56,11.63,11.21,21908,25098042.00,3.64,0.26,0.03,2.72
2019-11-04,11.61,11.53,11.76,11.47,18816,21841168.00,2.51,-0.26,-0.03,2.33
2019-11-05,11.53,11.46,11.55,11.26,21931,25003095.00,2.52,-0.61,-0.07,2.72
2019-11-06,11.49,11.25,11.52,11.16,22065,24978931.00,3.14,-1.83,-0.21,2.74
2019-11-07,11.30,11.32,11.41,11.17,18431,20832350.00,2.13,0.62,0.07,2.29
2019-11-08,11.37,11.49,11.69,11.30,31719,36472371.00,3.45,1.50,0.17,3.93
2019-11-11,11.40,10.92,11.49,10.82,41781,46202634.00,5.83,-4.96,-0.57,5.18
2019-11-12,11.02,11.00,11.05,10.81,16434,17994581.00,2.20,0.73,0.08,2.04
2019-11-13,11.00,10.82,11.04,10.76,13987,15192311.00,2.55,-1.64,-0.18,1.73
2019-11-14,10.82,11.02,11.14,10.82,16715,18353856.00,2.96,1.85,0.20,2.07
2019-11-15,11.01,11.02,11.28,10.95,24683,27488270.00,2.99,0.00,0.00,3.06
2019-11-18,11.55,11.36,12.00,11.32,51244,59218778.00,6.17,3.09,0.34,6.36
2019-11-19,11.33,11.62,11.85,11.28,45309,52262439.00,5.02,2.29,0.26,5.62
2019-11-20,11.62,11.39,11.65,11.30,32384,37041102.00,3.01,-1.98,-0.23,4.02
2019-11-21,11.46,11.26,11.46,11.21,21335,24104745.00,2.19,-1.14,-0.13,2.65
2019-11-22,11.25,11.03,11.39,10.98,22484,25102534.00,3.64,-2.04,-0.23,2.79
2019-11-25,11.11,11.08,11.11,10.83,17161,18837919.00,2.54,0.45,0.05,2.13
2019-11-26,11.05,11.39,11.45,10.90,32264,36174901.00,4.96,2.80,0.31,4.00
2019-11-27,11.35,11.60,11.72,11.25,54616,63192336.00,4.13,1.84,0.21,6.77
2019-11-28,11.60,11.34,11.62,11.23,34842,39675083.00,3.36,-2.24,-0.26,4.32
2019-11-29,11.27,11.58,11.58,11.02,34343,38896200.00,4.94,2.12,0.24,4.26
2019-12-02,11.52,11.82,11.94,11.45,45678,53517944.00,4.23,2.07,0.24,5.67
2019-12-03,11.66,11.81,11.88,11.66,24394,28771068.00,1.86,-0.08,-0.01,3.03
2019-12-04,11.70,11.79,11.83,11.61,28211,33082206.00,1.86,-0.17,-0.02,3.50
2019-12-05,11.87,11.82,11.94,11.73,30102,35619454.00,1.78,0.25,0.03,3.73
2019-12-06,11.83,12.05,12.19,11.76,49918,59956247.00,3.64,1.95,0.23,6.19
2019-12-09,12.05,12.00,12.24,11.91,34684,41804668.00,2.74,-0.41,-0.05,4.30
2019-12-10,12.00,12.38,12.47,11.81,56978,69573597.00,5.50,3.17,0.38,7.07
2019-12-11,12.29,12.21,12.59,12.09,48010,59048615.00,4.04,-1.37,-0.17,5.95
2019-12-12,12.28,12.36,12.66,12.22,62529,77851476.00,3.60,1.23,0.15,7.76
2019-12-13,12.42,12.32,12.50,12.14,46044,56491195.00,2.91,-0.32,-0.04,5.71
2019-12-16,12.39,13.55,13.55,12.32,201823,265162880.00,9.98,9.98,1.23,25.03
2019-12-17,13.34,14.00,14.40,13.30,223344,308078560.00,8.12,3.32,0.45,27.70
2019-12-18,13.86,13.83,14.69,13.78,167181,235941938.00,6.50,-1.21,-0.17,20.74
2019-12-19,13.75,13.64,13.95,13.42,121602,165699790.00,3.83,-1.37,-0.19,15.08
2019-12-20,13.58,13.35,13.73,13.28,100855,135847687.00,3.30,-2.13,-0.29,12.51
2019-12-23,13.31,12.95,13.58,12.93,90743,120221552.00,4.87,-3.00,-0.40,11.25
2019-12-24,12.98,13.46,13.52,12.85,103623,137559948.00,5.17,3.94,0.51,12.85
2019-12-25,13.38,13.55,13.65,13.07,82801,110477698.00,4.31,0.67,0.09,10.27
2019-12-26,13.45,13.76,13.83,13.28,97376,132704817.00,4.06,1.55,0.21,12.08
2019-12-27,13.87,13.00,13.87,12.96,97453,130052657.00,6.61,-5.52,-0.76,12.09
2019-12-30,12.80,14.30,14.30,12.61,87132,119502793.00,13.00,10.00,1.30,10.81
2019-12-31,14.60,14.09,14.73,13.83,165767,235290390.00,6.29,-1.47,-0.21,20.56
2020-01-02,14.10,14.99,15.45,14.05,214376,312379360.00,9.94,6.39,0.90,26.59
2020-01-03,14.85,14.62,15.17,14.38,142809,210127002.00,5.27,-2.47,-0.37,17.71
2020-01-06,14.36,14.94,15.14,14.06,133219,195344648.00,7.39,2.19,0.32,16.52
2020-01-07,14.80,15.77,16.43,14.71,204279,323136800.00,11.51,5.56,0.83,25.34
2020-01-08,15.61,15.10,16.18,15.07,144841,226178248.00,7.04,-4.25,-0.67,17.96
2020-01-09,15.37,16.61,16.61,14.81,220621,353177696.00,11.92,10.00,1.51,27.36
2020-01-10,16.92,17.30,17.70,16.30,194759,330405424.00,8.43,4.15,0.69,24.16
2020-01-13,18.26,19.03,19.03,17.30,106317,196767345.00,10.00,10.00,1.73,13.19
2020-01-14,19.57,20.40,20.93,19.11,256434,523343232.00,9.56,7.20,1.37,31.81
2020-01-15,19.38,19.85,20.07,18.80,175164,340684912.00,6.23,-2.70,-0.55,21.73
2020-01-16,19.38,19.00,19.51,18.30,166415,314467440.00,6.10,-4.28,-0.85,20.64
2020-01-17,18.75,18.69,19.30,18.21,143757,269872912.00,5.74,-1.63,-0.31,17.83
2020-01-20,18.56,18.89,19.16,18.45,99010,186375345.00,3.80,1.07,0.20,12.28
2020-01-21,18.70,18.53,18.83,17.40,112075,203009028.00,7.57,-1.91,-0.36,13.90
2020-01-22,18.03,18.31,18.70,17.23,89792,162256562.00,7.93,-1.19,-0.22,11.14
2020-01-23,18.02,17.20,18.47,17.10,62206,110038782.00,7.48,-6.06,-1.11,7.72
2020-02-03,15.48,15.48,15.48,15.48,5037,7797276.00,0.00,-10.00,-1.72,0.62
2020-02-04,14.20,15.04,15.90,14.20,115420,174984563.00,10.98,-2.84,-0.44,14.08
2020-02-05,15.30,16.54,16.54,15.21,91803,147107961.00,8.84,9.97,1.50,11.20
2020-02-06,16.21,16.56,16.75,16.05,94452,155424316.00,4.23,0.12,0.02,11.52
2020-02-07,16.48,16.75,16.83,15.92,88099,144311496.00,5.50,1.15,0.19,10.75
2020-02-10,16.21,16.41,16.60,16.00,61857,100953624.00,3.58,-2.03,-0.34,7.55
2020-02-11,16.42,15.78,16.59,15.45,93826,148563210.00,6.95,-3.84,-0.63,11.45
2020-02-12,15.76,17.10,17.36,15.55,130166,217087549.00,11.47,8.37,1.32,15.88
2020-02-13,16.82,16.28,16.95,16.20,95269,157041198.00,4.39,-4.80,-0.82,11.62
2020-02-14,16.28,16.49,17.08,16.07,97436,162435394.00,6.20,1.29,0.21,11.89
2020-02-17,16.98,17.80,18.14,16.75,127103,223130427.00,8.43,7.94,1.31,15.50
2020-02-18,17.79,18.37,18.38,17.63,120800,217564723.00,4.21,3.20,0.57,14.74
2020-02-19,18.30,17.61,18.30,17.56,94385,168157769.00,4.03,-4.14,-0.76,11.51
2020-02-20,17.87,18.23,18.37,17.53,88768,160407007.00,4.77,3.52,0.62,10.83
2020-02-21,18.55,18.44,18.85,17.90,117638,215165405.00,5.21,1.15,0.21,14.35
2020-02-24,18.21,18.30,18.47,17.85,85879,155937407.00,3.36,-0.76,-0.14,10.48
2020-02-25,17.55,17.71,17.92,16.57,116375,202082242.00,7.38,-3.22,-0.59,14.20
2020-02-26,17.09,16.39,17.31,16.19,79848,133525406.00,6.32,-7.45,-1.32,9.74
2020-02-27,16.52,16.07,16.68,15.83,48186,78078053.00,5.19,-1.95,-0.32,5.88
2020-02-28,15.50,14.46,15.52,14.46,79074,117580089.00,6.60,-10.02,-1.61,9.65
2020-03-02,14.63,14.94,15.12,14.21,75414,111004693.00,6.29,3.32,0.48,9.20
2020-03-03,15.17,14.95,15.56,14.72,66247,100343544.00,5.62,0.07,0.01,8.08
2020-03-04,15.00,15.25,15.44,14.95,58272,88725101.00,3.28,2.01,0.30,7.11
2020-03-05,15.50,15.34,15.60,14.98,56753,86502581.00,4.07,0.59,0.09,6.92
2020-03-06,15.08,15.15,15.33,14.85,45589,68924666.00,3.13,-1.24,-0.19,5.56
2020-03-09,14.90,14.27,15.13,14.25,47453,69721466.00,5.81,-5.81,-0.88,5.79
2020-03-10,14.00,14.87,14.89,13.92,46051,66833126.00,6.80,4.20,0.60,5.62
2020-03-11,14.93,14.42,15.10,14.36,46166,67908657.00,4.98,-3.03,-0.45,5.63
2020-03-12,14.26,14.24,14.45,14.01,31784,45267057.00,3.05,-1.25,-0.18,3.88
2020-03-13,13.34,13.84,14.10,13.23,46440,63084926.00,6.11,-2.81,-0.40,5.66
2020-03-16,14.00,12.85,14.09,12.62,59819,80024435.00,10.62,-7.15,-0.99,7.30
2020-03-17,13.08,13.07,13.15,12.46,54147,69902810.00,5.37,1.71,0.22,6.62
2020-03-18,13.23,12.81,13.48,12.75,41721,55031322.00,5.59,-1.99,-0.26,5.10
2020-03-19,12.92,13.15,13.17,12.70,39749,51613300.00,3.67,2.65,0.34,4.86
2020-03-20,13.31,13.41,13.48,13.14,37031,49225148.00,2.59,1.98,0.26,4.53
2020-03-23,13.03,12.44,13.04,12.40,43968,55991962.00,4.77,-7.23,-0.97,5.37
2020-03-24,12.80,12.63,12.84,12.16,32756,41110786.00,5.47,1.53,0.19,4.00
2020-03-25,12.87,12.94,13.09,12.77,36832,47565817.00,2.53,2.45,0.31,4.50
2020-03-26,12.89,12.71,12.97,12.68,30822,39495765.00,2.24,-1.78,-0.23,3.77
2020-03-27,12.92,12.41,12.97,12.39,31278,39590229.00,4.56,-2.36,-0.30,3.78
2020-03-30,12.28,11.72,12.28,11.36,54209,63422040.00,7.41,-5.56,-0.69,6.55
2020-03-31,12.10,11.61,12.14,11.59,37598,44649982.00,4.69,-0.94,-0.11,4.54
2020-04-01,11.54,11.59,11.94,11.46,29258,34325498.00,4.13,-0.17,-0.02,3.54
2020-04-02,11.51,12.12,12.13,11.46,45010,53372080.00,5.78,4.57,0.53,5.44
2020-04-03,12.19,12.05,12.34,11.94,41926,50760893.00,3.30,-0.58,-0.07,5.07
2020-04-07,12.31,12.58,12.89,12.30,56033,70814395.00,4.90,4.40,0.53,6.77
2020-04-08,12.44,12.49,12.70,12.41,32689,40985580.00,2.31,-0.72,-0.09,3.95
2020-04-09,12.57,12.57,12.65,12.40,30958,38812711.00,2.00,0.64,0.08,3.74
2020-04-10,12.63,12.14,12.64,12.02,40636,49527550.00,4.93,-3.42,-0.43,4.91
2020-04-13,12.00,11.94,12.18,11.61,25523,30367533.00,4.70,-1.65,-0.20,3.08
2020-04-14,12.00,12.14,12.30,11.94,28422,34361488.00,3.02,1.68,0.20,3.43
2020-04-15,12.18,13.35,13.35,12.05,100669,130378569.00,10.71,9.97,1.21,12.16
2020-04-16,13.36,14.18,14.30,13.20,221874,307177456.00,8.24,6.22,0.83,26.81
2020-04-17,14.30,14.18,14.34,13.83,158382,223745287.00,3.60,0.00,0.00,19.14
2020-04-20,14.22,15.20,15.31,14.20,130007,191442504.00,7.83,7.19,1.02,15.71
2020-04-21,15.16,15.46,16.19,14.91,140972,219195687.00,8.42,1.71,0.26,17.04
2020-04-22,15.48,15.09,15.60,14.76,108117,163570120.00,5.43,-2.39,-0.37,13.06
2020-04-23,15.00,14.68,15.30,14.32,101795,150480770.00,6.49,-2.72,-0.41,12.30
2020-04-24,14.70,13.96,14.79,13.90,69533,98930258.00,6.06,-4.90,-0.72,8.40
2020-04-27,13.90,13.56,14.00,13.39,67936,92983204.00,4.37,-2.87,-0.40,6.33
2020-04-28,13.53,12.88,13.84,12.20,76006,98937557.00,12.09,-5.01,-0.68,7.08
2020-04-29,13.19,14.17,14.17,13.04,59206,81825167.00,8.77,10.02,1.29,5.52
2020-04-30,14.54,14.47,14.86,13.93,132436,190683358.00,6.56,2.12,0.30,12.34
2020-05-06,14.34,14.76,15.27,14.20,112850,165223782.00,7.39,2.00,0.29,10.52
2020-05-07,14.77,14.26,14.99,14.21,96371,139424716.00,5.28,-3.39,-0.50,8.98
2020-05-08,14.33,14.25,14.65,14.17,75750,108939840.00,3.37,-0.07,-0.01,7.06
2020-05-11,14.36,14.47,14.54,14.19,79594,114250325.00,2.46,1.54,0.22,7.42
2020-05-12,14.35,14.15,14.46,13.86,71812,101468735.00,4.15,-2.21,-0.32,6.69
2020-05-13,14.16,13.98,14.20,13.88,52863,73945494.00,2.26,-1.20,-0.17,4.93
2020-05-14,13.95,13.74,14.10,13.62,62873,86936887.00,3.43,-1.72,-0.24,5.86
2020-05-15,13.83,13.86,14.05,13.71,47889,66574793.00,2.47,0.87,0.12,4.46
2020-05-18,13.89,13.43,14.00,13.26,50572,68517662.00,5.34,-3.10,-0.43,4.71
2020-05-19,13.73,13.69,13.79,13.49,36894,50344954.00,2.23,1.94,0.26,3.44
2020-05-20,13.70,13.75,13.75,13.35,47990,64994269.00,2.92,0.44,0.06,4.47
2020-05-21,13.75,13.86,14.64,13.54,118748,167140582.00,8.00,0.80,0.11,11.07
2020-05-22,13.65,13.90,14.18,13.65,71631,99802746.00,3.82,0.29,0.04,6.68
2020-05-25,14.00,12.92,14.04,12.66,81342,106485287.00,9.93,-7.05,-0.98,7.58
2020-05-26,12.93,13.18,13.27,12.71,55437,72213673.00,4.33,2.01,0.26,5.17
2020-05-27,13.06,12.94,13.40,12.89,48735,63929526.00,3.87,-1.82,-0.24,4.54
2020-05-28,13.04,12.91,13.10,12.40,49276,62800469.00,5.41,-0.23,-0.03,4.59
2020-05-29,13.00,13.18,13.70,12.84,61050,80983126.00,6.66,2.09,0.27,5.69
2020-06-01,13.12,14.04,14.13,13.12,99941,137379709.00,7.66,6.53,0.86,9.32
2020-06-02,14.00,14.23,14.45,13.93,93043,132347543.00,3.70,1.35,0.19,8.67
2020-06-03,14.44,14.16,14.44,14.10,62036,88408207.00,2.39,-0.49,-0.07,5.78
2020-06-04,14.16,14.20,14.56,14.00,58924,84029672.00,3.95,0.28,0.04,5.49
2020-06-05,14.11,14.15,14.36,13.92,46617,65782875.00,3.10,-0.35,-0.05,4.35
2020-06-08,14.30,14.12,14.41,14.02,41792,59351312.00,2.76,-0.21,-0.03,3.90
2020-06-09,14.28,14.14,14.28,13.92,37806,53219127.00,2.55,0.14,0.02,3.52
2020-06-10,14.13,14.01,14.14,13.74,35366,49255591.00,2.83,-0.92,-0.13,3.30
2020-06-11,14.03,13.98,14.34,13.90,43160,60925101.00,3.14,-0.21,-0.03,4.02
2020-06-12,13.58,13.85,13.90,13.45,38781,53217779.00,3.22,-0.93,-0.13,3.61
2020-06-15,13.76,14.20,14.44,13.75,57886,82019816.00,4.98,2.53,0.35,5.40
2020-06-16,14.31,14.29,14.48,14.18,47602,68097161.00,2.11,0.63,0.09,4.44
2020-06-17,14.39,14.58,14.73,14.23,58362,84483557.00,3.50,2.03,0.29,5.44
2020-06-18,14.50,14.80,14.88,14.36,72462,106138163.00,3.57,1.51,0.22,6.75
2020-06-19,14.81,14.52,14.87,14.40,59802,87061276.00,3.18,-1.89,-0.28,5.57
2020-06-22,14.51,14.59,15.35,14.48,66435,98539875.00,5.99,0.48,0.07,6.19
2020-06-23,14.43,15.14,15.90,14.43,127816,193948098.00,10.08,3.77,0.55,11.91
2020-06-24,15.06,15.76,15.82,15.06,132153,205182957.00,5.02,4.10,0.62,12.32
2020-06-29,15.74,15.95,16.18,15.23,118377,185248712.00,6.03,1.21,0.19,11.03
2020-06-30,15.90,16.25,16.30,15.76,109641,175733436.00,3.39,1.88,0.30,8.39
2020-07-01,16.17,15.91,17.38,15.76,154033,253942602.00,9.97,-2.09,-0.34,11.78
2020-07-02,16.00,15.78,16.24,15.70,100636,160522945.00,3.39,-0.82,-0.13,7.70
2020-07-03,15.94,15.82,16.07,15.61,82708,130993834.00,2.92,0.25,0.04,6.33
2020-07-06,15.80,16.46,16.60,15.76,89174,144788430.00,5.31,4.05,0.64,6.82
2020-07-07,16.47,16.68,17.10,16.43,100590,169297014.00,4.07,1.34,0.22,7.70
2020-07-08,16.76,16.97,17.07,16.56,82245,138510473.00,3.06,1.74,0.29,6.29
2020-07-09,17.12,17.79,17.90,17.10,98164,171904512.00,4.71,4.83,0.82,7.51
2020-07-10,17.58,17.87,18.17,17.44,91127,162306265.00,4.10,0.45,0.08,6.97
2020-07-13,18.53,18.29,18.81,17.67,149952,270981408.00,6.38,2.35,0.42,11.47
2020-07-14,18.06,19.38,19.46,17.70,190811,354638704.00,9.62,5.96,1.09,14.60
2020-07-15,19.61,18.55,20.60,18.52,179372,349648032.00,10.73,-4.28,-0.83,13.72
2020-07-16,18.07,17.50,19.35,17.20,122672,226138987.00,11.59,-5.66,-1.05,9.38
2020-07-17,18.04,17.73,18.66,17.41,123280,221942535.00,7.14,1.31,0.23,9.43
2020-07-20,17.80,17.95,18.03,17.50,93042,165221203.00,2.99,1.24,0.22,7.12
2020-07-21,17.85,17.29,18.18,17.21,86126,151398687.00,5.40,-3.68,-0.66,6.59
2020-07-22,17.39,18.26,18.74,17.03,119351,215229024.00,9.89,5.61,0.97,9.13
2020-07-23,17.92,18.59,18.63,17.45,88433,159258336.00,6.46,1.81,0.33,6.77
2020-07-24,18.38,17.85,19.06,17.62,96196,177297225.00,7.75,-3.98,-0.74,7.36
2020-07-27,17.86,16.93,18.10,16.69,93500,161662359.00,7.90,-5.15,-0.92,7.15
2020-07-28,17.20,16.58,17.25,16.24,75037,125269817.00,5.97,-2.07,-0.35,5.74
2020-07-29,16.45,18.24,18.24,16.31,102175,179471343.00,11.64,10.01,1.66,7.82
2020-07-30,18.34,20.06,20.06,18.34,170891,336944624.00,9.43,9.98,1.82,13.07
2020-07-31,19.74,22.07,22.07,19.74,201236,414980016.00,11.62,10.02,2.01,15.40
2020-08-03,22.94,22.48,23.60,21.86,300574,676158912.00,7.88,1.86,0.41,22.99
2020-08-04,21.99,24.06,24.73,21.46,282861,653625456.00,14.55,7.03,1.58,21.64
2020-08-05,23.99,22.71,23.99,22.00,216302,496742736.00,8.27,-5.61,-1.35,16.55
2020-08-06,22.00,21.86,23.00,21.07,148219,325457120.00,8.50,-3.74,-0.85,11.34
2020-08-07,22.00,24.05,24.05,20.80,228858,511361040.00,14.87,10.02,2.19,17.51
2020-08-10,24.24,22.54,24.30,22.50,155762,359342096.00,7.48,-6.28,-1.51,11.92
2020-08-11,22.43,22.31,23.21,21.87,96122,215904508.00,5.94,-1.02,-0.23,7.35
2020-08-12,22.11,21.15,22.20,20.60,99118,209629102.00,7.17,-5.20,-1.16,7.58
2020-08-13,21.48,21.42,21.60,20.68,57989,123184714.00,4.35,1.28,0.27,4.44
2020-08-14,21.04,21.50,21.92,20.80,46363,98845860.00,5.23,0.37,0.08,3.55
2020-08-17,21.44,22.69,23.60,21.44,129763,295960896.00,10.05,5.53,1.19,9.93
2020-08-18,22.78,22.02,22.97,21.82,93581,208094489.00,5.07,-2.95,-0.67,7.16
2020-08-19,21.80,21.40,22.18,21.40,62842,136013371.00,3.54,-2.82,-0.62,4.81
2020-08-20,21.05,20.88,21.45,20.70,57069,119456529.00,3.50,-2.43,-0.52,4.37
2020-08-21,20.88,20.82,21.40,20.30,57645,120731879.00,5.27,-0.29,-0.06,4.41
2020-08-24,20.83,21.26,21.60,20.52,49527,104901412.00,5.19,2.11,0.44,3.79
2020-08-25,21.22,20.81,21.43,20.61,41873,87578308.00,3.86,-2.12,-0.45,3.20
2020-08-26,20.94,19.89,21.14,19.89,67855,138158036.00,6.01,-4.42,-0.92,5.19
2020-08-27,19.94,19.64,20.10,19.51,38974,77055593.00,2.97,-1.26,-0.25,2.98
2020-08-28,19.98,20.11,20.21,19.64,35451,70513554.00,2.90,2.39,0.47,2.71
2020-08-31,20.06,19.98,20.42,19.91,46530,93873746.00,2.54,-0.65,-0.13,3.56
2020-09-01,19.84,19.87,20.17,19.69,30828,61260078.00,2.40,-0.55,-0.11,2.36
2020-09-02,19.88,20.00,20.14,19.70,33188,66309832.00,2.21,0.65,0.13,2.54
2020-09-03,20.04,19.65,20.23,19.10,63386,123838852.00,5.65,-1.75,-0.35,4.85
2020-09-04,19.20,19.63,19.80,19.18,26532,51824010.00,3.16,-0.10,-0.02,2.03
2020-09-07,19.62,18.96,19.95,18.95,42545,82553622.00,5.09,-3.41,-0.67,3.25
2020-09-08,19.05,18.88,19.24,18.48,36589,68840428.00,4.01,-0.42,-0.08,2.80
2020-09-09,18.79,17.89,18.79,17.88,42356,77306207.00,4.82,-5.24,-0.99,3.24
2020-09-10,18.16,17.36,18.18,17.32,33663,59679783.00,4.81,-2.96,-0.53,2.58
2020-09-11,17.37,17.71,18.39,17.37,34485,61424871.00,5.88,2.02,0.35,2.64
2020-09-14,18.20,17.95,18.58,17.77,30526,55259061.00,4.57,1.36,0.24,2.34
2020-09-15,18.01,18.75,19.55,17.77,70038,132324837.00,9.92,4.46,0.80,5.36
2020-09-16,18.70,18.47,18.90,18.29,31526,58381263.00,3.25,-1.49,-0.28,2.41
2020-09-17,18.36,18.46,18.73,18.08,25582,47218092.00,3.52,-0.05,-0.01,1.96
2020-09-18,18.39,18.68,18.73,18.22,23721,43877718.00,2.76,1.19,0.22,1.81
2020-09-21,18.68,19.22,19.86,18.60,59616,115561652.00,6.75,2.89,0.54,4.56
2020-09-22,19.29,18.97,19.34,18.70,28019,53290816.00,3.33,-1.30,-0.25,2.14
2020-09-23,18.95,19.08,19.40,18.76,27068,51604950.00,3.37,0.58,0.11,2.07
2020-09-24,19.00,18.41,19.10,18.40,23334,43659274.00,3.67,-3.51,-0.67,1.79
2020-09-25,18.73,18.43,18.79,18.26,19464,35905105.00,2.88,0.11,0.02,1.49
2020-09-28,18.26,18.30,18.57,17.92,20072,36638522.00,3.53,-0.71,-0.13,1.54
2020-09-29,18.45,18.92,19.00,18.08,30885,57613077.00,5.03,3.39,0.62,2.36
2020-09-30,18.92,18.80,18.98,18.65,22593,42457061.00,1.74,-0.63,-0.12,1.73
2020-10-09,19.10,19.22,19.38,19.02,28983,55703011.00,1.91,2.23,0.42,2.22
2020-10-12,19.37,19.86,19.92,19.24,35090,69092052.00,3.54,3.33,0.64,2.68
2020-10-13,19.88,20.06,20.17,19.62,31474,62767960.00,2.77,1.01,0.20,2.41
2020-10-14,20.06,20.35,20.55,19.66,41355,83344481.00,4.44,1.45,0.29,3.16
2020-10-15,19.80,18.32,19.81,18.32,91975,173760470.00,7.32,-9.98,-2.03,7.04
2020-10-16,17.80,17.58,18.11,17.51,44043,77920529.00,3.28,-4.04,-0.74,3.37
2020-10-19,17.66,17.73,18.74,17.46,78844,142449997.00,7.28,0.85,0.15,6.03
2020-10-20,17.72,17.48,17.72,17.00,56377,97518196.00,4.06,-1.41,-0.25,4.31
2020-10-21,17.49,17.15,17.55,16.92,43775,75072552.00,3.60,-1.89,-0.33,3.35
2020-10-22,17.14,17.02,17.14,16.80,22838,38786549.00,1.98,-0.76,-0.13,1.75
2020-10-23,17.00,16.85,17.13,16.67,31922,53890049.00,2.70,-1.00,-0.17,2.44
2020-10-26,16.85,16.80,16.85,16.50,20827,34804654.00,2.08,-0.30,-0.05,1.59
2020-10-27,16.80,16.84,16.97,16.61,21759,36517086.00,2.14,0.24,0.04,1.66
2020-10-28,16.72,16.91,17.04,16.72,19582,33048044.00,1.90,0.42,0.07,1.50
2020-10-29,16.86,16.75,16.90,16.64,19263,32292865.00,1.54,-0.95,-0.16,1.47
2020-10-30,16.80,16.23,16.97,16.10,33516,55288506.00,5.19,-3.10,-0.52,2.56
2020-11-02,16.29,16.14,16.38,15.88,41761,67335719.00,3.08,-0.55,-0.09,3.19
2020-11-03,16.15,16.75,16.85,16.00,33599,55602254.00,5.27,3.78,0.61,2.57
2020-11-04,16.79,16.63,16.98,16.57,16575,27644980.00,2.45,-0.72,-0.12,1.27
2020-11-05,16.72,16.90,16.97,16.70,24066,40560306.00,1.62,1.62,0.27,1.84
2020-11-06,16.94,16.85,17.04,16.74,25154,42369851.00,1.78,-0.30,-0.05,1.92
2020-11-09,16.85,17.16,17.30,16.75,44095,75570977.00,3.26,1.84,0.31,3.37
2020-11-10,17.19,16.90,17.25,16.72,39367,66716393.00,3.09,-1.52,-0.26,3.01
2020-11-11,16.90,16.40,16.90,16.37,26657,44232254.00,3.14,-2.96,-0.50,2.04
2020-11-12,16.48,16.35,16.64,16.24,19761,32361684.00,2.44,-0.30,-0.05,1.51
2020-11-13,16.28,16.55,16.61,16.11,20994,34466611.00,3.06,1.22,0.20,1.61
2020-11-16,16.60,16.44,16.60,16.36,16486,27117188.00,1.45,-0.66,-0.11,1.26
2020-11-17,16.44,16.08,16.44,15.86,32151,51535714.00,3.53,-2.19,-0.36,2.46
2020-11-18,15.98,16.07,16.35,15.98,18376,29645083.00,2.30,-0.06,-0.01,1.41
2020-11-19,16.10,16.17,16.28,15.89,18519,29856763.00,2.43,0.62,0.10,1.42
2020-11-20,16.30,16.22,16.35,16.06,17732,28676856.00,1.79,0.31,0.05,1.36
2020-11-23,16.20,16.13,16.27,16.00,20879,33663712.00,1.66,-0.55,-0.09,1.60
2020-11-24,16.08,16.08,16.34,16.05,16218,26189718.00,1.80,-0.31,-0.05,1.24
2020-11-25,16.18,15.85,16.24,15.83,22852,36435438.00,2.55,-1.43,-0.23,1.75
2020-11-26,15.80,15.41,15.82,15.35,29271,45279945.00,2.97,-2.78,-0.44,2.24
2020-11-27,15.43,15.42,15.50,15.23,17528,26943346.00,1.75,0.06,0.01,1.34
2020-11-30,15.42,15.43,15.57,15.30,14322,22147089.00,1.75,0.06,0.01,1.10
2020-12-01,15.40,15.57,15.64,15.34,17834,27712414.00,1.94,0.91,0.14,1.36
2020-12-02,15.64,15.97,16.00,15.55,29969,47302222.00,2.89,2.57,0.40,2.29
2020-12-03,15.99,16.45,16.48,15.80,38953,62972280.00,4.26,3.01,0.48,2.98
2020-12-04,16.31,16.44,17.00,16.31,44126,73228170.00,4.19,-0.06,-0.01,3.38
2020-12-07,16.44,16.13,16.58,16.08,29170,47364593.00,3.04,-1.89,-0.31,2.23
2020-12-08,16.12,16.35,16.82,16.07,48052,79333492.00,4.65,1.36,0.22,3.68
2020-12-09,16.39,16.65,16.94,16.35,48191,80337679.00,3.61,1.83,0.30,3.69
2020-12-10,16.58,16.63,16.75,16.30,22652,37512359.00,2.70,-0.12,-0.02,1.73
2020-12-11,16.53,16.75,16.76,16.27,29612,48965830.00,2.95,0.72,0.12,2.27
2020-12-14,16.69,16.83,17.19,16.60,35386,59562647.00,3.52,0.48,0.08,2.71
2020-12-15,15.81,16.10,16.26,15.41,68443,108174635.00,5.05,-4.34,-0.73,5.24
2020-12-16,15.97,15.75,16.37,15.65,27012,42930623.00,4.47,-2.17,-0.35,2.07
2020-12-17,15.69,17.33,17.33,15.20,113437,190022763.00,13.52,10.03,1.58,8.68
2020-12-18,17.33,16.79,17.39,16.70,85576,144448981.00,3.98,-3.12,-0.54,6.55
2020-12-21,16.89,16.55,16.95,16.35,55486,92201893.00,3.57,-1.43,-0.24,4.24
2020-12-22,16.52,16.79,16.89,16.28,58380,96913235.00,3.69,1.45,0.24,4.47
2020-12-23,16.61,17.15,17.28,16.25,60568,100851568.00,6.13,2.14,0.36,4.63
2020-12-24,16.93,16.78,17.06,16.69,42956,72438131.00,2.16,-2.16,-0.37,3.29
2020-12-25,16.74,16.58,16.75,16.28,33925,56111096.00,2.80,-1.19,-0.20,2.60
2020-12-28,16.35,16.76,17.17,16.33,35205,59181456.00,5.07,1.09,0.18,2.69
2020-12-29,16.78,17.38,17.49,16.67,60645,104502890.00,4.89,3.70,0.62,4.64
2020-12-30,17.32,17.27,17.66,17.07,49586,86040730.00,3.39,-0.63,-0.11,3.79
2020-12-31,17.21,17.67,17.75,17.18,43698,76573291.00,3.30,2.32,0.40,3.34
2021-01-04,17.73,17.84,18.08,17.41,44299,78640761.00,3.79,0.96,0.17,3.39
2021-01-05,17.70,18.32,18.49,17.59,49981,90590786.00,5.04,2.69,0.48,3.82
2021-01-06,18.16,17.42,18.44,17.35,50941,90611555.00,5.95,-4.91,-0.90,3.90
2021-01-07,17.30,16.76,17.39,16.50,37915,64370251.00,5.11,-3.79,-0.66,2.90
2021-01-08,16.55,17.56,17.68,16.30,41604,70934767.00,8.23,4.77,0.80,3.18
2021-01-11,17.38,16.93,17.56,16.75,27991,47925625.00,4.61,-3.59,-0.63,2.14
2021-01-12,16.90,16.92,17.09,16.39,29983,50140602.00,4.13,-0.06,-0.01,2.29
2021-01-13,16.90,16.13,16.90,16.00,43064,70434778.00,5.32,-4.67,-0.79,3.29
2021-01-14,16.25,16.13,16.32,15.80,26193,42098557.00,3.22,0.00,0.00,2.00
2021-01-15,16.13,16.18,16.39,15.95,17951,28966609.00,2.73,0.31,0.05,1.37
2021-01-18,16.19,16.35,16.49,16.09,18962,30890779.00,2.47,1.05,0.17,1.45
2021-01-19,16.35,16.35,16.57,16.29,14814,24320892.00,1.71,0.00,0.00,1.13
2021-01-20,16.38,16.16,16.45,16.10,16488,26748708.00,2.14,-1.16,-0.19,1.26
2021-01-21,16.10,16.14,16.26,16.03,18664,30120776.00,1.42,-0.12,-0.02,1.43
2021-01-22,16.14,16.18,16.33,15.66,35834,57234443.00,4.15,0.25,0.04,2.74
2021-01-25,16.40,16.10,16.47,16.08,26238,42555450.00,2.41,-0.49,-0.08,2.01
2021-01-26,15.86,15.70,16.16,15.51,22098,34874827.00,4.04,-2.48,-0.40,1.69
2021-01-27,15.84,15.30,15.84,15.23,20717,31914571.00,3.89,-2.55,-0.40,1.58
2021-01-28,15.20,14.77,15.35,14.77,21319,32051066.00,3.79,-3.46,-0.53,1.63
2021-01-29,14.90,14.97,15.10,14.66,13916,20710185.00,2.98,1.35,0.20,1.06
2021-02-01,14.91,15.13,15.33,14.91,12279,18623937.00,2.81,1.07,0.16,0.93
2021-02-02,15.03,14.70,15.18,14.68,20855,31006062.00,3.30,-2.84,-0.43,1.58
2021-02-03,14.73,14.52,14.82,14.21,21038,30440919.00,4.15,-1.22,-0.18,1.60
2021-02-04,14.52,13.07,14.52,13.07,62274,83728456.00,9.99,-9.99,-1.45,4.68
2021-02-05,13.03,12.37,13.20,12.22,51140,64637252.00,7.50,-5.36,-0.70,3.84
2021-02-08,12.37,12.06,12.45,11.75,30436,37047529.00,5.66,-2.51,-0.31,2.29
2021-02-09,12.30,12.25,12.39,11.92,25512,31040513.00,3.90,1.58,0.19,1.92
2021-02-10,12.36,12.36,12.43,12.12,21964,27090147.00,2.53,0.90,0.11,1.65
2021-02-18,12.71,13.08,13.17,12.60,30839,39954577.00,4.61,5.83,0.72,2.32
2021-02-19,13.20,14.01,14.04,13.07,31707,43182793.00,7.42,7.11,0.93,2.38
2021-02-22,14.01,13.90,14.21,13.90,28701,40212230.00,2.21,-0.79,-0.11,2.16
2021-02-23,13.79,13.72,14.04,13.51,21280,29309274.00,3.81,-1.29,-0.18,1.60
2021-02-24,13.69,13.97,14.19,13.69,24404,34182480.00,3.64,1.82,0.25,1.83
2021-02-25,14.01,13.79,14.20,13.71,18946,26230792.00,3.51,-1.29,-0.18,1.42
2021-02-26,13.70,13.75,13.93,13.52,13186,18161444.00,2.97,-0.29,-0.04,0.99
2021-03-01,13.76,14.00,14.10,13.75,16373,22887213.00,2.55,1.82,0.25,1.23
2021-03-02,14.20,13.92,14.20,13.88,16091,22504630.00,2.29,-0.57,-0.08,1.21
2021-03-03,13.88,14.00,14.10,13.86,14890,20841770.00,1.72,0.57,0.08,1.12
2021-03-04,13.98,13.91,14.10,13.85,14859,20733886.00,1.79,-0.64,-0.09,1.12
2021-03-05,13.95,14.01,14.10,13.80,14832,20744658.00,2.16,0.72,0.10,1.11
2021-03-08,14.08,13.78,14.18,13.72,19249,26801991.00,3.28,-1.64,-0.23,1.45
2021-03-09,13.73,13.20,13.86,12.90,22366,29801398.00,6.97,-4.21,-0.58,1.68
2021-03-10,13.37,13.02,13.58,12.99,16964,22218949.00,4.47,-1.36,-0.18,1.28
2021-03-11,13.00,13.15,13.26,12.84,10984,14392762.00,3.23,1.00,0.13,0.83
2021-03-12,13.19,13.02,13.30,13.00,12026,15711288.00,2.28,-0.99,-0.13,0.91
2021-03-15,13.03,11.73,13.03,11.72,130752,157118683.00,10.06,-9.91,-1.29,7.70
2021-03-16,11.65,11.57,11.84,11.36,97573,112406197.00,4.09,-1.36,-0.16,5.75
2021-03-17,11.65,12.24,12.30,11.52,105914,126780508.00,6.74,5.79,0.67,6.24
2021-03-18,12.25,12.60,12.78,12.25,79233,99273509.00,4.33,2.94,0.36,4.67
2021-03-19,12.56,12.33,12.64,12.28,44481,55249537.00,2.86,-2.14,-0.27,2.62
2021-03-22,12.28,12.84,12.89,12.21,47472,60020825.00,5.52,4.14,0.51,2.80
2021-03-23,12.72,12.67,12.89,12.57,30586,38820863.00,2.49,-1.32,-0.17,1.80
2021-03-24,12.57,12.41,12.72,12.30,29747,37116442.00,3.31,-2.05,-0.26,1.75
2021-03-25,12.40,12.35,12.62,12.28,21966,27212884.00,2.74,-0.48,-0.06,1.29
2021-03-26,12.30,12.53,12.69,12.23,28982,36301502.00,3.72,1.46,0.18,1.71
2021-03-29,12.58,12.53,12.69,12.41,29660,37372798.00,2.23,0.00,0.00,1.75
2021-03-30,12.49,12.27,12.50,12.26,28836,35581293.00,1.92,-2.08,-0.26,1.70
2021-03-31,12.27,12.37,12.44,12.19,18577,22893608.00,2.04,0.81,0.10,1.09
2021-04-01,12.33,12.54,12.57,12.25,24625,30601883.00,2.59,1.37,0.17,1.45
2021-04-02,12.59,12.64,12.70,12.43,34564,43510871.00,2.15,0.80,0.10,2.04
2021-04-06,12.66,13.17,13.24,12.66,59140,77114389.00,4.59,4.19,0.53,3.48
2021-04-07,13.19,13.00,13.19,12.93,31632,41213395.00,1.97,-1.29,-0.17,1.86
2021-04-08,13.58,13.08,13.67,13.05,67969,90374287.00,4.77,0.62,0.08,4.01
2021-04-09,13.15,13.07,13.25,12.99,37580,49304093.00,1.99,-0.08,-0.01,2.21
2021-04-12,13.06,12.65,13.11,12.64,35131,44883394.00,3.60,-3.21,-0.42,2.07
2021-04-13,12.50,12.74,12.90,12.35,24156,30639349.00,4.35,0.71,0.09,1.42
2021-04-14,12.75,12.95,13.18,12.61,45135,58478477.00,4.47,1.65,0.21,2.66
2021-04-15,12.96,13.00,13.08,12.80,30625,39668774.00,2.16,0.39,0.05,1.80
2021-04-16,13.00,13.12,13.17,12.89,39269,51320070.00,2.15,0.92,0.12,2.31
2021-04-19,13.12,13.30,13.40,13.07,46885,62287643.00,2.52,1.37,0.18,2.76
2021-04-20,13.30,13.11,13.43,13.10,33951,45044125.00,2.48,-1.43,-0.19,2.00
2021-04-21,13.11,12.95,13.17,12.89,29463,38306386.00,2.14,-1.22,-0.16,1.74
2021-04-22,12.94,13.08,13.18,12.94,25294,33053193.00,1.85,1.00,0.13,1.49
2021-04-23,13.12,12.93,13.14,12.87,29865,38733551.00,2.06,-1.15,-0.15,1.76
2021-04-26,13.01,12.94,13.24,12.89,29426,38402510.00,2.71,0.08,0.01,1.73
2021-04-27,12.91,12.60,12.97,12.60,37026,47133128.00,2.86,-2.63,-0.34,2.18
2021-04-28,12.62,13.04,13.12,12.53,36989,47797162.00,4.68,3.49,0.44,2.18
2021-04-29,12.93,13.30,13.36,12.90,48517,64104345.00,3.53,1.99,0.26,2.86
2021-04-30,13.15,13.05,13.18,12.66,57504,74369283.00,3.91,-1.88,-0.25,3.39
2021-05-06,13.03,13.49,13.59,12.93,77301,103339617.00,5.06,3.37,0.44,4.56
2021-05-07,13.45,13.32,13.55,13.28,53499,71666391.00,2.00,-1.26,-0.17,3.15
2021-05-10,13.52,13.84,13.96,13.38,75685,104402486.00,4.35,3.90,0.52,4.46
2021-05-11,13.79,13.83,13.91,13.63,37111,51039435.00,2.02,-0.07,-0.01,2.19
2021-05-12,13.83,13.79,13.96,13.71,30578,42327084.00,1.81,-0.29,-0.04,1.80
2021-05-13,13.70,13.51,13.83,13.45,41914,57072102.00,2.76,-2.03,-0.28,2.47
2021-05-14,13.61,13.77,13.83,13.50,29238,39909509.00,2.44,1.92,0.26,1.72
2021-05-17,13.77,13.51,13.83,13.40,36600,49547536.00,3.12,-1.89,-0.26,2.16
2021-05-18,13.41,13.43,13.52,13.12,33196,44236842.00,2.96,-0.59,-0.08,1.96
2021-05-19,13.41,13.46,13.62,13.23,25063,33614570.00,2.90,0.22,0.03,1.48
2021-05-20,13.32,13.32,13.45,13.26,23263,31026051.00,1.41,-1.04,-0.14,1.37
2021-05-21,13.39,12.91,13.40,12.86,42288,55444514.00,4.05,-3.08,-0.41,2.49
2021-05-24,12.97,13.45,13.47,12.74,64279,84619606.00,5.65,4.18,0.54,3.79
2021-05-25,13.40,13.84,13.87,13.39,62849,85912403.00,3.57,2.90,0.39,3.70
2021-05-26,13.78,13.70,13.88,13.63,29780,40847875.00,1.81,-1.01,-0.14,1.75
2021-05-27,13.51,13.82,14.05,13.51,36815,50924050.00,3.94,0.88,0.12,2.17
2021-05-28,13.83,13.65,13.86,13.49,40494,55422427.00,2.68,-1.23,-0.17,2.39
2021-05-31,13.65,13.68,13.75,13.39,28453,38712357.00,2.64,0.22,0.03,1.68
2021-06-01,13.56,13.41,13.68,13.34,37706,50852604.00,2.49,-1.97,-0.27,2.22
2021-06-02,13.46,13.16,13.46,13.13,32849,43466262.00,2.46,-1.86,-0.25,1.94
2021-06-03,13.25,13.22,13.82,13.20,47214,63373161.00,4.71,0.46,0.06,2.78
2021-06-04,13.30,13.30,13.37,13.17,24055,31904898.00,1.51,0.61,0.08,1.42
2021-06-07,13.50,13.44,13.51,13.27,31867,42737376.00,1.80,1.05,0.14,1.88
2021-06-08,13.43,13.40,13.47,13.21,27054,36053226.00,1.93,-0.30,-0.04,1.59
2021-06-09,13.38,13.26,13.63,13.23,32145,43087264.00,2.99,-1.04,-0.14,1.89
2021-06-10,13.24,13.71,13.74,13.21,52453,70874750.00,4.00,3.39,0.45,3.09
2021-06-11,13.73,13.74,13.95,13.58,60753,83848249.00,2.70,0.22,0.03,3.58
2021-06-15,13.74,13.81,13.95,13.64,45817,63317930.00,2.26,0.51,0.07,2.70
2021-06-16,13.81,13.53,13.81,13.41,37818,51425687.00,2.90,-2.03,-0.28,2.23
2021-06-17,13.55,13.92,13.92,13.46,49696,68301527.00,3.40,2.88,0.39,2.93
2021-06-18,13.93,13.81,13.93,13.62,37194,51109799.00,2.23,-0.79,-0.11,2.19
2021-06-21,13.76,14.23,14.29,13.70,71303,100836458.00,4.27,3.04,0.42,4.20
2021-06-22,13.91,13.72,13.91,13.50,81718,111888665.00,2.88,-3.58,-0.51,4.82
2021-06-23,13.64,13.81,13.90,13.46,49674,67958341.00,3.21,0.66,0.09,2.93
2021-06-24,13.76,14.16,14.40,13.66,68263,96326833.00,5.36,2.53,0.35,4.02
2021-06-25,14.05,14.06,14.25,13.82,46043,64418448.00,3.04,-0.71,-0.10,2.71
2021-06-28,14.06,13.87,14.29,13.81,46431,65117161.00,3.41,-1.35,-0.19,2.74
2021-06-29,13.81,13.93,14.25,13.71,42616,59458901.00,3.89,0.43,0.06,2.51
2021-06-30,13.96,13.93,14.07,13.80,40941,57050870.00,1.94,0.00,0.00,2.39
2021-07-01,13.93,13.63,14.16,13.62,42789,59418097.00,3.88,-2.15,-0.30,2.50
2021-07-02,13.65,13.70,13.79,13.43,36516,49579376.00,2.64,0.51,0.07,2.13
2021-07-05,13.68,14.67,14.88,13.66,121760,175065816.00,8.91,7.08,0.97,7.11
2021-07-06,14.63,14.60,14.80,14.43,80840,118181623.00,2.52,-0.48,-0.07,4.72
2021-07-07,14.66,14.69,14.80,14.40,44734,65254259.00,2.74,0.62,0.09,2.61
2021-07-08,14.65,14.78,14.83,14.58,53673,78971082.00,1.70,0.61,0.09,3.13
2021-07-09,14.75,15.16,15.22,14.42,87711,130782669.00,5.41,2.57,0.38,5.12
2021-07-12,15.00,15.20,15.38,14.90,53099,80663752.00,3.17,0.26,0.04,3.10
2021-07-13,15.18,15.21,15.34,15.03,37922,57508244.00,2.04,0.07,0.01,2.21
2021-07-14,15.21,15.63,15.93,15.14,78977,123410244.00,5.19,2.76,0.42,4.61
2021-07-15,15.53,15.25,15.61,14.91,64147,97634771.00,4.48,-2.43,-0.38,3.75
2021-07-16,15.01,14.88,15.35,14.87,49402,74467433.00,3.15,-2.43,-0.37,2.89
