2015-06-12,11.92,11.92,11.92,11.92,25,29800.00,0.00,9.96,1.08,0.01
2015-06-15,13.11,13.11,13.11,13.11,58,76038.00,0.00,9.98,1.19,0.01
2015-06-16,14.42,14.42,14.42,14.42,34,49028.00,0.00,9.99,1.31,0.01
2015-06-17,15.86,15.86,15.86,15.86,146,231556.00,0.00,9.99,1.44,0.03
2015-06-18,17.45,17.45,17.45,17.45,61,106445.00,0.00,10.03,1.59,0.01
2015-06-19,19.20,19.20,19.20,19.20,608,1166400.00,0.00,10.03,1.75,0.13
2015-06-23,21.12,21.12,21.12,21.12,232,489984.00,0.00,10.00,1.92,0.05
2015-06-24,23.23,23.23,23.23,23.23,111,257853.00,0.00,9.99,2.11,0.02
2015-06-25,25.55,25.55,25.55,25.55,137,350035.00,0.00,9.99,2.32,0.03
2015-06-26,28.11,28.11,28.11,28.11,6019,16918003.00,0.00,10.02,2.56,1.31
2015-06-29,30.92,30.92,30.92,26.33,256240,752867728.00,16.33,10.00,2.81,55.95
2015-06-30,28.30,34.01,34.01,28.30,222827,700458496.00,18.47,9.99,3.09,48.65
2015-07-01,34.00,36.00,37.41,32.99,199947,721266320.00,13.00,5.85,1.99,43.66
2015-07-02,32.40,32.40,35.10,32.40,151837,500360928.00,7.50,-10.00,-3.60,33.15
2015-07-03,29.16,29.16,31.58,29.16,106144,312882448.00,7.47,-10.00,-3.24,23.18
2015-07-06,32.08,26.24,32.08,26.24,128902,379672240.00,20.03,-10.01,-2.92,28.14
2015-07-07,23.62,23.62,24.01,23.62,28688,67788541.00,1.49,-9.98,-2.62,6.26
2015-07-08,21.26,21.26,21.26,21.26,1397,2970022.00,0.00,-9.99,-2.36,0.31
2015-07-09,19.13,23.39,23.39,19.13,160991,338155808.00,20.04,10.02,2.13,35.15
2015-07-10,25.37,25.73,25.73,23.51,67508,171758146.00,9.49,10.00,2.34,14.74
2015-07-13,27.82,28.30,28.30,27.01,98104,273320880.00,5.01,9.99,2.57,21.42
2015-07-14,29.01,31.13,31.13,28.36,160258,486334864.00,9.79,10.00,2.83,34.99
2015-07-15,29.35,28.02,29.80,28.02,56973,162734251.00,5.72,-9.99,-3.11,12.44
2015-07-16,25.23,26.03,28.90,25.22,114183,304054160.00,13.13,-7.10,-1.99,24.93
2015-07-17,26.32,27.30,28.23,26.03,92461,249444506.00,8.45,4.88,1.27,20.19
2015-07-20,26.90,26.92,27.97,26.31,90880,246378664.00,6.08,-1.39,-0.38,19.84
2015-07-21,26.60,28.93,29.50,26.04,99774,280818288.00,12.85,7.47,2.01,21.78
2015-07-22,28.53,30.17,30.80,28.20,114752,339825168.00,8.99,4.29,1.24,25.05
2015-07-23,29.65,33.19,33.19,29.61,88595,278873680.00,11.87,10.01,3.02,19.34
2015-07-24,34.84,32.58,36.40,31.90,159818,550234976.00,13.56,-1.84,-0.61,34.89
2015-07-27,30.87,29.32,34.60,29.32,116844,377535840.00,16.21,-10.01,-3.26,25.51
2015-07-28,27.00,29.68,31.38,26.53,92599,265860927.00,16.54,1.23,0.36,20.22
2015-07-29,30.48,32.65,32.65,27.51,101104,306478960.00,17.32,10.01,2.97,22.08
2015-07-30,32.60,35.92,35.92,32.06,142330,488984096.00,11.82,10.02,3.27,31.08
2015-07-31,35.20,39.51,39.51,34.11,223783,854551312.00,15.03,9.99,3.59,48.86
2015-08-03,38.00,39.05,40.00,36.47,198594,760512704.00,8.93,-1.16,-0.46,43.36
2015-08-04,38.39,35.17,41.30,35.15,186833,688174656.00,15.75,-9.94,-3.88,40.79
2015-08-05,33.90,38.33,38.69,33.22,180090,659165968.00,15.55,8.98,3.16,39.32
2015-08-06,36.50,35.30,37.45,34.50,135366,482786880.00,7.70,-7.91,-3.03,29.56
2015-08-07,34.60,35.63,36.96,34.59,99718,359106000.00,6.71,0.93,0.33,21.77
2015-08-10,35.98,36.99,37.58,35.20,97854,356834816.00,6.68,3.82,1.36,21.37
2015-08-11,36.68,39.05,40.46,36.52,121464,470019216.00,10.65,5.57,2.06,26.52
2015-08-12,39.00,36.34,39.40,36.31,102564,386576096.00,7.91,-6.94,-2.71,22.39
2015-08-13,35.90,36.45,37.31,35.14,60789,219722857.00,5.97,0.30,0.11,13.27
2015-08-14,36.55,36.02,37.23,35.60,56731,205926957.00,4.47,-1.18,-0.43,12.39
2015-08-17,36.10,33.60,36.10,33.33,68479,234461247.00,7.69,-6.72,-2.42,14.95
2015-08-18,33.60,30.47,35.20,30.24,63875,212474048.00,14.76,-9.32,-3.13,13.95
2015-08-19,29.65,31.03,31.45,27.60,64807,193430680.00,12.64,1.84,0.56,14.15
2015-08-20,30.80,28.80,30.80,28.80,40425,121007783.00,6.45,-7.19,-2.23,8.83
2015-08-21,28.18,26.12,28.50,25.98,46733,126975716.00,8.75,-9.31,-2.68,10.20
2015-08-24,24.95,23.51,24.95,23.51,29584,70702997.00,5.51,-9.99,-2.61,6.46
2015-08-25,21.18,21.40,24.98,21.16,85619,190962786.00,16.25,-8.97,-2.11,18.69
2015-08-26,22.20,23.54,23.54,21.40,97166,223099882.00,10.00,10.00,2.14,21.22
2015-08-27,24.59,25.07,25.65,22.30,111274,267411156.00,14.23,6.50,1.53,24.30
2015-08-28,24.80,26.35,26.77,23.90,95953,241633750.00,11.45,5.11,1.28,20.95
2015-08-31,25.36,23.72,25.80,23.72,55355,138186686.00,7.89,-9.98,-2.63,12.09
2015-09-01,23.80,21.35,23.80,21.35,55685,122387992.00,10.33,-9.99,-2.37,12.16
2015-09-02,19.50,20.00,22.36,19.43,48161,101357463.00,13.72,-6.32,-1.35,10.52
2015-09-07,20.68,20.93,21.82,20.52,38995,82524947.00,6.50,4.65,0.93,8.51
2015-09-08,20.88,23.02,23.02,20.60,59045,132795006.00,11.56,9.99,2.09,12.89
2015-09-09,24.89,25.32,25.32,24.32,113771,285571696.00,4.34,9.99,2.30,24.84
2015-09-10,24.01,24.00,25.19,23.81,85760,209259955.00,5.45,-5.21,-1.32,18.72
2015-09-11,23.83,24.97,25.48,23.83,68822,170934447.00,6.88,4.04,0.97,15.03
2015-09-14,24.50,22.47,25.38,22.47,68313,162359169.00,11.65,-10.01,-2.50,14.92
2015-09-15,21.79,21.33,22.80,20.72,45828,99134857.00,9.26,-5.07,-1.14,10.01
2015-09-16,22.00,23.46,23.46,21.81,86192,199679595.00,7.74,9.99,2.13,18.82
2015-09-17,24.32,23.21,24.69,22.38,93729,224669858.00,9.85,-1.07,-0.25,20.46
2015-09-18,23.41,23.63,23.85,22.57,48934,114139716.00,5.51,1.81,0.42,10.68
2015-09-21,23.40,25.27,25.30,23.00,67921,167364025.00,9.73,6.94,1.64,14.83
2015-09-22,25.26,25.32,25.80,24.60,79658,201101034.00,4.75,0.20,0.05,17.39
2015-09-23,24.80,25.47,26.33,24.61,66363,169971192.00,6.79,0.59,0.15,14.49
2015-09-24,25.47,25.47,26.39,25.08,56621,145565509.00,5.14,0.00,0.00,12.36
2015-09-25,25.86,24.01,25.99,23.80,56234,139394194.00,8.60,-5.73,-1.46,12.28
2015-09-28,24.02,25.03,25.15,24.02,37376,92703373.00,4.71,4.25,1.02,8.16
2015-09-29,24.50,24.15,24.66,23.70,37784,91435859.00,3.84,-3.52,-0.88,8.25
2015-09-30,24.29,24.67,25.08,23.90,38496,94557806.00,4.89,2.15,0.52,8.41
2015-10-08,25.61,25.71,26.26,25.00,52771,135367510.00,5.11,4.22,1.04,11.52
2015-10-09,25.60,26.10,26.50,25.40,53429,138881253.00,4.28,1.52,0.39,11.67
2015-10-12,26.48,27.48,27.98,26.21,72539,196261307.00,6.78,5.29,1.38,15.84
2015-10-13,27.03,27.20,27.36,26.83,51465,139346798.00,1.93,-1.02,-0.28,11.24
2015-10-14,26.95,27.78,28.41,26.82,73891,205233119.00,5.85,2.13,0.58,16.13
2015-10-15,27.39,28.99,29.20,27.35,64880,184600423.00,6.66,4.36,1.21,14.17
2015-10-16,28.99,28.68,29.50,28.06,54078,155042235.00,4.97,-1.07,-0.31,11.81
2015-10-19,28.51,28.08,29.20,27.61,54092,153754895.00,5.54,-2.09,-0.60,11.81
2015-10-20,28.07,28.90,29.09,27.78,54784,155838072.00,4.67,2.92,0.82,11.96
2015-10-21,29.03,26.01,29.17,26.01,72722,199741255.00,10.93,-10.00,-2.89,15.88
2015-10-22,26.05,26.78,27.00,25.50,45370,119807318.00,5.77,2.96,0.77,9.91
2015-10-23,27.25,27.30,27.40,26.70,40529,109801180.00,2.61,1.94,0.52,8.85
2015-10-26,27.40,28.30,28.69,27.39,55861,156440633.00,4.76,3.66,1.00,12.20
2015-10-27,27.90,28.93,28.98,26.50,53057,147941137.00,8.76,2.23,0.63,11.58
2015-10-28,28.42,27.93,29.28,27.75,49878,142691093.00,5.29,-3.46,-1.00,10.89
2015-10-29,28.30,28.85,29.50,28.12,57472,165897125.00,4.94,3.29,0.92,12.55
2015-10-30,28.80,28.52,28.99,27.60,45469,129182136.00,4.82,-1.14,-0.33,9.93
2015-11-02,27.62,29.52,31.36,27.62,80290,239971752.00,13.11,3.51,1.00,17.53
2015-11-03,29.62,31.42,32.01,29.48,90641,278676656.00,8.57,6.44,1.90,19.79
2015-11-04,31.40,32.50,32.69,31.02,71261,227888663.00,5.32,3.44,1.08,15.56
2015-11-05,32.60,34.09,35.75,32.51,99657,345924112.00,9.97,4.89,1.59,21.76
2015-11-06,33.13,35.04,35.18,33.00,83647,287778768.00,6.39,2.79,0.95,18.26
2015-11-09,34.58,37.34,38.00,34.30,72230,262677109.00,10.56,6.56,2.30,15.77
2015-11-10,36.50,37.12,38.00,36.06,71480,263776204.00,5.20,-0.59,-0.22,15.61
2015-11-11,37.00,40.50,40.83,36.75,90276,356324224.00,10.99,9.11,3.38,19.71
2015-11-12,41.08,41.88,43.00,39.32,94355,387253568.00,9.09,3.41,1.38,20.60
2015-11-13,40.05,37.69,40.75,37.69,117218,451033568.00,7.31,-10.00,-4.19,25.59
2015-11-16,35.60,37.33,38.05,35.11,55979,207076270.00,7.80,-0.96,-0.36,12.22
2015-11-17,37.80,36.40,38.58,36.21,59747,224080171.00,6.35,-2.49,-0.93,13.05
2015-11-18,36.41,34.59,36.95,34.50,43054,152895843.00,6.73,-4.97,-1.81,9.40
2015-11-19,34.90,38.05,38.05,34.90,112567,419946064.00,9.11,10.00,3.46,24.58
2015-11-20,38.10,38.06,38.50,37.05,94300,357677984.00,3.81,0.03,0.01,20.59
2015-11-23,37.62,38.84,40.49,37.38,93415,365648080.00,8.17,2.05,0.78,20.40
2015-11-24,38.87,42.72,42.72,38.43,91327,377932800.00,11.05,9.99,3.88,19.94
2015-11-25,44.33,43.63,46.99,43.00,140437,631620960.00,9.34,2.13,0.91,30.66
2015-11-26,42.69,42.37,45.50,42.30,100343,437111616.00,7.33,-2.89,-1.26,21.91
2015-11-27,41.68,40.00,43.28,39.60,78997,327406176.00,8.69,-5.59,-2.37,17.25
2015-11-30,40.01,43.18,43.86,39.58,79369,329402128.00,10.70,7.95,3.18,17.33
2015-12-01,42.70,40.70,44.48,39.93,85997,364299616.00,10.54,-5.74,-2.48,18.78
2015-12-02,39.45,39.11,40.50,37.50,56992,222813577.00,7.37,-3.91,-1.59,12.44
2015-12-03,39.53,40.95,41.31,39.29,48505,195525442.00,5.16,4.70,1.84,10.59
2015-12-04,40.90,40.22,41.80,39.60,63383,257909888.00,5.37,-1.78,-0.73,13.84
2015-12-07,40.30,40.43,40.80,39.70,34998,140961037.00,2.73,0.52,0.21,7.64
2015-12-08,40.20,40.60,41.80,39.60,53676,219699770.00,5.44,0.42,0.17,11.72
2015-12-09,40.00,38.75,40.50,38.50,45876,180146176.00,4.93,-4.56,-1.85,10.02
2015-12-10,38.88,38.05,39.19,37.80,38376,146917159.00,3.59,-1.81,-0.70,8.38
2015-12-11,38.14,38.20,38.58,37.80,22828,87097755.00,2.05,0.39,0.15,4.98
2015-12-14,38.18,40.99,41.21,37.84,42622,168242611.00,8.82,7.30,2.79,9.31
2015-12-15,40.53,40.88,41.45,40.35,37356,152773984.00,2.68,-0.27,-0.11,8.16
2015-12-16,41.45,44.97,44.97,41.45,44009,194982167.00,8.61,10.00,4.09,9.61
2015-12-17,47.02,48.50,49.00,46.00,155957,741035760.00,6.67,7.85,3.53,34.05
2015-12-18,48.00,51.02,53.35,47.87,126657,647577584.00,11.30,5.20,2.52,27.65
2015-12-21,50.25,51.06,52.75,48.30,86263,434189328.00,8.72,0.08,0.04,18.83
2015-12-22,50.50,49.60,51.30,48.50,62343,309836224.00,5.48,-2.86,-1.46,13.61
2015-12-23,49.64,48.15,52.08,47.70,62796,311482592.00,8.83,-2.92,-1.45,13.71
2015-12-24,48.05,49.59,49.60,47.25,40638,197734107.00,4.88,2.99,1.44,8.87
2015-12-25,49.04,47.90,49.96,47.60,45465,220451293.00,4.76,-3.41,-1.69,9.93
2015-12-28,48.15,49.27,52.22,48.13,102736,519896096.00,8.54,2.86,1.37,22.43
2015-12-29,50.10,49.20,50.88,47.50,63892,313270784.00,6.86,-0.14,-0.07,13.95
2015-12-30,48.38,51.58,53.00,47.80,87532,446709072.00,10.57,4.84,2.38,19.11
2015-12-31,53.00,49.55,55.00,49.50,86391,453034400.00,10.66,-3.94,-2.03,18.86
2016-01-04,48.00,44.60,48.88,44.60,66290,302496976.00,8.64,-9.99,-4.95,14.47
2016-01-05,40.14,41.38,43.97,40.14,69394,286533904.00,8.59,-7.22,-3.22,15.15
2016-01-06,41.88,42.70,42.98,40.14,57056,239147458.00,6.86,3.19,1.32,12.46
2016-01-07,41.70,38.43,41.70,38.43,13852,54708652.00,7.66,-10.00,-4.27,3.02
2016-01-08,39.71,38.30,39.75,35.00,50457,193889901.00,12.36,-0.34,-0.13,11.02
2016-01-11,37.15,34.47,39.00,34.47,53778,197383818.00,11.83,-10.00,-3.83,11.74
2016-01-12,34.55,35.03,35.97,33.50,50768,176568982.00,7.17,1.62,0.56,11.08
2016-01-13,35.51,32.66,36.00,32.01,39154,135936799.00,11.39,-6.77,-2.37,8.55
2016-01-14,31.06,34.22,34.65,30.38,41450,136174364.00,13.07,4.78,1.56,9.05
2016-01-15,33.71,33.05,35.56,33.00,43364,149136103.00,7.48,-3.42,-1.17,9.47
2016-01-18,31.58,35.48,35.68,31.56,43802,149950054.00,12.47,7.35,2.43,9.56
2016-01-19,35.04,36.88,37.30,34.81,50002,179743102.00,7.02,3.95,1.40,10.92
2016-01-20,36.20,36.95,37.88,36.10,47500,175824519.00,4.83,0.19,0.07,10.37
2016-01-21,36.18,36.00,38.80,35.80,50855,189865950.00,8.12,-2.57,-0.95,11.10
2016-01-22,36.41,37.10,37.40,35.72,36918,135290068.00,4.67,3.06,1.10,8.06
2016-01-25,37.49,36.20,38.23,35.76,42194,155843574.00,6.66,-2.43,-0.90,9.21
2016-01-26,35.50,32.58,35.75,32.58,32842,111788416.00,8.76,-10.00,-3.62,7.17
2016-01-27,32.99,31.59,32.99,29.32,30770,95344441.00,11.26,-3.04,-0.99,6.72
2016-01-28,31.40,28.43,31.40,28.43,28025,83708593.00,9.40,-10.00,-3.16,6.12
2016-01-29,28.03,30.90,31.27,28.03,43752,130745628.00,11.40,8.69,2.47,9.55
2016-02-01,30.80,29.16,30.80,28.50,31282,92944796.00,7.44,-5.63,-1.74,6.83
2016-02-02,29.17,30.57,31.29,29.17,29219,89430085.00,7.27,4.84,1.41,6.38
2016-02-03,30.00,30.75,30.95,29.57,22138,66755315.00,4.51,0.59,0.18,4.83
2016-02-04,30.78,31.65,32.35,30.78,27084,85971220.00,5.11,2.93,0.90,5.91
2016-02-05,31.65,30.70,32.12,30.70,22525,70741307.00,4.49,-3.00,-0.95,4.92
2016-02-15,29.25,30.00,30.52,27.63,23124,68556045.00,9.41,-2.28,-0.70,5.05
2016-02-16,30.19,31.60,31.98,30.19,26608,83398382.00,5.97,5.33,1.60,5.81
2016-02-17,31.58,32.70,33.30,31.58,40752,132584891.00,5.44,3.48,1.10,8.90
2016-02-18,33.50,33.40,35.00,33.20,60553,204634855.00,5.50,2.14,0.70,13.22
2016-02-19,32.88,32.93,33.48,32.49,36824,121068065.00,2.96,-1.41,-0.47,8.04
2016-02-22,33.01,34.17,34.98,32.80,63036,213648816.00,6.62,3.77,1.24,13.76
2016-02-23,34.07,34.00,34.78,33.28,41453,141141760.00,4.39,-0.50,-0.17,9.05
2016-02-24,33.92,33.44,34.70,32.00,41652,138985157.00,7.94,-1.65,-0.56,9.09
2016-02-25,33.18,30.10,33.45,30.10,45163,141274646.00,10.02,-9.99,-3.34,9.86
2016-02-26,30.09,29.05,30.57,28.70,32777,96673205.00,6.21,-3.49,-1.05,7.16
2016-02-29,28.80,26.15,28.80,26.15,35513,94748743.00,9.12,-9.98,-2.90,7.75
2016-03-01,26.25,26.95,27.20,25.60,33251,88227950.00,6.12,3.06,0.80,7.26
2016-03-02,27.20,28.22,28.37,26.71,30993,85711601.00,6.16,4.71,1.27,6.77
2016-03-03,28.25,27.94,29.28,27.94,35339,100908186.00,4.75,-0.99,-0.28,7.72
2016-03-04,27.80,25.94,28.00,25.33,28318,75462079.00,9.56,-7.16,-2.00,6.18
2016-03-07,26.38,27.02,27.40,26.38,21830,58953659.00,3.93,4.16,1.08,4.77
2016-03-08,26.99,27.82,27.87,25.50,26192,70043106.00,8.77,2.96,0.80,5.72
2016-03-09,27.01,27.27,27.79,26.70,20874,57094957.00,3.92,-1.98,-0.55,4.56
2016-03-10,27.59,26.77,28.00,26.71,19416,53022849.00,4.73,-1.83,-0.50,4.24
2016-03-11,26.22,27.51,27.85,26.02,28063,76325054.00,6.84,2.76,0.74,6.13
2016-03-14,28.18,28.96,29.38,27.90,44150,127428049.00,5.38,5.27,1.45,9.64
2016-03-15,28.68,28.26,29.16,28.11,27765,79363485.00,3.63,-2.42,-0.70,6.06
2016-03-16,28.60,27.45,28.89,27.02,19905,55423948.00,6.62,-2.87,-0.81,4.35
2016-03-17,27.58,28.85,28.88,27.43,32725,93018139.00,5.28,5.10,1.40,7.15
2016-03-18,28.95,31.74,31.74,28.85,35769,110253757.00,10.02,10.02,2.89,7.81
2016-07-05,34.91,34.91,34.91,34.91,139560,487204976.00,0.00,9.99,3.17,15.83
2016-07-06,38.40,38.40,38.40,38.40,27118,104131353.00,0.00,10.00,3.49,3.08
2016-07-07,41.00,42.24,42.24,40.20,342440,1436167648.00,5.31,10.00,3.84,38.85
2016-07-08,43.14,42.90,45.00,42.30,260214,1126886736.00,6.39,1.56,0.66,29.52
2016-07-11,42.01,38.67,42.10,38.61,263727,1065561696.00,8.14,-9.86,-4.23,29.92
2016-07-12,38.55,39.65,39.85,37.72,150659,589331808.00,5.51,2.53,0.98,17.09
2016-07-13,39.33,39.48,40.24,38.66,104187,411626352.00,3.98,-0.43,-0.17,11.82
2016-07-14,39.11,40.98,42.25,38.55,205606,835975616.00,9.37,3.80,1.50,23.33
2016-07-15,40.92,39.25,41.51,39.00,126533,510341568.00,6.12,-4.22,-1.73,14.36
2016-07-18,38.55,39.45,40.66,38.26,83601,329914160.00,6.11,0.51,0.20,9.48
2016-07-19,39.22,40.43,42.00,39.22,124695,509497984.00,7.05,2.48,0.98,14.15
2016-07-20,40.56,41.12,41.61,39.80,108660,443445344.00,4.48,1.71,0.69,12.33
2016-07-21,41.79,43.61,44.91,41.79,213674,926349104.00,7.59,6.06,2.49,24.24
2016-07-22,43.21,44.80,47.00,43.21,201204,914039904.00,8.69,2.73,1.19,22.83
2016-07-25,46.64,44.65,47.60,44.50,145394,671631968.00,6.92,-0.33,-0.15,16.50
2016-07-26,43.84,45.80,46.30,42.50,126764,561213536.00,8.51,2.58,1.15,14.38
2016-07-27,45.35,42.30,45.97,42.01,125273,547725264.00,8.65,-7.64,-3.50,14.21
2016-07-28,41.47,40.90,43.23,38.61,119030,481857328.00,10.92,-3.31,-1.40,13.50
2016-07-29,41.25,41.50,41.92,39.55,77234,314717552.00,5.79,1.47,0.60,8.76
2016-08-01,40.80,40.55,41.60,38.98,60609,244124765.00,6.31,-2.29,-0.95,6.88
2016-08-02,40.26,41.35,41.90,40.18,49390,204251415.00,4.24,1.97,0.80,5.60
2016-08-03,41.00,41.06,41.68,40.71,36079,148510086.00,2.35,-0.70,-0.29,4.09
2016-08-04,41.02,43.32,43.51,41.02,83280,354045632.00,6.06,5.50,2.26,9.45
2016-08-05,43.05,41.85,43.28,41.78,60601,256240579.00,3.46,-3.39,-1.47,6.88
2016-08-08,41.40,41.39,42.15,40.11,47117,193642421.00,4.87,-1.10,-0.46,5.35
2016-08-09,41.34,41.10,41.76,40.66,53902,221269287.00,2.66,-0.70,-0.29,6.12
2016-08-10,41.32,41.65,42.29,40.58,68185,282798608.00,4.16,1.34,0.55,7.74
2016-08-11,41.46,39.20,41.46,39.10,74119,296891328.00,5.67,-5.88,-2.45,8.41
2016-08-12,39.21,38.79,39.48,38.28,45349,175358824.00,3.06,-1.05,-0.41,5.14
2016-08-15,38.72,40.88,41.75,38.72,83832,336990736.00,7.81,5.39,2.09,9.51
2016-08-17,40.10,39.90,41.30,39.05,57876,232832732.00,5.50,-2.40,-0.98,6.57
2016-08-18,39.80,39.60,40.87,39.51,31905,127650332.00,3.41,-0.75,-0.30,3.62
2016-08-19,39.43,38.88,39.96,38.60,38156,149866829.00,3.43,-1.82,-0.72,4.33
2016-08-22,38.70,36.15,39.09,36.14,62343,234477050.00,7.59,-7.02,-2.73,7.07
2016-08-23,36.31,37.00,37.77,36.25,60685,225022335.00,4.20,2.35,0.85,6.88
2016-08-24,37.01,38.09,38.50,36.58,43559,164057343.00,5.19,2.95,1.09,4.94
2016-08-25,37.51,38.51,38.60,37.33,46138,175851743.00,3.33,1.10,0.42,5.23
2016-08-26,38.52,37.86,38.78,37.82,32708,125357608.00,2.49,-1.69,-0.65,3.71
2016-08-29,37.58,37.85,38.39,37.00,27487,103897088.00,3.67,-0.03,-0.01,3.12
2016-08-30,37.50,37.57,38.09,37.31,25483,96152343.00,2.06,-0.74,-0.28,2.89
2016-08-31,37.41,37.10,37.80,36.88,29282,108831516.00,2.45,-1.25,-0.47,3.32
2016-09-01,36.95,37.40,37.87,36.95,29180,109356753.00,2.48,0.81,0.30,3.31
2016-09-02,37.30,38.24,38.79,37.05,49824,190528213.00,4.65,2.25,0.84,5.65
2016-09-05,37.95,38.20,38.75,37.65,35936,137224980.00,2.88,-0.10,-0.04,4.08
2016-09-06,38.54,39.29,39.60,38.20,59583,233339195.00,3.66,2.85,1.09,6.76
2016-09-07,39.29,39.30,39.78,38.80,44125,173487267.00,2.49,0.03,0.01,5.01
2016-09-08,39.30,38.85,39.44,38.65,26247,102104863.00,2.01,-1.15,-0.45,2.98
2016-09-09,38.72,38.49,39.27,38.49,18859,73317437.00,2.01,-0.93,-0.36,2.14
2016-09-12,37.10,35.40,37.43,34.70,54480,197143899.00,7.09,-8.03,-3.09,6.18
2016-09-13,36.49,34.80,36.49,34.70,46617,164137433.00,5.06,-1.69,-0.60,5.29
2016-09-14,34.70,35.46,36.47,34.70,40322,143691069.00,5.09,1.90,0.66,4.57
2016-09-19,36.00,36.54,37.64,36.00,45918,169724928.00,4.62,3.05,1.08,5.21
2016-09-20,36.31,36.43,37.10,36.05,22953,83975116.00,2.87,-0.30,-0.11,2.60
2016-09-21,36.44,38.12,38.88,36.44,76272,292095952.00,6.70,4.64,1.69,8.65
2016-09-22,38.25,38.41,38.70,37.65,52765,202584994.00,2.75,0.76,0.29,5.99
2016-09-23,38.30,37.68,38.68,37.66,26386,100291693.00,2.66,-1.90,-0.73,2.99
2016-09-26,37.52,35.70,38.15,35.66,30234,111865405.00,6.61,-5.25,-1.98,3.43
2016-09-27,35.70,36.65,36.80,34.80,42328,150528193.00,5.60,2.66,0.95,4.80
2016-09-28,36.38,36.49,37.10,36.00,25923,94970616.00,3.00,-0.44,-0.16,2.94
2016-09-29,36.82,37.70,38.42,36.80,38149,143736935.00,4.44,3.32,1.21,4.33
2016-09-30,37.55,37.50,38.18,37.40,26718,101090686.00,2.07,-0.53,-0.20,3.03
2016-10-10,38.00,38.95,39.25,38.00,38153,148132124.00,3.33,3.87,1.45,4.33
2016-10-11,38.88,38.77,39.16,38.51,23870,92800768.00,1.67,-0.46,-0.18,2.71
2016-10-12,38.66,38.95,39.79,38.00,42638,166006831.00,4.62,0.46,0.18,4.84
2016-10-13,38.65,38.77,39.28,38.53,25475,98960892.00,1.93,-0.46,-0.18,2.89
2016-10-14,38.58,39.07,39.29,38.45,22335,87057300.00,2.17,0.77,0.30,2.53
2016-10-17,39.30,38.64,39.68,38.51,30625,120074396.00,2.99,-1.10,-0.43,3.47
2016-10-18,38.78,38.94,39.06,38.16,31087,120126625.00,2.33,0.78,0.30,3.53
2016-10-19,39.02,39.32,39.81,38.93,26249,103214815.00,2.26,0.98,0.38,2.98
2016-10-20,39.33,38.21,39.65,37.88,50030,192062461.00,4.50,-2.82,-1.11,5.68
2016-10-21,38.31,37.38,38.45,36.99,37326,140124403.00,3.82,-2.17,-0.83,4.23
2016-10-24,37.44,41.12,41.12,37.42,113261,454659104.00,9.90,10.01,3.74,12.85
2016-10-25,42.35,42.55,42.99,41.62,141256,596847968.00,3.33,3.48,1.43,16.03
2016-10-26,42.40,40.52,42.45,40.21,94760,389667504.00,5.26,-4.77,-2.03,10.75
2016-10-27,40.73,40.88,41.97,40.50,69595,286562080.00,3.63,0.89,0.36,7.90
2016-10-28,40.06,40.10,41.70,40.01,57901,235916780.00,4.13,-1.91,-0.78,6.57
2016-10-31,39.80,40.90,41.20,39.20,50243,201883904.00,4.99,2.00,0.80,5.70
2016-11-01,40.68,41.38,41.72,40.52,63815,263796450.00,2.93,1.17,0.48,7.24
2016-11-02,41.01,41.25,42.78,41.00,67741,282803168.00,4.30,-0.31,-0.13,7.69
2016-11-03,40.85,41.93,42.20,40.31,73440,303020288.00,4.58,1.65,0.68,8.33
2016-11-04,41.77,42.80,42.83,41.63,81995,347885856.00,2.86,2.07,0.87,9.30
2016-11-07,43.25,40.91,43.69,40.71,91393,382186032.00,6.96,-4.42,-1.89,10.37
2016-11-08,41.00,41.06,41.88,40.90,49592,204948964.00,2.40,0.37,0.15,5.63
2016-11-09,41.10,40.28,41.29,39.87,54868,221772370.00,3.46,-1.90,-0.78,6.22
2016-11-10,40.63,41.09,41.30,40.52,40354,165149031.00,1.94,2.01,0.81,4.58
2016-11-11,40.98,40.29,41.18,39.90,55718,225068296.00,3.12,-1.95,-0.80,6.32
2016-11-14,40.40,40.14,40.93,39.95,37707,152291446.00,2.43,-0.37,-0.15,4.28
2016-11-15,40.31,41.22,41.25,40.17,49989,204043636.00,2.69,2.69,1.08,5.67
2016-11-16,41.18,41.37,41.97,40.86,55707,231076220.00,2.69,0.36,0.15,6.32
2016-11-17,41.22,40.31,41.48,40.16,34612,140633504.00,3.19,-2.56,-1.06,3.93
2016-11-18,40.60,41.87,42.89,40.50,80004,333992160.00,5.93,3.87,1.56,9.08
2016-11-21,41.92,43.36,43.47,41.50,100970,430642688.00,4.71,3.56,1.49,11.46
2016-11-22,43.22,43.04,43.50,42.33,79834,341166624.00,2.70,-0.74,-0.32,9.06
2016-11-23,42.80,41.76,42.80,41.58,57960,244307770.00,2.83,-2.97,-1.28,6.58
2016-11-24,41.62,41.19,42.26,40.90,42956,178721159.00,3.26,-1.36,-0.57,4.87
2016-11-25,41.39,41.64,41.85,40.00,40618,166343871.00,4.49,1.09,0.45,4.61
2016-11-28,41.60,40.54,41.79,40.35,35448,145019047.00,3.46,-2.64,-1.10,4.02
2016-11-29,40.55,39.57,40.88,39.52,36771,147569187.00,3.35,-2.39,-0.97,4.17
2016-11-30,39.50,39.70,40.15,39.35,24357,96711094.00,2.02,0.33,0.13,2.76
2016-12-08,39.60,39.91,41.85,39.36,72606,296465856.00,6.27,0.53,0.21,8.24
2016-12-09,39.72,37.30,39.80,37.18,66729,253391093.00,6.56,-6.54,-2.61,7.57
2016-12-12,37.30,33.74,37.57,33.57,60296,212693325.00,10.72,-9.54,-3.56,6.84
2016-12-13,33.74,33.95,34.28,32.50,33178,111647188.00,5.28,0.62,0.21,3.76
2016-12-14,33.50,32.92,34.12,32.88,28605,95542731.00,3.65,-3.03,-1.03,3.25
2016-12-15,32.58,33.25,33.99,32.58,21387,71474017.00,4.28,1.00,0.33,2.43
2016-12-16,33.25,33.80,34.34,33.25,24714,83874367.00,3.28,1.65,0.55,2.80
2016-12-19,33.81,34.41,35.27,33.80,38370,132978970.00,4.35,1.80,0.61,4.35
2016-12-20,34.30,34.22,34.44,33.71,21321,72477830.00,2.12,-0.55,-0.19,2.42
2016-12-21,34.35,35.00,35.06,34.23,21466,74445347.00,2.43,2.28,0.78,2.44
2016-12-22,35.14,34.58,35.14,34.45,14113,48875103.00,1.97,-1.20,-0.42,1.60
2016-12-23,34.55,34.53,34.66,33.71,29015,99071191.00,2.75,-0.14,-0.05,3.29
2016-12-26,34.16,35.65,35.66,33.60,28432,99183135.00,5.97,3.24,1.12,3.23
2016-12-27,35.55,36.05,36.15,35.33,31718,113729139.00,2.30,1.12,0.40,3.60
2016-12-28,35.81,36.08,36.62,35.76,26455,95926675.00,2.39,0.08,0.03,3.00
2016-12-29,36.08,36.13,37.20,35.91,33822,123860479.00,3.58,0.14,0.05,3.84
2016-12-30,35.87,37.49,37.70,35.56,46635,171278132.00,5.92,3.76,1.36,5.29
2017-01-03,37.00,37.31,37.50,36.93,14707,54765943.00,1.52,-0.48,-0.18,1.70
2017-01-04,37.32,37.18,38.15,37.04,25557,95534704.00,2.98,-0.35,-0.13,2.96
2017-01-05,37.26,36.78,37.49,36.58,16142,59611711.00,2.45,-1.08,-0.40,1.87
2017-01-06,36.84,36.16,36.90,36.11,13193,47987412.00,2.15,-1.69,-0.62,1.53
2017-01-09,36.49,36.47,36.58,36.20,11798,42940683.00,1.05,0.86,0.31,1.37
2017-01-10,36.47,35.89,36.60,35.77,11720,42313469.00,2.28,-1.59,-0.58,1.36
2017-01-11,36.20,35.24,36.47,35.12,17150,61174879.00,3.76,-1.81,-0.65,1.99
2017-01-12,35.03,34.91,35.55,34.88,15257,53605823.00,1.90,-0.94,-0.33,1.77
2017-01-13,34.93,33.50,35.30,33.30,19056,64924934.00,5.73,-4.04,-1.41,2.21
2017-01-16,33.30,32.89,33.98,31.26,28635,94270212.00,8.12,-1.82,-0.61,3.32
2017-01-17,32.90,32.90,33.00,32.00,36933,120060446.00,3.04,0.03,0.01,4.28
2017-01-18,32.66,31.89,32.74,31.81,19065,61567650.00,2.83,-3.07,-1.01,2.21
2017-01-19,31.49,31.58,31.79,30.57,15747,49227467.00,3.83,-0.97,-0.31,1.82
2017-01-20,31.58,32.38,32.64,31.18,13948,44909722.00,4.62,2.53,0.80,1.62
2017-01-23,32.57,33.20,33.89,32.39,15144,50236647.00,4.63,2.53,0.82,1.75
2017-01-24,33.20,32.87,33.33,32.68,8454,27832225.00,1.96,-0.99,-0.33,0.98
2017-01-25,32.81,33.32,33.45,32.60,9265,30803198.00,2.59,1.37,0.45,1.07
2017-01-26,33.55,33.73,33.81,33.25,7066,23715751.00,1.68,1.23,0.41,0.82
2017-02-03,33.95,33.20,33.95,33.00,5317,17751879.00,2.82,-1.57,-0.53,0.62
2017-02-06,33.36,33.78,33.90,33.36,8637,29144930.00,1.63,1.75,0.58,1.00
2017-02-07,33.73,33.80,34.12,33.55,10754,36404249.00,1.69,0.06,0.02,1.25
2017-02-08,33.62,34.11,34.38,33.20,18081,61132001.00,3.49,0.92,0.31,2.09
2017-02-09,34.40,34.39,34.75,34.02,16164,55513308.00,2.14,0.82,0.28,1.87
2017-02-10,34.46,33.53,34.47,33.51,12508,42344208.00,2.79,-2.50,-0.86,1.45
2017-02-13,33.51,33.65,33.89,33.41,8547,28797273.00,1.43,0.36,0.12,0.99
2017-02-14,33.66,33.67,33.79,33.50,10903,36635174.00,0.86,0.06,0.02,1.26
2017-02-15,33.60,33.00,33.89,32.87,12078,40370717.00,3.03,-1.99,-0.67,1.40
2017-02-16,32.87,32.98,33.17,32.76,11499,37875511.00,1.24,-0.06,-0.02,1.33
2017-02-17,32.99,32.83,33.33,32.80,8369,27635025.00,1.61,-0.45,-0.15,0.97
2017-02-20,32.93,33.81,34.00,32.88,17525,58690442.00,3.41,2.99,0.98,2.03
2017-02-21,33.80,34.06,34.19,33.54,14556,49253542.00,1.92,0.74,0.25,1.69
2017-02-22,34.00,33.91,34.25,33.62,7692,26115338.00,1.85,-0.44,-0.15,0.89
2017-02-23,34.30,33.85,34.30,33.64,9962,33705560.00,1.95,-0.18,-0.06,1.15
2017-02-24,33.75,34.10,34.10,33.60,12822,43468549.00,1.48,0.74,0.25,1.49
2017-02-27,33.90,33.76,34.27,33.66,11445,38738095.00,1.79,-1.00,-0.34,1.33
2017-02-28,33.80,34.11,34.11,33.54,10385,35133345.00,1.69,1.04,0.35,1.20
2017-03-01,33.81,34.07,34.38,33.81,10510,35913550.00,1.67,-0.12,-0.04,1.22
2017-03-02,34.30,35.21,37.00,34.00,35262,124745451.00,8.81,3.35,1.14,4.08
2017-03-03,34.52,35.08,35.49,34.40,20583,71779888.00,3.10,-0.37,-0.13,2.38
2017-03-06,36.00,35.88,36.75,35.60,29830,107326340.00,3.28,2.28,0.80,3.46
2017-03-07,35.90,36.00,36.00,35.50,17952,64180937.00,1.39,0.33,0.12,2.08
2017-03-08,35.99,36.60,36.99,35.99,36125,132329123.00,2.78,1.67,0.60,4.18
2017-03-09,36.50,37.24,37.66,36.30,45338,168728579.00,3.72,1.75,0.64,5.25
2017-03-10,37.09,37.49,37.64,36.85,38759,144680411.00,2.12,0.67,0.25,4.49
2017-03-13,37.51,37.80,38.50,37.24,42758,162167244.00,3.36,0.83,0.31,4.95
2017-03-14,38.98,38.25,41.16,37.81,88651,347261040.00,8.86,1.19,0.45,10.27
2017-03-15,37.85,37.45,37.99,36.83,36810,138235993.00,3.03,-2.09,-0.80,4.26
2017-03-16,37.45,37.92,38.20,37.15,36177,135880333.00,2.80,1.26,0.47,4.19
2017-03-17,38.06,36.71,38.06,36.38,26515,98908711.00,4.43,-3.19,-1.21,3.07
2017-03-20,36.80,37.33,37.40,36.30,18548,68416051.00,3.00,1.69,0.62,2.15
2017-03-21,37.33,37.36,37.96,36.91,19500,72946637.00,2.81,0.08,0.03,2.26
2017-03-22,37.07,37.55,37.90,36.82,20031,75371426.00,2.89,0.51,0.19,2.32
2017-03-23,37.50,38.01,38.23,37.40,24464,92643789.00,2.21,1.23,0.46,2.83
2017-03-24,38.00,38.14,38.16,37.61,19996,75878960.00,1.45,0.34,0.13,2.32
2017-03-27,38.16,37.06,38.40,37.01,16941,63755855.00,3.64,-2.83,-1.08,1.96
2017-03-28,37.16,36.75,37.40,36.50,15444,56899540.00,2.43,-0.84,-0.31,1.79
2017-03-29,36.75,35.50,37.08,35.50,21816,79013181.00,4.30,-3.40,-1.25,2.53
2017-03-30,35.80,35.20,36.20,35.00,18991,67765711.00,3.38,-0.85,-0.30,2.20
2017-03-31,35.60,35.39,35.79,35.15,14794,52454488.00,1.82,0.54,0.19,1.71
2017-04-05,35.45,36.44,36.80,35.45,20769,75227238.00,3.81,2.97,1.05,2.41
2017-04-06,38.01,36.79,38.37,36.50,45851,169863141.00,5.13,0.96,0.35,5.31
2017-04-07,36.50,35.10,36.92,34.38,64323,228009333.00,6.90,-4.59,-1.69,7.45
2017-04-10,34.50,34.86,35.38,33.98,34725,119304056.00,3.99,-0.68,-0.24,4.02
2017-04-11,34.64,35.03,35.12,33.68,20063,69413791.00,4.13,0.49,0.17,2.32
2017-04-12,34.85,35.46,35.86,34.68,24890,88089229.00,3.37,1.23,0.43,2.88
2017-04-13,35.38,35.38,35.70,35.06,10370,36756395.00,1.80,-0.23,-0.08,1.20
2017-04-14,35.07,34.88,35.38,34.10,17377,60208447.00,3.62,-1.41,-0.50,2.01
2017-04-17,34.52,34.66,34.87,34.31,11834,40915463.00,1.61,-0.63,-0.22,1.37
2017-04-18,34.90,34.66,34.90,34.32,8935,30902392.00,1.67,0.00,0.00,1.03
2017-04-19,34.35,35.00,35.07,34.18,12175,41989705.00,2.57,0.98,0.34,1.41
2017-04-20,34.86,34.84,35.11,34.42,8354,29051359.00,1.97,-0.46,-0.16,0.97
2017-04-21,34.95,31.81,34.95,31.80,27279,89802752.00,9.04,-8.70,-3.03,3.16
2017-04-24,31.81,31.91,32.35,30.81,13456,42380506.00,4.84,0.31,0.10,1.56
2017-04-25,31.45,32.90,33.08,31.45,12389,40489981.00,5.11,3.10,0.99,1.43
2017-04-26,32.90,32.32,33.25,32.30,11480,37442915.00,2.89,-1.76,-0.58,1.33
2017-04-27,32.33,32.80,32.84,31.88,12918,41894205.00,2.97,1.49,0.48,1.50
2017-04-28,32.75,33.20,33.30,32.65,9843,32475886.00,1.98,1.22,0.40,1.14
2017-05-02,33.18,33.71,33.76,32.76,10680,35618159.00,3.01,1.54,0.51,1.24
2017-05-03,33.60,33.80,34.20,33.48,12743,43279475.00,2.14,0.27,0.09,1.48
2017-05-04,33.51,33.50,34.11,33.48,13071,44189447.00,1.86,-0.89,-0.30,1.51
2017-05-05,33.40,33.73,33.92,33.40,9799,33102755.00,1.55,0.69,0.23,1.14
2017-05-08,33.65,33.58,34.00,33.53,9868,33391024.00,1.39,-0.44,-0.15,1.14
2017-05-09,33.80,34.09,34.11,32.29,11609,38520512.00,5.42,1.52,0.51,1.34
2017-05-10,33.90,33.70,34.30,33.60,7880,26725803.00,2.05,-1.14,-0.39,0.91
2017-05-11,33.40,33.25,33.70,32.70,6681,22141224.00,2.97,-1.34,-0.45,0.77
2017-05-12,33.15,33.18,33.59,33.05,5308,17653015.00,1.62,-0.21,-0.07,0.61
2017-08-15,16.75,16.49,17.05,15.15,158096,253888651.00,5.73,-50.30,-16.69,9.12
2017-08-16,15.73,16.35,16.76,15.73,98678,161323464.00,6.25,-0.85,-0.14,5.69
2017-08-17,15.87,16.99,17.10,15.87,88467,147556298.00,7.52,3.91,0.64,5.10
2017-08-18,16.85,16.88,17.54,16.71,56204,96227891.00,4.89,-0.65,-0.11,3.24
2017-08-21,17.03,17.27,17.47,17.03,54175,93632656.00,2.61,2.31,0.39,3.12
2017-08-22,17.26,17.26,17.48,16.94,48658,83623880.00,3.13,-0.06,-0.01,2.81
2017-08-23,17.38,16.98,17.38,16.82,29358,50036633.00,3.24,-1.62,-0.28,1.69
2017-08-24,16.99,16.52,17.25,16.20,31326,52841925.00,6.18,-2.71,-0.46,1.81
2017-08-25,16.48,16.59,16.87,16.48,25822,42970846.00,2.36,0.42,0.07,1.49
2017-08-28,16.59,16.97,17.35,16.59,42881,73271595.00,4.58,2.29,0.38,2.47
2017-08-29,17.10,17.17,17.47,17.03,36719,63242836.00,2.59,1.18,0.20,2.12
2017-08-30,17.20,17.13,17.30,17.04,26856,46043642.00,1.51,-0.23,-0.04,1.55
2017-08-31,17.18,16.84,17.18,16.81,38391,64898173.00,2.16,-1.69,-0.29,2.21
2017-09-01,16.84,16.76,16.98,16.40,54761,90932790.00,3.44,-0.48,-0.08,3.16
2017-09-04,16.61,16.73,16.92,16.55,44211,73994784.00,2.21,-0.18,-0.03,2.55
2017-09-05,16.68,16.93,17.00,16.68,48469,81734631.00,1.91,1.20,0.20,2.80
2017-09-06,16.95,17.36,17.46,16.90,79465,136677735.00,3.31,2.54,0.43,4.58
2017-09-07,17.98,19.10,19.10,17.98,90557,171767925.00,6.45,10.02,1.74,5.22
2017-09-08,20.00,18.65,20.10,18.48,259590,500375488.00,8.48,-2.36,-0.45,14.97
2017-09-11,18.00,18.95,19.28,18.00,177037,333457632.00,6.86,1.61,0.30,10.21
2017-09-12,18.95,19.45,20.12,18.60,250828,487212976.00,8.02,2.64,0.50,14.46
2017-09-13,19.19,19.01,19.74,18.85,126209,242661974.00,4.58,-2.26,-0.44,7.28
2017-09-14,19.04,18.84,19.37,18.72,81622,154511443.00,3.42,-0.89,-0.17,4.71
2017-09-15,18.64,19.32,19.37,18.37,116551,220250564.00,5.31,2.55,0.48,6.72
2017-09-18,19.39,20.13,20.25,19.06,219275,434543120.00,6.16,4.19,0.81,12.65
2017-09-19,20.04,19.57,20.04,19.48,109229,215421246.00,2.78,-2.78,-0.56,6.30
2017-09-20,19.55,19.80,20.00,19.37,91921,180603296.00,3.22,1.18,0.23,5.30
2017-09-21,19.89,20.20,20.70,19.70,196395,399920240.00,5.05,2.02,0.40,11.33
2017-09-22,20.50,20.33,21.30,20.25,205387,425370032.00,5.20,0.64,0.13,11.84
2017-09-25,20.00,18.70,20.10,18.60,174790,334753728.00,7.38,-8.02,-1.63,10.08
2017-09-26,18.92,18.79,19.47,18.53,92226,175569580.00,5.03,0.48,0.09,5.32
2017-09-27,19.00,19.25,19.30,18.46,83142,157003717.00,4.47,2.45,0.46,4.79
2017-09-28,19.20,18.84,19.29,18.84,71148,135433087.00,2.34,-2.13,-0.41,4.10
2017-09-29,18.89,19.68,19.78,18.83,112825,220253012.00,5.04,4.46,0.84,6.51
2017-10-09,19.96,20.33,21.05,19.80,142479,290941824.00,6.35,3.30,0.65,8.22
2017-10-10,20.34,20.53,20.70,20.01,101955,208581356.00,3.39,0.98,0.20,5.88
2017-10-11,20.53,20.15,21.56,20.12,192485,401800000.00,7.01,-1.85,-0.38,11.10
2017-10-12,19.73,19.90,20.00,19.40,97064,191228845.00,2.98,-1.24,-0.25,5.60
2017-10-13,19.84,19.60,19.84,19.33,75514,147494914.00,2.56,-1.51,-0.30,4.35
2017-10-16,19.60,18.82,20.05,18.80,101168,196512236.00,6.38,-3.98,-0.78,5.83
2017-10-17,18.78,19.13,19.27,18.75,46685,89069890.00,2.76,1.65,0.31,2.69
2017-10-18,19.20,19.00,19.29,18.87,38998,74504819.00,2.20,-0.68,-0.13,2.25
2017-10-19,18.91,18.21,19.03,18.20,49616,92646074.00,4.37,-4.16,-0.79,2.86
2017-10-20,18.28,18.43,18.45,18.01,55186,100850180.00,2.42,1.21,0.22,3.18
2017-10-23,18.35,19.00,19.09,18.20,45985,85564793.00,4.83,3.09,0.57,2.65
2017-10-24,18.88,18.37,18.98,18.20,56384,104387604.00,4.11,-3.32,-0.63,3.25
2017-10-25,18.37,18.67,18.84,18.37,34505,64305989.00,2.56,1.63,0.30,1.99
2017-10-26,18.99,18.69,18.99,18.63,48451,91111055.00,1.93,0.11,0.02,2.79
2017-10-27,18.60,18.55,18.79,18.25,46402,85645979.00,2.89,-0.75,-0.14,2.68
2017-10-30,18.55,17.45,18.55,17.45,66769,118965753.00,5.93,-5.93,-1.10,3.85
2017-10-31,17.45,17.60,17.80,17.18,35868,63205422.00,3.55,0.86,0.15,2.07
2017-11-01,17.60,17.68,17.88,17.60,37805,67009160.00,1.59,0.45,0.08,2.18
2017-11-02,17.85,17.76,18.18,17.60,42500,76354862.00,3.28,0.45,0.08,2.45
2017-11-03,17.41,17.45,17.63,17.26,49644,86499090.00,2.08,-1.75,-0.31,2.86
2017-11-06,17.43,17.60,17.68,16.91,56784,98153479.00,4.41,0.86,0.15,3.27
2017-11-07,17.68,17.76,17.86,17.25,45444,79491884.00,3.47,0.91,0.16,2.62
2017-11-08,17.90,17.88,18.43,17.83,61543,111506886.00,3.38,0.68,0.12,3.55
2017-11-09,17.69,17.93,18.15,17.51,38336,68396205.00,3.58,0.28,0.05,2.21
2017-11-10,18.00,17.96,18.08,17.56,60350,107188323.00,2.90,0.17,0.03,3.48
2017-11-13,17.88,18.29,18.35,17.76,65351,118518238.00,3.29,1.84,0.33,3.77
2017-11-14,18.26,17.90,18.47,17.88,43119,78106002.00,3.23,-2.13,-0.39,2.49
2017-11-15,17.81,17.69,18.07,17.51,38017,67638057.00,3.13,-1.17,-0.21,2.19
2017-11-16,17.80,17.18,17.84,17.14,40574,70620249.00,3.96,-2.88,-0.51,2.34
2017-11-17,17.19,16.58,17.70,16.54,46533,79596105.00,6.75,-3.49,-0.60,2.68
2017-11-20,16.46,16.75,16.83,15.26,52200,83698320.00,9.47,1.03,0.17,3.01
2017-11-21,16.60,16.18,16.68,16.12,48544,79209595.00,3.34,-3.40,-0.57,2.80
2017-11-22,16.15,15.80,16.25,15.70,46753,74314326.00,3.40,-2.35,-0.38,2.70
2017-11-23,15.65,15.09,15.75,15.01,40829,63144247.00,4.68,-4.49,-0.71,2.35
2017-11-24,15.06,14.89,15.20,14.69,34070,50997827.00,3.38,-1.33,-0.20,1.96
2017-11-27,14.90,14.68,15.07,14.60,31096,45991340.00,3.16,-1.41,-0.21,1.79
2017-11-28,14.41,14.90,14.95,14.41,23781,35270949.00,3.68,1.50,0.22,1.37
2017-11-29,14.89,14.70,14.89,14.57,26096,38389923.00,2.15,-1.34,-0.20,1.50
2017-11-30,14.67,14.68,14.95,14.59,33667,49718288.00,2.45,-0.14,-0.02,1.94
2017-12-01,14.75,14.90,15.15,14.67,30678,45848886.00,3.27,1.50,0.22,1.77
2017-12-04,15.04,14.64,15.28,14.61,49953,74650008.00,4.50,-1.74,-0.26,2.88
2017-12-05,14.46,14.04,14.77,13.98,33884,48737545.00,5.40,-4.10,-0.60,1.95
2017-12-06,14.04,14.39,14.40,13.86,29680,41967456.00,3.85,2.49,0.35,1.71
2017-12-07,14.30,14.41,14.51,14.24,21761,31363064.00,1.88,0.14,0.02,1.25
2017-12-08,14.40,14.40,14.62,14.36,26635,38568300.00,1.80,-0.07,-0.01,1.54
2017-12-11,14.49,14.83,14.89,14.41,41626,61397875.00,3.33,2.99,0.43,2.40
2017-12-12,14.95,14.65,15.00,14.63,22774,33598035.00,2.49,-1.21,-0.18,1.31
2017-12-13,14.80,14.65,14.80,14.51,16210,23679963.00,1.98,0.00,0.00,0.93
2017-12-14,14.60,14.57,14.66,14.40,17769,25798452.00,1.77,-0.55,-0.08,1.02
2017-12-15,14.58,14.45,14.70,14.42,17067,24843835.00,1.92,-0.82,-0.12,0.98
2017-12-18,14.46,14.32,14.54,14.20,19303,27692676.00,2.35,-0.90,-0.13,1.11
2017-12-19,14.35,14.60,14.62,14.35,25960,37620186.00,1.89,1.96,0.28,1.50
2017-12-20,14.66,13.98,14.66,13.90,42568,60136262.00,5.21,-4.25,-0.62,2.45
2017-12-21,13.98,14.07,14.15,13.85,29263,40968884.00,2.15,0.64,0.09,1.69
2017-12-22,14.20,13.60,14.20,13.41,39656,54758876.00,5.61,-3.34,-0.47,2.29
2017-12-25,13.68,13.28,13.88,13.20,38039,51084696.00,5.00,-2.35,-0.32,2.19
2017-12-26,13.37,13.63,13.70,13.21,32536,43876776.00,3.69,2.64,0.35,1.88
2017-12-27,14.30,13.96,14.65,13.92,77819,111248994.00,5.36,2.42,0.33,4.49
2017-12-28,13.80,13.85,14.31,13.75,50959,71399732.00,4.01,-0.79,-0.11,2.94
2017-12-29,13.81,14.15,14.19,13.81,37223,52378405.00,2.74,2.17,0.30,2.15
2018-01-02,14.29,14.07,14.30,13.93,53728,75542109.00,2.61,-0.57,-0.08,3.10
2018-01-03,14.06,14.39,14.43,13.89,62376,87865589.00,3.84,2.27,0.32,3.60
2018-01-04,14.34,14.26,14.34,14.16,44003,62632688.00,1.25,-0.90,-0.13,2.54
2018-01-05,14.25,14.34,14.45,14.21,39601,56783198.00,1.68,0.56,0.08,2.28
2018-01-08,15.77,15.77,15.77,15.77,32618,51439169.00,0.00,9.97,1.43,1.88
2018-01-09,16.56,15.76,16.97,15.72,277504,453384400.00,7.93,-0.06,-0.01,16.00
2018-01-10,15.20,15.13,15.49,14.81,143975,218460917.00,4.31,-4.00,-0.63,8.30
2018-01-11,14.88,16.05,16.64,14.88,178978,285605200.00,11.63,6.08,0.92,10.32
2018-01-12,15.81,15.89,16.60,15.73,149465,239549489.00,5.42,-1.00,-0.16,8.62
2018-01-15,15.60,14.88,15.60,14.60,126649,190864187.00,6.29,-6.36,-1.01,7.30
2018-01-16,14.78,15.11,15.29,14.71,79147,118457400.00,3.90,1.55,0.23,4.56
2018-01-17,15.01,15.12,15.25,14.80,62602,94216080.00,2.98,0.07,0.01,3.61
2018-01-18,15.08,14.91,15.39,14.87,49276,74267694.00,3.44,-1.39,-0.21,2.84
2018-01-19,14.84,14.65,15.04,14.50,63336,93313970.00,3.62,-1.74,-0.26,3.65
2018-01-22,14.65,15.05,15.16,14.60,62482,93253783.00,3.82,2.73,0.40,3.60
2018-01-23,15.08,14.90,15.16,14.86,39433,58980787.00,1.99,-1.00,-0.15,2.27
2018-01-24,14.75,15.11,15.16,14.73,45225,67643821.00,2.89,1.41,0.21,2.61
2018-01-25,15.15,14.81,15.16,14.80,35621,53386210.00,2.38,-1.99,-0.30,2.05
2018-01-26,14.70,14.11,14.88,13.92,95711,137053962.00,6.48,-4.73,-0.70,5.52
2018-01-29,14.15,13.68,14.16,13.62,55826,77139767.00,3.83,-3.05,-0.43,3.22
2018-01-30,13.70,13.77,13.79,13.64,21113,28945053.00,1.10,0.66,0.09,1.22
2018-01-31,13.70,13.09,13.75,13.02,50985,67521467.00,5.30,-4.94,-0.68,2.94
2018-02-01,13.10,12.29,13.20,12.09,49671,62724141.00,8.48,-6.11,-0.80,2.86
2018-02-02,12.35,12.55,12.80,12.30,51105,63641704.00,4.07,2.12,0.26,2.95
2018-02-05,12.30,12.39,12.50,12.30,25509,31542592.00,1.59,-1.27,-0.16,1.47
2018-02-06,12.30,11.80,12.38,11.19,69038,81639692.00,9.60,-4.76,-0.59,3.98
2018-02-07,12.00,11.87,12.05,11.27,41068,48136826.00,6.61,0.59,0.07,2.37
2018-02-08,11.72,12.00,12.03,11.71,29951,35816825.00,2.70,1.10,0.13,1.73
2018-02-09,11.72,11.57,11.90,11.36,35474,41297974.00,4.50,-3.58,-0.43,2.05
2018-02-12,11.57,12.13,12.20,11.57,35235,42082098.00,5.45,4.84,0.56,2.03
2018-02-13,12.17,12.38,12.78,12.01,38309,47225973.00,6.35,2.06,0.25,2.21
2018-02-14,12.32,12.41,12.50,12.18,22559,27882550.00,2.58,0.24,0.03,1.30
2018-02-22,12.70,12.49,12.78,12.38,38269,47788028.00,3.22,0.64,0.08,2.21
2018-02-23,12.49,12.36,12.49,12.23,21139,26116033.00,2.08,-1.04,-0.13,1.22
2018-02-26,12.40,12.66,12.75,12.38,37522,47265729.00,2.99,2.43,0.30,2.16
2018-02-27,12.62,12.76,12.90,12.52,46158,58773336.00,3.00,0.79,0.10,2.66
2018-02-28,12.75,13.12,13.59,12.54,65008,85607608.00,8.23,2.82,0.36,3.75
2018-03-01,12.92,13.25,13.25,12.87,46405,60853542.00,2.90,0.99,0.13,2.68
2018-03-02,13.17,13.46,13.93,13.11,81235,110267965.00,6.19,1.58,0.21,4.68
2018-03-05,13.60,13.46,13.60,13.20,39496,52749497.00,2.97,0.00,0.00,2.28
2018-03-06,13.43,13.46,13.78,13.19,71758,96120157.00,4.38,0.00,0.00,4.14
2018-03-07,13.38,13.14,13.49,13.10,45906,60877521.00,2.90,-2.38,-0.32,2.65
2018-03-08,13.13,13.33,13.59,13.11,51465,68644039.00,3.65,1.45,0.19,2.97
2018-03-09,13.33,13.87,13.93,13.33,82942,113657670.00,4.50,4.05,0.54,4.78
2018-03-12,13.94,14.43,14.62,13.91,88477,127102371.00,5.12,4.04,0.56,5.10
2018-03-13,14.29,14.55,14.85,14.00,106816,154714249.00,5.89,0.83,0.12,6.16
2018-03-14,14.45,14.26,14.70,14.16,51491,73777825.00,3.71,-1.99,-0.29,2.97
2018-03-15,14.17,14.33,14.36,13.91,47681,67297625.00,3.16,0.49,0.07,2.75
2018-03-16,14.36,14.22,14.65,14.15,51983,74882440.00,3.49,-0.77,-0.11,3.00
2018-03-19,14.14,14.45,14.65,14.03,42676,61349839.00,4.36,1.62,0.23,2.46
2018-03-20,14.17,14.13,14.35,13.97,33867,47919441.00,2.63,-2.21,-0.32,1.95
2018-03-21,14.05,13.82,14.35,13.82,60628,85397767.00,3.75,-2.19,-0.31,3.50
2018-03-22,13.89,13.99,14.19,13.82,42009,58960305.00,2.68,1.23,0.17,2.42
2018-03-23,13.65,13.54,14.05,13.50,57970,79400321.00,3.93,-3.22,-0.45,3.34
2018-03-26,13.39,13.89,13.89,13.16,46194,62037301.00,5.39,2.58,0.35,2.66
2018-03-27,14.57,14.27,14.99,14.07,89193,127432562.00,6.62,2.74,0.38,5.14
2018-03-28,13.89,13.87,14.14,13.82,56451,78774581.00,2.24,-2.80,-0.40,3.26
2018-03-29,13.96,13.75,14.08,13.50,40597,55850554.00,4.18,-0.87,-0.12,2.34
2018-03-30,13.86,14.23,14.25,13.75,52499,73879767.00,3.64,3.49,0.48,3.03
2018-04-02,14.03,14.52,14.70,14.03,107366,155422133.00,4.71,2.04,0.29,6.19
2018-04-03,14.25,14.26,14.47,14.11,62456,89148453.00,2.48,-1.79,-0.26,3.60
2018-04-04,14.31,14.02,14.44,13.96,38968,55083265.00,3.37,-1.68,-0.24,2.25
2018-04-09,13.99,13.85,14.01,13.55,41042,56686154.00,3.28,-1.21,-0.17,2.37
2018-04-10,13.85,14.00,14.10,13.61,33270,46196659.00,3.54,1.08,0.15,1.92
2018-04-11,14.09,14.18,14.30,13.86,49667,70012439.00,3.14,1.29,0.18,2.86
2018-04-12,14.10,14.27,14.38,13.91,69089,98179367.00,3.31,0.63,0.09,3.98
2018-04-13,14.40,14.23,14.44,14.05,94908,135070990.00,2.73,-0.28,-0.04,5.47
2018-04-16,13.90,13.67,13.94,13.16,52770,71536611.00,5.48,-3.94,-0.56,3.04
2018-04-17,13.66,13.56,13.66,13.41,39220,52967942.00,1.83,-0.80,-0.11,2.17
2018-04-18,13.59,13.81,13.84,13.45,29104,39859017.00,2.88,1.84,0.25,1.61
2018-04-19,13.79,13.65,13.86,13.53,28014,38327529.00,2.39,-1.16,-0.16,1.55
2018-04-20,13.53,13.40,13.75,13.37,26303,35596628.00,2.78,-1.83,-0.25,1.46
2018-04-23,13.30,13.45,13.56,12.65,33325,44090046.00,6.79,0.37,0.05,1.85
2018-04-24,13.48,13.49,13.77,13.20,53892,72568994.00,4.24,0.30,0.04,2.99
2018-04-25,13.40,13.29,13.41,13.17,27998,37106813.00,1.78,-1.48,-0.20,1.55
2018-04-26,13.29,13.31,13.36,12.91,38185,50310784.00,3.39,0.15,0.02,2.12
2018-04-27,13.33,13.39,13.45,13.19,78658,105093946.00,1.95,0.60,0.08,4.36
2018-05-02,13.39,13.37,13.49,13.20,28516,38037992.00,2.17,-0.15,-0.02,1.58
2018-05-03,13.20,13.30,13.35,12.90,29042,38078422.00,3.37,-0.52,-0.07,1.61
2018-05-04,13.32,13.29,13.38,13.10,16683,22046254.00,2.11,-0.08,-0.01,0.92
2018-05-07,13.29,13.55,13.67,13.12,37147,49734861.00,4.14,1.96,0.26,1.96
2018-05-08,13.55,13.56,13.61,13.47,19687,26626586.00,1.03,0.07,0.01,1.04
2018-05-09,13.54,13.36,13.55,13.30,20494,27455003.00,1.84,-1.47,-0.20,1.08
2018-05-10,13.37,13.50,13.53,13.20,26431,35243950.00,2.47,1.05,0.14,1.40
2018-05-11,13.52,13.89,13.98,13.23,67853,92653979.00,5.56,2.89,0.39,3.58
2018-05-14,13.69,13.84,13.91,13.63,40840,56313196.00,2.02,-0.36,-0.05,2.16
2018-05-15,13.82,13.84,14.05,13.77,28642,39738960.00,2.02,0.00,0.00,1.51
2018-05-16,13.76,13.85,13.97,13.54,32329,44389561.00,3.11,0.07,0.01,1.71
2018-05-17,13.85,13.81,13.94,13.72,15116,20855083.00,1.59,-0.29,-0.04,0.80
2018-05-18,13.87,13.99,14.10,13.72,76409,106726225.00,2.75,1.30,0.18,4.04
2018-05-21,14.07,14.27,14.50,13.92,102199,145599407.00,4.15,2.00,0.28,5.40
2018-05-22,14.20,14.17,14.40,14.10,57506,81741396.00,2.10,-0.70,-0.10,3.04
2018-05-23,14.08,13.77,14.24,13.77,51716,72118400.00,3.32,-2.82,-0.40,2.73
2018-05-24,13.78,13.50,13.85,13.43,47176,63845390.00,3.05,-1.96,-0.27,2.49
2018-05-25,13.51,13.84,14.23,13.46,64435,88616678.00,5.70,2.52,0.34,3.40
2018-05-28,13.61,13.66,13.88,13.40,68480,93552977.00,3.47,-1.30,-0.18,3.62
2018-05-29,13.60,13.75,13.90,13.44,73202,100508892.00,3.37,0.66,0.09,3.87
2018-05-30,13.49,13.41,13.83,13.26,77243,104698635.00,4.15,-2.47,-0.34,4.08
2018-05-31,13.71,13.50,13.71,13.40,44126,59658885.00,2.31,0.67,0.09,2.33
2018-06-01,13.27,13.55,13.60,13.00,61367,81543020.00,4.44,0.37,0.05,3.24
2018-06-04,13.45,13.57,13.57,13.31,24214,32558736.00,1.92,0.15,0.02,1.28
2018-06-05,13.57,13.77,13.82,13.45,30343,41412436.00,2.73,1.47,0.20,1.60
2018-06-06,13.76,13.71,13.80,13.63,23829,32683880.00,1.23,-0.44,-0.06,1.26
2018-06-07,13.74,13.50,13.74,13.36,25328,34254101.00,2.77,-1.53,-0.21,1.34
2018-06-08,13.39,13.79,13.79,13.17,50254,67553665.00,4.59,2.15,0.29,2.65
2018-06-11,13.50,13.57,13.78,13.33,51673,69641657.00,3.26,-1.60,-0.22,2.07
2018-06-12,13.60,13.55,13.62,13.35,34657,46764389.00,1.99,-0.15,-0.02,1.39
2018-06-13,13.55,13.38,13.56,13.38,20797,27989858.00,1.33,-1.25,-0.17,0.83
2018-06-14,13.34,13.36,13.43,13.16,23594,31390256.00,2.02,-0.15,-0.02,0.95
2018-06-15,13.29,13.27,13.36,13.01,38175,50353982.00,2.62,-0.67,-0.09,1.53
2018-06-19,13.20,13.20,13.20,12.40,77100,98973246.00,6.03,-0.53,-0.07,3.09
2018-06-20,13.03,12.79,13.08,12.59,106258,135414291.00,3.71,-3.11,-0.41,4.26
2018-06-21,12.63,12.65,12.76,12.14,87630,109309790.00,4.85,-1.09,-0.14,3.51
2018-06-22,12.40,12.55,12.55,12.24,46235,57240979.00,2.45,-0.79,-0.10,1.85
2018-06-25,12.51,12.50,12.84,12.30,19705,24640240.00,4.30,-0.40,-0.05,0.79
2018-06-26,12.47,12.26,12.48,12.23,30718,37880866.00,2.00,-1.92,-0.24,1.23
2018-06-27,12.25,12.00,12.31,11.91,48862,59044633.00,3.26,-2.12,-0.26,1.96
2018-06-28,11.98,11.89,11.98,11.60,43692,51380356.00,3.17,-0.92,-0.11,1.75
2018-06-29,11.81,11.88,11.92,11.59,53887,63217278.00,2.78,-0.08,-0.01,2.16
2018-07-02,11.80,10.69,11.84,10.69,28798,31864822.00,9.68,-10.02,-1.19,1.16
2018-07-03,9.62,9.62,9.62,9.62,25460,24492520.00,0.00,-10.01,-1.07,1.02
2018-07-04,8.66,8.66,8.66,8.66,12508,10831928.00,0.00,-9.98,-0.96,0.50
2018-07-05,7.79,8.64,9.50,7.79,562325,454471152.00,19.75,-0.23,-0.02,22.57
2018-07-06,8.09,8.14,8.49,8.05,350034,287846432.00,5.09,-5.79,-0.50,14.05
2018-07-09,8.10,8.25,8.42,8.04,214488,177049128.00,4.67,1.35,0.11,8.61
2018-07-10,8.25,8.45,8.59,8.13,188023,157547711.00,5.58,2.42,0.20,7.55
2018-07-11,8.25,8.10,8.25,7.92,151416,122919003.00,3.91,-4.14,-0.35,6.08
2018-07-12,8.10,8.34,8.55,8.10,175461,146874559.00,5.56,2.96,0.24,7.04
2018-07-13,8.38,8.40,8.52,8.29,132304,110967179.00,2.76,0.72,0.06,5.31
2018-07-16,8.38,8.23,8.44,8.15,102092,84325677.00,3.45,-2.02,-0.17,4.10
2018-07-17,8.19,8.54,8.80,8.15,170610,144859269.00,7.90,3.77,0.31,6.85
2018-07-18,8.56,8.40,8.63,8.35,123618,104651911.00,3.28,-1.64,-0.14,4.96
2018-07-19,8.41,8.35,8.54,8.20,80152,66986229.00,4.05,-0.60,-0.05,3.22
2018-07-20,8.55,8.92,9.19,8.46,311931,279036912.00,8.74,6.83,0.57,12.52
2018-07-23,8.64,8.71,8.78,8.38,215446,185521979.00,4.48,-2.35,-0.21,8.65
2018-07-24,8.73,8.78,8.83,8.59,153955,134156090.00,2.76,0.80,0.07,6.18
2018-07-25,8.76,8.68,8.82,8.59,99874,86738196.00,2.62,-1.14,-0.10,4.01
2018-07-26,8.74,8.78,8.84,8.69,123468,108221357.00,1.73,1.15,0.10,4.96
2018-07-27,8.75,8.49,8.79,8.45,106644,92005975.00,3.87,-3.30,-0.29,4.28
2018-07-30,8.48,8.24,8.54,8.20,86596,72046123.00,4.00,-2.94,-0.25,3.48
2018-07-31,8.18,8.27,8.32,8.12,70330,57866418.00,2.43,0.36,0.03,2.82
2018-08-01,8.27,8.10,8.37,8.08,66373,54689844.00,3.51,-2.06,-0.17,2.66
2018-08-02,8.01,7.66,8.11,7.36,111321,85930395.00,9.26,-5.43,-0.44,4.47
2018-08-03,7.68,7.50,7.75,7.49,53083,40455920.00,3.39,-2.09,-0.16,2.13
2018-08-06,7.50,7.37,7.62,7.25,66722,49949153.00,4.93,-1.73,-0.13,2.68
2018-08-07,7.44,7.96,8.01,7.40,125750,97357640.00,8.28,8.01,0.59,5.05
2018-08-08,7.88,7.90,8.01,7.75,82616,65252287.00,3.27,-0.75,-0.06,3.32
2018-08-09,7.44,7.78,7.90,7.25,127595,97576560.00,8.23,-1.52,-0.12,5.12
2018-08-10,7.75,7.66,7.85,7.57,69994,54010541.00,3.60,-1.54,-0.12,2.81
2018-08-13,8.43,8.43,8.43,8.43,41977,35386914.00,0.00,10.05,0.77,1.68
2018-08-14,8.80,9.18,9.27,8.73,575807,522620608.00,6.41,8.90,0.75,23.11
2018-08-15,8.67,8.35,8.80,8.26,385827,325338112.00,5.88,-9.04,-0.83,15.49
2018-08-16,8.11,7.81,8.38,7.75,259713,209795660.00,7.54,-6.47,-0.54,10.42
2018-08-17,7.87,7.57,7.99,7.53,160590,124176938.00,5.89,-3.07,-0.24,6.45
2018-08-20,7.43,7.61,7.62,7.34,112082,83720572.00,3.70,0.53,0.04,4.50
2018-08-21,7.64,7.61,7.67,7.44,100765,76367821.00,3.02,0.00,0.00,4.04
2018-08-22,7.55,7.38,7.57,7.38,88886,66485883.00,2.50,-3.02,-0.23,3.57
2018-08-23,7.41,7.60,7.63,7.41,89454,67265759.00,2.98,2.98,0.22,3.59
2018-08-24,7.59,7.53,7.64,7.50,58741,44430033.00,1.84,-0.92,-0.07,2.36
2018-08-27,7.56,7.76,7.79,7.55,96579,74480657.00,3.19,3.05,0.23,3.88
2018-08-28,7.88,7.83,8.13,7.76,128135,101451353.00,4.77,0.90,0.07,5.14
2018-08-29,7.78,7.90,8.09,7.77,99380,78645721.00,4.09,0.89,0.07,3.99
2018-08-30,7.83,7.58,7.89,7.54,84040,64752916.00,4.43,-4.05,-0.32,3.37
2018-08-31,7.60,7.50,7.62,7.49,50091,37760774.00,1.72,-1.06,-0.08,2.01
2018-09-03,7.57,7.54,7.58,7.27,52825,39239654.00,4.13,0.53,0.04,2.12
2018-09-04,7.61,7.69,7.73,7.53,64191,48978514.00,2.65,1.99,0.15,2.58
2018-09-05,7.68,7.73,8.25,7.52,138880,108546590.00,9.49,0.52,0.04,5.57
2018-09-06,7.55,7.64,7.82,7.53,87158,66724291.00,3.75,-1.16,-0.09,3.50
2018-09-07,7.61,7.62,7.81,7.54,79194,60744943.00,3.53,-0.26,-0.02,3.18
2018-09-10,7.65,7.41,7.69,7.40,66335,49736434.00,3.81,-2.76,-0.21,2.66
2018-09-11,7.41,7.44,7.50,7.30,42968,31840182.00,2.70,0.40,0.03,1.72
2018-09-12,7.58,7.49,7.63,7.45,49619,37348298.00,2.42,0.67,0.05,1.99
2018-09-13,7.56,7.56,7.62,7.42,52152,39213166.00,2.67,0.93,0.07,2.09
2018-09-14,7.60,7.45,7.69,7.45,53698,40649325.00,3.17,-1.46,-0.11,2.16
2018-09-17,7.47,7.36,7.49,7.33,40348,29822716.00,2.15,-1.21,-0.09,1.62
2018-09-18,7.30,7.49,7.53,7.27,47608,35357574.00,3.53,1.77,0.13,1.91
2018-09-19,7.48,7.54,7.60,7.43,61150,46002331.00,2.27,0.67,0.05,2.45
2018-09-20,7.57,7.44,7.57,7.42,52874,39570650.00,1.99,-1.33,-0.10,2.12
2018-09-21,7.46,7.53,7.55,7.40,58043,43476669.00,2.02,1.21,0.09,2.33
2018-09-25,7.48,7.52,7.63,7.45,46010,34711495.00,2.39,-0.13,-0.01,1.85
2018-09-26,7.51,7.54,7.57,7.49,44419,33457349.00,1.06,0.27,0.02,1.78
2018-09-27,7.56,7.34,7.56,7.34,53858,40067048.00,2.92,-2.65,-0.20,2.16
2018-09-28,7.36,7.43,7.44,7.31,30443,22516566.00,1.77,1.23,0.09,1.22
2018-10-08,7.30,6.98,7.30,6.89,53516,38292825.00,5.52,-6.06,-0.45,2.15
2018-10-09,6.98,7.02,7.04,6.93,30027,20974951.00,1.58,0.57,0.04,1.21
2018-10-10,7.03,6.99,7.07,6.96,25965,18187586.00,1.57,-0.43,-0.03,1.04
2018-10-11,6.74,6.34,6.74,6.29,97940,62537296.00,6.44,-9.30,-0.65,3.93
2018-10-12,6.28,6.06,6.28,5.79,66699,40401733.00,7.73,-4.42,-0.28,2.68
2018-10-15,6.67,6.14,6.67,6.13,129553,84072845.00,8.91,1.32,0.08,5.20
2018-10-16,5.89,5.90,6.19,5.76,89788,53301520.00,7.00,-3.91,-0.24,3.60
2018-10-17,6.02,6.02,6.06,5.86,61040,36409013.00,3.39,2.03,0.12,2.45
2018-10-18,5.97,6.07,6.53,5.80,90017,54954071.00,12.13,0.83,0.05,3.61
2018-10-19,5.89,6.27,6.27,5.88,71664,43996229.00,6.43,3.29,0.20,2.88
2018-10-22,6.31,6.54,6.61,6.31,119365,77268242.00,4.78,4.31,0.27,4.79
2018-10-23,6.52,6.28,6.52,6.28,75453,48228859.00,3.67,-3.98,-0.26,3.03
2018-10-24,6.39,6.91,6.91,6.39,169427,116929072.00,8.28,10.03,0.63,6.80
2018-10-25,6.89,7.13,7.43,6.75,411178,290980960.00,9.84,3.18,0.22,16.50
2018-10-26,6.89,6.94,7.14,6.81,218251,151669304.00,4.63,-2.66,-0.19,8.76
2018-10-29,6.70,6.79,6.87,6.59,122674,82661085.00,4.03,-2.16,-0.15,4.92
2018-10-30,6.37,6.16,6.47,6.11,290797,179951406.00,5.30,-9.28,-0.63,11.67
2018-10-31,6.09,6.78,6.78,5.97,336029,213580002.00,13.15,10.06,0.62,13.49
2018-11-01,6.54,6.87,7.20,6.53,282173,192508206.00,9.88,1.33,0.09,11.33
2018-11-02,6.92,7.03,7.07,6.77,215351,148840849.00,4.37,2.33,0.16,8.64
2018-11-05,6.95,6.88,7.03,6.78,157734,108936552.00,3.56,-2.13,-0.15,6.33
2018-11-06,6.64,6.63,6.72,6.36,161554,105836043.00,5.23,-3.63,-0.25,6.48
2018-11-07,6.58,6.54,6.68,6.51,110323,72571435.00,2.56,-1.36,-0.09,4.43
2018-11-08,6.59,6.42,6.64,6.40,100109,65116337.00,3.67,-1.83,-0.12,4.02
2018-11-09,6.37,6.50,6.53,6.24,100574,64411004.00,4.52,1.25,0.08,4.04
2018-11-12,6.40,6.56,6.62,6.38,202275,132365397.00,3.69,0.92,0.06,8.12
2018-11-13,6.48,6.84,6.99,6.42,317511,213004115.00,8.69,4.27,0.28,12.74
2018-11-14,6.74,6.77,6.87,6.66,212092,143243838.00,3.07,-1.02,-0.07,8.51
2018-11-15,6.78,6.93,6.96,6.73,216699,148569483.00,3.40,2.36,0.16,8.70
2018-11-16,6.89,7.05,7.17,6.83,245847,171976270.00,4.91,1.73,0.12,9.87
2018-11-19,6.92,6.85,7.03,6.68,204589,139815767.00,4.96,-2.84,-0.20,8.21
2018-11-20,6.77,6.77,7.07,6.68,171838,118160481.00,5.69,-1.17,-0.08,6.90
2018-11-21,6.61,6.77,6.78,6.60,96655,64655197.00,2.66,0.00,0.00,3.88
2018-11-22,6.95,7.45,7.45,6.83,139950,101525452.00,9.16,10.04,0.68,5.62
2018-11-23,7.60,7.32,7.93,7.06,548110,411648000.00,11.68,-1.74,-0.13,22.00
2018-11-26,7.30,7.03,7.31,6.85,226103,158876518.00,6.28,-3.96,-0.29,9.08
2018-11-27,7.02,6.98,7.15,6.83,186422,130491459.00,4.55,-0.71,-0.05,7.48
2018-11-28,6.92,6.75,6.99,6.42,211341,141137254.00,8.17,-3.30,-0.23,8.48
2018-11-29,6.72,6.46,6.82,6.45,144993,96585748.00,5.48,-4.30,-0.29,5.82
2018-11-30,6.30,6.36,6.40,6.10,159523,99995335.00,4.64,-1.55,-0.10,6.40
2018-12-03,6.54,6.58,6.62,6.42,148264,96933808.00,3.14,3.46,0.22,5.95
2018-12-04,6.54,6.63,6.74,6.51,128068,84783491.00,3.50,0.76,0.05,5.14
2018-12-05,6.48,6.52,6.61,6.43,101234,66075075.00,2.71,-1.66,-0.11,4.06
2018-12-06,6.43,6.26,6.48,6.23,111993,71093562.00,3.83,-3.99,-0.26,4.50
2018-12-07,6.29,6.33,6.34,6.25,63358,39889880.00,1.44,1.12,0.07,2.54
2018-12-10,6.18,6.16,6.27,6.14,57710,35823262.00,2.05,-2.69,-0.17,2.32
2018-12-11,6.22,6.30,6.31,6.19,65694,41106597.00,1.95,2.27,0.14,2.64
2018-12-12,6.31,6.38,6.48,6.26,105239,66938341.00,3.49,1.27,0.08,4.22
2018-12-13,6.36,6.41,6.45,6.23,104781,66696662.00,3.45,0.47,0.03,4.21
2018-12-14,6.40,6.05,6.40,6.05,129865,80733934.00,5.46,-5.62,-0.36,5.21
2018-12-17,5.95,6.06,6.07,5.85,86270,51386781.00,3.64,0.17,0.01,3.46
2018-12-18,5.96,5.98,6.05,5.90,52570,31410093.00,2.48,-1.32,-0.08,2.11
2018-12-19,5.92,5.88,5.99,5.86,52841,31242212.00,2.17,-1.67,-0.10,2.12
2018-12-20,5.91,5.94,6.00,5.87,48186,28584800.00,2.21,1.02,0.06,1.93
2018-12-21,5.89,6.00,6.06,5.89,54614,32657231.00,2.86,1.01,0.06,2.19
2018-12-24,5.94,6.03,6.03,5.91,57256,34239031.00,2.00,0.50,0.03,2.30
2018-12-25,5.93,5.74,5.94,5.52,107314,61251757.00,6.97,-4.81,-0.29,4.31
2018-12-26,5.71,5.76,5.87,5.57,94487,53941157.00,5.23,0.35,0.02,3.79
2018-12-27,5.80,5.44,5.83,5.40,89422,50811295.00,7.47,-5.56,-0.32,3.59
2018-12-28,5.53,5.46,5.71,5.45,60198,33373318.00,4.78,0.37,0.02,2.42
2019-01-02,5.35,5.30,5.42,5.21,83581,44179824.00,3.85,-2.93,-0.16,3.36
2019-01-03,5.32,5.27,5.39,5.27,62111,33065811.00,2.26,-0.57,-0.03,2.50
2019-01-04,5.18,5.42,5.43,5.09,88967,47194712.00,6.45,2.85,0.15,3.58
2019-01-07,5.46,5.57,5.63,5.38,80378,44368498.00,4.61,2.77,0.15,3.23
2019-01-08,5.55,5.80,6.12,5.54,156430,90245647.00,10.41,4.13,0.23,6.29
2019-01-09,5.79,5.90,6.15,5.66,212482,124655330.00,8.45,1.72,0.10,8.54
2019-01-10,6.01,5.73,6.02,5.69,124168,71841338.00,5.59,-2.88,-0.17,4.99
2019-01-11,5.95,6.30,6.30,5.94,195909,122003985.00,6.28,9.95,0.57,7.87
2019-01-14,6.30,5.98,6.30,5.92,263805,159937226.00,6.03,-5.08,-0.32,10.60
2019-01-15,5.78,5.92,5.92,5.72,153146,89598155.00,3.34,-1.00,-0.06,6.16
2019-01-16,5.86,5.82,5.97,5.76,107735,63107137.00,3.55,-1.69,-0.10,4.33
2019-01-17,5.79,5.75,5.82,5.65,88891,50822991.00,2.92,-1.20,-0.07,3.57
2019-01-18,5.68,5.58,5.75,5.48,95488,53484183.00,4.70,-2.96,-0.17,3.84
2019-01-21,5.59,5.67,5.72,5.58,65260,36919049.00,2.51,1.61,0.09,2.62
2019-01-22,5.67,5.52,5.70,5.50,59843,33286035.00,3.53,-2.65,-0.15,2.41
2019-01-23,5.54,5.56,5.58,5.45,48816,26969470.00,2.36,0.72,0.04,1.96
2019-01-24,5.56,5.65,5.69,5.52,66510,37435841.00,3.06,1.62,0.09,2.67
2019-01-25,5.62,5.34,5.67,5.31,87478,47976872.00,6.37,-5.49,-0.31,3.52
2019-01-28,5.34,5.25,5.50,5.24,71138,38300080.00,4.87,-1.69,-0.09,2.86
2019-01-29,5.26,5.19,5.33,5.01,67164,34477054.00,6.10,-1.14,-0.06,2.70
2019-01-30,5.12,5.08,5.27,5.06,41045,21080545.00,4.05,-2.12,-0.11,1.65
2019-01-31,4.61,4.57,4.76,4.57,113705,52898801.00,3.74,-10.04,-0.51,4.57
2019-02-01,4.57,4.76,4.77,4.53,69319,32492083.00,5.25,4.16,0.19,2.79
2019-02-11,4.76,4.92,4.93,4.72,75444,36657883.00,4.41,3.36,0.16,3.03
2019-02-12,4.93,5.02,5.07,4.88,70534,35298685.00,3.86,2.03,0.10,2.83
2019-02-13,5.03,5.18,5.19,5.03,102133,52269034.00,3.19,3.19,0.16,4.11
2019-02-14,5.15,5.19,5.26,5.11,91888,47514116.00,2.90,0.19,0.01,3.69
2019-02-15,5.19,5.21,5.33,5.15,84531,44275039.00,3.47,0.39,0.02,3.40
2019-02-18,5.24,5.43,5.44,5.19,114705,61184023.00,4.80,4.22,0.22,4.61
2019-02-19,5.50,5.58,5.74,5.36,189448,104673722.00,7.00,2.76,0.15,7.61
2019-02-20,5.50,5.51,5.55,5.39,150024,82059983.00,2.87,-1.25,-0.07,6.03
2019-02-21,5.53,5.51,5.69,5.45,163656,91382471.00,4.36,0.00,0.00,6.58
2019-02-22,5.53,5.61,5.62,5.42,116669,64675126.00,3.63,1.81,0.10,4.69
2019-02-25,5.64,5.91,6.05,5.64,237144,137584751.00,7.31,5.35,0.30,9.53
2019-02-26,5.90,5.86,6.09,5.81,234989,139506023.00,4.74,-0.85,-0.05,9.44
2019-02-27,5.80,5.93,6.08,5.80,157173,93547379.00,4.78,1.19,0.07,6.32
2019-02-28,5.93,6.06,6.37,5.85,259991,158588352.00,8.77,2.19,0.13,10.45
2019-03-01,6.00,5.92,6.04,5.76,189295,111177064.00,4.62,-2.31,-0.14,7.61
2019-03-04,5.90,6.00,6.14,5.90,202692,122036276.00,4.05,1.35,0.08,8.15
2019-03-05,6.00,6.28,6.36,5.96,266470,165340999.00,6.67,4.67,0.28,10.71
2019-03-06,6.34,6.75,6.91,6.31,462784,310332224.00,9.55,7.48,0.47,18.60
2019-03-07,6.66,6.81,7.15,6.50,358823,242038431.00,9.63,0.89,0.06,14.42
2019-03-08,6.59,6.58,7.15,6.44,349972,239079996.00,10.43,-3.38,-0.23,14.07
2019-03-11,6.72,6.88,6.96,6.53,278069,188151855.00,6.53,4.56,0.30,11.18
2019-03-12,6.96,7.57,7.57,6.79,545810,389624240.00,11.34,10.03,0.69,21.94
2019-03-13,7.52,6.91,7.52,6.85,476151,344670640.00,8.85,-8.72,-0.66,19.14
2019-03-14,6.43,6.30,6.60,6.22,299138,190303865.00,5.50,-8.83,-0.61,12.02
2019-03-15,6.31,6.39,6.46,6.25,157468,99959958.00,3.33,1.43,0.09,6.33
2019-03-18,6.39,6.47,6.49,6.32,137765,88284129.00,2.66,1.25,0.08,5.54
2019-03-19,6.50,6.46,6.57,6.40,135081,87308699.00,2.63,-0.15,-0.01,5.43
2019-03-20,6.48,6.42,6.51,6.24,140655,89914663.00,4.18,-0.62,-0.04,5.65
2019-03-21,6.42,6.50,6.57,6.38,146669,95071568.00,2.96,1.25,0.08,5.90
2019-03-22,6.49,6.46,6.51,6.34,114125,73235546.00,2.62,-0.62,-0.04,4.59
2019-03-25,6.35,6.27,6.45,6.26,114593,72709922.00,2.94,-2.94,-0.19,4.61
2019-03-26,6.33,6.30,6.58,6.25,160902,102796807.00,5.26,0.48,0.03,6.47
2019-03-27,6.35,6.15,6.35,5.97,146772,89785439.00,6.03,-2.38,-0.15,5.90
2019-03-28,6.17,6.04,6.35,6.01,147588,91529010.00,5.53,-1.79,-0.11,5.93
2019-03-29,5.98,6.14,6.15,5.74,164018,97762579.00,6.79,1.66,0.10,6.59
2019-04-01,6.12,6.42,6.46,6.10,181015,114657069.00,5.86,4.56,0.28,7.28
2019-04-02,6.45,6.50,6.70,6.35,237761,155676438.00,5.45,1.25,0.08,9.56
2019-04-03,6.38,6.68,6.77,6.18,274389,180119256.00,9.08,2.77,0.18,11.03
2019-04-04,6.62,6.78,6.90,6.52,289871,194813304.00,5.69,1.50,0.10,11.65
2019-04-08,6.72,6.47,6.72,6.32,227994,149272975.00,5.90,-4.57,-0.31,9.16
2019-04-09,6.40,6.69,6.78,6.37,184552,121293164.00,6.34,3.40,0.22,7.42
2019-04-10,6.63,6.87,7.17,6.45,324413,221374108.00,10.76,2.69,0.18,13.04
2019-04-11,6.75,7.01,7.26,6.64,397380,277600512.00,9.02,2.04,0.14,15.97
2019-04-12,6.83,7.20,7.28,6.77,433362,306721040.00,7.28,2.71,0.19,17.42
2019-04-15,6.61,6.49,6.94,6.48,446632,299209584.00,6.39,-9.86,-0.71,17.95
2019-04-16,6.38,6.32,6.38,6.06,255033,158445272.00,4.93,-2.62,-0.17,10.25
2019-04-17,6.26,6.50,6.70,6.21,249983,161231115.00,7.75,2.85,0.18,10.05
2019-04-18,6.40,6.78,6.78,6.33,309134,204573507.00,6.92,4.31,0.28,12.42
2019-04-19,6.73,6.63,6.76,6.53,240209,159242678.00,3.39,-2.21,-0.15,9.65
2019-04-22,6.62,6.40,6.76,6.37,198330,130560137.00,5.88,-3.47,-0.23,7.97
2019-04-23,6.28,5.90,6.36,5.86,217208,132144524.00,7.81,-7.81,-0.50,8.73
2019-04-24,5.90,6.03,6.05,5.86,115387,68820472.00,3.22,2.20,0.13,4.64
2019-04-25,5.96,5.44,6.03,5.44,187126,106672863.00,9.78,-9.78,-0.59,7.52
2019-04-26,5.51,5.47,5.63,5.42,126290,69764710.00,3.86,0.55,0.03,5.08
2019-04-29,5.40,5.04,5.47,5.00,143479,74123865.00,8.59,-7.86,-0.43,5.77
2019-05-06,4.79,4.79,4.79,4.79,860,411940.00,0.00,-4.96,-0.25,0.03
2019-05-07,4.55,4.55,4.55,4.55,743,338065.00,0.00,-5.01,-0.24,0.03
2019-05-08,4.32,4.32,4.32,4.32,2657,1147824.00,0.00,-5.05,-0.23,0.11
2019-05-09,4.10,4.10,4.10,4.10,983,403030.00,0.00,-5.09,-0.22,0.04
2019-05-10,3.90,3.90,3.90,3.90,4861,1895790.00,0.00,-4.88,-0.20,0.20
2019-05-13,3.71,3.71,3.71,3.71,2130,790230.00,0.00,-4.87,-0.19,0.09
2019-05-14,3.52,3.52,3.52,3.52,1962,690624.00,0.00,-5.12,-0.19,0.08
2019-05-15,3.34,3.34,3.34,3.34,4950,1653300.00,0.00,-5.11,-0.18,0.20
2019-05-16,3.17,3.32,3.49,3.17,369147,119769970.00,9.58,-0.60,-0.02,14.84
2019-05-17,3.24,3.15,3.26,3.15,286229,91142599.00,3.31,-5.12,-0.17,11.50
2019-05-20,3.03,2.99,3.06,2.99,142347,42733727.00,2.22,-5.08,-0.16,5.72
2019-05-21,2.91,2.84,2.94,2.84,217533,62195958.00,3.34,-5.02,-0.15,8.74
2019-05-22,2.74,2.73,2.82,2.70,245418,66986417.00,4.23,-3.87,-0.11,9.86
2019-05-23,2.70,2.60,2.78,2.59,175485,46823408.00,6.96,-4.76,-0.13,7.05
2019-05-24,2.58,2.57,2.61,2.52,87287,22317955.00,3.46,-1.15,-0.03,3.51
2019-05-27,2.54,2.64,2.66,2.54,91331,23747438.00,4.67,2.72,0.07,3.67
2019-05-28,2.63,2.68,2.77,2.63,119781,32440677.00,5.30,1.52,0.04,4.81
2019-05-29,2.59,2.55,2.66,2.55,151568,39107031.00,4.10,-4.85,-0.13,6.09
2019-05-30,2.54,2.45,2.56,2.42,150296,37029762.00,5.49,-3.92,-0.10,6.04
2019-05-31,2.45,2.45,2.51,2.43,121683,30049827.00,3.27,0.00,0.00,4.89
2019-06-03,2.43,2.36,2.46,2.35,97569,23412742.00,4.49,-3.67,-0.09,3.92
2019-06-04,2.34,2.26,2.35,2.24,120551,27494037.00,4.66,-4.24,-0.10,4.85
2019-06-05,2.28,2.28,2.30,2.26,66413,15152219.00,1.77,0.88,0.02,2.67
2019-06-06,2.26,2.26,2.29,2.18,84157,18793521.00,4.82,-0.88,-0.02,3.38
2019-06-10,2.26,2.21,2.27,2.21,68700,15360358.00,2.65,-2.21,-0.05,2.76
2019-06-11,2.20,2.29,2.31,2.19,62138,14081025.00,5.43,3.62,0.08,2.50
2019-06-12,2.27,2.39,2.40,2.27,84575,19909373.00,5.68,4.37,0.10,3.40
2019-06-13,2.38,2.51,2.51,2.36,79735,19569731.00,6.28,5.02,0.12,3.20
2019-06-14,2.51,2.41,2.57,2.40,100885,25034956.00,6.77,-3.98,-0.10,4.05
2019-06-17,2.35,2.32,2.37,2.31,52129,12201569.00,2.49,-3.73,-0.09,2.10
2019-06-18,2.33,2.34,2.35,2.27,33170,7701788.00,3.45,0.86,0.02,1.33
2019-06-19,2.37,2.35,2.38,2.34,37090,8734270.00,1.71,0.43,0.01,1.49
2019-06-20,2.34,2.30,2.34,2.25,44511,10183096.00,3.83,-2.13,-0.05,1.79
2019-06-21,2.42,2.42,2.42,2.39,47591,11506593.00,1.30,5.22,0.12,1.91
2019-06-24,2.45,2.41,2.45,2.37,63259,15231739.00,3.31,-0.41,-0.01,2.54
2019-06-25,2.40,2.47,2.48,2.37,56435,13734508.00,4.56,2.49,0.06,2.27
2019-06-26,2.43,2.55,2.59,2.41,105328,26686456.00,7.29,3.24,0.08,4.23
2019-06-27,2.54,2.60,2.62,2.52,86862,22462046.00,3.92,1.96,0.05,3.49
2019-06-28,2.59,2.64,2.68,2.51,90721,23777637.00,6.54,1.54,0.04,3.65
2019-07-01,2.65,2.65,2.69,2.54,91854,24170811.00,5.68,0.38,0.01,3.23
2019-07-02,2.65,2.78,2.78,2.61,108921,29938738.00,6.42,4.91,0.13,3.83
2019-07-03,2.77,2.64,2.83,2.64,114219,30808972.00,6.83,-5.04,-0.14,4.02
2019-07-04,2.59,2.65,2.66,2.58,49424,12958823.00,3.03,0.38,0.01,1.74
2019-07-05,2.64,2.60,2.65,2.58,31692,8268764.00,2.64,-1.89,-0.05,1.11
2019-07-08,2.49,2.47,2.50,2.47,28356,7013707.00,1.15,-5.00,-0.13,1.00
2019-07-09,2.39,2.35,2.45,2.35,104952,24780355.00,4.05,-4.86,-0.12,3.69
2019-07-10,2.35,2.37,2.40,2.34,49100,11645443.00,2.55,0.85,0.02,1.73
2019-07-11,2.35,2.37,2.42,2.35,35314,8403766.00,2.95,0.00,0.00,1.24
2019-07-12,2.37,2.40,2.41,2.34,29805,7072733.00,2.95,1.27,0.03,1.05
2019-07-15,2.38,2.40,2.43,2.35,25571,6120166.00,3.33,0.00,0.00,0.90
2019-07-16,2.40,2.46,2.47,2.39,34485,8413701.00,3.33,2.50,0.06,1.21
2019-07-17,2.45,2.43,2.45,2.41,22298,5429961.00,1.63,-1.22,-0.03,0.78
2019-07-18,2.43,2.40,2.43,2.37,21642,5197379.00,2.47,-1.23,-0.03,0.76
2019-07-19,2.40,2.39,2.45,2.38,18323,4421056.00,2.92,-0.42,-0.01,0.64
2019-07-22,2.41,2.29,2.41,2.27,41235,9477696.00,5.86,-4.18,-0.10,1.45
2019-07-23,2.26,2.33,2.34,2.26,18855,4336942.00,3.49,1.75,0.04,0.66
2019-07-24,2.34,2.37,2.40,2.32,22515,5357442.00,3.43,1.72,0.04,0.79
2019-07-25,2.36,2.42,2.45,2.35,30297,7289905.00,4.22,2.11,0.05,1.07
2019-07-26,2.41,2.41,2.43,2.38,20328,4890959.00,2.07,-0.41,-0.01,0.71
2019-07-29,2.40,2.32,2.40,2.30,28265,6616954.00,4.15,-3.73,-0.09,0.99
2019-07-30,2.31,2.41,2.43,2.31,36465,8672403.00,5.17,3.88,0.09,1.28
2019-07-31,2.40,2.36,2.40,2.35,17019,4038274.00,2.07,-2.07,-0.05,0.60
2019-08-01,2.37,2.36,2.38,2.33,17518,4131104.00,2.12,0.00,0.00,0.62
2019-08-02,2.32,2.32,2.34,2.27,23188,5352825.00,2.97,-1.69,-0.04,0.82
2019-08-05,2.32,2.29,2.33,2.27,16365,3755271.00,2.59,-1.29,-0.03,0.58
2019-08-06,2.24,2.21,2.24,2.18,32318,7098122.00,2.62,-3.49,-0.08,1.14
2019-08-07,2.22,2.24,2.24,2.20,19056,4241146.00,1.81,1.36,0.03,0.67
2019-08-08,2.24,2.23,2.25,2.22,17116,3825003.00,1.34,-0.45,-0.01,0.60
2019-08-09,2.24,2.24,2.28,2.23,20384,4594944.00,2.24,0.45,0.01,0.72
2019-08-12,2.23,2.26,2.27,2.21,14441,3229098.00,2.68,0.89,0.02,0.51
2019-08-13,2.24,2.30,2.35,2.21,22344,5093858.00,6.19,1.77,0.04,0.79
2019-08-14,2.31,2.28,2.32,2.27,17312,3974076.00,2.17,-0.87,-0.02,0.61
2019-08-15,2.21,2.25,2.26,2.20,19805,4411528.00,2.63,-1.32,-0.03,0.70
2019-08-16,2.25,2.26,2.27,2.22,16217,3653302.00,2.22,0.44,0.01,0.57
2019-08-19,2.31,2.37,2.37,2.30,39731,9305848.00,3.10,4.87,0.11,1.40
2019-08-20,2.34,2.37,2.39,2.34,34117,8079332.00,2.11,0.00,0.00,1.20
2019-08-21,2.35,2.35,2.37,2.33,20503,4818509.00,1.69,-0.84,-0.02,0.72
2019-08-22,2.35,2.47,2.47,2.34,71802,17617241.00,5.53,5.11,0.12,2.53
2019-08-23,2.48,2.37,2.49,2.35,79258,19195278.00,5.67,-4.05,-0.10,2.79
2019-08-26,2.30,2.31,2.33,2.27,38827,8913981.00,2.53,-2.53,-0.06,1.37
2019-08-27,2.31,2.35,2.36,2.30,28592,6695196.00,2.60,1.73,0.04,1.01
2019-08-28,2.35,2.36,2.37,2.33,26700,6266635.00,1.70,0.43,0.01,0.94
2019-08-29,2.35,2.33,2.37,2.33,26129,6135292.00,1.69,-1.27,-0.03,0.92
2019-08-30,2.33,2.32,2.36,2.28,25951,6022806.00,3.43,-0.43,-0.01,0.91
2019-09-02,2.29,2.34,2.36,2.27,25051,5835548.00,3.88,0.86,0.02,0.88
2019-09-03,2.32,2.36,2.37,2.32,24291,5702176.00,2.14,0.85,0.02,0.85
2019-09-04,2.35,2.35,2.37,2.31,45754,10688213.00,2.54,-0.42,-0.01,1.61
2019-09-05,2.35,2.34,2.38,2.33,43859,10318112.00,2.13,-0.43,-0.01,1.54
2019-09-06,2.34,2.37,2.39,2.33,36222,8555204.00,2.56,1.28,0.03,1.27
2019-09-09,2.35,2.39,2.39,2.35,26573,6323972.00,1.69,0.84,0.02,0.93
2019-09-10,2.39,2.42,2.51,2.38,45709,11155946.00,5.44,1.26,0.03,1.61
2019-09-11,2.42,2.41,2.45,2.41,27342,6628963.00,1.65,-0.41,-0.01,0.96
2019-09-12,2.41,2.46,2.47,2.39,38025,9232319.00,3.32,2.07,0.05,1.34
2019-09-16,2.46,2.53,2.58,2.43,63989,16239821.00,6.10,2.85,0.07,2.25
2019-09-17,2.53,2.48,2.60,2.44,62229,15637331.00,6.32,-1.98,-0.05,2.19
2019-09-18,2.46,2.48,2.51,2.45,36500,9049302.00,2.42,0.00,0.00,1.28
2019-09-19,2.44,2.48,2.49,2.44,27656,6807335.00,2.02,0.00,0.00,0.97
2019-09-20,2.49,2.51,2.59,2.48,45486,11480131.00,4.44,1.21,0.03,1.60
2019-09-23,2.52,2.48,2.53,2.44,35986,8897881.00,3.59,-1.20,-0.03,1.27
2019-09-24,2.46,2.47,2.49,2.45,25849,6387694.00,1.61,-0.40,-0.01,0.91
2019-09-25,2.46,2.37,2.46,2.36,44976,10788692.00,4.05,-4.05,-0.10,1.58
2019-09-26,2.38,2.30,2.39,2.29,41304,9647521.00,4.22,-2.95,-0.07,1.45
2019-09-27,2.25,2.31,2.33,2.25,21352,4904204.00,3.48,0.43,0.01,0.75
2019-09-30,2.31,2.25,2.33,2.25,17961,4134877.00,3.46,-2.60,-0.06,0.63
2019-10-08,2.28,2.28,2.31,2.26,18224,4172263.00,2.22,1.33,0.03,0.64
2019-10-09,2.29,2.31,2.31,2.26,16473,3766168.00,2.19,1.32,0.03,0.58
2019-10-10,2.28,2.32,2.34,2.28,12554,2911917.00,2.60,0.43,0.01,0.44
2019-10-11,2.32,2.34,2.34,2.30,16134,3746628.00,1.72,0.86,0.02,0.57
2019-10-14,2.35,2.37,2.37,2.32,19459,4586296.00,2.14,1.28,0.03,0.68
2019-10-15,2.35,2.34,2.35,2.32,13910,3240613.00,1.27,-1.27,-0.03,0.49
2019-10-16,2.29,2.32,2.37,2.29,15512,3613885.00,3.42,-0.85,-0.02,0.55
2019-10-17,2.31,2.32,2.33,2.30,11667,2695552.00,1.29,0.00,0.00,0.41
2019-10-18,2.31,2.29,2.35,2.29,11590,2687786.00,2.59,-1.29,-0.03,0.41
2019-10-21,2.33,2.30,2.33,2.29,11805,2730426.00,1.75,0.44,0.01,0.42
2019-10-22,2.32,2.31,2.33,2.30,11492,2660095.00,1.30,0.43,0.01,0.40
2019-10-23,2.32,2.32,2.33,2.30,14467,3352572.00,1.30,0.43,0.01,0.51
2019-10-24,2.30,2.29,2.32,2.29,10615,2445354.00,1.29,-1.29,-0.03,0.37
2019-10-25,2.29,2.29,2.31,2.25,15172,3451154.00,2.62,0.00,0.00,0.51
2019-10-28,2.29,2.28,2.30,2.22,18236,4124392.00,3.49,-0.44,-0.01,0.62
2019-10-29,2.26,2.28,2.29,2.24,16022,3636703.00,2.19,0.00,0.00,0.54
2019-10-30,2.27,2.17,2.27,2.17,42725,9362604.00,4.39,-4.82,-0.11,1.45
2019-10-31,2.17,2.06,2.19,2.06,39778,8306090.00,5.99,-5.07,-0.11,1.35
2019-11-01,2.06,2.03,2.06,1.97,34800,6972187.00,4.37,-1.46,-0.03,1.18
2019-11-04,2.01,2.05,2.06,2.01,18314,3728953.00,2.46,0.99,0.02,0.62
2019-11-05,2.02,2.08,2.09,2.02,19374,3989658.00,3.41,1.46,0.03,0.66
2019-11-06,2.08,2.09,2.10,2.05,16601,3454426.00,2.40,0.48,0.01,0.56
2019-11-07,2.10,2.11,2.12,2.08,14885,3133945.00,1.91,0.96,0.02,0.50
2019-11-08,2.10,2.10,2.12,2.06,16061,3366716.00,2.84,-0.47,-0.01,0.54
2019-11-11,2.11,2.05,2.11,2.02,19510,4020154.00,4.29,-2.38,-0.05,0.66
2019-11-12,2.04,2.00,2.04,1.95,53076,10465729.00,4.39,-2.44,-0.05,1.80
2019-11-13,1.98,1.96,1.99,1.93,26482,5202370.00,3.00,-2.00,-0.04,0.90
2019-11-14,1.94,1.98,2.01,1.94,29667,5870207.00,3.57,1.02,0.02,1.01
2019-11-15,1.96,1.98,2.01,1.95,20958,4155294.00,3.03,0.00,0.00,0.71
2019-11-18,1.94,1.95,1.97,1.94,20158,3936472.00,1.52,-1.52,-0.03,0.68
2019-11-19,1.95,2.02,2.03,1.93,34331,6876765.00,5.13,3.59,0.07,1.16
2019-11-20,2.02,2.01,2.06,2.00,32232,6527364.00,2.97,-0.50,-0.01,1.09
2019-11-21,2.01,2.03,2.04,2.00,25273,5122102.00,1.99,1.00,0.02,0.86
2019-11-22,2.03,2.03,2.08,1.98,28106,5698926.00,4.93,0.00,0.00,0.95
2019-11-25,2.03,2.06,2.09,2.02,21503,4428229.00,3.45,1.48,0.03,0.73
2019-11-26,2.05,2.10,2.10,2.04,43133,8937035.00,2.91,1.94,0.04,1.46
2019-11-27,2.10,2.19,2.21,2.07,88349,19192909.00,6.67,4.29,0.09,2.99
2019-11-28,2.18,2.16,2.18,2.13,45336,9773265.00,2.28,-1.37,-0.03,1.54
2019-11-29,2.16,2.18,2.25,2.14,29609,6446379.00,5.09,0.93,0.02,1.00
2019-12-02,2.18,2.07,2.18,2.07,50303,10528114.00,5.05,-5.05,-0.11,1.71
2019-12-03,2.06,2.17,2.17,2.01,52386,11151847.00,7.73,4.83,0.10,1.78
2019-12-04,2.23,2.28,2.28,2.18,30501,6874395.00,4.61,5.07,0.11,1.03
2019-12-05,2.39,2.39,2.39,2.34,34872,8329803.00,2.19,4.82,0.11,1.18
2019-12-06,2.51,2.39,2.51,2.33,132693,32202384.00,7.53,0.00,0.00,4.50
2019-12-09,2.36,2.43,2.51,2.35,133628,33019112.00,6.69,1.67,0.04,4.53
2019-12-10,2.38,2.34,2.42,2.31,87129,20461721.00,4.53,-3.70,-0.09,2.95
2019-12-11,2.33,2.26,2.38,2.24,58339,13362186.00,5.98,-3.42,-0.08,1.98
2019-12-12,2.27,2.37,2.37,2.24,60899,14155981.00,5.75,4.87,0.11,2.06
2019-12-13,2.43,2.49,2.49,2.39,91241,22527226.00,4.22,5.06,0.12,3.09
2019-12-16,2.56,2.50,2.59,2.43,92991,23313887.00,6.43,0.40,0.01,3.15
2019-12-17,2.49,2.50,2.56,2.44,70851,17688654.00,4.80,0.00,0.00,2.40
2019-12-18,2.48,2.48,2.50,2.45,53085,13136867.00,2.00,-0.80,-0.02,1.80
2019-12-19,2.47,2.60,2.60,2.47,42272,10859365.00,5.24,4.84,0.12,1.43
2019-12-20,2.66,2.73,2.73,2.63,49812,13497373.00,3.85,5.00,0.13,1.69
2019-12-23,2.87,2.87,2.87,2.87,12889,3699143.00,0.00,5.13,0.14,0.44
2019-12-24,3.01,3.01,3.01,3.01,4764,1433964.00,0.00,4.88,0.14,0.16
2019-12-25,3.16,3.16,3.16,2.90,235152,73297033.00,8.64,4.98,0.15,7.97
2019-12-26,3.17,3.32,3.32,3.05,110391,36354688.00,8.54,5.06,0.16,3.74
2019-12-27,3.46,3.48,3.49,3.40,174578,60806572.00,2.71,4.82,0.16,5.92
2019-12-30,3.31,3.31,3.41,3.31,156631,52053195.00,2.87,-4.89,-0.17,5.31
2019-12-31,3.14,3.14,3.22,3.14,59649,18765617.00,2.42,-5.14,-0.17,2.04
2020-01-02,2.98,3.30,3.30,2.98,106274,33867375.00,10.19,5.10,0.16,3.63
2020-01-03,3.39,3.36,3.47,3.24,93031,31366981.00,6.97,1.82,0.06,3.18
2020-01-06,3.29,3.35,3.46,3.19,91746,30269035.00,8.04,-0.30,-0.01,3.13
2020-01-07,3.48,3.52,3.52,3.38,116028,40409883.00,4.18,5.07,0.17,3.96
2020-01-08,3.52,3.70,3.70,3.52,79385,29012644.00,5.11,5.11,0.18,2.71
2020-01-09,3.88,3.89,3.89,3.84,24586,9540729.00,1.35,5.14,0.19,0.84
2020-01-10,4.08,4.08,4.08,4.08,9566,3902805.00,0.00,4.88,0.19,0.33
2020-01-13,3.88,4.07,4.28,3.88,184294,74360533.00,9.80,-0.25,-0.01,6.30
2020-01-14,3.99,4.20,4.25,3.94,84074,34825118.00,7.62,3.19,0.13,2.87
2020-01-15,4.25,4.41,4.41,4.25,32984,14501903.00,3.81,5.00,0.21,1.13
2020-01-16,4.59,4.63,4.63,4.50,96858,44773219.00,2.95,4.99,0.22,3.31
2020-01-17,4.71,4.50,4.86,4.40,149319,69627781.00,9.94,-2.81,-0.13,5.10
2020-01-20,4.41,4.28,4.60,4.28,90586,39403907.00,7.11,-4.89,-0.22,3.10
2020-01-21,4.07,4.07,4.24,4.07,50506,20588005.00,3.97,-4.91,-0.21,1.73
2020-01-22,3.90,4.27,4.27,3.90,86222,36107248.00,9.09,4.91,0.20,2.95
2020-01-23,4.31,4.35,4.41,4.17,75158,32180928.00,5.62,1.87,0.08,2.57
2020-02-03,4.13,4.13,4.13,4.13,11128,4595864.00,0.00,-5.06,-0.22,0.38
2020-02-04,3.92,4.25,4.34,3.92,80441,33738315.00,10.17,2.91,0.12,2.75
2020-02-05,4.19,4.25,4.33,4.18,61483,26144620.00,3.53,0.00,0.00,2.10
2020-02-06,4.23,4.09,4.29,4.04,77425,31746279.00,5.88,-3.76,-0.16,2.65
2020-02-07,4.05,3.94,4.10,3.90,61361,24301942.00,4.89,-3.67,-0.15,2.10
2020-02-10,3.96,4.02,4.05,3.90,36811,14665827.00,3.81,2.03,0.08,1.26
2020-02-11,4.01,3.97,4.03,3.94,24478,9762451.00,2.24,-1.24,-0.05,0.84
2020-02-12,3.99,4.17,4.17,3.96,23199,9521331.00,5.29,5.04,0.20,0.79
2020-02-13,4.38,4.38,4.38,4.30,83527,36541414.00,1.92,5.04,0.21,2.85
2020-02-14,4.34,4.58,4.59,4.22,95418,42584783.00,8.45,4.57,0.20,3.26
2020-02-17,4.57,4.81,4.81,4.44,44211,21040441.00,8.08,5.02,0.23,1.51
2020-02-18,5.05,5.05,5.05,5.05,7969,4024345.00,0.00,4.99,0.24,0.27
2020-02-19,5.30,5.30,5.30,5.30,4492,2380760.00,0.00,4.95,0.25,0.15
2020-02-20,5.57,5.20,5.57,5.11,173372,93458817.00,8.68,-1.89,-0.10,5.92
2020-02-21,5.29,5.13,5.29,4.94,94820,48132845.00,6.73,-1.35,-0.07,3.24
2020-02-24,5.11,5.39,5.39,5.00,56458,29893505.00,7.60,5.07,0.26,1.93
2020-02-25,5.38,5.66,5.66,5.31,116500,65331388.00,6.49,5.01,0.27,3.98
2020-02-26,5.72,5.73,5.94,5.55,111812,65178423.00,6.89,1.24,0.07,3.82
2020-02-27,5.59,5.54,5.90,5.44,103828,57987523.00,8.03,-3.32,-0.19,3.55
2020-02-28,5.31,5.26,5.46,5.26,59662,31550441.00,3.61,-5.05,-0.28,2.04
2020-03-02,5.27,5.31,5.52,5.27,61432,33209001.00,4.75,0.95,0.05,2.10
2020-03-03,5.30,5.05,5.37,5.04,87995,45301576.00,6.21,-4.90,-0.26,3.01
2020-03-04,5.06,5.12,5.18,4.95,53313,27057714.00,4.55,1.39,0.07,1.82
2020-03-05,5.13,5.22,5.31,5.08,73133,37993890.00,4.49,1.95,0.10,2.50
2020-03-06,5.10,5.03,5.20,4.97,62163,31474003.00,4.41,-3.64,-0.19,2.12
2020-03-09,5.02,4.78,5.02,4.78,59516,28776184.00,4.77,-4.97,-0.25,2.03
2020-03-10,4.63,4.68,4.80,4.54,83290,38430770.00,5.44,-2.09,-0.10,2.85
2020-03-11,4.75,4.91,4.91,4.71,58700,28329124.00,4.27,4.91,0.23,2.01
2020-03-12,5.00,5.16,5.16,4.95,96171,48778017.00,4.28,5.09,0.25,3.29
2020-03-13,4.91,5.13,5.38,4.91,91221,47225672.00,9.11,-0.58,-0.03,3.12
2020-03-16,5.10,4.87,5.30,4.87,72250,36106834.00,8.38,-5.07,-0.26,2.47
2020-03-17,4.83,4.63,4.93,4.63,58130,27197838.00,6.16,-4.93,-0.24,1.99
2020-03-18,4.68,4.50,4.74,4.45,43084,20010450.00,6.26,-2.81,-0.13,1.47
2020-03-19,4.40,4.28,4.47,4.28,23950,10319098.00,4.22,-4.89,-0.22,0.82
2020-03-20,4.10,4.41,4.43,4.08,72222,30266395.00,8.18,3.04,0.13,2.47
2020-03-23,4.26,4.19,4.50,4.19,37852,16396463.00,7.03,-4.99,-0.22,1.29
2020-03-24,4.26,4.06,4.27,3.98,53252,21705365.00,6.92,-3.10,-0.13,1.82
2020-03-25,4.14,4.10,4.17,4.07,27400,11245867.00,2.46,0.99,0.04,0.94
2020-03-26,4.07,4.18,4.19,4.07,20090,8341892.00,2.93,1.95,0.08,0.69
2020-03-27,4.19,4.23,4.39,4.19,36511,15780420.00,4.78,1.20,0.05,1.25
2020-03-30,4.11,4.02,4.21,4.02,32656,13166212.00,4.49,-4.96,-0.21,1.12
2020-03-31,4.00,3.82,4.06,3.82,41119,15966883.00,5.97,-4.98,-0.20,1.41
2020-04-01,3.68,3.70,3.93,3.68,34429,13024875.00,6.54,-3.14,-0.12,1.18
2020-04-02,3.70,3.71,3.74,3.52,63185,22509478.00,5.95,0.27,0.01,2.16
2020-04-03,3.71,3.90,3.90,3.64,46732,17681864.00,7.01,5.12,0.19,1.60
2020-04-07,4.06,4.00,4.07,3.95,49379,19842053.00,3.08,2.56,0.10,1.69
2020-04-08,3.98,4.03,4.14,3.91,23772,9611122.00,5.75,0.75,0.03,0.81
2020-04-09,4.05,4.07,4.12,3.98,21847,8875874.00,3.47,0.99,0.04,0.75
2020-04-10,4.08,3.96,4.13,3.92,21749,8760633.00,5.16,-2.70,-0.11,0.74
2020-04-13,4.06,4.02,4.15,3.95,40857,16562191.00,5.05,1.52,0.06,1.40
2020-04-14,3.99,3.95,4.02,3.91,26813,10589817.00,2.74,-1.74,-0.07,0.92
2020-04-15,3.87,3.75,3.92,3.75,41258,15730452.00,4.30,-5.06,-0.20,1.41
2020-04-16,3.56,3.61,3.74,3.56,38623,13962357.00,4.80,-3.73,-0.14,1.32
2020-04-17,3.63,3.79,3.79,3.60,33631,12527654.00,5.26,4.99,0.18,1.15
2020-04-20,3.90,3.98,3.98,3.79,27445,10773051.00,5.01,5.01,0.19,0.94
2020-04-21,4.11,4.06,4.18,4.00,61091,25142324.00,4.52,2.01,0.08,2.09
2020-04-22,4.00,3.98,4.00,3.86,31859,12506691.00,3.45,-1.97,-0.08,1.09
2020-04-23,4.00,4.05,4.15,3.98,27010,11029432.00,4.27,1.76,0.07,0.92
2020-04-24,3.98,3.98,4.08,3.96,17286,6925054.00,2.96,-1.73,-0.07,0.59
2020-04-27,3.78,3.78,3.78,3.78,12984,4907952.00,0.00,-5.03,-0.20,0.44
2020-04-28,3.59,3.97,3.97,3.59,67771,25655110.00,10.05,5.03,0.19,2.32
2020-04-29,4.06,3.79,4.17,3.77,122119,49131442.00,10.08,-4.53,-0.18,4.17
2020-04-30,3.60,3.80,3.90,3.60,70980,26773711.00,7.92,0.26,0.01,2.43
2020-05-06,3.93,3.87,3.95,3.77,31274,12126913.00,4.74,1.84,0.07,1.07
2020-05-07,3.93,3.76,3.93,3.69,22033,8316203.00,6.20,-2.84,-0.11,0.75
2020-05-08,3.74,3.76,3.80,3.65,21281,7971662.00,3.99,0.00,0.00,0.73
2020-05-11,3.69,3.76,3.80,3.68,13803,5160663.00,3.19,0.00,0.00,0.47
2020-05-12,3.72,3.70,3.76,3.69,7644,2840254.00,1.86,-1.60,-0.06,0.26
2020-05-13,3.66,3.68,3.69,3.53,28895,10446211.00,4.32,-0.54,-0.02,0.99
2020-05-14,3.62,3.60,3.69,3.58,11484,4154251.00,2.99,-2.17,-0.08,0.39
2020-05-15,3.60,3.56,3.64,3.55,16572,5937040.00,2.50,-1.11,-0.04,0.57
2020-05-18,3.54,3.38,3.54,3.38,35707,12167151.00,4.49,-5.06,-0.18,1.22
2020-05-19,3.38,3.21,3.41,3.21,38006,12345828.00,5.92,-5.03,-0.17,1.30
2020-05-20,3.06,3.05,3.22,3.05,41742,12782809.00,5.30,-4.98,-0.16,1.43
2020-05-21,2.93,2.90,3.02,2.90,30760,8947794.00,3.93,-4.92,-0.15,1.05
2020-05-22,2.76,3.05,3.05,2.76,63854,18194854.00,10.00,5.17,0.15,2.18
2020-05-25,3.12,3.20,3.20,3.10,39584,12541042.00,3.28,4.92,0.15,1.35
2020-05-26,3.32,3.36,3.36,3.30,9735,3247470.00,1.88,5.00,0.16,0.33
2020-05-27,3.53,3.42,3.53,3.40,58575,20351659.00,3.87,1.79,0.06,2.00
2020-05-28,3.40,3.36,3.43,3.29,19219,6456575.00,4.09,-1.75,-0.06,0.66
2020-05-29,3.36,3.53,3.53,3.34,41575,14552310.00,5.65,5.06,0.17,1.42
2020-06-01,3.53,3.53,3.62,3.41,40036,14000967.00,5.95,0.00,0.00,1.37
2020-06-02,3.45,3.40,3.52,3.40,21574,7420080.00,3.40,-3.68,-0.13,0.74
2020-06-03,3.38,3.47,3.49,3.33,23657,8056498.00,4.71,2.06,0.07,0.81
2020-06-04,3.45,3.39,3.47,3.32,16567,5630116.00,4.32,-2.31,-0.08,0.57
2020-06-05,3.22,3.23,3.43,3.22,34299,11209222.00,6.19,-4.72,-0.16,1.17
2020-06-08,3.23,3.13,3.23,3.09,29353,9257457.00,4.33,-3.10,-0.10,1.00
2020-06-09,3.16,3.14,3.19,3.07,17818,5559699.00,3.83,0.32,0.01,0.61
2020-06-10,3.16,3.13,3.16,2.98,22273,6902010.00,5.73,-0.32,-0.01,0.76
2020-06-11,3.13,3.29,3.29,3.11,24028,7817913.00,5.75,5.11,0.16,0.82
2020-06-12,3.29,3.33,3.38,3.23,35198,11630909.00,4.56,1.22,0.04,1.20
2020-06-15,3.45,3.30,3.45,3.26,24573,8197602.00,5.71,-0.90,-0.03,0.84
2020-06-16,3.27,3.27,3.33,3.25,13209,4332922.00,2.42,-0.91,-0.03,0.45
2020-06-17,3.25,3.20,3.27,3.16,17322,5566233.00,3.36,-2.14,-0.07,0.59
2020-06-18,3.18,3.16,3.24,3.15,14297,4548230.00,2.81,-1.25,-0.04,0.49
2020-06-19,3.13,3.13,3.17,3.11,13856,4351279.00,1.90,-0.95,-0.03,0.47
2020-06-22,3.10,3.09,3.12,3.06,17820,5509329.00,1.92,-1.28,-0.04,0.61
2020-06-23,3.09,3.17,3.23,3.09,24567,7826440.00,4.53,2.59,0.08,0.84
2020-06-24,3.16,3.33,3.33,3.16,63617,20836287.00,5.36,5.05,0.16,2.17
2020-06-29,3.33,3.31,3.38,3.23,38660,12788580.00,4.50,-0.60,-0.02,1.32
2020-06-30,3.28,3.30,3.36,3.28,16537,5458118.00,2.42,-0.30,-0.01,0.56
2020-07-01,3.33,3.37,3.46,3.30,25342,8521964.00,4.85,2.12,0.07,0.86
2020-07-02,3.36,3.35,3.38,3.29,23324,7770886.00,2.67,-0.59,-0.02,0.79
2020-07-03,3.38,3.45,3.46,3.33,26227,8826809.00,3.88,2.99,0.10,0.89
2020-07-06,3.38,3.34,3.42,3.30,60907,20482949.00,3.48,-3.19,-0.11,2.06
2020-07-07,3.35,3.32,3.37,3.30,41628,13867141.00,2.10,-0.60,-0.02,1.41
2020-07-08,3.33,3.22,3.34,3.17,45968,14880273.00,5.12,-3.01,-0.10,1.56
2020-07-09,3.22,3.28,3.30,3.21,34041,11085398.00,2.80,1.86,0.06,1.15
2020-07-10,3.29,3.23,3.30,3.23,23748,7732302.00,2.13,-1.52,-0.05,0.80
2020-07-13,3.20,3.24,3.28,3.17,31867,10300613.00,3.41,0.31,0.01,1.08
2020-07-14,3.25,3.26,3.27,3.21,33588,10876464.00,1.85,0.62,0.02,1.14
2020-07-15,3.24,3.17,3.26,3.16,24906,7967550.00,3.07,-2.76,-0.09,0.84
2020-07-16,3.22,3.08,3.22,3.07,22038,6939255.00,4.73,-2.84,-0.09,0.75
2020-07-17,3.08,3.23,3.23,3.03,40613,13022504.00,6.49,4.87,0.15,1.37
2020-07-20,3.25,3.20,3.25,3.15,30923,9898346.00,3.10,-0.93,-0.03,1.05
2020-07-21,3.18,3.15,3.22,3.14,24005,7612753.00,2.50,-1.56,-0.05,0.81
2020-07-22,3.14,3.16,3.21,3.12,18783,5951900.00,2.86,0.32,0.01,0.64
2020-07-23,3.11,3.27,3.32,3.11,47618,15483540.00,6.65,3.48,0.11,1.61
2020-07-24,3.24,3.31,3.42,3.23,51876,17400529.00,5.81,1.22,0.04,1.76
2020-07-27,3.31,3.26,3.44,3.24,28627,9487791.00,6.04,-1.51,-0.05,0.97
2020-07-28,3.18,3.25,3.27,3.18,12759,4119415.00,2.76,-0.31,-0.01,0.43
2020-07-29,3.25,3.26,3.28,3.21,16130,5226864.00,2.15,0.31,0.01,0.55
2020-07-30,3.17,3.24,3.27,3.17,21823,7016701.00,3.07,-0.61,-0.02,0.74
2020-07-31,3.24,3.26,3.31,3.23,17285,5630650.00,2.47,0.62,0.02,0.58
2020-08-03,3.28,3.34,3.34,3.25,37419,12369600.00,2.76,2.45,0.08,1.27
2020-08-04,3.35,3.43,3.49,3.31,61601,21137424.00,5.39,2.69,0.09,2.08
2020-08-05,3.47,3.40,3.49,3.37,29848,10181798.00,3.50,-0.87,-0.03,1.01
2020-08-06,3.30,3.36,3.40,3.30,24937,8352736.00,2.94,-1.18,-0.04,0.84
2020-08-07,3.35,3.28,3.36,3.28,18451,6111310.00,2.38,-2.38,-0.08,0.62
2020-08-10,3.31,3.30,3.37,3.29,18047,5998027.00,2.44,0.61,0.02,0.61
2020-08-11,3.30,3.26,3.33,3.23,16652,5468390.00,3.03,-1.21,-0.04,0.56
2020-08-12,3.24,3.26,3.30,3.22,13425,4367471.00,2.45,0.00,0.00,0.45
2020-08-13,3.27,3.24,3.27,3.23,11202,3644083.00,1.23,-0.61,-0.02,0.38
2020-08-14,3.24,3.21,3.26,3.20,14747,4750664.00,1.85,-0.93,-0.03,0.50
2020-08-17,3.21,3.21,3.24,3.14,23442,7488896.00,3.12,0.00,0.00,0.79
2020-08-18,3.20,3.19,3.21,3.18,16125,5142772.00,0.93,-0.62,-0.02,0.55
2020-08-19,3.19,3.14,3.19,3.13,21234,6711033.00,1.88,-1.57,-0.05,0.72
2020-08-20,3.13,3.17,3.26,3.09,18145,5790244.00,5.41,0.96,0.03,0.61
2020-08-21,3.23,3.15,3.23,3.14,13431,4266744.00,2.84,-0.63,-0.02,0.45
2020-08-24,3.25,3.31,3.31,3.25,19091,6296173.00,1.90,5.08,0.16,0.65
2020-08-25,3.45,3.31,3.45,3.30,42338,14266550.00,4.53,0.00,0.00,1.43
2020-08-26,3.27,3.32,3.40,3.21,29120,9693399.00,5.74,0.30,0.01,0.99
2020-08-27,3.32,3.33,3.36,3.27,14515,4812066.00,2.71,0.30,0.01,0.49
2020-08-28,3.33,3.37,3.37,3.27,19675,6535807.00,3.00,1.20,0.04,0.67
2020-08-31,3.34,3.39,3.47,3.32,31576,10788337.00,4.45,0.59,0.02,1.07
2020-09-01,3.36,3.43,3.44,3.36,15815,5399915.00,2.36,1.18,0.04,0.54
2020-09-02,3.42,3.36,3.42,3.35,17586,5953305.00,2.04,-2.04,-0.07,0.60
2020-09-03,3.40,3.40,3.49,3.37,20726,7098613.00,3.57,1.19,0.04,0.70
2020-09-04,3.37,3.48,3.50,3.35,22698,7836643.00,4.41,2.35,0.08,0.77
2020-09-07,3.49,3.50,3.56,3.45,17589,6144881.00,3.16,0.57,0.02,0.60
2020-09-08,3.45,3.49,3.54,3.44,20949,7279734.00,2.86,-0.29,-0.01,0.71
2020-09-09,3.46,3.36,3.47,3.32,29665,10081410.00,4.30,-3.72,-0.13,1.00
2020-09-10,3.36,3.19,3.38,3.19,36356,11876419.00,5.65,-5.06,-0.17,1.23
2020-09-11,3.18,3.30,3.32,3.14,30705,9939891.00,5.64,3.45,0.11,1.04
2020-09-14,3.25,3.36,3.36,3.25,16738,5564676.00,3.33,1.82,0.06,0.57
2020-09-15,3.39,3.45,3.53,3.36,41859,14532525.00,5.06,2.68,0.09,1.42
2020-09-16,3.44,3.43,3.49,3.40,12542,4305807.00,2.61,-0.58,-0.02,0.42
2020-09-17,3.40,3.38,3.46,3.38,11588,3942719.00,2.33,-1.46,-0.05,0.39
2020-09-18,3.39,3.37,3.42,3.36,12872,4367454.00,1.78,-0.30,-0.01,0.44
2020-09-21,3.20,3.29,3.34,3.20,32801,10692809.00,4.15,-2.37,-0.08,1.11
2020-09-22,3.25,3.25,3.29,3.24,14380,4690190.00,1.52,-1.22,-0.04,0.49
2020-09-23,3.25,3.26,3.31,3.25,13560,4442838.00,1.85,0.31,0.01,0.46
2020-09-24,3.24,3.22,3.28,3.22,6593,2134343.00,1.84,-1.23,-0.04,0.22
2020-09-25,3.25,3.22,3.28,3.21,4500,1453312.00,2.17,0.00,0.00,0.15
2020-09-28,3.35,3.33,3.38,3.29,42050,14159131.00,2.80,3.42,0.11,1.42
2020-09-29,3.30,3.26,3.35,3.26,18266,6026347.00,2.70,-2.10,-0.07,0.62
2020-09-30,3.27,3.30,3.33,3.25,10261,3392145.00,2.45,1.23,0.04,0.35
2020-10-09,3.33,3.29,3.35,3.25,18644,6134425.00,3.03,-0.30,-0.01,0.63
2020-10-12,3.28,3.25,3.28,3.22,32172,10446572.00,1.82,-1.22,-0.04,1.09
2020-10-13,3.23,3.22,3.26,3.20,22560,7287416.00,1.85,-0.92,-0.03,0.76
2020-10-14,3.21,3.19,3.21,3.17,12175,3886452.00,1.24,-0.93,-0.03,0.41
2020-10-15,3.19,3.20,3.24,3.10,15878,5047058.00,4.39,0.31,0.01,0.54
2020-10-16,3.25,3.17,3.25,3.15,8547,2713270.00,3.13,-0.94,-0.03,0.29
2020-10-19,3.17,3.15,3.19,3.13,7126,2246934.00,1.89,-0.63,-0.02,0.24
2020-10-20,3.15,3.12,3.16,3.10,13272,4136542.00,1.90,-0.95,-0.03,0.45
2020-10-21,3.13,3.11,3.17,3.08,7702,2397676.00,2.88,-0.32,-0.01,0.26
2020-10-22,3.11,3.10,3.11,3.09,7078,2191060.00,0.64,-0.32,-0.01,0.24
2020-10-23,3.10,3.11,3.14,3.03,16777,5193743.00,3.55,0.32,0.01,0.57
2020-10-26,3.11,2.98,3.12,2.95,18010,5423771.00,5.47,-4.18,-0.13,0.61
2020-10-27,2.98,2.83,3.01,2.83,25739,7398476.00,6.04,-5.03,-0.15,0.87
2020-10-28,2.83,2.91,2.93,2.76,13794,3941315.00,6.01,2.83,0.08,0.47
2020-10-29,2.89,2.99,3.02,2.88,12796,3800181.00,4.81,2.75,0.08,0.43
2020-10-30,3.14,3.14,3.14,3.14,11399,3579286.00,0.00,5.02,0.15,0.39
2020-11-03,3.30,3.30,3.30,3.25,34245,11295105.00,1.59,5.10,0.16,1.16
2020-11-04,3.40,3.31,3.44,3.30,49784,16771332.00,4.24,0.30,0.01,1.68
2020-11-05,3.27,3.25,3.30,3.21,19248,6239046.00,2.72,-1.81,-0.06,0.65
2020-11-06,3.25,3.16,3.29,3.15,16150,5162484.00,4.31,-2.77,-0.09,0.55
2020-11-09,3.16,3.19,3.26,3.12,12166,3874404.00,4.43,0.95,0.03,0.41
2020-11-10,3.19,3.15,3.19,3.14,10818,3405771.00,1.57,-1.25,-0.04,0.37
2020-11-11,3.00,3.04,3.08,2.99,35510,10708863.00,2.86,-3.49,-0.11,1.20
2020-11-12,2.97,3.07,3.07,2.97,10192,3086653.00,3.29,0.99,0.03,0.34
2020-11-13,3.03,3.01,3.08,3.01,5637,1717803.00,2.28,-1.95,-0.06,0.19
2020-11-16,3.09,3.04,3.10,3.00,8129,2468925.00,3.32,1.00,0.03,0.28
2020-11-17,3.02,3.02,3.05,2.99,8674,2613326.00,1.97,-0.66,-0.02,0.29
2020-11-18,3.04,3.08,3.08,2.99,10836,3275697.00,2.98,1.99,0.06,0.37
2020-11-19,3.07,3.05,3.07,3.03,5651,1721551.00,1.30,-0.97,-0.03,0.19
2020-11-20,3.05,3.03,3.05,3.00,7275,2197868.00,1.64,-0.66,-0.02,0.25
2020-11-23,3.02,2.99,3.05,2.98,14993,4495744.00,2.31,-1.32,-0.04,0.51
2020-11-24,3.02,2.97,3.02,2.94,18015,5352188.00,2.68,-0.67,-0.02,0.61
2020-11-25,2.95,2.99,3.01,2.93,11350,3375569.00,2.69,0.67,0.02,0.38
2020-11-26,2.99,2.98,2.99,2.95,7427,2208186.00,1.34,-0.33,-0.01,0.25
2020-11-27,2.99,3.01,3.02,2.95,8558,2555657.00,2.35,1.01,0.03,0.29
2020-11-30,3.02,3.03,3.06,3.00,14595,4434231.00,1.99,0.66,0.02,0.49
2020-12-01,3.09,3.06,3.09,3.03,6602,2019727.00,1.98,0.99,0.03,0.22
2020-12-02,3.07,3.03,3.07,2.99,11256,3390142.00,2.61,-0.98,-0.03,0.38
2020-12-03,3.00,3.00,3.03,3.00,5006,1504233.00,0.99,-0.99,-0.03,0.17
2020-12-04,2.99,3.00,3.03,2.99,4340,1302293.00,1.33,0.00,0.00,0.15
2020-12-07,3.00,3.05,3.08,2.99,12479,3800342.00,3.00,1.67,0.05,0.42
2020-12-08,3.05,3.20,3.20,3.05,55948,17811492.00,4.92,4.92,0.15,1.89
2020-12-09,3.16,3.10,3.19,3.08,27470,8611133.00,3.44,-3.13,-0.10,0.93
2020-12-10,3.09,3.16,3.16,3.06,14231,4450486.00,3.23,1.94,0.06,0.48
2020-12-11,3.31,3.20,3.32,3.18,49105,16082268.00,4.43,1.27,0.04,1.66
2020-12-14,3.05,3.08,3.21,3.04,25568,7940159.00,5.31,-3.75,-0.12,0.87
2020-12-15,3.08,3.10,3.17,3.01,12845,3963631.00,5.19,0.65,0.02,0.43
2020-12-16,3.10,3.15,3.17,3.07,19272,6049770.00,3.23,1.61,0.05,0.65
2020-12-17,3.26,3.31,3.31,3.20,50477,16644428.00,3.49,5.08,0.16,1.71
2020-12-18,3.38,3.48,3.48,3.30,52641,17805601.00,5.44,5.14,0.17,1.78
2020-12-21,3.58,3.65,3.65,3.50,13538,4884037.00,4.31,4.89,0.17,0.46
2020-12-22,3.83,3.83,3.83,3.83,5866,2246678.00,0.00,4.93,0.18,0.20
2020-12-23,4.02,4.02,4.02,4.02,4279,1720158.00,0.00,4.96,0.19,0.14
2020-12-24,4.22,4.22,4.22,4.22,2453,1035166.00,0.00,4.98,0.20,0.08
2020-12-25,4.43,4.06,4.43,4.01,136753,57952070.00,9.95,-3.79,-0.16,4.63
2020-12-28,3.93,4.26,4.26,3.93,66710,27843716.00,8.13,4.93,0.20,2.26
2020-12-29,4.23,4.27,4.46,4.20,58953,25365302.00,6.10,0.23,0.01,2.00
2020-12-30,4.47,4.48,4.48,4.35,37887,16930089.00,3.04,4.92,0.21,1.28
2020-12-31,4.56,4.51,4.65,4.40,64250,29150593.00,5.58,0.67,0.03,2.47
2021-01-04,4.48,4.45,4.59,4.41,36971,16466461.00,3.99,-1.33,-0.06,1.42
2021-01-05,4.45,4.23,4.46,4.23,55254,23657599.00,5.17,-4.94,-0.22,2.13
2021-01-06,4.23,4.09,4.23,4.02,43310,17711009.00,4.96,-3.31,-0.14,1.67
2021-01-07,4.18,4.29,4.29,4.14,17163,7291896.00,3.67,4.89,0.20,0.66
2021-01-08,4.50,4.50,4.50,4.33,54218,24180339.00,3.96,4.90,0.21,2.09
2021-01-11,4.55,4.28,4.58,4.28,42669,18697514.00,6.67,-4.89,-0.22,1.64
2021-01-12,4.16,4.21,4.29,4.16,20267,8541752.00,3.04,-1.64,-0.07,0.78
2021-01-13,4.16,4.38,4.38,4.16,23779,10184276.00,5.23,4.04,0.17,0.92
2021-01-14,4.37,4.46,4.57,4.23,31913,14044600.00,7.76,1.83,0.08,1.23
2021-01-15,4.46,4.44,4.57,4.38,16545,7383840.00,4.26,-0.45,-0.02,0.64
2021-01-18,4.45,4.33,4.47,4.32,23078,10079087.00,3.38,-2.48,-0.11,0.89
2021-01-19,4.34,4.37,4.40,4.25,15062,6498798.00,3.46,0.92,0.04,0.58
2021-01-20,4.32,4.32,4.39,4.27,16961,7322113.00,2.75,-1.14,-0.05,0.65
2021-01-21,4.36,4.42,4.44,4.27,22576,9872119.00,3.94,2.31,0.10,0.87
2021-01-22,4.42,4.39,4.48,4.36,12619,5555173.00,2.71,-0.68,-0.03,0.49
2021-01-25,4.30,4.38,4.44,4.30,11014,4811940.00,3.19,-0.23,-0.01,0.42
2021-01-26,4.34,4.28,4.37,4.26,17569,7580031.00,2.51,-2.28,-0.10,0.68
2021-01-27,4.23,4.07,4.24,4.07,32303,13297102.00,3.97,-4.91,-0.21,1.24
2021-01-28,3.90,3.87,4.07,3.87,31812,12398790.00,4.91,-4.91,-0.20,1.23
2021-01-29,3.84,4.00,4.06,3.68,34970,13389705.00,9.82,3.36,0.13,1.35
2021-02-01,3.84,3.80,3.95,3.80,20267,7748160.00,3.75,-5.00,-0.20,0.78
2021-02-02,3.80,3.79,3.87,3.74,11015,4193108.00,3.42,-0.26,-0.01,0.42
2021-02-03,3.76,3.75,3.84,3.71,10604,3997446.00,3.43,-1.06,-0.04,0.41
2021-02-04,3.75,3.56,3.82,3.56,19391,6972148.00,6.93,-5.07,-0.19,0.75
2021-02-05,3.40,3.38,3.69,3.38,25713,8779887.00,8.71,-5.06,-0.18,0.99
2021-02-08,3.30,3.33,3.38,3.21,17263,5650901.00,5.03,-1.48,-0.05,0.66
2021-02-09,3.33,3.36,3.40,3.32,7337,2467884.00,2.40,0.90,0.03,0.28
2021-02-10,3.35,3.53,3.53,3.35,15895,5572443.00,5.36,5.06,0.17,0.61
2021-02-18,3.65,3.71,3.71,3.63,10500,3869471.00,2.27,5.10,0.18,0.40
2021-02-19,3.90,3.90,3.90,3.90,1672,652080.00,0.00,5.12,0.19,0.06
2021-02-22,4.10,4.10,4.10,3.97,30106,12328534.00,3.33,5.13,0.20,1.16
2021-02-23,4.20,4.31,4.31,4.10,52579,22239714.00,5.12,5.12,0.21,2.03
2021-02-24,4.49,4.53,4.53,4.27,58205,25626775.00,6.03,5.10,0.22,2.24
2021-02-25,4.51,4.75,4.76,4.40,59095,27270824.00,7.95,4.86,0.22,2.28
2021-02-26,4.62,4.82,4.89,4.62,41130,19817096.00,5.68,1.47,0.07,1.58
2021-03-01,4.89,4.87,4.90,4.62,49908,23829553.00,5.81,1.04,0.05,1.92
2021-03-02,4.92,4.66,4.93,4.65,24327,11542387.00,5.75,-4.31,-0.21,0.94
2021-03-03,4.65,4.88,4.88,4.45,42245,19731470.00,9.23,4.72,0.22,1.63
2021-03-04,4.82,4.81,4.96,4.74,31676,15353977.00,4.51,-1.43,-0.07,1.22
2021-03-05,4.76,4.83,4.87,4.59,31984,15086391.00,5.82,0.42,0.02,1.23
2021-03-08,4.79,4.71,4.82,4.71,16362,7760799.00,2.28,-2.48,-0.12,0.63
2021-03-09,4.71,4.47,4.71,4.47,65670,29512536.00,5.10,-5.10,-0.24,2.53
2021-03-10,4.38,4.25,4.38,4.25,30265,12898288.00,2.91,-4.92,-0.22,1.17
2021-03-11,4.27,4.39,4.46,4.20,38883,17026205.00,6.12,3.29,0.14,1.50
2021-03-12,4.35,4.34,4.39,4.28,19630,8508759.00,2.51,-1.14,-0.05,0.76
2021-03-15,4.27,4.20,4.33,4.12,25387,10630436.00,4.84,-3.23,-0.14,0.98
2021-03-16,4.18,4.21,4.27,4.18,11452,4843506.00,2.14,0.24,0.01,0.44
2021-03-17,4.18,4.28,4.28,4.15,16056,6808286.00,3.09,1.66,0.07,0.62
2021-03-18,4.32,4.49,4.49,4.29,14423,6420379.00,4.67,4.91,0.21,0.56
2021-03-19,4.67,4.42,4.67,4.38,27563,12521459.00,6.46,-1.56,-0.07,1.06
2021-03-22,4.37,4.40,4.52,4.27,13091,5718886.00,5.66,-0.45,-0.02,0.50
2021-03-23,4.41,4.37,4.58,4.32,25076,11187218.00,5.91,-0.68,-0.03,0.97
2021-03-24,4.16,4.26,4.40,4.16,32162,13677077.00,5.49,-2.52,-0.11,1.24
2021-03-25,4.30,4.19,4.30,4.15,12160,5119181.00,3.52,-1.64,-0.07,0.47
2021-03-26,4.16,4.22,4.31,4.16,16105,6810429.00,3.58,0.72,0.03,0.62
2021-03-29,4.22,4.21,4.26,4.18,8218,3461325.00,1.90,-0.24,-0.01,0.32
2021-03-30,4.16,4.22,4.29,4.16,8392,3537495.00,3.09,0.24,0.01,0.32
2021-03-31,4.24,4.43,4.43,4.17,18151,7931562.00,6.16,4.98,0.21,0.70
2021-04-01,4.50,4.37,4.54,4.37,14228,6320680.00,3.84,-1.35,-0.06,0.55
2021-04-02,4.34,4.59,4.59,4.27,42845,19453195.00,7.32,5.03,0.22,1.65
2021-04-06,4.50,4.42,4.59,4.36,36582,16364705.00,5.01,-3.70,-0.17,1.41
2021-04-07,4.33,4.60,4.64,4.33,34442,15676046.00,7.01,4.07,0.18,1.33
2021-04-08,4.52,4.48,4.60,4.45,19069,8615968.00,3.26,-2.61,-0.12,0.73
2021-04-09,4.48,4.39,4.50,4.36,14433,6365206.00,3.13,-2.01,-0.09,0.56
2021-04-13,4.23,4.52,4.60,4.23,39030,17186461.00,8.43,2.96,0.13,1.50
2021-04-14,4.50,4.55,4.64,4.46,26042,11910782.00,3.98,0.66,0.03,1.00
2021-04-15,4.55,4.32,4.64,4.32,62681,27451276.00,7.03,-5.05,-0.23,2.41
2021-04-16,4.37,4.34,4.50,4.23,18731,8190939.00,6.25,0.46,0.02,0.72
2021-04-19,4.16,4.35,4.39,4.16,22251,9582165.00,5.30,0.23,0.01,0.86
2021-04-20,4.35,4.23,4.35,4.22,22429,9563948.00,2.99,-2.76,-0.12,0.86
2021-04-21,4.20,4.28,4.31,4.19,12217,5212056.00,2.84,1.18,0.05,0.47
2021-04-22,4.28,4.33,4.45,4.25,19397,8441070.00,4.67,1.17,0.05,0.75
2021-04-23,4.28,4.35,4.39,4.28,12980,5638735.00,2.54,0.46,0.02,0.50
2021-04-26,4.32,4.21,4.37,4.21,23877,10166426.00,3.68,-3.22,-0.14,0.92
2021-04-27,4.25,4.27,4.31,4.20,14867,6335407.00,2.61,1.43,0.06,0.57
2021-04-28,4.27,4.25,4.28,4.23,9782,4161445.00,1.17,-0.47,-0.02,0.38
2021-04-29,4.22,4.23,4.26,4.09,14495,6075458.00,4.00,-0.47,-0.02,0.56
2021-04-30,4.19,4.27,4.35,4.18,13417,5742091.00,4.02,0.95,0.04,0.52
2021-05-06,4.26,4.30,4.34,4.22,8839,3793989.00,2.81,0.70,0.03,0.34
2021-05-07,4.30,4.42,4.52,4.25,27477,12185251.00,6.28,2.79,0.12,1.06
2021-05-10,4.41,4.43,4.48,4.37,13908,6128354.00,2.49,0.23,0.01,0.54
2021-05-11,4.44,4.39,4.46,4.38,12092,5321063.00,1.81,-0.90,-0.04,0.47
2021-05-12,4.34,4.30,4.35,4.17,29777,12723406.00,4.10,-2.05,-0.09,1.15
2021-05-13,4.25,4.27,4.32,4.24,7662,3274338.00,1.86,-0.70,-0.03,0.30
2021-05-14,4.30,4.27,4.35,4.24,9639,4130712.00,2.58,0.00,0.00,0.37
2021-05-17,4.17,4.08,4.23,4.06,20548,8433445.00,3.98,-4.45,-0.19,0.79
2021-05-18,4.09,4.07,4.11,3.88,15188,6044620.00,5.64,-0.25,-0.01,0.58
2021-05-19,4.02,4.02,4.06,3.96,7874,3152012.00,2.46,-1.23,-0.05,0.30
2021-05-20,4.03,4.00,4.06,3.95,5127,2057568.00,2.74,-0.50,-0.02,0.20
2021-05-21,3.97,4.05,4.12,3.95,11465,4611033.00,4.25,1.25,0.05,0.44
2021-05-24,4.05,4.14,4.21,4.00,12042,4969034.00,5.19,2.22,0.09,0.46
2021-05-25,4.15,4.15,4.21,4.09,6863,2844583.00,2.90,0.24,0.01,0.26
2021-05-26,4.15,4.36,4.36,4.15,22515,9619552.00,5.06,5.06,0.21,0.87
2021-05-27,4.40,4.33,4.46,4.30,16542,7285063.00,3.67,-0.69,-0.03,0.64
2021-05-28,4.32,4.32,4.38,4.25,12482,5389607.00,3.00,-0.23,-0.01,0.48
2021-05-31,4.34,4.31,4.34,4.27,8410,3616722.00,1.62,-0.23,-0.01,0.32
2021-06-01,4.31,4.34,4.34,4.25,9285,3983537.00,2.09,0.70,0.03,0.36
2021-06-02,4.34,4.37,4.52,4.34,11629,5126388.00,4.15,0.69,0.03,0.45
2021-06-03,4.43,4.39,4.43,4.33,9279,4068014.00,2.29,0.46,0.02,0.36
2021-06-04,4.40,4.37,4.42,4.30,10220,4435212.00,2.73,-0.46,-0.02,0.39
2021-06-07,4.37,4.27,4.37,4.22,13363,5700873.00,3.43,-2.29,-0.10,0.51
2021-06-08,4.25,4.46,4.48,4.23,27471,12011306.00,5.85,4.45,0.19,1.06
2021-06-09,4.41,4.42,4.48,4.38,17803,7891232.00,2.24,-0.90,-0.04,0.69
2021-06-10,4.40,4.38,4.41,4.32,12209,5334734.00,2.04,-0.90,-0.04,0.47
2021-06-11,4.36,4.44,4.50,4.30,16227,7167876.00,4.57,1.37,0.06,0.62
2021-06-15,4.38,4.54,4.66,4.37,31379,14349416.00,6.53,2.25,0.10,1.21
2021-06-16,4.54,4.44,4.66,4.41,16374,7385363.00,5.51,-2.20,-0.10,0.63
2021-06-17,4.37,4.35,4.39,4.28,13112,5704561.00,2.48,-2.03,-0.09,0.51
2021-06-18,4.33,4.35,4.40,4.31,7631,3309118.00,2.07,0.00,0.00,0.29
2021-06-21,4.31,4.30,4.35,4.26,19192,8251443.00,2.07,-1.15,-0.05,0.74
2021-06-22,4.29,4.27,4.34,4.26,8416,3604008.00,1.86,-0.70,-0.03,0.32
2021-06-23,4.27,4.38,4.45,4.27,18398,8079716.00,4.22,2.58,0.11,0.71
2021-06-24,4.38,4.34,4.42,4.32,9618,4182553.00,2.28,-0.91,-0.04,0.37
2021-06-25,4.34,4.38,4.41,4.30,14501,6319966.00,2.53,0.92,0.04,0.56
2021-06-28,4.38,4.33,4.41,4.32,12663,5537587.00,2.05,-1.14,-0.05,0.49
2021-06-29,4.32,4.30,4.39,4.29,8337,3606568.00,2.31,-0.69,-0.03,0.32
2021-06-30,4.35,4.28,4.35,4.25,9295,3976069.00,2.33,-0.47,-0.02,0.36
2021-07-01,4.30,4.23,4.35,4.21,13813,5899197.00,3.27,-1.17,-0.05,0.53
2021-07-02,4.22,4.22,4.28,4.20,9078,3842330.00,1.89,-0.24,-0.01,0.35
2021-07-05,4.28,4.29,4.32,4.23,7887,3375900.00,2.13,1.66,0.07,0.30
2021-07-06,4.30,4.39,4.45,4.27,15366,6720194.00,4.20,2.33,0.10,0.59
2021-07-07,4.33,4.33,4.39,4.27,16146,6965661.00,2.73,-1.37,-0.06,0.62
2021-07-08,4.33,4.29,4.33,4.27,9346,4021223.00,1.39,-0.92,-0.04,0.36
2021-07-09,4.29,4.29,4.32,4.24,12445,5315322.00,1.86,0.00,0.00,0.48
2021-07-12,4.30,4.26,4.34,4.25,8481,3624264.00,2.10,-0.70,-0.03,0.33
2021-07-13,4.26,4.26,4.30,4.23,11871,5066440.00,1.64,0.00,0.00,0.46
2021-07-14,4.24,4.23,4.30,4.20,11920,5049680.00,2.35,-0.70,-0.03,0.46
2021-07-15,4.25,4.16,4.30,4.10,28237,11838641.00,4.73,-1.65,-0.07,1.09
2021-07-16,4.16,4.26,4.30,4.08,17797,7495326.00,5.29,2.40,0.10,0.69
