2016-12-14,27.96,27.96,27.96,27.96,18,50999.00,0.00,9.99,2.54,0.01
2016-12-15,30.76,30.76,30.76,30.76,17,52292.00,0.00,10.01,2.80,0.01
2016-12-16,33.84,33.84,33.84,33.84,37,125715.00,0.00,10.01,3.08,0.02
2016-12-19,37.22,37.22,37.22,37.22,35,130270.00,0.00,9.99,3.38,0.02
2016-12-20,40.94,40.94,40.94,40.94,48,196512.00,0.00,9.99,3.72,0.03
2016-12-21,45.03,45.03,45.03,45.03,52,234156.00,0.00,9.99,4.09,0.03
2016-12-22,49.53,49.53,49.53,49.53,77,381381.00,0.00,9.99,4.50,0.04
2016-12-23,54.48,54.48,54.48,54.48,150,817200.00,0.00,9.99,4.95,0.08
2016-12-26,59.93,59.93,59.93,59.93,588,3523884.00,0.00,10.00,5.45,0.31
2016-12-27,65.92,65.92,65.92,65.92,646,4258432.00,0.00,9.99,5.99,0.34
2016-12-28,72.51,72.51,72.51,72.51,3880,28133299.00,0.00,10.00,6.59,2.04
2016-12-29,73.11,73.80,78.00,71.03,118301,875263040.00,9.61,1.78,1.29,62.26
2016-12-30,72.59,67.95,73.74,67.77,79490,558696144.00,8.09,-7.93,-5.85,41.84
2017-01-03,68.50,69.88,71.80,68.05,52479,366893504.00,5.52,2.84,1.93,27.62
2017-01-04,70.77,71.15,72.52,69.72,41928,298315200.00,4.01,1.82,1.27,22.07
2017-01-05,70.42,69.90,71.75,69.88,34236,241794912.00,2.63,-1.76,-1.25,18.02
2017-01-06,68.95,65.59,69.50,65.53,41879,282123920.00,5.68,-6.17,-4.31,22.04
2017-01-09,64.08,66.42,67.97,64.01,23081,152868940.00,6.04,1.27,0.83,12.15
2017-01-10,66.61,73.06,73.06,66.60,33618,239454421.00,9.73,10.00,6.64,17.69
2017-01-11,73.80,69.10,73.82,69.10,49800,356020384.00,6.46,-5.42,-3.96,26.21
2017-01-12,70.91,72.35,74.00,70.01,46049,333909552.00,5.77,4.70,3.25,24.24
2017-01-13,70.51,67.70,70.88,66.45,40410,275561680.00,6.12,-6.43,-4.65,21.27
2017-01-16,66.80,69.60,69.96,64.31,32834,222749479.00,8.35,2.81,1.90,17.28
2017-01-17,68.40,74.53,76.56,67.20,55960,406545472.00,13.45,7.08,4.93,29.45
2017-01-18,73.01,72.90,73.40,70.82,39471,284718976.00,3.46,-2.19,-1.63,20.77
2017-01-19,71.53,71.39,73.99,68.51,35088,250497730.00,7.52,-2.07,-1.51,18.47
2017-01-20,70.01,75.08,78.48,69.32,40719,304423760.00,12.83,5.17,3.69,21.43
2017-01-23,76.49,77.30,81.30,75.67,38263,298599168.00,7.50,2.96,2.22,20.14
2017-01-24,77.62,75.68,78.70,75.02,25297,192881722.00,4.76,-2.10,-1.62,13.31
2017-01-25,75.68,78.85,80.36,75.18,31070,242994210.00,6.84,4.19,3.17,16.35
2017-01-26,78.86,79.00,81.20,77.68,19688,155731423.00,4.46,0.19,0.15,10.36
2017-02-03,78.35,75.90,78.97,75.50,21396,164106014.00,4.39,-3.92,-3.10,11.26
2017-02-06,75.88,77.78,77.78,74.80,23022,176096003.00,3.93,2.48,1.88,12.12
2017-02-07,77.25,76.00,77.68,73.52,25882,196239061.00,5.35,-2.29,-1.78,13.62
2017-02-08,75.39,79.80,79.90,74.41,29183,226724021.00,7.22,5.00,3.80,15.36
2017-02-09,79.06,79.95,80.80,78.10,23947,189786649.00,3.38,0.19,0.15,12.60
2017-02-10,81.00,77.90,83.63,77.77,29167,234572682.00,7.33,-2.56,-2.05,15.35
2017-02-13,76.37,78.85,80.01,76.28,20894,163783399.00,4.79,1.22,0.95,11.00
2017-02-14,78.65,78.70,80.20,77.88,17660,139208043.00,2.94,-0.19,-0.15,9.29
2017-02-15,78.11,77.88,80.80,77.15,27739,218554579.00,4.64,-1.04,-0.82,14.60
2017-02-16,77.10,74.38,77.50,74.30,27960,211830257.00,4.11,-4.49,-3.50,14.72
2017-02-17,74.11,71.50,74.95,70.45,27342,197873657.00,6.05,-3.87,-2.88,14.39
2017-02-20,71.50,70.50,71.97,68.00,22598,156799064.00,5.55,-1.40,-1.00,11.89
2017-02-21,70.79,72.52,72.88,70.15,17034,122479826.00,3.87,2.87,2.02,8.97
2017-02-22,72.47,71.54,72.80,70.01,15063,107666149.00,3.85,-1.35,-0.98,7.93
2017-02-23,71.67,72.22,72.67,70.81,15791,113627259.00,2.60,0.95,0.68,8.31
2017-02-24,72.20,75.80,75.86,71.60,25884,192759840.00,5.90,4.96,3.58,13.62
2017-02-27,74.60,74.20,75.77,73.78,14927,111459963.00,2.63,-2.11,-1.60,7.86
2017-02-28,74.20,75.70,76.60,74.05,15755,118639132.00,3.44,2.02,1.50,8.29
2017-03-01,75.53,74.50,77.87,74.44,21412,163256017.00,4.53,-1.59,-1.20,11.27
2017-03-02,74.55,75.45,76.55,73.52,16875,126812381.00,4.07,1.28,0.95,8.88
2017-03-03,75.39,78.97,79.75,74.71,28058,218609106.00,6.68,4.67,3.52,14.77
2017-03-06,78.80,86.36,86.87,78.58,41081,346405472.00,10.50,9.36,7.39,21.62
2017-03-07,86.00,84.56,86.57,83.50,29669,251736942.00,3.55,-2.08,-1.80,15.62
2017-03-08,87.20,85.30,91.35,84.11,47792,418645632.00,8.56,0.88,0.74,25.15
2017-03-09,84.12,85.46,88.47,83.90,32968,283802112.00,5.36,0.19,0.16,17.35
2017-03-10,84.88,85.70,87.50,83.60,26978,231283856.00,4.56,0.28,0.24,14.20
2017-03-13,86.70,90.35,91.97,86.10,37688,335471552.00,6.85,5.43,4.65,19.84
2017-03-14,90.00,91.17,92.18,88.63,29154,263375296.00,3.93,0.91,0.82,15.34
2017-03-15,89.66,89.30,91.00,88.88,21189,190254728.00,2.33,-2.05,-1.87,11.15
2017-03-16,89.08,90.52,92.00,89.05,23105,209367565.00,3.30,1.37,1.22,12.16
2017-03-17,90.40,91.91,95.33,90.00,37085,343245184.00,5.89,1.54,1.39,19.52
2017-03-20,91.00,96.74,97.49,90.60,30572,289238928.00,7.50,5.26,4.83,16.09
2017-03-21,96.74,96.40,97.77,94.08,23041,220878391.00,3.81,-0.35,-0.34,12.13
2017-03-22,95.25,100.95,101.98,95.25,29334,292049568.00,6.98,4.72,4.55,15.44
2017-03-23,101.10,99.96,102.87,96.80,30508,304399872.00,6.01,-0.98,-0.99,16.06
2017-03-24,99.01,98.09,100.58,97.04,20152,198865277.00,3.54,-1.87,-1.87,10.61
2017-03-27,98.30,98.49,100.00,96.16,16726,164045979.00,3.91,0.41,0.40,8.80
2017-03-28,97.97,96.13,101.20,96.10,19755,195537389.00,5.18,-2.40,-2.36,10.40
2017-03-29,94.68,91.77,95.30,90.81,25719,238402851.00,4.67,-4.54,-4.36,13.54
2017-03-30,91.45,87.87,91.47,86.00,21719,192868009.00,5.96,-4.25,-3.90,11.43
2017-03-31,88.40,88.05,90.30,87.02,18386,162938369.00,3.73,0.20,0.18,9.68
2017-04-05,85.01,92.40,92.88,85.01,19890,179839218.00,8.94,4.94,4.35,10.47
2017-04-06,92.18,92.66,93.50,91.25,14352,132780332.00,2.44,0.28,0.26,7.55
2017-04-07,94.47,94.18,98.45,94.00,26318,254443320.00,4.80,1.64,1.52,13.85
2017-04-10,90.02,88.45,92.63,86.12,26498,237445525.00,6.91,-6.08,-5.73,13.95
2017-04-11,88.20,93.81,93.81,87.35,19974,181222493.00,7.30,6.06,5.36,10.51
2017-04-12,93.11,90.00,95.95,87.99,23253,212180201.00,8.49,-4.06,-3.81,12.24
2017-04-13,44.21,42.50,45.43,40.68,45084,195001914.00,5.28,-52.78,-47.50,11.86
2017-04-14,42.00,44.00,45.66,41.18,47381,207973620.00,10.54,3.53,1.50,12.47
2017-04-17,40.01,41.08,43.49,39.66,38545,159293166.00,8.70,-6.64,-2.92,10.14
2017-04-18,40.35,37.90,41.36,36.97,52241,202490560.00,10.69,-7.74,-3.18,13.75
2017-04-19,38.29,38.70,39.04,36.70,28971,110212768.00,6.17,2.11,0.80,7.62
2017-04-20,38.41,37.01,38.88,35.33,32711,121250751.00,9.17,-4.37,-1.69,8.61
2017-04-21,36.70,36.45,37.29,36.40,16413,60312208.00,2.40,-1.51,-0.56,4.32
2017-04-24,35.89,37.00,37.29,34.02,22983,81870065.00,8.97,1.51,0.55,6.05
2017-04-25,36.88,37.51,37.84,36.60,21587,80651594.00,3.35,1.38,0.51,5.68
2017-04-26,37.19,37.33,38.12,37.01,21230,79958549.00,2.96,-0.48,-0.18,5.59
2017-04-27,36.10,38.45,38.56,35.90,30418,113365878.00,7.13,3.00,1.12,8.00
2017-04-28,38.10,39.70,39.81,38.08,28067,110018624.00,4.50,3.25,1.25,7.39
2017-05-02,39.35,38.75,39.68,38.38,22417,87367499.00,3.27,-2.39,-0.95,5.90
2017-05-03,38.71,40.40,40.42,38.25,34402,135838990.00,5.60,4.26,1.65,9.05
2017-05-04,39.92,39.16,40.25,38.51,24920,97959589.00,4.31,-3.07,-1.24,6.56
2017-05-05,38.98,37.50,39.27,37.41,21538,82310945.00,4.75,-4.24,-1.66,5.67
2017-05-08,37.00,35.60,37.09,34.58,20152,72821280.00,6.69,-5.07,-1.90,5.30
2017-05-09,35.49,35.88,36.36,35.00,12704,45370151.00,3.82,0.79,0.28,3.34
2017-05-10,35.89,33.60,36.55,33.40,21130,74119430.00,8.78,-6.35,-2.28,5.56
2017-05-11,33.50,33.70,33.86,32.07,18263,60445242.00,5.33,0.30,0.10,4.81
2017-05-12,33.72,33.30,34.00,32.70,11289,37647467.00,3.86,-1.19,-0.40,2.97
2017-05-15,33.30,34.11,34.50,33.30,16931,57527242.00,3.60,2.43,0.81,4.46
2017-05-16,33.78,34.84,34.96,32.85,17535,59575771.00,6.19,2.14,0.73,4.61
2017-05-17,34.51,35.40,36.00,34.51,18617,66075542.00,4.28,1.61,0.56,4.90
2017-05-18,35.10,34.40,35.33,34.30,12471,43425619.00,2.91,-2.82,-1.00,3.28
2017-05-19,34.58,32.60,34.79,32.56,17981,60163272.00,6.48,-5.23,-1.80,4.73
2017-05-22,32.32,30.10,32.49,30.03,33780,105170979.00,7.55,-7.67,-2.50,8.89
2017-05-23,30.13,30.04,30.80,28.96,22735,67830871.00,6.11,-0.20,-0.06,5.98
2017-05-24,29.51,30.00,30.15,29.09,11961,35587269.00,3.53,-0.13,-0.04,3.15
2017-05-25,30.00,30.70,30.85,29.35,15700,47278253.00,5.00,2.33,0.70,4.13
2017-05-26,30.52,30.80,31.26,30.52,11431,35272287.00,2.41,0.33,0.10,3.01
2017-05-31,31.50,30.82,32.12,30.67,19065,60223357.00,4.71,0.06,0.02,5.02
2017-06-01,30.35,29.47,30.62,29.47,16476,49741555.00,3.73,-4.38,-1.35,4.34
2017-06-02,29.42,30.69,30.95,28.81,13712,40814054.00,7.26,4.14,1.22,3.61
2017-06-05,30.95,31.83,31.95,30.80,15246,48219831.00,3.75,3.71,1.14,4.01
2017-06-06,31.65,31.88,32.14,31.39,9523,30343012.00,2.36,0.16,0.05,2.51
2017-06-07,31.88,33.89,34.43,31.80,22054,73382069.00,8.25,6.30,2.01,5.80
2017-06-08,33.72,34.16,34.99,33.71,24155,83047228.00,3.78,0.80,0.27,6.36
2017-06-09,33.69,33.68,34.45,33.30,16365,55058360.00,3.37,-1.41,-0.48,4.31
2017-06-12,32.93,32.38,33.58,32.29,10004,32964243.00,3.83,-3.86,-1.30,2.63
2017-06-13,32.43,33.49,33.98,32.39,15579,52025012.00,4.91,3.43,1.11,4.10
2017-06-14,33.42,33.43,33.95,33.34,10487,35267208.00,1.82,-0.18,-0.06,2.76
2017-06-15,33.42,34.15,34.77,32.80,14303,48863520.00,5.89,2.15,0.72,3.76
2017-06-16,34.20,33.79,34.36,33.33,13618,46008092.00,3.02,-1.05,-0.36,3.58
2017-06-19,33.88,33.56,34.08,33.18,10035,33694575.00,2.66,-0.68,-0.23,2.64
2017-06-20,33.88,33.62,34.30,33.56,8728,29551915.00,2.21,0.18,0.06,2.30
2017-06-21,33.90,33.62,34.80,33.50,22805,77715768.00,3.87,0.00,0.00,6.00
2017-06-22,33.52,32.00,33.94,32.00,15539,51599038.00,5.77,-4.82,-1.62,4.09
2017-06-23,32.30,32.25,32.30,31.12,13437,42703870.00,3.69,0.78,0.25,3.54
2017-06-26,32.15,32.90,33.79,32.11,11772,38660613.00,5.21,2.02,0.65,3.10
2017-06-27,33.15,33.10,33.98,32.94,16586,55564902.00,3.16,0.61,0.20,4.36
2017-06-28,33.88,34.02,35.50,33.40,27286,93716567.00,6.34,2.78,0.92,7.18
2017-06-29,33.84,33.39,34.09,33.33,14004,47044404.00,2.23,-1.85,-0.63,3.69
2017-06-30,32.80,32.99,33.44,32.80,12184,40240937.00,1.92,-1.20,-0.40,3.21
2017-07-03,33.11,33.89,33.96,32.71,12632,42125518.00,3.79,2.73,0.90,3.32
2017-07-04,33.83,34.45,34.48,33.54,12067,40946157.00,2.77,1.65,0.56,3.18
2017-07-05,34.20,34.75,35.05,34.18,16401,56895091.00,2.53,0.87,0.30,4.32
2017-07-06,34.78,34.51,34.97,34.15,12673,43710184.00,2.36,-0.69,-0.24,3.33
2017-07-07,34.36,35.21,35.21,34.28,16271,56785416.00,2.69,2.03,0.70,4.28
2017-07-10,35.03,33.73,35.53,33.68,16047,55264165.00,5.25,-4.20,-1.48,4.22
2017-07-11,33.79,32.94,33.80,32.75,8657,28777517.00,3.11,-2.34,-0.79,2.28
2017-07-12,32.96,33.82,34.02,31.80,12554,41311615.00,6.74,2.67,0.88,3.30
2017-07-13,33.79,34.16,34.48,33.10,11189,37917933.00,4.08,1.01,0.34,2.94
2017-07-14,34.00,33.23,34.16,33.20,8721,29265506.00,2.81,-2.72,-0.93,2.30
2017-07-17,32.98,30.03,32.98,30.00,13946,43548070.00,8.97,-9.63,-3.20,3.67
2017-07-18,30.12,30.90,31.10,29.58,12219,37354380.00,5.06,2.90,0.87,3.22
2017-07-19,30.87,30.40,30.87,29.70,9021,27343094.00,3.79,-1.62,-0.50,2.37
2017-07-20,30.40,29.95,30.83,29.81,9567,28996868.00,3.36,-1.48,-0.45,2.52
2017-07-21,29.90,30.55,30.55,29.70,8131,24500281.00,2.84,2.00,0.60,2.14
2017-07-24,30.55,30.80,31.23,30.00,7298,22383397.00,4.03,0.82,0.25,1.92
2017-07-25,30.78,30.78,30.98,30.41,6287,19313999.00,1.85,-0.06,-0.02,1.65
2017-07-26,30.98,30.91,31.12,30.61,6503,20066697.00,1.66,0.42,0.13,1.71
2017-07-27,30.90,31.46,31.60,30.62,11392,35668188.00,3.17,1.78,0.55,3.00
2017-07-28,31.23,31.36,31.65,31.16,7149,22430408.00,1.56,-0.32,-0.10,1.88
2017-07-31,31.36,31.55,31.58,31.31,6520,20507946.00,0.86,0.61,0.19,1.72
2017-08-01,31.05,31.50,31.97,31.05,5982,18804483.00,2.92,-0.16,-0.05,1.57
2017-08-02,31.40,31.15,31.47,31.00,8769,27331873.00,1.49,-1.11,-0.35,2.31
2017-08-03,31.01,30.96,31.56,30.85,6618,20615665.00,2.28,-0.61,-0.19,1.74
2017-08-04,30.70,31.48,31.97,30.70,13998,43979762.00,4.10,1.68,0.52,3.68
2017-08-07,31.30,31.10,31.50,31.00,6829,21319876.00,1.59,-1.21,-0.38,1.80
2017-08-08,31.45,32.28,32.28,31.12,20568,65640287.00,3.73,3.79,1.18,5.41
2017-08-09,31.96,31.71,31.96,31.60,9495,30193464.00,1.12,-1.77,-0.57,2.50
2017-08-10,31.83,31.30,32.15,31.20,8962,28200384.00,3.00,-1.29,-0.41,2.36
2017-08-11,31.01,30.96,31.61,30.78,6562,20407099.00,2.65,-1.09,-0.34,1.73
2017-08-14,30.59,31.24,31.34,30.59,4563,14223665.00,2.42,0.90,0.28,1.20
2017-08-15,31.83,30.93,31.83,30.84,8480,26423560.00,3.17,-0.99,-0.31,2.23
2017-08-16,30.80,31.36,31.53,30.70,7811,24384070.00,2.68,1.39,0.43,2.06
2017-08-17,31.36,31.55,31.64,31.05,8625,27140305.00,1.88,0.61,0.19,2.27
2017-08-18,31.51,31.16,31.51,30.96,8173,25445900.00,1.74,-1.24,-0.39,2.15
2017-08-21,31.10,31.30,31.45,31.00,8598,26834903.00,1.44,0.45,0.14,2.26
2017-08-22,31.30,31.88,31.90,31.10,14431,45577123.00,2.56,1.85,0.58,3.80
2017-08-23,31.60,31.30,31.85,31.07,9227,28963217.00,2.45,-1.82,-0.58,2.43
2017-08-24,31.00,30.70,31.27,30.03,14940,45812721.00,3.96,-1.92,-0.60,3.93
2017-08-25,30.70,31.70,31.75,30.11,17023,53051307.00,5.34,3.26,1.00,4.48
2017-08-28,31.70,32.45,32.68,31.40,20832,66943903.00,4.04,2.37,0.75,5.48
2017-08-29,32.45,32.03,32.47,31.80,13506,43366285.00,2.06,-1.29,-0.42,3.55
2017-08-30,32.02,32.30,32.49,31.81,11216,36154232.00,2.12,0.84,0.27,2.95
2017-08-31,32.31,32.88,33.14,32.02,18774,61256982.00,3.47,1.80,0.58,4.94
2017-09-01,32.98,33.01,33.44,32.70,14608,48317277.00,2.25,0.40,0.13,3.84
2017-09-04,33.50,33.12,33.50,32.90,17145,56817191.00,1.82,0.33,0.11,4.51
2017-09-05,33.10,32.91,33.20,32.63,13499,44421211.00,1.72,-0.63,-0.21,3.55
2017-09-06,32.66,32.90,32.99,32.20,12009,39151834.00,2.40,-0.03,-0.01,3.16
2017-09-07,33.56,36.19,36.19,33.56,35990,127372852.00,7.99,10.00,3.29,9.47
2017-09-08,37.10,37.97,38.26,36.28,78643,292265552.00,5.47,4.92,1.78,20.70
2017-09-11,37.06,37.16,37.39,36.40,32648,120572596.00,2.61,-2.13,-0.81,8.59
2017-09-12,36.82,35.90,37.14,35.88,30759,112077445.00,3.39,-3.39,-1.26,8.09
2017-09-13,35.61,36.11,36.18,35.35,19727,70415789.00,2.31,0.58,0.21,5.19
2017-09-14,35.76,35.50,36.10,35.31,12954,46206958.00,2.19,-1.69,-0.61,3.41
2017-09-15,35.25,35.69,35.80,35.23,13827,49062782.00,1.61,0.54,0.19,3.64
2017-09-18,35.69,36.03,36.70,35.55,16719,60315639.00,3.22,0.95,0.34,4.40
2017-09-19,36.19,35.14,36.46,34.82,20170,71252032.00,4.55,-2.47,-0.89,5.31
2017-09-20,34.60,35.27,35.44,34.60,13466,47299151.00,2.39,0.37,0.13,3.54
2017-09-21,35.34,34.70,35.39,34.67,13596,47707362.00,2.04,-1.62,-0.57,3.58
2017-09-22,34.86,36.20,36.40,34.51,33321,118747063.00,5.45,4.32,1.50,8.77
2017-09-25,36.36,37.30,39.68,36.20,56561,214007624.00,9.61,3.04,1.10,14.88
2017-09-26,37.40,41.03,41.03,36.70,102212,401127552.00,11.61,10.00,3.73,26.90
2017-09-27,39.20,40.20,41.10,38.00,82538,325073488.00,7.56,-2.02,-0.83,21.72
2017-09-28,39.12,38.58,40.10,38.36,54676,213995526.00,4.33,-4.03,-1.62,14.39
2017-09-29,38.58,38.43,39.50,37.81,44787,172843642.00,4.38,-0.39,-0.15,11.79
2017-10-09,38.92,38.80,39.10,38.22,34139,131953285.00,2.29,0.96,0.37,8.98
2017-10-10,38.70,40.30,40.40,37.91,48930,191706401.00,6.42,3.87,1.50,12.88
2017-10-11,39.88,38.30,40.71,38.30,39022,153844715.00,5.98,-4.96,-2.00,10.27
2017-10-12,37.81,38.29,38.80,37.30,27029,102923832.00,3.92,-0.03,-0.01,7.11
2017-10-13,37.95,37.94,38.18,37.60,16185,61306190.00,1.51,-0.91,-0.35,4.26
2017-10-16,37.55,35.72,37.76,34.21,38768,139511168.00,9.36,-5.85,-2.22,10.20
2017-10-17,35.34,34.80,35.47,34.69,16344,57241849.00,2.18,-2.58,-0.92,4.30
2017-10-18,34.80,35.25,35.50,34.40,17327,60733799.00,3.16,1.29,0.45,4.56
2017-10-19,35.10,33.92,35.14,33.92,16095,55055864.00,3.46,-3.77,-1.33,4.24
2017-10-20,33.67,34.20,34.27,33.66,10545,35838825.00,1.80,0.83,0.28,2.77
2017-10-23,34.21,34.66,34.88,34.17,9905,34148332.00,2.08,1.35,0.46,2.61
2017-10-24,34.66,34.49,34.74,33.70,11531,39397620.00,3.00,-0.49,-0.17,3.03
2017-10-25,34.25,34.28,34.55,33.86,11751,40197084.00,2.00,-0.61,-0.21,3.09
2017-10-26,34.11,35.09,35.09,34.10,14890,51588177.00,2.89,2.36,0.81,3.92
2017-10-27,35.60,35.10,36.60,35.08,19521,69843576.00,4.33,0.03,0.01,5.14
2017-10-30,34.20,32.25,34.85,32.00,22563,74504129.00,8.12,-8.12,-2.85,5.94
2017-10-31,32.15,32.25,32.78,31.80,12901,41588265.00,3.04,0.00,0.00,3.40
2017-11-01,32.28,32.59,32.78,32.19,10530,34198535.00,1.83,1.05,0.34,2.77
2017-11-02,32.65,31.59,32.65,31.58,10720,34299174.00,3.28,-3.07,-1.00,2.82
2017-11-03,31.40,30.62,31.83,30.40,13275,41065710.00,4.53,-3.07,-0.97,3.49
2017-11-06,31.83,31.33,31.83,30.85,9762,30472763.00,3.20,2.32,0.71,2.57
2017-11-07,31.14,31.21,31.48,30.62,12990,40229635.00,2.74,-0.38,-0.12,3.42
2017-11-08,31.15,31.62,31.86,31.10,17824,56358608.00,2.44,1.31,0.41,4.69
2017-11-09,31.40,31.64,31.74,31.32,12308,38871455.00,1.33,0.06,0.02,3.24
2017-11-10,31.63,31.97,31.99,31.50,15802,50231643.00,1.55,1.04,0.33,4.16
2017-11-13,31.92,31.51,31.92,31.48,15581,49252860.00,1.38,-1.44,-0.46,4.10
2017-11-14,31.41,31.73,32.40,30.61,20913,65787779.00,5.68,0.70,0.22,5.50
2017-11-15,31.49,30.74,31.49,30.70,13362,41449068.00,2.49,-3.12,-0.99,3.52
2017-11-16,30.59,30.33,30.67,30.05,9550,28984409.00,2.02,-1.33,-0.41,2.51
2017-11-17,30.03,27.68,30.30,27.45,21385,61485704.00,9.40,-8.74,-2.65,5.63
2017-11-20,27.10,27.45,27.70,26.62,11201,30410906.00,3.90,-0.83,-0.23,2.95
2017-11-21,27.45,26.43,27.70,26.00,21178,56387659.00,6.19,-3.72,-1.02,5.57
2017-11-22,26.47,26.77,27.26,26.36,12991,34858321.00,3.41,1.29,0.34,3.42
2017-11-23,26.77,26.37,26.93,26.25,9682,25695035.00,2.54,-1.49,-0.40,2.55
2017-11-24,26.38,26.33,26.97,26.18,7511,19982599.00,3.00,-0.15,-0.04,1.98
2017-11-27,26.39,26.70,27.22,26.25,10649,28578789.00,3.68,1.41,0.37,2.80
2017-11-28,26.78,27.32,27.48,26.70,7712,20934793.00,2.92,2.32,0.62,2.03
2017-11-29,27.33,27.06,27.50,26.80,6921,18716369.00,2.56,-0.95,-0.26,1.82
2017-11-30,27.09,26.95,27.20,26.66,6586,17736959.00,2.00,-0.41,-0.11,1.73
2017-12-01,27.25,27.00,27.30,26.68,5408,14660747.00,2.30,0.19,0.05,1.42
2017-12-04,27.05,26.13,27.10,26.10,8276,21838290.00,3.70,-3.22,-0.87,2.18
2017-12-05,26.03,24.99,26.62,24.86,9759,25016088.00,6.74,-4.36,-1.14,2.57
2017-12-06,25.00,25.25,25.36,24.74,6047,15110765.00,2.48,1.04,0.26,1.59
2017-12-07,25.01,25.67,26.11,25.01,7171,18393861.00,4.36,1.66,0.42,1.89
2017-12-08,25.91,26.78,26.94,25.90,12637,33523627.00,4.05,4.32,1.11,3.33
2017-12-11,26.44,26.80,26.94,26.44,8852,23646317.00,1.87,0.07,0.02,2.33
2017-12-12,26.45,26.36,26.77,26.25,6814,17993102.00,1.94,-1.64,-0.44,1.79
2017-12-13,26.36,26.23,26.45,26.07,5012,13144376.00,1.44,-0.49,-0.13,1.32
2017-12-14,26.50,28.40,28.85,26.30,31735,88809237.00,9.72,8.27,2.17,5.37
2017-12-15,27.93,27.94,28.28,27.42,18953,52755020.00,3.03,-1.62,-0.46,3.21
2017-12-18,27.60,27.20,27.91,27.10,9316,25642338.00,2.90,-2.65,-0.74,1.58
2017-12-19,27.29,27.32,27.72,27.16,8589,23500490.00,2.06,0.44,0.12,1.45
2017-12-20,27.21,26.53,27.37,26.51,7698,20619383.00,3.15,-2.89,-0.79,1.30
2017-12-21,26.29,25.55,26.29,25.30,19924,51039370.00,3.73,-3.69,-0.98,3.37
2017-12-22,25.38,25.80,25.80,25.38,8788,22561029.00,1.64,0.98,0.25,1.49
2017-12-25,25.70,26.41,26.84,25.70,9674,25607506.00,4.42,2.36,0.61,1.64
2017-12-26,26.35,26.75,26.78,26.14,9915,26305245.00,2.42,1.29,0.34,1.68
2017-12-27,26.92,26.65,27.20,26.32,7406,19762410.00,3.29,-0.37,-0.10,1.25
2017-12-28,26.83,27.17,27.51,26.35,9223,25069474.00,4.35,1.95,0.52,1.56
2017-12-29,27.04,27.17,27.52,26.89,4551,12369389.00,2.32,0.00,0.00,0.77
2018-01-02,27.18,26.99,27.43,26.78,4715,12711951.00,2.39,-0.66,-0.18,0.80
2018-01-03,27.00,27.07,27.20,26.67,5500,14796377.00,1.96,0.30,0.08,0.93
2018-01-04,27.16,27.51,27.77,26.93,9528,26156458.00,3.10,1.63,0.44,1.61
2018-01-05,27.38,27.27,27.88,27.13,6324,17271794.00,2.73,-0.87,-0.24,1.07
2018-01-08,27.55,27.50,28.60,27.23,7431,20521089.00,5.02,0.84,0.23,1.26
2018-01-09,27.41,27.15,27.59,26.90,10135,27460066.00,2.51,-1.27,-0.35,1.72
2018-01-10,27.11,26.76,27.11,26.73,10856,29127871.00,1.40,-1.44,-0.39,1.84
2018-01-11,26.62,26.88,26.95,26.32,10020,26596791.00,2.35,0.45,0.12,1.70
2018-01-12,26.87,26.31,26.87,26.02,7014,18542576.00,3.16,-2.12,-0.57,1.19
2018-01-15,26.86,26.16,26.86,26.10,7778,20570624.00,2.89,-0.57,-0.15,1.32
2018-01-16,26.47,26.00,26.50,25.68,4285,11225312.00,3.13,-0.61,-0.16,0.73
2018-01-17,25.81,26.24,26.30,25.81,4696,12243754.00,1.88,0.92,0.24,0.80
2018-01-18,26.20,26.46,26.61,26.10,4714,12442253.00,1.94,0.84,0.22,0.80
2018-01-19,26.50,27.36,28.00,26.50,21265,58558412.00,5.67,3.40,0.90,3.60
2018-01-22,27.34,26.99,27.34,26.39,8172,21902220.00,3.47,-1.35,-0.37,1.38
2018-01-23,26.98,26.61,27.25,26.49,8434,22554934.00,2.82,-1.41,-0.38,1.43
2018-01-24,26.45,26.91,26.99,26.44,7907,21134448.00,2.07,1.13,0.30,1.34
2018-01-25,26.74,26.99,27.43,26.55,10361,28117132.00,3.27,0.30,0.08,1.76
2018-01-26,26.97,26.30,27.26,26.20,7909,21003111.00,3.93,-2.56,-0.69,1.34
2018-01-29,26.27,25.50,26.50,25.50,7564,19534122.00,3.80,-3.04,-0.80,1.28
2018-01-30,25.70,25.56,25.70,25.32,3305,8443497.00,1.49,0.24,0.06,0.56
2018-01-31,25.39,24.62,25.69,24.19,6044,15078083.00,5.87,-3.68,-0.94,1.02
2018-02-01,24.60,23.50,24.82,23.22,5934,14172135.00,6.50,-4.55,-1.12,1.01
2018-02-02,23.50,23.39,23.88,23.11,2975,6974463.00,3.28,-0.47,-0.11,0.50
2018-02-05,23.05,22.80,23.50,22.50,4043,9343955.00,4.28,-2.52,-0.59,0.69
2018-02-06,22.60,20.52,22.60,20.52,6927,15001998.00,9.12,-10.00,-2.28,1.17
2018-02-07,21.76,21.29,21.76,20.53,5623,11886742.00,5.99,3.75,0.77,0.95
2018-02-08,21.55,21.59,21.97,21.22,4510,9726216.00,3.52,1.41,0.30,0.76
2018-02-09,21.43,21.90,21.90,20.90,6428,13749565.00,4.63,1.44,0.31,1.09
2018-02-12,22.50,22.78,22.88,22.29,5987,13555259.00,2.69,4.02,0.88,1.01
2018-02-13,22.78,23.02,23.23,22.65,4374,10062132.00,2.55,1.05,0.24,0.74
2018-02-14,23.17,24.08,24.30,23.17,9146,21804618.00,4.91,4.60,1.06,1.55
2018-02-22,24.07,23.78,24.08,23.50,6135,14591513.00,2.41,-1.25,-0.30,1.04
2018-02-23,23.78,23.70,23.97,23.60,3958,9422143.00,1.56,-0.34,-0.08,0.67
2018-02-26,23.85,24.12,24.26,23.69,5386,12911662.00,2.41,1.77,0.42,0.91
2018-02-27,24.02,24.16,24.66,23.85,8281,20107726.00,3.36,0.17,0.04,1.40
2018-02-28,23.26,24.11,24.11,23.26,5904,14082079.00,3.52,-0.21,-0.05,1.00
2018-03-01,23.97,24.22,24.27,23.87,6345,15289036.00,1.66,0.46,0.11,1.08
2018-03-02,24.20,24.16,24.70,24.00,4882,11906459.00,2.89,-0.25,-0.06,0.83
2018-03-05,24.23,24.52,24.62,24.23,6277,15326749.00,1.61,1.49,0.36,1.06
2018-03-06,24.75,24.41,24.88,24.38,7451,18348973.00,2.04,-0.45,-0.11,1.26
2018-03-07,24.68,25.25,26.85,24.40,14248,36204197.00,10.04,3.44,0.84,2.41
2018-03-08,25.38,24.98,25.45,24.76,8687,21717639.00,2.73,-1.07,-0.27,1.47
2018-03-09,24.98,26.33,26.67,24.98,19109,49636003.00,6.77,5.40,1.35,3.24
2018-03-12,26.36,26.95,27.24,26.36,16004,43020406.00,3.34,2.35,0.62,2.71
2018-03-13,26.81,26.16,27.28,26.16,10938,29231859.00,4.16,-2.93,-0.79,1.85
2018-03-14,25.93,25.37,26.15,25.29,11654,29952319.00,3.29,-3.02,-0.79,1.97
2018-03-15,25.30,24.85,25.70,24.51,8543,21435663.00,4.69,-2.05,-0.52,1.45
2018-03-16,24.95,25.46,25.75,24.95,7261,18475431.00,3.22,2.45,0.61,1.23
2018-03-19,25.44,25.60,25.97,25.16,5194,13346739.00,3.18,0.55,0.14,0.88
2018-03-20,25.40,26.05,26.15,25.25,5453,14041008.00,3.52,1.76,0.45,0.92
2018-03-21,26.23,26.60,27.29,25.95,16337,43807598.00,5.14,2.11,0.55,2.77
2018-03-22,26.73,26.03,26.86,25.79,10219,26725349.00,4.02,-2.14,-0.57,1.73
2018-03-23,25.50,24.82,25.55,24.35,11257,28141050.00,4.61,-4.65,-1.21,1.91
2018-03-26,24.88,27.30,27.30,24.82,32268,87474956.00,9.99,9.99,2.48,5.47
2018-03-27,28.47,29.08,30.00,28.39,64827,188423991.00,5.90,6.52,1.78,10.99
2018-03-28,28.35,27.44,28.79,27.44,35810,101135420.00,4.64,-5.64,-1.64,6.07
2018-03-29,27.80,28.55,29.67,27.69,36077,102340952.00,7.22,4.05,1.11,6.11
2018-03-30,28.29,29.16,29.49,28.29,39815,115762278.00,4.20,2.14,0.61,6.75
2018-04-02,28.93,30.55,30.68,28.81,40574,120577115.00,6.41,4.77,1.39,6.88
2018-04-03,30.00,29.35,30.02,29.02,32888,97203152.00,3.27,-3.93,-1.20,5.57
2018-04-04,29.20,28.39,30.40,28.33,29180,85474509.00,7.05,-3.27,-0.96,4.95
2018-04-09,28.18,31.23,31.23,28.11,58150,177332344.00,10.99,10.00,2.84,9.85
2018-04-10,33.11,30.55,34.35,29.99,93706,304354368.00,13.96,-2.18,-0.68,15.88
2018-04-11,29.34,29.96,30.28,28.46,61483,180318812.00,5.96,-1.93,-0.59,10.42
2018-04-12,29.41,28.81,29.93,28.71,36158,105951487.00,4.07,-3.84,-1.15,6.13
2018-04-13,29.01,28.80,29.38,28.56,19042,55074279.00,2.85,-0.03,-0.01,3.23
2018-04-16,29.30,29.39,29.70,28.71,24084,70664882.00,3.44,2.05,0.59,4.08
2018-04-17,29.43,30.04,32.03,29.43,43205,131857566.00,8.85,2.21,0.65,7.32
2018-04-18,30.05,31.63,31.97,28.33,46164,141311117.00,12.12,5.29,1.59,7.82
2018-04-19,31.01,31.70,33.47,31.01,54344,174212299.00,7.78,0.22,0.07,9.21
2018-04-20,31.28,31.45,32.40,30.93,27673,87280648.00,4.64,-0.79,-0.25,4.69
2018-04-23,31.49,29.90,31.64,28.89,28918,86925998.00,8.74,-4.93,-1.55,4.90
2018-04-24,29.43,30.18,30.33,28.89,22298,66034572.00,4.82,0.94,0.28,3.78
2018-04-25,29.60,31.07,31.11,29.35,21166,64613385.00,5.83,2.95,0.89,3.59
2018-04-26,30.98,30.15,31.39,29.93,22659,69414666.00,4.70,-2.96,-0.92,3.84
2018-04-27,29.00,27.50,29.26,27.20,38272,106515002.00,6.83,-8.79,-2.65,6.49
2018-05-02,27.49,26.17,27.49,25.50,30656,80330064.00,7.24,-4.84,-1.33,5.20
2018-05-03,26.13,26.86,27.38,25.69,17716,47067304.00,6.46,2.64,0.69,3.00
2018-05-04,26.85,26.61,27.13,26.33,13545,36226797.00,2.98,-0.93,-0.25,2.30
2018-05-07,26.77,27.10,27.40,26.77,16911,45811993.00,2.37,1.84,0.49,2.87
2018-05-08,27.03,27.60,28.00,27.03,18182,50202520.00,3.58,1.85,0.50,3.08
2018-05-09,27.47,27.41,27.80,27.14,12144,33248780.00,2.39,-0.69,-0.19,2.06
2018-05-10,27.45,27.55,27.78,27.16,14895,40823924.00,2.26,0.51,0.14,2.52
2018-05-11,27.88,27.09,28.00,27.02,15601,42900042.00,3.56,-1.67,-0.46,2.64
2018-05-14,27.15,25.77,27.50,25.61,21562,56863383.00,6.98,-4.87,-1.32,3.65
2018-05-15,25.70,25.98,26.04,25.09,18917,48488102.00,3.69,0.81,0.21,3.21
2018-05-16,25.88,25.78,26.23,25.68,13595,35249596.00,2.12,-0.77,-0.20,2.30
2018-05-17,25.81,25.86,26.09,25.41,10986,28279030.00,2.64,0.31,0.08,1.86
2018-05-18,25.86,25.74,25.95,25.52,7823,20124598.00,1.66,-0.46,-0.12,1.33
2018-05-21,26.20,26.35,26.51,25.84,12025,31599827.00,2.60,2.37,0.61,2.04
2018-05-22,26.46,26.94,26.95,26.16,18111,47980585.00,3.00,2.24,0.59,3.07
2018-05-23,26.77,26.93,27.00,26.60,12109,32469358.00,1.48,-0.04,-0.01,2.05
2018-05-24,27.00,26.40,27.19,26.33,10611,28275768.00,3.19,-1.97,-0.53,1.80
2018-05-25,26.45,25.77,26.53,25.71,11094,28899698.00,3.11,-2.39,-0.63,1.88
2018-05-28,25.75,25.28,25.86,25.20,9342,23779007.00,2.56,-1.90,-0.49,1.58
2018-05-29,25.29,25.62,25.72,24.88,9864,24917131.00,3.32,1.34,0.34,1.67
2018-05-30,25.40,24.14,25.42,24.07,10724,26500736.00,5.27,-5.78,-1.48,1.82
2018-05-31,24.32,24.58,24.71,24.20,7267,17819133.00,2.11,1.82,0.44,1.23
2018-06-01,24.60,24.18,24.60,24.10,5806,14126997.00,2.03,-1.63,-0.40,0.98
2018-06-04,24.25,23.94,24.59,23.79,6745,16205275.00,3.31,-0.99,-0.24,1.14
2018-06-05,23.90,24.29,24.30,23.65,7171,17301850.00,2.72,1.46,0.35,1.22
2018-06-06,24.29,24.64,24.99,24.17,9327,23055495.00,3.38,1.44,0.35,1.51
2018-06-07,24.75,23.90,24.87,23.88,6955,16926473.00,4.02,-3.00,-0.74,1.13
2018-06-08,23.88,24.30,24.45,23.60,7507,18101226.00,3.56,1.67,0.40,1.22
2018-06-11,24.42,23.95,24.42,23.60,7623,18160198.00,3.37,-1.44,-0.35,1.24
2018-06-12,24.52,26.35,26.35,24.50,17606,45822587.00,7.72,10.02,2.40,2.86
2018-06-13,28.99,28.99,28.99,28.73,104748,303657152.00,0.99,10.02,2.64,17.00
2018-06-14,26.50,26.90,28.79,26.09,93734,256825125.00,9.31,-7.21,-2.09,15.21
2018-06-15,26.45,29.59,29.59,26.45,129928,376773376.00,11.67,10.00,2.69,21.08
2018-06-19,27.86,28.98,31.00,27.78,136493,396250032.00,10.88,-2.06,-0.61,22.15
2018-06-20,29.83,29.86,31.80,28.25,134449,403800960.00,12.25,3.04,0.88,21.82
2018-06-21,28.35,29.16,31.00,27.50,132854,383161360.00,11.72,-2.34,-0.70,21.56
2018-06-22,26.24,26.33,27.28,26.24,118507,314419552.00,3.57,-9.71,-2.83,19.23
2018-06-25,26.39,28.96,28.96,25.52,125388,352434352.00,13.06,9.99,2.63,20.35
2018-06-26,28.10,29.84,31.28,28.01,156787,462493872.00,11.29,3.04,0.88,25.44
2018-06-27,29.54,30.60,31.49,29.03,129459,392350736.00,8.24,2.55,0.76,21.01
2018-06-28,30.22,29.46,30.50,29.30,88983,264874179.00,3.92,-3.73,-1.14,14.44
2018-06-29,29.36,30.59,31.42,29.36,108737,332979344.00,6.99,3.84,1.13,17.64
2018-07-02,29.90,31.15,32.50,29.39,122279,381749152.00,10.17,1.83,0.56,19.80
2018-07-03,30.80,31.57,31.79,29.90,86355,266528727.00,6.07,1.35,0.42,13.98
2018-07-04,31.00,29.72,31.50,28.47,76628,230776649.00,9.60,-5.86,-1.85,12.41
2018-07-05,30.49,28.90,32.05,28.55,71828,219131028.00,11.78,-2.76,-0.82,11.63
2018-07-06,27.50,28.10,29.30,26.05,71159,197163871.00,11.25,-2.77,-0.80,11.52
2018-07-09,27.68,28.48,28.59,27.66,45523,128496652.00,3.31,1.35,0.38,7.37
2018-07-10,28.38,30.06,30.99,27.86,77348,228459895.00,10.99,5.55,1.58,12.52
2018-07-11,29.42,29.36,29.90,28.00,61985,180671023.00,6.32,-2.33,-0.70,10.04
2018-07-12,29.40,30.91,31.68,29.40,83096,251675082.00,7.77,5.28,1.55,13.45
2018-07-13,30.34,30.31,30.86,29.91,56996,173052413.00,3.07,-1.94,-0.60,9.23
2018-07-16,29.81,29.90,30.49,29.42,36577,109697301.00,3.53,-1.35,-0.41,5.92
2018-07-17,29.85,29.09,29.85,28.52,40931,118925857.00,4.45,-2.71,-0.81,6.63
2018-07-18,29.09,27.95,29.36,27.76,34197,97681574.00,5.50,-3.92,-1.14,5.54
2018-07-19,27.82,28.16,28.78,27.67,25286,71314473.00,3.97,0.75,0.21,4.09
2018-07-20,28.01,28.21,28.66,28.00,26256,74235894.00,2.34,0.18,0.05,4.25
2018-07-23,28.00,28.40,28.72,27.68,27282,77447642.00,3.69,0.67,0.19,4.42
2018-07-24,28.53,28.84,29.00,28.11,32146,91972374.00,3.13,1.55,0.44,5.20
2018-07-25,28.91,28.09,29.04,28.06,28710,81914544.00,3.40,-2.60,-0.75,4.65
2018-07-26,28.23,26.14,28.23,26.12,45810,123087364.00,7.51,-6.94,-1.95,7.42
2018-07-27,26.25,26.07,26.50,26.01,19751,51843011.00,1.87,-0.27,-0.07,3.20
2018-07-30,25.97,25.75,25.97,25.10,18361,46887504.00,3.34,-1.23,-0.32,2.97
2018-07-31,25.76,25.97,26.28,25.76,13219,34276990.00,2.02,0.85,0.22,2.14
2018-08-01,26.29,24.66,26.29,23.38,21357,54062099.00,11.21,-5.04,-1.31,3.46
2018-08-02,24.60,23.28,24.61,22.38,26391,61759150.00,9.04,-5.60,-1.38,4.27
2018-08-03,23.28,23.04,23.40,22.73,12474,28820604.00,2.88,-1.03,-0.24,2.02
2018-08-06,23.04,22.30,23.29,22.10,12925,29197644.00,5.16,-3.21,-0.74,2.09
2018-08-07,22.47,22.80,22.85,22.21,14151,32045866.00,2.87,2.24,0.50,2.29
2018-08-08,22.81,23.01,24.50,22.64,21949,51242366.00,8.16,0.92,0.21,3.55
2018-08-09,22.97,23.40,23.75,22.77,19607,46009556.00,4.26,1.69,0.39,3.17
2018-08-10,23.41,23.61,23.68,23.26,14071,32997081.00,1.79,0.90,0.21,2.28
2018-08-13,23.20,23.40,23.53,22.83,12885,29845262.00,2.96,-0.89,-0.21,2.09
2018-08-14,23.27,24.45,24.45,23.26,29068,70017724.00,5.09,4.49,1.05,4.71
2018-08-15,24.30,23.71,24.31,23.28,20394,48608261.00,4.21,-3.03,-0.74,3.30
2018-08-16,23.21,23.08,23.69,22.50,11002,25544022.00,5.02,-2.66,-0.63,1.78
2018-08-17,23.23,22.51,23.57,22.31,9943,22800022.00,5.46,-2.47,-0.57,1.61
2018-08-20,22.51,22.90,22.93,22.23,9596,21695172.00,3.11,1.73,0.39,1.55
2018-08-21,22.99,23.24,23.38,22.75,9779,22588921.00,2.75,1.48,0.34,1.58
2018-08-22,23.09,23.18,23.56,23.07,10353,24170585.00,2.11,-0.26,-0.06,1.68
2018-08-23,23.10,23.30,23.44,23.02,9749,22674950.00,1.81,0.52,0.12,1.58
2018-08-24,23.42,22.54,23.42,22.51,12866,29349294.00,3.91,-3.26,-0.76,2.08
2018-08-27,22.39,22.98,23.10,22.10,17384,39565063.00,4.44,1.95,0.44,2.81
2018-08-28,23.10,22.74,23.10,22.62,13284,30363959.00,2.09,-1.04,-0.24,2.15
2018-08-29,22.63,22.35,22.90,22.30,11715,26299206.00,2.64,-1.72,-0.39,1.90
2018-08-30,22.26,22.35,22.65,22.11,8575,19160373.00,2.42,0.00,0.00,1.39
2018-08-31,22.19,20.65,22.36,20.60,25326,53139298.00,7.87,-7.61,-1.70,4.10
2018-09-03,20.48,20.57,20.71,19.70,14394,28942506.00,4.89,-0.39,-0.08,2.33
2018-09-04,20.57,20.99,21.07,20.37,12922,26985410.00,3.40,2.04,0.42,2.09
2018-09-05,20.68,21.78,23.09,20.68,26075,57724847.00,11.48,3.76,0.79,4.22
2018-09-06,21.30,21.39,21.74,21.00,16221,34598677.00,3.40,-1.79,-0.39,2.63
2018-09-07,21.39,20.95,21.86,20.81,12231,26054785.00,4.91,-2.06,-0.44,1.98
2018-09-10,20.96,20.15,21.20,20.05,9322,19180434.00,5.49,-3.82,-0.80,1.51
2018-09-11,20.15,20.62,20.77,20.08,8722,17880718.00,3.42,2.33,0.47,1.41
2018-09-12,20.54,20.80,21.18,20.44,10470,21928116.00,3.59,0.87,0.18,1.70
2018-09-13,20.80,21.34,21.45,20.80,14407,30565347.00,3.13,2.60,0.54,2.33
2018-09-14,21.21,20.46,21.54,20.37,13175,27626513.00,5.48,-4.12,-0.88,2.13
2018-09-17,20.43,20.80,20.86,20.19,10889,22500515.00,3.27,1.66,0.34,1.76
2018-09-18,20.60,20.83,20.92,19.86,16209,33029254.00,5.10,0.14,0.03,2.62
2018-09-19,20.62,20.85,20.98,20.23,15084,31131468.00,3.60,0.10,0.02,2.44
2018-09-20,20.77,20.89,21.25,20.61,12509,26161085.00,3.07,0.19,0.04,2.03
2018-09-21,20.71,20.88,21.01,20.38,11768,24380975.00,3.02,-0.05,-0.01,1.91
2018-09-25,20.70,20.93,21.10,20.60,9128,19130524.00,2.39,0.24,0.05,1.48
2018-09-26,20.90,20.80,21.11,20.69,10365,21653700.00,2.01,-0.62,-0.13,1.68
2018-09-27,20.81,20.28,20.89,20.24,11323,23203848.00,3.13,-2.50,-0.52,1.83
2018-09-28,20.29,20.80,20.99,20.29,10943,22696406.00,3.45,2.56,0.52,1.77
2018-10-08,20.50,20.06,20.59,20.00,9595,19461427.00,2.84,-3.56,-0.74,1.55
2018-10-09,20.05,20.08,20.30,19.87,5791,11608484.00,2.14,0.10,0.02,0.94
2018-10-10,20.00,20.37,20.49,20.00,6136,12431805.00,2.44,1.44,0.29,0.99
2018-10-11,19.79,18.33,19.79,18.33,17637,33059532.00,7.17,-10.01,-2.04,2.86
2018-10-12,18.14,16.60,18.14,16.50,26487,44826068.00,8.95,-9.44,-1.73,4.29
2018-10-15,16.65,16.72,17.28,16.64,12269,20702243.00,3.86,0.72,0.12,1.99
2018-10-16,16.77,16.57,17.20,16.49,9633,16238631.00,4.25,-0.90,-0.15,1.56
2018-10-17,16.79,16.88,17.03,16.57,8262,13915750.00,2.78,1.87,0.31,1.34
2018-10-18,16.81,15.91,16.85,15.56,11648,18786897.00,7.64,-5.75,-0.97,1.89
2018-10-19,15.60,16.25,16.36,15.58,9920,15963263.00,4.90,2.14,0.34,1.61
2018-10-22,16.44,17.08,17.36,16.44,13872,23606334.00,5.66,5.11,0.83,2.25
2018-10-23,17.00,16.77,17.20,16.65,9987,16898795.00,3.22,-1.81,-0.31,1.62
2018-10-24,16.93,17.01,17.29,16.67,12036,20572269.00,3.70,1.43,0.24,1.95
2018-10-25,16.45,16.69,16.86,16.10,9909,16300918.00,4.47,-1.88,-0.32,1.60
2018-10-26,17.05,16.53,17.08,16.51,8678,14531363.00,3.42,-0.96,-0.16,1.41
2018-10-29,16.69,16.69,16.90,16.23,9269,15396261.00,4.05,0.97,0.16,1.51
2018-10-30,16.50,16.24,16.59,15.79,12885,20924526.00,4.79,-2.70,-0.45,2.10
2018-10-31,16.27,16.59,16.88,16.27,15333,25532763.00,3.76,2.16,0.35,2.49
2018-11-01,17.21,16.90,17.42,16.79,16960,28947070.00,3.80,1.87,0.31,2.76
2018-11-02,17.15,17.33,17.36,16.92,16715,28726240.00,2.60,2.54,0.43,2.72
2018-11-05,17.34,17.43,17.80,17.11,18512,32320757.00,3.98,0.58,0.10,3.01
2018-11-06,17.43,17.51,17.66,17.00,14113,24417931.00,3.79,0.46,0.08,2.30
2018-11-07,17.60,17.49,17.89,17.31,15301,26884602.00,3.31,-0.11,-0.02,2.49
2018-11-08,17.59,17.61,17.89,17.49,17241,30484815.00,2.29,0.69,0.12,2.80
2018-11-09,17.68,17.71,17.85,17.31,10840,19147825.00,3.07,0.57,0.10,1.76
2018-11-12,17.65,18.20,18.88,17.49,21883,39662216.00,7.85,2.77,0.49,3.56
2018-11-13,17.80,18.12,18.31,17.70,17884,32232319.00,3.35,-0.44,-0.08,2.91
2018-11-14,18.13,18.12,18.28,18.01,12418,22498993.00,1.49,0.00,0.00,2.02
2018-11-15,18.05,18.65,18.65,18.05,21502,39608187.00,3.31,2.92,0.53,3.50
2018-11-16,18.80,18.96,19.35,18.68,20036,38082615.00,3.59,1.66,0.31,3.26
2018-11-19,18.79,18.80,19.00,18.53,13563,25415685.00,2.48,-0.84,-0.16,2.21
2018-11-20,18.98,19.14,20.50,18.61,32661,63602374.00,10.05,1.81,0.34,5.31
2018-11-21,18.54,18.81,18.89,18.39,20701,38476197.00,2.61,-1.72,-0.33,3.37
2018-11-22,18.98,19.48,20.00,18.60,26911,51645355.00,7.44,3.56,0.67,4.38
2018-11-23,19.00,17.81,19.11,17.65,24065,44320904.00,7.49,-8.57,-1.67,3.91
2018-11-26,17.81,17.68,17.95,17.51,12982,23000032.00,2.47,-0.73,-0.13,2.11
2018-11-27,17.70,18.23,18.26,17.70,14958,26962067.00,3.17,3.11,0.55,2.43
2018-11-28,18.40,18.73,19.95,18.34,24354,45552798.00,8.83,2.74,0.50,3.96
2018-11-29,18.88,17.95,19.31,17.80,18532,34556847.00,8.06,-4.16,-0.78,3.01
2018-11-30,17.69,18.02,18.14,17.55,13803,24641371.00,3.29,0.39,0.07,2.25
2018-12-03,18.31,18.58,18.78,18.31,15388,28534580.00,2.61,3.11,0.56,2.50
2018-12-04,18.69,18.76,18.88,18.42,15776,29556614.00,2.48,0.97,0.18,2.57
2018-12-05,18.29,18.75,18.76,18.03,12358,22808080.00,3.89,-0.05,-0.01,2.01
2018-12-06,18.65,18.96,18.97,18.19,20254,37745182.00,4.16,1.12,0.21,3.29
2018-12-07,18.97,20.50,20.50,18.51,20441,39541864.00,10.50,8.12,1.54,3.32
2018-12-10,19.48,19.33,19.88,19.05,24378,47621467.00,4.05,-5.71,-1.17,3.97
2018-12-11,19.35,19.09,19.39,18.74,14968,28430809.00,3.36,-1.24,-0.24,2.43
2018-12-12,19.18,18.72,19.30,18.56,12025,22617580.00,3.88,-1.94,-0.37,1.96
2018-12-13,18.72,18.87,18.93,18.50,10669,20025075.00,2.30,0.80,0.15,1.74
2018-12-14,18.73,17.86,18.80,17.80,15306,28112301.00,5.30,-5.35,-1.01,2.49
2018-12-17,17.62,17.86,17.97,17.36,9237,16367994.00,3.42,0.00,0.00,1.50
2018-12-18,17.75,17.90,18.19,17.60,7122,12715328.00,3.30,0.22,0.04,1.16
2018-12-19,17.88,17.62,17.97,17.55,4602,8161140.00,2.35,-1.56,-0.28,0.75
2018-12-20,17.58,17.55,17.78,17.50,5170,9104178.00,1.59,-0.40,-0.07,0.84
2018-12-21,17.56,17.30,17.62,17.09,5684,9881924.00,3.02,-1.42,-0.25,0.92
2018-12-24,17.31,17.64,17.64,17.23,5535,9695903.00,2.37,1.97,0.34,0.90
2018-12-25,17.39,17.50,17.55,17.01,7432,12834590.00,3.06,-0.79,-0.14,1.21
2018-12-26,17.52,17.78,17.94,17.52,8679,15449269.00,2.40,1.60,0.28,1.41
2018-12-27,18.08,17.47,18.18,17.35,6847,12083365.00,4.67,-1.74,-0.31,1.11
2018-12-28,17.79,18.00,18.22,17.66,19781,35680128.00,3.21,3.03,0.53,3.22
2019-01-02,17.76,18.01,18.09,17.40,15126,26904864.00,3.83,0.06,0.01,2.47
2019-01-03,17.99,18.72,18.85,17.71,35398,65725149.00,6.33,3.94,0.71,5.78
2019-01-04,18.50,18.81,18.90,18.37,32684,61144698.00,2.83,0.48,0.09,5.34
2019-01-07,18.93,19.80,20.19,18.70,40874,78863677.00,7.92,5.26,0.99,6.68
2019-01-08,19.57,20.51,20.90,18.92,49255,97280518.00,10.00,3.59,0.71,8.04
2019-01-09,20.05,19.47,20.09,19.47,48198,95661022.00,3.02,-5.07,-1.04,7.87
2019-01-10,19.33,18.99,19.40,18.91,19763,37696996.00,2.52,-2.47,-0.48,3.23
2019-01-11,18.88,19.09,19.29,18.88,16335,31225624.00,2.16,0.53,0.10,2.67
2019-01-14,19.16,18.65,19.16,18.50,13248,24782861.00,3.46,-2.30,-0.44,2.16
2019-01-15,18.65,18.88,18.93,18.64,9880,18566990.00,1.55,1.23,0.23,1.61
2019-01-16,18.93,18.66,18.98,18.59,9023,16938563.00,2.07,-1.17,-0.22,1.47
2019-01-17,18.62,18.69,19.04,18.51,10734,20176623.00,2.84,0.16,0.03,1.75
2019-01-18,18.85,18.71,18.85,18.42,9281,17297152.00,2.30,0.11,0.02,1.52
2019-01-21,18.67,18.74,18.83,18.62,8695,16288112.00,1.12,0.16,0.03,1.42
2019-01-22,18.60,17.89,18.69,17.81,17819,32347290.00,4.70,-4.54,-0.85,2.91
2019-01-23,18.05,17.66,18.05,17.49,10988,19455962.00,3.13,-1.29,-0.23,1.79
2019-01-24,17.54,17.78,17.90,17.54,8150,14498833.00,2.04,0.68,0.12,1.33
2019-01-25,17.79,17.54,17.85,17.48,8592,15191161.00,2.08,-1.35,-0.24,1.40
2019-01-28,17.62,17.52,17.84,17.42,5026,8845263.00,2.39,-0.11,-0.02,0.82
2019-01-29,17.38,16.95,17.42,16.66,9537,16227758.00,4.34,-3.25,-0.57,1.56
2019-01-30,16.79,16.65,17.07,16.61,5678,9577030.00,2.71,-1.77,-0.30,0.93
2019-01-31,15.00,15.63,15.88,15.00,18804,29192923.00,5.29,-6.13,-1.02,3.07
2019-02-01,15.68,16.02,16.14,15.61,6413,10237999.00,3.39,2.50,0.39,1.05
2019-02-11,16.05,16.50,16.51,16.05,8516,13930883.00,2.87,3.00,0.48,1.39
2019-02-12,16.48,16.65,16.69,16.40,8213,13622349.00,1.76,0.91,0.15,1.34
2019-02-13,16.70,17.17,17.21,16.69,12661,21562238.00,3.12,3.12,0.52,2.07
2019-02-14,17.00,16.97,17.17,16.76,10350,17516743.00,2.39,-1.16,-0.20,1.69
2019-02-15,16.97,16.98,17.11,16.79,7335,12449283.00,1.89,0.06,0.01,1.20
2019-02-18,17.12,17.36,17.43,16.93,16807,28923930.00,2.94,2.24,0.38,2.74
2019-02-19,17.50,17.87,17.92,17.39,23230,41022428.00,3.05,2.94,0.51,3.79
2019-02-20,17.79,17.67,17.85,17.50,12055,21255695.00,1.96,-1.12,-0.20,1.97
2019-02-21,17.68,17.83,18.08,17.65,17575,31459779.00,2.43,0.91,0.16,2.87
2019-02-22,17.85,18.16,18.25,17.60,17337,31208665.00,3.65,1.85,0.33,2.83
2019-02-25,18.22,19.27,19.28,18.22,28223,53130888.00,5.84,6.11,1.11,4.61
2019-02-26,19.27,18.93,19.37,18.68,22360,42543879.00,3.58,-1.76,-0.34,3.65
2019-02-27,18.83,18.99,19.79,18.83,21842,42032552.00,5.07,0.32,0.06,3.57
2019-02-28,18.85,19.20,19.70,18.80,18808,36037143.00,4.74,1.11,0.21,3.07
2019-03-01,19.20,19.01,19.41,18.75,16076,30512441.00,3.44,-0.99,-0.19,2.63
2019-03-04,19.01,19.48,19.71,19.01,30496,59262455.00,3.68,2.47,0.47,4.98
2019-03-05,19.30,20.13,20.20,19.20,33160,65741287.00,5.13,3.34,0.65,5.42
2019-03-06,20.18,20.16,20.46,19.80,27642,55449640.00,3.28,0.15,0.03,4.51
2019-03-07,20.07,20.88,21.20,19.93,38723,80292947.00,6.30,3.57,0.72,6.32
2019-03-08,20.60,20.04,22.00,19.80,51956,108980857.00,10.54,-4.02,-0.84,8.49
2019-03-11,21.00,21.06,21.43,20.38,30699,64226762.00,5.24,5.09,1.02,5.01
2019-03-12,21.37,21.33,21.77,20.78,40275,85380482.00,4.70,1.28,0.27,6.58
2019-03-13,21.21,20.91,21.65,20.65,26983,57176818.00,4.69,-1.97,-0.42,4.41
2019-03-14,20.50,20.30,21.28,20.07,22184,45329291.00,5.79,-2.92,-0.61,3.62
2019-03-15,20.35,20.84,21.05,20.35,21233,44242612.00,3.45,2.66,0.54,3.47
2019-03-18,20.85,21.09,21.20,20.40,15553,32429092.00,3.84,1.20,0.25,2.54
2019-03-19,21.07,21.55,21.60,20.88,18695,39689868.00,3.41,2.18,0.46,3.05
2019-03-20,21.43,21.41,21.78,21.20,19083,40925780.00,2.69,-0.65,-0.14,3.12
2019-03-21,21.65,21.47,21.66,21.28,13044,28019280.00,1.77,0.28,0.06,2.13
2019-03-22,21.50,21.53,21.64,21.20,15848,34070645.00,2.05,0.28,0.06,2.59
2019-03-25,21.33,23.18,23.68,21.19,47189,107087082.00,11.57,7.66,1.65,7.71
2019-03-26,23.18,22.10,23.35,22.00,32750,74160733.00,5.82,-4.66,-1.08,5.35
2019-03-27,22.18,22.49,22.55,21.80,16620,36966918.00,3.39,1.76,0.39,2.71
2019-03-28,22.69,22.67,23.00,22.43,22964,52248539.00,2.53,0.80,0.18,3.75
2019-03-29,22.66,23.02,23.36,22.56,22954,52542064.00,3.53,1.54,0.35,3.75
2019-04-01,23.02,23.92,24.20,23.02,31718,74896407.00,5.13,3.91,0.90,5.18
2019-04-02,23.72,23.67,25.49,23.32,47774,116255015.00,9.07,-1.05,-0.25,7.80
2019-04-03,23.67,23.60,23.88,23.20,24837,58439761.00,2.87,-0.30,-0.07,4.06
2019-04-04,23.60,24.12,24.42,23.33,26730,64158618.00,4.62,2.20,0.52,4.37
2019-04-08,24.20,24.16,24.66,23.41,16788,40238833.00,5.18,0.17,0.04,2.74
2019-04-09,24.00,24.14,24.25,23.63,14735,35424552.00,2.57,-0.08,-0.02,2.41
2019-04-10,24.00,24.04,24.14,23.66,13314,31844107.00,1.99,-0.41,-0.10,2.17
2019-04-11,24.04,23.30,24.04,23.29,15785,37413785.00,3.12,-3.08,-0.74,2.58
2019-04-12,23.30,22.98,23.85,22.98,15430,36143355.00,3.73,-1.37,-0.32,2.52
2019-04-15,23.24,23.57,24.10,23.15,21253,50766941.00,4.13,2.57,0.59,3.47
2019-04-16,23.08,23.65,23.80,22.88,16724,38970132.00,3.90,0.34,0.08,2.73
2019-04-17,23.50,23.77,23.98,23.49,14033,33337838.00,2.07,0.51,0.12,2.29
2019-04-18,23.90,23.24,23.90,23.01,11076,26019873.00,3.74,-2.23,-0.53,1.81
2019-04-19,23.03,23.44,23.65,23.03,8639,20180330.00,2.67,0.86,0.20,1.41
2019-04-22,23.44,23.18,23.78,23.16,9698,22714469.00,2.65,-1.11,-0.26,1.58
2019-04-23,23.08,22.49,23.38,22.01,16197,36566328.00,5.91,-2.98,-0.69,2.65
2019-04-24,22.65,22.19,22.76,21.53,14319,31646507.00,5.47,-1.33,-0.30,2.34
2019-04-25,22.27,21.90,22.58,21.72,13051,28900960.00,3.88,-1.31,-0.29,2.13
2019-04-26,21.89,21.88,22.14,21.60,8089,17710776.00,2.47,-0.09,-0.02,1.32
2019-04-29,21.88,20.59,22.18,20.20,13573,28558637.00,9.05,-5.90,-1.29,2.22
2019-04-30,19.62,20.27,20.83,19.62,9153,18612604.00,5.88,-1.55,-0.32,1.49
2019-05-06,19.99,19.41,20.88,18.85,20567,40805495.00,10.01,-4.24,-0.86,3.36
2019-05-07,20.02,19.72,20.03,19.21,13300,26201006.00,4.22,1.60,0.31,2.17
2019-05-08,19.10,20.30,20.46,19.10,11808,23764126.00,6.90,2.94,0.58,1.93
2019-05-09,20.14,19.99,20.46,19.70,8874,17805652.00,3.74,-1.53,-0.31,1.45
2019-05-10,20.35,20.55,20.70,19.77,14575,29690703.00,4.65,2.80,0.56,2.38
2019-05-13,20.40,20.55,20.97,20.20,9833,20311243.00,3.75,0.00,0.00,1.61
2019-05-14,20.43,20.52,20.81,20.21,7551,15513795.00,2.92,-0.15,-0.03,1.23
2019-05-15,20.62,21.92,21.97,20.37,15404,32562498.00,7.80,6.82,1.40,2.52
2019-05-16,22.98,21.90,23.00,21.70,26211,58821489.00,5.93,-0.09,-0.02,4.28
2019-05-17,21.66,20.89,22.06,20.80,10866,23303621.00,5.75,-4.61,-1.01,1.77
2019-05-20,20.90,20.99,21.49,20.66,7780,16303995.00,3.97,0.48,0.10,1.27
2019-05-21,21.09,21.25,21.28,20.80,9418,19830029.00,2.29,1.24,0.26,1.54
2019-05-22,21.25,20.78,21.43,20.70,5517,11585492.00,3.44,-2.21,-0.47,0.90
2019-05-23,20.93,21.47,21.50,20.03,16557,34662212.00,7.07,3.32,0.69,2.70
2019-05-24,21.21,21.80,22.15,21.06,23986,51951392.00,5.08,1.54,0.33,3.92
2019-05-27,21.55,21.82,21.98,21.22,15752,34070650.00,3.49,0.09,0.02,2.57
2019-05-28,21.75,21.47,21.92,21.41,9573,20740118.00,2.34,-1.60,-0.35,1.56
2019-05-29,21.40,21.05,21.56,20.96,8348,17705413.00,2.79,-1.96,-0.42,1.36
2019-05-30,21.05,20.57,21.20,20.22,8179,16800582.00,4.66,-2.28,-0.48,1.34
2019-05-31,20.51,20.58,20.86,20.45,4598,9472656.00,1.99,0.05,0.01,0.75
2019-06-03,20.44,20.51,20.85,20.04,6596,13474534.00,3.94,-0.34,-0.07,1.08
2019-06-04,20.52,19.90,20.60,19.76,7352,14782427.00,4.10,-2.97,-0.61,1.20
2019-06-05,20.19,19.91,20.21,19.86,4649,9311820.00,1.76,0.05,0.01,0.76
2019-06-06,20.19,19.70,20.19,19.38,4606,9147413.00,4.07,-1.05,-0.21,0.75
2019-06-10,19.70,19.95,20.10,19.66,3548,7043309.00,2.23,1.27,0.25,0.58
2019-06-11,20.01,20.48,20.57,19.81,9995,20163399.00,3.81,2.66,0.53,1.63
2019-06-12,20.45,20.55,21.50,20.10,11461,23691177.00,6.84,0.34,0.07,1.87
2019-06-13,20.44,20.50,20.64,20.21,6195,12690632.00,2.09,-0.24,-0.05,1.01
2019-06-14,20.50,20.55,20.92,19.84,8259,16892830.00,5.27,0.24,0.05,1.35
2019-06-17,20.47,21.15,21.45,20.01,13823,28766883.00,7.01,2.92,0.60,2.26
2019-06-18,20.98,20.69,21.01,20.60,14150,29526636.00,1.94,-2.17,-0.46,2.31
2019-06-19,20.99,20.76,21.05,20.71,6816,14234139.00,1.64,0.34,0.07,1.11
2019-06-20,20.71,20.87,20.99,20.52,7152,14872165.00,2.26,0.53,0.11,1.17
2019-06-21,20.87,21.13,21.30,20.87,9525,20142366.00,2.06,1.25,0.26,1.56
2019-06-24,21.13,20.98,21.27,20.80,4395,9234921.00,2.22,-0.71,-0.15,0.72
2019-06-25,21.00,21.34,21.36,20.81,10951,23175704.00,2.62,1.72,0.36,1.79
2019-06-26,21.25,21.46,21.48,21.13,9156,19578324.00,1.64,0.56,0.12,1.50
2019-06-27,21.48,21.04,21.56,20.98,10332,21901039.00,2.70,-1.96,-0.42,1.69
2019-06-28,21.03,20.75,21.04,20.49,5337,11042078.00,2.61,-1.38,-0.29,0.87
2019-07-01,20.91,21.77,21.85,20.91,16832,36052744.00,4.53,4.92,1.02,2.74
2019-07-02,21.77,22.29,22.50,21.77,21687,48156796.00,3.35,2.39,0.52,3.53
2019-07-03,22.94,21.85,23.06,21.71,19545,43545998.00,6.06,-1.97,-0.44,3.18
2019-07-04,21.73,21.59,22.02,21.30,11383,24742902.00,3.30,-1.19,-0.26,1.85
2019-07-05,21.62,21.22,21.80,21.15,8121,17304048.00,3.01,-1.71,-0.37,1.32
2019-07-08,21.00,20.22,21.32,20.22,9724,19955829.00,5.18,-4.71,-1.00,1.58
2019-07-09,20.21,20.34,20.45,20.00,3353,6793030.00,2.23,0.59,0.12,0.55
2019-07-10,20.40,20.12,20.54,20.01,4517,9150403.00,2.61,-1.08,-0.22,0.73
2019-07-11,20.50,20.16,20.56,20.00,4569,9248662.00,2.78,0.20,0.04,0.74
2019-07-12,20.12,20.13,20.37,20.02,5646,11360722.00,1.74,-0.15,-0.03,0.92
2019-07-15,18.49,20.02,20.14,18.49,13558,26414961.00,8.20,-0.55,-0.11,2.21
2019-07-16,19.83,20.12,20.69,19.83,6941,14022567.00,4.30,0.50,0.10,1.13
2019-07-17,20.12,20.28,20.48,20.07,4102,8323631.00,2.04,0.80,0.16,0.67
2019-07-18,20.28,20.44,20.68,19.99,9403,19161148.00,3.40,0.79,0.16,1.53
2019-07-19,20.43,20.50,20.75,20.30,8733,17947368.00,2.20,0.29,0.06,1.42
2019-07-22,20.50,20.28,20.50,20.15,7906,16033567.00,1.71,-1.07,-0.22,1.29
2019-07-23,20.25,20.79,20.86,20.21,8308,17133885.00,3.21,2.51,0.51,1.35
2019-07-24,20.90,21.10,21.21,20.76,7611,15978561.00,2.16,1.49,0.31,1.24
2019-07-25,21.10,20.98,21.28,20.82,5275,11097983.00,2.18,-0.57,-0.12,0.86
2019-07-26,20.97,21.25,21.25,20.83,6079,12830084.00,2.00,1.29,0.27,0.99
2019-07-29,21.20,21.29,21.53,21.15,5452,11638269.00,1.79,0.19,0.04,0.89
2019-07-30,21.06,21.42,21.68,21.01,7011,14960096.00,3.15,0.61,0.13,1.14
2019-07-31,21.50,21.20,21.50,21.15,4113,8738979.00,1.63,-1.03,-0.22,0.67
2019-08-01,21.30,21.20,21.48,21.03,4207,8948993.00,2.12,0.00,0.00,0.68
2019-08-02,20.80,20.73,21.10,20.00,5147,10685015.00,5.19,-2.22,-0.47,0.84
2019-08-05,21.00,20.50,21.09,20.41,5940,12348678.00,3.28,-1.11,-0.23,0.97
2019-08-06,20.25,20.05,20.36,19.18,7928,15718304.00,5.76,-2.20,-0.45,1.29
2019-08-07,20.37,20.10,20.37,19.71,5752,11480257.00,3.29,0.25,0.05,0.94
2019-08-08,19.80,20.44,21.00,19.80,7444,15210952.00,5.97,1.69,0.34,1.21
2019-08-09,20.35,19.85,20.60,19.81,4238,8522246.00,3.86,-2.89,-0.59,0.69
2019-08-12,19.85,20.23,20.25,19.64,5571,11200322.00,3.07,1.91,0.38,0.91
2019-08-13,20.16,20.03,20.20,19.84,4021,8036359.00,1.78,-0.99,-0.20,0.65
2019-08-14,20.23,20.09,20.26,19.95,6245,12544168.00,1.55,0.30,0.06,1.02
2019-08-15,19.37,20.28,20.30,19.37,6934,13828137.00,4.63,0.95,0.19,1.13
2019-08-16,20.28,20.08,20.32,20.05,5538,11184126.00,1.33,-0.99,-0.20,0.90
2019-08-19,20.10,20.42,20.44,20.02,10542,21366733.00,2.09,1.69,0.34,1.71
2019-08-20,20.38,20.22,20.41,20.06,10408,21006017.00,1.71,-0.98,-0.20,1.69
2019-08-21,20.24,20.29,20.30,20.08,6044,12196985.00,1.09,0.35,0.07,0.98
2019-08-22,20.35,20.26,20.35,20.06,7354,14840072.00,1.43,-0.15,-0.03,1.20
2019-08-23,20.27,20.39,20.73,20.12,12645,25729859.00,3.01,0.64,0.13,2.06
2019-08-26,20.00,20.39,20.42,19.86,8958,18091748.00,2.75,0.00,0.00,1.46
2019-08-27,20.48,20.68,20.69,20.35,11476,23611390.00,1.67,1.42,0.29,1.87
2019-08-28,20.80,20.72,21.08,20.56,12752,26554266.00,2.51,0.19,0.04,2.07
2019-08-29,20.76,21.00,21.10,20.67,17050,35654215.00,2.08,1.35,0.28,2.77
2019-08-30,21.00,21.46,22.00,21.00,34942,75047901.00,4.76,2.19,0.46,5.68
2019-09-02,21.46,22.00,22.29,21.36,27546,60440077.00,4.33,2.52,0.54,4.48
2019-09-03,21.99,21.95,21.99,21.66,15684,34171379.00,1.50,-0.23,-0.05,2.55
2019-09-04,21.96,22.45,22.58,21.75,24331,53935355.00,3.78,2.28,0.50,3.96
2019-09-05,22.35,22.60,22.88,22.31,31226,70400966.00,2.54,0.67,0.15,5.08
2019-09-06,22.40,22.55,22.80,22.40,17477,39366368.00,1.77,-0.22,-0.05,2.84
2019-09-09,22.80,22.76,22.98,22.44,19614,44575517.00,2.39,0.93,0.21,3.19
2019-09-10,22.86,22.58,22.88,22.39,21341,48411778.00,2.15,-0.79,-0.18,3.47
2019-09-11,22.64,22.47,22.93,22.36,17053,38660117.00,2.52,-0.49,-0.11,2.77
2019-09-12,22.52,22.30,22.70,22.12,15031,33480913.00,2.58,-0.76,-0.17,2.44
2019-09-16,22.42,22.51,22.83,22.42,16136,36519001.00,1.84,0.94,0.21,2.62
2019-09-17,22.64,21.80,22.76,21.58,22158,48663459.00,5.24,-3.15,-0.71,3.60
2019-09-18,21.83,21.99,22.20,21.67,11101,24305565.00,2.43,0.87,0.19,1.81
2019-09-19,22.02,21.98,22.13,21.78,8627,18925732.00,1.59,-0.05,-0.01,1.40
2019-09-20,22.01,22.06,22.44,21.91,14717,32632426.00,2.41,0.36,0.08,2.39
2019-09-23,22.18,22.79,23.14,22.10,32803,74584128.00,4.71,3.31,0.73,5.34
2019-09-24,22.62,23.06,23.16,22.27,45607,104084798.00,3.91,1.18,0.27,7.42
2019-09-25,22.82,22.82,23.32,22.49,37823,86466521.00,3.60,-1.04,-0.24,6.15
2019-09-26,22.83,22.46,22.98,22.28,34755,78649289.00,3.07,-1.58,-0.36,5.65
2019-09-27,22.35,22.25,22.77,20.22,25476,57306230.00,11.35,-0.93,-0.21,4.14
2019-09-30,22.17,22.07,22.20,21.70,15022,32989957.00,2.25,-0.81,-0.18,2.44
2019-10-08,22.08,21.86,22.19,21.53,15432,33834201.00,2.99,-0.95,-0.21,2.51
2019-10-09,22.00,21.80,22.00,21.53,5121,11101434.00,2.15,-0.27,-0.06,0.83
2019-10-10,21.96,21.98,22.20,21.56,5923,12955159.00,2.94,0.83,0.18,0.96
2019-10-11,21.90,21.80,22.09,21.80,8267,18138773.00,1.32,-0.82,-0.18,1.34
2019-10-14,21.86,21.83,22.13,21.66,10446,22900670.00,2.16,0.14,0.03,1.70
2019-10-15,21.73,21.40,21.73,21.30,8551,18347459.00,1.97,-1.97,-0.43,1.39
2019-10-16,21.40,20.95,21.60,20.77,11158,23597108.00,3.88,-2.10,-0.45,1.81
2019-10-17,20.95,20.34,20.95,20.26,8568,17649356.00,3.29,-2.91,-0.61,1.39
2019-10-18,20.50,20.50,20.59,19.95,6829,13854757.00,3.15,0.79,0.16,1.11
2019-10-21,20.71,20.33,20.71,20.07,4815,9768558.00,3.12,-0.83,-0.17,0.78
2019-10-22,20.34,20.55,20.55,20.25,4824,9862555.00,1.48,1.08,0.22,0.78
2019-10-23,20.48,20.56,20.58,20.00,4421,9018015.00,2.82,0.05,0.01,0.72
2019-10-24,20.55,21.12,21.17,20.24,10023,20812275.00,4.52,2.72,0.56,1.63
2019-10-25,21.00,21.00,21.24,20.86,10656,22375662.00,1.80,-0.57,-0.12,1.73
2019-10-28,21.00,20.78,21.00,20.10,7716,16014655.00,4.29,-1.05,-0.22,1.26
2019-10-29,20.79,20.60,20.89,20.40,4536,9333491.00,2.36,-0.87,-0.18,0.74
2019-10-30,20.54,20.60,20.60,20.31,4849,9941946.00,1.41,0.00,0.00,0.79
2019-10-31,20.50,20.60,20.90,20.23,5675,11735984.00,3.25,0.00,0.00,0.92
2019-11-01,20.58,20.78,21.33,20.41,5024,10422392.00,4.47,0.87,0.18,0.82
2019-11-04,20.70,20.77,20.90,20.57,3300,6844419.00,1.59,-0.05,-0.01,0.54
2019-11-05,20.60,20.77,20.89,20.60,6082,12611454.00,1.40,0.00,0.00,0.99
2019-11-06,20.90,20.70,21.75,20.66,6704,14008271.00,5.25,-0.34,-0.07,1.09
2019-11-07,20.45,20.60,20.75,20.45,7077,14552659.00,1.45,-0.48,-0.10,1.15
2019-11-08,20.60,20.55,20.80,20.41,4074,8366648.00,1.89,-0.24,-0.05,0.66
2019-11-11,20.40,20.10,20.60,20.06,5480,11146159.00,2.63,-2.19,-0.45,0.89
2019-11-12,20.35,20.30,20.45,20.10,12765,25914465.00,1.74,1.00,0.20,2.08
2019-11-13,20.58,20.90,21.10,20.46,17520,36343810.00,3.15,2.96,0.60,2.85
2019-11-14,21.00,21.18,21.21,20.88,14164,29888781.00,1.58,1.34,0.28,2.30
2019-11-15,21.22,21.51,21.60,21.10,14994,32158036.00,2.36,1.56,0.33,2.44
2019-11-18,21.51,21.66,21.78,21.40,10588,22859667.00,1.77,0.70,0.15,1.72
2019-11-19,21.89,21.89,21.92,21.61,15400,33551632.00,1.43,1.06,0.23,2.50
2019-11-20,21.80,21.89,21.98,21.65,12112,26403372.00,1.51,0.00,0.00,1.97
2019-11-21,21.89,22.00,22.00,21.65,11368,24825444.00,1.60,0.50,0.11,1.85
2019-11-22,22.05,22.00,22.33,21.82,13641,30038247.00,2.32,0.00,0.00,2.22
2019-11-25,22.15,21.90,22.15,21.70,13336,29192932.00,2.05,-0.45,-0.10,2.17
2019-11-26,21.99,21.85,21.99,21.70,10205,22323618.00,1.32,-0.23,-0.05,1.66
2019-11-27,21.98,22.18,22.26,21.86,14110,31180324.00,1.83,1.51,0.33,2.30
2019-11-28,22.30,22.40,22.51,22.20,15590,34879379.00,1.40,0.99,0.22,2.54
2019-11-29,22.13,22.50,22.54,22.08,10342,23200506.00,2.05,0.45,0.10,1.68
2019-12-02,22.55,22.51,22.92,22.35,7828,17631872.00,2.53,0.04,0.01,1.27
2019-12-03,22.51,22.66,22.73,22.39,6574,14833994.00,1.51,0.67,0.15,1.07
2019-12-04,22.76,22.41,22.95,22.26,17917,40251416.00,3.05,-1.10,-0.25,2.91
2019-12-05,22.45,22.37,22.54,22.27,13200,29539590.00,1.20,-0.18,-0.04,2.15
2019-12-06,22.42,22.41,22.54,22.29,12641,28364525.00,1.12,0.18,0.04,2.06
2019-12-09,22.41,22.60,22.63,22.30,12847,28832996.00,1.47,0.85,0.19,2.09
2019-12-10,22.60,22.40,22.68,22.15,17909,40040579.00,2.35,-0.88,-0.20,2.91
2019-12-11,22.47,22.37,22.47,21.84,17306,38339520.00,2.81,-0.13,-0.03,2.81
2019-12-12,22.33,22.18,22.35,21.31,13963,30792961.00,4.65,-0.85,-0.19,2.27
2019-12-13,22.28,22.35,22.36,21.80,12622,27959680.00,2.52,0.77,0.17,0.82
2019-12-16,22.38,22.45,22.60,22.26,9463,21213571.00,1.52,0.45,0.10,0.61
2019-12-17,22.45,22.59,22.64,22.29,15621,35180881.00,1.56,0.62,0.14,1.01
2019-12-18,22.51,22.45,22.64,22.35,9788,22040552.00,1.28,-0.62,-0.14,0.63
2019-12-19,22.48,22.60,22.66,22.16,10830,24179037.00,2.23,0.67,0.15,0.70
2019-12-20,22.60,22.28,22.60,22.05,10552,23443662.00,2.43,-1.42,-0.32,0.68
2019-12-23,22.28,22.28,22.28,21.95,10721,23685774.00,1.48,0.00,0.00,0.69
2019-12-24,22.20,22.13,22.20,21.75,9758,21393094.00,2.02,-0.67,-0.15,0.63
2019-12-25,22.13,21.96,22.13,21.86,13450,29615441.00,1.22,-0.77,-0.17,0.87
2019-12-26,21.88,21.86,22.01,21.66,12725,27772600.00,1.59,-0.46,-0.10,0.82
2019-12-27,21.93,22.22,22.28,21.82,17367,38422033.00,2.10,1.65,0.36,1.12
2019-12-30,22.05,22.23,22.36,21.82,10732,23644136.00,2.43,0.05,0.01,0.70
2019-12-31,22.20,21.75,22.20,21.75,10779,23576954.00,2.02,-2.16,-0.48,1.25
2020-01-02,21.95,21.70,21.95,21.63,13786,29996846.00,1.47,-0.23,-0.05,1.60
2020-01-03,21.88,21.95,22.10,21.73,21769,47648667.00,1.71,1.15,0.25,2.53
2020-01-06,22.05,22.47,22.55,22.05,34496,77130602.00,2.28,2.37,0.52,4.01
2020-01-07,22.49,22.50,22.59,22.24,17546,39326293.00,1.56,0.13,0.03,2.04
2020-01-08,22.53,22.39,22.90,22.28,29685,66694666.00,2.76,-0.49,-0.11,3.45
2020-01-09,22.20,22.65,22.65,22.13,25899,57935785.00,2.32,1.16,0.26,3.01
2020-01-10,22.75,23.29,23.81,22.74,56793,132852648.00,4.72,2.83,0.64,6.61
2020-01-13,23.30,23.29,24.00,22.70,39262,90647925.00,5.58,0.00,0.00,4.57
2020-01-14,23.29,24.88,25.08,23.18,65719,158171227.00,8.16,6.83,1.59,7.65
2020-01-15,24.88,26.82,26.99,24.45,83265,214647077.00,10.21,7.80,1.94,9.69
2020-01-16,26.21,26.14,27.30,26.01,42573,112460128.00,4.81,-2.54,-0.68,4.95
2020-01-17,26.31,26.18,26.40,25.51,30415,79262933.00,3.40,0.15,0.04,3.54
2020-01-20,26.08,26.42,26.83,25.96,31386,82775595.00,3.32,0.92,0.24,3.65
2020-01-21,26.40,27.11,27.55,26.11,46050,124687794.00,5.45,2.61,0.69,5.36
2020-01-22,27.00,27.26,27.34,26.60,31678,85473175.00,2.73,0.55,0.15,3.69
2020-01-23,26.82,27.19,27.50,25.92,31013,82699409.00,5.80,-0.26,-0.07,3.61
2020-02-03,24.47,24.47,24.47,24.47,5776,14133872.00,0.00,-10.00,-2.72,0.67
2020-02-04,22.02,22.70,23.96,22.02,59068,132983886.00,7.93,-7.23,-1.77,6.87
2020-02-05,22.70,22.80,23.28,22.58,37438,85898837.00,3.08,0.44,0.10,4.36
2020-02-06,22.68,23.02,23.52,22.50,38065,87332428.00,4.47,0.96,0.22,4.43
2020-02-07,22.77,22.85,23.32,22.75,25176,57692271.00,2.48,-0.74,-0.17,2.93
2020-02-10,22.80,25.14,25.14,22.80,78453,193792532.00,10.24,10.02,2.29,9.13
2020-02-11,25.19,23.80,25.78,23.77,72049,176623670.00,8.00,-5.33,-1.34,8.38
2020-02-12,23.50,26.18,26.18,23.38,107018,271093856.00,11.76,10.00,2.38,12.45
2020-02-13,28.58,28.65,28.80,27.01,197030,558549232.00,6.84,9.43,2.47,22.93
2020-02-14,28.00,30.60,31.38,27.35,172871,505337648.00,14.07,6.81,1.95,20.12
2020-02-17,30.70,30.61,31.60,29.93,113593,347727184.00,5.46,0.03,0.01,13.22
2020-02-18,30.24,31.79,32.75,30.24,100962,319164160.00,8.20,3.85,1.18,11.75
2020-02-19,30.86,30.13,31.79,29.70,68660,211008124.00,6.57,-5.22,-1.66,7.99
2020-02-20,30.80,31.29,31.60,29.23,86143,261681826.00,7.87,3.85,1.16,10.02
2020-02-21,30.60,31.00,32.16,30.33,85685,267687916.00,5.85,-0.93,-0.29,9.97
2020-02-24,32.16,32.61,33.79,29.60,110187,357339264.00,13.52,5.19,1.61,12.82
2020-02-25,31.48,32.80,33.32,30.50,77252,246320125.00,8.65,0.58,0.19,8.99
2020-02-26,32.10,33.05,34.98,31.98,87731,296926576.00,9.15,0.76,0.25,10.21
2020-02-27,33.50,31.84,34.88,31.29,67381,217418075.00,10.86,-3.66,-1.21,7.84
2020-02-28,29.26,29.14,30.89,29.00,52957,158435796.00,5.94,-8.48,-2.70,6.16
2020-03-02,29.70,30.05,30.58,29.70,47907,144330109.00,3.02,3.12,0.91,5.57
2020-03-03,30.88,29.57,31.69,28.89,67413,203436271.00,9.32,-1.60,-0.48,7.84
2020-03-04,29.09,28.56,29.49,28.13,57710,165409231.00,4.60,-3.42,-1.01,6.72
2020-03-05,29.19,28.71,29.34,28.50,38859,112096345.00,2.94,0.53,0.15,4.52
2020-03-06,28.63,28.61,29.14,27.99,39717,114250014.00,4.01,-0.35,-0.10,4.62
2020-03-09,28.63,27.18,29.07,26.89,50250,139927389.00,7.62,-5.00,-1.43,5.85
2020-03-10,27.15,28.20,28.30,26.18,51246,141068766.00,7.80,3.75,1.02,5.96
2020-03-11,28.46,28.43,29.84,28.21,74673,216893567.00,5.78,0.82,0.23,8.69
2020-03-12,27.18,27.96,28.50,27.18,36097,100451346.00,4.64,-1.65,-0.47,4.20
2020-03-13,26.79,28.05,28.20,26.42,30904,85138751.00,6.37,0.32,0.09,3.60
2020-03-16,28.16,26.00,28.67,26.00,39481,107110935.00,9.52,-7.31,-2.05,4.59
2020-03-17,26.00,25.60,26.63,24.19,41985,106865683.00,9.38,-1.54,-0.40,4.89
2020-03-18,26.00,24.99,26.45,24.90,37495,96216896.00,6.05,-2.38,-0.61,4.36
2020-03-19,25.24,25.10,25.65,24.60,34861,87504548.00,4.20,0.44,0.11,4.06
2020-03-20,25.51,25.53,25.74,25.12,35372,89825235.00,2.47,1.71,0.43,4.12
2020-03-23,24.78,23.51,24.91,23.39,38264,92139502.00,5.95,-7.91,-2.02,4.45
2020-03-24,23.92,24.89,24.89,23.85,45344,110470844.00,4.42,5.87,1.38,5.28
2020-03-25,25.50,27.30,27.38,25.41,69495,184514350.00,7.91,9.68,2.41,8.09
2020-03-26,26.15,25.59,26.75,25.35,62695,161734228.00,5.13,-6.26,-1.71,7.30
2020-03-27,25.81,25.11,26.55,25.01,33532,86584332.00,6.02,-1.88,-0.48,3.90
2020-03-30,24.32,24.70,25.44,23.80,35868,87621434.00,6.53,-1.63,-0.41,4.17
2020-03-31,24.86,24.27,25.05,24.09,19313,47199312.00,3.89,-1.74,-0.43,2.25
2020-04-01,24.38,25.00,25.81,24.20,34570,86571047.00,6.63,3.01,0.73,4.02
2020-04-02,24.77,25.58,25.79,24.57,24057,60664230.00,4.88,2.32,0.58,2.80
2020-04-03,25.88,25.00,25.88,24.93,21340,53949990.00,3.71,-2.27,-0.58,2.48
2020-04-07,25.53,26.00,26.58,25.51,32251,84198915.00,4.28,4.00,1.00,3.75
2020-04-08,25.90,26.02,26.42,25.60,23132,60126914.00,3.15,0.08,0.02,2.69
2020-04-09,26.21,26.02,26.57,25.89,22560,58949245.00,2.61,0.00,0.00,2.63
2020-04-10,26.08,25.76,26.08,25.51,17287,44536055.00,2.19,-1.00,-0.26,2.01
2020-04-13,25.33,25.12,25.73,25.07,16086,40770520.00,2.56,-2.48,-0.64,1.87
2020-04-14,25.28,25.62,25.90,25.28,16761,42804434.00,2.47,1.99,0.50,1.95
2020-04-15,25.62,26.45,26.57,25.45,35427,92770609.00,4.37,3.24,0.83,4.12
2020-04-16,26.04,26.27,26.55,25.68,49066,127802975.00,3.29,-0.68,-0.18,5.71
2020-04-17,26.53,27.68,28.19,26.29,76665,209971033.00,7.23,5.37,1.41,8.92
2020-04-20,27.50,28.16,28.60,27.18,58702,163895324.00,5.13,1.73,0.48,6.83
2020-04-21,28.90,28.50,29.49,27.86,77788,222707832.00,5.79,1.21,0.34,9.05
2020-04-22,27.65,27.80,28.26,27.64,34112,95082311.00,2.18,-2.46,-0.70,3.97
2020-04-23,27.65,27.32,27.78,27.10,28537,78104937.00,2.45,-1.73,-0.48,3.32
2020-04-24,27.26,26.59,27.26,26.24,27049,72072430.00,3.73,-2.67,-0.73,3.15
2020-04-27,27.01,27.92,28.06,26.67,50082,137865418.00,5.23,5.00,1.33,5.83
2020-04-28,27.55,26.67,27.98,25.50,47724,127904751.00,8.88,-4.48,-1.25,5.55
2020-04-29,26.40,26.75,27.43,26.39,28321,76291678.00,3.90,0.30,0.08,3.30
2020-04-30,27.10,28.00,28.20,26.82,49573,137722777.00,5.16,4.67,1.25,5.77
2020-05-06,27.67,28.54,28.63,27.67,42292,119505877.00,3.43,1.93,0.54,4.92
2020-05-07,28.55,28.02,28.67,28.00,31067,87659270.00,2.35,-1.82,-0.52,3.62
2020-05-08,28.26,28.91,29.00,28.14,39614,113508195.00,3.07,3.18,0.89,4.61
2020-05-11,29.02,28.96,29.58,28.70,41060,119481266.00,3.04,0.17,0.05,4.78
2020-05-12,29.30,29.75,29.98,28.83,44671,132224583.00,3.97,2.73,0.79,5.20
2020-05-13,29.37,29.76,30.05,29.30,33152,98215792.00,2.52,0.03,0.01,3.86
2020-05-14,29.85,29.78,30.11,29.50,34998,104449866.00,2.05,0.07,0.02,4.07
2020-05-15,29.80,29.30,30.08,29.28,32985,97751265.00,2.69,-1.61,-0.48,3.84
2020-05-18,29.16,29.57,30.22,29.16,34828,103884045.00,3.62,0.92,0.27,4.05
2020-05-19,29.92,29.49,30.19,29.30,23341,69171633.00,3.01,-0.27,-0.08,2.72
2020-05-20,29.70,28.89,29.70,28.69,25139,73200896.00,3.42,-2.03,-0.60,2.93
2020-05-21,28.99,28.70,29.58,28.68,29373,85720166.00,3.12,-0.66,-0.19,3.42
2020-05-22,28.71,28.76,30.67,28.40,68086,200348767.00,7.91,0.21,0.06,7.92
2020-05-25,29.25,28.20,29.47,28.10,39393,113211736.00,4.76,-1.95,-0.56,4.58
2020-05-26,28.01,29.02,29.04,27.95,29761,84975916.00,3.87,2.91,0.82,3.47
2020-05-27,29.14,30.22,31.49,29.02,74840,228575167.00,8.51,4.14,1.20,8.73
2020-05-28,30.00,30.10,30.50,29.77,46507,139904121.00,2.42,-0.40,-0.12,5.42
2020-05-29,30.12,30.30,30.80,29.58,43585,130815098.00,4.05,0.66,0.20,5.08
2020-06-01,30.18,31.00,31.65,30.17,46331,143775674.00,4.88,2.31,0.70,5.40
2020-06-02,30.93,31.27,31.65,30.77,36609,114486823.00,2.84,0.87,0.27,4.27
2020-06-03,31.27,31.26,31.88,30.74,43950,137503642.00,3.65,-0.03,-0.01,5.13
2020-06-04,31.40,31.39,31.74,31.01,20285,63677124.00,2.34,0.42,0.13,2.37
2020-06-05,31.60,31.71,33.00,31.28,43926,140757143.00,5.48,1.02,0.32,5.12
2020-06-08,31.73,32.00,32.55,31.71,25812,82723234.00,2.65,0.91,0.29,3.01
2020-06-09,32.20,31.57,32.25,31.39,28023,89003740.00,2.69,-1.34,-0.43,3.27
2020-06-10,31.69,31.40,31.89,31.34,20339,64145111.00,1.74,-0.54,-0.17,2.37
2020-06-11,31.31,32.40,33.64,31.31,63098,206960150.00,7.42,3.18,1.00,7.36
2020-06-12,31.79,32.48,32.69,31.74,35086,113409653.00,2.93,0.25,0.08,4.09
2020-06-15,33.51,30.80,33.58,30.58,50139,156992441.00,9.24,-5.17,-1.68,5.85
2020-06-16,31.01,31.30,31.45,30.42,33059,102100383.00,3.34,1.62,0.50,3.86
2020-06-17,31.26,31.00,31.80,30.79,25762,80335374.00,3.23,-0.96,-0.30,3.01
2020-06-18,31.40,30.71,31.40,30.24,22415,68637597.00,3.74,-0.94,-0.29,2.61
2020-06-19,30.79,30.65,30.95,30.40,26443,80982013.00,1.79,-0.20,-0.06,3.08
2020-06-22,30.70,30.17,30.85,30.00,33362,101092518.00,2.77,-1.57,-0.48,3.89
2020-06-23,30.41,29.86,32.22,29.86,53956,166237810.00,7.82,-1.03,-0.31,6.29
2020-06-24,29.45,29.35,29.94,29.14,36775,108117669.00,2.68,-1.71,-0.51,4.29
2020-06-29,32.29,31.63,32.29,30.63,154388,487585424.00,5.66,7.77,2.28,18.01
2020-06-30,31.41,34.79,34.79,31.31,143127,481415696.00,11.00,9.99,3.16,16.71
2020-07-01,35.20,36.05,36.60,34.41,158752,562312976.00,6.29,3.62,1.26,18.53
2020-07-02,35.85,35.19,36.20,34.83,94425,333570048.00,3.80,-2.39,-0.86,11.02
2020-07-03,34.88,35.35,35.58,34.70,83241,292275632.00,2.50,0.45,0.16,9.72
2020-07-06,35.60,36.03,36.34,34.71,109980,391696832.00,4.61,1.92,0.68,12.84
2020-07-07,35.71,36.69,37.88,35.01,114649,415124656.00,7.97,1.83,0.66,13.38
2020-07-08,36.10,38.26,39.17,35.82,113098,425010352.00,9.13,4.28,1.57,13.20
2020-07-09,37.99,38.05,38.83,37.21,103751,394033888.00,4.23,-0.55,-0.21,12.11
2020-07-10,38.20,37.92,39.28,37.42,74447,285005376.00,4.89,-0.34,-0.13,8.69
2020-07-13,36.69,38.50,39.11,35.00,130586,476976864.00,10.84,1.53,0.58,15.24
2020-07-14,38.58,37.33,39.50,36.03,93683,356094592.00,9.01,-3.04,-1.17,10.94
2020-07-15,37.96,35.66,37.96,35.66,61539,223953017.00,6.16,-4.47,-1.67,7.18
2020-07-16,35.79,34.42,36.15,34.38,52979,188004870.00,4.96,-3.48,-1.24,6.18
2020-07-17,34.20,35.24,35.80,34.00,36911,128826843.00,5.23,2.38,0.82,4.31
2020-07-20,35.52,36.64,36.90,35.50,48158,174619309.00,3.97,3.97,1.40,5.62
2020-07-21,36.86,36.36,37.34,36.09,40866,149166022.00,3.41,-0.76,-0.28,4.77
2020-07-22,36.60,36.19,37.04,36.00,41496,151816842.00,2.86,-0.47,-0.17,4.84
2020-07-23,36.01,37.62,37.67,36.01,76148,281458240.00,4.59,3.95,1.43,8.89
2020-07-24,40.50,41.38,41.38,40.27,223750,922192208.00,2.95,9.99,3.76,26.12
2020-07-27,41.00,38.62,41.00,37.71,162499,635890096.00,7.95,-6.67,-2.76,18.97
2020-07-28,38.74,39.32,41.06,38.20,116801,463346720.00,7.41,1.81,0.70,13.64
2020-07-29,38.20,39.87,40.29,37.50,95792,375736336.00,7.10,1.40,0.55,11.18
2020-07-30,40.00,38.57,40.58,38.08,89205,349857600.00,6.27,-3.26,-1.30,10.41
2020-07-31,38.70,38.10,39.00,37.80,64833,247810553.00,3.11,-1.22,-0.47,7.57
2020-08-03,38.78,41.62,41.85,38.15,113516,457430992.00,9.71,9.24,3.52,13.25
2020-08-04,45.78,42.92,45.78,42.50,178782,791524512.00,7.88,3.12,1.30,20.87
2020-08-05,42.60,46.00,47.21,42.50,161683,729787728.00,10.97,7.18,3.08,18.87
2020-08-06,45.10,44.54,46.30,44.04,106690,479370400.00,4.91,-3.17,-1.46,12.46
2020-08-07,44.33,46.40,48.41,43.63,120923,557994768.00,10.73,4.18,1.86,14.12
2020-08-10,46.77,48.05,49.88,46.50,133840,642876864.00,7.28,3.56,1.65,15.62
2020-08-11,46.51,47.88,50.74,46.51,93979,459215792.00,8.80,-0.35,-0.17,10.97
2020-08-12,47.00,44.49,47.88,43.09,97569,435770752.00,10.00,-7.08,-3.39,11.39
2020-08-13,45.10,46.45,47.69,43.75,77744,357085296.00,8.86,4.41,1.96,9.08
2020-08-14,45.94,46.71,47.97,45.30,65164,304472416.00,5.75,0.56,0.26,7.61
2020-08-17,47.95,51.38,51.38,47.60,116961,582555632.00,8.09,10.00,4.67,13.65
2020-08-18,50.85,51.29,53.80,50.68,111807,582809216.00,6.07,-0.18,-0.09,13.05
2020-08-19,51.52,48.95,52.33,48.12,83005,409652736.00,8.21,-4.56,-2.34,9.69
2020-08-20,48.33,48.25,49.90,47.60,58844,286023664.00,4.70,-1.43,-0.70,6.87
2020-08-21,48.79,46.97,49.55,45.50,75495,353491040.00,8.39,-2.65,-1.28,8.81
2020-08-24,46.53,45.77,46.58,45.16,43026,197017635.00,3.02,-2.55,-1.20,5.02
2020-08-25,46.30,44.03,46.38,43.65,62288,277458128.00,5.96,-3.80,-1.74,7.27
2020-08-26,44.05,43.51,44.20,42.20,40253,174089818.00,4.54,-1.18,-0.52,4.70
2020-08-27,43.44,44.88,45.50,42.52,48294,214960162.00,6.85,3.15,1.37,5.64
2020-08-28,44.80,44.80,45.27,43.80,38800,172736376.00,3.28,-0.18,-0.08,4.53
2020-08-31,44.60,45.10,45.98,44.58,37325,168855893.00,3.13,0.67,0.30,4.36
2020-09-01,45.45,47.26,47.84,44.80,51081,238386244.00,6.74,4.79,2.16,5.96
2020-09-02,46.92,45.89,47.18,45.50,40196,185962794.00,3.55,-2.90,-1.37,4.69
2020-09-03,45.60,43.11,45.60,42.98,52125,228145898.00,5.71,-6.06,-2.78,6.09
2020-09-04,42.32,42.98,43.10,41.68,25201,106954836.00,3.29,-0.30,-0.13,2.94
2020-09-07,42.61,41.80,43.28,41.35,27512,116259833.00,4.49,-2.75,-1.18,3.21
2020-09-08,41.65,40.60,42.00,39.53,34874,141871711.00,5.91,-2.87,-1.20,4.07
2020-09-09,40.38,39.97,41.25,38.80,30304,121439990.00,6.03,-1.55,-0.63,3.54
2020-09-10,40.20,37.90,40.58,37.50,34204,132967190.00,7.71,-5.18,-2.07,3.99
2020-09-11,37.64,38.14,38.45,37.00,36702,138954815.00,3.83,0.63,0.24,4.28
2020-09-14,38.45,38.38,39.08,37.95,27545,106105609.00,2.96,0.63,0.24,3.22
2020-09-15,38.39,38.65,38.91,37.96,24525,94123314.00,2.48,0.70,0.27,2.86
2020-09-16,38.42,37.65,38.50,37.38,29215,110646303.00,2.90,-2.59,-1.00,3.41
2020-09-17,37.68,38.40,38.88,37.20,29030,110805952.00,4.46,1.99,0.75,3.39
2020-09-18,38.41,39.60,40.29,38.39,38450,152195456.00,4.95,3.13,1.20,4.49
2020-09-21,39.96,41.04,42.35,39.30,46180,189996153.00,7.70,3.64,1.44,5.39
2020-09-22,40.35,39.80,40.41,39.35,25996,103197571.00,2.58,-3.02,-1.24,3.03
2020-09-23,39.60,39.38,39.76,39.00,23387,91899374.00,1.91,-1.06,-0.42,2.73
2020-09-24,38.99,38.50,39.09,38.09,22749,87573696.00,2.54,-2.23,-0.88,2.66
2020-09-25,38.03,38.56,39.21,38.03,16172,62532850.00,3.06,0.16,0.06,1.89
2020-09-28,39.05,39.45,40.19,38.90,32382,127974175.00,3.35,2.31,0.89,3.78
2020-09-29,39.55,40.10,40.45,39.23,37406,149328558.00,3.09,1.65,0.65,4.37
2020-09-30,40.12,40.68,41.08,39.63,34765,140579637.00,3.62,1.45,0.58,4.06
2020-10-09,42.42,44.38,44.48,42.05,68347,297651696.00,5.97,9.10,3.70,7.98
2020-10-12,44.80,45.75,48.48,44.05,100202,460199600.00,9.98,3.09,1.37,11.70
2020-10-13,45.75,45.27,46.66,45.02,69206,316787952.00,3.58,-1.05,-0.48,8.08
2020-10-14,45.08,45.60,46.55,44.99,56249,257214435.00,3.45,0.73,0.33,6.57
2020-10-15,45.50,46.35,47.55,45.35,62606,291517136.00,4.82,1.64,0.75,7.31
2020-10-16,46.24,45.58,46.34,44.82,47780,217170973.00,3.28,-1.66,-0.77,5.58
2020-10-19,45.49,46.37,47.17,45.00,69006,318481680.00,4.76,1.73,0.79,8.06
2020-10-20,46.28,46.68,46.86,45.32,47716,220478158.00,3.32,0.67,0.31,5.57
2020-10-21,46.46,45.42,46.47,45.15,43386,197868193.00,2.83,-2.70,-1.26,5.06
2020-10-22,45.02,42.82,45.02,41.88,73734,315353952.00,6.91,-5.72,-2.60,8.61
2020-10-23,42.79,41.32,43.71,41.29,39718,167609200.00,5.65,-3.50,-1.50,4.64
2020-10-26,41.31,41.95,42.40,40.61,44150,183689072.00,4.33,1.52,0.63,5.15
2020-10-27,42.02,43.15,43.50,41.54,43057,184585519.00,4.67,2.86,1.20,5.03
2020-10-28,42.75,43.07,43.50,42.32,30255,129421935.00,2.73,-0.19,-0.08,3.53
2020-10-29,42.05,42.55,42.95,41.80,23712,100641718.00,2.67,-1.21,-0.52,2.77
2020-10-30,43.20,41.00,43.20,41.00,39793,167538253.00,5.17,-3.64,-1.55,4.65
2020-11-02,40.96,40.79,41.48,40.31,31055,126677404.00,2.85,-0.51,-0.21,3.63
2020-11-03,41.30,42.05,42.18,41.00,31141,129867177.00,2.89,3.09,1.26,3.64
2020-11-04,42.11,41.51,42.29,40.96,29446,122101303.00,3.16,-1.28,-0.54,3.44
2020-11-05,41.79,41.19,41.95,40.40,35225,144801956.00,3.73,-0.77,-0.32,4.11
2020-11-06,40.98,39.73,41.19,39.20,35855,142911354.00,4.83,-3.54,-1.46,4.19
2020-11-09,39.86,41.43,41.72,39.85,35069,143655841.00,4.71,4.28,1.70,4.09
2020-11-10,40.83,39.84,40.83,38.51,51268,202641900.00,5.60,-3.84,-1.59,5.99
2020-11-11,39.51,38.58,39.85,38.50,26436,102874526.00,3.39,-3.16,-1.26,3.09
2020-11-12,38.62,37.90,38.94,37.72,21767,83027286.00,3.16,-1.76,-0.68,2.54
2020-11-13,37.70,38.19,38.37,37.43,22939,86993857.00,2.48,0.77,0.29,2.68
2020-11-16,38.00,38.62,39.69,37.50,42219,162949452.00,5.73,1.13,0.43,4.93
2020-11-17,38.61,37.79,38.87,37.61,21321,80829690.00,3.26,-2.15,-0.83,2.49
2020-11-18,37.78,37.58,37.97,37.33,21782,82035590.00,1.69,-0.56,-0.21,2.54
2020-11-19,37.26,38.40,38.84,37.01,31947,121878901.00,4.87,2.18,0.82,3.73
2020-11-20,38.50,38.94,40.17,38.20,32834,128575605.00,5.13,1.41,0.54,3.83
2020-11-23,39.00,41.00,41.50,38.78,75818,306571328.00,6.99,5.29,2.06,8.85
2020-11-24,40.89,40.24,41.25,40.00,34213,138095589.00,3.05,-1.85,-0.76,3.99
2020-11-25,40.14,39.63,40.19,39.23,22853,90473577.00,2.39,-1.52,-0.61,2.67
2020-11-26,39.66,39.86,40.10,38.99,25580,101187480.00,2.80,0.58,0.23,2.99
2020-11-27,39.80,41.08,41.68,38.80,47324,192486620.00,7.23,3.06,1.22,5.52
2020-11-30,41.15,40.40,41.15,39.90,31717,128212040.00,3.04,-1.66,-0.68,3.70
2020-12-01,40.40,40.72,40.96,40.01,25670,104319069.00,2.35,0.79,0.32,3.00
2020-12-02,40.70,40.65,41.14,40.31,20689,84050300.00,2.04,-0.17,-0.07,2.42
2020-12-03,40.65,40.03,40.65,39.70,18260,73252143.00,2.34,-1.53,-0.62,2.13
2020-12-04,39.68,40.10,40.46,39.68,16590,66541718.00,1.95,0.17,0.07,1.94
2020-12-07,40.53,40.45,40.90,40.06,28466,115107270.00,2.09,0.87,0.35,3.32
2020-12-08,40.29,39.78,40.39,39.25,23214,92364684.00,2.82,-1.66,-0.67,2.71
2020-12-09,39.69,37.78,39.89,37.57,45670,174889646.00,5.83,-5.03,-2.00,5.33
2020-12-10,37.49,37.52,38.01,37.26,18769,70538484.00,1.99,-0.69,-0.26,2.19
2020-12-11,37.72,35.81,37.72,35.60,33400,121197697.00,5.65,-4.56,-1.71,3.90
2020-12-14,35.61,36.25,36.60,35.50,22334,80702941.00,3.07,1.23,0.44,2.61
2020-12-15,36.35,36.50,37.27,36.00,23351,85709119.00,3.50,0.69,0.25,2.73
2020-12-16,36.89,36.14,36.89,35.81,17315,62592950.00,2.96,-0.99,-0.36,2.02
2020-12-17,35.89,35.60,35.97,34.70,25717,90849690.00,3.51,-1.49,-0.54,3.00
2020-12-18,35.50,35.60,35.93,35.14,16931,60238641.00,2.22,0.00,0.00,1.98
2020-12-21,35.60,35.75,35.85,35.00,28563,101450967.00,2.39,0.42,0.15,3.33
2020-12-22,35.48,34.32,35.68,34.25,28775,100494648.00,4.00,-4.00,-1.43,3.36
2020-12-23,34.26,35.45,35.50,33.74,43083,148766538.00,5.13,3.29,1.13,5.03
2020-12-24,35.03,37.88,39.00,34.93,79468,302751664.00,11.48,6.85,2.43,9.28
2020-12-25,38.22,38.53,39.28,36.60,97170,367433568.00,7.07,1.72,0.65,11.34
2020-12-28,38.23,39.77,39.80,38.23,73087,286593488.00,4.07,3.22,1.24,8.53
2020-12-29,39.50,40.98,43.23,38.30,114913,467656288.00,12.40,3.04,1.21,13.42
2020-12-30,40.77,42.24,42.88,40.50,85631,359579488.00,5.81,3.07,1.26,10.00
2020-12-31,42.01,43.18,43.84,41.72,66288,285360608.00,5.02,2.23,0.94,7.74
2021-01-04,43.61,43.20,44.68,39.60,112018,475017408.00,11.76,0.05,0.02,13.08
2021-01-05,42.30,42.26,43.39,41.40,83769,355376336.00,4.61,-2.18,-0.94,9.78
2021-01-06,41.60,43.66,44.47,41.50,73054,316361712.00,7.03,3.31,1.40,8.53
2021-01-07,43.21,46.00,46.64,43.10,87688,398836096.00,8.11,5.36,2.34,10.24
2021-01-08,45.50,44.01,45.55,43.24,63768,280454720.00,5.02,-4.33,-1.99,7.44
2021-01-11,44.05,43.72,45.75,43.00,60883,271294656.00,6.25,-0.66,-0.29,7.11
2021-01-12,43.43,44.85,45.62,43.42,58897,263968932.00,5.03,2.58,1.13,6.88
2021-01-13,44.25,43.29,45.49,42.49,71654,316228352.00,6.69,-3.48,-1.56,8.36
2021-01-14,42.84,42.01,43.74,41.30,54571,230955726.00,5.64,-2.96,-1.28,6.37
2021-01-15,41.91,41.58,42.77,41.07,37043,154817143.00,4.05,-1.02,-0.43,4.32
2021-01-18,41.55,42.71,43.35,40.75,50163,211276787.00,6.25,2.72,1.13,5.86
2021-01-19,42.73,41.55,43.11,41.35,38484,161368770.00,4.12,-2.72,-1.16,4.49
2021-01-20,41.55,45.18,45.68,41.52,79870,354534224.00,10.01,8.74,3.63,9.32
2021-01-21,44.87,44.13,45.31,43.65,56133,248863259.00,3.67,-2.32,-1.05,6.55
2021-01-22,43.90,47.50,47.55,43.60,103409,475434688.00,8.95,7.64,3.37,12.07
2021-01-25,46.65,45.71,47.10,45.30,84780,390012960.00,3.79,-3.77,-1.79,9.90
2021-01-26,45.12,42.37,45.45,41.64,68180,293487952.00,8.34,-7.31,-3.34,7.96
2021-01-27,42.16,42.20,43.34,41.79,42233,179715395.00,3.66,-0.40,-0.17,4.93
2021-01-28,41.30,39.90,42.50,39.80,49449,202800283.00,6.40,-5.45,-2.30,5.77
2021-01-29,40.08,38.18,40.69,36.96,53985,205625938.00,9.35,-4.31,-1.72,6.30
2021-02-01,37.95,36.16,37.95,35.99,51219,187537195.00,5.13,-5.29,-2.02,5.98
2021-02-02,36.16,37.05,37.38,36.10,36340,133159928.00,3.54,2.46,0.89,4.24
2021-02-03,37.00,35.38,37.18,35.23,41910,151266235.00,5.26,-4.51,-1.67,4.89
2021-02-04,35.39,35.90,36.42,34.88,32316,115481265.00,4.35,1.47,0.52,3.77
2021-02-05,36.00,34.88,36.48,34.31,26968,95091560.00,6.04,-2.84,-1.02,3.15
2021-02-08,34.81,35.00,35.68,34.19,23551,82487267.00,4.27,0.34,0.12,2.75
2021-02-09,35.02,36.88,37.12,34.86,31248,113838145.00,6.46,5.37,1.88,3.65
2021-02-10,36.88,36.94,37.35,36.16,23209,85477592.00,3.23,0.16,0.06,2.71
2021-02-18,37.28,36.75,37.77,36.63,32589,120995874.00,3.09,-0.51,-0.19,3.80
2021-02-19,36.59,38.85,39.33,36.59,44174,166711533.00,7.46,5.71,2.10,5.16
2021-02-22,39.02,37.21,39.59,37.01,51915,199621097.00,6.64,-4.22,-1.64,6.06
2021-02-23,37.01,37.59,37.78,36.02,29738,110319200.00,4.73,1.02,0.38,3.47
2021-02-24,37.41,37.62,38.50,37.18,30804,116417358.00,3.51,0.08,0.03,3.60
2021-02-25,37.65,37.02,38.24,37.02,24385,91561223.00,3.24,-1.59,-0.60,2.85
2021-02-26,36.70,36.05,36.96,35.60,23963,86715381.00,3.67,-2.62,-0.97,2.80
2021-03-01,36.06,37.02,37.14,36.06,19362,71236538.00,3.00,2.69,0.97,2.26
2021-03-02,37.18,37.08,37.35,36.36,19346,71201248.00,2.67,0.16,0.06,2.26
2021-03-03,36.51,36.43,36.89,35.90,29837,108645325.00,2.67,-1.75,-0.65,3.48
2021-03-04,36.18,35.38,36.66,35.16,24679,88440826.00,4.12,-2.88,-1.05,2.88
2021-03-05,35.37,36.57,36.92,34.84,28106,101840416.00,5.88,3.36,1.19,3.28
2021-03-08,36.97,35.20,37.28,35.10,31519,114583792.00,5.96,-3.75,-1.37,3.68
2021-03-09,35.30,33.23,35.49,32.81,35224,118942241.00,7.61,-5.60,-1.97,4.11
2021-03-10,33.24,32.98,33.67,32.71,16975,56257076.00,2.89,-0.75,-0.25,1.98
2021-03-11,33.00,33.88,34.15,32.38,19897,66380301.00,5.37,2.73,0.90,2.32
2021-03-12,34.15,35.18,35.21,33.49,29113,100494643.00,5.08,3.84,1.30,3.40
2021-03-15,34.50,35.92,36.50,34.09,38168,135512973.00,6.85,2.10,0.74,4.46
2021-03-16,35.73,36.88,37.18,35.30,35655,130739620.00,5.23,2.67,0.96,4.16
2021-03-17,36.88,38.27,39.16,36.45,55557,212253129.00,7.35,3.77,1.39,6.49
2021-03-18,38.10,38.21,38.61,37.40,27165,103219671.00,3.16,-0.16,-0.06,3.17
2021-03-19,38.78,37.99,39.16,37.76,41838,161212754.00,3.66,-0.58,-0.22,4.88
2021-03-22,38.00,38.54,39.62,37.99,38777,150671530.00,4.29,1.45,0.55,4.53
2021-03-23,38.48,37.83,39.03,37.60,24789,94316207.00,3.71,-1.84,-0.71,2.89
2021-03-24,37.65,36.24,37.65,35.79,31951,116701097.00,4.92,-4.20,-1.59,3.73
2021-03-25,35.58,35.45,36.46,35.24,21388,76538985.00,3.37,-2.18,-0.79,2.50
2021-03-26,35.48,35.58,35.86,35.30,22056,78191500.00,1.58,0.37,0.13,2.57
2021-03-29,35.95,35.53,36.05,34.40,44350,155425890.00,4.64,-0.14,-0.05,5.18
2021-03-30,35.29,34.79,35.40,34.72,29397,102738749.00,1.91,-2.08,-0.74,3.43
2021-03-31,34.89,33.72,34.95,33.71,27515,93595348.00,3.56,-3.08,-1.07,3.21
2021-04-01,34.01,34.11,34.12,33.30,37347,125704329.00,2.43,1.16,0.39,4.36
2021-04-02,34.07,33.99,34.11,33.34,25527,86109590.00,2.26,-0.35,-0.12,2.98
2021-04-06,34.44,33.82,34.46,33.73,32333,110072435.00,2.15,-0.50,-0.17,3.77
2021-04-07,33.67,33.33,33.75,33.06,25038,83272223.00,2.04,-1.45,-0.49,2.92
2021-04-08,33.32,34.93,35.42,32.90,58195,199450899.00,7.56,4.80,1.60,6.79
2021-04-09,34.85,34.80,35.48,34.11,53623,186599822.00,3.92,-0.37,-0.13,6.26
2021-04-12,34.65,33.15,34.78,33.06,33366,112409926.00,4.94,-4.74,-1.65,3.90
2021-04-13,33.12,33.19,33.40,32.90,14575,48288692.00,1.51,0.12,0.04,1.70
2021-04-14,33.17,33.26,33.44,32.98,16540,54851675.00,1.39,0.21,0.07,1.93
2021-04-15,33.26,32.77,33.26,32.50,18428,60469814.00,2.29,-1.47,-0.49,2.15
2021-04-16,32.68,33.22,33.45,32.66,21290,70292600.00,2.41,1.37,0.45,2.49
2021-04-19,33.22,33.76,34.30,33.10,33544,113599861.00,3.61,1.63,0.54,3.92
2021-04-20,34.35,34.22,35.08,34.08,45510,157139509.00,2.96,1.36,0.46,5.31
2021-04-21,34.23,33.46,34.23,33.09,25385,85035204.00,3.33,-2.22,-0.76,2.96
2021-04-22,33.74,33.47,33.80,33.30,16264,54474500.00,1.49,0.03,0.01,1.90
2021-04-23,33.48,32.61,33.48,32.60,28212,92490651.00,2.63,-2.57,-0.86,3.29
2021-04-26,32.61,31.55,32.86,31.49,38180,122752990.00,4.20,-3.25,-1.06,4.46
2021-04-27,31.50,30.12,31.58,29.92,35863,108930332.00,5.26,-4.53,-1.43,4.19
2021-04-28,30.23,30.34,30.45,29.65,27459,82246138.00,2.66,0.73,0.22,3.21
2021-04-29,30.49,30.50,30.52,30.10,15916,48308819.00,1.38,0.53,0.16,1.86
2021-04-30,30.39,30.25,30.48,29.70,19947,59692083.00,2.56,-0.82,-0.25,2.33
2021-05-06,30.10,30.18,30.36,29.50,11660,35095799.00,2.84,-0.23,-0.07,1.36
2021-05-07,30.14,30.01,30.25,29.81,12978,38931782.00,1.46,-0.56,-0.17,1.52
2021-05-10,29.91,29.38,30.18,29.38,14907,44121496.00,2.67,-2.10,-0.63,1.74
2021-05-11,29.60,29.84,30.22,29.50,13632,40600196.00,2.45,1.57,0.46,1.59
2021-05-12,29.75,29.58,29.75,29.30,10428,30719806.00,1.51,-0.87,-0.26,1.22
2021-05-13,29.46,29.42,29.83,29.20,9930,29355686.00,2.13,-0.54,-0.16,1.16
2021-05-14,29.40,29.84,29.87,29.33,12777,37926848.00,1.84,1.43,0.42,1.49
2021-05-17,30.06,29.92,30.40,29.87,14523,43679394.00,1.78,0.27,0.08,1.70
2021-05-18,29.85,30.61,30.62,29.56,20341,61594379.00,3.54,2.31,0.69,2.37
2021-05-19,30.40,30.15,30.61,30.15,14260,43206145.00,1.50,-1.50,-0.46,1.66
2021-05-20,29.93,30.03,30.30,29.90,9414,28311975.00,1.33,-0.40,-0.12,1.10
2021-05-21,29.98,29.45,30.13,29.32,14117,41849312.00,2.70,-1.93,-0.58,1.65
2021-05-24,29.30,29.24,29.47,28.91,18673,54326700.00,1.90,-0.71,-0.21,2.18
2021-05-25,29.23,29.74,29.95,28.91,20883,61633507.00,3.56,1.71,0.50,2.44
2021-05-26,29.73,30.35,30.67,29.64,25308,76733397.00,3.46,2.05,0.61,2.95
2021-05-27,30.40,30.31,30.45,30.07,15504,46991365.00,1.25,-0.13,-0.04,1.81
2021-05-28,30.22,30.20,30.33,29.84,18905,56821120.00,1.62,-0.36,-0.11,2.21
2021-05-31,30.04,30.88,30.96,30.04,20979,64399515.00,3.05,2.25,0.68,2.45
2021-06-01,31.01,30.97,31.20,30.77,18270,56596124.00,1.39,0.29,0.09,2.13
2021-06-02,31.00,30.16,31.00,30.13,18859,57556907.00,2.81,-2.62,-0.81,2.20
2021-06-03,30.26,29.84,30.40,29.81,13239,39903810.00,1.96,-1.06,-0.32,1.55
2021-06-04,30.27,30.48,30.88,30.22,18323,55902766.00,2.21,2.14,0.64,2.14
2021-06-07,30.54,33.29,33.53,30.47,72931,236874684.00,10.04,9.22,2.81,8.51
2021-06-08,33.04,32.71,33.21,32.26,44419,145539266.00,2.85,-1.74,-0.58,5.19
2021-06-09,32.79,32.39,33.20,32.04,29745,96475104.00,3.55,-0.98,-0.32,3.47
2021-06-10,32.39,32.48,32.70,32.09,21916,71081123.00,1.88,0.28,0.09,2.56
2021-06-11,32.44,31.22,32.45,31.20,29439,92998828.00,3.85,-3.88,-1.26,3.44
2021-06-15,31.37,31.90,31.90,30.81,21925,68858215.00,3.49,2.18,0.68,2.56
2021-06-16,31.97,32.29,33.42,31.50,49635,162543925.00,6.02,1.22,0.39,5.79
2021-06-17,33.75,33.41,34.40,32.58,79002,263606650.00,5.64,3.47,1.12,9.22
2021-06-18,32.65,33.18,33.64,32.35,51142,168008631.00,3.86,-0.69,-0.23,5.97
2021-06-21,32.65,33.12,33.50,32.07,42036,138265097.00,4.31,-0.18,-0.06,4.91
2021-06-22,33.46,32.92,33.48,32.71,27601,91295352.00,2.32,-0.60,-0.20,3.22
2021-06-23,32.95,33.88,34.25,32.95,39672,133535120.00,3.95,2.92,0.96,4.63
2021-06-24,33.70,32.84,34.53,32.84,31902,107535978.00,4.99,-3.07,-1.04,3.72
2021-06-25,32.85,32.77,33.15,32.40,19947,65446374.00,2.28,-0.21,-0.07,2.33
2021-06-28,32.80,32.31,32.94,31.90,32344,104290110.00,3.17,-1.40,-0.46,3.78
2021-06-29,32.30,31.82,32.56,31.56,18517,59210938.00,3.10,-1.52,-0.49,2.16
2021-06-30,31.65,32.36,32.40,31.62,16040,51550695.00,2.45,1.70,0.54,1.87
2021-07-01,32.36,31.30,32.36,31.27,17981,57202404.00,3.37,-3.28,-1.06,2.10
2021-07-02,31.00,30.89,31.20,30.20,21955,67235869.00,3.19,-1.31,-0.41,2.56
2021-07-05,30.85,32.65,32.73,30.85,27980,90081465.00,6.09,5.70,1.76,3.27
2021-07-06,32.66,33.09,33.28,32.10,26491,87038601.00,3.61,1.35,0.44,3.09
2021-07-07,32.99,33.25,33.41,32.51,18180,60147316.00,2.72,0.48,0.16,2.12
2021-07-08,33.01,34.14,34.39,33.01,39678,134850258.00,4.15,2.68,0.89,4.63
2021-07-09,33.91,34.31,34.60,33.68,27201,93005007.00,2.69,0.50,0.17,3.18
2021-07-12,34.31,35.51,35.80,34.02,35699,125628236.00,5.19,3.50,1.20,4.17
2021-07-13,35.49,35.09,35.62,34.60,26735,93739264.00,2.87,-1.18,-0.42,3.12
2021-07-14,35.00,35.06,35.56,34.22,24551,85576673.00,3.82,-0.09,-0.03,2.87
2021-07-15,35.05,34.63,35.05,33.82,22046,75973877.00,3.51,-1.23,-0.43,2.57
2021-07-16,34.06,33.98,34.83,33.62,26063,89161050.00,3.49,-1.88,-0.65,3.04
