2017-10-23,12.01,12.01,12.01,12.01,36,43236.00,0.00,9.98,1.09,0.01
2017-10-24,13.21,13.21,13.21,13.21,66,86908.00,0.00,9.99,1.20,0.02
2017-10-25,14.53,14.53,14.53,14.53,35,50855.00,0.00,9.99,1.32,0.01
2017-10-26,15.98,15.98,15.98,15.98,108,171800.00,0.00,9.98,1.45,0.03
2017-10-27,17.58,17.58,17.58,17.58,148,259357.00,0.00,10.01,1.60,0.04
2017-10-30,19.34,19.34,19.34,19.34,370,715754.00,0.00,10.01,1.76,0.11
2017-10-31,21.27,21.27,21.27,21.27,434,922118.00,0.00,9.98,1.93,0.13
2017-11-03,23.40,23.40,23.40,23.40,1252,2929680.00,0.00,10.01,2.13,0.38
2017-11-06,25.74,25.74,25.74,25.74,533,1371942.00,0.00,10.00,2.34,0.16
2017-11-07,28.31,28.31,28.31,28.31,1110,3143485.00,0.00,9.98,2.57,0.33
2017-11-08,31.14,31.14,31.14,31.14,1586,4938866.00,0.00,10.00,2.83,0.48
2017-11-09,34.25,34.25,34.25,34.25,1122,3843021.00,0.00,9.99,3.11,0.34
2017-11-10,37.68,37.68,37.68,37.68,1018,3833977.00,0.00,10.01,3.43,0.31
2017-11-13,41.45,41.45,41.45,41.45,38224,158439764.00,0.00,10.01,3.77,11.47
2017-11-14,41.89,43.50,45.50,40.10,213239,909399792.00,13.03,4.95,2.05,63.96
2017-11-15,40.47,39.15,40.48,39.15,65108,257017451.00,3.06,-10.00,-4.35,19.53
2017-11-16,36.80,35.25,38.58,35.24,129664,474370784.00,8.53,-9.96,-3.90,38.89
2017-11-17,34.20,31.73,34.50,31.73,104582,344411920.00,7.86,-9.99,-3.52,31.37
2017-11-20,30.80,31.00,31.97,29.80,70773,218711557.00,6.84,-2.30,-0.73,21.23
2017-11-21,30.78,31.37,31.93,28.30,109909,331246112.00,11.71,1.19,0.37,32.97
2017-11-22,30.45,30.45,31.48,29.78,70473,215353150.00,5.42,-2.93,-0.92,21.14
2017-11-23,29.82,33.50,33.50,29.51,82015,261733021.00,13.10,10.02,3.05,24.60
2017-11-24,32.00,31.70,34.70,31.45,133165,442654784.00,9.70,-5.37,-1.80,39.94
2017-11-27,30.83,28.56,30.97,28.53,90214,264993323.00,7.70,-9.91,-3.14,27.06
2017-11-28,27.90,28.88,29.37,27.50,67106,191529795.00,6.55,1.12,0.32,20.13
2017-11-29,28.52,27.56,28.70,26.41,73818,202792460.00,7.93,-4.57,-1.32,22.14
2017-11-30,27.49,27.62,28.30,27.30,55181,153684750.00,3.63,0.22,0.06,16.55
2017-12-01,27.62,27.10,28.13,26.41,48758,132974244.00,6.23,-1.88,-0.52,14.62
2017-12-04,26.62,24.39,26.62,24.39,64838,164933879.00,8.23,-10.00,-2.71,19.45
2017-12-05,24.06,24.18,24.95,23.56,43251,105157831.00,5.70,-0.86,-0.21,12.97
2017-12-06,24.00,25.45,25.98,24.00,47844,119095278.00,8.19,5.25,1.27,14.35
2017-12-07,25.27,25.39,26.30,24.88,50845,129953925.00,5.58,-0.24,-0.06,15.25
2017-12-08,25.23,25.78,26.49,25.20,52857,137393019.00,5.08,1.54,0.39,15.85
2017-12-11,27.72,28.36,28.36,27.28,39764,111740429.00,4.19,10.01,2.58,11.93
2017-12-12,29.98,27.70,29.98,27.62,128488,372486272.00,8.32,-2.33,-0.66,38.54
2017-12-13,27.00,27.95,28.29,26.35,76584,209534510.00,7.00,0.90,0.25,22.97
2017-12-14,27.68,28.09,28.80,27.41,73713,208149201.00,4.97,0.50,0.14,22.11
2017-12-15,27.50,26.90,27.75,26.71,55130,150237771.00,3.70,-4.24,-1.19,16.54
2017-12-18,26.75,26.34,27.26,26.30,35820,95729050.00,3.57,-2.08,-0.56,10.74
2017-12-19,26.43,26.18,27.00,25.80,37951,99864321.00,4.56,-0.61,-0.16,11.38
2017-12-20,26.18,25.12,26.29,25.05,37284,95081415.00,4.74,-4.05,-1.06,11.18
2017-12-21,25.07,25.80,26.02,24.72,42003,107489841.00,5.18,2.71,0.68,12.60
2017-12-22,25.68,25.46,26.27,25.42,33743,87346993.00,3.29,-1.32,-0.34,10.12
2017-12-25,25.14,25.65,25.68,24.30,37294,92979628.00,5.42,0.75,0.19,11.19
2017-12-26,25.40,28.22,28.22,25.30,83043,226845497.00,11.38,10.02,2.57,24.91
2017-12-27,28.45,29.36,30.87,28.02,150371,437755312.00,10.10,4.04,1.14,45.10
2017-12-28,28.89,30.32,30.48,28.06,123680,364790816.00,8.24,3.27,0.96,37.10
2017-12-29,29.61,28.92,30.30,28.90,70984,208819810.00,4.62,-4.62,-1.40,21.29
2018-01-02,29.09,29.31,29.65,28.70,44484,129916326.00,3.28,1.35,0.39,13.34
2018-01-03,29.32,28.72,29.38,28.10,54768,156489763.00,4.37,-2.01,-0.59,16.43
2018-01-04,28.55,28.78,29.19,28.35,38149,109457094.00,2.92,0.21,0.06,11.44
2018-01-05,28.73,28.92,29.66,28.51,49005,142753056.00,4.00,0.49,0.14,14.70
2018-01-08,28.22,29.68,29.75,27.28,68669,194499041.00,8.54,2.63,0.76,20.60
2018-01-09,29.70,30.28,30.99,28.92,108818,328867280.00,6.97,2.02,0.60,32.64
2018-01-10,29.61,31.19,32.00,28.81,110149,332302480.00,10.54,3.01,0.91,33.04
2018-01-11,30.65,34.31,34.31,30.35,96915,318876032.00,12.70,10.00,3.12,29.07
2018-01-12,35.88,37.74,37.74,35.36,190300,709721136.00,6.94,10.00,3.43,57.08
2018-01-15,37.00,38.71,41.48,33.97,195083,716472208.00,19.90,2.57,0.97,58.51
2018-01-16,38.00,42.58,42.58,37.75,107059,438695776.00,12.48,10.00,3.87,32.11
2018-01-17,44.44,39.36,46.84,39.20,214417,934277792.00,17.94,-7.56,-3.22,64.31
2018-01-18,37.50,36.60,39.18,36.40,143236,539358816.00,7.06,-7.01,-2.76,42.96
2018-01-19,36.72,36.31,38.45,36.02,119974,446653072.00,6.64,-0.79,-0.29,35.99
2018-01-22,34.20,32.68,34.34,32.68,97302,323086624.00,4.57,-10.00,-3.63,29.18
2018-01-23,31.52,32.54,32.90,31.40,68886,222819657.00,4.59,-0.43,-0.14,20.66
2018-01-24,32.92,32.80,33.99,32.50,71898,238021403.00,4.58,0.80,0.26,21.57
2018-01-25,32.30,33.76,34.45,32.11,95718,322626304.00,7.13,2.93,0.96,28.71
2018-01-26,32.90,32.03,33.55,31.81,73089,239203934.00,5.15,-5.12,-1.73,21.92
2018-01-29,32.11,33.84,34.89,31.51,94079,314238688.00,10.55,5.65,1.81,28.22
2018-01-30,33.29,35.99,36.84,32.61,122271,421040560.00,12.50,6.35,2.15,36.67
2018-01-31,35.01,35.94,37.30,34.50,117561,422699696.00,7.78,-0.14,-0.05,35.26
2018-02-01,35.55,33.00,36.63,32.35,78560,273650480.00,11.91,-8.18,-2.94,23.56
2018-02-02,31.78,29.70,31.78,29.70,81558,248389492.00,6.30,-10.00,-3.30,24.46
2018-02-05,27.66,26.73,28.50,26.73,65439,180213933.00,5.96,-10.00,-2.97,19.63
2018-02-06,25.37,24.88,27.18,24.60,55498,143791391.00,9.65,-6.92,-1.85,16.65
2018-02-07,25.80,26.03,26.60,24.66,61371,158776705.00,7.80,4.62,1.15,18.41
2018-02-08,25.94,26.19,26.49,25.64,42855,112101740.00,3.27,0.61,0.16,12.85
2018-02-09,25.00,23.57,25.75,23.57,51745,126925394.00,8.32,-10.00,-2.62,15.52
2018-02-12,24.11,25.02,25.47,23.81,40230,99352037.00,7.04,6.15,1.45,12.07
2018-02-13,25.34,24.55,25.49,24.50,38501,95734422.00,3.96,-1.88,-0.47,11.55
2018-02-14,24.77,24.93,25.50,24.36,31577,78940101.00,4.64,1.55,0.38,9.47
2018-02-22,25.37,25.70,26.00,24.80,36812,93881740.00,4.81,3.09,0.77,11.04
2018-02-23,25.84,26.98,27.40,25.35,54064,142708365.00,7.98,4.98,1.28,16.22
2018-02-26,27.30,28.17,28.85,26.67,62902,175074777.00,8.08,4.41,1.19,18.87
2018-02-27,27.80,28.26,29.30,27.65,63332,180282533.00,5.86,0.32,0.09,19.00
2018-02-28,27.45,27.24,28.12,27.10,38614,106275613.00,3.61,-3.61,-1.02,11.58
2018-03-01,27.47,28.62,28.87,27.26,55590,157736484.00,5.91,5.07,1.38,16.67
2018-03-02,28.18,27.26,28.48,27.18,48469,134585787.00,4.54,-4.75,-1.36,14.54
2018-03-05,27.41,28.31,28.44,27.41,42971,120889948.00,3.78,3.85,1.05,12.89
2018-03-06,28.80,29.40,30.79,28.20,78741,231005201.00,9.15,3.85,1.09,23.62
2018-03-07,29.39,30.14,30.23,28.83,70375,207849115.00,4.76,2.52,0.74,21.11
2018-03-08,29.82,30.75,31.20,29.75,73291,224865530.00,4.81,2.02,0.61,21.98
2018-03-09,30.51,33.83,33.83,30.40,101182,325552784.00,11.15,10.02,3.08,30.35
2018-03-12,34.00,33.79,36.99,33.20,122866,422268224.00,11.20,-0.12,-0.04,36.85
2018-03-13,33.60,31.90,33.60,31.50,93107,302959680.00,6.21,-5.59,-1.89,27.93
2018-03-14,31.80,31.82,32.72,31.01,63194,203433881.00,5.36,-0.25,-0.08,18.95
2018-03-15,30.99,29.57,31.40,28.64,75568,224409471.00,8.67,-7.07,-2.25,22.67
2018-03-16,29.73,29.40,30.16,29.29,37226,110726757.00,2.94,-0.57,-0.17,11.17
2018-03-19,28.89,31.03,31.10,28.89,54681,166065611.00,7.52,5.54,1.63,16.40
2018-03-20,30.38,31.75,31.96,30.20,60423,189664046.00,5.67,2.32,0.72,18.12
2018-03-21,32.25,30.35,32.28,30.22,64205,202362540.00,6.49,-4.41,-1.40,19.26
2018-03-22,29.75,32.31,33.39,29.75,109263,351550368.00,11.99,6.46,1.96,32.77
2018-03-23,30.06,29.08,31.40,29.08,76828,231690275.00,7.18,-10.00,-3.23,23.04
2018-03-26,27.55,29.78,29.88,26.46,50408,143868628.00,11.76,2.41,0.70,15.12
2018-03-27,30.04,31.42,32.59,30.04,77873,244131817.00,8.56,5.51,1.64,23.36
2018-03-28,31.10,32.27,33.28,30.70,88966,286769760.00,8.21,2.71,0.85,26.68
2018-03-29,32.34,32.13,33.17,31.38,65470,210344735.00,5.55,-0.43,-0.14,19.64
2018-03-30,32.35,33.07,33.51,32.00,81140,267046089.00,4.70,2.93,0.94,24.34
2018-04-02,33.50,34.10,35.00,32.50,92116,309678640.00,7.56,3.11,1.03,27.63
2018-04-03,32.87,33.50,33.87,32.23,62317,206202602.00,4.81,-1.76,-0.60,18.69
2018-04-04,33.65,32.42,34.60,32.40,68239,228091770.00,6.57,-3.22,-1.08,20.47
2018-04-09,31.75,34.40,34.45,31.72,80176,267969469.00,8.42,6.11,1.98,24.05
2018-04-10,34.88,33.80,34.88,32.55,72345,243165272.00,6.77,-1.74,-0.60,21.70
2018-04-11,33.86,34.30,35.45,33.48,99490,345344976.00,5.83,1.48,0.50,29.84
2018-04-12,33.97,35.31,36.62,33.55,109856,387911392.00,8.95,2.94,1.01,32.95
2018-04-13,36.90,38.84,38.84,36.89,87629,335430416.00,5.52,10.00,3.53,26.28
2018-04-16,39.00,42.72,42.72,37.55,180861,719947056.00,13.31,9.99,3.88,54.25
2018-04-17,45.00,46.99,46.99,44.11,255326,1186758352.00,6.74,10.00,4.27,76.58
2018-04-18,42.29,42.29,42.29,42.29,83562,353385392.00,0.00,-10.00,-4.70,25.06
2018-04-19,44.44,40.21,46.52,38.68,229339,1014971120.00,18.54,-4.92,-2.08,68.79
2018-04-20,36.30,36.49,39.05,36.30,167219,622136592.00,6.84,-9.25,-3.72,50.16
2018-04-23,36.22,36.29,37.31,35.51,112803,411997520.00,4.93,-0.55,-0.20,33.83
2018-04-24,35.28,37.40,37.82,35.28,130542,481080304.00,7.00,3.06,1.11,39.15
2018-04-25,36.99,38.55,39.38,36.81,147655,566792240.00,6.87,3.07,1.15,44.29
2018-04-26,37.80,35.53,38.00,35.00,103411,378012208.00,7.78,-7.83,-3.02,31.02
2018-04-27,36.00,34.87,36.75,34.65,63763,227379403.00,5.91,-1.86,-0.66,19.13
2018-05-02,35.17,33.35,35.88,32.30,67014,225619088.00,10.27,-4.36,-1.52,20.10
2018-05-03,33.72,35.39,35.56,32.60,79053,271458016.00,8.88,6.12,2.04,23.71
2018-05-04,34.93,33.68,35.28,33.51,59258,203302246.00,5.00,-4.83,-1.71,17.77
2018-05-07,33.91,34.86,35.28,33.91,60008,208607020.00,4.07,3.50,1.18,18.00
2018-05-08,34.64,36.08,36.75,34.23,92139,326201312.00,7.23,3.50,1.22,27.64
2018-05-09,35.60,36.94,37.48,35.50,92980,339279680.00,5.49,2.38,0.86,27.89
2018-05-10,36.75,36.28,36.90,35.55,63369,229515727.00,3.65,-1.79,-0.66,19.01
2018-05-11,36.38,34.54,36.50,34.50,49951,176239674.00,5.51,-4.80,-1.74,14.98
2018-05-14,34.41,34.89,35.58,34.30,36634,128561141.00,3.71,1.01,0.35,10.99
2018-05-15,34.98,35.31,35.45,34.19,39356,137053521.00,3.61,1.20,0.42,11.80
2018-05-16,35.20,34.25,35.20,34.20,31833,110392454.00,2.83,-3.00,-1.06,9.55
2018-05-17,34.42,34.81,35.12,33.80,34351,118929231.00,3.85,1.64,0.56,10.30
2018-05-18,34.61,35.32,35.43,34.20,43046,150134853.00,3.53,1.47,0.51,12.91
2018-05-21,35.60,37.32,38.00,35.06,103101,377755184.00,8.32,5.66,2.00,30.92
2018-05-22,37.01,39.10,41.00,36.84,141032,542856448.00,11.15,4.77,1.78,42.30
2018-05-23,38.50,38.40,39.94,37.61,94780,366201008.00,5.96,-1.79,-0.70,28.43
2018-05-24,38.45,39.07,39.40,37.70,75570,292263552.00,4.43,1.74,0.67,22.67
2018-05-25,38.60,38.92,39.89,38.56,73457,288727024.00,3.40,-0.38,-0.15,22.03
2018-05-28,38.52,37.09,38.80,37.00,49620,186870071.00,4.62,-4.70,-1.83,14.88
2018-05-29,36.77,37.09,38.27,36.77,39284,147612946.00,4.04,0.00,0.00,11.78
2018-05-30,36.12,33.38,36.20,33.38,50065,170655738.00,7.60,-10.00,-3.71,15.02
2018-05-31,33.00,33.50,34.09,32.90,37563,126026318.00,3.57,0.36,0.12,11.27
2018-06-01,33.49,31.13,34.05,30.50,45509,147586108.00,10.60,-7.07,-2.37,13.65
2018-06-04,31.32,31.70,31.99,31.30,28643,90944323.00,2.22,1.83,0.57,8.59
2018-06-05,31.94,33.29,33.52,31.93,34654,114519327.00,5.02,5.02,1.59,10.39
2018-06-06,33.95,34.82,35.00,33.01,49614,169201002.00,5.98,4.60,1.53,14.88
2018-06-07,38.30,38.30,38.30,38.00,67140,257139926.00,0.86,9.99,3.48,20.14
2018-06-08,38.00,39.05,41.00,37.13,166006,644944336.00,10.10,1.96,0.75,49.79
2018-06-11,37.37,36.69,38.26,36.08,98465,365904960.00,5.58,-6.04,-2.36,29.53
2018-06-12,36.85,34.76,37.17,33.11,86464,301609168.00,11.07,-5.26,-1.93,25.93
2018-06-13,34.65,35.09,36.40,33.30,82282,290210352.00,8.92,0.95,0.33,24.68
2018-06-14,34.30,35.16,36.00,33.85,56628,200247032.00,6.13,0.20,0.07,16.99
2018-06-15,34.82,36.95,38.50,34.40,112772,414952528.00,11.66,5.09,1.79,33.82
2018-06-19,33.50,33.26,34.80,33.26,60854,206012622.00,4.17,-9.99,-3.69,18.25
2018-06-20,32.07,35.20,35.20,31.00,75399,252028331.00,12.63,5.83,1.94,22.62
2018-06-21,35.68,34.00,35.68,32.91,59875,205775195.00,7.87,-3.41,-1.20,17.96
2018-06-22,32.73,35.83,36.60,32.50,78738,277318128.00,12.06,5.38,1.83,23.62
2018-06-25,35.88,36.51,37.10,35.60,84555,307828864.00,4.19,1.90,0.68,25.36
2018-06-26,35.02,37.93,38.00,35.02,96841,360681376.00,8.16,3.89,1.42,29.05
2018-06-27,37.87,38.15,38.38,36.83,83415,314777968.00,4.09,0.58,0.22,25.02
2018-06-28,37.79,36.45,38.48,35.80,68524,254236165.00,7.02,-4.46,-1.70,20.55
2018-06-29,36.63,38.25,39.44,36.63,104578,399359184.00,7.71,4.94,1.80,31.37
2018-07-02,37.95,37.99,38.80,37.06,85677,325319744.00,4.55,-0.68,-0.26,25.70
2018-07-03,37.80,39.79,41.00,37.01,119385,465013312.00,10.50,4.74,1.80,35.81
2018-07-04,39.08,36.30,39.40,35.81,98400,369955600.00,9.02,-8.77,-3.49,29.51
2018-07-05,36.29,34.12,36.29,33.66,61889,215914104.00,7.25,-6.01,-2.18,18.56
2018-07-06,36.50,35.65,37.53,35.00,95523,351024784.00,7.42,4.48,1.53,28.65
2018-07-09,34.45,39.22,39.22,34.45,102224,381156544.00,13.38,10.01,3.57,30.66
2018-07-10,40.70,39.20,40.70,38.38,136440,537535840.00,5.92,-0.05,-0.02,40.92
2018-07-11,38.27,40.38,41.97,37.69,142937,573464704.00,10.92,3.01,1.18,42.87
2018-07-12,40.00,40.89,41.81,39.40,123568,502396736.00,5.97,1.26,0.51,37.06
2018-07-13,40.01,39.80,40.46,39.01,80284,318539792.00,3.55,-2.67,-1.09,24.08
2018-07-16,39.54,39.81,40.75,39.01,60073,239353240.00,4.37,0.03,0.01,18.02
2018-07-17,39.65,39.17,39.72,38.09,49318,191611962.00,4.09,-1.61,-0.64,14.79
2018-07-18,39.22,39.18,40.98,38.81,58749,233042605.00,5.54,0.03,0.01,17.62
2018-07-19,38.25,37.31,38.75,37.30,52241,197398116.00,3.70,-4.77,-1.87,15.67
2018-07-20,37.54,37.95,38.35,36.97,38259,144862062.00,3.70,1.72,0.64,11.48
2018-07-23,37.88,38.89,38.98,37.41,47883,184587760.00,4.14,2.48,0.94,14.36
2018-07-24,39.16,38.85,39.17,38.20,42051,162990107.00,2.49,-0.10,-0.04,12.61
2018-07-25,38.55,38.00,39.58,37.88,43947,170375455.00,4.38,-2.19,-0.85,13.18
2018-07-26,37.95,36.20,37.95,35.63,52410,191973684.00,6.11,-4.74,-1.80,15.72
2018-07-27,36.15,36.55,36.80,35.81,23817,86829640.00,2.73,0.97,0.35,7.14
2018-07-30,36.92,35.50,37.00,34.50,28724,102535576.00,6.84,-2.87,-1.05,8.62
2018-07-31,35.06,35.44,35.98,35.06,17158,60930564.00,2.59,-0.17,-0.06,5.15
2018-08-01,35.88,34.53,35.95,34.50,24211,85371800.00,4.09,-2.57,-0.91,7.26
2018-08-02,34.50,32.98,34.50,31.08,43090,138682461.00,9.90,-4.49,-1.55,12.92
2018-08-03,32.16,31.57,32.98,31.57,25578,82138345.00,4.28,-4.28,-1.41,7.67
2018-08-06,31.00,31.22,32.07,30.90,21700,68143697.00,3.71,-1.11,-0.35,6.51
2018-08-07,31.23,32.73,32.82,31.23,31649,101686454.00,5.09,4.84,1.51,9.49
2018-08-08,32.40,31.66,33.00,31.48,26151,84238364.00,4.64,-3.27,-1.07,7.84
2018-08-09,31.66,32.95,33.38,31.49,39509,129435934.00,5.97,4.07,1.29,11.85
2018-08-10,33.15,33.70,33.74,32.53,41978,139663949.00,3.67,2.28,0.75,12.59
2018-08-13,31.50,33.25,33.46,31.40,37761,122552865.00,6.11,-1.34,-0.45,11.33
2018-08-14,33.00,32.52,33.15,32.36,22039,71957422.00,2.38,-2.20,-0.73,6.61
2018-08-15,32.55,31.76,32.79,31.56,19340,62102908.00,3.78,-2.34,-0.76,5.80
2018-08-16,31.44,31.60,32.36,31.00,17770,56265277.00,4.28,-0.50,-0.16,5.33
2018-08-17,31.93,30.41,32.30,29.98,22414,69898585.00,7.34,-3.77,-1.19,6.72
2018-08-20,30.12,29.97,30.82,27.40,28176,82575837.00,11.25,-1.45,-0.44,8.45
2018-08-21,29.80,30.03,30.38,29.20,18743,56106685.00,3.94,0.20,0.06,5.62
2018-08-22,29.91,29.15,29.99,28.80,20641,60406038.00,3.96,-2.93,-0.88,6.19
2018-08-23,29.46,29.37,29.67,28.90,18662,54819006.00,2.64,0.75,0.22,5.60
2018-08-24,29.43,29.05,29.60,28.91,14866,43547569.00,2.35,-1.09,-0.32,4.46
2018-08-27,29.05,29.72,29.80,29.05,20491,60588430.00,2.58,2.31,0.67,6.15
2018-08-28,29.83,29.73,29.97,29.38,16122,47678661.00,1.99,0.03,0.01,4.84
2018-08-29,29.66,28.95,29.78,28.88,16922,49382321.00,3.03,-2.62,-0.78,5.08
2018-08-30,29.16,28.72,29.43,28.72,11251,32665095.00,2.45,-0.79,-0.23,3.37
2018-08-31,27.80,27.08,28.72,27.06,22129,61113786.00,5.78,-5.71,-1.64,6.64
2018-09-03,27.08,26.68,27.36,25.51,21101,55256617.00,6.83,-1.48,-0.40,6.33
2018-09-04,26.75,27.39,28.19,26.60,24462,67560577.00,5.96,2.66,0.71,7.34
2018-09-05,27.08,27.53,28.08,27.00,24028,66462026.00,3.94,0.51,0.14,7.21
2018-09-06,27.12,27.23,27.80,27.12,19934,54674321.00,2.47,-1.09,-0.30,5.98
2018-09-07,27.23,27.39,27.77,26.81,16518,45228268.00,3.53,0.59,0.16,4.95
2018-09-10,27.06,25.99,27.25,25.86,18859,49775260.00,5.07,-5.11,-1.40,5.66
2018-09-11,25.99,26.37,26.59,25.98,14343,37787394.00,2.35,1.46,0.38,4.30
2018-09-12,26.50,27.60,29.01,26.48,45220,127673202.00,9.59,4.66,1.23,13.56
2018-09-13,27.11,27.67,27.97,27.10,29115,80161487.00,3.15,0.25,0.07,8.73
2018-09-14,27.64,26.48,27.80,26.43,23567,63627205.00,4.95,-4.30,-1.19,7.07
2018-09-17,26.51,26.78,27.15,26.36,16975,45517792.00,2.98,1.13,0.30,5.09
2018-09-18,26.00,26.82,26.86,25.86,18311,48345605.00,3.73,0.15,0.04,5.49
2018-09-19,26.59,26.96,27.32,26.11,23712,63490972.00,4.51,0.52,0.14,7.11
2018-09-20,26.53,26.26,26.91,26.26,16473,43691960.00,2.41,-2.60,-0.70,4.94
2018-09-21,26.00,26.58,26.66,26.00,15608,41349955.00,2.51,1.22,0.32,4.68
2018-09-25,26.50,26.14,26.65,26.05,13044,34350197.00,2.26,-1.66,-0.44,3.91
2018-09-26,26.18,26.75,27.68,26.18,25207,67675434.00,5.74,2.33,0.61,7.56
2018-09-27,26.50,25.55,26.72,25.53,23067,60227196.00,4.45,-4.49,-1.20,6.92
2018-09-28,25.88,26.13,26.36,25.55,16223,42342785.00,3.17,2.27,0.58,4.87
2018-10-08,25.88,24.22,25.88,23.90,19105,47276317.00,7.58,-7.31,-1.91,5.73
2018-10-09,24.35,24.43,24.72,24.24,9666,23656171.00,1.98,0.87,0.21,2.90
2018-10-10,24.59,25.20,25.24,24.43,15864,39591140.00,3.32,3.15,0.77,4.76
2018-10-11,24.01,22.71,24.39,22.68,22286,52045526.00,6.79,-9.88,-2.49,6.68
2018-10-12,22.50,21.89,22.52,20.53,19472,42029908.00,8.76,-3.61,-0.82,5.84
2018-10-15,21.97,21.58,22.38,21.55,13257,29197054.00,3.79,-1.42,-0.31,3.98
2018-10-16,21.61,20.98,22.18,20.70,13580,29012677.00,6.86,-2.78,-0.60,4.07
2018-10-17,21.28,21.58,21.58,20.96,15991,34048145.00,2.96,2.86,0.60,4.80
2018-10-18,21.44,20.08,21.47,19.70,18231,37194843.00,8.20,-6.95,-1.50,5.47
2018-10-19,19.33,19.73,19.97,18.53,23297,45433881.00,7.17,-1.74,-0.35,6.99
2018-10-22,19.94,20.62,21.06,19.94,26933,55384507.00,5.68,4.51,0.89,3.09
2018-10-23,21.09,20.88,22.30,20.65,37189,79413255.00,8.00,1.26,0.26,4.27
2018-10-24,20.91,20.39,21.56,20.17,23859,49456951.00,6.66,-2.35,-0.49,2.74
2018-10-25,18.35,19.11,19.30,18.35,29311,54895982.00,4.66,-6.28,-1.28,3.37
2018-10-26,19.03,19.18,19.52,19.03,20436,39394671.00,2.56,0.37,0.07,2.35
2018-10-29,19.28,18.55,19.38,18.45,14083,26593782.00,4.85,-3.28,-0.63,1.62
2018-10-30,18.57,18.98,19.10,18.53,15441,29123008.00,3.07,2.32,0.43,1.77
2018-10-31,19.09,19.18,19.27,18.82,23130,44194803.00,2.37,1.05,0.20,2.66
2018-11-01,19.59,19.32,19.96,19.30,25952,50743348.00,3.44,0.73,0.14,2.98
2018-11-02,19.46,19.99,20.66,19.36,39946,79497018.00,6.73,3.47,0.67,4.59
2018-11-05,20.18,20.41,20.45,19.81,37754,76257035.00,3.20,2.10,0.42,4.34
2018-11-06,19.86,19.85,20.19,19.45,28807,56943853.00,3.63,-2.74,-0.56,3.31
2018-11-07,19.87,19.76,20.23,19.68,22718,45330573.00,2.77,-0.45,-0.09,2.61
2018-11-08,19.76,20.69,20.97,19.76,57116,117254636.00,6.12,4.71,0.93,6.56
2018-11-09,20.26,20.19,20.45,20.08,28175,57037227.00,1.79,-2.42,-0.50,3.24
2018-11-12,20.23,20.59,20.69,20.00,29103,59376299.00,3.42,1.98,0.40,3.34
2018-11-13,20.27,20.62,20.62,20.11,33374,68088797.00,2.48,0.15,0.03,3.83
2018-11-14,20.52,20.46,20.80,20.40,30852,63596642.00,1.94,-0.78,-0.16,3.54
2018-11-15,20.63,21.65,22.51,20.08,69135,148509551.00,11.88,5.82,1.19,7.94
2018-11-16,21.40,21.50,21.90,21.33,46640,100601796.00,2.63,-0.69,-0.15,5.36
2018-11-19,21.63,20.99,21.67,20.81,37077,78118962.00,4.00,-2.37,-0.51,4.26
2018-11-20,20.80,20.87,21.36,20.80,30228,63780210.00,2.67,-0.57,-0.12,3.47
2018-11-21,20.20,20.50,20.75,20.20,24369,49687171.00,2.64,-1.77,-0.37,2.80
2018-11-22,20.50,20.36,20.69,20.28,19331,39502136.00,2.00,-0.68,-0.14,2.22
2018-11-23,20.36,18.82,20.45,18.60,40406,77756621.00,9.09,-7.56,-1.54,4.64
2018-11-26,18.65,18.12,18.81,18.04,24070,44378251.00,4.09,-3.72,-0.70,2.77
2018-11-27,18.35,18.08,18.45,17.84,23496,42651954.00,3.37,-0.22,-0.04,2.70
2018-11-28,18.08,18.40,18.42,17.61,24495,44278878.00,4.48,1.77,0.32,2.81
2018-11-29,18.39,17.76,18.80,17.72,25033,45805199.00,5.87,-3.48,-0.64,2.88
2018-11-30,17.61,18.59,19.20,17.50,37613,68845266.00,9.57,4.67,0.83,4.32
2018-12-03,18.89,19.06,19.36,18.65,37924,72117862.00,3.82,2.53,0.47,4.36
2018-12-04,18.89,18.90,19.11,18.75,22759,43072621.00,1.89,-0.84,-0.16,2.61
2018-12-05,18.30,18.54,18.75,18.25,18662,34566372.00,2.65,-1.90,-0.36,2.14
2018-12-06,18.78,18.19,18.80,18.16,18789,34718289.00,3.45,-1.89,-0.35,2.16
2018-12-07,18.19,18.13,18.40,18.09,11536,21028561.00,1.70,-0.33,-0.06,1.33
2018-12-10,18.00,18.18,18.36,17.70,16950,30654369.00,3.64,0.28,0.05,1.95
2018-12-11,18.21,18.66,18.71,18.12,22216,41067752.00,3.25,2.64,0.48,2.55
2018-12-12,18.68,18.22,18.87,18.14,19533,35816372.00,3.91,-2.36,-0.44,2.24
2018-12-13,18.22,18.41,18.53,18.10,18988,34895721.00,2.36,1.04,0.19,2.18
2018-12-14,18.40,18.15,18.80,18.11,27213,50391072.00,3.75,-1.41,-0.26,3.13
2018-12-17,18.07,17.95,18.07,17.51,17201,30637098.00,3.09,-1.10,-0.20,1.98
2018-12-18,17.85,17.87,18.01,17.56,11900,21171803.00,2.51,-0.45,-0.08,1.37
2018-12-19,17.85,17.55,17.98,17.52,14860,26392025.00,2.57,-1.79,-0.32,1.71
2018-12-20,17.55,17.73,17.80,17.43,14224,25082956.00,2.11,1.03,0.18,1.63
2018-12-21,17.73,18.33,19.21,17.57,34404,62866821.00,9.25,3.38,0.60,3.95
2018-12-24,18.32,19.00,19.10,18.20,48731,91587743.00,4.91,3.66,0.67,5.60
2018-12-25,18.60,19.32,19.88,18.00,54925,102872278.00,9.89,1.68,0.32,6.31
2018-12-26,19.20,18.87,19.59,18.72,38219,72816079.00,4.50,-2.33,-0.45,4.39
2018-12-27,19.16,18.95,19.54,18.88,45915,88215500.00,3.50,0.42,0.08,5.28
2018-12-28,18.75,17.93,19.10,17.81,36381,66787511.00,6.81,-5.38,-1.02,4.18
2019-01-02,17.90,18.05,18.27,17.73,17931,32360580.00,3.01,0.67,0.12,2.34
2019-01-03,18.12,17.54,18.29,17.49,24738,44210300.00,4.43,-2.83,-0.51,3.23
2019-01-04,17.20,17.85,17.93,16.72,22316,39025677.00,6.90,1.77,0.31,2.91
2019-01-07,17.96,18.20,18.28,17.91,17994,32647843.00,2.07,1.96,0.35,2.35
2019-01-08,18.20,17.82,18.47,17.78,23286,41954286.00,3.79,-2.09,-0.38,3.04
2019-01-09,17.78,17.98,18.29,17.70,23748,42867769.00,3.31,0.90,0.16,3.10
2019-01-10,17.90,17.70,18.10,17.50,21613,38386276.00,3.34,-1.56,-0.28,2.82
2019-01-11,17.80,18.10,18.14,17.65,21194,38015174.00,2.77,2.26,0.40,2.77
2019-01-14,18.10,17.73,18.18,17.60,15495,27579667.00,3.20,-2.04,-0.37,2.02
2019-01-15,17.60,17.98,18.00,17.60,15851,28313340.00,2.26,1.41,0.25,2.07
2019-01-16,18.03,18.69,19.38,17.90,62901,116847444.00,8.23,3.95,0.71,8.21
2019-01-17,18.53,18.26,18.81,18.11,34097,62640962.00,3.75,-2.30,-0.43,4.45
2019-01-18,18.15,18.06,18.35,17.81,21418,38664356.00,2.96,-1.10,-0.20,2.80
2019-01-21,18.14,18.35,18.49,18.04,19825,36313067.00,2.49,1.61,0.29,2.59
2019-01-22,18.30,17.88,18.30,17.80,18582,33443482.00,2.72,-2.56,-0.47,2.43
2019-01-23,17.90,17.97,18.01,17.73,9300,16633616.00,1.57,0.50,0.09,1.21
2019-01-24,17.96,18.25,18.25,17.75,20853,37731460.00,2.78,1.56,0.28,2.72
2019-01-25,18.20,17.93,18.35,17.85,15636,28289293.00,2.74,-1.75,-0.32,2.04
2019-01-28,18.05,17.78,18.15,17.71,11132,19909692.00,2.45,-0.84,-0.15,1.45
2019-01-29,17.69,16.57,17.74,16.01,22178,37028355.00,9.73,-6.81,-1.21,2.90
2019-01-30,16.41,16.11,16.68,16.11,10645,17444928.00,3.44,-2.78,-0.46,1.39
2019-01-31,16.14,15.15,16.36,14.70,20843,32295320.00,10.30,-5.96,-0.96,2.72
2019-02-01,15.19,15.78,15.84,15.19,12408,19439631.00,4.29,4.16,0.63,1.62
2019-02-11,15.64,16.44,16.47,15.64,14047,22917015.00,5.26,4.18,0.66,1.83
2019-02-12,16.45,16.58,16.82,16.42,16987,28260235.00,2.43,0.85,0.14,2.22
2019-02-13,16.73,17.14,17.21,16.60,26115,44413640.00,3.68,3.38,0.56,3.41
2019-02-14,17.18,17.19,17.34,16.90,18478,31578506.00,2.57,0.29,0.05,2.41
2019-02-15,17.11,16.93,17.26,16.89,18144,31014617.00,2.15,-1.51,-0.26,2.37
2019-02-18,17.68,18.62,18.62,17.68,85905,158471228.00,5.55,9.98,1.69,11.22
2019-02-19,19.00,19.65,20.40,18.62,143434,279455136.00,9.56,5.53,1.03,18.73
2019-02-20,19.29,19.22,19.41,18.81,67044,127954424.00,3.05,-2.19,-0.43,8.75
2019-02-21,18.92,18.83,19.53,18.80,66673,127654979.00,3.80,-2.03,-0.39,8.71
2019-02-22,18.72,19.06,19.19,18.66,44689,84920525.00,2.81,1.22,0.23,5.84
2019-02-25,19.07,19.89,19.97,19.06,94427,184947988.00,4.77,4.35,0.83,12.33
2019-02-26,19.89,19.76,20.68,19.41,87312,174376846.00,6.39,-0.65,-0.13,11.40
2019-02-27,19.67,19.56,20.16,19.23,47516,93728956.00,4.71,-1.01,-0.20,6.20
2019-02-28,19.69,19.69,19.96,19.45,29491,58040013.00,2.61,0.66,0.13,3.85
2019-03-01,19.69,19.42,19.86,19.11,28776,55940506.00,3.81,-1.37,-0.27,3.76
2019-03-04,19.51,19.84,20.19,19.51,59249,118044868.00,3.50,2.16,0.42,7.74
2019-03-05,19.84,20.99,21.37,19.72,95943,199607094.00,8.32,5.80,1.15,12.53
2019-03-06,20.79,21.77,22.15,20.22,98299,208602784.00,9.19,3.72,0.78,12.84
2019-03-07,21.25,21.93,22.28,21.11,84485,182567948.00,5.37,0.73,0.16,11.03
2019-03-08,21.45,19.93,21.94,19.85,66332,140104709.00,9.53,-9.12,-2.00,8.66
2019-03-11,20.50,21.10,21.24,20.50,56941,119257393.00,3.71,5.87,1.17,7.44
2019-03-12,22.18,21.65,22.19,21.01,78309,169250759.00,5.59,2.61,0.55,10.23
2019-03-13,21.69,20.49,21.82,20.22,57663,120859361.00,7.39,-5.36,-1.16,7.53
2019-03-14,20.49,19.41,20.85,19.14,42435,84094177.00,8.35,-5.27,-1.08,5.54
2019-03-15,19.49,19.80,20.22,19.49,33992,67540173.00,3.76,2.01,0.39,4.44
2019-03-18,20.15,20.30,20.40,19.89,31222,62835547.00,2.58,2.53,0.50,4.08
2019-03-19,20.09,20.37,20.65,20.08,38045,77466487.00,2.81,0.34,0.07,4.97
2019-03-20,20.50,20.50,20.93,20.00,35473,72481172.00,4.57,0.64,0.13,4.63
2019-03-21,20.50,20.57,20.69,20.36,37358,76795864.00,1.61,0.34,0.07,4.88
2019-03-22,20.46,20.27,20.70,19.83,37224,75004530.00,4.23,-1.46,-0.30,4.86
2019-03-25,20.52,22.30,22.30,20.48,96728,210690040.00,8.98,10.01,2.03,12.63
2019-03-26,22.87,23.00,24.30,22.49,201160,470964736.00,8.12,3.14,0.70,26.27
2019-03-27,22.80,24.75,25.22,22.80,167381,404064576.00,10.52,7.61,1.75,21.86
2019-03-28,23.98,22.28,24.21,22.28,127911,298034336.00,7.80,-9.98,-2.47,16.70
2019-03-29,22.28,22.23,22.45,20.80,94959,206204206.00,7.41,-0.22,-0.05,12.40
2019-04-01,22.34,23.70,24.08,21.91,99526,230008581.00,9.76,6.61,1.47,13.00
2019-04-02,23.70,23.25,23.81,23.13,78738,184225213.00,2.87,-1.90,-0.45,10.28
2019-04-03,23.30,23.04,23.30,22.72,49357,113349413.00,2.49,-0.90,-0.21,6.45
2019-04-04,23.07,23.36,23.87,23.07,63376,148396448.00,3.47,1.39,0.32,8.28
2019-04-08,23.90,22.80,24.21,22.56,61549,143759354.00,7.06,-2.40,-0.56,8.04
2019-04-09,22.40,23.33,23.33,22.40,47608,109869263.00,4.08,2.32,0.53,6.22
2019-04-10,23.33,22.72,23.33,22.57,38427,87641508.00,3.26,-2.61,-0.61,5.02
2019-04-11,22.70,21.89,22.83,21.87,44144,97958588.00,4.23,-3.65,-0.83,5.76
2019-04-12,21.89,22.24,22.24,21.88,22229,48991674.00,1.64,1.60,0.35,2.90
2019-04-15,22.78,21.78,22.78,21.72,29760,66456009.00,4.77,-2.07,-0.46,3.89
2019-04-16,21.85,22.25,22.31,21.70,34787,76803669.00,2.80,2.16,0.47,4.54
2019-04-17,22.19,22.44,22.57,22.13,31562,70598687.00,1.98,0.85,0.19,4.12
2019-04-18,22.53,22.29,22.53,22.09,24431,54315142.00,1.96,-0.67,-0.15,3.19
2019-04-19,22.50,23.45,23.85,22.50,85574,199732742.00,6.06,5.20,1.16,11.17
2019-04-22,23.08,22.90,23.35,22.80,47405,109211265.00,2.35,-2.35,-0.55,6.19
2019-04-23,22.93,21.11,22.98,20.75,54994,119011529.00,9.74,-7.82,-1.79,7.18
2019-04-24,21.56,21.50,21.79,21.14,30317,65083431.00,3.08,1.85,0.39,3.96
2019-04-25,21.30,20.69,21.65,20.50,35213,74509585.00,5.35,-3.77,-0.81,4.60
2019-04-26,20.66,21.43,21.49,20.60,31355,66429811.00,4.30,3.58,0.74,4.09
2019-04-29,21.72,19.98,21.72,19.62,32722,67314304.00,9.80,-6.77,-1.45,4.27
2019-04-30,20.00,20.19,20.48,19.78,17086,34454367.00,3.50,1.05,0.21,2.23
2019-05-06,19.30,18.17,19.80,18.17,31274,58615067.00,8.07,-10.00,-2.02,4.08
2019-05-07,18.44,18.08,18.48,17.52,24071,43599224.00,5.28,-0.50,-0.09,3.14
2019-05-08,17.70,18.05,18.40,17.52,17125,30921167.00,4.87,-0.17,-0.03,2.24
2019-05-09,17.93,18.23,18.44,17.75,19008,34685428.00,3.82,1.00,0.18,2.48
2019-05-10,18.50,18.83,18.93,17.83,29771,55329766.00,6.03,3.29,0.60,3.89
2019-05-13,18.68,18.83,19.19,18.56,19849,37563808.00,3.35,0.00,0.00,2.59
2019-05-14,18.67,18.96,19.16,18.50,16770,31815474.00,3.51,0.69,0.13,2.19
2019-05-15,19.20,19.61,19.78,19.00,39820,77018354.00,4.11,3.43,0.65,5.20
2019-05-16,19.40,19.27,19.40,19.09,24818,47729099.00,1.58,-1.73,-0.34,3.24
2019-05-17,19.20,18.55,19.51,18.32,31038,58574938.00,6.18,-3.74,-0.72,4.05
2019-05-20,18.68,18.50,18.68,17.93,16122,29428551.00,4.04,-0.27,-0.05,2.11
2019-05-21,18.65,18.98,18.99,18.50,18225,34211606.00,2.65,2.59,0.48,2.38
2019-05-22,18.98,19.02,19.27,18.66,20656,39284700.00,3.21,0.21,0.04,2.70
2019-05-23,19.35,18.62,19.45,18.49,18762,35515308.00,5.05,-2.10,-0.40,2.45
2019-05-24,18.05,18.21,18.49,18.05,11907,21720842.00,2.36,-2.20,-0.41,1.55
2019-05-27,18.21,18.91,18.98,18.09,21232,39406048.00,4.89,3.84,0.70,2.77
2019-05-28,18.93,18.80,19.16,18.69,19889,37577338.00,2.49,-0.58,-0.11,2.60
2019-05-29,18.75,19.00,19.10,18.33,18545,35015990.00,4.10,1.06,0.20,2.42
2019-05-30,19.10,18.92,19.11,18.53,15528,29140173.00,3.05,-0.42,-0.08,1.98
2019-05-31,18.92,19.31,19.48,18.92,30941,59479766.00,2.96,2.06,0.39,3.94
2019-06-03,19.20,18.88,19.22,18.76,20962,39774775.00,2.38,-2.23,-0.43,2.67
2019-06-04,18.89,19.24,19.38,18.75,30538,58403325.00,3.34,1.91,0.36,3.89
2019-06-05,19.25,21.16,21.16,19.18,90364,186318156.00,10.29,9.98,1.92,11.51
2019-06-06,21.58,20.24,21.58,19.79,90515,188286019.00,8.46,-4.35,-0.92,11.53
2019-06-10,20.95,21.00,21.98,20.41,86142,180586401.00,7.76,3.75,0.76,10.97
2019-06-11,21.10,21.97,21.98,20.60,101269,216890479.00,6.57,4.62,0.97,12.90
2019-06-12,21.80,22.61,22.85,21.68,110412,246688516.00,5.33,2.91,0.64,14.07
2019-06-13,22.20,22.09,22.61,21.91,63160,140567654.00,3.10,-2.30,-0.52,8.05
2019-06-14,22.11,21.31,22.42,20.95,56575,121746547.00,6.65,-3.53,-0.78,7.21
2019-06-17,21.32,21.33,21.55,20.90,31556,67173532.00,3.05,0.09,0.02,4.02
2019-06-18,14.09,14.15,14.20,13.45,62185,86020680.00,3.52,-33.66,-7.18,5.28
2019-06-19,14.48,13.83,14.56,13.80,78068,110511253.00,5.37,-2.26,-0.32,6.63
2019-06-20,13.81,14.57,15.18,13.30,141422,200009995.00,13.59,5.35,0.74,12.01
2019-06-21,14.33,14.57,14.89,14.24,113981,166030446.00,4.46,0.00,0.00,9.68
2019-06-24,14.51,14.22,14.86,14.03,85841,123707201.00,5.70,-2.40,-0.35,7.29
2019-06-25,14.28,13.89,14.29,13.61,60222,83366432.00,4.78,-2.32,-0.33,5.11
2019-06-26,13.89,14.14,14.61,13.75,67448,96025394.00,6.19,1.80,0.25,5.73
2019-06-27,13.88,14.01,14.20,13.81,54458,76380094.00,2.76,-0.92,-0.13,4.62
2019-06-28,14.08,14.88,15.41,14.08,255154,386573424.00,9.49,6.21,0.87,21.67
2019-07-01,15.08,16.37,16.37,14.88,262301,418443872.00,10.01,10.01,1.49,22.28
2019-07-02,17.00,15.56,17.64,15.48,378471,625823888.00,13.19,-4.95,-0.81,32.14
2019-07-03,14.73,14.92,14.98,14.44,157725,232229182.00,3.47,-4.11,-0.64,13.39
2019-07-04,14.85,14.10,14.89,14.02,134075,192614514.00,5.83,-5.50,-0.82,11.39
2019-07-05,13.94,14.22,14.45,13.91,71248,101210737.00,3.83,0.85,0.12,6.05
2019-07-08,14.03,13.23,14.07,13.12,79895,108241454.00,6.68,-6.96,-0.99,6.79
2019-07-09,13.20,13.16,13.39,12.82,51533,67606304.00,4.31,-0.53,-0.07,4.38
2019-07-10,13.21,13.36,13.38,13.05,45844,60703353.00,2.51,1.52,0.20,3.89
2019-07-11,13.42,13.08,13.55,13.02,47384,62949997.00,3.97,-2.10,-0.28,4.02
2019-07-12,13.02,12.97,13.17,12.90,27610,36012950.00,2.06,-0.84,-0.11,2.34
2019-07-15,12.97,13.30,13.36,12.85,38318,50455375.00,3.93,2.54,0.33,3.25
2019-07-16,13.28,13.19,13.35,13.18,28155,37287278.00,1.28,-0.83,-0.11,2.39
2019-07-17,13.14,13.19,13.25,13.05,33186,43659161.00,1.52,0.00,0.00,2.82
2019-07-18,13.02,12.86,13.15,12.86,32042,41376107.00,2.20,-2.50,-0.33,2.72
2019-07-19,12.87,12.89,13.09,12.82,22759,29440853.00,2.10,0.23,0.03,1.93
2019-07-22,12.83,12.21,12.96,12.01,34357,42406407.00,7.37,-5.28,-0.68,2.92
2019-07-23,12.33,12.38,12.45,12.20,22128,27349824.00,2.05,1.39,0.17,1.88
2019-07-24,12.41,12.58,12.77,12.41,30419,38443495.00,2.91,1.62,0.20,2.58
2019-07-25,12.63,13.03,13.29,12.63,57710,74855001.00,5.25,3.58,0.45,4.90
2019-07-26,13.20,12.90,13.20,12.72,36293,46663892.00,3.68,-1.00,-0.13,3.08
2019-07-29,12.97,12.75,13.00,12.67,31399,40150690.00,2.56,-1.16,-0.15,2.67
2019-07-30,12.85,12.86,13.08,12.80,41849,54023382.00,2.20,0.86,0.11,3.55
2019-07-31,12.78,13.29,13.34,12.65,91305,119827487.00,5.37,3.34,0.43,7.75
2019-08-01,13.02,13.22,13.27,13.02,53514,70312759.00,1.88,-0.53,-0.07,4.54
2019-08-02,12.93,12.77,12.93,12.70,45919,58795188.00,1.74,-3.40,-0.45,3.90
2019-08-05,12.80,12.51,12.90,12.40,35503,44842826.00,3.92,-2.04,-0.26,3.02
2019-08-06,12.11,11.98,12.27,11.80,51472,61897722.00,3.76,-4.24,-0.53,4.37
2019-08-07,12.08,12.04,12.33,11.98,31346,38091548.00,2.92,0.50,0.06,2.66
2019-08-08,12.04,12.08,12.20,12.03,24623,29794257.00,1.41,0.33,0.04,2.09
2019-08-09,12.20,11.90,12.24,11.83,24820,29854572.00,3.39,-1.49,-0.18,2.11
2019-08-12,11.90,12.12,12.12,11.72,28304,33726178.00,3.36,1.85,0.22,2.40
2019-08-13,11.98,11.93,12.04,11.80,21169,25238221.00,1.98,-1.57,-0.19,1.80
2019-08-14,12.19,11.98,12.25,11.94,29154,35225437.00,2.60,0.42,0.05,2.48
2019-08-15,11.71,11.98,12.02,11.60,27529,32496668.00,3.51,0.00,0.00,2.34
2019-08-16,11.95,12.08,12.25,11.93,31996,38689076.00,2.67,0.83,0.10,2.72
2019-08-19,12.29,12.48,12.48,12.18,50918,62902914.00,2.48,3.31,0.40,4.32
2019-08-20,12.50,12.57,12.98,12.40,70423,89114588.00,4.65,0.72,0.09,5.98
2019-08-21,12.57,12.43,12.69,12.41,41525,52071106.00,2.23,-1.11,-0.14,3.53
2019-08-22,12.46,12.77,12.82,12.46,53038,67248061.00,2.90,2.74,0.34,4.50
2019-08-23,12.70,12.49,12.76,12.40,38740,48595224.00,2.82,-2.19,-0.28,3.29
2019-08-26,12.13,12.38,12.46,12.12,27920,34379277.00,2.72,-0.88,-0.11,2.37
2019-08-27,12.47,12.67,12.70,12.46,41817,52776443.00,1.94,2.34,0.29,3.55
2019-08-28,12.68,12.70,12.80,12.61,41721,53033457.00,1.50,0.24,0.03,3.54
2019-08-29,12.99,12.72,13.20,12.72,55407,71584780.00,3.78,0.16,0.02,4.71
2019-08-30,12.76,12.44,12.95,12.29,43583,55141897.00,5.19,-2.20,-0.28,3.70
2019-09-02,12.60,12.82,12.94,12.31,49536,62845213.00,5.06,3.05,0.38,4.21
2019-09-03,12.84,12.91,12.97,12.74,51448,66198305.00,1.79,0.70,0.09,4.37
2019-09-04,12.90,13.47,13.60,12.80,115947,153382980.00,6.20,4.34,0.56,9.85
2019-09-05,13.46,13.60,13.71,13.39,110552,149675943.00,2.38,0.97,0.13,9.39
2019-09-06,13.60,14.11,14.28,13.60,124746,174335785.00,5.00,3.75,0.51,10.59
2019-09-09,14.25,14.27,14.30,13.94,93754,132641380.00,2.55,1.13,0.16,7.96
2019-09-10,14.15,13.99,14.20,13.77,78911,110284009.00,3.01,-1.96,-0.28,6.70
2019-09-11,14.04,13.77,14.14,13.71,55363,77081903.00,3.07,-1.57,-0.22,4.70
2019-09-12,13.90,13.94,14.04,13.79,48429,67370745.00,1.82,1.23,0.17,4.11
2019-09-16,13.99,14.32,14.45,13.97,86236,122711078.00,3.44,2.73,0.38,7.32
2019-09-17,14.21,13.67,14.32,13.52,69642,96134154.00,5.59,-4.54,-0.65,5.91
2019-09-18,13.67,13.53,13.80,13.41,43430,59040690.00,2.85,-1.02,-0.14,3.69
2019-09-19,13.60,13.93,13.97,13.57,53443,73938730.00,2.96,2.96,0.40,4.54
2019-09-20,13.89,14.28,14.43,13.81,86171,122450677.00,4.45,2.51,0.35,7.32
2019-09-23,14.13,14.25,14.26,13.70,56365,79067455.00,3.92,-0.21,-0.03,4.79
2019-09-24,14.38,14.04,14.40,13.95,61697,87396668.00,3.16,-1.47,-0.21,5.24
2019-09-25,14.05,13.80,14.26,13.76,56423,79075493.00,3.56,-1.71,-0.24,4.79
2019-09-26,13.90,13.35,14.25,13.26,77540,106994832.00,7.17,-3.26,-0.45,6.58
2019-09-27,13.20,13.83,14.17,13.08,92668,127684238.00,8.16,3.60,0.48,7.87
2019-09-30,13.81,13.35,14.09,13.30,58762,79588850.00,5.71,-3.47,-0.48,4.99
2019-10-08,13.47,12.95,13.47,12.81,52412,68472798.00,4.94,-3.00,-0.40,4.45
2019-10-09,12.75,12.90,13.01,12.57,38626,49437235.00,3.40,-0.39,-0.05,3.28
2019-10-10,13.14,13.06,13.14,12.76,41349,53562590.00,2.95,1.24,0.16,3.51
2019-10-11,13.01,13.98,14.37,13.01,185085,259052370.00,10.41,7.04,0.92,15.72
2019-10-14,13.83,14.27,14.38,13.78,172733,244525102.00,4.29,2.07,0.29,14.67
2019-10-15,14.14,14.19,14.67,13.89,108468,154320828.00,5.47,-0.56,-0.08,9.21
2019-10-16,14.35,14.08,14.56,14.01,82266,116983122.00,3.88,-0.78,-0.11,6.99
2019-10-17,14.10,14.02,14.45,13.95,85627,121198387.00,3.55,-0.43,-0.06,7.27
2019-10-18,14.07,14.53,14.64,13.92,164051,235207005.00,5.14,3.64,0.51,13.93
2019-10-21,14.38,13.58,14.38,13.16,133969,183514990.00,8.40,-6.54,-0.95,11.38
2019-10-22,13.58,13.60,13.66,13.25,67944,91460459.00,3.02,0.15,0.02,5.77
2019-10-23,13.60,13.47,13.76,13.33,55663,75092565.00,3.16,-0.96,-0.13,4.73
2019-10-24,13.58,13.38,13.58,13.13,47001,62778846.00,3.34,-0.67,-0.09,3.99
2019-10-25,13.40,13.41,13.47,13.13,40156,53458167.00,2.54,0.22,0.03,3.41
2019-10-28,13.93,14.19,14.48,13.72,121359,170758001.00,5.67,5.82,0.78,10.31
2019-10-29,14.17,14.18,14.59,14.08,117810,168589773.00,3.59,-0.07,-0.01,10.00
2019-10-30,14.10,13.72,14.18,13.63,74466,103189247.00,3.88,-3.24,-0.46,6.32
2019-10-31,13.90,14.24,15.08,13.81,146764,211520079.00,9.26,3.79,0.52,12.46
2019-11-01,14.23,14.78,14.95,14.12,195140,284559120.00,5.83,3.79,0.54,16.57
2019-11-04,14.62,14.62,14.75,14.38,124924,182105498.00,2.50,-1.08,-0.16,10.61
2019-11-05,14.62,14.73,14.85,14.40,104992,153778378.00,3.08,0.75,0.11,8.92
2019-11-06,14.75,14.41,14.79,14.28,83648,120986847.00,3.46,-2.17,-0.32,7.10
2019-11-07,14.48,14.84,14.98,14.31,94068,137370659.00,4.65,2.98,0.43,7.99
2019-11-08,14.80,15.01,15.45,14.68,161259,242437112.00,5.19,1.15,0.17,13.69
2019-11-11,14.80,15.20,15.67,14.52,160764,242945151.00,7.66,1.27,0.19,13.65
2019-11-12,15.10,16.09,16.58,14.85,237783,372553584.00,11.38,5.86,0.89,20.19
2019-11-13,15.90,15.81,16.37,15.51,189783,301370976.00,5.34,-1.74,-0.28,16.12
2019-11-14,15.61,15.76,16.02,15.40,127409,200131573.00,3.92,-0.32,-0.05,10.82
2019-11-15,15.66,14.18,15.68,14.18,167080,246638436.00,9.52,-10.03,-1.58,14.19
2019-11-18,13.54,13.03,13.74,12.76,157057,206590674.00,6.91,-8.11,-1.15,13.34
2019-11-19,13.10,13.36,13.43,13.00,87346,115705677.00,3.30,2.53,0.33,7.42
2019-11-20,13.43,13.14,13.49,13.09,65978,87338935.00,2.99,-1.65,-0.22,5.60
2019-11-21,13.14,13.06,13.33,12.96,49176,64558682.00,2.82,-0.61,-0.08,4.18
2019-11-22,13.05,12.60,13.25,12.50,81593,104186157.00,5.74,-3.52,-0.46,6.93
2019-11-25,12.62,12.30,12.66,12.06,56760,69494559.00,4.76,-2.38,-0.30,4.82
2019-11-26,12.36,12.29,12.43,12.19,37072,45537297.00,1.95,-0.08,-0.01,3.15
2019-11-27,12.29,12.40,12.47,12.25,33485,41497559.00,1.79,0.90,0.11,2.84
2019-11-28,12.40,12.26,12.44,12.22,26863,33020135.00,1.77,-1.13,-0.14,2.28
2019-11-29,12.26,12.32,12.33,12.14,22159,27159732.00,1.55,0.49,0.06,1.88
2019-12-02,12.33,12.48,12.55,12.30,33507,41722479.00,2.03,1.30,0.16,2.85
2019-12-03,12.38,12.43,12.47,12.11,26452,32619458.00,2.88,-0.40,-0.05,2.25
2019-12-04,12.17,12.01,12.27,11.90,62230,75288711.00,2.98,-3.38,-0.42,5.28
2019-12-05,11.99,12.22,12.29,11.99,41391,50276756.00,2.50,1.75,0.21,3.52
2019-12-06,12.17,12.47,12.48,12.14,47322,58531919.00,2.78,2.05,0.25,4.02
2019-12-09,12.49,12.47,12.55,12.38,31835,39704434.00,1.36,0.00,0.00,2.70
2019-12-10,12.47,12.45,12.49,12.20,41003,50664286.00,2.33,-0.16,-0.02,3.48
2019-12-11,12.46,12.30,12.48,12.25,30882,38161302.00,1.85,-1.20,-0.15,2.62
2019-12-12,12.35,12.42,12.53,12.29,40358,50231125.00,1.95,0.98,0.12,3.43
2019-12-13,12.40,12.53,12.56,12.40,35817,44726900.00,1.29,0.89,0.11,3.04
2019-12-16,12.60,12.80,12.89,12.51,47536,60548253.00,3.03,2.15,0.27,4.04
2019-12-17,12.80,12.96,13.01,12.78,54442,70277407.00,1.80,1.25,0.16,4.62
2019-12-18,13.04,12.89,13.07,12.86,51427,66496238.00,1.62,-0.54,-0.07,4.37
2019-12-19,12.91,13.07,13.10,12.84,44194,57355392.00,2.02,1.40,0.18,3.75
2019-12-20,13.37,12.84,13.47,12.83,60098,79018955.00,4.90,-1.76,-0.23,5.10
2019-12-23,12.83,12.64,13.09,12.61,41628,53591655.00,3.74,-1.56,-0.20,3.54
2019-12-24,12.66,12.87,12.89,12.65,28767,36759777.00,1.90,1.82,0.23,2.44
2019-12-25,12.95,13.12,13.24,12.95,58972,77353898.00,2.25,1.94,0.25,5.01
2019-12-26,13.45,13.20,13.45,13.11,48046,63590809.00,2.59,0.61,0.08,4.08
2019-12-27,13.10,12.96,13.26,12.92,56983,74278625.00,2.58,-1.82,-0.24,4.84
2019-12-30,12.86,12.87,12.95,12.51,33074,42163884.00,3.40,-0.69,-0.09,2.81
2019-12-31,12.87,12.84,12.96,12.71,25395,32609861.00,1.94,-0.23,-0.03,2.16
2020-01-02,12.92,13.13,13.20,12.87,46124,60336299.00,2.57,2.26,0.29,3.92
2020-01-03,13.23,13.24,13.28,13.02,63744,83946468.00,1.98,0.84,0.11,5.41
2020-01-06,13.16,13.35,13.39,13.04,64555,85653726.00,2.64,0.83,0.11,5.48
2020-01-07,13.35,13.53,13.56,13.35,67008,90281102.00,1.57,1.35,0.18,5.69
2020-01-08,13.45,13.23,13.65,13.16,63583,85241227.00,3.62,-2.22,-0.30,5.40
2020-01-09,13.37,13.47,13.64,13.32,54249,72994389.00,2.42,1.81,0.24,4.61
2020-01-10,13.53,13.87,13.93,13.44,111699,153322085.00,3.64,2.97,0.40,9.49
2020-01-13,13.82,14.19,14.22,13.78,100084,140446448.00,3.17,2.31,0.32,8.50
2020-01-14,14.30,14.03,14.34,13.95,71354,100384652.00,2.75,-1.13,-0.16,6.06
2020-01-15,14.22,14.19,14.34,14.00,65558,92742793.00,2.42,1.14,0.16,5.57
2020-01-16,14.12,13.77,14.17,13.65,69568,96208521.00,3.66,-2.96,-0.42,5.91
2020-01-17,13.80,13.67,13.95,13.63,42990,59288721.00,2.32,-0.73,-0.10,3.65
2020-01-20,13.85,13.88,13.90,13.60,45001,62029635.00,2.19,1.54,0.21,3.82
2020-01-21,13.87,13.54,13.87,13.53,41614,56767819.00,2.45,-2.45,-0.34,3.53
2020-01-22,13.52,13.74,13.75,13.24,43420,58819126.00,3.77,1.48,0.20,3.69
2020-01-23,13.66,13.01,13.69,12.82,45531,60509206.00,6.33,-5.31,-0.73,3.87
2020-02-03,11.71,11.71,11.71,11.71,4609,5397139.00,0.00,-9.99,-1.30,0.39
2020-02-04,10.54,11.10,11.30,10.54,70030,77124570.00,6.49,-5.21,-0.61,5.95
2020-02-05,11.20,11.41,11.66,11.20,52549,60129005.00,4.14,2.79,0.31,4.46
2020-02-06,11.43,11.60,11.69,11.30,50360,57967939.00,3.42,1.67,0.19,4.28
2020-02-07,11.67,12.00,12.18,11.63,62723,74643315.00,4.74,3.45,0.40,5.33
2020-02-10,12.00,12.25,12.49,11.89,65334,79658334.00,5.00,2.08,0.25,5.55
2020-02-11,12.24,12.05,12.30,11.95,46503,56241201.00,2.86,-1.63,-0.20,3.95
2020-02-12,12.03,12.19,12.23,12.01,37057,45002620.00,1.83,1.16,0.14,3.15
2020-02-13,12.16,12.01,12.25,11.95,45374,54821287.00,2.46,-1.48,-0.18,3.85
2020-02-14,11.92,12.02,12.15,11.88,33811,40609882.00,2.25,0.08,0.01,2.87
2020-02-17,12.15,12.44,12.44,12.12,57199,70431360.00,2.66,3.49,0.42,4.86
2020-02-18,12.58,12.78,12.79,12.36,67210,84686938.00,3.46,2.73,0.34,5.71
2020-02-19,12.70,12.79,13.18,12.60,82142,106125726.00,4.54,0.08,0.01,6.98
2020-02-20,12.83,13.15,13.17,12.61,80498,104199874.00,4.38,2.81,0.36,6.84
2020-02-21,13.07,13.26,13.45,13.04,91265,121150705.00,3.12,0.84,0.11,7.75
2020-02-24,13.30,13.72,13.85,13.15,114824,155899819.00,5.28,3.47,0.46,9.75
2020-02-25,13.14,13.94,13.94,12.85,122440,164773322.00,7.94,1.60,0.22,10.40
2020-02-26,13.68,13.36,13.92,13.20,86410,117445949.00,5.16,-4.16,-0.58,7.34
2020-02-27,13.46,13.59,13.83,13.25,77743,105523369.00,4.34,1.72,0.23,6.60
2020-02-28,12.93,12.70,13.20,12.60,74025,95705169.00,4.42,-6.55,-0.89,6.29
2020-03-02,12.85,13.26,13.37,12.85,57471,75631874.00,4.09,4.41,0.56,4.88
2020-03-03,13.49,13.71,13.76,13.20,77807,105578344.00,4.22,3.39,0.45,6.61
2020-03-04,13.50,13.86,13.93,13.47,77470,106615311.00,3.36,1.09,0.15,6.58
2020-03-05,13.99,13.85,14.18,13.72,89524,124957786.00,3.32,-0.07,-0.01,7.60
2020-03-06,13.77,13.53,13.78,13.52,53641,73163896.00,1.88,-2.31,-0.32,4.56
2020-03-09,13.47,13.17,13.99,13.15,75374,102421094.00,6.21,-2.66,-0.36,6.40
2020-03-10,12.80,13.69,13.69,12.76,70156,92914943.00,7.06,3.95,0.52,5.96
2020-03-11,13.70,13.65,13.98,13.57,96205,132733869.00,2.99,-0.29,-0.04,8.17
2020-03-12,13.41,13.31,13.62,13.15,59260,79278878.00,3.44,-2.49,-0.34,5.03
2020-03-13,12.45,13.02,13.18,12.23,70196,89643528.00,7.14,-2.18,-0.29,5.96
2020-03-16,13.14,12.15,13.38,12.15,70149,90432499.00,9.45,-6.68,-0.87,5.96
2020-03-17,12.18,11.95,12.54,11.30,63888,76087814.00,10.21,-1.65,-0.20,5.43
2020-03-18,12.09,11.53,12.22,11.50,48850,58299254.00,6.03,-3.51,-0.42,4.15
2020-03-19,11.60,11.85,11.88,11.45,39651,46384796.00,3.73,2.78,0.32,3.37
2020-03-20,11.99,12.00,12.14,11.79,37071,44361319.00,2.95,1.27,0.15,3.15
2020-03-23,11.69,11.43,11.98,11.35,36074,42058388.00,5.25,-4.75,-0.57,3.06
2020-03-24,11.69,11.89,11.98,11.44,46703,55022199.00,4.72,4.02,0.46,3.97
2020-03-25,12.12,11.98,12.18,11.84,39654,47615893.00,2.86,0.76,0.09,3.37
2020-03-26,11.98,11.90,11.98,11.71,29094,34417918.00,2.25,-0.67,-0.08,2.47
2020-03-27,12.00,11.70,12.13,11.70,32321,38396163.00,3.61,-1.68,-0.20,2.74
2020-03-30,11.46,11.38,11.55,11.15,32316,36618008.00,3.42,-2.74,-0.32,2.74
2020-03-31,12.52,12.52,12.52,12.52,28141,35232131.00,0.00,10.02,1.14,2.39
2020-04-01,12.48,11.93,12.48,11.83,100485,121725982.00,5.19,-4.71,-0.59,8.53
2020-04-02,11.93,12.19,12.20,11.71,69205,83451005.00,4.11,2.18,0.26,5.88
2020-04-03,12.19,11.89,12.28,11.84,49997,60239027.00,3.61,-2.46,-0.30,4.25
2020-04-07,12.05,12.26,12.28,11.91,65857,80028100.00,3.11,3.11,0.37,5.59
2020-04-08,12.39,12.22,12.45,12.17,50865,62401247.00,2.28,-0.33,-0.04,4.32
2020-04-09,12.30,12.26,12.41,12.18,41964,51488917.00,1.88,0.33,0.04,3.56
2020-04-10,12.30,11.73,12.30,11.68,53978,64091388.00,5.06,-4.32,-0.53,4.58
2020-04-13,11.63,11.42,11.73,11.38,30511,35097589.00,2.98,-2.64,-0.31,2.59
2020-04-14,11.54,11.91,11.96,11.44,40622,47637369.00,4.55,4.29,0.49,3.45
2020-04-15,13.10,12.24,13.10,12.16,117751,148203677.00,7.89,2.77,0.33,10.00
2020-04-16,11.86,11.94,12.22,11.81,66651,79861441.00,3.35,-2.45,-0.30,5.66
2020-04-17,12.06,12.15,12.32,12.00,67638,82299049.00,2.68,1.76,0.21,5.74
2020-04-20,12.00,12.48,12.54,12.00,69661,86021297.00,4.44,2.72,0.33,5.92
2020-04-21,12.29,12.25,12.41,12.13,47586,58249399.00,2.24,-1.84,-0.23,4.04
2020-04-22,12.13,13.48,13.48,12.10,216292,286662512.00,11.27,10.04,1.23,18.37
2020-04-23,13.66,13.19,13.80,13.05,213596,287012544.00,5.56,-2.15,-0.29,18.14
2020-04-24,13.35,12.90,13.63,12.84,116158,153888217.00,5.99,-2.20,-0.29,9.86
2020-04-27,13.06,13.20,13.54,13.00,108351,144082467.00,4.19,2.33,0.30,9.20
2020-04-28,12.90,12.06,13.14,11.88,122063,150688440.00,9.55,-8.64,-1.14,10.37
2020-04-29,12.06,11.70,12.13,11.61,70989,84194683.00,4.31,-2.99,-0.36,6.03
2020-04-30,11.75,12.00,12.05,11.71,50183,59841129.00,2.91,2.56,0.30,4.26
2020-05-06,11.91,12.30,12.34,11.85,53930,65502620.00,4.08,2.50,0.30,4.58
2020-05-07,12.35,12.18,12.40,12.11,42995,52478936.00,2.36,-0.98,-0.12,3.65
2020-05-08,12.20,13.07,13.18,12.18,130397,166788342.00,8.21,7.31,0.89,11.07
2020-05-11,12.96,12.99,13.16,12.75,96285,124876555.00,3.14,-0.61,-0.08,8.18
2020-05-12,13.00,12.82,13.02,12.48,58043,73739175.00,4.16,-1.31,-0.17,4.93
2020-05-13,12.82,12.78,12.87,12.62,44666,56995590.00,1.95,-0.31,-0.04,3.79
2020-05-14,12.75,12.89,13.36,12.69,101236,131938649.00,5.24,0.86,0.11,8.60
2020-05-15,12.90,13.09,13.50,12.85,111252,147042146.00,5.04,1.55,0.20,9.45
2020-05-18,13.34,12.93,13.38,12.80,68715,89903002.00,4.43,-1.22,-0.16,5.84
2020-05-19,13.01,13.40,13.43,12.85,91508,120977685.00,4.49,3.63,0.47,7.77
2020-05-20,13.47,13.19,13.63,13.00,113321,150300728.00,4.70,-1.57,-0.21,9.62
2020-05-21,13.20,13.49,13.59,12.81,118667,157749756.00,5.91,2.27,0.30,10.08
2020-05-22,13.43,12.84,13.80,12.78,128668,170666690.00,7.56,-4.82,-0.65,10.93
2020-05-25,12.51,12.17,12.62,12.00,79389,96897931.00,4.83,-5.22,-0.67,6.74
2020-05-26,12.18,12.37,12.42,12.07,44391,54661067.00,2.88,1.64,0.20,3.67
2020-05-27,12.35,12.23,12.52,12.18,42012,51562484.00,2.75,-1.13,-0.14,3.47
2020-05-28,12.25,12.32,12.36,11.97,50825,61837544.00,3.19,0.74,0.09,4.20
2020-05-29,12.22,12.08,12.36,12.05,38536,46967617.00,2.52,-1.95,-0.24,3.19
2020-06-01,12.20,12.47,12.60,12.10,54815,67946420.00,4.14,3.23,0.39,4.53
2020-06-02,12.40,13.46,13.72,12.38,241726,324786080.00,10.75,7.94,0.99,19.99
2020-06-03,13.19,13.58,13.79,13.13,233022,314853712.00,4.90,0.89,0.12,19.27
2020-06-04,13.59,13.64,13.90,13.44,119618,163381385.00,3.39,0.44,0.06,9.89
2020-06-05,13.63,13.49,13.77,13.35,80507,108854600.00,3.08,-1.10,-0.15,6.66
2020-06-08,13.63,13.28,13.77,13.27,64841,87078431.00,3.71,-1.56,-0.21,5.36
2020-06-09,13.23,13.11,13.47,12.97,71401,93904472.00,3.77,-1.28,-0.17,5.90
2020-06-10,13.15,13.60,13.65,13.00,109494,146209114.00,4.96,3.74,0.49,9.05
2020-06-11,13.47,13.11,13.54,12.93,95879,126752481.00,4.49,-3.60,-0.49,7.93
2020-06-12,12.74,12.96,13.04,12.61,54422,70117281.00,3.28,-1.14,-0.15,4.50
2020-06-15,12.96,13.59,14.26,12.95,127368,173042503.00,10.11,4.86,0.63,10.53
2020-06-16,13.54,13.57,13.80,13.45,94213,128169700.00,2.58,-0.15,-0.02,7.79
2020-06-17,13.58,13.61,13.68,13.35,69552,93973537.00,2.43,0.29,0.04,5.75
2020-06-18,13.67,13.69,13.89,13.40,78451,106801602.00,3.60,0.59,0.08,6.49
2020-06-19,13.75,14.11,14.57,13.65,147863,207934233.00,6.72,3.07,0.42,12.23
2020-06-22,13.91,13.72,14.12,13.56,108095,149146188.00,3.97,-2.76,-0.39,9.09
2020-06-23,13.51,13.52,13.70,13.43,55497,75249554.00,1.97,-1.46,-0.20,4.67
2020-06-24,13.69,13.29,13.69,13.22,54562,72932678.00,3.48,-1.70,-0.23,4.59
2020-06-29,13.35,13.29,13.52,13.13,48009,64028290.00,2.93,0.00,0.00,4.03
2020-06-30,13.29,13.66,13.75,13.22,72124,97392684.00,3.99,2.78,0.37,6.05
2020-07-01,13.62,13.48,13.74,13.32,59290,79964860.00,3.07,-1.32,-0.18,4.98
2020-07-02,13.67,13.76,14.06,13.63,93569,129240635.00,3.19,2.08,0.28,7.85
2020-07-03,13.82,14.12,14.24,13.64,126744,177130177.00,4.36,2.62,0.36,10.64
2020-07-06,14.01,14.49,14.53,13.96,128712,184153581.00,4.04,2.62,0.37,10.80
2020-07-07,14.60,14.40,14.85,14.19,136398,198773318.00,4.55,-0.62,-0.09,11.45
2020-07-08,14.40,14.61,14.79,14.35,92985,135434879.00,3.06,1.46,0.21,7.80
2020-07-09,14.55,15.10,15.21,14.45,135805,200825530.00,5.20,3.35,0.49,11.40
2020-07-10,15.10,14.58,15.10,14.51,97438,144336759.00,3.91,-3.44,-0.52,8.18
2020-07-13,14.56,14.95,15.09,14.56,106848,159277429.00,3.64,2.54,0.37,8.97
2020-07-14,15.14,14.54,15.26,14.25,104485,153566571.00,6.76,-2.74,-0.41,8.77
2020-07-15,14.60,14.52,15.50,14.45,132627,197383517.00,7.22,-0.14,-0.02,11.13
2020-07-16,14.40,13.50,14.40,13.31,100884,141040327.00,7.51,-7.02,-1.02,8.47
2020-07-17,13.55,13.32,13.69,13.17,61400,82194376.00,3.85,-1.33,-0.18,5.15
2020-07-20,13.49,13.85,13.85,13.38,52366,71390129.00,3.53,3.98,0.53,4.40
2020-07-21,13.88,13.75,14.08,13.64,50136,69358101.00,3.18,-0.72,-0.10,4.21
2020-07-22,13.66,13.92,13.96,13.66,49572,68634262.00,2.18,1.24,0.17,4.16
2020-07-23,13.76,13.53,13.80,13.24,69428,93558094.00,4.02,-2.80,-0.39,5.83
2020-07-24,13.65,13.11,13.91,13.07,72025,97116826.00,6.21,-3.10,-0.42,6.05
2020-07-27,13.03,12.96,13.18,12.80,42089,54357450.00,2.90,-1.14,-0.15,3.53
2020-07-28,13.05,13.20,13.25,13.01,31833,41836223.00,1.85,1.85,0.24,2.67
2020-07-29,12.98,13.53,13.58,12.98,54122,72454224.00,4.55,2.50,0.33,4.54
2020-07-30,13.53,13.96,14.26,13.52,122276,171081070.00,5.47,3.18,0.43,10.26
2020-07-31,13.88,14.10,14.16,13.85,53823,75620452.00,2.22,1.00,0.14,4.52
2020-08-03,14.16,14.31,14.41,14.03,65827,93918681.00,2.70,1.49,0.21,5.52
2020-08-04,14.25,14.18,14.36,14.07,45227,64169315.00,2.03,-0.91,-0.13,3.80
2020-08-05,14.30,14.39,14.48,14.08,50879,72742299.00,2.82,1.48,0.21,4.27
2020-08-06,14.41,14.27,14.42,13.92,50032,70893976.00,3.47,-0.83,-0.12,4.20
2020-08-07,14.25,13.87,14.28,13.64,46896,65451790.00,4.48,-2.80,-0.40,3.94
2020-08-10,13.96,14.00,14.30,13.90,46731,65753687.00,2.88,0.94,0.13,3.92
2020-08-11,14.00,13.47,14.05,13.39,44857,61400291.00,4.71,-3.79,-0.53,3.76
2020-08-12,13.49,14.31,14.58,13.49,144533,206380574.00,8.09,6.24,0.84,12.13
2020-08-13,14.26,14.27,14.50,14.10,86506,123192159.00,2.80,-0.28,-0.04,7.26
2020-08-14,14.21,14.08,14.24,13.76,64455,89878497.00,3.36,-1.33,-0.19,5.41
2020-08-17,14.19,14.54,14.55,14.12,91108,131309985.00,3.05,3.27,0.46,7.65
2020-08-18,14.55,14.58,14.65,14.30,74143,107002241.00,2.41,0.28,0.04,6.22
2020-08-19,14.53,14.27,14.61,14.20,60960,87496915.00,2.81,-2.13,-0.31,5.12
2020-08-20,14.20,14.67,14.95,14.13,85005,124036645.00,5.75,2.80,0.40,7.13
2020-08-21,14.54,14.61,14.95,14.48,83315,122475579.00,3.20,-0.41,-0.06,6.99
2020-08-24,14.54,14.94,15.15,14.32,84616,125896977.00,5.68,2.26,0.33,7.10
2020-08-25,14.86,14.92,15.15,14.74,73077,109219587.00,2.74,-0.13,-0.02,6.13
2020-08-26,14.96,14.79,15.30,14.79,91788,138215111.00,3.42,-0.87,-0.13,7.70
2020-08-27,14.56,15.19,15.36,14.39,117142,175903335.00,6.56,2.70,0.40,9.83
2020-08-28,15.16,14.97,15.19,14.72,75213,112030918.00,3.09,-1.45,-0.22,6.31
2020-08-31,14.91,14.65,15.18,14.61,68492,101824998.00,3.81,-2.14,-0.32,5.75
2020-09-01,14.65,14.74,14.85,14.55,42363,62196380.00,2.05,0.61,0.09,3.56
2020-09-02,14.71,14.78,14.93,14.50,50781,74904480.00,2.92,0.27,0.04,4.26
2020-09-03,14.88,14.27,14.88,14.26,62617,90479361.00,4.19,-3.45,-0.51,5.26
2020-09-04,14.11,14.46,14.48,14.08,43931,62983222.00,2.80,1.33,0.19,3.69
2020-09-07,14.58,14.87,15.08,14.35,86870,129066739.00,5.05,2.84,0.41,7.29
2020-09-08,14.82,14.95,15.04,14.61,46633,69227267.00,2.89,0.54,0.08,3.91
2020-09-09,14.73,14.71,15.09,14.47,61057,90288891.00,4.15,-1.61,-0.24,5.12
2020-09-10,14.83,13.77,14.92,13.59,86043,121224400.00,9.04,-6.39,-0.94,7.22
2020-09-11,13.50,13.67,13.71,13.31,41730,56429531.00,2.90,-0.73,-0.10,3.50
2020-09-14,13.74,13.80,13.85,13.55,30349,41668912.00,2.19,0.95,0.13,2.55
2020-09-15,13.70,13.72,13.85,13.49,24382,33253591.00,2.61,-0.58,-0.08,2.05
2020-09-16,13.62,13.48,13.79,13.35,27661,37436243.00,3.21,-1.75,-0.24,2.32
2020-09-17,13.44,13.71,13.82,13.40,37452,50966833.00,3.12,1.71,0.23,3.14
2020-09-18,13.72,13.74,13.79,13.44,31985,43558974.00,2.55,0.22,0.03,2.68
2020-09-21,13.76,13.52,13.82,13.52,26859,36665988.00,2.18,-1.60,-0.22,2.25
2020-09-22,13.40,13.20,13.47,13.15,29218,38875653.00,2.37,-2.37,-0.32,2.45
2020-09-23,13.20,13.20,13.34,13.11,17078,22573029.00,1.74,0.00,0.00,1.43
2020-09-24,13.08,13.00,13.18,12.73,33857,43786864.00,3.41,-1.52,-0.20,2.84
2020-09-25,13.03,12.98,13.13,12.84,12989,16834494.00,2.23,-0.15,-0.02,1.09
2020-09-28,12.98,12.53,13.06,12.51,19732,25073766.00,4.24,-3.47,-0.45,1.66
2020-09-29,12.65,12.70,12.82,12.53,11801,14977591.00,2.31,1.36,0.17,0.99
2020-09-30,12.80,12.69,12.80,12.51,12284,15511889.00,2.28,-0.08,-0.01,1.03
2020-10-09,12.86,13.02,13.05,12.80,18066,23427256.00,1.97,2.60,0.33,1.52
2020-10-12,13.10,13.32,13.33,13.10,23632,31336751.00,1.77,2.30,0.30,1.98
2020-10-13,13.32,13.28,13.33,13.14,18980,25105464.00,1.43,-0.30,-0.04,1.59
2020-10-14,13.32,13.03,13.32,13.01,16690,21851790.00,2.33,-1.88,-0.25,1.40
2020-10-15,12.97,12.87,13.08,12.84,15779,20411089.00,1.84,-1.23,-0.16,1.32
2020-10-16,13.18,13.01,13.24,12.94,20756,27137663.00,2.33,1.09,0.14,1.74
2020-10-19,13.01,12.92,13.18,12.90,16689,21720497.00,2.15,-0.69,-0.09,1.40
2020-10-20,12.91,13.04,13.13,12.79,17272,22403178.00,2.63,0.93,0.12,1.45
2020-10-21,13.06,13.06,13.16,12.80,21930,28525608.00,2.76,0.15,0.02,1.84
2020-10-22,13.05,13.17,13.25,12.90,26718,35101651.00,2.68,0.84,0.11,1.87
2020-10-23,13.14,13.57,13.82,13.05,51322,68953421.00,5.85,3.04,0.40,3.59
2020-10-26,13.41,13.55,13.64,13.25,29330,39455174.00,2.87,-0.15,-0.02,2.05
2020-10-27,13.54,13.60,13.64,13.46,24457,33159673.00,1.33,0.37,0.05,1.71
2020-10-28,13.60,13.41,13.60,13.24,21667,29038952.00,2.65,-1.40,-0.19,1.51
2020-10-29,13.26,13.46,13.61,13.19,21572,28974433.00,3.13,0.37,0.05,1.51
2020-10-30,13.39,13.51,13.75,13.33,38676,52442291.00,3.12,0.37,0.05,2.70
2020-11-02,13.52,13.68,13.68,13.31,28911,39147312.00,2.74,1.26,0.17,2.02
2020-11-03,13.70,13.66,13.85,13.57,29082,39795110.00,2.05,-0.15,-0.02,2.03
2020-11-04,13.63,13.72,13.81,13.50,25616,34956498.00,2.27,0.44,0.06,1.79
2020-11-05,13.73,13.82,13.95,13.67,34769,47949048.00,2.04,0.73,0.10,2.43
2020-11-06,13.82,13.59,13.86,13.52,25581,34953544.00,2.46,-1.66,-0.23,1.79
2020-11-09,13.65,13.85,13.99,13.65,41501,57567871.00,2.50,1.91,0.26,2.90
2020-11-10,13.95,13.88,13.97,13.72,22776,31502015.00,1.81,0.22,0.03,1.59
2020-11-11,13.86,13.58,13.86,13.50,22139,30226408.00,2.59,-2.16,-0.30,1.55
2020-11-12,13.58,13.55,13.76,13.45,14537,19731621.00,2.28,-0.22,-0.03,1.02
2020-11-13,13.54,13.61,13.63,13.44,13105,17731524.00,1.40,0.44,0.06,0.92
2020-11-16,13.65,13.81,13.83,13.57,15237,20908362.00,1.91,1.47,0.20,1.06
2020-11-17,13.82,13.57,13.85,13.38,21883,29581075.00,3.40,-1.74,-0.24,1.53
2020-11-18,13.58,13.50,13.71,13.42,13242,17945283.00,2.14,-0.52,-0.07,0.93
2020-11-19,13.46,13.27,13.54,13.22,20250,26959016.00,2.37,-1.70,-0.23,1.41
2020-11-20,13.20,13.28,13.32,13.18,13830,18325069.00,1.06,0.08,0.01,0.97
2020-11-23,13.30,13.20,13.46,13.16,23385,30970645.00,2.26,-0.60,-0.08,1.63
2020-11-24,13.18,13.25,13.39,13.13,19471,25825849.00,1.97,0.38,0.05,1.36
2020-11-25,13.25,13.42,13.54,13.20,27926,37362534.00,2.57,1.28,0.17,1.95
2020-11-26,13.36,13.69,13.73,13.30,33727,45751969.00,3.20,2.01,0.27,2.36
2020-11-27,13.65,13.61,13.76,13.44,22911,31114661.00,2.34,-0.58,-0.08,1.60
2020-11-30,13.65,13.78,13.90,13.52,29578,40693074.00,2.79,1.25,0.17,2.07
2020-12-01,13.82,13.90,13.93,13.70,26270,36266373.00,1.67,0.87,0.12,1.84
2020-12-02,13.84,13.67,13.92,13.61,23720,32554751.00,2.23,-1.65,-0.23,1.66
2020-12-03,13.67,13.93,14.24,13.60,47196,65839127.00,4.68,1.90,0.26,3.30
2020-12-04,14.03,13.90,14.17,13.85,24774,34599343.00,2.30,-0.22,-0.03,1.73
2020-12-07,13.97,13.92,14.07,13.83,21766,30356764.00,1.73,0.14,0.02,1.52
2020-12-08,13.92,13.96,14.04,13.74,16106,22435045.00,2.16,0.29,0.04,1.13
2020-12-09,13.92,13.55,13.99,13.50,29174,39843401.00,3.51,-2.94,-0.41,2.04
2020-12-10,13.55,13.50,13.68,13.45,13088,17746320.00,1.70,-0.37,-0.05,0.91
2020-12-11,13.51,13.34,13.58,13.25,17113,22840204.00,2.44,-1.19,-0.16,1.20
2020-12-14,13.36,13.33,13.39,13.22,11539,15375025.00,1.27,-0.07,-0.01,0.81
2020-12-15,13.35,13.46,13.50,13.28,10968,14680117.00,1.65,0.98,0.13,0.77
2020-12-16,13.41,13.36,13.51,13.26,12403,16561286.00,1.86,-0.74,-0.10,0.87
2020-12-17,13.35,13.23,13.35,12.83,22039,28817414.00,3.89,-0.97,-0.13,1.54
2020-12-18,13.28,12.98,13.28,12.94,13049,17042215.00,2.57,-1.89,-0.25,0.91
2020-12-21,12.95,13.03,13.13,12.91,13394,17447769.00,1.69,0.39,0.05,0.94
2020-12-22,13.03,12.97,13.23,12.86,15029,19600969.00,2.84,-0.46,-0.06,1.05
2020-12-23,13.01,13.03,13.10,12.89,10713,13905843.00,1.62,0.46,0.06,0.75
2020-12-24,13.10,12.78,13.10,12.56,23083,29541939.00,4.14,-1.92,-0.25,1.61
2020-12-25,13.00,13.15,13.30,12.80,15198,19962957.00,3.91,2.90,0.37,1.06
2020-12-28,13.15,13.18,13.28,12.96,11823,15524638.00,2.43,0.23,0.03,0.83
2020-12-29,13.20,13.66,13.75,13.10,32872,44409505.00,4.93,3.64,0.48,2.30
2020-12-30,13.51,13.57,13.84,13.49,23963,32644396.00,2.56,-0.66,-0.09,1.67
2020-12-31,13.56,13.61,13.73,13.50,14378,19584728.00,1.69,0.29,0.04,0.98
2021-01-04,13.69,13.74,13.83,13.50,20114,27514664.00,2.42,0.96,0.13,1.38
2021-01-05,13.79,14.36,14.56,13.74,67000,95112456.00,5.97,4.51,0.62,4.59
2021-01-06,14.37,14.16,14.75,14.04,60449,86527765.00,4.94,-1.39,-0.20,4.14
2021-01-07,14.04,13.83,14.40,13.79,41225,58050828.00,4.31,-2.33,-0.33,2.82
2021-01-08,13.87,14.79,15.21,13.87,129333,193004109.00,9.69,6.94,0.96,8.86
2021-01-11,14.27,16.27,16.27,14.27,173182,269437024.00,13.52,10.01,1.48,11.86
2021-01-12,16.57,16.70,17.90,16.31,238410,405185056.00,9.77,2.64,0.43,16.32
2021-01-13,16.35,16.25,16.51,15.71,146977,236237180.00,4.79,-2.69,-0.45,10.06
2021-01-14,16.01,16.60,16.99,15.52,151050,245159214.00,9.05,2.15,0.35,10.34
2021-01-15,16.25,15.97,16.47,15.76,87901,140715511.00,4.28,-3.80,-0.63,6.02
2021-01-18,15.90,16.73,17.57,15.86,98282,164973428.00,10.71,4.76,0.76,6.73
2021-01-19,16.75,17.17,18.15,16.67,123727,216523723.00,8.85,2.63,0.44,8.47
2021-01-20,17.19,17.53,17.78,16.80,90601,156159868.00,5.71,2.10,0.36,6.20
2021-01-21,17.68,17.02,17.68,16.77,94125,161291016.00,5.19,-2.91,-0.51,6.44
2021-01-22,16.91,17.10,17.14,16.39,72533,121428237.00,4.41,0.47,0.08,4.97
2021-01-25,17.28,16.21,17.44,16.21,75984,125793910.00,7.19,-5.20,-0.89,5.20
2021-01-26,16.11,16.25,16.64,16.01,44129,71849051.00,3.89,0.25,0.04,3.02
2021-01-27,16.05,16.21,16.49,15.91,38548,62348850.00,3.57,-0.25,-0.04,2.64
2021-01-28,16.05,16.25,17.25,16.01,57084,94874923.00,7.65,0.25,0.04,3.91
2021-01-29,16.40,16.93,17.17,16.20,74609,124901251.00,5.97,4.18,0.68,5.11
2021-02-01,16.66,17.30,17.59,16.66,67314,115593524.00,5.49,2.19,0.37,4.61
2021-02-02,17.13,16.56,17.29,16.35,67601,112696551.00,5.43,-4.28,-0.74,4.63
2021-02-03,16.35,14.90,16.35,14.90,107710,162910224.00,8.76,-10.02,-1.66,7.37
2021-02-04,14.50,13.86,14.77,13.60,89296,126019590.00,7.85,-6.98,-1.04,6.11
2021-02-05,13.84,13.48,14.19,13.25,51586,70116069.00,6.78,-2.74,-0.38,3.53
2021-02-08,13.53,12.97,13.66,12.91,37855,49792223.00,5.56,-3.78,-0.51,2.59
2021-02-09,12.88,13.13,13.45,12.80,34707,45643623.00,5.01,1.23,0.16,2.38
2021-02-10,13.15,12.90,13.38,12.84,32754,42649280.00,4.11,-1.75,-0.23,2.24
2021-02-18,13.00,13.48,13.48,13.00,30566,40560224.00,3.72,4.50,0.58,2.09
2021-02-19,13.54,13.75,13.77,13.31,24556,33421613.00,3.41,2.00,0.27,1.68
2021-02-22,13.80,13.70,13.95,13.58,42833,58950555.00,2.69,-0.36,-0.05,2.93
2021-02-23,13.69,13.53,13.74,13.46,22430,30442260.00,2.04,-1.24,-0.17,1.54
2021-02-24,13.53,13.51,13.77,13.38,23815,32316514.00,2.88,-0.15,-0.02,1.63
2021-02-25,13.55,13.27,13.60,13.14,21718,28908317.00,3.40,-1.78,-0.24,1.49
2021-02-26,13.08,13.30,13.44,13.02,14050,18706279.00,3.17,0.23,0.03,0.96
2021-03-01,13.40,13.31,13.44,13.18,23262,30926826.00,1.95,0.08,0.01,1.59
2021-03-02,13.31,13.10,13.38,13.05,21770,28567590.00,2.48,-1.58,-0.21,1.49
2021-03-03,13.14,13.46,13.50,13.03,26045,34649715.00,3.59,2.75,0.36,1.78
2021-03-04,13.38,13.32,13.53,13.28,22389,29959161.00,1.86,-1.04,-0.14,1.53
2021-03-05,13.12,13.25,13.35,13.12,22047,29182464.00,1.73,-0.53,-0.07,1.51
2021-03-08,13.26,13.33,13.55,13.19,32117,42982672.00,2.72,0.60,0.08,2.20
2021-03-09,13.34,13.15,13.45,12.70,29000,38028157.00,5.63,-1.35,-0.18,1.99
2021-03-10,13.21,12.96,13.30,12.94,15068,19647319.00,2.74,-1.44,-0.19,1.03
2021-03-11,12.90,13.06,13.15,12.90,15839,20713149.00,1.93,0.77,0.10,1.08
2021-03-12,13.15,12.86,13.16,12.84,16799,21732180.00,2.45,-1.53,-0.20,1.15
2021-03-15,12.92,12.64,12.92,12.60,18082,22977499.00,2.49,-1.71,-0.22,1.24
2021-03-16,12.68,12.79,12.82,12.61,11943,15180163.00,1.66,1.19,0.15,0.82
2021-03-17,12.79,12.85,12.88,12.71,10624,13612109.00,1.33,0.47,0.06,0.73
2021-03-18,12.81,12.74,12.84,12.70,14633,18647584.00,1.09,-0.86,-0.11,1.00
2021-03-19,12.80,12.87,12.96,12.65,17492,22397186.00,2.43,1.02,0.13,1.20
2021-03-22,12.87,12.88,12.93,12.75,14053,18040270.00,1.40,0.08,0.01,0.96
2021-03-23,12.86,13.07,13.26,12.85,24957,32732056.00,3.18,1.48,0.19,1.71
2021-03-24,12.93,13.02,13.15,12.93,13445,17525881.00,1.68,-0.38,-0.05,0.92
2021-03-25,13.02,13.14,13.26,12.91,18952,24834351.00,2.69,0.92,0.12,1.30
2021-03-26,13.18,13.11,13.19,12.96,12769,16721798.00,1.75,-0.23,-0.03,0.87
2021-03-29,13.13,13.03,13.24,13.00,12956,16975699.00,1.83,-0.61,-0.08,0.89
2021-03-30,13.01,12.90,13.03,12.88,13597,17577015.00,1.15,-1.00,-0.13,0.93
2021-03-31,12.90,13.03,13.19,12.90,16623,21724606.00,2.25,1.01,0.13,1.14
2021-04-01,12.98,12.94,13.03,12.83,12490,16135674.00,1.53,-0.69,-0.09,0.86
2021-04-02,13.00,13.19,13.33,12.91,24456,32208779.00,3.25,1.93,0.25,1.67
2021-04-06,13.19,13.32,13.44,13.19,17226,22954691.00,1.90,0.99,0.13,1.18
2021-04-07,13.32,13.45,13.47,13.26,19791,26463181.00,1.58,0.98,0.13,1.36
2021-04-08,13.44,13.25,13.45,13.23,14400,19147014.00,1.64,-1.49,-0.20,0.99
2021-04-09,13.24,13.25,13.32,13.16,8208,10863005.00,1.21,0.00,0.00,0.56
2021-04-12,13.25,13.00,13.33,12.99,13849,18177817.00,2.57,-1.89,-0.25,0.95
2021-04-13,13.00,12.93,13.10,12.82,10005,12932465.00,2.15,-0.54,-0.07,0.68
2021-04-14,12.86,12.98,13.05,12.86,8628,11201410.00,1.47,0.39,0.05,0.59
2021-04-15,12.99,12.99,13.07,12.91,8184,10645202.00,1.23,0.08,0.01,0.56
2021-04-16,12.91,13.14,13.17,12.91,15674,20522878.00,2.00,1.15,0.15,1.07
2021-04-19,13.10,13.24,13.57,13.09,19215,25469842.00,3.65,0.76,0.10,1.32
2021-04-20,13.25,13.29,13.48,13.20,17169,22930414.00,2.11,0.38,0.05,1.18
2021-04-21,13.44,13.33,13.45,13.28,20232,27059738.00,1.28,0.30,0.04,1.39
2021-04-22,13.40,13.27,13.45,13.26,16228,21648050.00,1.43,-0.45,-0.06,1.11
2021-04-23,13.37,13.21,13.50,13.08,21872,29014579.00,3.17,-0.45,-0.06,1.50
2021-04-26,13.02,13.00,13.27,12.95,22527,29328699.00,2.42,-1.59,-0.21,1.54
2021-04-27,13.01,12.91,13.13,12.88,15390,19933618.00,1.92,-0.69,-0.09,1.05
2021-04-28,13.01,12.95,13.05,12.88,9336,12101541.00,1.32,0.31,0.04,0.64
2021-04-29,13.00,13.57,14.25,12.97,49790,67476474.00,9.88,4.79,0.62,3.41
2021-04-30,13.50,13.24,13.59,13.21,24430,32587909.00,2.80,-2.43,-0.33,1.67
2021-05-06,13.20,13.35,13.37,13.20,13849,18435203.00,1.28,0.83,0.11,0.94
2021-05-07,13.40,13.52,13.64,13.32,24475,33058410.00,2.40,1.27,0.17,1.66
2021-05-10,13.63,13.56,13.65,13.37,18976,25580615.00,2.07,0.30,0.04,1.28
2021-05-11,13.44,13.53,13.60,13.31,18858,25413056.00,2.14,-0.22,-0.03,1.28
2021-05-12,13.42,14.14,14.60,13.33,63871,89978963.00,9.39,4.51,0.61,4.32
2021-05-13,14.25,14.28,14.58,14.00,37586,53562391.00,4.10,0.99,0.14,2.54
2021-05-14,14.32,15.71,15.71,14.16,116539,177189009.00,10.85,10.01,1.43,7.89
2021-05-17,15.72,17.28,17.28,15.23,222272,368547984.00,13.05,9.99,1.57,15.05
2021-05-18,16.60,17.06,19.00,16.01,297074,512019840.00,17.30,-1.27,-0.22,20.11
2021-05-19,17.20,18.77,18.77,16.61,362356,656796624.00,12.66,10.02,1.71,24.53
2021-05-20,18.00,16.89,18.41,16.89,230638,409874416.00,8.10,-10.02,-1.88,15.62
2021-05-21,17.00,18.58,18.58,17.00,378469,686405408.00,9.35,10.01,1.69,25.62
2021-05-24,19.05,18.50,20.39,17.55,362578,700310336.00,15.29,-0.43,-0.08,24.55
2021-05-25,18.55,19.30,19.47,17.59,224678,418589104.00,10.16,4.32,0.80,15.21
2021-05-26,19.24,18.72,19.59,18.21,205802,390374432.00,7.15,-3.01,-0.58,13.93
2021-05-27,18.35,18.80,19.95,18.00,166645,316157552.00,10.42,0.43,0.08,11.28
2021-05-28,18.57,19.65,19.87,18.27,188799,361257456.00,8.51,4.52,0.85,12.78
2021-05-31,19.30,20.00,20.50,19.02,192304,381008928.00,7.53,1.78,0.35,13.02
2021-06-01,20.60,22.00,22.00,19.81,238490,505327552.00,10.95,10.00,2.00,16.15
2021-06-02,21.00,20.93,21.85,20.33,197143,415193520.00,6.91,-4.86,-1.07,13.35
2021-06-03,21.15,18.84,21.15,18.84,232454,456055152.00,11.04,-9.99,-2.09,15.74
2021-06-04,19.01,18.56,19.20,17.88,155641,286806640.00,7.01,-1.49,-0.28,10.54
2021-06-07,18.64,19.02,19.15,18.11,135130,252131998.00,5.60,2.48,0.46,9.15
2021-06-08,19.01,18.54,19.27,18.24,99629,186792188.00,5.42,-2.52,-0.48,6.75
2021-06-09,18.53,17.84,18.84,17.12,167847,297260848.00,9.28,-3.78,-0.70,11.36
2021-06-10,17.80,17.73,18.17,17.51,110358,196837080.00,3.70,-0.62,-0.11,7.47
2021-06-11,17.55,17.10,17.79,17.10,81711,142382745.00,3.89,-3.55,-0.63,5.53
2021-06-15,17.35,17.48,17.55,16.89,75369,129570093.00,3.86,2.22,0.38,5.10
2021-06-16,17.50,16.73,17.60,16.30,110082,186009978.00,7.44,-4.29,-0.75,7.45
2021-06-17,16.73,17.01,17.29,16.67,72457,123377261.00,3.71,1.67,0.28,4.91
2021-06-18,17.04,18.06,18.54,16.70,149897,268916736.00,10.82,6.17,1.05,10.15
2021-06-21,18.06,18.12,18.41,17.80,73540,132833053.00,3.38,0.33,0.06,4.98
2021-06-22,18.28,17.92,18.39,17.81,55354,99662185.00,3.20,-1.10,-0.20,3.75
2021-06-23,18.20,18.90,19.66,17.92,146600,277332960.00,9.71,5.47,0.98,9.93
2021-06-24,18.91,18.34,19.18,18.29,68737,127729623.00,4.71,-2.96,-0.56,4.65
2021-06-25,18.36,17.88,18.41,17.51,78083,139383553.00,4.91,-2.51,-0.46,5.28
2021-06-28,17.90,18.72,19.17,17.80,82345,153027559.00,7.66,4.70,0.84,5.57
2021-06-29,19.08,18.73,19.40,18.45,68034,128401189.00,5.07,0.05,0.01,4.60
2021-06-30,18.99,18.25,19.00,17.92,96366,176747561.00,5.77,-2.56,-0.48,6.52
2021-07-01,18.23,17.00,18.60,17.00,84086,147530302.00,8.77,-6.85,-1.25,5.69
2021-07-02,16.86,17.45,17.60,16.86,50039,86673956.00,4.35,2.65,0.45,3.38
2021-07-05,17.85,17.87,18.68,17.65,67559,122451598.00,5.90,2.41,0.42,4.57
2021-07-06,18.01,17.68,18.09,17.26,49592,87132230.00,4.64,-1.06,-0.19,3.35
2021-07-07,17.42,17.22,17.63,17.06,58404,101282658.00,3.22,-2.60,-0.46,3.95
2021-07-08,17.22,18.94,18.94,17.22,161692,298250864.00,9.99,9.99,1.72,10.93
2021-07-09,18.56,18.79,19.18,18.07,148559,275894112.00,5.86,-0.79,-0.15,10.05
2021-07-12,18.47,18.41,18.95,18.20,126456,233062286.00,3.99,-2.02,-0.38,8.55
2021-07-13,18.31,18.00,18.47,17.78,83820,151138332.00,3.75,-2.23,-0.41,5.67
2021-07-14,18.00,17.48,18.00,17.40,68088,120010124.00,3.33,-2.89,-0.52,4.60
2021-07-15,17.59,16.60,17.80,16.33,126106,212827561.00,8.41,-5.03,-0.88,8.53
2021-07-16,16.38,15.49,16.50,15.49,118353,188547288.00,6.08,-6.69,-1.11,8.00
