2021-04-07,28.51,28.51,28.51,28.51,1247,3555938.00,0.00,9.99,2.59,0.50
2021-04-08,31.36,31.36,31.36,31.36,712,2231671.00,0.00,10.00,2.85,0.28
2021-04-09,34.50,34.50,34.50,34.50,1194,4119955.00,0.00,10.01,3.14,0.48
2021-04-12,37.95,37.95,37.95,37.95,2422,9191490.00,0.00,10.00,3.45,0.97
2021-04-13,41.75,41.75,41.75,41.75,2725,11378252.00,0.00,10.01,3.80,1.09
2021-04-14,45.93,45.93,45.93,45.93,1517,6966846.00,0.00,10.01,4.18,0.61
2021-04-15,50.52,41.98,50.52,41.36,165172,744840672.00,19.94,-8.60,-3.95,66.07
2021-04-16,37.78,37.78,38.97,37.78,53909,203844278.00,2.83,-10.00,-4.20,21.56
2021-04-19,38.80,35.82,38.80,35.75,108918,401071920.00,8.07,-5.19,-1.96,43.57
2021-04-20,34.55,34.78,36.44,34.10,88071,307421456.00,6.53,-2.90,-1.04,35.23
2021-04-21,34.27,36.12,36.48,34.01,86244,303725264.00,7.10,3.85,1.34,34.50
2021-04-22,35.62,37.01,38.88,35.06,110016,408848864.00,10.58,2.46,0.89,44.01
2021-04-23,36.10,33.44,36.70,33.32,91005,316774528.00,9.13,-9.65,-3.57,36.40
2021-04-26,32.60,31.01,32.78,30.88,67944,215630835.00,5.68,-7.27,-2.43,27.18
2021-04-27,31.02,31.85,32.29,30.71,50826,160642423.00,5.10,2.71,0.84,20.33
2021-04-28,31.30,31.80,32.83,30.00,50311,157048081.00,8.89,-0.16,-0.05,20.12
2021-04-29,31.10,30.39,31.81,30.30,41999,130242796.00,4.75,-4.43,-1.41,16.80
2021-04-30,30.39,29.20,30.42,29.12,35539,105220167.00,4.28,-3.92,-1.19,14.22
2021-05-06,29.30,29.66,30.24,29.21,28940,85854047.00,3.53,1.58,0.46,11.58
2021-05-07,29.78,32.63,32.63,28.85,53463,168417700.00,12.74,10.01,2.97,21.39
2021-05-10,33.56,35.89,35.89,33.01,103871,363884464.00,8.83,9.99,3.26,41.55
2021-05-11,36.37,33.26,37.93,32.63,121182,427856736.00,14.77,-7.33,-2.63,48.47
2021-05-12,30.77,31.65,32.20,30.72,71419,223883744.00,4.45,-4.84,-1.61,28.57
2021-05-13,31.00,31.00,31.97,30.85,44480,139173716.00,3.54,-2.05,-0.65,17.79
2021-05-14,30.80,31.56,32.49,30.13,52969,166292030.00,7.61,1.81,0.56,21.19
2021-05-17,32.00,30.01,32.00,29.85,48839,148712821.00,6.81,-4.91,-1.55,19.54
2021-05-18,30.03,31.86,32.96,30.03,53674,167951179.00,9.76,6.16,1.85,21.47
2021-05-19,31.27,31.12,32.73,31.00,47346,149995536.00,5.43,-2.32,-0.74,18.94
2021-05-20,31.05,30.67,31.49,30.23,31302,95896940.00,4.05,-1.45,-0.45,12.52
2021-05-21,30.51,30.75,30.86,30.12,24357,74393698.00,2.41,0.26,0.08,9.74
2021-05-24,31.30,30.04,31.53,29.98,28176,85237523.00,5.04,-2.31,-0.71,11.27
2021-05-25,29.87,29.67,29.87,29.10,28925,85205710.00,2.56,-1.23,-0.37,11.57
2021-05-26,29.64,30.06,30.28,29.33,23539,70370055.00,3.20,1.31,0.39,9.42
2021-05-27,29.90,30.88,31.45,29.71,39780,121844991.00,5.79,2.73,0.82,15.91
2021-05-28,30.66,30.06,30.87,30.00,27934,84691216.00,2.82,-2.66,-0.82,11.17
2021-05-31,30.35,30.50,31.06,29.91,25118,76254408.00,3.83,1.46,0.44,10.05
2021-06-01,31.38,31.50,32.97,30.94,66404,210919286.00,6.66,3.28,1.00,26.56
2021-06-02,31.04,34.65,34.65,31.01,63035,210414753.00,11.56,10.00,3.15,25.21
2021-06-03,34.79,32.77,35.14,32.52,90179,302559792.00,7.56,-5.43,-1.88,36.07
2021-06-04,32.10,31.17,32.68,31.10,52550,166689160.00,4.82,-4.88,-1.60,21.02
2021-06-07,30.90,31.35,31.70,30.52,33068,103009887.00,3.79,0.58,0.18,13.23
2021-06-08,31.15,30.57,31.32,30.32,30106,92598343.00,3.19,-2.49,-0.78,12.04
2021-06-09,30.24,29.89,30.47,29.69,26648,79986171.00,2.55,-2.22,-0.68,10.66
2021-06-10,30.12,30.34,30.95,30.00,26574,81033784.00,3.18,1.51,0.45,10.63
2021-06-11,30.98,30.01,30.98,29.90,21786,65800974.00,3.56,-1.09,-0.33,8.71
2021-06-15,29.55,30.48,30.71,29.00,31704,93956767.00,5.70,1.57,0.47,12.68
2021-06-16,30.12,29.48,30.30,29.42,16788,50016769.00,2.89,-3.28,-1.00,6.72
2021-06-17,29.80,29.90,30.45,29.78,13881,41658162.00,2.27,1.42,0.42,5.55
2021-06-18,29.48,29.97,30.30,29.46,15187,45428520.00,2.81,0.23,0.07,6.07
2021-06-21,29.90,29.91,30.18,29.56,15710,47077059.00,2.07,-0.20,-0.06,6.28
2021-06-22,29.89,30.40,30.44,29.71,20871,62815276.00,2.44,1.64,0.49,8.35
2021-06-23,30.41,29.85,30.50,29.69,19055,57259197.00,2.66,-1.81,-0.55,7.62
2021-06-24,29.85,29.05,29.85,28.91,20889,61176631.00,3.15,-2.68,-0.80,8.36
2021-06-25,28.97,28.14,28.97,28.03,24724,69840564.00,3.24,-3.13,-0.91,9.89
2021-06-28,28.00,28.57,29.13,27.91,15135,43069537.00,4.34,1.53,0.43,6.05
2021-06-29,28.57,29.03,29.40,28.18,21363,61715805.00,4.27,1.61,0.46,8.55
2021-06-30,28.90,28.30,28.91,28.20,15361,43672019.00,2.45,-2.51,-0.73,6.14
2021-07-01,28.15,27.94,28.65,27.90,13301,37509738.00,2.65,-1.27,-0.36,5.32
2021-07-02,28.00,26.72,28.02,26.66,20950,56664417.00,4.87,-4.37,-1.22,8.38
2021-07-05,26.80,27.00,27.35,26.72,10427,28056632.00,2.36,1.05,0.28,4.17
2021-07-06,26.85,26.95,26.97,26.72,10128,27181270.00,0.93,-0.19,-0.05,4.05
2021-07-07,26.97,27.24,27.66,26.97,13565,37060424.00,2.56,1.08,0.29,5.43
2021-07-08,26.95,26.10,27.49,26.02,20032,53521738.00,5.40,-4.19,-1.14,8.01
2021-07-09,26.10,26.23,26.37,25.62,13982,36546902.00,2.87,0.50,0.13,5.59
2021-07-12,26.20,26.18,26.57,26.10,11370,29895790.00,1.79,-0.19,-0.05,4.55
2021-07-13,26.20,26.29,26.50,25.87,12779,33385447.00,2.41,0.42,0.11,5.11
2021-07-14,26.42,26.10,26.66,26.04,9679,25517339.00,2.36,-0.72,-0.19,3.87
2021-07-15,26.01,25.70,26.19,25.67,10649,27514137.00,1.99,-1.53,-0.40,4.26
2021-07-16,25.75,25.13,25.85,25.04,13219,33414792.00,3.15,-2.22,-0.57,5.29
