2017-01-23,9.64,9.64,9.64,9.64,70,67730.00,0.00,10.05,0.88,0.02
2017-01-24,10.60,10.60,10.60,10.60,30,31800.00,0.00,9.96,0.96,0.01
2017-01-25,11.66,11.66,11.66,11.66,111,129111.00,0.00,10.00,1.06,0.03
2017-01-26,12.83,12.83,12.83,12.83,174,222767.00,0.00,10.03,1.17,0.05
2017-02-03,14.11,14.11,14.11,14.11,378,533781.00,0.00,9.98,1.28,0.11
2017-02-06,15.52,15.52,15.52,15.52,459,712259.00,0.00,9.99,1.41,0.13
2017-02-07,17.07,17.07,17.07,17.07,435,742988.00,0.00,9.99,1.55,0.12
2017-02-08,18.78,18.78,18.78,18.78,491,922811.00,0.00,10.02,1.71,0.14
2017-02-09,20.66,20.66,20.66,20.66,625,1290754.00,0.00,10.01,1.88,0.18
2017-02-10,22.73,22.73,22.73,22.73,655,1488292.00,0.00,10.02,2.07,0.19
2017-02-13,25.00,25.00,25.00,25.00,2373,5931900.00,0.00,9.99,2.27,0.68
2017-02-14,27.50,27.50,27.50,27.50,3588,9868072.00,0.00,10.00,2.50,1.03
2017-02-15,30.25,30.25,30.25,30.25,1551,4693015.00,0.00,10.00,2.75,0.44
2017-02-16,33.28,33.28,33.28,33.28,2348,7815175.00,0.00,10.02,3.03,0.67
2017-02-17,36.61,34.08,36.61,34.07,233495,824992656.00,7.63,2.40,0.80,66.71
2017-02-20,32.05,33.66,35.49,30.67,189938,619048368.00,14.14,-1.23,-0.42,54.27
2017-02-21,32.70,35.10,37.03,31.81,226866,803138928.00,15.51,4.28,1.44,64.82
2017-02-22,34.21,35.90,36.60,34.15,134408,474927120.00,6.98,2.28,0.80,38.40
2017-02-23,35.85,37.78,38.72,34.80,141906,522405392.00,10.92,5.24,1.88,40.54
2017-02-24,37.40,37.80,40.12,36.40,219020,842338208.00,9.85,0.05,0.02,62.58
2017-02-27,37.11,39.55,40.19,36.65,148935,575749680.00,9.37,4.63,1.75,42.55
2017-02-28,39.40,43.51,43.51,38.88,219983,887922736.00,11.71,10.01,3.96,62.85
2017-03-01,43.00,39.16,44.35,39.16,172868,691078624.00,11.93,-10.00,-4.35,49.39
2017-03-02,37.00,36.54,38.38,35.28,150327,548144608.00,7.92,-6.69,-2.62,42.95
2017-03-03,35.78,34.90,35.98,34.60,107715,378493488.00,3.78,-4.49,-1.64,30.78
2017-03-06,35.07,35.42,35.80,34.99,78143,276773616.00,2.32,1.49,0.52,22.33
2017-03-07,35.48,36.88,37.00,35.31,92495,334359904.00,4.77,4.12,1.46,26.43
2017-03-08,37.00,38.80,39.31,36.51,128751,487034256.00,7.59,5.21,1.92,36.79
2017-03-09,38.50,36.20,38.50,36.02,91360,340916208.00,6.39,-6.70,-2.60,26.10
2017-03-10,36.20,36.26,37.45,35.40,65150,238521915.00,5.66,0.17,0.06,18.61
2017-03-13,35.74,35.98,36.30,33.23,59782,210901868.00,8.47,-0.77,-0.28,17.08
2017-03-14,35.95,37.27,37.50,35.49,83836,309734688.00,5.59,3.59,1.29,23.95
2017-03-15,36.88,36.65,37.69,36.60,64229,238322879.00,2.92,-1.66,-0.62,18.35
2017-03-16,37.19,37.82,38.56,36.80,92893,351516240.00,4.80,3.19,1.17,26.54
2017-03-17,37.73,38.12,38.86,37.50,96205,367506464.00,3.60,0.79,0.30,27.49
2017-03-20,37.83,39.26,39.48,37.11,100558,389689248.00,6.22,2.99,1.14,28.73
2017-03-21,38.98,40.00,40.49,38.81,106814,424497648.00,4.28,1.88,0.74,30.52
2017-03-22,39.55,41.61,41.99,39.30,123231,503384128.00,6.73,4.03,1.61,35.21
2017-03-23,41.61,39.97,41.89,38.20,109033,438176064.00,8.87,-3.94,-1.64,31.15
2017-03-24,39.48,40.49,41.08,38.70,71932,289525952.00,5.95,1.30,0.52,20.55
2017-03-27,40.20,39.55,40.65,39.00,58531,232034675.00,4.08,-2.32,-0.94,16.72
2017-03-28,39.43,37.68,39.88,37.40,55280,213460284.00,6.27,-4.73,-1.87,15.79
2017-03-29,37.00,36.46,37.60,34.90,64119,231609649.00,7.17,-3.24,-1.22,18.32
2017-03-30,35.85,36.27,37.41,34.70,50662,183788710.00,7.43,-0.52,-0.19,14.47
2017-03-31,36.50,36.65,36.70,35.54,33467,120941370.00,3.20,1.05,0.38,9.56
2017-04-05,36.60,39.42,40.09,36.00,65553,255014766.00,11.16,7.56,2.77,18.73
2017-04-06,39.42,41.00,41.16,39.02,72611,293589280.00,5.43,4.01,1.58,20.75
2017-04-07,40.30,42.98,44.00,40.30,118416,503501808.00,9.02,4.83,1.98,33.83
2017-04-10,42.24,41.28,44.24,40.50,82609,351479424.00,8.70,-3.96,-1.70,23.60
2017-04-11,40.50,41.59,43.20,39.34,67325,278468064.00,9.35,0.75,0.31,19.24
2017-04-12,39.80,42.99,43.56,39.75,70128,297839216.00,9.16,3.37,1.40,20.04
2017-04-13,42.68,43.05,44.20,41.80,62019,266564049.00,5.58,0.14,0.06,17.72
2017-04-14,43.06,40.02,43.50,38.75,51876,213835513.00,11.03,-7.04,-3.03,14.82
2017-04-17,36.02,36.70,37.90,36.02,75350,273986208.00,4.70,-8.30,-3.32,21.53
2017-04-18,37.00,38.00,38.48,36.70,24576,92665050.00,4.85,3.54,1.30,7.02
2017-04-19,37.81,40.50,40.85,37.51,43686,171137735.00,8.79,6.58,2.50,12.48
2017-04-20,40.51,41.63,41.99,40.30,45576,188306056.00,4.17,2.79,1.13,13.02
2017-04-21,41.60,41.20,43.48,40.80,46166,194235326.00,6.44,-1.03,-0.43,13.19
2017-04-24,42.00,41.10,42.10,39.10,25488,104680948.00,7.28,-0.24,-0.10,7.28
2017-04-25,40.52,41.38,42.44,40.52,41579,173490477.00,4.67,0.68,0.28,11.88
2017-04-26,40.84,44.25,44.50,40.84,69775,301793360.00,8.84,6.94,2.87,19.94
2017-04-27,44.23,47.80,47.88,43.10,60536,277101008.00,10.80,8.02,3.55,17.30
2017-04-28,47.09,47.11,48.67,46.20,43499,206785755.00,5.17,-1.44,-0.69,12.43
2017-05-02,46.86,42.40,48.20,42.40,100669,443628096.00,12.31,-10.00,-4.71,28.76
2017-05-03,38.16,46.15,46.43,38.16,89081,385446928.00,19.50,8.84,3.75,25.45
2017-05-04,46.10,48.09,48.14,44.50,62760,292876576.00,7.89,4.20,1.94,17.93
2017-05-05,47.69,48.71,49.50,46.40,57986,278924272.00,6.45,1.29,0.62,16.57
2017-05-08,48.36,47.05,48.59,44.80,33664,159558167.00,7.78,-3.41,-1.66,9.62
2017-05-09,46.02,48.02,48.60,46.02,26962,128884544.00,5.48,2.06,0.97,7.70
2017-05-10,48.20,49.87,51.00,47.20,42932,213235657.00,7.91,3.85,1.85,12.27
2017-05-11,49.20,50.15,51.29,47.70,38525,192755351.00,7.20,0.56,0.28,11.01
2017-05-12,49.71,49.56,51.50,48.60,26389,133003617.00,5.78,-1.18,-0.59,7.54
2017-05-15,49.81,49.85,51.00,48.90,26906,134643886.00,4.24,0.59,0.29,7.69
2017-05-16,50.00,49.86,50.50,48.65,18076,89405195.00,3.71,0.02,0.01,5.16
2017-05-17,49.86,52.60,53.50,49.11,37782,196595607.00,8.80,5.50,2.74,10.79
2017-05-18,52.30,52.25,53.33,51.47,20146,106006022.00,3.54,-0.67,-0.35,5.76
2017-05-19,52.25,51.00,53.33,51.00,15402,80234662.00,4.46,-2.39,-1.25,4.40
2017-05-22,50.63,49.04,51.46,48.83,20434,102053573.00,5.16,-3.84,-1.96,5.84
2017-05-23,49.04,49.14,49.75,45.01,40012,193494367.00,9.67,0.20,0.10,11.43
2017-05-24,49.20,49.15,49.98,48.01,9366,45783239.00,4.01,0.02,0.01,2.68
2017-05-25,48.78,48.10,49.50,46.82,13839,67504596.00,5.45,-2.14,-1.05,3.95
2017-05-26,48.09,50.58,50.83,46.80,28478,142279959.00,8.38,5.16,2.48,8.14
2017-05-31,51.50,51.37,52.50,46.88,33216,170507970.00,11.11,1.56,0.79,9.49
2017-06-01,51.00,50.40,51.50,49.38,12738,64670755.00,4.13,-1.89,-0.97,3.64
2017-06-02,50.08,51.20,51.49,49.05,23961,121939489.00,4.84,1.59,0.80,6.85
2017-06-05,50.45,52.95,53.33,50.45,36350,190879107.00,5.63,3.42,1.75,10.39
2017-06-06,52.62,47.66,54.01,47.66,114050,565127408.00,11.99,-9.99,-5.29,32.59
2017-06-07,43.39,42.89,45.04,42.89,236386,1018549200.00,4.51,-10.01,-4.77,67.54
2017-06-08,40.00,38.60,40.74,38.60,157143,609317648.00,4.99,-10.00,-4.29,44.90
2017-06-09,35.80,34.74,36.16,34.74,145902,511864928.00,3.68,-10.00,-3.86,41.69
2017-06-12,32.80,32.35,34.45,32.03,105232,348892848.00,6.97,-6.88,-2.39,30.07
2017-06-13,32.45,32.97,33.10,32.26,75652,248379734.00,2.60,1.92,0.62,21.61
2017-06-14,32.89,32.42,32.98,32.02,70537,228763986.00,2.91,-1.67,-0.55,20.15
2017-06-15,32.21,32.97,33.50,32.10,75984,249818121.00,4.32,1.70,0.55,21.71
2017-06-16,32.85,32.57,33.27,32.39,51568,168324588.00,2.67,-1.21,-0.40,14.73
2017-06-19,32.70,32.13,32.70,32.02,46023,148649351.00,2.09,-1.35,-0.44,13.15
2017-06-20,32.28,31.41,32.29,31.33,69184,218894274.00,2.99,-2.24,-0.72,19.77
2017-06-21,31.51,30.56,31.57,30.14,66416,203772471.00,4.55,-2.71,-0.85,18.98
2017-06-22,30.54,32.85,33.49,30.43,144790,467499136.00,10.01,7.49,2.29,41.37
2017-06-23,31.89,31.11,32.22,30.30,97925,305801456.00,5.84,-5.30,-1.74,27.98
2017-06-26,30.78,30.56,30.97,30.01,56630,172457028.00,3.09,-1.77,-0.55,16.18
2017-06-27,30.63,30.50,30.88,30.31,35427,108384509.00,1.87,-0.20,-0.06,10.12
2017-06-28,30.48,30.65,31.36,30.34,50179,155107217.00,3.34,0.49,0.15,14.34
2017-06-29,30.40,30.15,30.76,30.05,44437,134254992.00,2.32,-1.63,-0.50,12.70
2017-06-30,30.03,29.76,30.26,29.52,41225,123033967.00,2.45,-1.29,-0.39,11.78
2017-07-03,29.75,29.91,29.99,29.62,25957,77452623.00,1.24,0.50,0.15,7.42
2017-07-04,29.91,29.79,30.27,29.72,27317,81824564.00,1.84,-0.40,-0.12,7.80
2017-07-05,29.89,29.85,29.90,29.68,27695,82515669.00,0.74,0.20,0.06,7.91
2017-07-06,29.89,30.01,30.19,29.61,37571,112425351.00,1.94,0.54,0.16,10.73
2017-07-07,30.01,30.68,31.29,29.88,64145,196435132.00,4.70,2.23,0.67,18.33
2017-07-10,30.32,29.28,30.40,29.28,48331,144174235.00,3.65,-4.56,-1.40,13.81
2017-07-11,29.00,27.66,29.13,27.38,50591,142899747.00,5.98,-5.53,-1.62,14.45
2017-07-12,27.75,27.16,27.85,26.27,43081,116201980.00,5.71,-1.81,-0.50,12.31
2017-07-13,27.09,26.95,27.42,26.70,26828,72361140.00,2.65,-0.77,-0.21,7.67
2017-07-14,26.96,26.95,27.43,26.51,29838,80627831.00,3.41,0.00,0.00,8.53
2017-07-17,26.52,24.26,26.70,24.26,39895,99061474.00,9.05,-9.98,-2.69,11.40
2017-07-18,23.06,23.64,23.93,22.63,42581,99599816.00,5.36,-2.56,-0.62,12.17
2017-07-19,23.48,23.56,24.00,23.26,28435,67263779.00,3.13,-0.34,-0.08,8.12
2017-07-20,23.45,23.31,23.93,23.30,26962,63683102.00,2.67,-1.06,-0.25,7.70
2017-07-21,23.30,22.75,23.64,22.66,24504,56845938.00,4.20,-2.40,-0.56,7.00
2017-07-24,22.49,22.85,22.88,21.70,39567,88675900.00,5.19,0.44,0.10,11.30
2017-07-25,22.77,22.83,23.17,22.70,27165,62324640.00,2.06,-0.09,-0.02,7.76
2017-07-26,22.83,22.20,22.89,22.05,26039,58371051.00,3.68,-2.76,-0.63,7.44
2017-07-27,22.35,22.95,23.29,22.14,44959,102343638.00,5.18,3.38,0.75,12.85
2017-07-28,22.90,22.98,23.07,22.60,25753,58766318.00,2.05,0.13,0.03,7.36
2017-07-31,22.96,22.87,23.18,22.61,21895,50198849.00,2.48,-0.48,-0.11,6.26
2017-08-01,23.10,23.00,23.13,22.63,21324,48785286.00,2.19,0.57,0.13,6.09
2017-08-02,22.95,22.34,22.96,22.33,23469,52987091.00,2.74,-2.87,-0.66,6.71
2017-08-03,22.16,22.38,22.81,22.06,23485,52793557.00,3.36,0.18,0.04,6.71
2017-08-04,22.30,22.03,22.58,22.03,22083,49163367.00,2.46,-1.56,-0.35,6.31
2017-08-07,22.00,22.26,22.29,21.80,18239,40437825.00,2.22,1.04,0.23,5.21
2017-08-08,22.14,22.09,22.26,21.90,18489,40845669.00,1.62,-0.76,-0.17,5.28
2017-08-09,22.07,22.40,22.47,21.92,22427,49853037.00,2.49,1.40,0.31,6.41
2017-08-10,22.20,21.52,22.30,21.36,34007,74139271.00,4.20,-3.93,-0.88,9.72
2017-08-11,21.40,20.74,21.40,20.69,28675,60333720.00,3.30,-3.62,-0.78,8.19
2017-08-14,20.55,21.03,21.09,20.55,20673,43291932.00,2.60,1.40,0.29,5.91
2017-08-15,21.11,21.13,21.40,20.96,20868,44115740.00,2.09,0.48,0.10,5.96
2017-08-16,21.20,21.76,22.01,21.16,42522,92085672.00,4.02,2.98,0.63,12.15
2017-08-17,21.84,22.25,22.60,21.52,42258,92836408.00,4.96,2.25,0.49,12.07
2017-08-18,22.00,23.85,24.41,21.71,97409,225100263.00,12.13,7.19,1.60,27.83
2017-08-21,23.70,23.76,23.95,23.23,61797,146100594.00,3.02,-0.38,-0.09,17.66
2017-08-22,23.69,22.92,23.69,22.91,46841,108926657.00,3.28,-3.54,-0.84,13.38
2017-08-23,23.00,23.08,23.40,22.56,35755,82255763.00,3.66,0.70,0.16,10.22
2017-08-24,23.09,22.42,23.24,22.38,33671,76577198.00,3.73,-2.86,-0.66,9.62
2017-08-25,22.20,22.66,22.76,22.15,25852,58490526.00,2.72,1.07,0.24,7.39
2017-08-28,22.69,23.39,23.54,22.69,49385,114933476.00,3.75,3.22,0.73,14.11
2017-08-29,23.55,23.98,24.68,23.32,72381,173109751.00,5.81,2.52,0.59,20.68
2017-08-30,23.89,23.49,24.00,23.40,41440,97908811.00,2.50,-2.04,-0.49,11.84
2017-08-31,23.57,25.19,25.78,23.57,106881,264322674.00,9.41,7.24,1.70,30.54
2017-09-01,24.99,26.28,26.70,24.55,97503,245613854.00,8.54,4.33,1.09,27.86
2017-09-04,25.79,25.50,26.25,25.31,69649,179366583.00,3.58,-2.97,-0.78,19.90
2017-09-05,25.51,25.42,25.95,25.11,41111,104864948.00,3.29,-0.31,-0.08,11.75
2017-09-06,25.21,24.87,25.21,24.51,35808,88985099.00,2.75,-2.16,-0.55,10.23
2017-09-07,24.84,24.90,25.45,24.68,40144,101019141.00,3.10,0.12,0.03,11.47
2017-09-08,24.90,26.53,27.30,24.81,94199,245287338.00,10.00,6.55,1.63,26.91
2017-09-11,26.20,26.82,27.28,26.08,84091,224076780.00,4.52,1.09,0.29,24.03
2017-09-12,26.42,25.90,26.70,25.85,55592,145904007.00,3.17,-3.43,-0.92,15.88
2017-09-13,25.90,26.46,26.60,25.78,35725,93579352.00,3.17,2.16,0.56,10.21
2017-09-14,26.39,26.06,26.39,25.89,26893,70195423.00,1.89,-1.51,-0.40,7.68
2017-09-15,26.01,25.13,26.09,25.00,33316,84599473.00,4.18,-3.57,-0.93,9.52
2017-09-18,25.22,25.54,25.62,24.91,24479,62143818.00,2.83,1.63,0.41,6.99
2017-09-19,25.64,25.04,25.65,25.00,20479,51654247.00,2.55,-1.96,-0.50,5.85
2017-09-20,25.02,25.14,25.37,24.81,21074,52818553.00,2.24,0.40,0.10,6.02
2017-09-21,25.24,25.43,25.64,25.06,35065,89309429.00,2.31,1.15,0.29,10.02
2017-09-22,25.00,24.97,25.30,24.15,33645,83434813.00,4.52,-1.81,-0.46,9.61
2017-09-25,24.72,24.47,25.35,24.47,20500,51067867.00,3.52,-2.00,-0.50,5.86
2017-09-26,24.35,22.76,24.61,22.26,39218,91468269.00,9.60,-6.99,-1.71,11.21
2017-09-27,22.67,22.96,23.16,22.55,17395,39945382.00,2.68,0.88,0.20,4.97
2017-09-28,22.96,22.48,23.29,22.48,17268,39338218.00,3.53,-2.09,-0.48,4.93
2017-09-29,22.55,22.63,22.75,22.36,13176,29774685.00,1.73,0.67,0.15,3.76
2017-10-09,23.00,23.25,23.34,22.80,17037,39378742.00,2.39,2.74,0.62,4.87
2017-10-10,23.25,23.96,24.06,23.06,23393,55226724.00,4.30,3.05,0.71,6.68
2017-10-11,23.83,23.53,24.14,23.52,19994,47505851.00,2.59,-1.79,-0.43,5.71
2017-10-12,23.61,25.88,25.88,23.33,120831,308392576.00,10.84,9.99,2.35,34.52
2017-10-13,26.50,28.47,28.47,26.50,190402,528472176.00,7.61,10.01,2.59,54.40
2017-10-16,29.25,30.09,31.32,28.99,235229,715674816.00,8.18,5.69,1.62,67.21
2017-10-17,28.40,28.11,29.05,27.08,161003,451500736.00,6.55,-6.58,-1.98,46.00
2017-10-18,27.80,27.10,28.30,26.62,138366,377212848.00,5.98,-3.59,-1.01,39.53
2017-10-19,27.02,26.63,27.30,26.10,93087,247078154.00,4.43,-1.73,-0.47,26.60
2017-10-20,26.48,26.12,26.70,25.63,91183,237681546.00,4.02,-1.92,-0.51,26.05
2017-10-23,25.85,26.82,27.05,25.85,97860,258506114.00,4.59,2.68,0.70,27.96
2017-10-24,26.57,25.07,26.60,24.68,84266,215159986.00,7.16,-6.52,-1.75,24.08
2017-10-25,25.15,27.58,27.58,25.14,157342,422682272.00,9.73,10.01,2.51,44.95
2017-10-26,28.12,27.99,29.59,27.92,197092,564012576.00,6.06,1.49,0.41,56.31
2017-10-27,28.60,28.15,29.30,27.86,109361,311173456.00,5.14,0.57,0.16,31.25
2017-10-30,28.43,26.90,29.13,26.00,100400,281248400.00,11.12,-4.44,-1.25,28.69
2017-10-31,27.50,28.07,29.08,27.03,98490,277277808.00,7.62,4.35,1.17,28.14
2017-11-01,28.08,30.88,30.88,27.36,155883,449836240.00,12.54,10.01,2.81,44.54
2017-11-02,30.00,30.11,31.88,29.51,161063,490407536.00,7.67,-2.49,-0.77,46.02
2017-11-03,30.07,29.07,30.08,28.05,99930,291000368.00,6.74,-3.45,-1.04,28.55
2017-11-06,29.03,30.28,30.60,28.35,95913,283044752.00,7.74,4.16,1.21,27.40
2017-11-07,29.90,30.07,31.29,29.31,113118,343260384.00,6.54,-0.69,-0.21,32.32
2017-11-08,29.77,31.10,31.81,29.18,135243,415270160.00,8.75,3.43,1.03,38.64
2017-11-09,30.60,32.67,33.86,30.41,161609,516625712.00,11.09,5.05,1.57,46.17
2017-11-10,32.06,31.89,32.70,31.60,95623,306101488.00,3.37,-2.39,-0.78,27.32
2017-11-13,31.61,32.17,32.48,31.06,85375,271598480.00,4.45,0.88,0.28,24.39
2017-11-14,32.09,31.02,32.09,31.01,57684,181941817.00,3.36,-3.57,-1.15,16.48
2017-11-15,30.70,29.06,30.70,28.67,65627,193837599.00,6.54,-6.32,-1.96,18.75
2017-11-16,28.89,27.73,28.96,27.62,52276,147940430.00,4.61,-4.58,-1.33,14.94
2017-11-17,27.78,26.99,28.26,26.51,49776,137183153.00,6.31,-2.67,-0.74,14.22
2017-11-20,26.50,27.93,27.94,25.50,45370,122633599.00,9.04,3.48,0.94,12.96
2017-11-21,27.62,27.24,28.10,26.52,39336,107704959.00,5.66,-2.47,-0.69,11.24
2017-11-22,27.24,29.40,29.96,26.76,82859,235625743.00,11.75,7.93,2.16,23.67
2017-11-23,28.80,27.46,29.17,27.46,60101,170864128.00,5.82,-6.60,-1.94,17.17
2017-11-24,26.90,27.10,28.10,26.50,38999,107061270.00,5.83,-1.31,-0.36,11.14
2017-11-27,26.60,24.39,26.95,24.39,46657,118723275.00,9.45,-10.00,-2.71,13.33
2017-11-28,23.99,24.26,24.76,23.51,38538,92754970.00,5.13,-0.53,-0.13,11.01
2017-11-29,23.95,23.13,24.42,22.90,41678,98118750.00,6.27,-4.66,-1.13,11.91
2017-11-30,23.27,23.19,23.64,22.91,28473,66235367.00,3.16,0.26,0.06,8.14
2017-12-01,23.18,23.18,23.30,22.32,27902,64072567.00,4.23,-0.04,-0.01,7.97
2017-12-04,23.10,21.21,23.12,21.13,42288,93295521.00,8.58,-8.50,-1.97,12.08
2017-12-05,21.15,19.50,21.70,19.22,45699,93189679.00,11.69,-8.06,-1.71,13.06
2017-12-06,19.77,21.45,21.45,19.70,53759,112538792.00,8.97,10.00,1.95,15.36
2017-12-07,21.95,22.13,23.06,21.70,86025,191968962.00,6.34,3.17,0.68,24.58
2017-12-08,22.48,22.36,23.18,22.22,61862,140365028.00,4.34,1.04,0.23,17.67
2017-12-11,22.32,22.34,23.12,22.10,43354,97701640.00,4.56,-0.09,-0.02,12.39
2017-12-12,22.26,22.60,22.97,21.81,54141,121061444.00,5.19,1.16,0.26,15.47
2017-12-13,22.32,22.59,22.75,22.08,29557,66482957.00,2.96,-0.04,-0.01,8.44
2017-12-14,22.52,22.25,22.52,22.03,22378,49750358.00,2.17,-1.51,-0.34,6.39
2017-12-15,22.44,23.09,23.67,22.04,62014,141728848.00,7.33,3.78,0.84,17.72
2017-12-18,22.79,22.35,22.99,22.02,31760,71321086.00,4.20,-3.20,-0.74,9.07
2017-12-19,22.20,22.80,23.39,22.20,46476,106572177.00,5.32,2.01,0.45,13.28
2017-12-20,22.62,23.58,23.95,22.60,64566,151331740.00,5.92,3.42,0.78,18.45
2017-12-21,23.59,23.42,23.73,22.75,47014,108922724.00,4.16,-0.68,-0.16,13.43
2017-12-22,23.17,22.97,23.71,22.75,32800,75930069.00,4.10,-1.92,-0.45,9.37
2017-12-25,22.50,21.17,22.97,20.68,41079,88832539.00,9.97,-7.84,-1.80,11.74
2017-12-26,21.15,22.09,22.30,20.30,37423,80450058.00,9.45,4.35,0.92,10.69
2017-12-27,22.00,22.00,22.88,21.70,35689,79538740.00,5.34,-0.41,-0.09,10.20
2017-12-28,21.89,22.20,22.39,21.75,30015,66406464.00,2.91,0.91,0.20,8.58
2017-12-29,22.24,22.00,22.35,21.88,19579,43196822.00,2.12,-0.90,-0.20,5.59
2018-01-02,22.25,22.24,22.40,21.93,19712,43702985.00,2.14,1.09,0.24,5.63
2018-01-03,22.12,22.16,22.34,21.91,27569,60906793.00,1.93,-0.36,-0.08,7.88
2018-01-04,22.05,21.50,22.05,21.33,29582,64182416.00,3.25,-2.98,-0.66,8.45
2018-01-05,21.32,21.53,21.69,21.32,16064,34598146.00,1.72,0.14,0.03,4.59
2018-01-08,21.52,21.00,21.60,20.81,25698,54069845.00,3.67,-2.46,-0.53,7.34
2018-01-09,21.03,20.81,21.06,20.50,16613,34488878.00,2.67,-0.90,-0.19,4.75
2018-01-10,20.77,20.52,20.96,20.30,20341,41973279.00,3.17,-1.39,-0.29,5.81
2018-01-11,20.52,20.87,20.96,20.31,16445,34018400.00,3.17,1.71,0.35,4.70
2018-01-12,20.68,20.38,20.94,20.34,17148,35273657.00,2.87,-2.35,-0.49,4.90
2018-01-15,20.16,19.36,20.38,19.24,21457,42159045.00,5.59,-5.00,-1.02,6.13
2018-01-16,19.29,19.60,19.98,19.04,18118,35628452.00,4.86,1.24,0.24,5.18
2018-01-17,19.50,20.05,20.49,18.90,29815,58235752.00,8.11,2.30,0.45,8.52
2018-01-18,19.78,19.70,20.07,19.64,16056,31812503.00,2.14,-1.75,-0.35,4.59
2018-01-19,19.50,19.60,19.96,19.47,19375,38329527.00,2.49,-0.51,-0.10,5.54
2018-01-22,19.39,19.60,19.73,18.50,23892,45755267.00,6.28,0.00,0.00,2.84
2018-01-23,19.47,20.38,21.50,19.12,41047,84452201.00,12.14,3.98,0.78,4.89
2018-01-24,20.00,20.42,20.76,20.00,25504,52016303.00,3.73,0.20,0.04,3.04
2018-01-25,20.28,20.01,20.49,20.00,18878,38169582.00,2.40,-2.01,-0.41,2.25
2018-01-26,20.01,19.47,20.15,19.44,17359,34171264.00,3.55,-2.70,-0.54,2.07
2018-01-29,19.47,19.14,19.64,19.10,10908,21027000.00,2.77,-1.69,-0.33,1.30
2018-01-30,19.14,19.28,19.34,19.04,8846,16989166.00,1.57,0.73,0.14,1.05
2018-01-31,19.29,18.88,19.50,18.80,15029,28856092.00,3.63,-2.07,-0.40,1.79
2018-02-01,18.81,17.21,19.01,16.99,20275,36315892.00,10.70,-8.85,-1.67,2.41
2018-02-02,17.06,17.11,17.32,16.08,12743,21573165.00,7.21,-0.58,-0.10,1.52
2018-02-05,16.87,17.39,17.70,16.86,9931,17120550.00,4.91,1.64,0.28,1.18
2018-02-06,17.03,16.57,17.60,16.57,12939,22113443.00,5.92,-4.72,-0.82,1.54
2018-02-07,16.74,16.57,17.23,15.91,10109,16790950.00,7.97,0.00,0.00,1.20
2018-02-08,17.40,17.02,17.90,16.98,47179,81285914.00,5.55,2.72,0.45,5.62
2018-02-09,16.20,15.57,16.20,15.50,22167,35166420.00,4.11,-8.52,-1.45,2.64
2018-02-12,15.55,15.88,16.00,15.55,12032,19091331.00,2.89,1.99,0.31,1.43
2018-02-13,15.92,15.72,16.18,15.71,11517,18403781.00,2.96,-1.01,-0.16,1.37
2018-02-14,15.72,15.94,16.15,15.72,10909,17448501.00,2.74,1.40,0.22,1.30
2018-02-22,16.18,16.30,16.36,15.96,10792,17495470.00,2.51,2.26,0.36,1.28
2018-02-23,16.30,16.31,16.39,16.16,9919,16165130.00,1.41,0.06,0.01,1.18
2018-02-26,16.49,16.81,16.87,16.41,15340,25621944.00,2.82,3.07,0.50,1.83
2018-02-27,16.71,17.10,17.20,16.71,18566,31585754.00,2.91,1.73,0.29,2.21
2018-02-28,17.03,17.10,17.64,16.41,18652,31718308.00,7.19,0.00,0.00,2.22
2018-03-01,16.85,17.17,17.39,16.80,14655,25116475.00,3.45,0.41,0.07,1.74
2018-03-02,17.22,16.74,17.22,16.71,12276,20851953.00,2.97,-2.50,-0.43,1.46
2018-03-05,17.03,17.46,17.86,17.03,25439,44425826.00,4.96,4.30,0.72,3.03
2018-03-06,17.20,17.47,17.60,17.20,17095,29868625.00,2.29,0.06,0.01,2.04
2018-03-07,17.21,17.19,17.27,16.88,19485,33327372.00,2.23,-1.60,-0.28,2.32
2018-03-08,17.14,18.19,18.91,17.14,65794,121429486.00,10.30,5.82,1.00,7.83
2018-03-09,17.18,18.14,18.33,17.18,45061,80470392.00,6.32,-0.27,-0.05,5.36
2018-03-12,18.01,18.80,18.88,17.84,57806,106513557.00,5.73,3.64,0.66,6.88
2018-03-13,18.63,18.70,19.17,18.43,44019,82736663.00,3.94,-0.53,-0.10,5.24
2018-03-14,18.51,17.96,18.90,17.91,45102,82101548.00,5.29,-3.96,-0.74,5.37
2018-03-15,17.83,17.08,17.85,16.78,31564,54504785.00,5.96,-4.90,-0.88,3.76
2018-03-16,17.15,17.14,17.42,17.08,15877,27398516.00,1.99,0.35,0.06,1.89
2018-03-19,17.06,17.43,17.55,17.06,17877,31071583.00,2.86,1.69,0.29,2.13
2018-03-20,17.40,17.36,17.45,17.08,14541,25074684.00,2.12,-0.40,-0.07,1.73
2018-03-21,17.37,17.60,17.75,17.28,24093,42300841.00,2.71,1.38,0.24,2.87
2018-03-22,17.64,18.20,18.33,17.53,40399,72514349.00,4.55,3.41,0.60,4.81
2018-03-23,17.50,16.70,17.83,16.58,37594,64891407.00,6.87,-8.24,-1.50,4.48
2018-03-26,16.17,17.13,17.15,15.95,16866,28057626.00,7.19,2.57,0.43,2.01
2018-03-27,17.13,18.16,18.19,17.13,31547,56367977.00,6.19,6.01,1.03,3.76
2018-03-28,17.71,18.34,18.58,17.63,35164,63945152.00,5.23,0.99,0.18,4.19
2018-03-29,18.15,18.66,18.93,18.15,36895,68651652.00,4.25,1.74,0.32,4.39
2018-03-30,18.71,18.72,18.91,18.38,28018,52208156.00,2.84,0.32,0.06,3.34
2018-04-02,18.84,18.79,18.92,18.54,22219,41649739.00,2.03,0.37,0.07,2.65
2018-04-03,18.70,18.90,18.90,18.42,21617,40398041.00,2.55,0.59,0.11,2.57
2018-04-04,20.10,19.66,20.75,19.45,138643,276165808.00,6.88,4.02,0.76,16.51
2018-04-09,18.99,18.30,19.00,17.69,59808,109729837.00,6.66,-6.92,-1.36,7.12
2018-04-10,18.10,17.77,18.20,17.36,34607,61622604.00,4.59,-2.90,-0.53,4.12
2018-04-11,17.71,17.90,18.16,17.71,25863,46469469.00,2.53,0.73,0.13,3.08
2018-04-12,17.81,18.04,18.07,17.81,18451,33146093.00,1.45,0.78,0.14,2.20
2018-04-13,17.98,17.81,18.14,17.77,18654,33519794.00,2.05,-1.27,-0.23,2.22
2018-04-16,17.75,17.06,17.77,16.89,25894,44604428.00,4.94,-4.21,-0.75,3.08
2018-04-17,17.12,16.79,17.39,16.73,17950,30641763.00,3.87,-1.58,-0.27,2.14
2018-04-18,16.80,17.08,17.18,16.09,15898,26605296.00,6.49,1.73,0.29,1.89
2018-04-19,16.99,16.96,17.24,16.87,14324,24425296.00,2.17,-0.70,-0.12,1.71
2018-04-20,16.79,16.44,17.06,16.40,12020,20033314.00,3.89,-3.07,-0.52,1.43
2018-04-23,16.46,16.63,16.71,16.39,10145,16786639.00,1.95,1.16,0.19,1.21
2018-04-24,16.66,17.15,17.24,16.66,18222,31136440.00,3.49,3.13,0.52,2.17
2018-04-25,17.10,17.21,17.34,16.93,10458,17945581.00,2.39,0.35,0.06,1.25
2018-04-26,17.22,16.64,17.32,16.58,11365,19210025.00,4.30,-3.31,-0.57,1.35
2018-04-27,16.76,16.80,17.16,16.76,6899,11652283.00,2.40,0.96,0.16,0.82
2018-05-02,16.81,16.88,16.95,16.67,7719,12991116.00,1.67,0.48,0.08,0.92
2018-05-03,16.85,16.97,16.98,16.40,11118,18584244.00,3.44,0.53,0.09,1.32
2018-05-04,17.09,16.91,17.14,16.87,11259,19159902.00,1.59,-0.35,-0.06,1.34
2018-05-07,16.90,17.72,18.14,16.89,32676,57836404.00,7.39,4.79,0.81,3.89
2018-05-08,17.69,17.79,17.96,17.48,27267,48420992.00,2.71,0.40,0.07,3.25
2018-05-09,17.60,18.50,18.70,17.60,45891,83879531.00,6.18,3.99,0.71,5.46
2018-05-10,18.37,18.27,18.48,17.94,31927,57989041.00,2.92,-1.24,-0.23,3.80
2018-05-11,18.26,17.72,18.39,17.63,22800,41055914.00,4.16,-3.01,-0.55,2.71
2018-05-14,17.69,17.79,17.96,17.50,13447,23830218.00,2.60,0.40,0.07,1.60
2018-05-15,17.77,18.33,18.40,17.72,24050,43576828.00,3.82,3.04,0.54,2.86
2018-05-16,18.33,17.85,18.33,17.81,16386,29600063.00,2.84,-2.62,-0.48,1.95
2018-05-17,17.86,18.28,18.38,17.72,26288,47858173.00,3.70,2.41,0.43,3.13
2018-05-18,18.10,18.29,18.59,18.08,25707,47185555.00,2.79,0.05,0.01,3.06
2018-05-21,18.35,18.35,18.65,18.30,25337,46783466.00,1.91,0.33,0.06,3.02
2018-05-22,18.50,18.67,18.69,18.36,26502,49173639.00,1.80,1.74,0.32,3.15
2018-05-23,18.79,18.38,18.80,18.20,20533,37886110.00,3.21,-1.55,-0.29,2.44
2018-05-24,18.38,18.53,18.69,18.18,22587,41597909.00,2.77,0.82,0.15,2.69
2018-05-25,18.51,18.37,18.67,18.36,17740,32831847.00,1.67,-0.86,-0.16,2.11
2018-05-28,18.11,18.58,18.65,17.96,26646,49153594.00,3.76,1.14,0.21,3.17
2018-05-29,18.58,18.28,18.67,18.18,19057,35121987.00,2.64,-1.61,-0.30,2.27
2018-05-30,17.90,16.60,17.90,16.48,30258,52067238.00,7.77,-9.19,-1.68,3.60
2018-05-31,16.71,17.05,17.10,16.58,15683,26443825.00,3.13,2.71,0.45,1.87
2018-06-01,17.00,16.90,17.38,16.77,12361,21079770.00,3.58,-0.88,-0.15,1.47
2018-06-04,16.90,16.90,17.21,16.83,9463,16112263.00,2.25,0.00,0.00,1.13
2018-06-05,16.80,17.28,17.34,16.80,10379,17847892.00,3.20,2.25,0.38,1.24
2018-06-06,17.25,17.80,17.88,17.21,25641,45131580.00,3.88,3.01,0.52,3.05
2018-06-07,17.82,18.20,19.30,17.82,50300,93296255.00,8.31,2.25,0.40,5.99
2018-06-08,17.86,17.48,18.00,17.12,25827,44998793.00,4.84,-3.96,-0.72,3.07
2018-06-11,17.30,16.99,17.30,16.95,14747,25245841.00,2.00,-2.80,-0.49,1.76
2018-06-12,16.90,17.25,17.30,16.76,12413,21167655.00,3.18,1.53,0.26,1.48
2018-06-13,17.25,16.73,17.27,16.55,13067,22028963.00,4.17,-3.01,-0.52,1.56
2018-06-14,16.57,16.94,17.10,16.50,9877,16601969.00,3.59,1.26,0.21,1.18
2018-06-15,16.94,16.25,17.00,16.20,10872,17932514.00,4.72,-4.07,-0.69,1.29
2018-06-19,15.60,14.63,15.97,14.63,20579,31141629.00,8.25,-9.97,-1.62,2.45
2018-06-20,14.65,14.76,14.99,14.45,9862,14600708.00,3.69,0.89,0.13,1.17
2018-06-21,14.75,14.59,15.15,14.55,10603,15722847.00,4.07,-1.15,-0.17,1.26
2018-06-22,14.59,14.78,14.80,14.30,9647,14129886.00,3.43,1.30,0.19,1.15
2018-06-25,14.80,14.80,15.68,14.78,15608,23562251.00,6.09,0.14,0.02,1.86
2018-06-26,14.78,14.94,15.09,14.43,15289,22708294.00,4.46,0.95,0.14,1.82
2018-06-27,14.93,14.68,15.07,14.52,12839,19051447.00,3.68,-1.74,-0.26,1.53
2018-06-28,14.49,14.55,14.94,14.49,8538,12538819.00,3.07,-0.89,-0.13,1.02
2018-06-29,14.47,14.87,14.97,14.47,12427,18355954.00,3.44,2.20,0.32,1.48
2018-07-02,14.99,14.87,15.35,14.70,12581,18867243.00,4.37,0.00,0.00,1.50
2018-07-03,14.73,15.00,15.09,14.35,10890,16155706.00,4.98,0.87,0.13,1.30
2018-07-04,14.89,14.63,15.09,14.51,10098,14854658.00,3.87,-2.47,-0.37,1.20
2018-07-05,14.65,14.07,14.78,14.05,9193,13295112.00,4.99,-3.83,-0.56,1.09
2018-07-06,14.15,13.90,14.25,13.39,15474,21540554.00,6.11,-1.21,-0.17,1.84
2018-07-09,13.98,14.18,14.18,13.90,7465,10515679.00,2.01,2.01,0.28,0.89
2018-07-10,14.19,14.32,14.40,14.07,9332,13309140.00,2.33,0.99,0.14,1.11
2018-07-11,14.17,13.89,14.17,13.60,9884,13729886.00,3.98,-3.00,-0.43,1.18
2018-07-12,13.85,14.29,14.34,13.80,10828,15358664.00,3.89,2.88,0.40,1.29
2018-07-13,14.38,14.32,14.44,14.20,8111,11605249.00,1.68,0.21,0.03,0.97
2018-07-16,14.33,14.44,14.54,14.28,7532,10845455.00,1.82,0.84,0.12,0.90
2018-07-17,14.51,14.68,15.10,14.33,15004,22108659.00,5.33,1.66,0.24,1.79
2018-07-18,14.58,14.47,14.77,14.41,9798,14311386.00,2.45,-1.43,-0.21,1.17
2018-07-19,14.41,14.12,14.52,14.02,9628,13688023.00,3.46,-2.42,-0.35,1.15
2018-07-20,14.10,14.27,14.35,14.04,5433,7729327.00,2.20,1.06,0.15,0.65
2018-07-23,14.28,14.67,14.93,14.23,11182,16282876.00,4.91,2.80,0.40,1.33
2018-07-24,14.64,14.90,14.95,14.45,15320,22630927.00,3.41,1.57,0.23,1.82
2018-07-25,14.90,14.74,14.91,14.72,11496,17029035.00,1.28,-1.07,-0.16,1.37
2018-07-26,14.70,14.92,15.10,14.68,14808,22062684.00,2.85,1.22,0.18,1.76
2018-07-27,14.92,15.24,15.31,14.75,19338,29152883.00,3.75,2.14,0.32,2.30
2018-07-30,15.14,14.83,15.46,14.57,20816,31132701.00,5.84,-2.69,-0.41,2.48
2018-07-31,14.79,15.06,15.12,14.63,14190,21222201.00,3.30,1.55,0.23,1.69
2018-08-01,14.90,14.24,14.90,13.88,22901,33123466.00,6.77,-5.44,-0.82,2.73
2018-08-02,14.15,13.59,14.21,13.41,14543,19970837.00,5.62,-4.56,-0.65,1.73
2018-08-03,13.61,13.41,13.75,13.41,5701,7719720.00,2.50,-1.32,-0.18,0.68
2018-08-06,13.41,13.00,13.48,12.92,8311,10920657.00,4.18,-3.06,-0.41,0.99
2018-08-07,13.13,13.36,13.45,13.00,6689,8826423.00,3.46,2.77,0.36,0.80
2018-08-08,13.25,13.12,13.44,13.02,7954,10540126.00,3.14,-1.80,-0.24,0.95
2018-08-09,13.17,13.47,13.59,13.12,8653,11599733.00,3.58,2.67,0.35,1.03
2018-08-10,13.47,13.50,13.69,13.35,5630,7612732.00,2.52,0.22,0.03,0.67
2018-08-13,13.37,13.73,13.77,13.22,8802,11942192.00,4.07,1.70,0.23,1.05
2018-08-14,13.64,13.74,13.85,13.60,4443,6087235.00,1.82,0.07,0.01,0.53
2018-08-15,13.73,13.34,13.78,13.18,7123,9571031.00,4.37,-2.91,-0.40,0.85
2018-08-16,13.31,13.27,13.38,13.03,5687,7528022.00,2.62,-0.52,-0.07,0.68
2018-08-17,13.47,13.11,13.47,13.10,5834,7743949.00,2.79,-1.21,-0.16,0.69
2018-08-20,13.13,13.04,13.25,12.70,6056,7854334.00,4.20,-0.53,-0.07,0.72
2018-08-21,13.18,13.14,13.27,12.91,4107,5380186.00,2.76,0.77,0.10,0.49
2018-08-22,13.15,12.99,13.17,12.97,3886,5080021.00,1.52,-1.14,-0.15,0.46
2018-08-23,12.99,13.02,13.14,12.91,5315,6927914.00,1.77,0.23,0.03,0.63
2018-08-24,13.01,12.86,13.01,12.83,5311,6855967.00,1.38,-1.23,-0.16,0.63
2018-08-27,13.80,13.35,13.80,13.25,22799,30655721.00,4.28,3.81,0.49,2.71
2018-08-28,13.21,13.31,13.38,13.20,11016,14627268.00,1.35,-0.30,-0.04,1.31
2018-08-29,13.31,13.25,13.31,13.16,6355,8399388.00,1.13,-0.45,-0.06,0.76
2018-08-30,13.26,12.94,13.27,12.92,6593,8621112.00,2.64,-2.34,-0.31,0.78
2018-08-31,12.90,12.81,13.12,12.81,3780,4876510.00,2.40,-1.00,-0.13,0.45
2018-09-03,12.98,12.75,13.00,12.70,5704,7302098.00,2.34,-0.47,-0.06,0.68
2018-09-04,12.75,13.19,13.49,12.75,11010,14464479.00,5.80,3.45,0.44,1.31
2018-09-05,13.05,12.97,13.17,12.91,6773,8823761.00,1.97,-1.67,-0.22,0.81
2018-09-06,12.89,12.89,13.12,12.80,4671,6068031.00,2.47,-0.62,-0.08,0.56
2018-09-07,12.85,12.90,13.12,12.85,4754,6168679.00,2.09,0.08,0.01,0.57
2018-09-10,12.82,12.72,13.08,12.70,4742,6074374.00,2.95,-1.40,-0.18,0.56
2018-09-11,12.72,12.64,12.91,12.54,3967,5023547.00,2.91,-0.63,-0.08,0.47
2018-09-12,12.64,12.66,12.72,12.59,2799,3541794.00,1.03,0.16,0.02,0.33
2018-09-13,12.76,12.71,12.83,12.60,3468,4402656.00,1.82,0.39,0.05,0.41
2018-09-14,12.80,12.63,12.80,12.62,3963,5037779.00,1.42,-0.63,-0.08,0.47
2018-09-17,12.63,12.46,12.75,12.41,3656,4572997.00,2.69,-1.35,-0.17,0.44
2018-09-18,12.18,12.59,12.63,12.18,3093,3871544.00,3.61,1.04,0.13,0.37
2018-09-19,12.67,12.65,12.78,12.54,5208,6592769.00,1.91,0.48,0.06,0.62
2018-09-20,12.61,12.44,12.67,12.42,8538,10687099.00,1.98,-1.66,-0.21,1.02
2018-09-21,12.44,12.87,13.15,12.31,12515,15766376.00,6.75,3.46,0.43,1.49
2018-09-25,13.00,12.89,13.05,12.82,15239,19730125.00,1.79,0.16,0.02,1.81
2018-09-26,13.20,12.84,13.20,12.75,8602,11091787.00,3.49,-0.39,-0.05,1.02
2018-09-27,12.71,12.44,12.83,12.41,7909,9950975.00,3.27,-3.12,-0.40,0.94
2018-09-28,12.44,12.55,12.58,12.44,3688,4614717.00,1.13,0.88,0.11,0.44
2018-10-08,12.40,12.37,12.82,12.20,11100,13969029.00,4.94,-1.43,-0.18,1.32
2018-10-09,12.30,12.37,12.50,12.21,5000,6199377.00,2.34,0.00,0.00,0.60
2018-10-10,12.34,12.57,12.75,12.34,7915,9949225.00,3.31,1.62,0.20,0.94
2018-10-11,12.20,11.73,12.37,11.58,14800,17827319.00,6.28,-6.68,-0.84,1.76
2018-10-12,11.66,12.31,12.45,11.50,11903,14304758.00,8.10,4.94,0.58,1.42
2018-10-15,12.31,12.00,12.50,11.90,8459,10294029.00,4.87,-2.52,-0.31,1.01
2018-10-16,11.96,11.45,12.21,11.41,8010,9373264.00,6.67,-4.58,-0.55,0.95
2018-10-17,11.47,11.55,11.73,11.33,5151,5924543.00,3.49,0.87,0.10,0.61
2018-10-18,11.45,11.20,11.50,11.20,4629,5220441.00,2.60,-3.03,-0.35,0.55
2018-10-19,11.01,11.30,11.39,10.74,6124,6869663.00,5.80,0.89,0.10,0.73
2018-10-22,11.31,11.75,11.90,11.31,9100,10620830.00,5.22,3.98,0.45,1.08
2018-10-23,11.73,11.75,12.10,11.60,11663,13814720.00,4.26,0.00,0.00,1.39
2018-10-24,11.60,11.58,11.80,11.56,6956,8110476.00,2.04,-1.45,-0.17,0.83
2018-10-25,11.25,11.32,11.45,11.12,8871,10002433.00,2.85,-2.25,-0.26,1.06
2018-10-26,11.49,11.55,11.65,11.38,10349,11888183.00,2.39,2.03,0.23,1.23
2018-10-29,11.50,11.58,11.66,11.40,9447,10906568.00,2.25,0.26,0.03,1.12
2018-10-30,11.63,11.68,11.82,11.40,16470,19167341.00,3.63,0.86,0.10,1.96
2018-10-31,11.67,12.14,12.15,11.59,29742,35547654.00,4.79,3.94,0.46,3.54
2018-11-01,12.38,13.35,13.35,12.11,88957,117450425.00,10.21,9.97,1.21,10.59
2018-11-02,14.50,14.69,14.69,13.70,150733,219427482.00,7.42,10.04,1.34,17.94
2018-11-05,15.27,16.16,16.16,14.71,205079,326194464.00,9.87,10.01,1.47,24.41
2018-11-06,16.50,14.54,16.97,14.54,211341,320687104.00,15.04,-10.02,-1.62,25.16
2018-11-07,13.90,14.09,14.25,13.71,130329,181857653.00,3.71,-3.09,-0.45,15.52
2018-11-08,13.99,13.68,14.08,13.63,86684,119540102.00,3.19,-2.91,-0.41,10.32
2018-11-09,13.52,13.52,13.77,13.44,49476,67223269.00,2.41,-1.17,-0.16,5.89
2018-11-12,13.45,13.66,13.73,13.45,50972,69403190.00,2.07,1.04,0.14,6.07
2018-11-13,13.46,13.84,14.05,13.41,77484,106267596.00,4.69,1.32,0.18,9.22
2018-11-14,13.80,13.63,13.85,13.57,47836,65514197.00,2.02,-1.52,-0.21,5.69
2018-11-15,13.65,13.88,13.94,13.53,58757,80745282.00,3.01,1.83,0.25,6.99
2018-11-16,13.85,13.79,13.89,13.67,50934,70133271.00,1.59,-0.65,-0.09,6.06
2018-11-19,13.80,14.23,14.26,13.72,78981,110752732.00,3.92,3.19,0.44,9.40
2018-11-20,14.10,13.52,14.10,13.51,52123,72348960.00,4.15,-4.99,-0.71,6.21
2018-11-21,13.20,13.28,13.36,12.96,43957,57788455.00,2.96,-1.78,-0.24,5.23
2018-11-22,13.30,13.38,13.47,13.14,24017,31968677.00,2.48,0.75,0.10,2.86
2018-11-23,13.36,12.41,13.38,12.33,33465,42982690.00,7.85,-7.25,-0.97,3.98
2018-11-26,12.59,12.49,12.76,12.37,19847,24894210.00,3.14,0.64,0.08,2.36
2018-11-27,12.58,12.58,12.68,12.49,12601,15834390.00,1.52,0.72,0.09,1.50
2018-11-28,12.60,12.68,12.71,12.30,17862,22431409.00,3.26,0.79,0.10,2.13
2018-11-29,12.74,12.02,12.76,12.01,20393,25320109.00,5.91,-5.21,-0.66,2.43
2018-11-30,12.05,12.30,12.36,11.95,19283,23484913.00,3.41,2.33,0.28,2.30
2018-12-03,12.68,12.59,12.74,12.48,19778,24982902.00,2.11,2.36,0.29,2.35
2018-12-04,12.67,12.75,12.83,12.58,17626,22462738.00,1.99,1.27,0.16,2.10
2018-12-05,12.46,12.66,12.83,12.28,20400,25704827.00,4.31,-0.71,-0.09,2.43
2018-12-06,12.56,12.51,12.62,12.35,16428,20463056.00,2.13,-1.18,-0.15,1.96
2018-12-07,12.48,12.50,12.69,12.35,14309,17906815.00,2.72,-0.08,-0.01,1.70
2018-12-10,12.42,12.49,12.66,12.33,12773,16035129.00,2.64,-0.08,-0.01,1.52
2018-12-11,12.49,12.62,12.62,12.43,9117,11405646.00,1.52,1.04,0.13,1.09
2018-12-12,12.72,12.73,12.78,12.53,12817,16216073.00,1.98,0.87,0.11,1.53
2018-12-13,12.73,13.10,13.24,12.65,32029,41739824.00,4.63,2.91,0.37,3.81
2018-12-14,13.11,12.83,13.38,12.82,27710,36303814.00,4.27,-2.06,-0.27,3.30
2018-12-17,12.69,12.62,12.76,12.00,21955,27326043.00,5.92,-1.64,-0.21,2.61
2018-12-18,12.46,12.41,12.64,12.32,10838,13496879.00,2.54,-1.66,-0.21,1.29
2018-12-19,12.42,12.26,12.59,12.23,9988,12363821.00,2.90,-1.21,-0.15,1.19
2018-12-20,12.16,12.35,12.46,12.16,9253,11427015.00,2.45,0.73,0.09,1.10
2018-12-21,12.28,12.39,12.46,12.21,7872,9731602.00,2.02,0.32,0.04,0.94
2018-12-24,12.38,12.55,12.58,12.21,12508,15616878.00,2.99,1.29,0.16,1.49
2018-12-25,12.46,12.24,12.46,11.92,15765,19161036.00,4.30,-2.47,-0.31,1.88
2018-12-26,12.11,12.57,12.87,12.11,21552,26979727.00,6.21,2.70,0.33,2.57
2018-12-27,12.79,12.24,12.79,12.20,14047,17616535.00,4.69,-2.63,-0.33,1.67
2018-12-28,12.21,12.05,12.40,12.01,10737,13085654.00,3.19,-1.55,-0.19,1.28
2019-01-02,12.25,11.95,12.25,11.79,11513,13748269.00,3.82,-0.83,-0.10,1.37
2019-01-03,11.82,11.88,12.05,11.82,8766,10441431.00,1.92,-0.59,-0.07,1.04
2019-01-04,11.64,12.10,12.13,11.64,13005,15580724.00,4.12,1.85,0.22,1.55
2019-01-07,12.18,12.30,12.35,12.14,14572,17851500.00,1.74,1.65,0.20,1.73
2019-01-08,12.30,12.33,12.39,12.19,11904,14643066.00,1.63,0.24,0.03,1.42
2019-01-09,12.41,12.33,12.66,12.30,17374,21687796.00,2.92,0.00,0.00,2.07
2019-01-10,12.33,12.50,12.60,12.28,14723,18375109.00,2.60,1.38,0.17,1.75
2019-01-11,12.50,12.65,12.77,12.36,15258,19108185.00,3.28,1.20,0.15,1.82
2019-01-14,12.66,12.36,12.73,12.25,13272,16486425.00,3.79,-2.29,-0.29,1.58
2019-01-15,12.40,12.55,12.62,12.33,13505,16898224.00,2.35,1.54,0.19,1.61
2019-01-16,12.60,12.55,12.71,12.52,12673,15989464.00,1.51,0.00,0.00,1.51
2019-01-17,12.69,12.34,12.69,12.30,10776,13408152.00,3.11,-1.67,-0.21,1.28
2019-01-18,12.34,12.35,12.47,12.29,10014,12374379.00,1.46,0.08,0.01,1.19
2019-01-21,12.36,12.73,13.09,12.36,19857,25189180.00,5.91,3.08,0.38,2.36
2019-01-22,12.80,12.42,12.80,12.36,21215,26518099.00,3.46,-2.44,-0.31,2.53
2019-01-23,12.35,12.36,12.42,12.22,9530,11721748.00,1.61,-0.48,-0.06,1.13
2019-01-24,12.33,12.33,12.44,12.22,9362,11560941.00,1.78,-0.24,-0.03,1.11
2019-01-25,12.36,12.13,12.45,12.12,8822,10834506.00,2.68,-1.62,-0.20,1.05
2019-01-28,12.16,11.99,12.29,11.97,8584,10412820.00,2.64,-1.15,-0.14,1.02
2019-01-29,11.96,11.98,12.17,11.43,11414,13541039.00,6.17,-0.08,-0.01,1.36
2019-01-30,11.99,11.62,11.99,11.62,8106,9559265.00,3.09,-3.01,-0.36,0.97
2019-01-31,11.66,11.42,11.80,11.36,11543,13367076.00,3.79,-1.72,-0.20,1.37
2019-02-01,11.62,11.71,11.75,11.48,8594,10010466.00,2.36,2.54,0.29,1.02
2019-02-11,11.75,11.95,11.98,11.74,9964,11857067.00,2.05,2.05,0.24,1.19
2019-02-12,11.97,12.12,12.25,11.86,14220,17188738.00,3.26,1.42,0.17,1.69
2019-02-13,12.06,12.23,12.38,12.05,15162,18531221.00,2.72,0.91,0.11,1.80
2019-02-14,12.23,12.19,12.29,12.17,14669,17940043.00,0.98,-0.33,-0.04,1.75
2019-02-15,12.20,12.23,12.36,12.20,13251,16252705.00,1.31,0.33,0.04,1.58
2019-02-18,12.29,12.67,12.72,12.28,22793,28541988.00,3.60,3.60,0.44,2.71
2019-02-19,12.70,12.57,12.77,12.45,19188,24182964.00,2.53,-0.79,-0.10,2.28
2019-02-20,12.60,12.84,13.07,12.52,31888,40977934.00,4.38,2.15,0.27,3.80
2019-02-21,12.93,12.77,12.98,12.72,30668,39433467.00,2.02,-0.55,-0.07,3.65
2019-02-22,12.63,12.97,13.06,12.61,25991,33540744.00,3.52,1.57,0.20,3.09
2019-02-25,13.00,13.40,13.49,12.80,52676,69559584.00,5.32,3.32,0.43,6.27
2019-02-26,13.44,13.26,13.55,13.12,42409,56467817.00,3.21,-1.04,-0.14,5.05
2019-02-27,13.26,13.11,13.34,13.02,28364,37479897.00,2.41,-1.13,-0.15,3.38
2019-02-28,13.12,13.28,13.47,13.02,20759,27593140.00,3.43,1.30,0.17,2.47
2019-03-01,13.35,13.35,13.41,13.19,22537,30019274.00,1.66,0.53,0.07,2.68
2019-03-04,13.30,13.51,13.70,13.30,37237,50336611.00,3.00,1.20,0.16,4.43
2019-03-05,13.40,13.81,13.90,13.35,35359,48240998.00,4.07,2.22,0.30,4.21
2019-03-06,13.92,14.02,14.14,13.75,33219,46389585.00,2.82,1.52,0.21,3.95
2019-03-07,13.95,14.75,15.38,13.95,91098,133837751.00,10.20,5.21,0.73,10.84
2019-03-08,14.16,14.05,14.42,13.92,64412,91254488.00,3.39,-4.75,-0.70,7.67
2019-03-11,13.95,14.40,14.43,13.91,34600,49216255.00,3.70,2.49,0.35,4.12
2019-03-12,14.52,14.71,14.80,14.45,41238,60432524.00,2.43,2.15,0.31,4.91
2019-03-13,14.71,14.59,14.88,14.51,31650,46370895.00,2.52,-0.82,-0.12,3.77
2019-03-14,14.52,14.55,14.84,14.40,31714,46112269.00,3.02,-0.27,-0.04,3.78
2019-03-15,14.82,14.79,14.82,14.53,31970,46911305.00,1.99,1.65,0.24,3.81
2019-03-18,14.98,15.01,15.37,14.87,33836,50922301.00,3.38,1.49,0.22,4.03
2019-03-19,16.51,15.57,16.51,15.25,149463,235762678.00,8.39,3.73,0.56,17.79
2019-03-20,15.77,16.20,16.35,15.51,103862,165557039.00,5.39,4.05,0.63,12.36
2019-03-21,16.00,16.12,16.40,15.88,76783,123268864.00,3.21,-0.49,-0.08,9.14
2019-03-22,16.07,16.07,16.20,15.92,39484,63343096.00,1.74,-0.31,-0.05,4.70
2019-03-25,15.95,17.20,17.65,15.86,92327,156767980.00,11.14,7.03,1.13,10.99
2019-03-26,16.97,16.78,17.34,16.74,46756,79077118.00,3.49,-2.44,-0.42,5.57
2019-03-27,16.95,16.71,16.95,16.17,39477,65370683.00,4.65,-0.42,-0.07,4.70
2019-03-28,16.45,16.23,16.90,16.21,34369,56764233.00,4.13,-2.87,-0.48,4.09
2019-03-29,16.40,17.00,17.13,16.26,44106,73548187.00,5.36,4.74,0.77,5.25
2019-04-01,17.30,17.46,17.86,17.10,56721,98732792.00,4.47,2.71,0.46,6.75
2019-04-02,17.40,17.20,17.46,17.12,38042,65800456.00,1.95,-1.49,-0.26,4.53
2019-04-03,17.12,17.30,17.47,17.04,26849,46347037.00,2.50,0.58,0.10,3.20
2019-04-04,17.30,16.95,17.44,16.89,46240,79109458.00,3.18,-2.02,-0.35,5.50
2019-04-08,16.90,16.80,17.19,16.45,37302,62911475.00,4.37,-0.88,-0.15,4.44
2019-04-09,16.80,16.91,17.16,16.76,30295,51362202.00,2.38,0.65,0.11,3.61
2019-04-10,16.93,16.79,17.04,16.48,38825,64870502.00,3.31,-0.71,-0.12,4.62
2019-04-11,16.89,16.57,17.01,16.55,21074,35382599.00,2.74,-1.31,-0.22,2.51
2019-04-12,16.73,16.82,16.86,16.51,19043,31799925.00,2.11,1.51,0.25,2.27
2019-04-15,16.91,16.58,17.18,16.57,24538,41595319.00,3.63,-1.43,-0.24,2.92
2019-04-16,16.55,16.78,16.80,16.40,24593,40764719.00,2.41,1.21,0.20,2.93
2019-04-17,16.81,16.85,16.94,16.62,23946,40264005.00,1.91,0.42,0.07,2.85
2019-04-18,16.79,16.72,16.95,16.68,19265,32357242.00,1.60,-0.77,-0.13,2.29
2019-04-19,16.74,16.85,16.86,16.63,14872,24903873.00,1.38,0.78,0.13,1.77
2019-04-22,16.88,16.51,16.94,16.47,18251,30352743.00,2.79,-2.02,-0.34,2.17
2019-04-23,16.49,16.04,16.58,16.03,20247,32976533.00,3.33,-2.85,-0.47,2.41
2019-04-24,16.10,16.44,16.47,16.06,16438,26745088.00,2.56,2.49,0.40,1.96
2019-04-25,16.42,16.00,16.65,16.00,24222,39439425.00,3.95,-2.68,-0.44,2.88
2019-04-26,16.00,15.51,16.03,15.39,22666,35393429.00,4.00,-3.06,-0.49,2.70
2019-04-29,15.50,15.00,15.58,15.00,21655,33092894.00,3.74,-3.29,-0.51,2.58
2019-04-30,15.01,15.31,15.36,15.01,11641,17751804.00,2.33,2.07,0.31,1.39
2019-05-06,14.91,14.06,14.91,13.80,21341,30921794.00,7.25,-8.16,-1.25,2.54
2019-05-07,14.08,14.44,14.48,14.08,16699,23955818.00,2.84,2.70,0.38,1.99
2019-05-08,14.11,14.65,14.83,14.00,17870,25991336.00,5.75,1.45,0.21,2.13
2019-05-09,14.41,15.11,15.20,14.36,26930,40141696.00,5.73,3.14,0.46,3.21
2019-05-10,15.18,15.39,15.49,14.82,26698,40736956.00,4.43,1.85,0.28,3.18
2019-05-13,15.22,15.56,15.80,15.11,21536,33391067.00,4.48,1.10,0.17,2.56
2019-05-14,15.35,15.48,15.74,15.23,14380,22340078.00,3.28,-0.51,-0.08,1.71
2019-05-15,15.61,15.80,15.82,15.44,17881,27997744.00,2.45,2.07,0.32,2.13
2019-05-16,15.75,15.89,16.02,15.65,16884,26778276.00,2.34,0.57,0.09,2.01
2019-05-17,15.89,15.57,15.93,15.36,16531,25842337.00,3.59,-2.01,-0.32,1.97
2019-05-20,15.57,15.48,15.57,15.01,14615,22298931.00,3.60,-0.58,-0.09,1.74
2019-05-21,15.48,15.57,15.59,15.30,16843,26082425.00,1.87,0.58,0.09,2.01
2019-05-22,15.50,15.25,15.60,15.03,16939,25940111.00,3.66,-2.06,-0.32,2.02
2019-05-23,15.29,14.46,15.32,14.45,30098,44901099.00,5.70,-5.18,-0.79,3.58
2019-05-24,14.46,14.57,14.69,14.41,15599,22712686.00,1.94,0.76,0.11,1.86
2019-05-27,14.58,14.98,15.01,14.58,17630,26191059.00,2.95,2.81,0.41,2.10
2019-05-28,15.07,15.19,15.36,15.00,20138,30691197.00,2.40,1.40,0.21,2.40
2019-05-29,15.20,15.45,15.48,15.12,29774,45618831.00,2.37,1.71,0.26,3.54
2019-05-30,15.33,15.33,15.51,15.20,32893,50411907.00,2.01,-0.78,-0.12,3.92
2019-05-31,9.26,9.17,9.37,9.01,48574,44397176.00,2.35,-40.18,-6.16,3.86
2019-06-03,9.25,9.35,10.09,9.22,59354,56509598.00,9.49,1.96,0.18,4.71
2019-06-04,8.96,8.77,8.96,8.42,79263,68451239.00,5.78,-6.20,-0.58,6.29
2019-06-05,8.77,9.65,9.65,8.60,59327,56330723.00,11.97,10.03,0.88,4.71
2019-06-06,10.62,10.62,10.62,10.50,137556,146080426.00,1.24,10.05,0.97,10.92
2019-06-10,10.73,10.18,10.99,9.77,247432,254441968.00,11.49,-4.14,-0.44,19.64
2019-06-11,9.88,10.25,10.38,9.60,192292,191871663.00,7.66,0.69,0.07,15.26
2019-06-12,10.07,9.80,10.19,9.78,128388,128493131.00,4.00,-4.39,-0.45,10.19
2019-06-13,9.58,9.91,9.94,9.26,119545,114787735.00,6.94,1.12,0.11,9.49
2019-06-14,9.83,9.19,9.86,9.03,86268,81689291.00,8.38,-7.27,-0.72,6.85
2019-06-17,9.04,9.00,9.14,8.82,41696,37527689.00,3.48,-2.07,-0.19,3.31
2019-06-18,9.10,8.95,9.12,8.67,36696,32730748.00,5.00,-0.56,-0.05,2.91
2019-06-19,9.13,8.98,9.15,8.96,40600,36690238.00,2.12,0.34,0.03,3.22
2019-06-20,8.96,9.07,9.17,8.96,42212,38346939.00,2.34,1.00,0.09,3.35
2019-06-21,9.09,9.15,9.17,9.07,43307,39467473.00,1.10,0.88,0.08,3.44
2019-06-24,9.18,9.20,9.36,9.12,43953,40636478.00,2.62,0.55,0.05,3.49
2019-06-25,9.25,8.96,9.29,8.85,34033,30648021.00,4.78,-2.61,-0.24,2.70
2019-06-26,8.86,8.83,8.95,8.79,30669,27168724.00,1.79,-1.45,-0.13,2.43
2019-06-27,8.88,8.90,8.91,8.80,23666,20980621.00,1.25,0.79,0.07,1.88
2019-06-28,8.87,8.60,8.87,8.58,30437,26327031.00,3.26,-3.37,-0.30,2.42
2019-07-01,8.85,8.79,8.85,8.71,27447,24093338.00,1.63,2.21,0.19,2.18
2019-07-02,8.84,8.78,8.88,8.74,22788,20045354.00,1.59,-0.11,-0.01,1.81
2019-07-03,8.76,8.61,8.78,8.59,21588,18710193.00,2.16,-1.94,-0.17,1.71
2019-07-04,8.64,8.63,8.72,8.59,19165,16578400.00,1.51,0.23,0.02,1.52
2019-07-05,8.63,8.64,8.69,8.57,14599,12602806.00,1.39,0.12,0.01,1.16
2019-07-08,8.66,8.44,8.66,8.18,30155,25251541.00,5.56,-2.31,-0.20,2.39
2019-07-09,8.44,8.40,8.48,8.28,15144,12729688.00,2.37,-0.47,-0.04,1.20
2019-07-10,8.36,8.23,8.44,8.22,16620,13805028.00,2.62,-2.02,-0.17,1.32
2019-07-11,8.28,8.26,8.40,8.20,21199,17681236.00,2.43,0.36,0.03,1.68
2019-07-12,8.32,8.32,8.37,8.27,12982,10801071.00,1.21,0.73,0.06,1.03
2019-07-15,8.32,8.47,8.48,8.26,21745,18259279.00,2.64,1.80,0.15,1.73
2019-07-16,8.50,8.53,8.57,8.45,16692,14200161.00,1.42,0.71,0.06,1.32
2019-07-17,8.54,8.41,8.55,8.38,20890,17627819.00,1.99,-1.41,-0.12,1.66
2019-07-18,8.40,8.31,8.42,8.24,18149,15103149.00,2.14,-1.19,-0.10,1.44
2019-07-19,8.29,8.29,8.46,8.27,11201,9351369.00,2.29,-0.24,-0.02,0.89
2019-07-22,8.30,8.00,8.38,7.96,16083,13012116.00,5.07,-3.50,-0.29,1.28
2019-07-23,8.10,8.27,8.39,8.01,21479,17637014.00,4.75,3.38,0.27,1.70
2019-07-24,8.28,8.32,8.42,8.28,17677,14768921.00,1.69,0.60,0.05,1.40
2019-07-25,8.36,8.40,8.45,8.35,17966,15089774.00,1.20,0.96,0.08,1.43
2019-07-26,8.41,8.38,8.48,8.32,15444,12978025.00,1.90,-0.24,-0.02,1.23
2019-07-29,8.34,8.32,8.41,8.22,15697,13035045.00,2.27,-0.72,-0.06,1.25
2019-07-30,8.31,8.31,8.41,8.26,11140,9299133.00,1.80,-0.12,-0.01,0.88
2019-07-31,8.26,8.27,8.34,8.25,11633,9638680.00,1.08,-0.48,-0.04,0.92
2019-08-01,8.26,8.19,8.28,8.14,13565,11122882.00,1.69,-0.97,-0.08,1.08
2019-08-02,8.12,7.99,8.12,7.93,22042,17647515.00,2.32,-2.44,-0.20,1.75
2019-08-05,8.00,7.88,8.07,7.86,15677,12445335.00,2.63,-1.38,-0.11,1.24
2019-08-06,7.75,7.61,7.75,7.22,25202,19016280.00,6.73,-3.43,-0.27,2.00
2019-08-07,7.62,7.60,7.81,7.56,13233,10157742.00,3.29,-0.13,-0.01,1.05
2019-08-08,7.59,7.60,7.72,7.58,12005,9174509.00,1.84,0.00,0.00,0.95
2019-08-09,7.78,7.52,7.78,7.38,17351,13129607.00,5.26,-1.05,-0.08,1.38
2019-08-12,7.64,7.60,7.65,7.45,14445,10888683.00,2.66,1.06,0.08,1.15
2019-08-13,7.50,7.53,7.60,7.40,15108,11342131.00,2.63,-0.92,-0.07,1.20
2019-08-14,7.59,7.70,7.78,7.59,27613,21234053.00,2.52,2.26,0.17,2.19
2019-08-15,7.50,7.66,7.68,7.46,17527,13268610.00,2.86,-0.52,-0.04,1.39
2019-08-16,7.65,7.76,7.84,7.63,21369,16582063.00,2.74,1.31,0.10,1.70
2019-08-19,7.77,7.91,7.91,7.75,19594,15366306.00,2.06,1.93,0.15,1.56
2019-08-20,7.91,7.85,7.97,7.84,17489,13816939.00,1.64,-0.76,-0.06,1.39
2019-08-21,7.89,7.95,8.25,7.89,27992,22492512.00,4.59,1.27,0.10,2.22
2019-08-22,8.00,7.90,8.01,7.83,17046,13444599.00,2.26,-0.63,-0.05,1.35
2019-08-23,7.94,7.90,8.03,7.84,13079,10333131.00,2.41,0.00,0.00,1.04
2019-08-26,7.68,7.75,7.83,7.65,15220,11793884.00,2.28,-1.90,-0.15,1.21
2019-08-27,7.79,8.03,8.05,7.79,26812,21346611.00,3.35,3.61,0.28,2.13
2019-08-28,8.04,7.95,8.06,7.90,18248,14524237.00,1.99,-1.00,-0.08,1.45
2019-08-29,7.94,8.14,8.23,7.94,28836,23346687.00,3.65,2.39,0.19,2.29
2019-08-30,8.12,7.96,8.20,7.93,22236,17894622.00,3.32,-2.21,-0.18,1.76
2019-09-02,7.92,8.16,8.23,7.92,28888,23464788.00,3.89,2.51,0.20,2.29
2019-09-03,8.16,8.19,8.21,8.10,20759,16930676.00,1.35,0.37,0.03,1.65
2019-09-04,8.18,8.57,8.57,8.15,36096,30089368.00,5.13,4.64,0.38,2.86
2019-09-05,8.49,8.57,8.58,8.36,52751,44753133.00,2.57,0.00,0.00,4.19
2019-09-06,8.52,8.60,8.75,8.48,41238,35573041.00,3.15,0.35,0.03,3.27
2019-09-09,8.69,8.66,8.70,8.56,29436,25370439.00,1.63,0.70,0.06,2.34
2019-09-10,8.66,8.56,8.66,8.48,25390,21681115.00,2.08,-1.15,-0.10,2.02
2019-09-11,8.64,8.46,8.64,8.45,15891,13548195.00,2.22,-1.17,-0.10,1.26
2019-09-12,8.51,8.56,8.63,8.46,19692,16888095.00,2.01,1.18,0.10,1.56
2019-09-16,8.57,8.52,8.71,8.45,28569,24566608.00,3.04,-0.47,-0.04,2.27
2019-09-17,8.51,8.25,8.57,8.21,22703,18947225.00,4.23,-3.17,-0.27,1.80
2019-09-18,8.26,8.29,8.41,8.25,12012,9985117.00,1.94,0.48,0.04,0.95
2019-09-19,8.30,8.34,8.37,8.25,12181,10108947.00,1.45,0.60,0.05,0.97
2019-09-20,8.33,8.36,8.45,8.31,14598,12223450.00,1.68,0.24,0.02,1.16
2019-09-23,8.36,8.32,8.38,8.11,18257,15014715.00,3.23,-0.48,-0.04,1.45
2019-09-24,8.28,8.48,8.53,8.28,21381,17962977.00,3.00,1.92,0.16,1.70
2019-09-25,8.37,8.15,8.44,8.08,25844,21249470.00,4.25,-3.89,-0.33,2.05
2019-09-26,8.17,7.98,8.30,7.91,25882,21041763.00,4.79,-2.09,-0.17,2.05
2019-09-27,8.05,8.12,8.18,7.91,11085,8999187.00,3.38,1.75,0.14,0.88
2019-09-30,8.05,8.15,8.28,8.05,14221,11601347.00,2.83,0.37,0.03,1.13
2019-10-08,8.16,8.46,8.46,8.10,40746,34019031.00,4.42,3.80,0.31,3.23
2019-10-09,8.40,8.43,8.54,8.31,37124,31337806.00,2.72,-0.35,-0.03,2.95
2019-10-10,8.45,8.55,8.74,8.36,48880,41746280.00,4.51,1.42,0.12,3.88
2019-10-11,8.55,8.52,8.58,8.40,30037,25440295.00,2.11,-0.35,-0.03,2.38
2019-10-14,8.60,8.63,8.64,8.51,43604,37439595.00,1.53,1.29,0.11,3.46
2019-10-15,8.63,8.72,8.84,8.49,36674,31758479.00,4.06,1.04,0.09,2.91
2019-10-16,8.71,8.58,8.72,8.54,18851,16243916.00,2.06,-1.61,-0.14,1.50
2019-10-17,8.60,8.58,8.69,8.54,15191,13089278.00,1.75,0.00,0.00,1.21
2019-10-18,8.57,8.47,8.65,8.34,22001,18699297.00,3.61,-1.28,-0.11,1.75
2019-10-21,8.48,8.41,8.48,8.20,16761,14002662.00,3.31,-0.71,-0.06,1.33
2019-10-22,8.40,8.60,8.80,8.40,66453,56957862.00,4.76,2.26,0.19,5.27
2019-10-23,8.53,8.48,8.65,8.40,26086,22242584.00,2.91,-1.40,-0.12,2.07
2019-10-24,8.48,8.59,8.60,8.44,22394,19129342.00,1.89,1.30,0.11,1.78
2019-10-25,8.65,8.59,8.75,8.44,54777,47017478.00,3.61,0.00,0.00,4.35
2019-10-28,8.55,8.58,8.64,8.22,42009,35959543.00,4.89,-0.12,-0.01,3.33
2019-10-29,8.57,8.50,8.60,8.46,22924,19520855.00,1.63,-0.93,-0.08,1.82
2019-10-30,8.34,8.40,8.48,8.30,28517,23918692.00,2.12,-1.18,-0.10,2.26
2019-10-31,8.44,8.47,8.50,8.33,19572,16559832.00,2.02,0.83,0.07,1.55
2019-11-01,8.49,8.53,8.56,8.30,14259,12097580.00,3.07,0.71,0.06,1.13
2019-11-04,8.50,8.48,8.62,8.43,14008,11965395.00,2.23,-0.59,-0.05,1.11
2019-11-05,8.46,8.52,8.57,8.46,17079,14537489.00,1.30,0.47,0.04,1.36
2019-11-06,8.50,8.58,8.64,8.45,20926,17896017.00,2.23,0.70,0.06,1.66
2019-11-07,8.58,8.58,8.67,8.50,24189,20753504.00,1.98,0.00,0.00,1.92
2019-11-08,8.56,8.71,8.90,8.56,55127,48241190.00,3.96,1.52,0.13,4.38
2019-11-11,8.66,8.58,8.84,8.50,45223,39264264.00,3.90,-1.49,-0.13,3.59
2019-11-12,8.65,8.52,8.65,8.36,29108,24623633.00,3.38,-0.70,-0.06,2.31
2019-11-13,8.52,8.93,9.10,8.52,97322,86100018.00,6.81,4.81,0.41,7.72
2019-11-14,8.90,8.66,9.16,8.54,144562,128239459.00,6.94,-3.02,-0.27,11.47
2019-11-15,9.15,7.91,9.15,7.82,126425,108434902.00,15.36,-8.66,-0.75,10.03
2019-11-18,7.38,7.71,7.76,7.35,71807,54298911.00,5.18,-2.53,-0.20,5.70
2019-11-19,7.65,7.96,7.96,7.55,42887,33566303.00,5.32,3.24,0.25,3.40
2019-11-20,7.93,7.96,8.12,7.91,40667,32654369.00,2.64,0.00,0.00,3.23
2019-11-21,7.97,8.04,8.10,7.91,25630,20610578.00,2.39,1.01,0.08,2.03
2019-11-22,8.04,8.14,8.15,8.04,29817,24103076.00,1.37,1.24,0.10,2.37
2019-11-25,8.06,8.16,8.19,7.92,26045,21114209.00,3.32,0.25,0.02,2.07
2019-11-26,8.09,8.20,8.36,8.09,27924,23037753.00,3.31,0.49,0.04,2.22
2019-11-27,8.21,8.09,8.28,8.07,16305,13320627.00,2.56,-1.34,-0.11,1.29
2019-11-28,8.19,7.99,8.19,7.96,21232,17105637.00,2.84,-1.24,-0.10,1.69
2019-11-29,8.03,8.18,8.22,7.98,19586,15865165.00,3.00,2.38,0.19,1.55
2019-12-02,8.18,8.14,8.30,8.13,16186,13295276.00,2.08,-0.49,-0.04,1.28
2019-12-03,8.14,8.17,8.20,8.10,11764,9581738.00,1.23,0.37,0.03,0.93
2019-12-04,8.17,8.00,8.17,7.92,20959,16833697.00,3.06,-2.08,-0.17,1.66
2019-12-05,8.08,8.06,8.10,8.01,13460,10837173.00,1.13,0.75,0.06,1.07
2019-12-06,8.15,8.03,8.15,8.00,15156,12200873.00,1.86,-0.37,-0.03,1.20
2019-12-09,8.02,8.03,8.08,7.94,15020,12000887.00,1.74,0.00,0.00,1.19
2019-12-10,8.00,8.01,8.02,7.86,13703,10927316.00,1.99,-0.25,-0.02,1.09
2019-12-11,8.00,8.05,8.05,7.97,12334,9879204.00,1.00,0.50,0.04,0.98
2019-12-12,8.03,8.01,8.03,7.97,14874,11895638.00,0.75,-0.50,-0.04,1.18
2019-12-13,7.97,8.02,8.10,7.96,21698,17412983.00,1.75,0.12,0.01,1.72
2019-12-16,8.10,8.10,8.13,8.03,19431,15703640.00,1.25,1.00,0.08,1.54
2019-12-17,8.11,8.22,8.28,8.09,38113,31222523.00,2.35,1.48,0.12,3.02
2019-12-18,8.16,8.17,8.25,8.15,21701,17803223.00,1.22,-0.61,-0.05,1.72
2019-12-19,8.20,8.30,8.32,8.13,26939,22216973.00,2.33,1.59,0.13,2.14
2019-12-20,8.30,8.27,8.45,8.22,26337,21950550.00,2.77,-0.36,-0.03,2.09
2019-12-23,8.27,8.00,8.27,7.94,20842,16914394.00,3.99,-3.26,-0.27,1.65
2019-12-24,8.01,8.11,8.14,8.01,12413,10036628.00,1.63,1.38,0.11,0.99
2019-12-25,8.10,8.14,8.20,8.04,22615,18399100.00,1.97,0.37,0.03,1.79
2019-12-26,8.17,8.23,8.25,8.01,19131,15660542.00,2.95,1.11,0.09,1.52
2019-12-27,8.25,8.18,8.35,8.14,18992,15690200.00,2.55,-0.61,-0.05,1.51
2019-12-30,8.12,8.18,8.24,8.00,22266,18178406.00,2.93,0.00,0.00,1.77
2019-12-31,8.22,8.20,8.30,8.11,15871,12968723.00,2.32,0.24,0.02,1.26
2020-01-02,8.21,8.33,8.34,8.21,22474,18639228.00,1.59,1.59,0.13,1.78
2020-01-03,8.35,8.37,8.43,8.29,23745,19835760.00,1.68,0.48,0.04,1.88
2020-01-06,8.31,8.41,8.44,8.28,18688,15667085.00,1.91,0.48,0.04,1.48
2020-01-07,8.37,8.46,8.48,8.37,16529,13957307.00,1.31,0.59,0.05,1.31
2020-01-08,8.49,8.34,8.51,8.30,22273,18712886.00,2.48,-1.42,-0.12,1.77
2020-01-09,8.35,8.41,8.48,8.35,20282,17090970.00,1.56,0.84,0.07,1.61
2020-01-10,8.41,8.48,8.60,8.41,29073,24762266.00,2.26,0.83,0.07,2.31
2020-01-13,8.48,8.49,8.50,8.30,18619,15670803.00,2.36,0.12,0.01,1.48
2020-01-14,8.50,8.59,8.61,8.43,30934,26448186.00,2.12,1.18,0.10,2.46
2020-01-15,8.61,8.49,8.61,8.41,20268,17144500.00,2.33,-1.16,-0.10,1.61
2020-01-16,8.45,8.36,8.48,8.31,24884,20827284.00,2.00,-1.53,-0.13,1.97
2020-01-17,8.34,8.20,8.41,8.20,19093,15823785.00,2.51,-1.91,-0.16,1.52
2020-01-20,8.20,8.25,8.27,8.14,20452,16759188.00,1.59,0.61,0.05,0.97
2020-01-21,8.18,8.11,8.29,8.08,17368,14167679.00,2.55,-1.70,-0.14,0.83
2020-01-22,8.11,8.11,8.17,7.96,18335,14802367.00,2.59,0.00,0.00,0.87
2020-01-23,8.15,7.86,8.15,7.77,24615,19605864.00,4.69,-3.08,-0.25,1.17
2020-02-03,7.07,7.07,7.08,7.07,12014,8493903.00,0.13,-10.05,-0.79,0.57
2020-02-04,6.37,6.79,6.89,6.36,35053,23342610.00,7.50,-3.96,-0.28,1.67
2020-02-05,6.80,6.87,7.00,6.75,23326,16078808.00,3.68,1.18,0.08,1.11
2020-02-06,6.81,6.99,7.07,6.81,25103,17441829.00,3.78,1.75,0.12,1.20
2020-02-07,7.05,7.15,7.26,6.89,32935,23390724.00,5.29,2.29,0.16,1.57
2020-02-10,7.14,7.22,7.28,7.00,16939,12166942.00,3.92,0.98,0.07,0.81
2020-02-11,7.22,7.24,7.30,7.17,18753,13580826.00,1.80,0.28,0.02,0.89
2020-02-12,7.21,7.56,7.96,7.18,46075,34756423.00,10.77,4.42,0.32,2.19
2020-02-13,7.52,7.32,7.55,7.29,22354,16541883.00,3.44,-3.17,-0.24,1.06
2020-02-14,7.26,7.24,7.46,7.18,16991,12365821.00,3.83,-1.09,-0.08,0.81
2020-02-17,7.24,7.44,7.46,7.24,16715,12360823.00,3.04,2.76,0.20,0.80
2020-02-18,7.44,7.57,7.59,7.40,26465,19810995.00,2.55,1.75,0.13,1.26
2020-02-19,7.59,7.67,7.81,7.55,37316,28647658.00,3.43,1.32,0.10,1.78
2020-02-20,7.70,7.70,7.73,7.55,31554,24128095.00,2.35,0.39,0.03,1.50
2020-02-21,7.72,7.72,7.78,7.64,26592,20509947.00,1.82,0.26,0.02,1.27
2020-02-24,7.71,7.71,7.77,7.55,23558,18090376.00,2.85,-0.13,-0.01,1.12
2020-02-25,7.70,7.59,7.70,7.23,33524,25232416.00,6.10,-1.56,-0.12,1.60
2020-02-26,7.65,7.57,7.68,7.46,23577,17940987.00,2.90,-0.26,-0.02,1.12
2020-02-27,7.59,7.55,7.63,7.51,14819,11204262.00,1.59,-0.26,-0.02,0.71
2020-02-28,7.48,7.07,7.48,7.06,30492,22053127.00,5.56,-6.36,-0.48,1.45
2020-03-02,7.20,7.41,7.44,7.15,17444,12844377.00,4.10,4.81,0.34,0.83
2020-03-03,7.45,7.91,7.95,7.44,94056,73113590.00,6.88,6.75,0.50,4.48
2020-03-04,7.90,7.82,7.90,7.68,38777,30138292.00,2.78,-1.14,-0.09,1.85
2020-03-05,7.82,8.21,8.31,7.82,109754,88493264.00,6.27,4.99,0.39,5.23
2020-03-06,8.09,8.18,8.40,7.92,92449,75604524.00,5.85,-0.37,-0.03,4.40
2020-03-09,7.99,7.74,8.10,7.72,49467,38825979.00,4.65,-5.38,-0.44,2.36
2020-03-10,7.61,7.95,8.00,7.52,57129,44944368.00,6.20,2.71,0.21,2.72
2020-03-11,8.12,7.85,8.12,7.85,43461,34841461.00,3.40,-1.26,-0.10,2.07
2020-03-12,7.78,7.70,7.83,7.62,24092,18549332.00,2.68,-1.91,-0.15,1.15
2020-03-13,7.48,7.65,7.76,7.18,47404,35973527.00,7.53,-0.65,-0.05,2.26
2020-03-16,7.80,7.53,7.85,7.46,31932,24549273.00,5.10,-1.57,-0.12,1.52
2020-03-17,7.40,7.51,7.68,7.30,18350,13696005.00,5.05,-0.27,-0.02,0.87
2020-03-18,7.59,7.49,7.70,7.47,28638,21817816.00,3.06,-0.27,-0.02,1.36
2020-03-19,7.51,8.24,8.24,7.46,89562,72176726.00,10.41,10.01,0.75,4.26
2020-03-20,8.42,8.37,8.45,8.06,151188,125171194.00,4.73,1.58,0.13,7.20
2020-03-23,8.10,8.26,8.55,8.10,84718,70401167.00,5.38,-1.31,-0.11,4.03
2020-03-24,8.43,8.49,8.64,8.28,84845,71930256.00,4.36,2.78,0.23,4.04
2020-03-25,8.63,8.67,8.78,8.53,66954,57948913.00,2.94,2.12,0.18,3.19
2020-03-26,8.58,8.50,9.12,8.42,116270,101909759.00,8.07,-1.96,-0.17,5.54
2020-03-27,8.63,8.64,8.76,8.50,72639,62771139.00,3.06,1.65,0.14,3.46
2020-03-30,8.51,8.80,8.87,8.41,56956,49479259.00,5.32,1.85,0.16,2.71
2020-03-31,8.75,8.59,8.91,8.54,40133,34811032.00,4.20,-2.39,-0.21,1.91
2020-04-01,8.60,8.66,8.73,8.42,37723,32387960.00,3.61,0.81,0.07,1.80
2020-04-02,8.56,8.85,8.87,8.55,35088,30670758.00,3.70,2.19,0.19,1.67
2020-04-03,8.76,8.66,9.11,8.62,130267,117155683.00,5.54,-2.15,-0.19,6.20
2020-04-07,8.62,8.91,9.00,8.62,87074,76776207.00,4.39,2.89,0.25,4.15
2020-04-08,9.05,8.89,9.05,8.78,44863,39740385.00,3.03,-0.22,-0.02,2.14
2020-04-09,8.91,9.10,9.38,8.90,94041,85446736.00,5.40,2.36,0.21,4.48
2020-04-10,9.03,8.58,9.06,8.56,56455,49650037.00,5.49,-5.71,-0.52,2.69
2020-04-13,8.48,8.57,8.69,8.28,34155,28738526.00,4.78,-0.12,-0.01,1.63
2020-04-14,8.52,9.19,9.30,8.52,165449,151295507.00,9.10,7.23,0.62,7.88
2020-04-15,9.32,9.36,9.51,8.96,198973,184572367.00,5.98,1.85,0.17,9.47
2020-04-16,9.18,10.30,10.30,9.02,259934,255567254.00,13.68,10.04,0.94,12.38
2020-04-17,10.31,9.80,10.95,9.38,347573,349568448.00,15.24,-4.85,-0.50,16.55
2020-04-20,9.29,9.03,9.35,8.92,198652,179949520.00,4.39,-7.86,-0.77,9.46
2020-04-21,8.86,8.51,8.89,8.40,127086,108680795.00,5.43,-5.76,-0.52,6.05
2020-04-22,8.40,8.47,8.48,8.25,65355,54835605.00,2.70,-0.47,-0.04,3.11
2020-04-23,8.52,8.35,8.69,8.30,97651,83142206.00,4.60,-1.42,-0.12,4.65
2020-04-24,8.27,7.96,8.43,7.85,72721,58946964.00,6.95,-4.67,-0.39,3.46
2020-04-27,7.95,7.99,8.10,7.95,33174,26634494.00,1.88,0.38,0.03,1.58
2020-04-28,8.09,7.99,8.14,7.77,36912,29511386.00,4.63,0.00,0.00,1.76
2020-04-29,7.86,7.84,8.04,7.82,26898,21278614.00,2.75,-1.88,-0.15,1.28
2020-04-30,7.89,8.00,8.00,7.85,26080,20688469.00,1.91,2.04,0.16,1.24
2020-05-06,7.88,8.06,8.06,7.88,24524,19599390.00,2.25,0.75,0.06,1.17
2020-05-07,8.06,8.00,8.08,7.98,22259,17869546.00,1.24,-0.74,-0.06,1.06
2020-05-08,8.00,8.04,8.06,8.00,19326,15512024.00,0.75,0.50,0.04,0.92
2020-05-11,8.04,8.17,8.18,8.03,25547,20665542.00,1.87,1.62,0.13,1.22
2020-05-12,8.13,8.14,8.23,8.10,21209,17329253.00,1.59,-0.37,-0.03,1.01
2020-05-13,8.08,8.14,8.15,8.04,14087,11421836.00,1.35,0.00,0.00,0.67
2020-05-14,8.09,8.01,8.09,7.90,23503,18854276.00,2.33,-1.60,-0.13,1.12
2020-05-15,8.06,7.92,8.06,7.91,20886,16667103.00,1.87,-1.12,-0.09,0.99
2020-05-18,8.16,7.93,8.16,7.92,17226,13797265.00,3.03,0.13,0.01,0.82
2020-05-19,8.04,8.00,8.06,7.94,11481,9166952.00,1.51,0.88,0.07,0.55
2020-05-20,7.96,7.97,8.03,7.90,20391,16172363.00,1.63,-0.38,-0.03,0.97
2020-05-21,7.93,8.03,8.04,7.93,19755,15805499.00,1.38,0.75,0.06,0.94
2020-05-22,8.00,8.01,8.02,7.68,17894,14191426.00,4.23,-0.25,-0.02,0.85
2020-05-25,7.99,8.02,8.05,7.96,21402,17109291.00,1.12,0.12,0.01,1.02
2020-05-26,8.04,8.01,8.07,7.96,29289,23437727.00,1.37,-0.12,-0.01,1.39
2020-05-27,8.00,7.89,8.01,7.89,17362,13776587.00,1.50,-1.50,-0.12,0.83
2020-05-28,7.95,7.85,7.95,7.68,24210,18894128.00,3.42,-0.51,-0.04,1.15
2020-05-29,7.79,7.93,7.96,7.79,22945,18111195.00,2.17,1.02,0.08,1.09
2020-06-01,7.97,8.02,8.03,7.90,29377,23437848.00,1.64,1.13,0.09,1.40
2020-06-02,8.07,8.02,8.07,7.99,20064,16112224.00,1.00,0.00,0.00,0.96
2020-06-03,8.06,8.12,8.15,8.03,33323,26956648.00,1.50,1.25,0.10,1.59
2020-06-04,8.12,8.35,8.43,8.09,50377,41738715.00,4.19,2.83,0.23,2.40
2020-06-05,8.25,8.46,8.60,8.25,45435,38444955.00,4.19,1.32,0.11,2.16
2020-06-08,8.53,8.38,8.56,8.33,29924,25155758.00,2.72,-0.95,-0.08,1.42
2020-06-09,8.35,8.29,8.39,8.21,33147,27409688.00,2.15,-1.07,-0.09,1.58
2020-06-10,7.94,7.83,7.98,7.79,26234,20569851.00,2.29,-5.55,-0.46,1.25
2020-06-11,7.89,7.82,7.92,7.79,17674,13869469.00,1.66,-0.13,-0.01,0.84
2020-06-12,7.68,7.79,7.83,7.62,16555,12812591.00,2.69,-0.38,-0.03,0.79
2020-06-15,7.78,7.82,7.89,7.75,14998,11729491.00,1.80,0.39,0.03,0.71
2020-06-16,7.87,7.86,7.90,7.82,16177,12690063.00,1.02,0.51,0.04,0.77
2020-06-17,7.87,7.90,7.91,7.82,16861,13249323.00,1.15,0.51,0.04,0.80
2020-06-18,7.88,7.82,7.92,7.80,18429,14446753.00,1.52,-1.01,-0.08,0.88
2020-06-19,7.85,7.82,7.86,7.80,16345,12784776.00,0.77,0.00,0.00,0.78
2020-06-22,7.82,8.01,8.02,7.78,35578,28082211.00,3.07,2.43,0.19,1.69
2020-06-23,8.00,7.92,8.02,7.91,27884,22185425.00,1.37,-1.12,-0.09,1.33
2020-06-24,7.86,7.79,7.92,7.79,17063,13369521.00,1.64,-1.64,-0.13,0.81
2020-06-29,7.76,7.73,7.78,7.69,14719,11358850.00,1.16,-0.77,-0.06,0.70
2020-06-30,7.72,7.78,7.86,7.72,15481,12068396.00,1.81,0.65,0.05,0.74
2020-07-01,7.77,7.76,7.80,7.64,23822,18381812.00,2.06,-0.26,-0.02,1.13
2020-07-02,7.70,7.81,7.81,7.70,23521,18288645.00,1.42,0.64,0.05,1.12
2020-07-03,7.85,7.85,7.86,7.79,31011,24280770.00,0.90,0.51,0.04,1.48
2020-07-06,7.86,8.16,8.22,7.86,62680,50541059.00,4.59,3.95,0.31,2.98
2020-07-07,8.20,8.17,8.26,8.05,59711,48835331.00,2.57,0.12,0.01,2.84
2020-07-08,8.14,8.39,8.44,8.11,64778,53817953.00,4.04,2.69,0.22,3.08
2020-07-09,8.47,8.55,8.55,8.30,65553,55284019.00,2.98,1.91,0.16,3.12
2020-07-10,8.52,8.33,8.61,8.26,53306,44984386.00,4.09,-2.57,-0.22,2.54
2020-07-13,8.38,8.55,8.60,8.35,59001,50175455.00,3.00,2.64,0.22,2.81
2020-07-14,8.56,8.74,8.75,8.41,67958,58379884.00,3.98,2.22,0.19,3.24
2020-07-15,8.73,8.47,8.81,8.40,59550,50867425.00,4.69,-3.09,-0.27,2.84
2020-07-16,8.49,8.29,8.55,8.26,40711,34141230.00,3.42,-2.13,-0.18,1.94
2020-07-17,8.36,8.34,8.36,8.19,31892,26397593.00,2.05,0.60,0.05,1.52
2020-07-20,8.37,8.87,8.90,8.37,63337,54794473.00,6.35,6.35,0.53,3.02
2020-07-21,9.40,8.72,9.68,8.72,171815,158734013.00,10.82,-1.69,-0.15,8.18
2020-07-22,8.45,8.54,8.62,8.30,87769,74276971.00,3.67,-2.06,-0.18,4.18
2020-07-23,8.33,8.40,8.47,8.20,50127,41844708.00,3.16,-1.64,-0.14,2.39
2020-07-24,8.32,8.28,8.50,8.26,38359,32118882.00,2.86,-1.43,-0.12,1.83
2020-07-27,8.33,8.40,8.48,8.26,36697,30798432.00,2.66,1.45,0.12,1.75
2020-07-28,8.43,8.55,8.63,8.41,42658,36353128.00,2.62,1.79,0.15,2.03
2020-07-29,8.56,8.63,8.65,8.41,35514,30400060.00,2.81,0.94,0.08,1.69
2020-07-30,8.63,8.53,8.66,8.51,30197,25907458.00,1.74,-1.16,-0.10,1.44
2020-07-31,8.54,8.63,8.64,8.50,27308,23430047.00,1.64,1.17,0.10,1.30
2020-08-03,8.68,8.90,8.92,8.66,43766,38532406.00,3.01,3.13,0.27,2.08
2020-08-04,8.93,9.08,9.09,8.81,55504,49629603.00,3.15,2.02,0.18,2.64
2020-08-05,9.09,9.47,9.49,9.04,80455,74807551.00,4.96,4.30,0.39,3.83
2020-08-06,9.41,9.36,9.42,9.25,52164,48704502.00,1.80,-1.16,-0.11,2.48
2020-08-07,9.36,9.44,9.52,9.27,54983,51522760.00,2.67,0.85,0.08,2.62
2020-08-10,9.38,9.33,9.56,9.32,48210,45446529.00,2.54,-1.17,-0.11,2.30
2020-08-11,9.28,9.35,9.38,9.10,54589,50561582.00,3.00,0.21,0.02,2.60
2020-08-12,9.33,9.16,9.33,8.96,35417,32247037.00,3.96,-2.03,-0.19,1.69
2020-08-13,9.19,9.29,9.50,9.18,32004,29790233.00,3.49,1.42,0.13,1.52
2020-08-14,9.40,9.76,9.97,9.19,56200,53667149.00,8.40,5.06,0.47,2.68
2020-08-17,9.70,9.46,9.76,9.45,69008,65975121.00,3.18,-3.07,-0.30,3.29
2020-08-18,9.50,9.22,9.50,9.13,61420,56876778.00,3.91,-2.54,-0.24,2.92
2020-08-19,9.19,9.56,10.14,9.11,105593,101625908.00,11.17,3.69,0.34,5.03
2020-08-20,9.50,9.34,9.50,9.20,55038,51304533.00,3.14,-2.30,-0.22,2.62
2020-08-21,9.54,9.51,9.56,9.32,39897,37666958.00,2.57,1.82,0.17,1.90
2020-08-24,9.58,9.39,9.61,9.26,28803,27009616.00,3.68,-1.26,-0.12,1.37
2020-08-25,9.41,9.91,10.03,9.29,77917,75711451.00,7.88,5.54,0.52,3.71
2020-08-26,9.86,10.21,10.33,9.76,92482,93580272.00,5.75,3.03,0.30,4.40
2020-08-27,10.11,10.11,11.23,10.03,309580,336836672.00,11.75,-0.98,-0.10,14.74
2020-08-28,9.10,9.10,9.10,9.10,24312,22123920.00,0.00,-9.99,-1.01,1.16
2020-08-31,8.19,8.46,8.80,8.19,212282,177720254.00,6.70,-7.03,-0.64,10.11
2020-09-01,8.27,8.27,8.34,8.19,84510,69813764.00,1.77,-2.25,-0.19,4.02
2020-09-02,8.26,8.25,8.43,8.25,75322,62597326.00,2.18,-0.24,-0.02,3.59
2020-09-03,8.26,8.25,8.35,8.18,50420,41677973.00,2.06,0.00,0.00,2.40
2020-09-04,8.19,8.30,8.31,8.10,45803,37703680.00,2.55,0.61,0.05,2.18
2020-09-07,8.31,8.25,8.40,8.22,51339,42620818.00,2.17,-0.60,-0.05,2.44
2020-09-08,8.30,8.34,8.36,8.23,41188,34148226.00,1.58,1.09,0.09,1.96
2020-09-09,8.32,8.28,8.46,8.25,57507,48078770.00,2.52,-0.72,-0.06,2.74
2020-09-10,8.25,8.19,8.33,8.16,56088,46119582.00,2.05,-1.09,-0.09,2.67
2020-09-11,8.26,8.26,8.31,8.17,28998,23894827.00,1.71,0.85,0.07,1.38
2020-09-14,8.38,8.55,8.60,8.23,70452,59524031.00,4.48,3.51,0.29,3.35
2020-09-15,8.59,8.54,8.65,8.42,35042,29984716.00,2.69,-0.12,-0.01,1.67
2020-09-16,8.55,8.62,8.68,8.45,40413,34691901.00,2.69,0.94,0.08,1.92
2020-09-17,8.59,8.54,8.68,8.53,23669,20373819.00,1.74,-0.93,-0.08,1.13
2020-09-18,8.52,8.48,8.61,8.40,29888,25291565.00,2.46,-0.70,-0.06,1.42
2020-09-21,8.46,8.39,8.53,8.30,26610,22378610.00,2.71,-1.06,-0.09,1.27
2020-09-22,8.27,8.08,8.42,7.99,69063,56502009.00,5.13,-3.69,-0.31,3.29
2020-09-23,8.12,8.08,8.36,8.03,65782,53487738.00,4.08,0.00,0.00,3.13
2020-09-24,8.05,7.92,8.09,7.86,41806,33194516.00,2.85,-1.98,-0.16,1.99
2020-09-25,7.95,7.92,7.96,7.82,24543,19371920.00,1.77,0.00,0.00,1.17
2020-09-28,7.92,7.67,7.92,7.62,42014,32462801.00,3.79,-3.16,-0.25,2.00
2020-09-29,7.71,7.70,7.76,7.62,20778,15990414.00,1.83,0.39,0.03,0.99
2020-09-30,7.74,7.84,7.95,7.65,24450,19044938.00,3.90,1.82,0.14,1.16
2020-10-09,7.87,7.98,8.03,7.87,22299,17791980.00,2.04,1.79,0.14,1.06
2020-10-12,7.96,8.12,8.18,7.96,24896,20136537.00,2.76,1.75,0.14,1.19
2020-10-13,8.11,8.15,8.23,8.04,38427,31202114.00,2.34,0.37,0.03,1.83
2020-10-14,8.10,8.09,8.21,8.04,22547,18283647.00,2.09,-0.74,-0.06,1.07
2020-10-15,8.17,8.09,8.18,8.05,17354,14079184.00,1.61,0.00,0.00,0.83
2020-10-16,8.09,8.08,8.15,8.05,12675,10261517.00,1.24,-0.12,-0.01,0.60
2020-10-19,8.13,7.90,8.17,7.84,40408,32330794.00,4.08,-2.23,-0.18,1.92
2020-10-20,7.90,7.97,8.00,7.80,23880,18888868.00,2.53,0.89,0.07,1.14
2020-10-21,7.96,7.84,8.04,7.80,23495,18457479.00,3.01,-1.63,-0.13,1.12
2020-10-22,7.83,7.87,7.93,7.74,27693,21755972.00,2.42,0.38,0.03,1.32
2020-10-23,7.94,7.76,7.97,7.76,16968,13329509.00,2.67,-1.40,-0.11,0.81
2020-10-26,7.76,7.77,7.84,7.71,16758,13026793.00,1.68,0.13,0.01,0.80
2020-10-27,7.75,7.79,7.80,7.72,12093,9390335.00,1.03,0.26,0.02,0.58
2020-10-28,7.80,7.80,7.91,7.67,18317,14254369.00,3.08,0.13,0.01,0.87
2020-10-29,7.78,7.83,7.92,7.71,22064,17319688.00,2.69,0.38,0.03,1.05
2020-10-30,8.01,7.86,8.20,7.84,56567,45189924.00,4.60,0.38,0.03,2.69
2020-11-02,7.84,7.97,7.99,7.71,30103,23773285.00,3.56,1.40,0.11,1.43
2020-11-03,7.94,8.07,8.09,7.94,28051,22531009.00,1.88,1.25,0.10,1.34
2020-11-04,8.11,8.06,8.16,7.98,20945,16907651.00,2.23,-0.12,-0.01,1.00
2020-11-05,8.08,8.14,8.18,8.04,25720,20881948.00,1.74,0.99,0.08,1.22
2020-11-06,8.12,8.14,8.18,8.02,25971,21014983.00,1.97,0.00,0.00,1.24
2020-11-09,8.20,8.23,8.33,8.16,37243,30694851.00,2.09,1.11,0.09,1.77
2020-11-10,8.26,8.31,8.41,8.18,41465,34417027.00,2.79,0.97,0.08,1.97
2020-11-11,8.30,8.25,8.35,8.21,20508,16979093.00,1.68,-0.72,-0.06,0.98
2020-11-12,8.35,8.32,8.35,8.26,15803,13105216.00,1.09,0.85,0.07,0.75
2020-11-13,8.32,8.29,8.38,8.26,19630,16303535.00,1.44,-0.36,-0.03,0.93
2020-11-16,8.29,8.29,8.36,8.26,19292,15999806.00,1.21,0.00,0.00,0.92
2020-11-17,8.32,8.18,8.34,8.09,24629,20209777.00,3.02,-1.33,-0.11,1.17
2020-11-18,8.22,8.32,8.34,8.11,26855,22207935.00,2.81,1.71,0.14,1.28
2020-11-19,8.32,8.33,8.38,8.26,25603,21275845.00,1.44,0.12,0.01,1.22
2020-11-20,8.38,8.32,8.38,8.28,10282,8544550.00,1.20,-0.12,-0.01,0.49
2020-11-23,8.35,8.42,8.43,8.28,25489,21339106.00,1.80,1.20,0.10,1.21
2020-11-24,8.43,8.36,8.45,8.30,19754,16565872.00,1.78,-0.71,-0.06,0.94
2020-11-25,8.41,8.17,8.41,8.16,27345,22672404.00,2.99,-2.27,-0.19,1.30
2020-11-26,8.17,8.22,8.25,8.16,14581,11981311.00,1.10,0.61,0.05,0.69
2020-11-27,8.19,8.31,8.32,8.09,27925,22899794.00,2.80,1.09,0.09,1.33
2020-11-30,8.33,8.21,8.40,8.21,15594,12926978.00,2.29,-1.20,-0.10,0.74
2020-12-01,8.23,8.31,8.35,8.19,16063,13315717.00,1.95,1.22,0.10,0.76
2020-12-02,8.32,8.31,8.34,8.27,12196,10118972.00,0.84,0.00,0.00,0.58
2020-12-03,8.35,8.35,8.38,8.25,21057,17488980.00,1.56,0.48,0.04,1.00
2020-12-04,8.38,8.31,8.39,8.29,10855,9043931.00,1.20,-0.48,-0.04,0.52
2020-12-07,8.32,8.26,8.35,8.20,16422,13584150.00,1.81,-0.60,-0.05,0.78
2020-12-08,8.23,8.20,8.28,8.19,11070,9114198.00,1.09,-0.73,-0.06,0.53
2020-12-09,8.18,8.15,8.22,8.15,15557,12735880.00,0.85,-0.61,-0.05,0.74
2020-12-10,8.12,8.17,8.25,8.09,10589,8643605.00,1.96,0.25,0.02,0.50
2020-12-11,8.16,8.04,8.21,7.87,25745,20611764.00,4.16,-1.59,-0.13,1.23
2020-12-14,8.04,7.98,8.05,7.90,8427,6717448.00,1.87,-0.75,-0.06,0.40
2020-12-15,7.97,7.97,8.03,7.93,5879,4673786.00,1.25,-0.13,-0.01,0.28
2020-12-16,7.98,7.81,8.02,7.78,9718,7639251.00,3.01,-2.01,-0.16,0.46
2020-12-17,7.77,7.86,7.90,7.75,9447,7381599.00,1.92,0.64,0.05,0.45
2020-12-18,7.84,7.87,7.92,7.82,6717,5284420.00,1.27,0.13,0.01,0.32
2020-12-21,7.88,8.00,8.03,7.81,11790,9388429.00,2.80,1.65,0.13,0.56
2020-12-22,7.96,7.92,8.03,7.92,17899,14265887.00,1.38,-1.00,-0.08,0.85
2020-12-23,7.90,7.92,7.96,7.87,5354,4236479.00,1.14,0.00,0.00,0.25
2020-12-24,7.93,7.86,7.96,7.83,8692,6849036.00,1.64,-0.76,-0.06,0.41
2020-12-25,7.85,7.95,7.96,7.76,7583,5985732.00,2.54,1.15,0.09,0.36
2020-12-28,7.95,7.68,7.95,7.56,20554,15913292.00,4.91,-3.40,-0.27,0.98
2020-12-29,7.65,7.73,7.78,7.62,8198,6313671.00,2.08,0.65,0.05,0.39
2020-12-30,7.69,7.76,7.84,7.66,8751,6789745.00,2.33,0.39,0.03,0.42
2020-12-31,7.77,7.85,7.86,7.76,5378,4208256.00,1.29,1.16,0.09,0.26
2021-01-04,7.80,7.88,7.92,7.80,7987,6280942.00,1.53,0.38,0.03,0.38
2021-01-05,7.85,7.86,7.93,7.80,10430,8198178.00,1.65,-0.25,-0.02,0.50
2021-01-06,7.89,7.85,7.94,7.69,16561,12884935.00,3.18,-0.13,-0.01,0.79
2021-01-07,7.80,7.82,7.85,7.60,12727,9836631.00,3.18,-0.38,-0.03,0.61
2021-01-08,7.81,7.72,7.81,7.62,10280,7931774.00,2.43,-1.28,-0.10,0.49
2021-01-11,7.68,7.92,7.98,7.59,23299,18234680.00,5.05,2.59,0.20,1.11
2021-01-12,7.92,8.15,8.15,7.81,31564,25106633.00,4.29,2.90,0.23,1.50
2021-01-13,8.05,8.16,8.17,7.97,43416,35062457.00,2.45,0.12,0.01,2.07
2021-01-14,8.05,8.28,8.32,8.05,35434,28932542.00,3.31,1.47,0.12,1.69
2021-01-15,8.24,8.28,8.32,8.14,29961,24670361.00,2.17,0.00,0.00,1.43
2021-01-18,8.24,8.44,8.50,8.16,36019,29980821.00,4.11,1.93,0.16,1.72
2021-01-19,8.38,8.54,8.57,8.32,49516,41808777.00,2.96,1.18,0.10,2.36
2021-01-20,8.50,8.80,8.81,8.45,59059,51016606.00,4.22,3.04,0.26,2.81
2021-01-21,8.72,8.84,8.98,8.65,71332,62898635.00,3.75,0.45,0.04,3.40
2021-01-22,8.91,8.77,8.91,8.66,62766,55156769.00,2.83,-0.79,-0.07,2.99
2021-01-25,8.75,8.89,9.12,8.38,104503,91769997.00,8.44,1.37,0.12,4.98
2021-01-26,8.73,9.04,9.42,8.60,121811,109853483.00,9.22,1.69,0.15,5.80
2021-01-27,8.96,9.16,9.39,8.83,108476,98971824.00,6.19,1.33,0.12,5.17
2021-01-28,9.09,9.03,9.28,8.90,90390,82240715.00,4.15,-1.42,-0.13,4.30
2021-01-29,8.98,8.13,9.06,8.13,103598,88486639.00,10.30,-9.97,-0.90,4.93
2021-02-01,8.06,8.68,8.87,7.49,109988,91182109.00,16.97,6.77,0.55,5.24
2021-02-02,8.67,8.52,8.96,7.90,109605,92537677.00,12.21,-1.84,-0.16,5.22
2021-02-03,8.39,8.47,9.15,8.26,128851,112003265.00,10.45,-0.59,-0.05,6.14
2021-02-04,8.30,7.67,8.49,7.67,96584,76550722.00,9.68,-9.45,-0.80,4.60
2021-02-05,7.56,7.00,7.62,7.00,62975,45753484.00,8.08,-8.74,-0.67,3.00
2021-02-08,7.02,6.88,7.07,6.82,27175,18866168.00,3.57,-1.71,-0.12,1.29
2021-02-09,6.88,6.94,7.01,6.79,21240,14699318.00,3.20,0.87,0.06,1.01
2021-02-10,6.93,7.06,7.06,6.90,12201,8541414.00,2.31,1.73,0.12,0.58
2021-02-18,7.09,7.19,7.26,7.09,17839,12803782.00,2.41,1.84,0.13,0.85
2021-02-19,7.19,7.32,7.35,7.19,16186,11780360.00,2.23,1.81,0.13,0.77
2021-02-22,7.35,7.30,7.48,7.29,26594,19645049.00,2.60,-0.27,-0.02,1.27
2021-02-23,7.33,7.29,7.37,7.16,19147,13915057.00,2.88,-0.14,-0.01,0.91
2021-02-24,7.25,7.43,7.47,7.25,21234,15726703.00,3.02,1.92,0.14,1.01
2021-02-25,7.43,7.38,7.49,7.33,13933,10292516.00,2.15,-0.67,-0.05,0.66
2021-02-26,7.32,7.32,7.40,7.25,8334,6104968.00,2.03,-0.81,-0.06,0.40
2021-03-01,7.39,7.43,7.48,7.38,13551,10056021.00,1.37,1.50,0.11,0.65
2021-03-02,7.43,7.35,7.47,7.31,9420,6929674.00,2.15,-1.08,-0.08,0.45
2021-03-03,7.30,7.40,7.44,7.30,10824,7972729.00,1.90,0.68,0.05,0.52
2021-03-04,7.38,7.45,7.63,7.34,19196,14415098.00,3.92,0.68,0.05,0.91
2021-03-05,7.43,7.55,7.56,7.42,11339,8517107.00,1.88,1.34,0.10,0.54
2021-03-08,7.63,7.44,7.63,7.43,14219,10679836.00,2.65,-1.46,-0.11,0.68
2021-03-09,7.43,7.32,7.44,7.20,14404,10540293.00,3.23,-1.61,-0.12,0.69
2021-03-10,7.31,7.18,7.31,7.16,12042,8700230.00,2.05,-1.91,-0.14,0.57
2021-03-11,7.17,7.22,7.25,7.12,10904,7846949.00,1.81,0.56,0.04,0.52
2021-03-12,7.24,7.25,7.38,7.13,14228,10315742.00,3.46,0.42,0.03,0.68
2021-03-15,7.20,7.41,7.44,7.20,13877,10206777.00,3.31,2.21,0.16,0.66
2021-03-16,7.39,7.43,7.45,7.35,10702,7926661.00,1.35,0.27,0.02,0.51
2021-03-17,7.43,7.43,7.49,7.40,11466,8519630.00,1.21,0.00,0.00,0.55
2021-03-18,7.43,7.41,7.47,7.38,10741,7961235.00,1.21,-0.27,-0.02,0.51
2021-03-19,7.35,7.40,7.48,7.26,12380,9187270.00,2.97,-0.13,-0.01,0.59
2021-03-22,7.44,7.48,7.49,7.43,10787,8055439.00,0.81,1.08,0.08,0.51
2021-03-23,7.49,7.41,7.50,7.40,8369,6212920.00,1.34,-0.94,-0.07,0.40
2021-03-24,7.40,7.49,7.59,7.39,13184,9865439.00,2.70,1.08,0.08,0.63
2021-03-25,7.48,7.52,7.58,7.40,9186,6882922.00,2.40,0.40,0.03,0.44
2021-03-26,7.48,7.65,7.65,7.41,16548,12443656.00,3.19,1.73,0.13,0.79
2021-03-29,7.58,7.77,7.85,7.57,25239,19486582.00,3.66,1.57,0.12,1.20
2021-03-30,7.71,7.74,7.76,7.59,21557,16539302.00,2.19,-0.39,-0.03,1.03
2021-03-31,7.70,7.83,7.83,7.68,18621,14455040.00,1.94,1.16,0.09,0.89
2021-04-01,7.79,7.89,7.92,7.77,23251,18265050.00,1.92,0.77,0.06,1.11
2021-04-02,7.88,7.76,7.89,7.75,19219,15001333.00,1.77,-1.65,-0.13,0.92
2021-04-06,7.71,7.73,7.79,7.68,11780,9115647.00,1.42,-0.39,-0.03,0.56
2021-04-07,7.79,7.93,7.93,7.71,20184,15846910.00,2.85,2.59,0.20,0.96
2021-04-08,7.92,7.82,7.92,7.73,20343,15946365.00,2.40,-1.39,-0.11,0.97
2021-04-09,7.84,7.79,7.85,7.72,11378,8842964.00,1.66,-0.38,-0.03,0.54
2021-04-12,7.79,7.98,8.02,7.71,28812,22685188.00,3.98,2.44,0.19,1.37
2021-04-13,7.97,7.91,7.99,7.73,37002,29172081.00,3.26,-0.88,-0.07,1.76
2021-04-14,7.82,8.25,8.40,7.75,22445,17799508.00,8.22,4.30,0.34,1.07
2021-04-15,8.06,7.77,8.20,7.74,36495,29054917.00,5.58,-5.82,-0.48,1.74
2021-04-16,7.81,7.85,7.96,7.67,25577,20007189.00,3.73,1.03,0.08,1.22
2021-04-19,7.90,7.96,7.98,7.80,16254,12877889.00,2.29,1.40,0.11,0.77
2021-04-20,8.09,7.81,8.09,7.81,14627,11551800.00,3.52,-1.88,-0.15,0.70
2021-04-21,7.79,7.81,7.87,7.76,10365,8105156.00,1.41,0.00,0.00,0.49
2021-04-22,7.80,7.74,7.86,7.73,17869,13918327.00,1.66,-0.90,-0.07,0.85
2021-04-23,7.76,7.58,7.76,7.52,16896,12824485.00,3.10,-2.07,-0.16,0.80
2021-04-26,7.55,7.57,7.62,7.51,10387,7861077.00,1.45,-0.13,-0.01,0.49
2021-04-27,7.53,7.40,7.53,7.35,11984,8887151.00,2.38,-2.25,-0.17,0.57
2021-04-28,7.46,7.43,7.47,7.35,5588,4142165.00,1.62,0.41,0.03,0.27
2021-04-29,7.45,7.50,7.55,7.40,6095,4561597.00,2.02,0.94,0.07,0.29
2021-04-30,7.50,7.43,7.55,7.35,8239,6116987.00,2.67,-0.93,-0.07,0.39
2021-05-06,7.36,7.46,7.51,7.36,10997,8206968.00,2.02,0.40,0.03,0.52
2021-05-07,7.42,7.51,7.51,7.42,5807,4347743.00,1.21,0.67,0.05,0.28
2021-05-10,7.50,7.49,7.54,7.42,6552,4905643.00,1.60,-0.27,-0.02,0.31
2021-05-11,7.49,7.45,7.50,7.40,8286,6159773.00,1.34,-0.53,-0.04,0.39
2021-05-12,7.40,7.51,7.53,7.36,6107,4554448.00,2.28,0.81,0.06,0.29
2021-05-13,7.45,7.47,7.52,7.43,7690,5747352.00,1.20,-0.53,-0.04,0.37
2021-05-14,7.42,7.55,7.58,7.42,9115,6871512.00,2.14,1.07,0.08,0.43
2021-05-17,7.54,7.37,7.55,7.34,13766,10185886.00,2.78,-2.38,-0.18,0.66
2021-05-18,7.30,7.37,7.42,7.28,6994,5123543.00,1.90,0.00,0.00,0.33
2021-05-19,7.31,7.37,7.40,7.29,7267,5320629.00,1.49,0.00,0.00,0.35
2021-05-20,7.30,7.45,7.55,7.30,9849,7306345.00,3.39,1.09,0.08,0.47
2021-05-21,7.38,7.41,7.45,7.37,5229,3870917.00,1.07,-0.54,-0.04,0.25
2021-05-24,7.40,7.51,7.56,7.34,11537,8621267.00,2.97,1.35,0.10,0.55
2021-05-25,7.47,7.51,7.52,7.05,11742,8713597.00,6.26,0.00,0.00,0.56
2021-05-26,7.49,7.53,7.57,7.45,13078,9827681.00,1.60,0.27,0.02,0.62
2021-05-27,7.50,7.69,7.75,7.50,17365,13341337.00,3.32,2.12,0.16,0.83
2021-05-28,7.68,7.59,7.74,7.58,12546,9578149.00,2.08,-1.30,-0.10,0.60
2021-05-31,7.73,7.64,7.73,7.57,9492,7232336.00,2.11,0.66,0.05,0.45
2021-06-01,7.64,7.61,7.65,7.57,8227,6256213.00,1.05,-0.39,-0.03,0.39
2021-06-02,7.56,7.82,7.88,7.56,27912,21680897.00,4.20,2.76,0.21,1.33
2021-06-03,7.82,7.87,7.92,7.74,19302,15129219.00,2.30,0.64,0.05,0.92
2021-06-04,7.81,8.07,8.17,7.81,30736,24757838.00,4.57,2.54,0.20,1.46
2021-06-07,8.07,8.10,8.20,8.01,21075,17062500.00,2.35,0.37,0.03,1.00
2021-06-08,8.11,8.18,8.30,8.10,21825,17849431.00,2.47,0.99,0.08,1.04
2021-06-09,8.16,8.32,8.33,8.07,21984,18037769.00,3.18,1.71,0.14,1.05
2021-06-10,8.49,8.32,8.57,8.22,43567,36619030.00,4.21,0.00,0.00,2.07
2021-06-11,8.36,8.09,8.36,8.00,28997,23638202.00,4.33,-2.76,-0.23,1.38
2021-06-15,8.09,8.12,8.15,7.91,19630,15808608.00,2.97,0.37,0.03,0.93
2021-06-16,8.12,8.04,8.19,8.01,13752,11118828.00,2.22,-0.99,-0.08,0.65
2021-06-17,8.04,8.08,8.19,8.01,10630,8596582.00,2.24,0.50,0.04,0.51
2021-06-18,8.08,8.04,8.12,7.96,11662,9383344.00,1.98,-0.50,-0.04,0.56
2021-06-21,8.06,7.95,8.19,7.91,16400,13114470.00,3.48,-1.12,-0.09,0.78
2021-06-22,7.96,8.26,8.33,7.95,28986,23769534.00,4.78,3.90,0.31,1.38
2021-06-23,8.29,8.23,8.45,8.18,17120,14191993.00,3.27,-0.36,-0.03,0.82
2021-06-24,8.19,8.15,8.25,8.13,13147,10764063.00,1.46,-0.97,-0.08,0.63
2021-06-25,8.12,8.09,8.14,8.06,10760,8710520.00,0.98,-0.74,-0.06,0.51
2021-06-28,8.09,8.01,8.13,7.96,11988,9600968.00,2.10,-0.99,-0.08,0.57
2021-06-29,8.01,7.92,8.08,7.91,10184,8115166.00,2.12,-1.12,-0.09,0.48
2021-06-30,7.93,7.95,8.00,7.87,9994,7946051.00,1.64,0.38,0.03,0.48
2021-07-01,8.02,7.84,8.02,7.73,9413,7427809.00,3.65,-1.38,-0.11,0.45
2021-07-02,7.83,7.73,7.89,7.68,11840,9181328.00,2.68,-1.40,-0.11,0.56
2021-07-05,7.73,7.92,7.93,7.68,10809,8434197.00,3.23,2.46,0.19,0.51
2021-07-06,7.92,7.90,8.03,7.85,7543,5986227.00,2.27,-0.25,-0.02,0.36
2021-07-07,7.87,7.97,8.03,7.87,9063,7234751.00,2.03,0.89,0.07,0.43
2021-07-08,7.98,7.84,7.98,7.77,11369,8925679.00,2.63,-1.63,-0.13,0.54
2021-07-09,7.72,7.89,7.94,7.68,10249,8033545.00,3.32,0.64,0.05,0.49
2021-07-12,7.92,7.97,8.03,7.89,11017,8746245.00,1.77,1.01,0.08,0.52
2021-07-13,8.02,8.04,8.04,7.92,10243,8168206.00,1.51,0.88,0.07,0.49
2021-07-14,8.03,8.00,8.11,7.95,14873,11914514.00,1.99,-0.50,-0.04,0.71
2021-07-15,7.96,7.85,8.06,7.82,10641,8386286.00,3.00,-1.88,-0.15,0.51
2021-07-16,7.83,7.87,7.99,7.75,14570,11499483.00,3.06,0.25,0.02,0.69
