2017-06-21,24.82,24.82,24.82,24.82,17,42194.00,0.00,10.02,2.26,0.01
2017-06-22,27.30,27.30,27.30,27.30,12,32760.00,0.00,9.99,2.48,0.01
2017-06-23,30.03,30.03,30.03,30.03,58,174174.00,0.00,10.00,2.73,0.04
2017-06-26,33.03,33.03,33.03,33.03,95,313785.00,0.00,9.99,3.00,0.07
2017-06-27,36.33,36.33,36.33,36.33,192,698407.00,0.00,9.99,3.30,0.14
2017-06-28,39.96,39.96,39.96,39.96,662,2645431.00,0.00,9.99,3.63,0.50
2017-06-29,43.96,43.96,43.96,43.96,647,2844212.00,0.00,10.01,4.00,0.49
2017-06-30,48.36,48.36,48.36,48.36,1165,5633940.00,0.00,10.01,4.40,0.87
2017-07-03,49.81,50.01,52.00,49.21,84427,422604528.00,5.77,3.41,1.65,63.32
2017-07-04,50.00,52.49,54.50,49.80,75204,388511904.00,9.40,4.96,2.48,56.40
2017-07-05,51.25,53.60,54.75,50.58,63798,335557088.00,7.94,2.11,1.11,47.85
2017-07-06,54.18,56.40,56.50,52.80,59780,326080864.00,6.90,5.22,2.80,44.83
2017-07-07,55.42,54.75,57.09,54.32,53427,296884576.00,4.91,-2.93,-1.65,40.07
2017-07-10,53.20,51.41,53.61,50.92,38574,201838147.00,4.91,-6.10,-3.34,28.93
2017-07-11,51.12,50.70,51.96,50.30,20693,105738012.00,3.23,-1.38,-0.71,15.52
2017-07-12,50.70,52.15,52.34,49.53,34439,176756932.00,5.54,2.86,1.45,25.83
2017-07-13,51.30,48.60,51.54,48.40,34495,171428715.00,6.02,-6.81,-3.55,25.87
2017-07-14,48.54,48.84,49.69,48.22,20758,101782875.00,3.02,0.49,0.24,15.57
2017-07-17,47.91,43.96,47.98,43.96,24246,109184947.00,8.23,-9.99,-4.88,18.18
2017-07-18,43.50,43.80,44.60,43.08,16430,72143204.00,3.46,-0.36,-0.16,12.32
2017-07-19,43.13,42.66,43.70,41.65,21537,91659024.00,4.68,-2.60,-1.14,16.15
2017-07-20,42.81,41.75,43.74,41.75,22452,96133502.00,4.66,-2.13,-0.91,16.84
2017-07-21,42.50,44.20,45.78,42.00,33235,144812755.00,9.05,5.87,2.45,24.93
2017-07-24,44.00,45.85,46.93,42.62,31831,143054124.00,9.75,3.73,1.65,23.87
2017-07-25,46.50,45.19,47.88,45.19,29435,137355268.00,5.87,-1.44,-0.66,22.08
2017-07-26,45.27,44.95,46.59,44.60,21435,97331443.00,4.40,-0.53,-0.24,16.08
2017-07-27,44.66,46.85,47.50,43.63,29509,134363479.00,8.61,4.23,1.90,22.13
2017-07-28,46.25,46.27,47.45,45.66,23769,110332358.00,3.82,-1.24,-0.58,17.83
2017-07-31,46.84,45.79,47.49,45.60,13546,62909656.00,4.08,-1.04,-0.48,10.16
2017-08-01,45.33,45.15,45.80,44.02,15904,71430370.00,3.89,-1.40,-0.64,11.93
2017-08-02,45.15,43.85,45.15,43.85,10963,48555333.00,2.88,-2.88,-1.30,8.22
2017-08-03,43.49,43.58,44.65,43.30,10312,45291225.00,3.08,-0.62,-0.27,7.73
2017-08-04,43.50,43.08,43.79,42.81,10506,45392486.00,2.25,-1.15,-0.50,7.88
2017-08-07,43.31,43.55,44.40,43.15,6710,29365663.00,2.90,1.09,0.47,5.03
2017-08-08,43.11,42.75,43.50,42.14,9018,38523676.00,3.12,-1.84,-0.80,6.76
2017-08-09,42.69,42.85,43.37,42.52,5915,25348720.00,1.99,0.23,0.10,4.44
2017-08-10,43.00,42.39,43.06,41.61,10130,42764259.00,3.38,-1.07,-0.46,7.60
2017-08-11,41.99,41.35,42.00,41.31,5874,24495424.00,1.63,-2.45,-1.04,4.41
2017-08-14,41.35,41.98,41.99,41.04,8818,36784262.00,2.30,1.52,0.63,6.61
2017-08-15,42.08,43.40,43.86,41.99,11417,49065213.00,4.45,3.38,1.42,8.56
2017-08-16,43.88,44.33,44.86,43.51,15100,66994516.00,3.11,2.14,0.93,11.32
2017-08-17,44.07,43.96,44.27,43.38,8686,38138502.00,2.01,-0.83,-0.37,6.51
2017-08-18,43.91,43.17,43.91,42.96,6044,26238473.00,2.16,-1.80,-0.79,4.53
2017-08-21,43.45,45.01,45.45,43.45,12892,57560302.00,4.63,4.26,1.84,9.67
2017-08-22,44.79,45.30,45.75,44.60,13275,59924704.00,2.55,0.64,0.29,9.96
2017-08-23,44.80,46.50,49.50,43.50,27657,125635195.00,13.25,2.65,1.20,20.74
2017-08-24,46.14,44.95,47.69,44.81,23904,110676142.00,6.19,-3.33,-1.55,17.93
2017-08-25,44.59,46.33,46.79,44.28,19289,88124450.00,5.58,3.07,1.38,14.47
2017-08-28,47.00,50.00,50.96,47.00,35536,174349298.00,8.55,7.92,3.67,26.65
2017-08-29,49.00,51.72,55.00,48.36,54385,285662064.00,13.28,3.44,1.72,40.79
2017-08-30,50.35,51.79,53.25,49.90,39881,205830821.00,6.48,0.14,0.07,29.91
2017-08-31,51.57,53.16,54.78,51.57,38427,204589430.00,6.20,2.65,1.37,28.82
2017-09-01,53.25,51.70,54.00,50.42,31339,162804163.00,6.73,-2.75,-1.46,23.50
2017-09-04,51.00,49.93,51.48,49.42,21705,109013858.00,3.98,-3.42,-1.77,16.28
2017-09-05,49.92,50.13,51.12,49.60,16315,82505705.00,3.04,0.40,0.20,12.24
2017-09-06,50.00,50.27,50.60,48.70,13077,64791751.00,3.79,0.28,0.14,9.81
2017-09-07,50.27,51.97,52.76,50.01,25115,130190080.00,5.47,3.38,1.70,18.84
2017-09-08,52.00,50.45,52.18,49.73,18624,94484846.00,4.71,-2.92,-1.52,13.97
2017-09-11,50.47,53.28,53.50,50.10,24400,127110419.00,6.74,5.61,2.83,18.30
2017-09-12,53.27,51.01,53.27,50.80,19147,99341082.00,4.64,-4.26,-2.27,14.36
2017-09-13,51.08,53.30,53.46,50.59,22447,117625829.00,5.63,4.49,2.29,16.84
2017-09-14,53.00,53.83,54.68,52.80,23709,127167345.00,3.53,0.99,0.53,17.78
2017-09-15,53.30,54.68,57.00,53.30,32705,181085903.00,6.87,1.58,0.85,24.53
2017-09-18,53.45,52.45,53.94,50.50,23056,120158096.00,6.29,-4.08,-2.23,17.29
2017-09-19,52.06,51.70,53.30,51.05,17504,91435293.00,4.29,-1.43,-0.75,13.13
2017-09-20,51.71,52.20,52.39,50.79,13502,69801441.00,3.09,0.97,0.50,10.13
2017-09-21,52.01,51.37,52.88,51.31,11408,59303457.00,3.01,-1.59,-0.83,8.56
2017-09-22,51.37,52.42,53.12,50.67,15457,80456118.00,4.77,2.04,1.05,11.59
2017-09-25,52.09,52.66,53.99,52.09,15826,84345230.00,3.62,0.46,0.24,11.87
2017-09-26,52.27,49.80,52.87,49.20,19874,99982060.00,6.97,-5.43,-2.86,14.91
2017-09-27,49.61,50.38,50.65,49.29,7815,39183498.00,2.73,1.16,0.58,5.86
2017-09-28,50.05,50.70,50.99,49.95,8454,42627636.00,2.06,0.64,0.32,6.34
2017-09-29,50.50,50.60,51.97,50.35,7385,37745225.00,3.20,-0.20,-0.10,5.54
2017-10-09,51.49,50.86,51.49,50.53,8569,43598094.00,1.90,0.51,0.26,6.43
2017-10-10,50.86,52.80,53.17,50.52,16781,87216490.00,5.21,3.81,1.94,12.59
2017-10-11,52.51,51.68,53.39,51.20,13100,68236616.00,4.15,-2.12,-1.12,9.82
2017-10-12,51.89,52.16,52.39,51.18,8964,46516596.00,2.34,0.93,0.48,6.72
2017-10-13,52.35,53.55,54.63,52.10,17188,92122712.00,4.85,2.66,1.39,12.89
2017-10-16,53.55,51.40,54.24,50.79,17245,89851447.00,6.44,-4.01,-2.15,12.93
2017-10-17,51.21,54.26,55.55,51.05,24117,129669638.00,8.75,5.56,2.86,18.09
2017-10-18,53.52,53.09,54.56,52.18,17151,91920551.00,4.39,-2.16,-1.17,12.86
2017-10-19,52.98,56.09,58.28,52.52,37490,208282876.00,10.85,5.65,3.00,28.12
2017-10-20,55.77,57.75,58.79,55.09,31440,179125848.00,6.60,2.96,1.66,23.58
2017-10-23,57.00,57.60,58.57,56.35,22236,127705486.00,3.84,-0.26,-0.15,16.68
2017-10-24,57.00,58.15,60.55,56.33,32725,191762683.00,7.33,0.95,0.55,24.54
2017-10-25,58.17,60.95,61.55,57.67,33192,197579114.00,6.67,4.82,2.80,24.89
2017-10-26,60.77,60.50,60.77,59.17,22113,132307414.00,2.63,-0.74,-0.45,16.58
2017-10-27,60.00,58.70,61.03,58.11,17996,106017800.00,4.83,-2.98,-1.80,13.50
2017-10-30,57.88,54.76,57.99,54.28,21565,119381925.00,6.32,-6.71,-3.94,16.17
2017-10-31,54.95,56.68,57.00,54.89,15784,88642876.00,3.85,3.51,1.92,11.84
2017-11-01,56.65,59.44,60.99,56.15,26710,156369454.00,8.54,4.87,2.76,20.03
2017-11-02,59.61,58.00,60.15,57.40,22060,129405573.00,4.63,-2.42,-1.44,16.54
2017-11-03,58.25,58.10,59.00,57.21,14550,84546350.00,3.09,0.17,0.10,10.91
2017-11-06,58.72,59.26,59.40,58.20,13778,81224121.00,2.07,2.00,1.16,10.33
2017-11-07,58.80,58.18,58.89,56.64,15398,88792023.00,3.80,-1.82,-1.08,11.55
2017-11-08,58.04,57.45,58.78,57.31,14049,81342923.00,2.53,-1.25,-0.73,10.54
2017-11-09,56.92,57.99,58.00,56.01,13432,76535365.00,3.46,0.94,0.54,10.07
2017-11-10,58.37,59.79,62.01,58.37,32327,194542915.00,6.28,3.10,1.80,24.25
2017-11-13,60.80,62.03,62.50,59.03,27211,166868105.00,5.80,3.75,2.24,20.41
2017-11-14,61.90,61.15,62.99,59.70,25180,153962477.00,5.30,-1.42,-0.88,18.89
2017-11-15,60.80,62.60,62.80,59.70,26119,160161685.00,5.07,2.37,1.45,19.59
2017-11-16,61.98,57.87,62.28,57.87,25455,152604241.00,7.04,-7.56,-4.73,19.09
2017-11-17,57.58,53.50,57.69,53.50,20798,114896881.00,7.24,-7.55,-4.37,15.60
2017-11-20,53.33,54.95,55.00,51.53,10156,54899094.00,6.49,2.71,1.45,7.62
2017-11-21,54.91,53.00,54.96,50.01,16564,86798237.00,9.01,-3.55,-1.95,12.42
2017-11-22,52.32,52.00,53.67,51.05,9134,47837726.00,4.94,-1.89,-1.00,6.85
2017-11-23,52.01,50.36,52.30,50.01,6973,35581634.00,4.40,-3.15,-1.64,5.23
2017-11-24,49.68,49.95,50.96,49.68,5466,27533723.00,2.54,-0.81,-0.41,4.10
2017-11-27,49.09,46.35,49.82,46.01,10039,48017695.00,7.63,-7.21,-3.60,7.53
2017-11-28,46.53,47.44,47.76,46.50,7040,33238205.00,2.72,2.35,1.09,5.28
2017-11-29,47.44,47.04,47.80,45.20,6353,29798877.00,5.48,-0.84,-0.40,4.76
2017-11-30,47.48,47.09,48.08,46.79,5383,25551623.00,2.74,0.11,0.05,4.04
2017-12-01,47.09,47.77,47.90,46.62,4851,23065998.00,2.72,1.44,0.68,3.64
2017-12-04,45.92,42.99,46.97,42.99,14977,66406338.00,8.33,-10.01,-4.78,11.23
2017-12-05,43.00,40.89,43.47,40.35,10342,43301414.00,7.26,-4.88,-2.10,7.76
2017-12-06,40.79,41.80,42.28,40.38,8691,35952423.00,4.65,2.23,0.91,6.52
2017-12-07,41.52,41.64,42.04,41.00,6871,28514285.00,2.49,-0.38,-0.16,5.15
2017-12-08,41.88,43.15,43.88,41.40,10091,43335904.00,5.96,3.63,1.51,7.57
2017-12-11,43.15,43.40,44.20,43.01,7011,30530325.00,2.76,0.58,0.25,5.26
2017-12-12,43.40,41.99,43.40,41.98,6135,26062886.00,3.27,-3.25,-1.41,4.60
2017-12-13,42.12,43.00,43.14,41.90,5891,25229098.00,2.95,2.41,1.01,4.42
2017-12-14,43.09,43.80,43.97,42.81,7420,32288423.00,2.70,1.86,0.80,5.57
2017-12-15,43.77,42.66,43.77,42.11,5655,24308244.00,3.79,-2.60,-1.14,4.24
2017-12-18,42.67,41.70,42.95,40.51,5105,21326527.00,5.72,-2.25,-0.96,3.83
2017-12-19,41.93,42.55,42.85,41.61,4408,18724867.00,2.97,2.04,0.85,3.31
2017-12-20,42.68,41.60,42.87,41.33,3846,16196656.00,3.62,-2.23,-0.95,2.88
2017-12-21,41.80,42.40,42.83,41.59,7421,31415667.00,2.98,1.92,0.80,5.57
2017-12-22,42.11,42.45,43.28,42.11,4967,21165006.00,2.76,0.12,0.05,3.72
2017-12-25,42.30,42.11,42.77,41.40,4856,20349131.00,3.23,-0.80,-0.34,3.64
2017-12-26,41.80,43.44,43.88,41.80,10125,43585716.00,4.94,3.16,1.33,7.59
2017-12-27,43.45,43.10,43.95,42.78,9740,42235933.00,2.69,-0.78,-0.34,7.31
2017-12-28,43.00,43.49,44.08,42.61,7407,32240018.00,3.41,0.90,0.39,5.56
2017-12-29,47.84,47.84,47.84,47.84,7861,37607024.00,0.00,10.00,4.35,5.90
2018-01-02,48.30,46.92,49.15,46.71,24506,117680021.00,5.10,-1.92,-0.92,18.38
2018-01-03,49.55,51.61,51.61,49.55,16083,82726476.00,4.39,10.00,4.69,12.06
2018-01-04,56.77,56.77,56.77,56.77,2388,13557186.00,0.00,10.00,5.16,1.79
2018-01-05,62.45,62.45,62.45,62.45,23369,145937718.00,0.00,10.01,5.68,17.53
2018-01-08,64.97,63.35,68.60,62.45,75540,485453136.00,9.85,1.44,0.90,56.65
2018-01-09,60.67,62.14,62.99,60.03,44707,274473696.00,4.67,-1.91,-1.21,33.53
2018-01-10,63.00,60.00,63.50,58.83,40447,249016178.00,7.52,-3.44,-2.14,30.33
2018-01-11,57.00,60.27,61.58,56.02,41375,241994427.00,9.27,0.45,0.27,31.03
2018-01-12,59.11,57.40,62.44,57.40,35983,215545105.00,8.36,-4.76,-2.87,26.99
2018-01-15,55.38,53.82,56.29,53.05,36892,200469440.00,5.64,-6.24,-3.58,27.67
2018-01-16,54.21,54.80,55.81,53.60,28338,155017389.00,4.11,1.82,0.98,21.25
2018-01-17,53.86,55.22,56.14,51.62,34632,185760209.00,8.25,0.77,0.42,25.97
2018-01-18,54.66,54.30,55.19,53.01,24027,129968480.00,3.95,-1.67,-0.92,18.02
2018-01-19,54.00,54.90,56.83,53.47,31304,173011025.00,6.19,1.10,0.60,23.48
2018-01-22,54.00,55.02,56.77,53.38,27340,151195687.00,6.17,0.22,0.12,20.50
2018-01-23,54.38,52.20,55.26,52.01,27475,146538278.00,5.91,-5.13,-2.82,20.61
2018-01-24,52.89,53.69,54.96,51.51,23502,125449243.00,6.61,2.85,1.49,17.63
2018-01-25,53.14,52.70,55.26,52.70,21482,115991996.00,4.77,-1.84,-0.99,16.11
2018-01-26,52.50,51.26,53.80,51.20,18018,94481412.00,4.93,-2.73,-1.44,13.51
2018-01-29,52.20,52.30,52.70,50.51,13193,68325651.00,4.27,2.03,1.04,9.89
2018-01-30,52.93,50.63,52.93,50.50,12069,61826183.00,4.65,-3.19,-1.67,9.05
2018-01-31,50.03,46.50,50.03,46.10,19732,94167891.00,7.76,-8.16,-4.13,14.80
2018-02-01,46.68,46.36,47.61,46.01,14345,67220989.00,3.44,-0.30,-0.14,10.76
2018-02-02,45.88,44.29,45.89,43.08,11500,51202637.00,6.06,-4.47,-2.07,8.62
2018-02-05,43.50,44.20,45.00,43.02,7254,32059919.00,4.47,-0.20,-0.09,5.44
2018-02-06,42.08,39.78,42.89,39.78,13154,54555102.00,7.04,-10.00,-4.42,9.87
2018-02-07,41.50,40.59,41.58,39.22,11622,47195651.00,5.93,2.04,0.81,8.72
2018-02-08,40.10,41.46,41.90,40.10,8835,36500329.00,4.43,2.14,0.87,6.63
2018-02-09,39.99,40.30,41.19,39.30,9032,36349144.00,4.56,-2.80,-1.16,6.77
2018-02-12,41.00,42.06,42.80,40.74,9725,40662322.00,5.11,4.37,1.76,7.29
2018-02-13,42.00,43.38,46.27,41.71,20570,91375759.00,10.84,3.14,1.32,15.43
2018-02-14,43.38,42.80,43.42,41.96,9975,42557107.00,3.37,-1.34,-0.58,7.48
2018-02-22,43.05,44.13,44.88,42.72,12238,53730837.00,5.05,3.11,1.33,9.18
2018-02-23,46.27,45.33,48.54,45.30,22953,107594444.00,7.34,2.72,1.20,17.21
2018-02-26,46.49,46.65,46.88,44.90,19771,90983947.00,4.37,2.91,1.32,14.83
2018-02-27,46.17,46.26,46.49,45.85,13463,62171314.00,1.37,-0.84,-0.39,10.10
2018-02-28,45.41,45.36,45.92,44.20,11071,50060156.00,3.72,-1.95,-0.90,8.30
2018-03-01,44.69,45.82,45.90,44.45,9264,42109854.00,3.20,1.01,0.46,6.95
2018-03-02,45.26,46.26,46.66,45.20,13429,61833240.00,3.19,0.96,0.44,10.07
2018-03-05,46.10,46.27,46.48,45.62,9723,44808681.00,1.86,0.02,0.01,7.29
2018-03-06,46.10,46.78,48.48,46.10,16918,79889736.00,5.14,1.10,0.51,12.69
2018-03-07,46.69,47.22,47.68,46.12,14085,66168122.00,3.33,0.94,0.44,10.56
2018-03-08,46.50,51.94,51.94,46.50,30479,152917631.00,11.52,10.00,4.72,22.86
2018-03-09,57.13,57.13,57.13,56.88,36953,211106452.00,0.48,9.99,5.19,27.71
2018-03-12,57.01,57.18,57.33,55.08,53143,299774736.00,3.94,0.09,0.05,39.86
2018-03-13,57.00,52.80,57.00,52.50,36755,199449156.00,7.87,-7.66,-4.38,27.57
2018-03-14,53.59,53.26,54.55,52.55,31096,166593963.00,3.79,0.87,0.46,23.32
2018-03-15,51.10,49.90,52.39,48.47,24813,124939418.00,7.36,-6.31,-3.36,18.61
2018-03-16,49.91,50.52,51.00,49.18,16756,84534316.00,3.65,1.24,0.62,12.57
2018-03-19,50.80,51.55,52.50,49.15,18152,92862285.00,6.63,2.04,1.03,13.61
2018-03-20,50.70,52.89,54.28,50.02,25851,134937552.00,8.26,2.60,1.34,19.39
2018-03-21,53.00,50.30,53.20,50.30,18888,98155882.00,5.48,-4.90,-2.59,14.17
2018-03-22,50.01,50.37,51.50,49.99,13541,68657636.00,3.00,0.14,0.07,10.16
2018-03-23,47.98,45.33,48.48,45.33,20778,96882880.00,6.25,-10.01,-5.04,15.58
2018-03-26,44.31,47.33,48.01,43.02,19270,88395545.00,11.01,4.41,2.00,14.45
2018-03-27,47.50,48.67,49.40,47.03,17709,85859153.00,5.01,2.83,1.34,13.28
2018-03-28,47.61,52.55,53.54,47.34,40078,209215856.00,12.74,7.97,3.88,30.06
2018-03-29,51.76,52.58,53.89,49.63,35005,180244078.00,8.11,0.06,0.03,26.25
2018-03-30,52.28,53.06,55.42,51.89,30869,165213650.00,6.71,0.91,0.48,23.15
2018-04-02,52.13,53.03,53.85,51.07,27019,142318102.00,5.24,-0.06,-0.03,20.26
2018-04-03,51.58,51.52,52.33,50.83,17831,91945824.00,2.83,-2.85,-1.51,13.37
2018-04-04,51.96,52.12,53.58,51.55,21311,112277281.00,3.94,1.16,0.60,15.98
2018-04-09,50.18,52.50,52.93,50.05,15910,81778261.00,5.53,0.73,0.38,11.93
2018-04-10,52.99,52.56,53.43,51.43,17013,89266404.00,3.81,0.11,0.06,12.76
2018-04-11,52.70,53.38,53.97,52.70,22804,121787987.00,2.42,1.56,0.82,17.10
2018-04-12,53.34,54.50,55.54,52.97,27322,148703997.00,4.81,2.10,1.12,20.49
2018-04-13,54.44,52.50,54.44,52.33,16842,89933589.00,3.87,-3.67,-2.00,12.63
2018-04-16,51.71,52.44,53.20,51.50,9288,48655174.00,3.24,-0.11,-0.06,6.97
2018-04-17,52.96,51.65,53.97,51.60,13398,70859244.00,4.52,-1.51,-0.79,10.05
2018-04-18,50.80,50.75,51.88,47.77,16130,79934196.00,7.96,-1.74,-0.90,12.10
2018-04-19,50.60,52.32,54.98,50.20,17636,91900059.00,9.42,3.09,1.57,13.23
2018-04-20,51.33,52.83,53.49,50.00,21663,113849213.00,6.67,0.97,0.51,16.25
2018-04-23,53.80,53.30,54.80,51.31,22765,120372759.00,6.61,0.89,0.47,17.07
2018-04-24,53.73,56.60,56.60,53.00,35567,195159950.00,6.75,6.19,3.30,26.67
2018-04-25,55.00,55.15,55.55,53.90,28291,154884922.00,2.92,-2.56,-1.45,21.22
2018-04-26,54.11,50.62,54.59,50.60,21269,111187273.00,7.23,-8.21,-4.53,15.95
2018-04-27,50.80,50.98,51.36,49.51,9821,49768267.00,3.65,0.71,0.36,7.37
2018-05-02,50.90,49.24,51.50,48.50,10081,50645379.00,5.88,-3.41,-1.74,7.56
2018-05-03,48.95,49.95,50.50,47.40,10902,53192424.00,6.30,1.44,0.71,8.18
2018-05-04,49.89,48.70,49.96,48.63,7566,37215088.00,2.66,-2.50,-1.25,5.67
2018-05-07,48.93,50.00,50.26,48.91,7842,39022092.00,2.77,2.67,1.30,5.88
2018-05-08,50.01,50.93,51.16,50.00,9439,47878944.00,2.32,1.86,0.93,7.08
2018-05-09,50.93,50.96,51.32,50.32,7712,39252575.00,1.96,0.06,0.03,5.78
2018-05-10,51.14,53.10,53.46,50.56,18707,97558614.00,5.69,4.20,2.14,14.03
2018-05-11,53.10,51.67,53.10,51.65,12293,64133107.00,2.73,-2.69,-1.43,9.22
2018-05-14,51.63,50.51,52.15,50.15,7515,38475725.00,3.87,-2.25,-1.16,5.64
2018-05-15,51.20,52.20,52.51,50.71,9433,48882617.00,3.56,3.35,1.69,7.07
2018-05-16,51.81,51.23,52.45,51.08,7984,41357936.00,2.62,-1.86,-0.97,5.99
2018-05-17,51.60,51.60,51.85,50.63,8311,42518849.00,2.38,0.72,0.37,6.23
2018-05-18,51.60,52.74,52.88,50.91,13881,72509333.00,3.82,2.21,1.14,10.41
2018-05-21,52.83,53.26,53.65,52.42,14241,75602104.00,2.33,0.99,0.52,10.68
2018-05-22,53.09,54.32,55.60,52.73,22770,123372141.00,5.39,1.99,1.06,17.08
2018-05-23,53.49,52.90,53.95,52.90,14336,76545019.00,1.93,-2.61,-1.42,10.75
2018-05-24,52.77,53.14,53.48,52.40,9794,51910091.00,2.04,0.45,0.24,7.35
2018-05-25,52.80,54.55,55.15,52.77,24258,131915913.00,4.48,2.65,1.41,18.19
2018-05-28,55.29,52.66,55.39,52.66,16117,86709760.00,5.00,-3.46,-1.89,12.09
2018-05-29,51.56,50.64,51.95,50.60,14151,72522179.00,2.56,-3.84,-2.02,10.61
2018-05-30,49.00,46.70,49.45,46.50,13150,63421935.00,5.83,-7.78,-3.94,9.86
2018-05-31,47.31,47.99,48.48,47.30,5709,27301729.00,2.53,2.76,1.29,4.28
2018-06-01,47.84,47.41,48.78,47.12,5750,27573611.00,3.46,-1.21,-0.58,4.31
2018-06-04,47.80,48.11,48.50,47.40,3857,18491814.00,2.32,1.48,0.70,2.89
2018-06-05,48.38,49.20,49.29,47.91,6575,32125038.00,2.87,2.27,1.09,4.93
2018-06-06,49.21,49.41,49.80,49.03,6183,30540708.00,1.57,0.43,0.21,4.64
2018-06-07,49.41,48.39,49.59,48.38,5752,28102184.00,2.45,-2.06,-1.02,4.31
2018-06-08,49.00,49.05,49.41,48.28,6974,34132015.00,2.34,1.36,0.66,5.23
2018-06-11,49.38,48.72,49.38,48.20,5013,24461583.00,2.41,-0.67,-0.33,3.76
2018-06-12,48.72,48.66,49.17,46.60,6711,32228054.00,5.28,-0.12,-0.06,5.03
2018-06-13,47.50,47.09,48.38,46.85,5139,24512117.00,3.14,-3.23,-1.57,3.85
2018-06-14,47.00,47.50,47.99,46.83,4200,19963939.00,2.46,0.87,0.41,3.15
2018-06-15,47.13,44.60,47.68,44.50,8705,39710346.00,6.69,-6.11,-2.90,6.53
2018-06-19,43.20,40.75,44.61,40.14,8453,35242571.00,10.02,-8.63,-3.85,6.34
2018-06-20,40.95,42.54,43.38,40.75,6110,25645211.00,6.45,4.39,1.79,3.15
2018-06-21,42.53,42.19,43.58,41.70,5712,24300947.00,4.42,-0.82,-0.35,2.95
2018-06-22,41.85,43.17,43.20,41.52,4360,18572351.00,3.98,2.32,0.98,2.25
2018-06-25,43.80,43.18,43.80,43.15,3678,16008542.00,1.51,0.02,0.01,1.90
2018-06-26,42.98,43.93,44.10,42.36,4680,20327002.00,4.03,1.74,0.75,2.41
2018-06-27,43.93,43.86,44.60,43.33,3853,16891663.00,2.89,-0.16,-0.07,1.99
2018-06-28,43.35,43.62,44.29,43.35,3399,14950406.00,2.14,-0.55,-0.24,1.75
2018-06-29,43.62,44.75,44.96,42.63,6257,27539941.00,5.34,2.59,1.13,3.23
2018-07-02,45.50,43.62,45.50,43.10,7310,32435362.00,5.36,-2.53,-1.13,3.77
2018-07-03,43.90,44.68,44.74,43.49,5624,24842191.00,2.87,2.43,1.06,2.90
2018-07-04,45.53,42.29,45.53,42.15,6839,29613693.00,7.56,-5.35,-2.39,3.53
2018-07-05,42.30,41.80,43.50,41.77,5500,23412782.00,4.09,-1.16,-0.49,2.84
2018-07-06,26.30,25.30,26.35,24.50,9355,23943447.00,4.43,-39.47,-16.50,3.02
2018-07-09,26.05,26.27,26.58,26.00,10080,26579309.00,2.29,3.83,0.97,3.25
2018-07-10,26.05,28.18,28.34,26.05,24032,65793194.00,8.72,7.27,1.91,7.75
2018-07-11,26.99,26.77,27.20,26.13,15970,42741097.00,3.80,-5.00,-1.41,5.15
2018-07-12,26.77,27.28,27.58,26.42,14792,40218878.00,4.33,1.91,0.51,4.77
2018-07-13,27.41,26.87,27.45,26.72,8932,24119422.00,2.68,-1.50,-0.41,2.88
2018-07-16,26.60,26.67,26.86,26.22,4931,13119198.00,2.38,-0.74,-0.20,1.59
2018-07-17,26.41,26.92,27.15,26.41,5850,15720599.00,2.77,0.94,0.25,1.89
2018-07-18,27.00,26.80,27.60,26.80,7748,21119132.00,2.97,-0.45,-0.12,2.50
2018-07-19,26.89,26.03,27.20,25.93,6403,16926087.00,4.74,-2.87,-0.77,2.06
2018-07-20,26.04,26.54,26.64,26.04,5362,14183898.00,2.31,1.96,0.51,1.73
2018-07-23,26.54,26.70,26.80,26.21,7048,18699288.00,2.22,0.60,0.16,2.27
2018-07-24,27.31,28.10,29.37,27.30,27357,77286364.00,7.75,5.24,1.40,8.82
2018-07-25,28.90,27.97,29.48,27.90,28166,80710469.00,5.62,-0.46,-0.13,9.08
2018-07-26,27.07,26.80,27.62,26.75,20035,54345355.00,3.11,-4.18,-1.17,6.46
2018-07-27,26.50,25.92,26.64,25.85,13106,34232549.00,2.95,-3.28,-0.88,4.23
2018-07-30,25.92,25.93,26.78,25.56,11585,30394843.00,4.71,0.04,0.01,3.73
2018-07-31,25.66,25.62,25.95,25.25,8811,22481009.00,2.70,-1.20,-0.31,2.84
2018-08-01,26.60,25.90,26.87,25.71,15755,41470908.00,4.53,1.09,0.28,5.08
2018-08-02,25.90,24.08,25.90,23.32,18422,44523394.00,9.96,-7.03,-1.82,5.94
2018-08-03,23.00,23.18,24.31,23.00,8868,20868272.00,5.44,-3.74,-0.90,2.86
2018-08-06,23.18,22.99,23.78,22.70,6973,16195689.00,4.66,-0.82,-0.19,2.25
2018-08-07,22.99,23.48,23.56,22.80,7440,17320188.00,3.31,2.13,0.49,2.40
2018-08-08,23.60,21.88,23.62,21.75,11330,25613829.00,7.96,-6.81,-1.60,3.65
2018-08-09,21.80,22.62,22.94,21.42,10889,24594777.00,6.95,3.38,0.74,3.51
2018-08-10,23.53,22.79,23.53,22.53,6643,15219120.00,4.42,0.75,0.17,2.14
2018-08-13,22.55,22.96,23.07,22.20,4773,10840906.00,3.82,0.75,0.17,1.54
2018-08-14,23.05,22.89,23.15,22.72,4342,9950264.00,1.87,-0.30,-0.07,1.40
2018-08-15,22.93,22.66,23.64,22.56,10484,24208157.00,4.72,-1.00,-0.23,3.38
2018-08-16,22.10,22.94,23.58,21.35,10706,23943466.00,9.84,1.24,0.28,3.45
2018-08-17,22.70,21.72,23.00,21.60,8334,18541446.00,6.10,-5.32,-1.22,2.69
2018-08-20,21.71,21.71,21.93,21.00,4839,10442355.00,4.28,-0.05,-0.01,1.56
2018-08-21,21.90,21.96,22.05,21.50,5740,12557480.00,2.53,1.15,0.25,1.85
2018-08-22,21.99,21.30,22.20,21.18,6128,13334968.00,4.64,-3.01,-0.66,1.98
2018-08-23,21.37,21.60,21.81,21.28,5956,12874170.00,2.49,1.41,0.30,1.92
2018-08-24,21.71,21.81,21.85,21.35,5613,12141111.00,2.31,0.97,0.21,1.81
2018-08-27,21.85,22.38,22.48,21.80,8444,18743368.00,3.12,2.61,0.57,2.72
2018-08-28,22.55,22.35,22.55,22.18,5690,12699568.00,1.65,-0.13,-0.03,1.83
2018-08-29,22.37,22.97,23.00,22.24,14098,31964530.00,3.40,2.77,0.62,4.55
2018-08-30,22.77,22.18,22.79,22.01,9256,20746625.00,3.40,-3.44,-0.79,2.98
2018-08-31,21.79,21.45,22.15,21.45,5551,12025601.00,3.16,-3.29,-0.73,1.79
2018-09-03,21.35,20.79,21.50,20.44,6213,13006260.00,4.94,-3.08,-0.66,2.00
2018-09-04,20.78,21.02,21.14,20.78,4214,8856703.00,1.73,1.11,0.23,1.36
2018-09-05,21.30,20.58,21.50,20.55,5779,12199164.00,4.52,-2.09,-0.44,1.86
2018-09-06,20.15,20.26,20.81,20.15,5175,10582517.00,3.21,-1.55,-0.32,1.67
2018-09-07,20.48,20.41,20.73,20.31,6240,12799666.00,2.07,0.74,0.15,2.01
2018-09-10,20.42,19.96,20.69,19.88,5122,10381086.00,3.97,-2.20,-0.45,1.65
2018-09-11,20.59,20.25,20.59,19.89,5500,11088464.00,3.51,1.45,0.29,1.77
2018-09-12,20.15,20.35,20.56,20.11,5059,10304943.00,2.22,0.49,0.10,1.63
2018-09-13,20.53,20.57,20.70,20.29,4525,9273964.00,2.01,1.08,0.22,1.46
2018-09-14,20.88,20.24,20.94,20.21,4826,9934754.00,3.55,-1.60,-0.33,1.56
2018-09-17,19.99,19.40,20.00,19.32,5156,10105978.00,3.36,-4.15,-0.84,1.66
2018-09-18,19.40,20.06,20.26,19.22,6465,12763214.00,5.36,3.40,0.66,2.08
2018-09-19,19.82,20.20,20.44,19.82,5920,11938343.00,3.09,0.70,0.14,1.91
2018-09-20,20.16,20.11,20.39,20.03,3808,7680267.00,1.78,-0.45,-0.09,1.23
2018-09-21,20.09,20.30,20.36,20.02,4885,9883089.00,1.69,0.94,0.19,1.58
2018-09-25,20.30,20.30,20.50,20.20,4180,8506834.00,1.48,0.00,0.00,1.35
2018-09-26,20.20,20.22,20.44,20.02,4386,8885357.00,2.07,-0.39,-0.08,1.41
2018-09-27,20.35,19.89,20.50,19.81,5944,12021787.00,3.41,-1.63,-0.33,1.92
2018-09-28,19.79,20.11,20.16,19.79,3960,7934668.00,1.86,1.11,0.22,1.28
2018-10-08,19.80,18.71,19.80,18.63,6914,13234063.00,5.82,-6.96,-1.40,2.23
2018-10-09,18.80,18.86,19.05,18.64,3808,7197519.00,2.19,0.80,0.15,1.23
2018-10-10,19.00,19.44,19.70,18.90,6554,12692901.00,4.24,3.08,0.58,2.11
2018-10-11,18.79,17.62,18.98,17.56,9125,16729981.00,7.30,-9.36,-1.82,2.94
2018-10-12,17.66,18.67,18.88,17.09,12397,22329944.00,10.16,5.96,1.05,4.00
2018-10-15,19.00,18.78,19.46,18.09,10992,20597475.00,7.34,0.59,0.11,3.54
2018-10-16,18.70,18.08,18.90,17.82,9497,17449944.00,5.75,-3.73,-0.70,3.06
2018-10-17,18.25,18.92,19.00,18.25,12015,22462880.00,4.15,4.65,0.84,3.87
2018-10-18,18.74,20.39,20.81,18.34,34159,69314991.00,13.05,7.77,1.47,11.01
2018-10-19,19.35,19.96,20.10,19.17,30094,59082576.00,4.56,-2.11,-0.43,9.70
2018-10-22,20.02,20.96,21.43,19.88,28417,58607825.00,7.77,5.01,1.00,9.16
2018-10-23,20.74,20.16,20.89,20.10,17370,35575373.00,3.77,-3.82,-0.80,5.60
2018-10-24,20.00,19.89,20.45,19.81,12641,25482096.00,3.17,-1.34,-0.27,4.08
2018-10-25,19.11,19.07,19.25,18.51,11122,21056700.00,3.72,-4.12,-0.82,3.59
2018-10-26,19.35,19.05,19.48,18.96,6390,12256223.00,2.73,-0.10,-0.02,2.06
2018-10-29,19.00,18.78,19.21,18.77,6044,11473853.00,2.31,-1.42,-0.27,1.95
2018-10-30,18.93,18.95,19.10,18.31,7973,14960263.00,4.21,0.91,0.17,2.57
2018-10-31,19.15,19.34,19.50,18.83,9134,17612197.00,3.54,2.06,0.39,2.94
2018-11-01,19.95,19.30,19.95,19.30,11376,22207989.00,3.36,-0.21,-0.04,3.67
2018-11-02,19.38,19.92,19.99,19.38,13429,26455422.00,3.16,3.21,0.62,4.33
2018-11-05,19.90,19.87,20.25,19.30,12501,24774081.00,4.77,-0.25,-0.05,4.03
2018-11-06,19.83,19.40,19.86,19.15,8678,16799325.00,3.57,-2.37,-0.47,2.80
2018-11-07,19.53,19.10,19.53,19.08,7934,15329633.00,2.32,-1.55,-0.30,2.56
2018-11-08,19.20,18.96,19.40,18.88,6044,11601890.00,2.72,-0.73,-0.14,1.95
2018-11-09,18.95,18.88,19.10,18.84,4476,8492522.00,1.37,-0.42,-0.08,1.44
2018-11-12,18.77,19.42,19.46,18.76,8493,16280488.00,3.71,2.86,0.54,2.74
2018-11-13,19.28,19.83,20.19,19.15,13643,26851758.00,5.36,2.11,0.41,4.40
2018-11-14,19.62,19.81,20.07,19.62,9869,19601073.00,2.27,-0.10,-0.02,3.18
2018-11-15,19.82,21.17,21.30,19.82,26901,55499041.00,7.47,6.87,1.36,8.67
2018-11-16,21.20,21.50,22.55,21.17,34176,74513998.00,6.52,1.56,0.33,11.02
2018-11-19,21.67,22.73,22.98,21.00,34524,75833634.00,9.21,5.72,1.23,11.13
2018-11-20,22.05,20.82,22.36,20.78,28719,62210686.00,6.95,-8.40,-1.91,9.26
2018-11-21,20.55,21.10,21.27,20.29,14760,30867492.00,4.71,1.34,0.28,4.76
2018-11-22,21.00,21.10,21.30,21.00,9769,20668127.00,1.42,0.00,0.00,3.15
2018-11-23,20.91,20.62,21.29,20.34,12416,26004502.00,4.50,-2.27,-0.48,4.00
2018-11-26,20.52,20.86,21.27,20.35,9584,20014219.00,4.46,1.16,0.24,3.09
2018-11-27,21.10,20.97,21.19,20.69,7769,16296896.00,2.40,0.53,0.11,2.50
2018-11-28,20.99,20.78,21.23,20.20,10073,20735259.00,4.91,-0.91,-0.19,3.25
2018-11-29,20.90,20.01,21.09,19.96,8754,18005481.00,5.44,-3.71,-0.77,2.82
2018-11-30,20.07,19.98,20.18,19.29,7761,15419709.00,4.45,-0.15,-0.03,2.50
2018-12-03,20.40,20.52,20.82,20.25,10202,20973766.00,2.85,2.70,0.54,3.29
2018-12-04,20.55,21.25,21.27,20.32,15278,32062633.00,4.63,3.56,0.73,4.93
2018-12-05,20.75,21.69,21.84,20.66,22455,47957609.00,5.55,2.07,0.44,7.24
2018-12-06,21.56,20.77,21.63,20.63,15700,33055126.00,4.61,-4.24,-0.92,5.06
2018-12-07,20.70,21.40,21.60,20.60,13833,29214550.00,4.81,3.03,0.63,4.46
2018-12-10,21.17,20.80,21.20,20.50,9537,19887322.00,3.27,-2.80,-0.60,3.07
2018-12-11,20.81,20.65,20.98,20.52,6140,12727495.00,2.21,-0.72,-0.15,1.98
2018-12-12,20.77,20.63,20.90,20.61,5510,11428325.00,1.40,-0.10,-0.02,1.78
2018-12-13,20.63,21.35,21.70,20.51,20080,42700632.00,5.77,3.49,0.72,6.47
2018-12-14,21.36,21.56,22.18,21.32,29625,64424720.00,4.03,0.98,0.21,9.55
2018-12-17,21.54,22.77,23.29,21.28,50184,112823247.00,9.32,5.61,1.21,16.18
2018-12-18,22.30,22.37,22.55,21.62,35988,79305935.00,4.08,-1.76,-0.40,11.60
2018-12-19,21.94,23.53,24.48,21.46,49675,112896536.00,13.50,5.19,1.16,16.01
2018-12-20,22.90,22.65,23.39,22.58,34850,79800655.00,3.44,-3.74,-0.88,11.24
2018-12-21,22.45,22.23,22.56,21.88,19003,42132753.00,3.00,-1.85,-0.42,6.13
2018-12-24,22.17,22.65,22.66,21.96,19098,42800386.00,3.15,1.89,0.42,6.16
2018-12-25,21.75,20.66,21.75,20.39,28882,60155612.00,6.00,-8.79,-1.99,9.31
2018-12-26,20.68,20.85,21.12,20.48,15842,32991870.00,3.10,0.92,0.19,5.11
2018-12-27,21.08,19.69,21.27,19.69,14546,29995426.00,7.58,-5.56,-1.16,4.69
2018-12-28,19.79,19.58,19.94,19.47,10117,19922424.00,2.39,-0.56,-0.11,3.26
2019-01-02,19.97,20.03,20.45,19.71,11476,23114108.00,3.78,2.30,0.45,3.70
2019-01-03,19.83,18.84,19.99,18.50,14766,28484209.00,7.44,-5.94,-1.19,4.76
2019-01-04,18.80,19.38,19.49,18.55,10722,20560156.00,4.99,2.87,0.54,3.46
2019-01-07,19.50,19.71,19.82,19.50,11080,21795546.00,1.65,1.70,0.33,3.57
2019-01-08,19.62,19.48,19.71,19.42,8514,16628705.00,1.47,-1.17,-0.23,2.74
2019-01-09,19.27,19.56,19.86,19.27,12525,24571008.00,3.03,0.41,0.08,4.04
2019-01-10,19.65,19.96,20.18,19.60,14638,29120976.00,2.97,2.04,0.40,4.72
2019-01-11,19.82,19.98,20.25,19.55,12747,25226024.00,3.51,0.10,0.02,4.11
2019-01-14,20.06,19.53,20.06,19.48,7977,15700058.00,2.90,-2.25,-0.45,2.57
2019-01-15,19.53,19.73,19.75,19.45,6759,13273038.00,1.54,1.02,0.20,2.18
2019-01-16,19.76,20.38,20.40,19.63,23669,47564405.00,3.90,3.29,0.65,7.63
2019-01-17,20.23,20.60,20.98,19.81,24480,49789060.00,5.74,1.08,0.22,7.89
2019-01-18,20.61,21.50,21.67,20.30,38274,81202172.00,6.65,4.37,0.90,12.34
2019-01-21,21.39,21.35,21.59,21.08,21947,46797254.00,2.37,-0.70,-0.15,7.08
2019-01-22,21.32,20.91,21.53,20.88,23414,49576645.00,3.04,-2.06,-0.44,7.55
2019-01-23,20.70,20.40,20.70,20.19,13514,27552725.00,2.44,-2.44,-0.51,4.36
2019-01-24,20.25,19.98,20.52,19.91,16661,33608235.00,2.99,-2.06,-0.42,5.37
2019-01-25,20.02,20.08,20.24,20.02,11231,22630440.00,1.10,0.50,0.10,3.62
2019-01-28,20.08,19.44,20.15,19.41,10325,20363623.00,3.69,-3.19,-0.64,3.33
2019-01-29,19.50,18.90,19.64,18.69,7748,14722253.00,4.89,-2.78,-0.54,2.50
2019-01-30,18.91,18.82,19.16,18.75,4338,8225152.00,2.17,-0.42,-0.08,1.40
2019-01-31,18.86,18.85,19.12,18.61,7093,13411454.00,2.71,0.16,0.03,2.29
2019-02-01,18.85,19.39,19.42,18.85,5589,10738927.00,3.02,2.86,0.54,1.80
2019-02-11,19.38,19.74,19.75,19.38,5755,11304358.00,1.91,1.81,0.35,1.86
2019-02-12,19.73,21.71,21.71,19.70,35066,74567217.00,10.18,9.98,1.97,11.31
2019-02-13,21.65,21.84,22.88,21.50,64764,143950898.00,6.36,0.60,0.13,20.88
2019-02-14,21.67,21.50,22.15,21.25,33844,73514982.00,4.12,-1.56,-0.34,10.91
2019-02-15,21.49,21.11,21.80,21.01,29127,62471842.00,3.67,-1.81,-0.39,9.39
2019-02-18,21.18,21.69,21.82,21.02,37622,81118957.00,3.79,2.75,0.58,12.13
2019-02-19,21.84,21.40,21.86,21.21,25536,54807503.00,3.00,-1.34,-0.29,8.23
2019-02-20,21.53,21.69,21.78,21.33,21921,47251579.00,2.10,1.36,0.29,7.07
2019-02-21,21.52,21.88,22.00,21.26,28973,62629823.00,3.41,0.88,0.19,9.34
2019-02-22,21.80,22.38,22.57,21.60,37525,83304692.00,4.43,2.29,0.50,12.10
2019-02-25,22.50,23.24,23.68,22.06,45986,104729893.00,7.24,3.84,0.86,14.83
2019-02-26,23.00,22.65,23.49,22.56,37930,87169653.00,4.00,-2.54,-0.59,12.23
2019-02-27,22.66,22.36,22.99,22.10,25675,57924792.00,3.93,-1.28,-0.29,8.28
2019-02-28,22.26,22.50,22.70,22.21,15438,34664631.00,2.19,0.63,0.14,4.98
2019-03-01,22.72,23.54,24.00,22.31,32664,75212306.00,7.51,4.62,1.04,10.53
2019-03-04,23.54,23.20,23.87,23.15,45590,107198272.00,3.06,-1.44,-0.34,14.70
2019-03-05,22.99,23.46,23.49,22.82,24456,56675468.00,2.89,1.12,0.26,7.88
2019-03-06,23.90,23.51,23.90,23.20,27306,64047319.00,2.98,0.21,0.05,8.80
2019-03-07,23.70,23.99,24.13,23.51,42058,100474085.00,2.64,2.04,0.48,13.56
2019-03-08,23.36,24.01,24.97,22.75,58072,138234678.00,9.25,0.08,0.02,18.72
2019-03-11,23.80,26.41,26.41,23.78,75684,192552774.00,10.95,10.00,2.40,24.40
2019-03-12,26.11,26.89,28.95,26.10,94641,253746079.00,10.79,1.82,0.48,30.51
2019-03-13,26.68,29.58,29.58,26.60,102026,288744800.00,11.08,10.00,2.69,32.89
2019-03-14,29.02,29.20,30.97,27.58,124876,369024128.00,11.46,-1.28,-0.38,40.26
2019-03-15,29.48,29.08,29.78,28.51,84652,247637291.00,4.35,-0.41,-0.12,27.29
2019-03-18,29.08,31.99,31.99,28.77,103769,316968784.00,11.07,10.01,2.91,33.45
2019-03-19,31.97,31.31,33.50,30.40,135046,427554672.00,9.69,-2.13,-0.68,43.54
2019-03-20,30.40,31.85,33.00,30.19,119497,375846224.00,8.97,1.72,0.54,38.53
2019-03-21,31.60,31.01,32.50,31.00,107676,340886784.00,4.71,-2.64,-0.84,34.71
2019-03-22,30.97,31.53,31.55,29.80,79975,247765758.00,5.64,1.68,0.52,25.78
2019-03-25,31.00,31.80,32.65,30.77,89446,283878560.00,5.96,0.86,0.27,28.84
2019-03-26,31.69,30.87,31.97,30.80,76496,238598557.00,3.68,-2.92,-0.93,24.66
2019-03-27,31.20,32.05,33.00,30.70,83039,261113012.00,7.45,3.82,1.18,26.77
2019-03-28,31.98,28.85,31.98,28.85,74105,225179122.00,9.77,-9.98,-3.20,23.89
2019-03-29,27.02,27.16,27.88,25.97,71196,189248929.00,6.62,-5.86,-1.69,22.95
2019-04-01,26.75,27.81,28.10,26.06,59393,161676173.00,7.51,2.39,0.65,19.15
2019-04-02,27.81,27.64,28.48,27.51,50261,140526954.00,3.49,-0.61,-0.17,16.20
2019-04-03,27.49,27.64,27.96,27.02,34708,95488724.00,3.40,0.00,0.00,11.19
2019-04-04,27.99,28.44,28.79,27.68,53353,150834631.00,4.02,2.89,0.80,17.20
2019-04-08,28.47,27.51,28.74,27.36,35677,99993616.00,4.85,-3.27,-0.93,11.50
2019-04-09,27.00,27.28,27.75,27.00,17460,47735117.00,2.73,-0.84,-0.23,5.63
2019-04-10,27.28,26.73,27.55,26.70,22633,61211213.00,3.12,-2.02,-0.55,7.30
2019-04-11,26.86,25.63,26.86,25.57,26509,69106288.00,4.83,-4.12,-1.10,8.55
2019-04-12,25.67,25.87,26.29,25.57,17095,44357205.00,2.81,0.94,0.24,5.51
2019-04-15,26.28,26.50,27.05,26.07,23312,62161835.00,3.79,2.44,0.63,7.52
2019-04-16,26.20,26.78,26.80,25.89,19212,50677696.00,3.43,1.06,0.28,6.19
2019-04-17,26.74,26.67,26.96,26.53,18542,49543490.00,1.61,-0.41,-0.11,5.98
2019-04-18,26.66,26.11,26.66,26.08,14275,37550035.00,2.17,-2.10,-0.56,4.60
2019-04-19,26.10,26.12,26.31,25.89,13601,35441760.00,1.61,0.04,0.01,4.38
2019-04-22,26.38,25.96,26.45,25.90,11505,30120630.00,2.11,-0.61,-0.16,3.71
2019-04-23,26.08,24.91,26.08,24.62,19656,49475859.00,5.62,-4.04,-1.05,6.34
2019-04-24,25.12,25.55,25.56,24.98,14391,36437409.00,2.33,2.57,0.64,4.64
2019-04-25,25.55,24.58,25.90,24.58,15741,39955190.00,5.17,-3.80,-0.97,5.07
2019-04-26,24.78,24.02,24.78,23.88,12785,30980649.00,3.66,-2.28,-0.56,4.12
2019-04-29,23.91,22.84,24.24,22.84,15682,36538109.00,5.83,-4.91,-1.18,5.06
2019-04-30,22.80,22.89,23.39,22.52,9922,22899750.00,3.81,0.22,0.05,3.20
2019-05-06,21.04,20.60,22.38,20.60,20915,44123358.00,7.78,-10.00,-2.29,6.74
2019-05-07,20.81,20.62,21.17,20.02,18854,38873141.00,5.58,0.10,0.02,6.08
2019-05-08,20.38,20.88,21.07,20.02,16748,34722563.00,5.09,1.26,0.26,5.40
2019-05-09,20.93,20.79,21.15,20.55,13252,27647794.00,2.87,-0.43,-0.09,4.27
2019-05-10,20.90,22.87,22.87,20.62,29730,65326643.00,10.82,10.00,2.08,9.58
2019-05-13,22.80,23.38,24.28,22.40,46929,109669898.00,8.22,2.23,0.51,15.13
2019-05-14,22.85,22.59,23.18,22.30,22495,50986793.00,3.76,-3.38,-0.79,7.25
2019-05-15,22.77,22.77,22.85,22.33,17476,39573559.00,2.30,0.80,0.18,5.63
2019-05-16,22.72,22.92,23.28,22.51,16214,37088530.00,3.38,0.66,0.15,5.23
2019-05-17,22.95,22.17,23.13,21.85,17514,39357698.00,5.58,-3.27,-0.75,5.65
2019-05-20,22.12,22.43,22.47,21.11,14763,32189954.00,6.13,1.17,0.26,4.76
2019-05-21,22.58,23.33,24.16,22.16,30546,71026513.00,8.92,4.01,0.90,9.85
2019-05-22,23.00,22.26,23.00,22.26,21684,48955169.00,3.17,-4.59,-1.07,6.99
2019-05-23,22.16,21.22,22.24,21.21,14179,30546619.00,4.63,-4.67,-1.04,4.57
2019-05-24,21.22,21.51,21.88,21.21,7109,15289629.00,3.16,1.37,0.29,2.29
2019-05-27,21.56,22.07,22.19,21.38,9378,20537854.00,3.77,2.60,0.56,3.02
2019-05-28,22.00,22.15,22.49,22.00,10955,24434342.00,2.22,0.36,0.08,3.53
2019-05-29,22.10,22.38,22.87,22.10,11373,25637202.00,3.48,1.04,0.23,3.67
2019-05-30,22.32,22.39,22.56,22.03,11233,25020914.00,2.37,0.04,0.01,3.62
2019-05-31,22.47,22.90,23.40,22.38,22171,50793056.00,4.56,2.28,0.51,7.15
2019-06-03,23.30,22.36,23.30,22.06,15237,34385530.00,5.41,-2.36,-0.54,4.91
2019-06-04,22.19,21.82,22.53,21.75,9071,20013044.00,3.49,-2.42,-0.54,2.92
2019-06-05,22.28,22.14,22.42,22.00,8068,17893472.00,1.92,1.47,0.32,2.60
2019-06-06,22.13,21.36,22.18,21.15,9748,21000714.00,4.65,-3.52,-0.78,3.14
2019-06-10,21.26,21.34,21.66,21.18,6655,14235700.00,2.25,-0.09,-0.02,2.15
2019-06-11,21.22,22.58,23.01,21.20,22333,50164648.00,8.48,5.81,1.24,7.20
2019-06-12,22.91,23.19,24.84,22.80,39845,93292951.00,9.03,2.70,0.61,12.85
2019-06-13,24.01,23.64,24.28,23.20,41836,99591081.00,4.66,1.94,0.45,13.49
2019-06-14,23.02,22.02,23.03,21.82,28301,63668563.00,5.12,-6.85,-1.62,9.12
2019-06-17,21.61,21.67,21.95,21.34,13311,28799844.00,2.77,-1.59,-0.35,4.29
2019-06-18,21.69,21.91,22.15,21.55,9975,21833590.00,2.77,1.11,0.24,3.22
2019-06-19,22.24,21.58,22.49,21.58,19853,43681997.00,4.15,-1.51,-0.33,6.40
2019-06-20,21.48,22.12,22.27,21.41,17684,38705534.00,3.99,2.50,0.54,3.93
2019-06-21,22.13,22.35,22.64,22.13,17248,38561948.00,2.31,1.04,0.23,3.83
2019-06-24,22.46,22.02,22.78,21.80,15142,33594510.00,4.38,-1.48,-0.33,3.36
2019-06-25,22.01,21.68,22.29,21.51,12230,26598887.00,3.54,-1.54,-0.34,2.72
2019-06-26,21.53,21.70,21.76,21.50,7605,16480077.00,1.20,0.09,0.02,1.69
2019-06-27,21.66,21.62,21.85,21.56,9385,20326652.00,1.34,-0.37,-0.08,2.09
2019-06-28,21.63,21.09,21.69,21.01,11436,24269454.00,3.15,-2.45,-0.53,2.54
2019-07-01,21.25,21.45,21.47,21.18,12525,26766770.00,1.38,1.71,0.36,2.78
2019-07-02,21.45,21.42,21.58,21.27,10227,21882874.00,1.45,-0.14,-0.03,2.27
2019-07-03,21.53,21.75,21.84,21.15,14710,31616957.00,3.22,1.54,0.33,3.27
2019-07-04,21.78,21.48,21.80,21.47,8602,18590142.00,1.52,-1.24,-0.27,1.91
2019-07-05,21.33,21.39,21.50,21.22,6203,13269296.00,1.30,-0.42,-0.09,1.38
2019-07-08,21.32,20.45,21.36,20.41,10405,21510192.00,4.44,-4.39,-0.94,2.31
2019-07-09,20.40,20.49,20.57,20.22,5723,11656743.00,1.71,0.20,0.04,1.27
2019-07-10,20.53,20.29,20.60,20.23,4351,8870241.00,1.81,-0.98,-0.20,0.97
2019-07-11,20.40,20.31,20.60,20.21,4432,9038954.00,1.92,0.10,0.02,0.98
2019-07-12,20.31,20.37,20.48,20.30,4202,8575822.00,0.89,0.30,0.06,0.93
2019-07-15,20.38,20.67,20.78,20.18,6374,13119816.00,2.95,1.47,0.30,1.42
2019-07-16,20.66,20.70,20.89,20.51,4712,9761550.00,1.84,0.15,0.03,1.05
2019-07-17,20.70,20.62,20.85,20.57,5360,11102035.00,1.35,-0.39,-0.08,1.19
2019-07-18,20.59,20.18,20.59,20.15,6425,13051275.00,2.13,-2.13,-0.44,1.43
2019-07-19,20.20,20.19,20.55,20.18,4867,9870029.00,1.83,0.05,0.01,1.07
2019-07-22,20.38,19.70,20.38,19.70,7820,15579181.00,3.37,-2.43,-0.49,1.73
2019-07-23,19.67,19.80,19.86,19.54,5602,11045295.00,1.62,0.51,0.10,1.24
2019-07-24,19.81,20.01,20.35,19.81,6873,13842620.00,2.73,1.06,0.21,1.52
2019-07-25,20.25,20.15,20.25,20.00,4558,9176355.00,1.25,0.70,0.14,1.01
2019-07-26,20.07,20.07,20.15,20.02,3388,6799302.00,0.65,-0.40,-0.08,0.75
2019-07-29,19.98,19.92,20.12,19.90,4130,8248496.00,1.10,-0.75,-0.15,0.91
2019-07-30,19.88,20.16,20.38,19.88,6424,12984735.00,2.51,1.20,0.24,1.42
2019-07-31,20.31,20.37,20.68,20.31,8483,17332045.00,1.84,1.04,0.21,1.87
2019-08-01,20.01,20.16,20.31,19.96,6651,13364310.00,1.72,-1.03,-0.21,1.47
2019-08-02,19.70,20.32,20.50,19.56,12583,25300432.00,4.66,0.79,0.16,2.78
2019-08-05,20.09,19.94,20.42,19.90,7374,14826062.00,2.56,-1.87,-0.38,1.63
2019-08-06,19.43,19.20,19.69,19.02,9431,18185062.00,3.36,-3.71,-0.74,2.08
2019-08-07,19.22,19.07,19.47,19.06,6399,12285925.00,2.14,-0.68,-0.13,1.41
2019-08-08,19.25,19.08,19.26,19.02,5311,10158259.00,1.26,0.05,0.01,1.17
2019-08-09,19.18,18.68,19.28,18.52,6941,13123165.00,3.98,-2.10,-0.40,1.53
2019-08-12,18.83,18.98,18.99,18.70,5097,9613809.00,1.55,1.61,0.30,1.12
2019-08-13,18.93,18.71,19.01,18.62,4131,7752353.00,2.05,-1.42,-0.27,0.91
2019-08-14,18.93,18.86,18.98,18.83,5447,10298859.00,0.80,0.80,0.15,1.20
2019-08-15,18.63,18.79,18.85,18.38,4382,8154101.00,2.49,-0.37,-0.07,0.97
2019-08-16,18.76,18.94,19.03,18.76,4289,8116341.00,1.44,0.80,0.15,0.95
2019-08-19,19.10,19.36,19.37,19.03,8375,16111692.00,1.80,2.22,0.42,1.85
2019-08-20,19.35,19.32,19.48,19.24,7167,13873735.00,1.24,-0.21,-0.04,1.58
2019-08-21,19.22,19.30,19.47,19.22,5150,9964555.00,1.29,-0.10,-0.02,1.14
2019-08-22,19.33,19.63,19.84,19.31,9595,18810396.00,2.75,1.71,0.33,2.12
2019-08-23,19.63,19.32,19.63,19.32,7665,14887754.00,1.58,-1.58,-0.31,1.69
2019-08-26,19.07,19.00,19.08,18.88,6046,11477975.00,1.04,-1.66,-0.32,1.33
2019-08-27,19.10,19.89,20.58,19.10,15934,31551226.00,7.79,4.68,0.89,3.52
2019-08-28,19.86,19.62,19.90,19.53,10234,20102810.00,1.86,-1.36,-0.27,2.26
2019-08-29,19.68,19.43,19.68,19.42,5735,11179829.00,1.33,-0.97,-0.19,1.27
2019-08-30,19.51,19.10,19.67,19.01,6353,12297208.00,3.40,-1.70,-0.33,1.40
2019-09-02,19.26,19.42,19.48,19.00,6126,11870000.00,2.51,1.68,0.32,1.35
2019-09-03,19.60,19.67,19.80,19.44,6841,13370070.00,1.85,1.29,0.25,1.51
2019-09-04,19.67,20.25,20.49,19.52,20280,40820926.00,4.93,2.95,0.58,4.47
2019-09-05,20.28,20.16,20.48,20.16,18393,37321136.00,1.58,-0.44,-0.09,4.06
2019-09-06,20.16,20.26,20.46,20.12,7741,15673483.00,1.69,0.50,0.10,1.71
2019-09-09,20.31,20.55,20.58,20.28,11914,24386180.00,1.48,1.43,0.29,2.63
2019-09-10,20.50,20.65,20.70,20.38,9127,18726092.00,1.56,0.49,0.10,2.01
2019-09-11,20.65,20.60,20.92,20.56,10328,21408895.00,1.74,-0.24,-0.05,2.28
2019-09-12,20.70,20.75,20.82,20.51,8916,18439348.00,1.50,0.73,0.15,1.97
2019-09-16,20.75,20.86,21.27,20.74,8409,17645450.00,2.55,0.53,0.11,1.86
2019-09-17,20.88,20.31,20.95,20.13,11417,23334856.00,3.93,-2.64,-0.55,2.52
2019-09-18,20.32,20.50,20.66,20.22,7051,14430143.00,2.17,0.94,0.19,1.56
2019-09-19,20.50,20.70,20.80,20.38,8984,18509451.00,2.05,0.98,0.20,1.98
2019-09-20,21.05,21.07,21.98,21.05,28107,60372578.00,4.49,1.79,0.37,6.20
2019-09-23,21.00,20.31,21.00,20.28,14791,30272812.00,3.42,-3.61,-0.76,3.26
2019-09-24,20.34,20.41,20.50,20.23,9191,18716187.00,1.33,0.49,0.10,2.03
2019-09-25,20.43,19.94,20.43,19.87,8225,16493774.00,2.74,-2.30,-0.47,1.81
2019-09-26,20.12,19.14,20.12,19.14,10750,21018747.00,4.91,-4.01,-0.80,2.37
2019-09-27,19.25,19.57,19.76,19.18,6087,11881775.00,3.03,2.25,0.43,1.34
2019-09-30,19.65,19.49,19.82,19.45,5262,10349147.00,1.89,-0.41,-0.08,1.16
2019-10-08,19.69,19.59,19.75,19.45,4625,9071478.00,1.54,0.51,0.10,1.02
2019-10-09,19.60,19.86,19.95,19.30,4998,9830614.00,3.32,1.38,0.27,1.10
2019-10-10,19.86,20.02,20.08,19.78,4731,9442454.00,1.51,0.81,0.16,1.04
2019-10-11,19.67,19.08,20.00,19.02,37953,73140978.00,4.90,-4.70,-0.94,8.37
2019-10-14,19.12,19.70,19.82,19.12,29392,57253993.00,3.67,3.25,0.62,6.49
2019-10-15,19.61,19.30,19.63,19.12,11937,23072024.00,2.59,-2.03,-0.40,2.63
2019-10-16,19.30,19.01,19.34,19.01,8584,16444132.00,1.71,-1.50,-0.29,1.89
2019-10-17,19.01,18.86,19.10,18.81,7733,14652604.00,1.53,-0.79,-0.15,1.71
2019-10-18,19.04,18.48,19.04,18.33,12170,22692468.00,3.76,-2.01,-0.38,2.69
2019-10-21,18.56,18.46,18.67,18.18,5019,9212875.00,2.65,-0.11,-0.02,1.11
2019-10-22,18.46,18.72,18.76,18.41,5176,9638644.00,1.90,1.41,0.26,1.14
2019-10-23,18.73,18.71,18.95,18.62,4770,8940553.00,1.76,-0.05,-0.01,1.05
2019-10-24,18.52,18.93,18.97,18.52,6526,12313587.00,2.41,1.18,0.22,1.44
2019-10-25,18.99,19.06,19.13,18.88,6590,12537393.00,1.32,0.69,0.13,1.45
2019-10-28,19.07,19.38,19.43,19.01,9563,18463984.00,2.20,1.68,0.32,2.11
2019-10-29,19.46,19.05,19.46,18.98,6068,11634240.00,2.48,-1.70,-0.33,1.34
2019-10-30,18.90,18.85,19.20,18.80,3831,7257441.00,2.10,-1.05,-0.20,0.85
2019-10-31,18.85,18.69,19.08,18.56,4223,7915285.00,2.76,-0.85,-0.16,0.93
2019-11-01,18.57,18.94,19.01,18.51,5335,10068469.00,2.68,1.34,0.25,1.18
2019-11-04,18.95,19.08,19.17,18.95,5037,9621744.00,1.16,0.74,0.14,1.11
2019-11-05,19.00,19.18,19.38,18.94,6114,11750535.00,2.31,0.52,0.10,1.35
2019-11-06,19.17,18.93,19.28,18.92,5205,9945897.00,1.88,-1.30,-0.25,1.15
2019-11-07,19.11,18.99,19.12,18.79,3000,5697041.00,1.74,0.32,0.06,0.66
2019-11-08,18.99,19.04,19.21,18.99,4338,8287724.00,1.16,0.26,0.05,0.96
2019-11-11,18.88,18.56,19.10,18.51,4261,7958590.00,3.10,-2.52,-0.48,0.94
2019-11-12,18.45,18.60,18.92,18.40,3017,5589774.00,2.80,0.22,0.04,0.67
2019-11-13,18.72,18.83,18.86,18.41,4256,7944032.00,2.42,1.24,0.23,0.94
2019-11-14,18.99,19.82,20.22,18.90,37947,74702468.00,7.01,5.26,0.99,8.37
2019-11-15,19.42,19.15,19.62,19.15,17547,33903575.00,2.37,-3.38,-0.67,3.87
2019-11-18,18.90,19.17,19.56,18.81,12004,22870659.00,3.92,0.10,0.02,2.65
2019-11-19,19.05,19.59,19.80,19.01,23256,45274740.00,4.12,2.19,0.42,5.13
2019-11-20,19.49,19.29,19.79,19.23,15187,29588235.00,2.86,-1.53,-0.30,3.35
2019-11-21,19.31,19.54,19.68,19.20,11035,21497293.00,2.49,1.30,0.25,2.43
2019-11-22,19.42,20.24,20.47,19.34,41214,82444953.00,5.78,3.58,0.70,9.09
2019-11-25,20.10,20.79,21.08,19.86,46059,95362045.00,6.03,2.72,0.55,10.16
2019-11-26,20.45,20.41,20.77,20.16,22936,46855263.00,2.93,-1.83,-0.38,5.06
2019-11-27,20.42,20.25,20.66,20.20,17583,35789793.00,2.25,-0.78,-0.16,3.88
2019-11-28,20.07,19.96,20.37,19.88,12631,25335821.00,2.42,-1.43,-0.29,2.79
2019-11-29,20.08,19.71,20.08,19.53,15861,31210527.00,2.76,-1.25,-0.25,3.50
2019-12-02,19.70,19.68,19.86,19.59,9467,18650940.00,1.37,-0.15,-0.03,2.09
2019-12-03,19.68,20.44,20.44,19.60,18498,37216813.00,4.27,3.86,0.76,4.08
2019-12-04,20.29,20.20,20.37,20.03,11729,23657402.00,1.66,-1.17,-0.24,2.59
2019-12-05,20.19,20.25,20.38,20.07,9979,20167935.00,1.53,0.25,0.05,2.20
2019-12-06,20.15,19.92,20.23,19.75,14867,29581444.00,2.37,-1.63,-0.33,3.28
2019-12-09,19.92,20.64,20.68,19.85,24082,49098653.00,4.17,3.61,0.72,5.31
2019-12-10,20.50,20.34,20.50,20.13,20709,42015711.00,1.79,-1.45,-0.30,4.57
2019-12-11,20.21,20.29,20.37,19.98,15544,31386067.00,1.92,-0.25,-0.05,3.43
2019-12-12,20.27,20.13,20.28,20.01,10127,20365946.00,1.33,-0.79,-0.16,2.23
2019-12-13,20.26,20.47,20.53,20.06,16178,32879369.00,2.33,1.69,0.34,3.57
2019-12-16,20.42,20.65,20.68,20.40,16663,34233353.00,1.37,0.88,0.18,3.68
2019-12-17,20.70,20.62,20.71,20.43,16412,33730272.00,1.36,-0.15,-0.03,3.62
2019-12-18,20.62,20.52,20.98,20.50,24083,50005780.00,2.33,-0.48,-0.10,5.31
2019-12-19,20.54,20.67,20.76,20.42,12623,26005267.00,1.66,0.73,0.15,2.79
2019-12-20,20.67,20.72,20.99,20.56,16671,34667055.00,2.08,0.24,0.05,3.68
2019-12-23,20.65,19.85,20.72,19.81,16884,34112121.00,4.39,-4.20,-0.87,3.73
2019-12-24,19.93,19.88,19.98,19.62,10751,21312940.00,1.81,0.15,0.03,2.37
2019-12-25,19.86,19.89,19.96,19.69,7147,14165378.00,1.36,0.05,0.01,1.58
2019-12-26,19.82,19.92,19.97,19.75,9997,19826061.00,1.11,0.15,0.03,2.21
2019-12-27,19.91,19.71,20.07,19.66,8517,16952289.00,2.06,-1.05,-0.21,1.88
2019-12-30,19.66,19.78,19.81,19.51,7473,14724954.00,1.52,0.36,0.07,1.65
2019-12-31,19.76,19.85,19.85,19.72,5912,11694191.00,0.66,0.35,0.07,1.30
2020-01-02,19.92,20.33,20.39,19.92,16171,32720913.00,2.37,2.42,0.48,3.57
2020-01-03,20.35,20.36,20.63,20.22,13866,28314093.00,2.02,0.15,0.03,3.06
2020-01-06,20.20,20.31,20.47,20.01,11780,23865900.00,2.26,-0.25,-0.05,2.60
2020-01-07,20.25,20.55,20.63,20.21,11691,23908817.00,2.07,1.18,0.24,2.58
2020-01-08,20.50,20.35,20.63,20.24,11504,23541327.00,1.90,-0.97,-0.20,2.54
2020-01-09,20.48,20.51,20.61,20.33,9477,19437660.00,1.38,0.79,0.16,2.09
2020-01-10,20.76,20.40,20.76,20.36,7620,15632962.00,1.95,-0.54,-0.11,1.68
2020-01-13,20.41,20.52,20.55,20.02,9119,18529128.00,2.60,0.59,0.12,2.01
2020-01-14,20.53,20.54,20.72,20.49,8007,16466862.00,1.12,0.10,0.02,1.77
2020-01-15,20.50,20.39,20.55,20.20,6307,12830252.00,1.70,-0.73,-0.15,1.39
2020-01-16,20.45,20.10,20.49,20.08,6785,13736231.00,2.01,-1.42,-0.29,1.50
2020-01-17,20.19,20.00,20.23,19.99,6638,13318895.00,1.19,-0.50,-0.10,1.46
2020-01-20,20.01,20.22,20.25,19.83,6777,13596984.00,2.10,1.10,0.22,1.50
2020-01-21,20.30,20.01,20.30,20.01,6328,12701543.00,1.43,-1.04,-0.21,1.40
2020-01-22,20.30,20.09,20.32,19.90,8993,18053755.00,2.10,0.40,0.08,1.98
2020-01-23,20.07,19.36,20.23,18.97,10756,21079872.00,6.27,-3.63,-0.73,2.37
2020-02-03,17.42,17.42,17.72,17.42,11696,20406228.00,1.55,-10.02,-1.94,2.58
2020-02-04,16.91,17.47,17.69,16.88,11490,20041280.00,4.65,0.29,0.05,2.54
2020-02-05,17.36,17.81,17.94,17.36,9447,16819866.00,3.32,1.95,0.34,2.08
2020-02-06,17.80,17.88,18.00,17.61,8099,14464435.00,2.19,0.39,0.07,1.79
2020-02-07,17.77,17.95,17.98,17.68,7663,13669181.00,1.68,0.39,0.07,1.69
2020-02-10,17.96,18.42,18.46,17.83,8385,15317480.00,3.51,2.62,0.47,1.85
2020-02-11,18.41,18.31,18.73,18.20,5626,10353984.00,2.88,-0.60,-0.11,1.24
2020-02-12,18.38,18.81,18.90,18.15,11941,21957940.00,4.10,2.73,0.50,2.63
2020-02-13,18.82,18.88,19.48,18.66,22673,43006421.00,4.36,0.37,0.07,5.00
2020-02-14,18.71,18.35,18.71,18.26,12540,23069217.00,2.38,-2.81,-0.53,2.77
2020-02-17,18.24,18.69,18.70,18.24,9272,17204732.00,2.51,1.85,0.34,2.05
2020-02-18,18.61,18.79,18.80,18.59,11214,20965672.00,1.12,0.54,0.10,2.47
2020-02-19,18.79,18.63,18.84,18.60,7710,14411362.00,1.28,-0.85,-0.16,1.70
2020-02-20,18.58,18.84,18.88,18.58,8221,15424072.00,1.61,1.13,0.21,1.81
2020-02-21,18.86,18.92,19.00,18.84,9707,18370299.00,0.85,0.42,0.08,2.14
2020-02-24,18.98,19.10,19.25,18.70,12592,23822947.00,2.91,0.95,0.18,2.78
2020-02-25,18.87,18.78,18.95,18.47,12025,22523906.00,2.51,-1.68,-0.32,2.65
2020-02-26,18.54,19.43,20.19,18.51,31529,61479961.00,8.95,3.46,0.65,6.96
2020-02-27,19.30,19.18,20.17,19.17,21304,41627855.00,5.15,-1.29,-0.25,4.70
2020-02-28,18.71,18.35,19.00,18.31,15395,28737814.00,3.60,-4.33,-0.83,3.40
2020-03-02,18.63,19.69,20.08,18.63,26135,51084733.00,7.90,7.30,1.34,5.77
2020-03-03,20.01,19.66,20.54,19.40,28759,56949721.00,5.79,-0.15,-0.03,6.35
2020-03-04,19.38,20.06,20.15,19.35,26091,51653227.00,4.07,2.03,0.40,5.76
2020-03-05,20.00,20.12,20.50,20.00,23862,48279606.00,2.49,0.30,0.06,5.26
2020-03-06,19.94,19.72,20.10,19.59,19445,38447770.00,2.53,-1.99,-0.40,4.29
2020-03-09,19.52,19.17,19.72,19.15,12926,25078447.00,2.89,-2.79,-0.55,2.85
2020-03-10,19.10,19.42,19.42,18.70,15799,30165253.00,3.76,1.30,0.25,3.49
2020-03-11,19.48,19.11,19.55,19.08,11130,21579369.00,2.42,-1.60,-0.31,2.46
2020-03-12,19.08,18.74,19.08,18.64,9077,17051006.00,2.30,-1.94,-0.37,2.00
2020-03-13,18.00,18.35,18.59,17.52,11713,21194654.00,5.71,-2.08,-0.39,2.58
2020-03-16,18.49,17.88,18.74,17.80,8961,16394135.00,5.12,-2.56,-0.47,1.98
2020-03-17,17.88,17.84,18.13,17.31,7827,13861630.00,4.59,-0.22,-0.04,1.73
2020-03-18,18.05,17.68,18.33,17.67,7033,12712110.00,3.70,-0.90,-0.16,1.55
2020-03-19,17.68,17.71,17.88,17.36,6155,10841554.00,2.94,0.17,0.03,1.36
2020-03-20,17.84,18.10,18.10,17.74,6450,11552411.00,2.03,2.20,0.39,1.42
2020-03-23,17.81,17.71,17.95,17.60,4821,8556880.00,1.93,-2.15,-0.39,1.06
2020-03-24,17.88,18.09,18.10,17.71,5011,8977397.00,2.20,2.15,0.38,1.11
2020-03-25,18.26,18.35,18.44,18.20,6853,12557722.00,1.33,1.44,0.26,1.51
2020-03-26,18.20,18.18,18.30,18.11,4017,7313995.00,1.04,-0.93,-0.17,0.89
2020-03-27,18.38,18.15,18.46,18.12,5773,10588861.00,1.87,-0.17,-0.03,1.27
2020-03-30,17.94,18.07,18.15,17.70,5743,10288069.00,2.48,-0.44,-0.08,1.27
2020-03-31,18.12,18.20,18.36,18.12,4759,8687007.00,1.33,0.72,0.13,1.05
2020-04-01,18.15,18.07,18.41,18.07,4267,7796842.00,1.87,-0.71,-0.13,0.94
2020-04-02,17.82,18.42,18.50,17.82,6159,11254048.00,3.76,1.94,0.35,1.36
2020-04-03,18.62,18.14,18.62,18.08,5955,10897223.00,2.93,-1.52,-0.28,1.31
2020-04-07,18.30,18.69,18.75,18.27,10934,20273814.00,2.65,3.03,0.55,2.41
2020-04-08,18.66,18.83,18.88,18.52,7437,13949221.00,1.93,0.75,0.14,1.64
2020-04-09,18.89,18.80,19.06,18.76,4745,8955904.00,1.59,-0.16,-0.03,1.05
2020-04-10,18.79,18.34,18.95,18.31,7882,14574881.00,3.40,-2.45,-0.46,1.74
2020-04-13,18.34,18.15,18.34,18.10,3286,5978817.00,1.31,-1.04,-0.19,0.73
2020-04-14,18.32,18.42,18.43,18.16,3633,6655830.00,1.49,1.49,0.27,0.80
2020-04-15,18.42,18.28,18.54,18.25,3803,6990638.00,1.57,-0.76,-0.14,0.84
2020-04-16,18.38,18.68,18.80,18.21,6033,11155356.00,3.23,2.19,0.40,1.33
2020-04-17,18.70,18.86,18.96,18.59,8814,16558288.00,1.98,0.96,0.18,1.94
2020-04-20,20.10,20.75,20.75,20.10,16647,34390207.00,3.45,10.02,1.89,3.67
2020-04-21,21.44,22.05,22.82,21.14,117105,256482539.00,8.10,6.27,1.30,25.84
2020-04-22,20.75,21.26,21.70,20.60,52162,110375629.00,4.99,-3.58,-0.79,11.51
2020-04-23,20.88,20.64,21.54,20.41,40869,85264198.00,5.32,-2.92,-0.62,9.02
2020-04-24,20.60,19.59,20.64,19.33,34697,69140706.00,6.35,-5.09,-1.05,7.66
2020-04-27,19.58,19.90,20.40,19.58,26930,53965177.00,4.19,1.58,0.31,5.94
2020-04-28,19.84,20.14,20.48,18.91,29178,58396791.00,7.89,1.21,0.24,6.44
2020-04-29,19.88,19.35,20.12,19.28,18046,35391840.00,4.17,-3.92,-0.79,3.98
2020-04-30,19.45,19.73,19.80,19.41,13316,26116431.00,2.02,1.96,0.38,2.94
2020-05-06,19.50,20.11,20.20,19.47,15585,31188144.00,3.70,1.93,0.38,3.44
2020-05-07,20.25,19.77,20.25,19.75,12328,24554346.00,2.49,-1.69,-0.34,2.72
2020-05-08,19.78,20.51,20.56,19.78,20337,40973270.00,3.95,3.74,0.74,4.49
2020-05-11,20.60,20.43,20.76,20.20,16999,34741158.00,2.73,-0.39,-0.08,3.75
2020-05-12,20.15,20.06,20.34,19.90,12305,24676964.00,2.15,-1.81,-0.37,2.72
2020-05-13,20.00,20.35,20.38,19.87,12237,24680519.00,2.54,1.45,0.29,2.70
2020-05-14,20.15,19.77,20.27,19.77,13490,26923348.00,2.46,-2.85,-0.58,2.98
2020-05-15,19.81,20.28,20.81,19.71,26916,54294967.00,5.56,2.58,0.51,5.94
2020-05-18,20.20,20.13,20.41,19.88,16632,33515158.00,2.61,-0.74,-0.15,3.67
2020-05-19,20.29,20.46,20.67,20.17,18204,37247183.00,2.48,1.64,0.33,4.02
2020-05-20,20.55,19.96,20.55,19.91,12929,26047254.00,3.13,-2.44,-0.50,2.85
2020-05-21,19.92,19.81,20.05,19.81,8499,16916632.00,1.20,-0.75,-0.15,1.88
2020-05-22,19.80,19.08,19.80,18.92,20197,38897782.00,4.44,-3.69,-0.73,4.46
2020-05-25,19.31,18.92,19.31,18.79,6823,12923922.00,2.73,-0.84,-0.16,1.51
2020-05-26,18.98,19.38,19.58,18.90,8566,16525618.00,3.59,2.43,0.46,1.89
2020-05-27,19.52,19.41,19.64,19.32,8024,15607665.00,1.65,0.15,0.03,1.77
2020-05-28,19.41,19.47,19.50,19.05,6921,13366966.00,2.32,0.31,0.06,1.53
2020-05-29,19.30,19.42,19.51,19.30,5350,10398383.00,1.08,-0.26,-0.05,1.18
2020-06-01,19.41,19.71,19.81,19.27,9876,19426294.00,2.78,1.49,0.29,2.18
2020-06-02,19.72,19.89,19.94,19.69,9352,18568296.00,1.27,0.91,0.18,2.06
2020-06-03,19.82,20.13,20.25,19.82,13913,27968405.00,2.16,1.21,0.24,3.07
2020-06-04,20.12,20.95,21.14,20.12,31743,65683631.00,5.07,4.07,0.82,7.00
2020-06-05,21.05,21.15,21.74,20.55,32503,68335517.00,5.68,0.95,0.20,7.17
2020-06-08,21.15,20.90,21.44,20.81,16529,34726782.00,2.98,-1.18,-0.25,3.65
2020-06-09,21.15,20.79,21.15,20.51,11990,24963812.00,3.06,-0.53,-0.11,2.65
2020-06-10,20.78,20.76,20.86,20.27,12978,26656133.00,2.84,-0.14,-0.03,2.86
2020-06-11,20.85,20.90,21.15,20.45,13571,28198750.00,3.37,0.67,0.14,2.99
2020-06-12,20.55,20.72,20.93,20.21,9449,19528454.00,3.44,-0.86,-0.18,2.08
2020-06-15,20.73,21.05,21.25,20.73,16175,34138759.00,2.51,1.59,0.33,3.57
2020-06-16,21.25,21.45,21.50,21.00,15347,32723892.00,2.38,1.90,0.40,3.39
2020-06-17,21.45,21.58,21.63,21.10,16056,34369322.00,2.47,0.61,0.13,3.59
2020-06-18,21.53,22.81,23.19,21.31,38929,87659956.00,8.71,5.70,1.23,8.69
2020-06-19,23.04,22.82,23.38,22.60,23773,54493922.00,3.42,0.04,0.01,5.31
2020-06-22,22.85,22.42,23.18,22.36,14671,33122961.00,3.59,-1.75,-0.40,2.48
2020-06-23,22.42,23.52,23.59,22.42,19968,46036112.00,5.22,4.91,1.10,3.38
2020-06-24,23.70,24.75,24.97,23.29,36364,88628850.00,7.14,5.23,1.23,6.16
2020-06-29,24.91,24.80,25.18,24.60,23241,57944327.00,2.34,0.20,0.05,3.94
2020-06-30,24.83,24.60,25.04,24.30,19839,48888136.00,2.98,-0.81,-0.20,3.36
2020-07-01,24.60,24.66,24.92,24.26,22383,55003665.00,2.68,0.24,0.06,3.79
2020-07-02,24.34,24.40,24.64,24.00,19021,46179152.00,2.60,-1.05,-0.26,3.22
2020-07-03,24.40,24.76,24.87,24.24,20952,51568843.00,2.58,1.48,0.36,3.55
2020-07-06,16.43,16.28,17.00,15.90,45530,74112911.00,4.44,-34.25,-8.48,5.14
2020-07-07,16.38,16.46,16.80,16.10,41064,67197829.00,4.30,1.11,0.18,4.64
2020-07-08,16.30,16.60,16.72,16.20,31637,52164267.00,3.16,0.85,0.14,3.57
2020-07-09,16.60,17.04,17.36,16.50,45718,77227973.00,5.18,2.65,0.44,5.16
2020-07-10,17.00,16.51,17.15,16.49,36601,61337521.00,3.87,-3.11,-0.53,4.13
2020-07-13,16.48,17.50,17.50,16.41,42388,72584420.00,6.60,6.00,0.99,4.79
2020-07-14,18.00,18.66,18.94,17.19,62817,112751492.00,10.00,6.63,1.16,7.09
2020-07-15,18.35,18.41,19.15,18.22,48901,91266024.00,4.98,-1.34,-0.25,5.52
2020-07-16,18.80,17.51,18.88,16.99,39051,70390675.00,10.27,-4.89,-0.90,4.41
2020-07-17,17.51,17.50,17.83,17.09,24646,42750075.00,4.23,-0.06,-0.01,2.78
2020-07-20,17.50,18.08,18.28,17.50,34607,61688671.00,4.46,3.31,0.58,3.91
2020-07-21,17.50,18.75,18.78,17.50,38868,71549868.00,7.08,3.71,0.67,4.39
2020-07-22,18.74,20.30,20.60,18.62,61507,122729322.00,10.56,8.27,1.55,6.95
2020-07-23,20.18,20.28,20.63,19.70,41520,84095747.00,4.58,-0.10,-0.02,4.69
2020-07-24,21.29,19.46,21.29,19.27,41000,81170665.00,9.96,-4.04,-0.82,4.63
2020-07-27,19.59,18.98,19.76,18.83,24523,47114247.00,4.78,-2.47,-0.48,2.77
2020-07-28,18.76,19.42,20.20,18.76,29240,56892088.00,7.59,2.32,0.44,3.30
2020-07-29,19.42,19.37,19.53,19.13,20722,40067377.00,2.06,-0.26,-0.05,2.32
2020-07-30,19.41,19.31,19.48,19.02,16065,30943168.00,2.37,-0.31,-0.06,1.80
2020-07-31,19.21,19.50,19.85,18.94,18548,36074065.00,4.71,0.98,0.19,2.08
2020-08-03,19.60,20.78,20.79,19.48,30451,62001633.00,6.72,6.56,1.28,3.42
2020-08-04,20.60,21.33,21.85,20.40,30758,65410563.00,6.98,2.65,0.55,3.45
2020-08-05,20.95,21.36,21.75,20.95,22628,48254037.00,3.75,0.14,0.03,2.54
2020-08-06,21.49,20.99,21.49,20.56,20705,43457133.00,4.35,-1.73,-0.37,2.32
2020-08-07,20.98,20.52,21.00,20.03,21561,44355766.00,4.62,-2.24,-0.47,2.42
2020-08-10,20.52,19.64,21.18,19.60,36072,73073457.00,7.70,-4.29,-0.88,4.05
2020-08-11,19.64,17.68,19.78,17.68,97734,177895354.00,10.69,-9.98,-1.96,10.96
2020-08-12,17.39,16.50,17.39,16.35,52715,87761932.00,5.88,-6.67,-1.18,5.91
2020-08-13,16.90,16.61,17.08,16.46,37586,62767137.00,3.76,0.67,0.11,4.22
2020-08-14,16.59,16.60,16.69,16.24,21938,36049712.00,2.71,-0.06,-0.01,2.46
2020-08-17,16.62,16.76,16.80,16.40,28484,47428111.00,2.41,0.96,0.16,3.20
2020-08-18,16.73,17.12,17.22,16.65,26571,45102865.00,3.40,2.15,0.36,2.98
2020-08-19,17.18,17.19,17.38,16.98,28800,49253825.00,2.34,0.41,0.07,3.23
2020-08-20,17.09,16.93,17.09,16.82,19400,32863456.00,1.57,-1.51,-0.26,2.18
2020-08-21,16.94,17.43,17.54,16.94,26324,45402826.00,3.54,2.95,0.50,2.95
2020-08-24,17.55,17.93,18.20,17.53,32363,58258201.00,3.84,2.87,0.50,3.63
2020-08-25,18.09,18.00,18.26,17.75,20553,36967985.00,2.84,0.39,0.07,2.31
2020-09-09,18.54,17.13,19.80,16.59,91836,168446060.00,17.83,-4.83,-0.87,10.30
2020-09-10,17.13,15.42,17.13,15.42,51504,82721722.00,9.98,-9.98,-1.71,5.78
2020-09-11,14.99,15.92,16.16,14.42,29979,45541886.00,11.28,3.24,0.50,3.36
2020-09-14,16.02,15.56,16.16,15.45,22688,35722038.00,4.46,-2.26,-0.36,2.54
2020-09-15,15.62,15.87,16.08,15.18,17521,27588614.00,5.78,1.99,0.31,1.97
2020-09-16,15.78,15.46,15.98,15.39,13033,20236561.00,3.72,-2.58,-0.41,1.46
2020-09-17,15.69,15.58,15.75,15.18,11056,17073847.00,3.69,0.78,0.12,1.24
2020-09-18,15.59,15.67,15.88,15.41,10141,15885775.00,3.02,0.58,0.09,1.14
2020-09-21,15.78,15.78,15.90,15.58,8876,13975425.00,2.04,0.70,0.11,1.00
2020-09-22,15.80,15.39,15.83,15.27,10882,16862532.00,3.55,-2.47,-0.39,1.22
2020-09-23,15.41,15.33,15.55,15.22,8070,12360359.00,2.14,-0.39,-0.06,0.91
2020-09-24,15.20,15.17,15.53,14.99,11784,17866184.00,3.52,-1.04,-0.16,1.32
2020-09-25,15.17,14.79,15.20,14.61,14358,21317286.00,3.89,-2.50,-0.38,1.61
2020-09-28,14.78,14.45,14.91,14.35,9074,13190704.00,3.79,-2.30,-0.34,1.02
2020-09-29,14.40,14.80,15.22,14.30,14726,21793373.00,6.37,2.42,0.35,1.65
2020-09-30,15.05,14.80,15.05,14.58,8944,13202372.00,3.18,0.00,0.00,1.00
2020-10-09,14.90,15.19,15.45,14.90,13399,20459360.00,3.72,2.64,0.39,1.50
2020-10-12,15.19,15.38,15.40,15.18,12774,19548942.00,1.45,1.25,0.19,1.43
2020-10-13,15.38,15.18,15.38,15.12,7891,11995352.00,1.69,-1.30,-0.20,0.89
2020-10-14,15.23,14.93,15.23,14.83,10312,15472985.00,2.64,-1.65,-0.25,1.16
2020-10-15,14.93,14.85,15.02,14.80,7123,10599955.00,1.47,-0.54,-0.08,0.80
2020-10-16,14.77,14.79,14.85,14.72,6030,8911758.00,0.88,-0.40,-0.06,0.68
2020-10-19,14.90,14.64,15.09,14.61,9091,13467159.00,3.25,-1.01,-0.15,1.02
2020-10-20,14.56,14.80,14.87,14.40,10047,14733919.00,3.21,1.09,0.16,1.13
2020-10-21,14.81,14.55,14.88,14.51,7610,11116427.00,2.50,-1.69,-0.25,0.85
2020-10-22,14.48,14.78,14.83,14.34,8257,12097380.00,3.37,1.58,0.23,0.93
2020-10-23,14.69,14.53,14.91,14.49,6944,10197417.00,2.84,-1.69,-0.25,0.78
2020-10-26,14.53,14.53,14.71,14.31,7114,10345534.00,2.75,0.00,0.00,0.80
2020-10-27,14.48,14.59,14.62,14.40,4717,6850349.00,1.51,0.41,0.06,0.53
2020-10-28,14.60,14.59,14.66,14.40,5479,7960456.00,1.78,0.00,0.00,0.61
2020-10-29,14.58,14.63,14.90,14.40,9135,13384089.00,3.43,0.27,0.04,1.02
2020-10-30,14.63,14.14,14.81,14.05,11731,16786565.00,5.19,-3.35,-0.49,1.32
2020-11-02,14.14,13.93,14.17,13.72,10006,13922181.00,3.18,-1.49,-0.21,1.12
2020-11-03,14.13,14.29,14.35,13.91,8433,11981582.00,3.16,2.58,0.36,0.95
2020-11-04,14.35,14.38,14.68,14.05,18609,26700623.00,4.41,0.63,0.09,2.09
2020-11-05,14.39,14.62,14.67,14.34,9434,13724349.00,2.29,1.67,0.24,1.06
2020-11-06,14.62,14.45,14.73,14.35,6596,9536330.00,2.60,-1.16,-0.17,0.74
2020-11-09,14.50,14.68,14.78,14.45,9739,14306302.00,2.28,1.59,0.23,1.09
2020-11-10,14.83,14.84,14.88,14.55,14029,20615690.00,2.25,1.09,0.16,1.57
2020-11-11,14.81,14.66,14.81,14.58,8218,12056316.00,1.55,-1.21,-0.18,0.92
2020-11-12,14.65,14.72,14.75,14.63,5123,7530598.00,0.82,0.41,0.06,0.57
2020-11-13,14.75,14.63,14.75,14.55,5259,7697636.00,1.36,-0.61,-0.09,0.59
2020-11-16,14.63,14.74,14.75,14.55,5381,7889700.00,1.37,0.75,0.11,0.60
2020-11-17,14.74,15.00,15.10,14.61,10859,16105959.00,3.32,1.76,0.26,1.22
2020-11-18,14.90,14.94,15.14,14.86,7701,11545569.00,1.87,-0.40,-0.06,0.86
2020-11-19,15.15,14.97,15.22,14.96,5959,8970902.00,1.74,0.20,0.03,0.67
2020-11-20,14.91,15.16,15.50,14.67,20768,31378547.00,5.54,1.27,0.19,2.33
2020-11-23,15.21,15.00,15.21,14.97,15517,23348404.00,1.58,-1.06,-0.16,1.74
2020-11-24,14.96,14.81,15.08,14.80,5868,8745565.00,1.87,-1.27,-0.19,0.66
2020-11-25,14.98,14.52,14.98,14.50,6494,9534395.00,3.24,-1.96,-0.29,0.73
2020-11-26,14.74,14.52,14.76,14.31,5024,7310114.00,3.10,0.00,0.00,0.56
2020-11-27,14.60,14.56,14.90,14.37,19668,28828762.00,3.65,0.28,0.04,2.21
2020-11-30,14.61,14.38,14.61,14.32,8000,11571865.00,1.99,-1.24,-0.18,0.90
2020-12-01,14.27,14.62,14.68,14.27,6342,9227913.00,2.85,1.67,0.24,0.71
2020-12-02,14.56,15.06,15.16,14.55,16672,24949620.00,4.17,3.01,0.44,1.87
2020-12-03,15.00,15.07,15.15,14.96,7114,10702164.00,1.26,0.07,0.01,0.80
2020-12-04,15.03,15.15,15.17,14.98,6184,9351432.00,1.26,0.53,0.08,0.69
2020-12-07,15.15,14.87,15.24,14.85,6889,10360641.00,2.57,-1.85,-0.28,0.77
2020-12-08,14.87,14.80,15.14,14.70,6314,9396678.00,2.96,-0.47,-0.07,0.71
2020-12-09,14.78,14.59,14.80,14.56,5807,8507134.00,1.62,-1.42,-0.21,0.65
2020-12-10,14.61,14.57,14.70,14.42,4267,6211361.00,1.92,-0.14,-0.02,0.48
2020-12-11,14.57,14.07,14.61,14.00,8732,12421690.00,4.19,-3.43,-0.50,0.98
2020-12-14,14.08,14.20,14.28,13.93,5472,7739149.00,2.49,0.92,0.13,0.61
2020-12-15,14.17,14.08,14.30,14.01,4321,6088486.00,2.04,-0.85,-0.12,0.48
2020-12-16,14.01,13.63,14.13,13.61,11858,16362844.00,3.69,-3.20,-0.45,1.33
2020-12-17,13.69,13.40,13.69,13.10,12665,16906665.00,4.33,-1.69,-0.23,1.42
2020-12-18,13.42,13.30,13.54,13.14,10811,14427105.00,2.99,-0.75,-0.10,1.21
2020-12-21,13.30,13.17,13.37,13.08,7804,10273674.00,2.18,-0.98,-0.13,0.88
2020-12-22,13.17,12.76,13.17,12.70,9563,12345720.00,3.57,-3.11,-0.41,1.07
2020-12-23,12.80,12.89,13.10,12.67,5125,6566461.00,3.37,1.02,0.13,0.57
2020-12-24,12.98,12.85,12.99,12.71,5234,6705595.00,2.17,-0.31,-0.04,0.59
2020-12-25,12.63,12.86,12.99,12.57,3735,4800615.00,3.27,0.08,0.01,0.42
2020-12-28,12.88,12.40,12.92,12.30,8498,10599151.00,4.82,-3.58,-0.46,0.95
2020-12-29,12.40,12.53,12.56,12.27,4677,5824362.00,2.34,1.05,0.13,0.52
2020-12-30,12.50,12.37,12.58,12.35,4547,5668427.00,1.84,-1.28,-0.16,0.51
2020-12-31,12.41,12.71,12.75,12.37,5256,6634956.00,3.07,2.75,0.34,0.59
2021-01-04,12.80,13.04,13.20,12.68,5415,7036631.00,4.09,2.60,0.33,0.61
2021-01-05,12.87,12.97,13.04,12.72,8667,11119251.00,2.45,-0.54,-0.07,0.97
2021-01-06,12.97,13.05,13.17,12.72,19628,25403767.00,3.47,0.62,0.08,2.20
2021-01-07,13.01,13.14,13.14,12.78,15362,19945656.00,2.76,0.69,0.09,1.72
2021-01-08,13.13,12.85,13.43,12.80,14152,18464393.00,4.79,-2.21,-0.29,1.58
2021-01-11,12.85,12.49,12.85,12.31,10553,13144236.00,4.20,-2.80,-0.36,1.18
2021-01-12,12.46,12.73,12.75,12.16,9479,11980682.00,4.72,1.92,0.24,1.06
2021-01-13,12.73,12.42,13.09,12.40,11034,14053438.00,5.42,-2.44,-0.31,1.24
2021-01-14,12.42,12.68,12.73,12.31,7036,8796953.00,3.38,2.09,0.26,0.79
2021-01-15,12.77,12.96,13.10,12.72,19875,25576959.00,3.00,2.21,0.28,2.23
2021-01-18,12.79,12.66,12.99,12.18,17692,22485539.00,6.25,-2.31,-0.30,1.98
2021-01-19,12.57,12.57,12.65,12.38,11448,14348849.00,2.13,-0.71,-0.09,1.28
2021-01-20,12.67,12.49,12.67,12.46,5879,7359786.00,1.67,-0.64,-0.08,0.66
2021-01-21,12.49,12.49,12.54,12.36,5956,7423989.00,1.44,0.00,0.00,0.67
2021-01-22,12.49,12.21,12.49,12.20,7966,9783330.00,2.32,-2.24,-0.28,0.89
2021-01-25,12.18,11.92,12.21,11.64,9759,11586148.00,4.67,-2.38,-0.29,1.09
2021-01-26,11.80,11.75,11.93,11.65,3384,3992454.00,2.35,-1.43,-0.17,0.38
2021-01-27,11.76,11.80,11.95,11.68,5466,6437107.00,2.30,0.43,0.05,0.61
2021-01-28,11.80,11.90,12.09,11.68,4345,5180747.00,3.47,0.85,0.10,0.49
2021-01-29,11.80,11.65,11.94,11.62,5651,6624742.00,2.69,-2.10,-0.25,0.63
2021-02-01,11.67,11.62,11.80,11.43,5666,6564189.00,3.18,-0.26,-0.03,0.63
2021-02-02,11.53,11.61,11.75,11.50,2678,3119198.00,2.15,-0.09,-0.01,0.30
2021-02-03,11.61,11.25,11.61,11.25,6211,7043364.00,3.10,-3.10,-0.36,0.70
2021-02-04,11.25,10.88,11.25,10.83,6225,6828431.00,3.73,-3.29,-0.37,0.70
2021-02-05,10.78,11.09,11.40,10.78,6699,7427945.00,5.70,1.93,0.21,0.75
2021-02-08,10.91,10.98,11.17,10.81,4150,4555337.00,3.25,-0.99,-0.11,0.46
2021-02-09,10.90,11.35,11.78,10.77,11325,12772998.00,9.20,3.37,0.37,1.27
2021-02-10,11.34,11.70,11.70,11.30,4981,5710257.00,3.52,3.08,0.35,0.56
2021-02-18,12.84,12.10,12.84,12.01,15001,18357438.00,7.09,3.42,0.40,1.68
2021-02-19,12.10,12.30,12.35,11.80,11481,13913993.00,4.55,1.65,0.20,1.29
2021-02-22,12.31,12.13,12.49,12.13,12606,15527081.00,2.93,-1.38,-0.17,1.41
2021-02-23,12.14,11.94,12.19,11.82,6612,7910249.00,3.05,-1.57,-0.19,0.74
2021-02-24,11.99,12.05,12.19,11.90,5435,6563377.00,2.43,0.92,0.11,0.61
2021-02-25,12.04,11.96,12.25,11.94,4763,5744189.00,2.57,-0.75,-0.09,0.53
2021-02-26,11.89,12.10,12.17,11.73,4917,5925514.00,3.68,1.17,0.14,0.55
2021-03-01,12.16,12.16,12.25,12.00,4343,5269829.00,2.07,0.50,0.06,0.49
2021-03-02,12.16,12.16,12.26,11.86,8434,10155621.00,3.29,0.00,0.00,0.94
2021-03-03,12.16,12.15,12.18,12.00,6159,7471019.00,1.48,-0.08,-0.01,0.69
2021-03-04,12.14,12.00,12.23,11.98,7242,8759269.00,2.06,-1.23,-0.15,0.81
2021-03-05,11.99,12.09,12.15,11.91,5446,6586514.00,2.00,0.75,0.09,0.61
2021-03-08,12.25,12.03,12.42,11.99,9843,12014706.00,3.56,-0.50,-0.06,1.10
2021-03-09,12.05,12.03,12.25,11.74,8374,10064489.00,4.24,0.00,0.00,0.94
2021-03-10,12.03,11.99,12.20,11.83,6907,8330359.00,3.08,-0.33,-0.04,0.77
2021-03-11,11.95,12.06,12.08,11.88,4132,4962416.00,1.67,0.58,0.07,0.46
2021-03-12,12.06,11.89,12.06,11.80,4311,5127521.00,2.16,-1.41,-0.17,0.48
2021-03-15,11.88,11.84,11.94,11.76,3095,3662949.00,1.51,-0.42,-0.05,0.35
2021-03-16,11.77,11.99,12.01,11.77,4760,5670059.00,2.03,1.27,0.15,0.53
2021-03-17,11.99,12.21,12.29,11.85,6015,7295991.00,3.67,1.83,0.22,0.67
2021-03-18,12.18,12.10,12.32,12.03,7107,8650905.00,2.38,-0.90,-0.11,0.80
2021-03-19,11.98,12.09,12.17,11.95,3742,4521420.00,1.82,-0.08,-0.01,0.42
2021-03-22,12.20,12.35,12.38,12.11,8422,10355660.00,2.23,2.15,0.26,0.94
2021-03-23,12.33,12.57,12.60,12.24,11866,14804859.00,2.91,1.78,0.22,1.33
2021-03-24,12.56,12.86,12.89,12.42,16686,21168628.00,3.74,2.31,0.29,1.87
2021-03-25,12.87,12.96,12.98,12.63,13287,17041252.00,2.72,0.78,0.10,1.49
2021-03-26,12.91,13.18,14.26,12.80,25984,34475198.00,11.27,1.70,0.22,2.91
2021-03-29,13.14,12.49,13.14,12.44,19668,24983058.00,5.31,-5.24,-0.69,2.20
2021-03-30,12.48,12.50,12.74,12.48,8446,10607148.00,2.08,0.08,0.01,0.95
2021-03-31,12.30,12.67,12.74,12.28,9793,12291232.00,3.68,1.36,0.17,1.10
2021-04-01,12.63,12.43,12.66,12.35,7631,9533381.00,2.45,-1.89,-0.24,0.85
2021-04-02,12.35,12.38,12.56,12.22,6210,7690455.00,2.74,-0.40,-0.05,0.70
2021-04-06,12.38,12.39,12.45,12.25,6090,7532879.00,1.62,0.08,0.01,0.68
2021-04-07,12.45,12.45,12.45,12.33,4892,6070294.00,0.97,0.48,0.06,0.55
2021-04-08,12.47,12.26,12.47,12.21,4928,6073929.00,2.09,-1.53,-0.19,0.55
2021-04-09,12.25,12.24,12.35,12.21,3425,4204066.00,1.14,-0.16,-0.02,0.38
2021-04-12,12.32,11.94,12.43,11.86,6110,7408437.00,4.66,-2.45,-0.30,0.68
2021-04-13,12.15,12.08,12.16,11.92,5676,6818772.00,2.01,1.17,0.14,0.64
2021-04-14,12.09,12.46,12.67,11.96,11894,14687955.00,5.88,3.15,0.38,1.33
2021-04-15,12.51,12.35,12.51,12.26,3410,4212991.00,2.01,-0.88,-0.11,0.38
2021-04-16,12.36,12.41,12.48,12.32,4579,5670601.00,1.30,0.49,0.06,0.51
2021-04-19,12.45,12.52,12.80,12.38,6300,7873282.00,3.38,0.89,0.11,0.71
2021-04-20,12.52,12.43,12.56,12.36,5690,7093912.00,1.60,-0.72,-0.09,0.64
2021-04-21,12.32,12.37,12.39,12.21,5240,6452014.00,1.45,-0.48,-0.06,0.59
2021-04-22,12.59,12.30,12.59,12.25,3611,4458333.00,2.75,-0.57,-0.07,0.40
2021-04-23,12.06,12.39,12.39,12.06,3624,4431992.00,2.68,0.73,0.09,0.41
2021-04-26,12.39,12.36,12.53,12.20,7914,9814729.00,2.66,-0.24,-0.03,0.89
2021-04-27,12.30,12.22,12.30,12.10,3944,4812816.00,1.62,-1.13,-0.14,0.44
2021-04-28,12.22,12.08,12.24,12.07,4397,5342635.00,1.39,-1.15,-0.14,0.49
2021-04-29,12.08,12.06,12.17,12.04,3037,3670729.00,1.08,-0.17,-0.02,0.34
2021-04-30,12.06,12.00,12.10,11.90,3947,4728458.00,1.66,-0.50,-0.06,0.44
2021-05-06,11.98,12.04,12.17,11.75,3724,4484664.00,3.50,0.33,0.04,0.42
2021-05-07,11.93,12.17,12.19,11.81,5175,6253503.00,3.16,1.08,0.13,0.58
2021-05-10,12.01,12.17,12.22,12.01,3177,3853473.00,1.73,0.00,0.00,0.36
2021-05-11,12.03,12.17,12.23,11.70,5362,6473828.00,4.35,0.00,0.00,0.60
2021-05-12,12.15,12.20,12.98,12.07,6814,8379155.00,7.48,0.25,0.03,0.76
2021-05-13,12.20,12.60,12.88,11.00,13337,16521909.00,15.41,3.28,0.40,1.49
2021-05-14,12.59,12.44,12.60,12.34,9315,11600914.00,2.06,-1.27,-0.16,1.04
2021-05-17,12.16,11.99,12.44,11.99,11699,14171298.00,3.62,-3.62,-0.45,1.31
2021-05-18,11.93,11.83,11.99,11.73,6507,7700779.00,2.17,-1.33,-0.16,0.73
2021-05-19,11.83,11.70,11.83,11.68,5985,7018003.00,1.27,-1.10,-0.13,0.67
2021-05-20,11.79,11.75,11.88,11.65,5114,6023555.00,1.97,0.43,0.05,0.57
2021-05-21,11.76,11.91,12.00,11.69,6197,7318354.00,2.64,1.36,0.16,0.69
2021-05-24,11.97,11.90,11.98,11.80,4415,5248875.00,1.51,-0.08,-0.01,0.49
2021-05-25,11.82,11.84,11.97,11.76,6070,7174107.00,1.76,-0.50,-0.06,0.68
2021-05-26,11.80,11.81,11.90,11.80,6702,7930462.00,0.84,-0.25,-0.03,0.75
2021-05-27,11.81,11.86,11.92,11.78,4017,4767735.00,1.19,0.42,0.05,0.45
2021-05-28,11.87,11.85,11.96,11.82,3422,4061143.00,1.18,-0.08,-0.01,0.38
2021-05-31,11.86,11.83,11.90,11.61,3719,4383633.00,2.45,-0.17,-0.02,0.42
2021-06-01,11.85,11.90,11.93,11.73,4483,5321637.00,1.69,0.59,0.07,0.50
2021-06-02,11.86,11.88,11.95,11.80,4958,5883019.00,1.26,-0.17,-0.02,0.56
2021-06-03,11.90,11.93,11.95,11.83,4995,5944146.00,1.01,0.42,0.05,0.56
2021-06-04,11.94,11.90,11.95,11.84,2788,3310943.00,0.92,-0.25,-0.03,0.31
2021-06-07,11.95,11.80,11.95,11.75,3819,4516374.00,1.68,-0.84,-0.10,0.43
2021-06-08,11.80,11.85,11.88,11.73,7336,8661671.00,1.27,0.42,0.05,0.82
2021-06-09,11.84,12.03,12.03,11.79,10129,12068187.00,2.03,1.52,0.18,1.13
2021-06-10,11.97,11.92,12.08,11.85,5673,6779240.00,1.91,-0.91,-0.11,0.64
2021-06-11,11.89,12.05,12.13,11.83,11775,14164958.00,2.52,1.09,0.13,1.32
2021-06-15,12.10,11.80,12.11,11.77,9159,10854978.00,2.82,-2.07,-0.25,1.03
2021-06-16,11.82,11.61,11.85,11.57,5232,6118428.00,2.37,-1.61,-0.19,0.59
2021-06-17,11.61,11.55,11.68,11.47,3967,4581318.00,1.81,-0.52,-0.06,0.44
2021-06-18,11.55,11.67,11.70,11.45,3331,3875061.00,2.16,1.04,0.12,0.37
2021-06-21,11.66,11.64,11.72,11.59,6112,7112718.00,1.11,-0.26,-0.03,0.68
2021-06-22,11.65,11.70,11.75,11.60,5503,6435553.00,1.29,0.52,0.06,0.62
2021-06-23,11.71,11.71,11.84,11.65,5531,6484502.00,1.62,0.09,0.01,0.62
2021-06-24,11.72,11.90,11.92,11.61,11798,13918354.00,2.65,1.62,0.19,1.32
2021-06-25,11.90,11.86,11.90,11.75,9178,10850387.00,1.26,-0.34,-0.04,1.03
2021-06-28,11.81,11.88,12.07,11.80,8158,9730769.00,2.28,0.17,0.02,0.91
2021-06-29,11.79,11.51,11.79,11.49,24334,28149940.00,2.53,-3.11,-0.37,2.72
2021-06-30,11.44,11.46,11.56,11.40,9983,11467883.00,1.39,-0.43,-0.05,1.12
2021-07-01,11.55,11.31,11.58,11.29,9731,11149965.00,2.53,-1.31,-0.15,1.09
2021-07-02,11.31,11.29,11.33,11.13,9420,10556153.00,1.77,-0.18,-0.02,1.05
2021-07-05,11.27,11.48,11.48,11.20,7365,8397765.00,2.48,1.68,0.19,0.82
2021-07-06,11.47,11.44,11.58,11.40,5315,6095483.00,1.57,-0.35,-0.04,0.59
2021-07-07,11.44,11.41,11.55,11.39,4915,5620500.00,1.40,-0.26,-0.03,0.55
2021-07-08,11.41,11.26,11.41,10.80,7175,8076982.00,5.35,-1.31,-0.15,0.80
2021-07-09,11.25,11.23,11.32,11.17,6319,7092900.00,1.33,-0.27,-0.03,0.71
2021-07-12,11.28,11.25,11.44,11.22,7640,8632835.00,1.96,0.18,0.02,0.86
2021-07-13,11.27,11.24,11.33,11.18,9919,11121920.00,1.33,-0.09,-0.01,1.11
2021-07-14,11.25,11.07,11.30,11.05,7142,7967453.00,2.22,-1.51,-0.17,0.80
2021-07-15,11.07,10.92,11.07,10.88,7892,8629256.00,1.72,-1.36,-0.15,0.88
2021-07-16,10.89,10.86,10.97,10.77,6950,7559417.00,1.83,-0.55,-0.06,0.78
