2016-12-29,19.55,19.55,19.55,19.55,36,71298.00,0.00,10.02,1.78,0.01
2016-12-30,21.51,21.51,21.51,21.51,52,111808.00,0.00,10.03,1.96,0.02
2017-01-03,23.66,23.66,23.66,23.66,57,134862.00,0.00,10.00,2.15,0.02
2017-01-04,26.03,26.03,26.03,26.03,49,128223.00,0.00,10.02,2.37,0.02
2017-01-05,28.63,28.63,28.63,28.63,72,206021.00,0.00,9.99,2.60,0.03
2017-01-06,31.49,31.49,31.49,31.49,220,691929.00,0.00,9.99,2.86,0.08
2017-01-09,34.64,34.64,34.64,34.64,357,1235366.00,0.00,10.00,3.15,0.13
2017-01-10,38.10,38.10,38.10,38.10,474,1804720.00,0.00,9.99,3.46,0.18
2017-01-11,41.91,41.91,41.91,41.91,2022,8476046.00,0.00,10.00,3.81,0.75
2017-01-12,40.02,37.72,40.20,37.72,138486,536404736.00,5.92,-10.00,-4.19,51.29
2017-01-13,37.02,34.95,37.42,34.70,110075,393586304.00,7.21,-7.34,-2.77,40.77
2017-01-16,34.38,33.99,35.75,32.58,79215,273282208.00,9.07,-2.75,-0.96,29.34
2017-01-17,33.61,35.41,36.44,32.90,85009,294269648.00,10.41,4.18,1.42,31.48
2017-01-18,34.81,33.50,35.30,33.50,58071,199762053.00,5.08,-5.39,-1.91,21.51
2017-01-19,32.78,32.75,33.85,31.77,52257,172068967.00,6.21,-2.24,-0.75,19.35
2017-01-20,32.88,33.92,34.50,32.50,50564,171394156.00,6.11,3.57,1.17,18.73
2017-01-23,33.70,35.38,35.83,33.68,59801,209741529.00,6.34,4.30,1.46,22.15
2017-01-24,35.01,35.26,36.87,34.81,57244,204365587.00,5.82,-0.34,-0.12,21.20
2017-01-25,34.85,36.39,36.67,34.56,50501,181399595.00,5.98,3.20,1.13,18.70
2017-01-26,36.80,36.50,36.80,35.83,43092,156591013.00,2.67,0.30,0.11,15.96
2017-02-03,36.40,35.59,36.43,35.48,31799,114116827.00,2.60,-2.49,-0.91,11.78
2017-02-06,35.75,37.59,37.69,35.75,56655,208489371.00,5.45,5.62,2.00,20.98
2017-02-07,37.30,36.90,37.31,36.18,44532,163743988.00,3.01,-1.84,-0.69,16.49
2017-02-08,37.00,38.22,38.66,36.65,54668,205848202.00,5.45,3.58,1.32,20.25
2017-02-09,37.91,38.32,38.80,37.66,45138,172461671.00,2.98,0.26,0.10,16.72
2017-02-10,38.28,36.80,38.54,36.75,39934,149310619.00,4.67,-3.97,-1.52,14.79
2017-02-13,36.90,40.48,40.48,36.51,51236,197725575.00,10.79,10.00,3.68,18.98
2017-02-14,39.90,40.88,42.86,39.50,94065,386385616.00,8.30,0.99,0.40,34.84
2017-02-15,40.64,42.21,44.97,40.55,89300,382830304.00,10.81,3.25,1.33,33.07
2017-02-16,41.02,39.96,41.39,39.38,65855,265209023.00,4.76,-5.33,-2.25,24.39
2017-02-17,39.92,38.60,40.40,38.60,48445,191070765.00,4.50,-3.40,-1.36,17.94
2017-02-20,38.42,38.72,38.90,37.40,30866,117480230.00,3.89,0.31,0.12,11.43
2017-02-21,38.55,39.55,39.70,38.51,28877,113254884.00,3.07,2.14,0.83,10.70
2017-02-22,39.24,39.09,39.48,38.28,22579,87937612.00,3.03,-1.16,-0.46,8.36
2017-02-23,38.98,40.20,40.48,38.40,38210,152352690.00,5.32,2.84,1.11,14.15
2017-02-24,40.25,41.19,41.80,40.24,41278,169816676.00,3.88,2.46,0.99,15.29
2017-02-27,40.80,40.67,41.28,40.19,32617,132528277.00,2.65,-1.26,-0.52,12.08
2017-02-28,40.72,40.96,40.96,39.80,26537,107454164.00,2.85,0.71,0.29,9.83
2017-03-01,40.98,40.37,41.20,40.00,23615,95833901.00,2.93,-1.44,-0.59,8.75
2017-03-02,40.47,40.76,41.07,40.18,26343,107194436.00,2.20,0.97,0.39,9.76
2017-03-03,40.31,39.72,40.52,39.66,40244,161295781.00,2.11,-2.55,-1.04,14.91
2017-03-06,39.60,41.05,41.10,39.60,33969,138115074.00,3.78,3.35,1.33,12.58
2017-03-07,41.20,41.85,41.95,40.78,42361,175014719.00,2.85,1.95,0.80,15.69
2017-03-08,41.83,42.12,42.17,41.36,34631,144708971.00,1.94,0.65,0.27,12.83
2017-03-09,41.79,40.96,41.88,40.47,31763,130006270.00,3.35,-2.75,-1.16,11.76
2017-03-10,40.96,41.30,41.59,40.72,23013,94784528.00,2.12,0.83,0.34,8.52
2017-03-13,41.17,42.30,42.30,40.36,31822,132379220.00,4.70,2.42,1.00,11.79
2017-03-14,42.12,42.20,43.27,42.00,35752,152035528.00,3.00,-0.24,-0.10,13.24
2017-03-15,41.98,42.36,42.80,41.31,29685,124868556.00,3.53,0.38,0.16,10.99
2017-03-16,42.31,43.76,44.35,42.31,45695,198551703.00,4.82,3.31,1.40,16.92
2017-03-17,43.62,44.22,45.45,42.85,69601,306929264.00,5.94,1.05,0.46,25.78
2017-03-20,44.06,47.18,47.23,44.06,76484,349590960.00,7.17,6.69,2.96,28.33
2017-03-21,47.00,46.90,47.34,45.86,56346,261695815.00,3.14,-0.59,-0.28,20.87
2017-03-22,46.40,46.65,47.16,45.65,49868,231485086.00,3.22,-0.53,-0.25,18.47
2017-03-23,46.85,44.40,47.09,43.00,60850,273819744.00,8.77,-4.82,-2.25,22.54
2017-03-24,44.40,44.83,45.35,44.01,32358,145181794.00,3.02,0.97,0.43,11.98
2017-03-27,44.99,45.28,45.42,43.99,28132,125978866.00,3.19,1.00,0.45,10.42
2017-03-28,45.21,43.50,45.26,43.28,26559,118154321.00,4.37,-3.93,-1.78,9.84
2017-03-29,43.30,40.84,43.79,40.42,37702,157549687.00,7.75,-6.11,-2.66,13.96
2017-03-30,40.29,39.60,40.49,39.55,27718,110758247.00,2.30,-3.04,-1.24,10.27
2017-03-31,39.72,39.09,40.31,38.68,21230,83899245.00,4.12,-1.29,-0.51,7.86
2017-04-05,39.06,40.10,40.34,38.51,18571,73787440.00,4.68,2.58,1.01,6.88
2017-04-06,40.03,40.24,40.97,39.90,16117,65149880.00,2.67,0.35,0.14,5.97
2017-04-07,40.12,40.46,40.80,39.78,21145,85093722.00,2.53,0.55,0.22,7.83
2017-04-10,40.15,39.53,40.63,38.03,33016,131563765.00,6.43,-2.30,-0.93,12.23
2017-04-11,39.00,38.21,39.95,36.25,40484,153542395.00,9.36,-3.34,-1.32,14.99
2017-04-12,38.09,37.08,38.15,37.02,14324,53840640.00,2.96,-2.96,-1.13,5.31
2017-04-13,37.00,37.42,38.10,36.85,13239,49840045.00,3.37,0.92,0.34,4.90
2017-04-14,37.38,36.52,37.49,36.52,10186,37601582.00,2.59,-2.41,-0.90,3.77
2017-04-17,35.12,33.10,35.12,33.00,20710,69812516.00,5.81,-9.36,-3.42,7.67
2017-04-18,33.18,32.79,33.72,32.63,10667,35392434.00,3.29,-0.94,-0.31,3.95
2017-04-19,32.97,33.70,34.00,32.58,14972,49746609.00,4.33,2.78,0.91,5.55
2017-04-20,33.49,32.91,33.86,31.85,13419,44087530.00,5.96,-2.34,-0.79,4.97
2017-04-21,36.08,35.09,36.20,34.80,59785,214180728.00,4.25,6.62,2.18,22.14
2017-04-24,33.00,33.00,33.88,32.01,39185,129621777.00,5.33,-5.96,-2.09,14.51
2017-04-25,33.15,33.82,34.50,33.00,27782,94401645.00,4.55,2.48,0.82,10.29
2017-04-26,33.75,34.91,36.06,33.62,37691,132112581.00,7.21,3.22,1.09,13.96
2017-04-27,34.63,36.62,36.96,34.13,35800,127968553.00,8.11,4.90,1.71,13.26
2017-04-28,36.66,36.71,37.50,36.46,24108,89066783.00,2.84,0.25,0.09,8.93
2017-05-02,36.50,36.63,37.25,36.30,15800,58140506.00,2.59,-0.22,-0.08,5.85
2017-05-03,36.63,37.39,37.61,36.63,21067,78299623.00,2.68,2.07,0.76,7.80
2017-05-04,37.46,36.40,37.48,36.40,17954,66241550.00,2.89,-2.65,-0.99,6.65
2017-05-05,36.16,37.05,38.38,36.16,28698,107319489.00,6.10,1.79,0.65,10.63
2017-05-08,37.00,35.38,37.24,35.00,16817,61529798.00,6.05,-4.51,-1.67,6.23
2017-05-09,35.34,35.70,35.97,33.81,22868,79693169.00,6.11,0.90,0.32,8.47
2017-05-10,35.45,36.44,38.27,35.45,37748,140261170.00,7.90,2.07,0.74,13.98
2017-05-11,35.94,37.44,37.50,35.12,27842,101357993.00,6.53,2.74,1.00,10.31
2017-05-12,37.45,38.62,38.88,37.20,35706,136941115.00,4.49,3.15,1.18,13.22
2017-05-15,38.19,38.64,39.22,38.13,25376,98022678.00,2.82,0.05,0.02,9.40
2017-05-16,38.17,39.69,40.24,37.72,35878,139482852.00,6.52,2.72,1.05,13.29
2017-05-17,39.65,40.48,42.80,39.53,44872,183044235.00,8.24,1.99,0.79,16.62
2017-05-18,40.80,40.15,41.68,39.47,38958,158943287.00,5.46,-0.82,-0.33,14.43
2017-05-19,40.16,38.70,40.28,37.78,31373,122171765.00,6.23,-3.61,-1.45,11.62
2017-05-22,38.40,36.20,39.47,35.52,30336,113994969.00,10.21,-6.46,-2.50,11.24
2017-05-23,36.00,34.69,36.56,34.10,24375,86017473.00,6.80,-4.17,-1.51,9.03
2017-05-24,34.06,35.44,35.66,34.06,21723,75590142.00,4.61,2.16,0.75,8.05
2017-05-25,17.60,16.61,17.82,15.89,63897,106079324.00,5.45,-53.13,-18.83,11.83
2017-05-26,16.80,17.01,17.15,16.25,43965,73501593.00,5.42,2.41,0.40,8.14
2017-05-31,17.70,16.80,18.18,16.61,49069,86088362.00,9.23,-1.23,-0.21,9.09
2017-06-01,16.40,15.17,16.60,15.12,51453,81260400.00,8.81,-9.70,-1.63,9.53
2017-06-02,14.98,15.59,15.85,14.73,31244,47965242.00,7.38,2.77,0.42,5.79
2017-06-05,15.92,15.93,16.23,15.66,30696,49067759.00,3.66,2.18,0.34,5.68
2017-06-06,15.84,17.18,17.52,15.65,75897,127904485.00,11.74,7.85,1.25,14.06
2017-06-07,17.38,18.90,18.90,17.35,95846,177714930.00,9.02,10.01,1.72,17.75
2017-06-08,20.30,18.94,20.79,18.76,192194,381413520.00,10.74,0.21,0.04,35.59
2017-06-09,18.20,18.49,18.90,17.62,128885,234064792.00,6.76,-2.38,-0.45,23.87
2017-06-12,17.75,16.64,17.98,16.64,94570,163144904.00,7.25,-10.01,-1.85,17.51
2017-06-13,16.75,18.30,18.30,16.75,53394,95584848.00,9.31,9.98,1.66,9.89
2017-06-14,20.13,20.13,20.13,19.52,220057,441682480.00,3.33,10.00,1.83,40.75
2017-06-15,19.48,21.24,21.79,19.21,274494,565248256.00,12.82,5.51,1.11,50.83
2017-06-16,21.00,21.86,23.36,20.94,312661,700975024.00,11.39,2.92,0.62,57.90
2017-06-19,20.05,21.40,21.52,19.80,229410,470293792.00,7.87,-2.10,-0.46,42.48
2017-06-20,21.05,20.53,21.30,20.17,181711,375797584.00,5.28,-4.07,-0.87,33.65
2017-06-21,20.39,20.36,20.50,19.60,146234,292683584.00,4.38,-0.83,-0.17,27.08
2017-06-22,20.09,19.42,20.30,19.23,120229,237231209.00,5.26,-4.62,-0.94,22.26
2017-06-23,19.59,19.29,19.78,18.65,100233,192651191.00,5.82,-0.67,-0.13,18.56
2017-06-26,19.40,19.56,19.59,18.71,89580,172441523.00,4.56,1.40,0.27,16.59
2017-06-27,19.50,20.40,20.80,19.26,174343,351118384.00,7.87,4.29,0.84,32.29
2017-06-28,20.07,19.30,20.07,19.21,106676,207858785.00,4.22,-5.39,-1.10,19.75
2017-06-29,19.60,19.30,19.88,19.13,65624,127379836.00,3.89,0.00,0.00,12.15
2017-06-30,19.10,18.40,19.10,18.22,85188,158594827.00,4.56,-4.66,-0.90,15.78
2017-07-03,18.63,18.30,18.63,18.20,46604,85416565.00,2.34,-0.54,-0.10,8.63
2017-07-04,18.39,18.12,18.46,18.04,44198,80562778.00,2.30,-0.98,-0.18,8.18
2017-07-05,18.13,18.77,18.77,18.05,73409,135215067.00,3.97,3.59,0.65,13.59
2017-07-06,18.65,18.56,18.76,18.23,66971,124005821.00,2.82,-1.12,-0.21,12.40
2017-07-07,18.52,18.97,19.24,18.34,84563,159555667.00,4.85,2.21,0.41,15.66
2017-07-10,18.60,17.56,18.80,17.51,83923,150608672.00,6.80,-7.43,-1.41,15.54
2017-07-11,17.58,16.99,17.71,16.80,44900,77256708.00,5.18,-3.25,-0.57,8.31
2017-07-12,16.85,17.38,17.50,16.58,49849,85342264.00,5.41,2.30,0.39,9.23
2017-07-13,16.60,16.36,16.85,16.16,62131,102610013.00,3.97,-5.87,-1.02,11.51
2017-07-14,16.25,16.21,16.57,16.16,26664,43594797.00,2.51,-0.92,-0.15,4.94
2017-07-17,16.19,14.82,16.33,14.68,44444,67452090.00,10.18,-8.57,-1.39,8.23
2017-07-18,14.87,15.13,15.32,14.55,37052,55292292.00,5.20,2.09,0.31,6.86
2017-07-19,15.03,15.16,15.33,14.85,31522,47573488.00,3.17,0.20,0.03,5.84
2017-07-20,15.02,14.97,15.31,14.93,33890,51321722.00,2.51,-1.25,-0.19,6.28
2017-07-21,14.86,14.61,14.90,14.61,28675,42185986.00,1.94,-2.40,-0.36,5.31
2017-07-24,14.61,14.68,14.73,14.11,35156,50914479.00,4.24,0.48,0.07,6.51
2017-07-25,14.52,15.11,15.28,14.45,45466,67794951.00,5.65,2.93,0.43,8.42
2017-07-26,14.98,14.66,15.06,14.50,31907,47067206.00,3.71,-2.98,-0.45,5.91
2017-07-27,14.60,15.07,15.15,14.53,39506,59048317.00,4.23,2.80,0.41,7.32
2017-07-28,15.00,15.03,15.10,14.91,28071,42110329.00,1.26,-0.27,-0.04,5.20
2017-07-31,15.20,15.32,15.47,15.05,39387,60169047.00,2.79,1.93,0.29,7.29
2017-08-01,15.33,15.19,15.34,15.04,33278,50335828.00,1.96,-0.85,-0.13,6.16
2017-08-02,15.23,14.70,15.25,14.70,25897,38778451.00,3.62,-3.23,-0.49,4.80
2017-08-03,14.74,14.81,15.06,14.61,21314,31600602.00,3.06,0.75,0.11,3.95
2017-08-04,14.84,14.73,14.96,14.68,18225,26926835.00,1.89,-0.54,-0.08,3.37
2017-08-07,14.68,14.71,14.85,14.68,13288,19593848.00,1.15,-0.14,-0.02,2.46
2017-08-08,14.71,14.46,14.76,14.28,22978,33225562.00,3.26,-1.70,-0.25,4.26
2017-08-09,14.40,14.49,14.59,14.40,12195,17655402.00,1.31,0.21,0.03,2.26
2017-08-10,14.50,14.24,14.55,14.15,16668,23894665.00,2.76,-1.73,-0.25,3.09
2017-08-11,14.20,14.14,14.33,14.11,12970,18435578.00,1.54,-0.70,-0.10,2.40
2017-08-14,14.18,14.42,14.48,14.17,14271,20473059.00,2.19,1.98,0.28,2.64
2017-08-15,14.40,14.81,14.98,14.40,34107,50227661.00,4.02,2.70,0.39,6.32
2017-08-16,14.73,15.24,15.28,14.64,49109,73853552.00,4.32,2.90,0.43,9.09
2017-08-17,15.10,15.12,15.19,14.90,35121,52820890.00,1.90,-0.79,-0.12,6.50
2017-08-18,15.00,14.80,15.07,14.80,23290,34676094.00,1.79,-2.12,-0.32,4.31
2017-08-21,14.80,15.06,15.06,14.70,24549,36615913.00,2.43,1.76,0.26,4.55
2017-08-22,15.01,14.79,15.05,14.74,21546,32019903.00,2.06,-1.79,-0.27,3.99
2017-08-23,14.75,14.88,14.96,14.72,20271,30140543.00,1.62,0.61,0.09,3.75
2017-08-24,14.89,14.79,14.94,14.70,24547,36337981.00,1.61,-0.60,-0.09,4.55
2017-08-25,14.73,15.02,15.09,14.55,47874,71225676.00,3.65,1.56,0.23,8.87
2017-08-28,15.08,15.73,16.00,15.02,85445,132370311.00,6.52,4.73,0.71,15.82
2017-08-29,15.59,15.68,15.95,15.36,60492,94218812.00,3.75,-0.32,-0.05,11.20
2017-08-30,15.38,15.39,15.67,15.36,29650,45909649.00,1.98,-1.85,-0.29,5.49
2017-08-31,15.36,15.97,16.08,15.36,65428,103446964.00,4.68,3.77,0.58,12.12
2017-09-01,15.86,15.81,15.88,15.63,37487,59089417.00,1.57,-1.00,-0.16,6.94
2017-09-04,15.88,16.53,16.60,15.50,88077,142985644.00,6.96,4.55,0.72,16.31
2017-09-05,16.70,17.19,17.97,16.53,146501,252768807.00,8.71,3.99,0.66,27.13
2017-09-06,16.81,17.42,17.65,16.52,102307,173723287.00,6.57,1.34,0.23,18.95
2017-09-07,17.18,16.87,17.55,16.75,73277,125833003.00,4.59,-3.16,-0.55,13.57
2017-09-08,16.76,16.60,16.76,16.35,46566,77058134.00,2.43,-1.60,-0.27,8.62
2017-09-11,16.54,16.75,16.82,16.35,30465,50694814.00,2.83,0.90,0.15,5.64
2017-09-12,16.76,16.12,16.88,16.06,47813,78303137.00,4.90,-3.76,-0.63,8.85
2017-09-13,16.23,16.27,16.35,16.11,20303,32933630.00,1.49,0.93,0.15,3.76
2017-09-14,16.33,16.02,16.39,15.96,27033,43715909.00,2.64,-1.54,-0.25,5.01
2017-09-15,16.10,16.06,16.19,15.96,20190,32459151.00,1.44,0.25,0.04,3.74
2017-09-18,16.06,16.05,16.08,15.78,19924,31741975.00,1.87,-0.06,-0.01,3.69
2017-09-19,16.00,16.27,16.35,15.95,28335,45893197.00,2.49,1.37,0.22,5.25
2017-09-20,16.16,16.47,16.47,15.90,33277,53988467.00,3.50,1.23,0.20,6.16
2017-09-21,16.46,16.11,16.54,16.10,25005,40779815.00,2.67,-2.19,-0.36,4.63
2017-09-22,16.08,15.82,16.08,15.50,28725,45363199.00,3.60,-1.80,-0.29,5.32
2017-09-25,15.79,15.75,15.99,15.71,17754,28170289.00,1.77,-0.44,-0.07,3.29
2017-09-26,15.75,15.22,15.86,15.02,26138,39999220.00,5.33,-3.37,-0.53,4.84
2017-09-27,15.29,15.38,15.59,15.11,18824,29033926.00,3.15,1.05,0.16,3.49
2017-09-28,15.31,15.26,15.49,15.14,23408,35850929.00,2.28,-0.78,-0.12,4.33
2017-09-29,15.21,16.05,16.30,15.21,47005,74354500.00,7.14,5.18,0.79,8.70
2017-10-09,16.19,15.94,16.35,15.70,37398,59607736.00,4.05,-0.69,-0.11,6.93
2017-10-10,16.00,16.22,16.29,15.83,34226,54964771.00,2.89,1.76,0.28,6.34
2017-10-11,16.06,15.97,16.22,15.90,24964,40010572.00,1.97,-1.54,-0.25,4.62
2017-10-12,16.29,16.90,17.57,16.20,109514,186094813.00,8.58,5.82,0.93,20.28
2017-10-13,16.68,16.71,16.95,16.51,56714,94527563.00,2.60,-1.12,-0.19,10.50
2017-10-16,16.62,15.69,16.70,15.69,51660,83114612.00,6.04,-6.10,-1.02,9.57
2017-10-17,15.51,15.77,15.88,15.51,22947,36087738.00,2.36,0.51,0.08,4.25
2017-10-18,15.68,15.30,15.92,15.23,21279,33310618.00,4.38,-2.98,-0.47,3.94
2017-10-19,15.32,15.04,15.40,14.95,19464,29507509.00,2.94,-1.70,-0.26,3.60
2017-10-20,15.04,15.27,15.34,14.98,11054,16809671.00,2.39,1.53,0.23,2.05
2017-10-23,15.37,15.60,15.82,15.20,16713,25954902.00,4.06,2.16,0.33,3.09
2017-10-24,15.40,15.28,15.45,15.05,21326,32497041.00,2.56,-2.05,-0.32,3.95
2017-10-25,15.43,15.54,15.59,15.29,21490,33304650.00,1.96,1.70,0.26,3.98
2017-10-26,15.50,15.56,15.63,15.42,14623,22698405.00,1.35,0.13,0.02,2.71
2017-10-27,15.53,15.28,15.62,15.24,14901,22969786.00,2.44,-1.80,-0.28,2.76
2017-10-30,15.21,15.22,15.28,14.50,25481,38026506.00,5.10,-0.39,-0.06,4.72
2017-10-31,15.02,15.67,16.10,14.93,38959,60674222.00,7.69,2.96,0.45,7.21
2017-11-01,15.77,15.68,16.00,15.50,18579,29080315.00,3.19,0.06,0.01,3.44
2017-11-02,15.65,15.19,15.70,15.09,19897,30360810.00,3.89,-3.13,-0.49,3.68
2017-11-03,15.15,14.61,15.24,14.20,31625,46609833.00,6.85,-3.82,-0.58,5.86
2017-11-06,14.61,14.71,14.88,14.50,15432,22639454.00,2.60,0.68,0.10,2.86
2017-11-07,14.67,14.69,14.77,14.48,13550,19790599.00,1.97,-0.14,-0.02,2.51
2017-11-08,14.72,14.73,14.95,14.65,14453,21409163.00,2.04,0.27,0.04,2.68
2017-11-09,14.63,14.82,14.85,14.58,15877,23420199.00,1.83,0.61,0.09,2.94
2017-11-10,14.74,14.80,14.93,14.74,15125,22454075.00,1.28,-0.13,-0.02,2.80
2017-11-13,14.78,14.86,14.90,14.75,14929,22124356.00,1.01,0.41,0.06,2.76
2017-11-14,14.88,14.44,14.90,14.26,22785,33058725.00,4.31,-2.83,-0.42,4.22
2017-11-15,14.40,14.41,14.53,14.26,11927,17178775.00,1.87,-0.21,-0.03,2.21
2017-11-16,14.43,14.18,14.48,14.11,10961,15681893.00,2.57,-1.60,-0.23,2.03
2017-11-17,14.18,12.98,14.28,12.90,25955,34786240.00,9.73,-8.46,-1.20,4.81
2017-11-20,13.02,12.70,13.02,12.15,21338,26740006.00,6.70,-2.16,-0.28,3.95
2017-11-21,12.68,12.43,12.80,12.29,18047,22535143.00,4.02,-2.13,-0.27,3.34
2017-11-22,12.43,12.45,12.58,12.27,14650,18224292.00,2.49,0.16,0.02,2.71
2017-11-23,12.45,12.29,12.62,12.26,17799,22170249.00,2.89,-1.29,-0.16,3.30
2017-11-24,12.12,12.10,12.38,12.05,12572,15326490.00,2.69,-1.55,-0.19,2.33
2017-11-27,12.06,11.94,12.20,11.65,17529,20838520.00,4.55,-1.32,-0.16,3.25
2017-11-28,11.97,12.32,12.37,11.90,14196,17287104.00,3.94,3.18,0.38,2.63
2017-11-29,12.26,12.37,12.41,12.00,14381,17525715.00,3.33,0.41,0.05,2.66
2017-11-30,12.78,12.99,13.61,12.78,75834,99100346.00,6.71,5.01,0.62,14.04
2017-12-01,12.64,12.77,12.89,12.44,34040,43146630.00,3.46,-1.69,-0.22,6.30
2017-12-04,12.50,11.96,12.59,11.95,29942,36542508.00,5.01,-6.34,-0.81,5.54
2017-12-05,11.89,11.42,12.05,11.08,22682,26641586.00,8.11,-4.52,-0.54,4.20
2017-12-06,11.40,11.68,11.68,11.12,17405,19843030.00,4.90,2.28,0.26,3.22
2017-12-07,11.60,11.50,11.68,11.40,12205,14088568.00,2.40,-1.54,-0.18,2.26
2017-12-08,11.50,11.64,11.79,11.39,14462,16868860.00,3.48,1.22,0.14,2.68
2017-12-11,11.68,11.75,11.88,11.66,13263,15607092.00,1.89,0.95,0.11,2.46
2017-12-12,11.76,11.34,11.76,11.31,16311,18794401.00,3.83,-3.49,-0.41,3.02
2017-12-13,11.38,11.48,11.51,11.28,12099,13830254.00,2.03,1.23,0.14,2.24
2017-12-14,11.50,11.57,11.58,11.33,11476,13169009.00,2.18,0.78,0.09,2.13
2017-12-15,11.62,11.53,11.65,11.33,13533,15584049.00,2.77,-0.35,-0.04,2.51
2017-12-18,11.51,11.34,11.51,11.26,10353,11753191.00,2.17,-1.65,-0.19,1.92
2017-12-19,11.44,11.51,11.55,11.36,12459,14315862.00,1.68,1.50,0.17,2.31
2017-12-20,11.50,11.18,11.53,11.16,12790,14432665.00,3.21,-2.87,-0.33,2.37
2017-12-21,11.20,11.27,11.35,11.04,10415,11668126.00,2.77,0.81,0.09,1.93
2017-12-22,11.29,11.10,11.29,11.10,7764,8680568.00,1.69,-1.51,-0.17,1.44
2017-12-25,11.10,10.70,11.10,10.63,16433,17713012.00,4.23,-3.60,-0.40,3.04
2017-12-26,10.62,11.09,11.50,10.55,26605,29332762.00,8.88,3.64,0.39,4.93
2017-12-27,10.70,10.91,11.14,10.70,18795,20469536.00,3.97,-1.62,-0.18,3.48
2017-12-28,10.78,11.00,11.17,10.78,15439,16999979.00,3.57,0.82,0.09,2.13
2017-12-29,11.02,11.25,11.25,10.91,14872,16546775.00,3.09,2.27,0.25,2.05
2018-01-02,11.25,11.23,11.28,11.11,12056,13506903.00,1.51,-0.18,-0.02,1.42
2018-01-03,11.22,11.26,11.33,11.16,15527,17473069.00,1.51,0.27,0.03,1.82
2018-01-04,11.32,11.24,11.34,11.20,13066,14689689.00,1.24,-0.18,-0.02,1.53
2018-01-05,11.33,11.25,11.36,11.20,11680,13146428.00,1.42,0.09,0.01,1.37
2018-01-08,11.24,11.16,11.25,11.02,12248,13606761.00,2.04,-0.80,-0.09,1.44
2018-01-09,11.20,11.40,11.41,11.16,19795,22331277.00,2.24,2.15,0.24,2.32
2018-01-10,11.36,11.04,11.36,10.91,17915,19948757.00,3.95,-3.16,-0.36,2.10
2018-01-11,10.81,11.45,11.47,10.81,32522,36833789.00,5.98,3.71,0.41,3.82
2018-01-12,11.45,11.61,11.79,11.25,31627,36426191.00,4.72,1.40,0.16,3.71
2018-01-15,11.51,11.62,12.70,11.30,54651,64567986.00,12.06,0.09,0.01,6.42
2018-01-16,11.30,11.43,11.55,11.09,32546,36929211.00,3.96,-1.64,-0.19,3.82
2018-01-17,11.40,11.36,11.42,11.10,23761,26750545.00,2.80,-0.61,-0.07,2.79
2018-01-18,11.33,11.38,11.47,11.26,16377,18615867.00,1.85,0.18,0.02,1.92
2018-01-19,11.35,11.48,11.68,11.35,22386,25768398.00,2.90,0.88,0.10,2.63
2018-01-22,11.40,11.30,11.40,11.13,15416,17376187.00,2.35,-1.57,-0.18,1.81
2018-01-23,11.23,11.56,11.65,11.23,26028,29916777.00,3.72,2.30,0.26,3.06
2018-01-24,11.47,11.55,11.59,11.32,20413,23458297.00,2.34,-0.09,-0.01,2.40
2018-01-25,11.50,11.33,11.65,11.31,22641,26057363.00,2.94,-1.90,-0.22,2.66
2018-01-26,11.32,11.15,11.42,11.10,17118,19247518.00,2.82,-1.59,-0.18,2.01
2018-01-29,11.15,10.85,11.22,10.80,14951,16390849.00,3.77,-2.69,-0.30,1.76
2018-01-30,10.86,10.89,10.98,10.78,6737,7317397.00,1.84,0.37,0.04,0.79
2018-01-31,10.85,10.33,10.85,10.16,19926,20903041.00,6.34,-5.14,-0.56,2.34
2018-02-01,10.32,9.79,10.35,9.64,17023,17012644.00,6.87,-5.23,-0.54,2.00
2018-02-02,9.70,9.40,9.70,9.28,13836,13091991.00,4.29,-3.98,-0.39,1.62
2018-02-05,9.29,9.39,9.57,9.23,7387,6959953.00,3.62,-0.11,-0.01,0.87
2018-02-06,9.26,8.62,9.30,8.61,14078,12616100.00,7.35,-8.20,-0.77,1.65
2018-02-07,8.98,8.77,9.00,8.50,10604,9320500.00,5.80,1.74,0.15,1.25
2018-02-08,8.68,8.99,9.00,8.67,10798,9645265.00,3.76,2.51,0.22,1.27
2018-02-09,8.70,8.67,8.85,8.55,10997,9557497.00,3.34,-3.56,-0.32,1.29
2018-02-12,8.79,9.00,9.02,8.76,8567,7661178.00,3.00,3.81,0.33,1.01
2018-02-13,9.12,8.91,9.12,8.90,8695,7828643.00,2.44,-1.00,-0.09,1.02
2018-02-14,8.84,8.91,8.98,8.82,5404,4798570.00,1.80,0.00,0.00,0.63
2018-02-22,8.98,9.11,9.12,8.96,6801,6160097.00,1.80,2.24,0.20,0.80
2018-02-23,9.19,9.12,9.21,9.07,8324,7606190.00,1.54,0.11,0.01,0.98
2018-02-26,9.13,9.38,9.44,9.13,12539,11667079.00,3.40,2.85,0.26,1.47
2018-02-27,9.40,9.44,9.47,9.31,9028,8502818.00,1.71,0.64,0.06,1.06
2018-02-28,9.34,9.45,9.47,9.19,11784,10945751.00,2.97,0.11,0.01,1.38
2018-03-01,9.45,9.62,9.64,9.29,15811,15087924.00,3.70,1.80,0.17,1.86
2018-03-02,9.60,9.45,9.66,9.45,12554,11973368.00,2.18,-1.77,-0.17,1.47
2018-03-05,9.41,9.62,9.66,9.41,14662,14071089.00,2.65,1.80,0.17,1.72
2018-03-06,9.66,9.71,9.74,9.60,12937,12509041.00,1.46,0.94,0.09,1.52
2018-03-07,9.73,9.68,9.77,9.52,12687,12263607.00,2.57,-0.31,-0.03,1.49
2018-03-08,9.76,9.97,10.08,9.67,19180,19054819.00,4.24,3.00,0.29,2.25
2018-03-09,9.91,10.24,10.28,9.81,22021,22210471.00,4.71,2.71,0.27,2.59
2018-03-12,10.24,10.31,10.44,10.20,18974,19571218.00,2.34,0.68,0.07,2.23
2018-03-13,10.33,10.35,10.44,10.11,17217,17660207.00,3.20,0.39,0.04,2.02
2018-03-14,10.28,10.02,10.35,10.00,18500,18757297.00,3.38,-3.19,-0.33,2.17
2018-03-15,10.01,9.66,10.06,9.40,22792,22176594.00,6.59,-3.59,-0.36,2.68
2018-03-16,9.72,9.90,10.08,9.63,18586,18339993.00,4.66,2.48,0.24,2.18
2018-03-19,9.89,9.97,10.08,9.85,8897,8870394.00,2.32,0.71,0.07,1.04
2018-03-20,9.90,10.00,10.00,9.73,9978,9849544.00,2.71,0.30,0.03,1.17
2018-03-21,10.02,9.96,10.23,9.91,16934,17114475.00,3.20,-0.40,-0.04,1.99
2018-03-22,9.96,10.16,10.50,9.96,33125,33950648.00,5.42,2.01,0.20,3.89
2018-03-23,9.95,9.20,9.95,9.14,33203,31443184.00,7.97,-9.45,-0.96,3.90
2018-03-26,8.91,9.21,9.24,8.66,15541,13894901.00,6.30,0.11,0.01,1.82
2018-03-27,9.31,9.52,9.59,9.31,15742,14890367.00,3.04,3.37,0.31,1.85
2018-03-28,9.30,9.73,9.80,9.21,19207,18518248.00,6.20,2.21,0.21,2.26
2018-03-29,9.73,9.96,10.21,9.63,30522,30355551.00,5.96,2.36,0.23,3.58
2018-03-30,9.91,10.23,10.45,9.91,29286,29853590.00,5.42,2.71,0.27,3.44
2018-04-02,10.10,10.14,10.33,9.98,35747,36202175.00,3.42,-0.88,-0.09,4.20
2018-04-03,9.99,10.27,10.30,9.89,25885,26114814.00,4.04,1.28,0.13,3.04
2018-04-04,10.23,10.15,10.38,10.11,24421,24942619.00,2.63,-1.17,-0.12,2.87
2018-04-09,9.99,10.71,10.78,9.96,54887,57253653.00,8.08,5.52,0.56,6.45
2018-04-10,10.56,10.41,10.63,10.24,36107,37647420.00,3.64,-2.80,-0.30,4.24
2018-04-11,10.41,10.42,10.66,10.40,25508,26876996.00,2.50,0.10,0.01,3.00
2018-04-12,10.45,10.52,10.73,10.33,36168,38202356.00,3.84,0.96,0.10,4.25
2018-04-13,10.61,10.63,10.71,10.41,29561,31360183.00,2.85,1.05,0.11,3.47
2018-04-16,10.60,10.75,11.18,10.45,49779,53818815.00,6.87,1.13,0.12,5.85
2018-04-17,10.77,11.08,11.40,10.51,79405,87460864.00,8.28,3.07,0.33,9.32
2018-04-18,11.08,11.74,12.19,10.77,113948,130488233.00,12.82,5.96,0.66,13.38
2018-04-19,11.50,11.46,12.08,11.42,84730,98878654.00,5.62,-2.39,-0.28,9.95
2018-04-20,11.32,11.05,11.42,10.85,47285,52472112.00,4.97,-3.58,-0.41,5.55
2018-04-23,10.91,11.13,11.27,10.44,53510,58178465.00,7.51,0.72,0.08,6.28
2018-04-24,11.06,11.14,11.46,10.88,50822,56452324.00,5.21,0.09,0.01,5.97
2018-04-25,10.73,10.83,10.99,10.68,34661,37523119.00,2.78,-2.78,-0.31,4.07
2018-04-26,10.83,10.80,10.94,10.25,40248,42449038.00,6.37,-0.28,-0.03,4.73
2018-04-27,10.59,10.95,11.11,10.55,58814,64154751.00,5.19,1.39,0.15,6.91
2018-05-02,10.90,10.40,11.25,10.26,36779,39357470.00,9.04,-5.02,-0.55,4.32
2018-05-03,10.30,10.59,10.80,10.02,36897,38600274.00,7.50,1.83,0.19,4.33
2018-05-04,10.56,10.60,10.90,10.46,35855,38390710.00,4.15,0.09,0.01,4.21
2018-05-07,10.55,10.79,10.92,10.50,39773,42660535.00,3.96,1.79,0.19,4.67
2018-05-08,11.87,11.87,11.87,11.87,30014,35626677.00,0.00,10.01,1.08,3.52
2018-05-09,13.06,11.98,13.06,11.96,196120,248688507.00,9.27,0.93,0.11,23.03
2018-05-10,11.51,11.49,11.80,11.25,123868,142322261.00,4.59,-4.09,-0.49,14.55
2018-05-11,11.27,10.81,11.46,10.76,90456,100103648.00,6.09,-5.92,-0.68,10.62
2018-05-14,10.72,10.60,10.80,10.48,37948,40309432.00,2.96,-1.94,-0.21,4.46
2018-05-15,10.63,10.80,10.84,10.60,30320,32605663.00,2.26,1.89,0.20,3.56
2018-05-16,10.80,10.53,10.80,10.52,26848,28562539.00,2.59,-2.50,-0.27,3.15
2018-05-17,10.50,10.64,10.69,10.43,18438,19546101.00,2.47,1.04,0.11,2.17
2018-05-18,10.62,10.54,10.62,10.32,19813,20754562.00,2.82,-0.94,-0.10,2.33
2018-05-21,10.61,10.73,10.78,10.58,20966,22430144.00,1.90,1.80,0.19,2.46
2018-05-22,10.72,10.76,10.83,10.57,24464,26188888.00,2.42,0.28,0.03,2.87
2018-05-23,10.76,11.21,11.30,10.73,65049,71999130.00,5.30,4.18,0.45,7.64
2018-05-24,11.08,11.00,11.14,10.91,33879,37310534.00,2.05,-1.87,-0.21,3.98
2018-05-25,10.90,10.85,11.18,10.82,30402,33384976.00,3.27,-1.36,-0.15,3.57
2018-05-28,10.95,10.94,11.19,10.72,36095,39767660.00,4.33,0.83,0.09,4.24
2018-05-29,10.72,10.63,10.90,10.51,29893,31980402.00,3.56,-2.83,-0.31,3.51
2018-05-30,10.60,9.57,10.61,9.57,43916,43843067.00,9.78,-9.97,-1.06,5.16
2018-05-31,9.68,9.77,10.00,9.58,19854,19375770.00,4.39,2.09,0.20,2.33
2018-06-01,9.75,9.36,9.75,9.22,23338,22147737.00,5.42,-4.20,-0.41,2.74
2018-06-04,9.36,9.38,9.49,9.25,9834,9246997.00,2.56,0.21,0.02,1.15
2018-06-05,9.50,9.70,9.70,9.40,15141,14485673.00,3.20,3.41,0.32,1.78
2018-06-06,9.70,9.71,9.83,9.61,17917,17414750.00,2.27,0.10,0.01,2.10
2018-06-07,9.75,9.56,9.80,9.51,13626,13113432.00,2.99,-1.54,-0.15,1.60
2018-06-08,9.65,9.20,9.65,8.99,20023,18576188.00,6.90,-3.77,-0.36,2.35
2018-06-11,9.13,9.22,9.38,9.09,13327,12359948.00,3.15,0.22,0.02,1.56
2018-06-12,9.20,9.36,9.38,9.11,11335,10534870.00,2.93,1.52,0.14,1.33
2018-06-13,9.36,9.15,9.39,9.04,12434,11429757.00,3.74,-2.24,-0.21,1.46
2018-06-14,9.16,9.23,9.32,8.84,12317,11308523.00,5.25,0.87,0.08,1.45
2018-06-15,9.15,8.80,9.29,8.69,16354,14590876.00,6.50,-4.66,-0.43,1.92
2018-06-19,8.56,7.92,8.70,7.92,22282,18176258.00,8.86,-10.00,-0.88,2.62
2018-06-20,7.80,8.13,8.27,7.80,15083,12133660.00,5.93,2.65,0.21,1.77
2018-06-21,8.18,7.56,8.18,7.50,21353,16812721.00,8.36,-7.01,-0.57,2.51
2018-06-22,7.59,7.82,7.90,7.51,13940,10815545.00,5.16,3.44,0.26,1.64
2018-06-25,7.94,7.83,8.04,7.74,12074,9558580.00,3.84,0.13,0.01,1.42
2018-06-26,7.82,8.03,8.06,7.66,11627,9233232.00,5.11,2.55,0.20,1.37
2018-06-27,8.02,8.01,8.22,7.95,12535,10100799.00,3.36,-0.25,-0.02,1.47
2018-06-28,8.02,8.12,8.42,7.98,20152,16494851.00,5.49,1.37,0.11,2.37
2018-06-29,8.34,8.41,8.55,8.21,27045,22565076.00,4.19,3.57,0.29,3.18
2018-07-02,8.40,8.13,8.40,8.01,22351,18418344.00,4.64,-3.33,-0.28,2.62
2018-07-03,8.36,8.43,8.50,8.18,22392,18692548.00,3.94,3.69,0.30,2.63
2018-07-04,8.30,8.15,8.40,8.03,19204,15704160.00,4.39,-3.32,-0.28,2.26
2018-07-05,8.01,7.90,8.21,7.89,11684,9390381.00,3.93,-3.07,-0.25,1.37
2018-07-06,7.90,7.98,8.08,7.72,14280,11338649.00,4.56,1.01,0.08,1.68
2018-07-09,7.96,8.47,8.49,7.96,34281,28439484.00,6.64,6.14,0.49,4.03
2018-07-10,8.36,8.35,8.38,8.11,31609,26260657.00,3.19,-1.42,-0.12,3.71
2018-07-11,8.20,8.02,8.20,7.87,20386,16382440.00,3.95,-3.95,-0.33,2.39
2018-07-12,8.05,8.17,8.28,8.02,19048,15581110.00,3.24,1.87,0.15,2.24
2018-07-13,8.17,8.24,8.24,8.15,12903,10571195.00,1.10,0.86,0.07,1.52
2018-07-16,8.20,8.17,8.24,8.10,10527,8591402.00,1.70,-0.85,-0.07,1.24
2018-07-17,8.20,8.37,8.46,8.15,22367,18591343.00,3.79,2.45,0.20,2.63
2018-07-18,8.30,8.21,8.49,8.21,18802,15661887.00,3.35,-1.91,-0.16,2.21
2018-07-19,8.28,9.03,9.03,8.24,45008,39985346.00,9.62,9.99,0.82,5.29
2018-07-20,9.93,9.93,9.93,9.93,46284,45959525.00,0.00,9.97,0.90,5.43
2018-07-23,9.58,10.09,10.35,9.50,190745,190725744.00,8.56,1.61,0.16,22.40
2018-07-24,9.57,9.75,9.83,9.23,145895,139455214.00,5.95,-3.37,-0.34,17.13
2018-07-25,9.41,9.22,9.53,9.15,99542,92840623.00,3.90,-5.44,-0.53,11.69
2018-07-26,9.10,9.26,9.29,8.88,83884,76390845.00,4.45,0.43,0.04,9.85
2018-07-27,9.11,8.84,9.19,8.81,46065,41434908.00,4.10,-4.54,-0.42,5.41
2018-07-30,8.80,8.99,9.02,8.71,38949,34714011.00,3.51,1.70,0.15,4.57
2018-07-31,8.92,8.88,9.01,8.75,23071,20413495.00,2.89,-1.22,-0.11,2.71
2018-08-01,8.89,8.83,8.98,8.81,37375,33292401.00,1.91,-0.56,-0.05,4.39
2018-08-02,8.84,8.13,8.84,8.00,48795,40522769.00,9.51,-7.93,-0.70,5.73
2018-08-03,8.12,7.97,8.28,7.97,28695,23309307.00,3.81,-1.97,-0.16,3.37
2018-08-06,7.86,7.73,7.86,7.52,29711,22914419.00,4.27,-3.01,-0.24,3.49
2018-08-07,7.76,8.12,8.15,7.69,40757,32220519.00,5.95,5.05,0.39,4.79
2018-08-08,8.09,8.21,8.88,8.02,71550,59903009.00,10.59,1.11,0.09,8.40
2018-08-09,8.07,8.79,8.97,8.03,69698,59357807.00,11.45,7.06,0.58,8.18
2018-08-10,8.79,8.56,8.98,8.41,58510,50069703.00,6.48,-2.62,-0.23,6.87
2018-08-13,8.41,8.49,8.54,8.25,22929,19326100.00,3.39,-0.82,-0.07,2.69
2018-08-14,8.49,8.34,8.54,8.29,30333,25482107.00,2.94,-1.77,-0.15,3.56
2018-08-15,8.34,8.28,8.75,8.20,44408,37376995.00,6.59,-0.72,-0.06,5.21
2018-08-16,8.08,8.05,8.32,8.00,34074,27692131.00,3.86,-2.78,-0.23,4.00
2018-08-17,8.06,7.81,8.18,7.79,30550,24376954.00,4.84,-2.98,-0.24,3.59
2018-08-20,7.84,7.95,7.96,7.67,18393,14405011.00,3.71,1.79,0.14,2.16
2018-08-21,7.71,8.02,8.07,7.71,19855,15842993.00,4.53,0.88,0.07,2.33
2018-08-22,8.00,7.83,8.08,7.83,11613,9185939.00,3.12,-2.37,-0.19,1.36
2018-08-23,7.84,7.95,8.03,7.84,15205,12082120.00,2.43,1.53,0.12,1.79
2018-08-24,7.97,7.84,7.97,7.71,13049,10278347.00,3.27,-1.38,-0.11,1.53
2018-08-27,7.85,8.03,8.08,7.85,19089,15204579.00,2.93,2.42,0.19,2.24
2018-08-28,8.09,8.08,8.13,7.98,17514,14109489.00,1.87,0.62,0.05,2.06
2018-08-29,8.12,7.95,8.12,7.92,13049,10415405.00,2.48,-1.61,-0.13,1.53
2018-08-30,7.96,7.78,8.02,7.76,12156,9556992.00,3.27,-2.14,-0.17,1.43
2018-08-31,7.95,7.77,7.96,7.77,13877,10937856.00,2.44,-0.13,-0.01,1.63
2018-09-03,7.77,7.80,7.86,7.55,15832,12169368.00,3.99,0.39,0.03,1.86
2018-09-04,7.76,7.89,7.89,7.74,13495,10572612.00,1.92,1.15,0.09,1.58
2018-09-05,7.85,7.81,7.99,7.76,20171,15896689.00,2.92,-1.01,-0.08,2.37
2018-09-06,7.79,7.84,7.92,7.77,13278,10430119.00,1.92,0.38,0.03,1.56
2018-09-07,7.81,7.73,7.91,7.69,18552,14459548.00,2.81,-1.40,-0.11,2.18
2018-09-10,7.80,7.54,7.82,7.51,13309,10147205.00,4.01,-2.46,-0.19,1.56
2018-09-11,7.55,7.60,7.68,7.52,10002,7605879.00,2.12,0.80,0.06,1.17
2018-09-12,7.67,7.63,7.69,7.57,7043,5368787.00,1.58,0.39,0.03,0.83
2018-09-13,7.63,7.70,7.73,7.60,10439,7991941.00,1.70,0.92,0.07,1.23
2018-09-14,7.67,7.59,7.72,7.56,10305,7873896.00,2.08,-1.43,-0.11,1.21
2018-09-17,7.58,7.46,7.59,7.44,10304,7724408.00,1.98,-1.71,-0.13,1.21
2018-09-18,7.46,7.59,7.59,7.46,10901,8213562.00,1.74,1.74,0.13,1.28
2018-09-19,7.60,7.88,8.12,7.53,39408,30753373.00,7.77,3.82,0.29,4.63
2018-09-20,7.83,7.73,7.88,7.65,30350,23442501.00,2.92,-1.90,-0.15,3.56
2018-09-21,7.75,7.77,7.79,7.67,17040,13176100.00,1.55,0.52,0.04,2.00
2018-09-25,7.72,7.73,7.80,7.70,12119,9390902.00,1.29,-0.51,-0.04,1.42
2018-09-26,7.72,7.79,7.79,7.70,10632,8242528.00,1.16,0.78,0.06,1.25
2018-09-27,7.79,7.60,7.79,7.60,12746,9794172.00,2.44,-2.44,-0.19,1.50
2018-09-28,7.60,7.68,7.71,7.60,5955,4562405.00,1.45,1.05,0.08,0.70
2018-10-08,7.60,7.45,7.60,7.41,10478,7868068.00,2.47,-2.99,-0.23,1.23
2018-10-09,7.59,7.49,7.59,7.44,5010,3760153.00,2.01,0.54,0.04,0.59
2018-10-10,7.49,7.65,7.78,7.45,14663,11166804.00,4.41,2.14,0.16,1.72
2018-10-11,7.39,6.93,7.48,6.89,24017,17152035.00,7.71,-9.41,-0.72,2.82
2018-10-12,7.00,6.83,7.03,6.48,15135,10197289.00,7.94,-1.44,-0.10,1.78
2018-10-15,6.94,7.51,7.51,6.80,52570,38224743.00,10.40,9.96,0.68,6.17
2018-10-16,7.51,7.28,7.86,7.13,68965,52185861.00,9.72,-3.06,-0.23,8.10
2018-10-17,8.01,7.53,8.01,7.35,66480,51594624.00,9.07,3.43,0.25,7.81
2018-10-18,7.20,6.83,7.20,6.78,61047,41770771.00,5.58,-9.30,-0.70,7.17
2018-10-19,6.68,7.51,7.51,6.19,74678,52619921.00,19.33,9.96,0.68,8.77
2018-10-22,7.44,7.81,8.04,7.27,97999,74323550.00,10.25,3.99,0.30,11.51
2018-10-23,7.55,7.49,7.78,7.47,52812,39998751.00,3.97,-4.10,-0.32,6.20
2018-10-24,7.48,7.34,7.55,7.22,31475,23238114.00,4.41,-2.00,-0.15,3.70
2018-10-25,7.03,7.20,7.23,6.92,24757,17590008.00,4.22,-1.91,-0.14,2.91
2018-10-26,7.21,7.21,7.32,7.10,20005,14408575.00,3.06,0.14,0.01,2.35
2018-10-29,7.16,6.92,7.22,6.80,20672,14518075.00,5.83,-4.02,-0.29,2.43
2018-10-30,6.90,7.02,7.05,6.80,23092,16015071.00,3.61,1.45,0.10,2.71
2018-10-31,7.09,7.07,7.23,7.01,25936,18465722.00,3.13,0.71,0.05,3.05
2018-11-01,7.07,7.14,7.24,7.07,25762,18456848.00,2.40,0.99,0.07,3.03
2018-11-02,7.26,7.30,7.32,7.14,32241,23348491.00,2.52,2.24,0.16,3.79
2018-11-05,7.29,7.43,7.46,7.23,27339,20084164.00,3.15,1.78,0.13,3.21
2018-11-06,7.41,7.28,7.41,7.07,25589,18473546.00,4.58,-2.02,-0.15,3.00
2018-11-07,7.17,7.30,7.36,7.17,18058,13162299.00,2.61,0.27,0.02,2.12
2018-11-08,7.35,7.25,7.36,7.20,19143,13976147.00,2.19,-0.68,-0.05,2.25
2018-11-09,7.18,7.24,7.29,7.14,12880,9317941.00,2.07,-0.14,-0.01,1.51
2018-11-12,7.26,7.47,7.48,7.22,28541,21130973.00,3.59,3.18,0.23,3.35
2018-11-13,7.39,7.56,7.68,7.36,35911,27132174.00,4.28,1.20,0.09,4.22
2018-11-14,7.65,7.55,7.85,7.51,35498,27235360.00,4.50,-0.13,-0.01,4.17
2018-11-15,7.57,7.98,8.16,7.50,63659,50168050.00,8.74,5.70,0.43,7.48
2018-11-16,7.94,8.33,8.72,7.82,95606,78728669.00,11.28,4.39,0.35,11.23
2018-11-19,8.30,8.16,8.31,8.05,75311,61631894.00,3.12,-2.04,-0.17,8.84
2018-11-20,8.15,7.78,8.15,7.71,56085,44196738.00,5.39,-4.66,-0.38,6.59
2018-11-21,7.68,8.06,8.21,7.67,49851,39615735.00,6.94,3.60,0.28,5.85
2018-11-22,8.07,7.99,8.17,7.90,34797,27858871.00,3.35,-0.87,-0.07,4.09
2018-11-23,8.09,7.90,8.55,7.78,94153,77404731.00,9.64,-1.13,-0.09,11.06
2018-11-26,7.75,7.42,7.75,7.32,56835,42551559.00,5.44,-6.08,-0.48,6.67
2018-11-27,7.45,7.42,7.54,7.36,29179,21718731.00,2.43,0.00,0.00,3.43
2018-11-28,7.42,7.49,7.55,7.23,28081,20806455.00,4.31,0.94,0.07,3.30
2018-11-29,7.52,7.25,7.63,7.23,28232,21077552.00,5.34,-3.20,-0.24,3.32
2018-11-30,7.29,7.32,7.36,7.03,25179,18182035.00,4.55,0.97,0.07,2.96
2018-12-03,7.43,7.53,7.60,7.43,22343,16811512.00,2.32,2.87,0.21,2.62
2018-12-04,7.53,7.59,7.60,7.46,19536,14740102.00,1.86,0.80,0.06,2.29
2018-12-05,7.45,7.49,7.55,7.31,18310,13631298.00,3.16,-1.32,-0.10,2.15
2018-12-06,7.50,7.38,7.60,7.32,16803,12511072.00,3.74,-1.47,-0.11,1.97
2018-12-07,7.45,7.44,7.52,7.40,11394,8484504.00,1.63,0.81,0.06,1.34
2018-12-10,7.48,7.25,7.48,7.21,12952,9449474.00,3.63,-2.55,-0.19,1.52
2018-12-11,7.31,7.31,7.34,7.26,9649,7047655.00,1.10,0.83,0.06,1.13
2018-12-12,7.33,7.35,7.46,7.31,8771,6462346.00,2.05,0.55,0.04,1.03
2018-12-13,7.40,7.47,7.50,7.32,13853,10303946.00,2.45,1.63,0.12,1.63
2018-12-14,7.50,7.23,7.51,7.13,18067,13187551.00,5.09,-3.21,-0.24,2.12
2018-12-17,7.23,7.28,7.31,7.14,9301,6714828.00,2.35,0.69,0.05,1.09
2018-12-18,7.23,7.24,7.29,7.13,8848,6369738.00,2.20,-0.55,-0.04,1.04
2018-12-19,7.27,7.14,7.28,7.12,10445,7510140.00,2.21,-1.38,-0.10,1.23
2018-12-20,7.14,7.19,7.25,7.14,9906,7131838.00,1.54,0.70,0.05,1.16
2018-12-21,7.19,7.22,7.23,7.15,7437,5342329.00,1.11,0.42,0.03,0.87
2018-12-24,7.22,7.34,7.37,7.18,12197,8900842.00,2.63,1.66,0.12,1.43
2018-12-25,7.25,7.33,7.37,6.93,19792,14147557.00,5.99,-0.14,-0.01,2.32
2018-12-26,7.29,7.33,7.37,7.24,10859,7947872.00,1.77,0.00,0.00,1.28
2018-12-27,7.38,7.20,7.46,7.11,12531,9161143.00,4.77,-1.77,-0.13,1.47
2018-12-28,7.28,7.14,7.32,7.13,11029,7946195.00,2.64,-0.83,-0.06,1.30
2019-01-02,7.15,7.21,7.27,7.14,8607,6202660.00,1.82,0.98,0.07,1.02
2019-01-03,7.24,7.21,7.29,7.12,8168,5878093.00,2.36,0.00,0.00,0.97
2019-01-04,7.18,7.37,7.38,7.06,13652,9926496.00,4.44,2.22,0.16,1.62
2019-01-07,7.38,7.51,7.55,7.35,13772,10303134.00,2.71,1.90,0.14,1.63
2019-01-08,7.52,7.51,7.56,7.42,16177,12152696.00,1.86,0.00,0.00,1.92
2019-01-09,7.53,7.54,7.67,7.53,18268,13883128.00,1.86,0.40,0.03,2.17
2019-01-10,7.61,7.50,7.64,7.45,14116,10644823.00,2.52,-0.53,-0.04,1.67
2019-01-11,7.49,7.55,7.60,7.45,10220,7710596.00,2.00,0.67,0.05,1.21
2019-01-14,7.55,7.56,7.70,7.52,16095,12260253.00,2.38,0.13,0.01,1.91
2019-01-15,7.60,7.65,7.65,7.45,15906,12057164.00,2.65,1.19,0.09,1.88
2019-01-16,7.67,7.70,7.72,7.60,19613,15055167.00,1.57,0.65,0.05,2.32
2019-01-17,7.64,7.66,7.75,7.56,23018,17628733.00,2.47,-0.52,-0.04,2.72
2019-01-18,7.68,7.58,7.69,7.52,13501,10221910.00,2.22,-1.04,-0.08,1.60
2019-01-21,7.66,7.51,7.66,7.47,19868,14966566.00,2.51,-0.92,-0.07,2.35
2019-01-22,7.56,7.40,7.56,7.29,14625,10835273.00,3.60,-1.46,-0.11,1.73
2019-01-23,7.40,7.46,7.47,7.35,11090,8214752.00,1.62,0.81,0.06,1.31
2019-01-24,7.40,7.47,7.47,7.32,14497,10734376.00,2.01,0.13,0.01,1.72
2019-01-25,7.48,7.29,7.48,7.22,11395,8386335.00,3.48,-2.41,-0.18,1.35
2019-01-28,7.35,7.21,7.39,7.16,11858,8604002.00,3.16,-1.10,-0.08,1.40
2019-01-29,7.15,6.95,7.23,6.81,21667,15104851.00,5.83,-3.61,-0.26,2.56
2019-01-30,6.88,6.80,6.98,6.76,11646,7976015.00,3.17,-2.16,-0.15,1.38
2019-01-31,6.84,6.50,6.85,6.39,17637,11703324.00,6.76,-4.41,-0.30,2.09
2019-02-01,6.57,6.73,6.75,6.52,10596,7077301.00,3.54,3.54,0.23,1.25
2019-02-11,6.70,6.91,6.93,6.70,11660,8020115.00,3.42,2.67,0.18,1.38
2019-02-12,6.89,7.42,7.49,6.89,48629,34959884.00,8.68,7.38,0.51,5.76
2019-02-13,7.34,7.33,7.40,7.18,47706,34659890.00,2.96,-1.21,-0.09,5.65
2019-02-14,7.31,7.24,7.32,7.22,20822,15117556.00,1.36,-1.23,-0.09,2.46
2019-02-15,7.24,7.20,7.32,7.19,18864,13667392.00,1.80,-0.55,-0.04,2.23
2019-02-18,7.25,7.42,7.42,7.24,24133,17738032.00,2.50,3.06,0.22,2.86
2019-02-19,7.49,7.46,7.55,7.35,29097,21656952.00,2.70,0.54,0.04,3.44
2019-02-20,7.42,7.56,7.69,7.38,32377,24280804.00,4.16,1.34,0.10,3.83
2019-02-21,7.49,7.49,7.58,7.40,36638,27403339.00,2.38,-0.93,-0.07,4.34
2019-02-22,7.48,7.69,7.70,7.46,36045,27352992.00,3.20,2.67,0.20,4.27
2019-02-25,7.79,7.97,7.97,7.72,44289,34808152.00,3.25,3.64,0.28,5.24
2019-02-26,8.02,7.90,8.07,7.82,41544,32987076.00,3.14,-0.88,-0.07,4.92
2019-02-27,7.90,7.87,8.04,7.79,28484,22526238.00,3.16,-0.38,-0.03,3.37
2019-02-28,7.86,7.98,7.98,7.84,29197,23128117.00,1.78,1.40,0.11,3.46
2019-03-01,8.02,8.25,8.28,7.90,57613,46770078.00,4.76,3.38,0.27,6.82
2019-03-04,8.24,8.72,8.87,8.18,96804,82870736.00,8.36,5.70,0.47,11.46
2019-03-05,8.67,9.20,9.33,8.40,95054,84468044.00,10.67,5.50,0.48,11.25
2019-03-06,9.23,8.99,9.23,8.67,123105,109415159.00,6.09,-2.28,-0.21,14.57
2019-03-07,8.82,8.90,8.95,8.71,79420,70094511.00,2.67,-1.00,-0.09,9.40
2019-03-08,8.70,8.48,8.84,8.46,54876,47448648.00,4.27,-4.72,-0.42,6.50
2019-03-11,8.56,8.78,8.79,8.48,50659,43763805.00,3.66,3.54,0.30,6.00
2019-03-12,8.82,8.79,8.94,8.60,61669,54248091.00,3.87,0.11,0.01,7.30
2019-03-13,8.79,8.55,8.81,8.53,46706,40575360.00,3.19,-2.73,-0.24,5.53
2019-03-14,8.51,8.29,8.66,8.17,39697,33125322.00,5.73,-3.04,-0.26,4.70
2019-03-15,8.33,8.46,8.53,8.31,37963,31909488.00,2.65,2.05,0.17,4.49
2019-03-18,8.33,8.72,8.75,8.33,40170,34072268.00,4.96,3.07,0.26,4.76
2019-03-19,8.66,8.70,8.88,8.55,41800,36224019.00,3.78,-0.23,-0.02,4.95
2019-03-20,8.69,8.70,8.80,8.52,34550,29912361.00,3.22,0.00,0.00,4.09
2019-03-21,8.67,8.72,8.98,8.67,43787,38342727.00,3.56,0.23,0.02,5.18
2019-03-22,8.73,8.75,8.78,8.56,32109,27870958.00,2.52,0.34,0.03,3.80
2019-03-25,8.60,9.20,9.58,8.55,120738,109318744.00,11.77,5.14,0.45,14.29
2019-03-26,9.28,10.12,10.12,9.10,133981,129186686.00,11.09,10.00,0.92,15.86
2019-03-27,9.30,11.13,11.13,9.24,294221,309438048.00,18.68,9.98,1.01,34.83
2019-03-28,10.76,12.24,12.24,10.76,282928,339067792.00,13.30,9.97,1.11,33.49
2019-03-29,12.00,11.20,12.60,11.02,313532,361665840.00,12.91,-8.50,-1.04,37.11
2019-04-01,10.80,12.32,12.32,10.48,326811,383631120.00,16.43,10.00,1.12,38.69
2019-04-02,12.32,12.56,13.35,11.90,326013,408762080.00,11.77,1.95,0.24,38.59
2019-04-03,12.01,11.51,12.15,11.40,188457,221017980.00,5.97,-8.36,-1.05,22.31
2019-04-04,11.55,11.43,11.65,11.22,125233,142947010.00,3.74,-0.70,-0.08,14.82
2019-04-08,11.41,10.95,11.53,10.70,124769,137275889.00,7.26,-4.20,-0.48,14.77
2019-04-09,10.86,11.00,11.10,10.66,81590,88763533.00,4.02,0.46,0.05,9.66
2019-04-10,10.99,10.67,10.99,10.60,64164,68857225.00,3.55,-3.00,-0.33,7.60
2019-04-11,10.63,10.34,10.70,10.31,61199,64055207.00,3.66,-3.09,-0.33,7.24
2019-04-12,10.36,10.45,10.53,10.36,41445,43312912.00,1.64,1.06,0.11,4.91
2019-04-15,10.51,10.51,10.75,10.46,48767,51720783.00,2.78,0.57,0.06,5.77
2019-04-16,10.54,10.55,10.55,10.00,43382,44829355.00,5.23,0.38,0.04,5.14
2019-04-17,10.55,10.87,10.96,10.43,78296,84428898.00,5.02,3.03,0.32,9.27
2019-04-18,10.90,10.33,10.94,10.32,56574,59801108.00,5.70,-4.97,-0.54,6.70
2019-04-19,10.31,10.28,10.31,10.09,41188,42022660.00,2.13,-0.48,-0.05,4.88
2019-04-22,10.28,10.07,10.48,10.04,34499,35300428.00,4.28,-2.04,-0.21,4.08
2019-04-23,10.09,9.62,10.21,9.52,51222,50040631.00,6.85,-4.47,-0.45,6.06
2019-04-24,9.75,9.87,9.87,9.68,36681,35941699.00,1.98,2.60,0.25,4.34
2019-04-25,9.84,9.80,10.50,9.61,60813,61463099.00,9.02,-0.71,-0.07,7.20
2019-04-26,9.95,9.39,9.95,9.29,35230,33419768.00,6.73,-4.18,-0.41,4.17
2019-04-29,9.34,8.84,9.51,8.80,38269,34637509.00,7.56,-5.86,-0.55,4.53
2019-04-30,8.85,9.00,9.11,8.85,23843,21454748.00,2.94,1.81,0.16,2.82
2019-05-06,8.70,8.15,8.70,8.10,38650,32366127.00,6.67,-9.44,-0.85,4.58
2019-05-07,8.22,8.34,8.47,8.22,34591,28875777.00,3.07,2.33,0.19,4.09
2019-05-08,8.22,8.56,8.68,8.21,33897,28815093.00,5.64,2.64,0.22,4.01
2019-05-09,8.50,8.46,8.98,8.40,43470,37754908.00,6.78,-1.17,-0.10,5.15
2019-05-10,8.88,8.94,8.98,8.44,54331,47735847.00,6.38,5.67,0.48,6.43
2019-05-13,9.03,9.83,9.83,8.98,39294,37588731.00,9.51,9.96,0.89,4.65
2019-05-14,10.81,10.81,10.81,10.81,22258,24060898.00,0.00,9.97,0.98,2.63
2019-05-15,11.00,11.00,11.78,10.45,235639,257986728.00,12.30,1.76,0.19,27.89
2019-05-16,10.85,10.27,10.91,10.26,152377,159673101.00,5.91,-6.64,-0.73,18.04
2019-05-17,10.23,9.82,10.23,9.63,117114,116082609.00,5.84,-4.38,-0.45,13.86
2019-05-20,9.64,9.01,9.80,8.84,92309,83858793.00,9.78,-8.25,-0.81,10.93
2019-05-21,8.95,9.10,9.22,8.88,67509,61184047.00,3.77,1.00,0.09,7.99
2019-05-22,9.05,9.10,9.25,8.88,67838,61432543.00,4.07,0.00,0.00,8.03
2019-05-23,9.11,8.58,9.19,8.45,78707,69423627.00,8.13,-5.71,-0.52,9.32
2019-05-24,8.48,8.56,8.80,8.47,49229,42648571.00,3.85,-0.23,-0.02,5.83
2019-05-27,8.57,9.42,9.42,8.56,31856,29480390.00,10.05,10.05,0.86,3.77
2019-05-28,9.68,9.63,10.11,9.46,149624,146642273.00,6.90,2.23,0.21,17.71
2019-05-29,9.56,9.90,10.10,9.56,121785,120383960.00,5.61,2.80,0.27,14.42
2019-05-30,9.72,9.82,10.14,9.68,89412,88374737.00,4.65,-0.81,-0.08,10.58
2019-05-31,9.76,10.02,10.16,9.76,89763,89741178.00,4.07,2.04,0.20,10.63
2019-06-03,9.95,10.25,10.52,9.89,99415,101243807.00,6.29,2.30,0.23,11.77
2019-06-04,10.10,9.23,10.21,9.23,79278,75550121.00,9.56,-9.95,-1.02,9.38
2019-06-05,9.37,10.15,10.15,9.37,53844,53642596.00,8.45,9.97,0.92,6.37
2019-06-06,10.56,10.37,10.84,10.07,194313,202383983.00,7.59,2.17,0.22,23.00
2019-06-10,9.90,10.50,10.80,9.86,156065,161683901.00,9.06,1.25,0.13,18.47
2019-06-11,10.25,10.71,10.80,10.01,148323,155100626.00,7.52,2.00,0.21,17.56
2019-06-12,10.56,10.45,10.75,10.39,101077,106583570.00,3.36,-2.43,-0.26,11.96
2019-06-13,10.54,10.25,10.58,10.15,69692,71998026.00,4.11,-1.91,-0.20,8.25
2019-06-14,10.29,9.82,10.48,9.67,72573,72698956.00,7.90,-4.20,-0.43,8.59
2019-06-17,9.87,10.80,10.80,9.80,114839,122015037.00,10.18,9.98,0.98,13.59
2019-06-18,11.04,10.55,11.50,10.35,195588,212428213.00,10.65,-2.31,-0.25,23.15
2019-06-19,10.98,10.63,11.05,10.43,138083,147656283.00,5.88,0.76,0.08,16.35
2019-06-20,10.57,10.43,10.59,10.12,100959,104452365.00,4.42,-1.88,-0.20,11.95
2019-06-21,10.40,10.62,10.72,10.37,92800,98001099.00,3.36,1.82,0.19,10.99
2019-06-24,10.52,10.43,10.69,10.28,61899,64504317.00,3.86,-1.79,-0.19,7.33
2019-06-25,10.36,10.44,10.44,10.09,61789,63308598.00,3.36,0.10,0.01,7.31
2019-06-26,10.31,10.24,10.42,10.15,46622,48029560.00,2.59,-1.92,-0.20,5.52
2019-06-27,10.21,9.95,10.28,9.90,72447,72761111.00,3.71,-2.83,-0.29,8.58
2019-06-28,9.92,9.55,10.15,9.40,67666,65587822.00,7.54,-4.02,-0.40,8.01
2019-07-01,9.80,9.77,9.88,9.52,47532,46431886.00,3.77,2.30,0.22,5.63
2019-07-02,9.77,9.92,10.12,9.77,48421,48212484.00,3.58,1.54,0.15,5.73
2019-07-03,9.81,9.83,9.90,9.56,35419,34334295.00,3.43,-0.91,-0.09,4.19
2019-07-04,9.86,9.59,9.86,9.51,32602,31308108.00,3.56,-2.44,-0.24,3.86
2019-07-05,9.54,9.56,9.62,9.46,16704,15908484.00,1.67,-0.31,-0.03,1.98
2019-07-08,9.60,9.07,9.65,8.97,41399,37920270.00,7.11,-5.13,-0.49,4.90
2019-07-09,9.07,9.15,9.16,8.97,20497,18630542.00,2.09,0.88,0.08,2.43
2019-07-10,9.16,9.25,9.35,9.08,24752,22943928.00,2.95,1.09,0.10,2.93
2019-07-11,9.29,9.22,9.36,9.11,25553,23613930.00,2.70,-0.32,-0.03,3.02
2019-07-12,9.16,9.06,9.28,9.04,21183,19363251.00,2.60,-1.74,-0.16,2.51
2019-07-15,9.16,9.57,9.68,9.10,53878,50879556.00,6.40,5.63,0.51,6.38
2019-07-16,9.58,9.55,9.68,9.41,30230,28964747.00,2.82,-0.21,-0.02,3.58
2019-07-17,9.55,9.54,9.64,9.51,18734,17918612.00,1.36,-0.10,-0.01,2.22
2019-07-18,9.60,9.35,9.60,9.21,24197,22564813.00,4.09,-1.99,-0.19,2.86
2019-07-19,9.27,9.31,9.45,9.25,29255,27247370.00,2.14,-0.43,-0.04,3.46
2019-07-22,9.32,8.89,9.33,8.83,22544,20289072.00,5.37,-4.51,-0.42,2.67
2019-07-23,8.98,9.78,9.78,8.94,53012,51226188.00,9.45,10.01,0.89,6.28
2019-07-24,9.80,10.76,10.76,9.80,140558,145848368.00,9.82,10.02,0.98,16.64
2019-07-25,10.88,10.20,11.14,10.07,200454,208999523.00,9.94,-5.20,-0.56,23.73
2019-07-26,9.93,10.08,10.10,9.82,115675,115150026.00,2.75,-1.18,-0.12,13.69
2019-07-29,10.03,10.11,10.12,9.82,85741,85459693.00,2.98,0.30,0.03,10.15
2019-07-30,10.00,9.96,10.15,9.85,78289,78269548.00,2.97,-1.48,-0.15,9.27
2019-07-31,9.86,9.91,9.98,9.75,52790,52161357.00,2.31,-0.50,-0.05,6.25
2019-08-01,9.87,10.28,10.43,9.76,117737,119910232.00,6.76,3.73,0.37,13.94
2019-08-02,10.00,10.04,10.18,9.82,69697,69745398.00,3.50,-2.33,-0.24,8.25
2019-08-05,10.42,10.45,11.00,10.23,146918,154947097.00,7.67,4.08,0.41,17.39
2019-08-06,9.86,10.72,11.00,9.86,158417,164905293.00,10.91,2.58,0.27,18.75
2019-08-07,10.56,11.11,11.30,10.36,190695,206340009.00,8.77,3.64,0.39,22.57
2019-08-08,10.90,10.77,11.00,10.65,127298,137603515.00,3.15,-3.06,-0.34,15.07
2019-08-09,10.70,10.65,10.80,10.38,79077,83385347.00,3.90,-1.11,-0.12,9.36
2019-08-12,10.50,11.10,11.11,10.42,108202,117063924.00,6.48,4.23,0.45,12.81
2019-08-13,10.90,11.05,11.23,10.73,91747,100531020.00,4.50,-0.45,-0.05,10.86
2019-08-14,11.05,10.71,11.18,10.70,85495,93314548.00,4.34,-3.08,-0.34,10.12
2019-08-15,10.40,10.34,10.50,9.90,104108,105953264.00,5.60,-3.45,-0.37,12.32
2019-08-16,10.44,10.86,11.37,10.17,147805,160028987.00,11.61,5.03,0.52,17.50
2019-08-19,11.26,11.95,11.95,11.10,149309,172885110.00,7.83,10.04,1.09,17.67
2019-08-20,12.62,11.64,13.15,11.37,283323,349658128.00,14.90,-2.59,-0.31,33.54
2019-08-21,11.82,11.81,12.15,11.41,193013,227005448.00,6.36,1.46,0.17,22.85
2019-08-22,11.66,11.54,11.70,11.22,138126,158327221.00,4.06,-2.29,-0.27,16.35
2019-08-23,11.43,11.69,11.76,11.27,129948,150099640.00,4.25,1.30,0.15,15.38
2019-08-26,11.28,11.39,11.50,11.21,82136,93153599.00,2.48,-2.57,-0.30,9.72
2019-08-27,11.34,11.37,11.60,11.29,85408,97770783.00,2.72,-0.18,-0.02,10.11
2019-08-28,11.28,11.35,11.36,11.05,61277,68643595.00,2.73,-0.18,-0.02,7.25
2019-08-29,11.28,11.50,11.85,11.16,84753,97743563.00,6.08,1.32,0.15,10.03
2019-08-30,11.64,10.70,11.65,10.62,98338,109093904.00,8.96,-6.96,-0.80,11.64
2019-09-02,10.70,10.91,10.98,10.68,62060,67532989.00,2.80,1.96,0.21,7.35
2019-09-03,10.95,11.06,11.23,10.93,63810,70759438.00,2.75,1.37,0.15,7.55
2019-09-04,11.08,11.50,11.54,11.06,109096,124517856.00,4.34,3.98,0.44,12.91
2019-09-05,11.55,11.43,11.64,11.36,101775,116965664.00,2.43,-0.61,-0.07,12.05
2019-09-06,11.45,11.56,11.63,11.35,63680,73160845.00,2.45,1.14,0.13,7.54
2019-09-09,11.64,12.00,12.08,11.50,111123,131250286.00,5.02,3.81,0.44,13.15
2019-09-10,12.06,11.78,12.06,11.68,72564,85746958.00,3.17,-1.83,-0.22,8.59
2019-09-11,11.84,11.60,11.90,11.51,54894,64019826.00,3.31,-1.53,-0.18,6.50
2019-09-12,11.73,12.40,12.60,11.69,154292,188045788.00,7.84,6.90,0.80,18.26
2019-09-16,12.45,12.40,12.62,12.18,113503,140786509.00,3.55,0.00,0.00,13.44
2019-09-17,12.28,12.81,13.30,12.01,147194,183420605.00,10.40,3.31,0.41,17.42
2019-09-18,12.61,13.39,14.01,12.43,179829,237811645.00,12.33,4.53,0.58,21.29
2019-09-19,13.30,13.39,13.68,12.89,132341,175342766.00,5.90,0.00,0.00,15.67
2019-09-20,13.33,12.75,13.39,12.71,129963,169157684.00,5.08,-4.78,-0.64,15.38
2019-09-23,12.68,12.75,13.02,12.67,67364,86093946.00,2.75,0.00,0.00,7.97
2019-09-24,12.74,12.79,12.95,12.65,56577,72212754.00,2.35,0.31,0.04,6.70
2019-09-25,12.80,12.24,12.83,12.10,69722,85823732.00,5.71,-4.30,-0.55,8.25
2019-09-26,12.29,12.05,12.43,11.90,54004,65356390.00,4.33,-1.55,-0.19,6.39
2019-09-27,12.00,12.49,12.50,11.83,59955,73928795.00,5.56,3.65,0.44,7.10
2019-09-30,12.39,12.11,12.54,12.11,41959,51546102.00,3.44,-3.04,-0.38,4.97
2019-10-08,12.51,12.88,13.30,12.40,121133,155676151.00,7.43,6.36,0.77,14.34
2019-10-09,12.75,14.17,14.17,12.60,173145,234155377.00,12.19,10.02,1.29,20.50
2019-10-10,14.20,14.42,15.52,14.00,261321,382533264.00,10.73,1.76,0.25,30.93
2019-10-11,14.10,13.93,14.92,13.85,193002,275472928.00,7.42,-3.40,-0.49,22.85
2019-10-14,14.15,14.64,14.89,13.99,188304,273329712.00,6.46,5.10,0.71,22.29
2019-10-15,14.22,14.80,15.49,13.70,202912,297903008.00,12.23,1.09,0.16,24.02
2019-10-16,14.84,16.28,16.28,14.75,262705,416958544.00,10.34,10.00,1.48,31.10
2019-10-17,15.52,15.34,15.97,15.06,209013,324698032.00,5.59,-5.77,-0.94,24.74
2019-10-18,15.26,14.79,15.31,14.48,127156,188704412.00,5.41,-3.59,-0.55,15.05
2019-10-21,14.68,13.90,14.70,13.32,139127,192051492.00,9.33,-6.02,-0.89,16.47
2019-10-22,13.90,14.09,14.26,13.85,92285,129647146.00,2.95,1.37,0.19,10.92
2019-10-23,14.08,13.75,14.19,13.70,81652,113636603.00,3.48,-2.41,-0.34,9.67
2019-10-24,13.74,13.93,14.10,13.68,74847,103974210.00,3.05,1.31,0.18,8.86
2019-10-25,13.80,13.77,13.85,13.00,102137,137380724.00,6.10,-1.15,-0.16,12.09
2019-10-28,13.99,14.87,14.99,13.81,141390,204354046.00,8.57,7.99,1.10,16.74
2019-10-29,14.73,14.40,14.80,14.14,100668,145311067.00,4.44,-3.16,-0.47,11.92
2019-10-30,14.28,13.54,14.28,13.51,80006,110825451.00,5.35,-5.97,-0.86,9.47
2019-10-31,13.60,13.40,13.98,13.34,65230,89587031.00,4.73,-1.03,-0.14,7.72
2019-11-01,13.42,13.39,13.62,13.20,53602,72092065.00,3.13,-0.07,-0.01,6.35
2019-11-04,13.39,13.24,13.65,13.13,65901,87735289.00,3.88,-1.12,-0.15,7.80
2019-11-05,13.29,13.02,13.29,12.89,63448,82760528.00,3.02,-1.66,-0.22,7.51
2019-11-06,13.08,12.67,13.08,12.60,67361,85804833.00,3.69,-2.69,-0.35,7.97
2019-11-07,12.76,12.86,12.90,12.62,52964,67698971.00,2.21,1.50,0.19,6.27
2019-11-08,12.98,13.24,13.35,12.93,82196,108519355.00,3.27,2.95,0.38,9.73
2019-11-11,13.20,12.91,13.23,12.60,62026,79240004.00,4.76,-2.49,-0.33,7.34
2019-11-12,12.82,12.32,12.88,12.13,56169,69681038.00,5.81,-4.57,-0.59,6.65
2019-11-13,11.82,11.96,11.96,11.41,67667,79200137.00,4.46,-2.92,-0.36,8.01
2019-11-14,11.99,12.24,12.51,11.82,65915,80375460.00,5.77,2.34,0.28,7.80
2019-11-15,12.36,12.46,12.65,12.08,71394,88589969.00,4.66,1.80,0.22,8.45
2019-11-18,12.38,12.29,12.54,12.05,48555,59787283.00,3.93,-1.36,-0.17,5.75
2019-11-19,12.27,12.32,12.46,12.20,37897,46765184.00,2.12,0.24,0.03,4.49
2019-11-20,12.33,12.11,12.38,12.01,41913,51100413.00,3.00,-1.70,-0.21,4.96
2019-11-21,12.19,11.99,12.23,11.92,29949,36104806.00,2.56,-0.99,-0.12,3.55
2019-11-22,11.98,11.73,12.17,11.69,38915,46143871.00,4.00,-2.17,-0.26,4.61
2019-11-25,11.69,11.41,11.77,11.18,45034,51236687.00,5.03,-2.73,-0.32,5.33
2019-11-26,11.42,11.20,11.56,11.15,34610,39136422.00,3.59,-1.84,-0.21,4.10
2019-11-27,11.21,11.28,11.36,11.10,31356,35273799.00,2.32,0.71,0.08,3.71
2019-11-28,11.34,11.30,11.37,11.05,31687,35572024.00,2.84,0.18,0.02,3.75
2019-11-29,11.22,11.13,11.28,11.00,29437,32722374.00,2.48,-1.50,-0.17,3.48
2019-12-02,11.13,11.11,11.25,11.03,28484,31770619.00,1.98,-0.18,-0.02,3.37
2019-12-03,11.14,11.40,11.40,10.98,41890,47169247.00,3.78,2.61,0.29,4.96
2019-12-04,11.30,11.38,11.42,11.18,30043,33974409.00,2.11,-0.18,-0.02,3.56
2019-12-05,11.45,11.58,11.64,11.33,40907,47163861.00,2.72,1.76,0.20,4.84
2019-12-06,11.58,11.71,11.76,11.51,40297,47012869.00,2.16,1.12,0.13,4.77
2019-12-09,11.74,11.76,11.89,11.64,40801,48010252.00,2.13,0.43,0.05,4.83
2019-12-10,11.70,11.75,11.83,11.50,38204,44637377.00,2.81,-0.09,-0.01,4.52
2019-12-11,11.80,11.62,11.88,11.60,34644,40582750.00,2.38,-1.11,-0.13,4.10
2019-12-12,11.70,11.81,12.08,11.56,57205,68006972.00,4.48,1.64,0.19,6.77
2019-12-13,11.93,11.89,12.00,11.68,43937,51940541.00,2.71,0.68,0.08,5.20
2019-12-16,11.89,12.26,12.28,11.77,55881,67657150.00,4.29,3.11,0.37,6.61
2019-12-17,12.28,12.30,12.38,12.19,55226,67890696.00,1.55,0.33,0.04,6.54
2019-12-18,12.30,12.48,12.65,12.22,65650,81792760.00,3.50,1.46,0.18,7.77
2019-12-19,12.46,12.36,12.47,12.27,40977,50654929.00,1.60,-0.96,-0.12,4.85
2019-12-20,12.30,12.12,12.54,12.11,39572,48531482.00,3.48,-1.94,-0.24,4.68
2019-12-23,12.08,11.78,12.28,11.76,40074,48097951.00,4.29,-2.81,-0.34,4.74
2019-12-24,11.75,12.00,12.05,11.74,32260,38388502.00,2.63,1.87,0.22,3.82
2019-12-25,11.82,12.50,12.59,11.82,67102,83130703.00,6.42,4.17,0.50,7.94
2019-12-26,12.53,12.38,12.53,12.20,47529,58618864.00,2.64,-0.96,-0.12,5.63
2019-12-27,12.33,11.94,12.38,11.93,45788,55743880.00,3.63,-3.55,-0.44,5.42
2019-12-30,11.86,12.10,12.14,11.31,42470,50177461.00,6.95,1.34,0.16,3.62
2019-12-31,12.20,12.23,12.49,12.02,40356,49447878.00,3.88,1.07,0.13,3.44
2020-01-02,12.37,12.48,12.55,12.17,54485,67856124.00,3.11,2.04,0.25,4.65
2020-01-03,12.63,12.57,12.92,12.37,63636,80323451.00,4.41,0.72,0.09,5.43
2020-01-06,12.62,12.85,12.93,12.41,63154,80362818.00,4.14,2.23,0.28,5.39
2020-01-07,12.90,13.22,13.33,12.90,80223,105643546.00,3.35,2.88,0.37,6.85
2020-01-08,13.34,12.77,13.34,12.75,72419,93847638.00,4.46,-3.40,-0.45,6.18
2020-01-09,13.03,13.03,13.13,12.85,44146,57357054.00,2.19,2.04,0.26,3.77
2020-01-10,13.28,13.07,13.38,13.05,52074,68593717.00,2.53,0.31,0.04,4.44
2020-01-13,13.05,13.23,13.26,12.77,46636,60941224.00,3.75,1.22,0.16,3.98
2020-01-14,13.33,13.18,13.38,13.09,43520,57480955.00,2.19,-0.38,-0.05,3.71
2020-01-15,13.21,13.45,13.48,13.15,64278,85915649.00,2.50,2.05,0.27,5.49
2020-01-16,13.48,13.29,13.48,13.10,50364,67034295.00,2.83,-1.19,-0.16,4.30
2020-01-17,13.18,13.26,13.41,13.18,35823,47675784.00,1.73,-0.23,-0.03,3.06
2020-01-20,13.34,13.29,13.36,12.90,37463,49264978.00,3.47,0.23,0.03,3.20
2020-01-21,13.11,12.87,13.24,12.86,37864,49363162.00,2.86,-3.16,-0.42,3.23
2020-01-22,12.87,13.11,13.25,12.58,44339,57581389.00,5.21,1.86,0.24,3.78
2020-01-23,13.08,12.60,13.50,12.51,57651,75455491.00,7.55,-3.89,-0.51,4.92
2020-02-03,11.34,11.34,11.34,11.34,3981,4514454.00,0.00,-10.00,-1.26,0.34
2020-02-04,10.21,10.48,10.77,10.21,80350,84293439.00,4.94,-7.58,-0.86,6.86
2020-02-05,10.47,10.63,10.82,10.46,57194,60931822.00,3.44,1.43,0.15,4.88
2020-02-06,10.55,10.87,10.93,10.44,54673,58761055.00,4.61,2.26,0.24,4.67
2020-02-07,10.79,11.05,11.06,10.67,60579,65892922.00,3.59,1.66,0.18,5.17
2020-02-10,11.01,11.19,11.32,10.91,54003,60194374.00,3.71,1.27,0.14,4.61
2020-02-11,11.19,11.15,11.32,11.02,36026,40158645.00,2.68,-0.36,-0.04,3.07
2020-02-12,11.12,11.29,11.29,11.08,40686,45588935.00,1.88,1.26,0.14,3.47
2020-02-13,11.28,11.18,11.48,11.12,36822,41498633.00,3.19,-0.97,-0.11,3.14
2020-02-14,11.28,11.26,11.37,11.11,34409,38619426.00,2.33,0.72,0.08,2.94
2020-02-17,11.30,11.60,11.62,11.25,52124,59938981.00,3.29,3.02,0.34,4.45
2020-02-18,11.52,11.88,11.95,11.52,54012,63593564.00,3.71,2.41,0.28,4.61
2020-02-19,11.85,11.97,12.13,11.85,54768,65777741.00,2.36,0.76,0.09,4.67
2020-02-20,11.92,12.15,12.21,11.79,57150,68654741.00,3.51,1.50,0.18,4.88
2020-02-21,12.10,12.47,12.63,12.08,57570,71455287.00,4.53,2.63,0.32,4.91
2020-02-24,12.35,12.95,13.05,12.34,65080,83349828.00,5.69,3.85,0.48,5.55
2020-02-25,12.58,12.90,12.94,12.09,76587,97087392.00,6.56,-0.39,-0.05,6.54
2020-02-26,12.60,12.52,13.16,12.21,64329,81783936.00,7.36,-2.95,-0.38,5.49
2020-02-27,12.52,12.59,12.94,12.33,51929,65693155.00,4.87,0.56,0.07,4.43
2020-02-28,12.20,11.83,12.41,11.60,59444,71744719.00,6.43,-6.04,-0.76,5.07
2020-03-02,11.50,12.25,12.45,11.50,46654,56920940.00,8.03,3.55,0.42,3.98
2020-03-03,12.36,12.48,12.79,12.28,50621,63673627.00,4.16,1.88,0.23,4.32
2020-03-04,12.49,12.58,12.65,12.18,36670,45568311.00,3.77,0.80,0.10,3.13
2020-03-05,12.80,12.49,12.86,12.32,42107,52632319.00,4.29,-0.72,-0.09,3.59
2020-03-06,12.45,12.35,12.45,12.13,31235,38314089.00,2.56,-1.12,-0.14,2.67
2020-03-09,12.37,11.48,12.38,11.37,53938,63250324.00,8.18,-7.04,-0.87,4.60
2020-03-10,11.34,11.80,11.80,11.01,45124,51774978.00,6.88,2.79,0.32,3.85
2020-03-11,11.99,11.75,12.18,11.63,40014,47767935.00,4.66,-0.42,-0.05,3.41
2020-03-12,11.62,11.40,11.65,11.25,36963,42259990.00,3.40,-2.98,-0.35,3.15
2020-03-13,10.80,10.95,11.11,10.59,50116,54263080.00,4.56,-3.95,-0.45,4.28
2020-03-16,11.01,10.36,11.20,10.25,44879,48676889.00,8.68,-5.39,-0.59,3.83
2020-03-17,10.40,10.36,10.64,9.90,38634,39806127.00,7.14,0.00,0.00,3.30
2020-03-18,10.56,10.22,10.75,10.22,41908,44126628.00,5.12,-1.35,-0.14,3.58
2020-03-19,10.37,10.40,10.58,10.00,38257,39352688.00,5.68,1.76,0.18,3.26
2020-03-20,10.55,10.52,10.58,10.33,26322,27518412.00,2.40,1.15,0.12,2.25
2020-03-23,10.10,9.93,10.28,9.85,32881,33135878.00,4.09,-5.61,-0.59,2.81
2020-03-24,10.04,10.18,10.18,9.75,30633,30724379.00,4.33,2.52,0.25,2.61
2020-03-25,10.46,10.33,10.47,10.21,30075,31022652.00,2.55,1.47,0.15,2.57
2020-03-26,10.33,10.21,10.33,10.17,23102,23659854.00,1.55,-1.16,-0.12,1.97
2020-03-27,10.30,10.11,10.36,10.07,22534,23018845.00,2.84,-0.98,-0.10,1.92
2020-03-30,9.99,9.69,9.99,9.52,27585,26679890.00,4.65,-4.15,-0.42,2.35
2020-03-31,9.79,9.62,9.96,9.57,19419,18856347.00,4.02,-0.72,-0.07,1.66
2020-04-01,9.63,9.58,9.76,9.48,22682,21809814.00,2.91,-0.42,-0.04,1.94
2020-04-02,9.53,9.87,9.92,9.37,30336,29391516.00,5.74,3.03,0.29,2.59
2020-04-03,9.83,9.90,9.96,9.77,22949,22658932.00,1.93,0.30,0.03,1.96
2020-04-07,10.00,10.30,10.34,9.99,31268,32000705.00,3.54,4.04,0.40,2.67
2020-04-08,10.25,10.70,11.33,10.16,99012,107165694.00,11.36,3.88,0.40,8.45
2020-04-09,10.44,10.45,10.89,10.39,67195,70515966.00,4.67,-2.34,-0.25,5.73
2020-04-10,10.33,9.96,10.39,9.90,50296,50637213.00,4.69,-4.69,-0.49,4.29
2020-04-13,9.90,9.69,9.90,9.63,23336,22650158.00,2.71,-2.71,-0.27,1.99
2020-04-14,9.89,9.99,10.02,9.77,26568,26245836.00,2.58,3.10,0.30,2.27
2020-04-15,9.99,9.90,10.07,9.88,29738,29699203.00,1.90,-0.90,-0.09,2.54
2020-04-16,9.82,10.02,10.05,9.82,21860,21759339.00,2.32,1.21,0.12,1.87
2020-04-17,10.08,9.90,10.10,9.89,25232,25182499.00,2.10,-1.20,-0.12,2.15
2020-04-20,9.90,10.06,10.06,9.79,24991,24855389.00,2.73,1.62,0.16,2.13
2020-04-21,10.12,10.00,10.12,9.89,22653,22547352.00,2.29,-0.60,-0.06,1.93
2020-04-22,9.93,10.12,10.12,9.86,26560,26600943.00,2.60,1.20,0.12,2.27
2020-04-23,10.13,10.30,10.64,9.98,60074,61860682.00,6.52,1.78,0.18,5.13
2020-04-24,10.31,10.34,10.49,10.16,35747,36825904.00,3.20,0.39,0.04,3.05
2020-04-27,10.34,9.89,10.40,9.88,40809,41141133.00,5.03,-4.35,-0.45,3.48
2020-04-28,9.95,9.48,9.96,9.10,37512,35572588.00,8.70,-4.15,-0.41,3.20
2020-04-29,9.38,9.30,9.55,9.26,25202,23648656.00,3.06,-1.90,-0.18,2.15
2020-04-30,9.45,10.13,10.18,9.38,49407,48690989.00,8.60,8.92,0.83,4.21
2020-05-06,10.06,10.57,10.64,9.93,52977,55231491.00,7.01,4.34,0.44,4.52
2020-05-07,10.67,10.52,10.68,10.45,46511,49192860.00,2.18,-0.47,-0.05,3.97
2020-05-08,10.57,10.59,10.74,10.52,36074,38218482.00,2.09,0.67,0.07,3.08
2020-05-11,10.59,10.52,10.70,10.47,28117,29707894.00,2.17,-0.66,-0.07,2.40
2020-05-12,10.53,10.45,10.64,10.28,24446,25497887.00,3.42,-0.67,-0.07,2.08
2020-05-13,10.42,10.50,10.60,10.35,26049,27344685.00,2.39,0.48,0.05,2.22
2020-05-14,10.41,10.54,10.58,10.34,30101,31603043.00,2.29,0.38,0.04,2.57
2020-05-15,10.57,10.47,10.64,10.45,24235,25530467.00,1.80,-0.66,-0.07,2.07
2020-05-18,10.48,10.19,10.48,10.12,25685,26291837.00,3.44,-2.67,-0.28,2.19
2020-05-19,10.38,10.28,10.39,10.17,19620,20123216.00,2.16,0.88,0.09,1.67
2020-05-20,10.28,10.05,10.32,9.98,24509,24705806.00,3.31,-2.24,-0.23,2.09
2020-05-21,10.06,9.88,10.11,9.79,19303,19145604.00,3.18,-1.69,-0.17,1.65
2020-05-22,10.11,9.89,10.12,9.85,24747,24691711.00,2.73,0.10,0.01,2.11
2020-05-25,9.79,9.80,9.95,9.39,17925,17520466.00,5.66,-0.91,-0.09,1.53
2020-05-26,9.82,10.35,10.39,9.78,32498,33090575.00,6.22,5.61,0.55,2.77
2020-05-27,10.32,10.37,10.46,10.20,25371,26292765.00,2.51,0.19,0.02,2.16
2020-05-28,10.45,10.24,10.45,10.08,19387,19816728.00,3.57,-1.25,-0.13,1.65
2020-05-29,10.30,10.13,10.30,10.08,17178,17410747.00,2.15,-1.07,-0.11,1.46
2020-06-01,10.22,10.56,10.60,10.13,31479,32876796.00,4.64,4.24,0.43,2.68
2020-06-02,10.50,10.78,10.95,10.50,47008,50587572.00,4.26,2.08,0.22,4.01
2020-06-03,10.88,10.93,11.17,10.86,52611,57692336.00,2.88,1.39,0.15,4.49
2020-06-04,10.84,10.98,11.06,10.83,26430,28978399.00,2.10,0.46,0.05,2.25
2020-06-05,10.86,10.86,10.98,10.80,20411,22222621.00,1.64,-1.09,-0.12,1.74
2020-06-08,10.95,10.65,11.03,10.61,18713,20127801.00,3.87,-1.93,-0.21,1.60
2020-06-09,10.70,10.66,10.75,10.55,15840,16865286.00,1.88,0.09,0.01,1.35
2020-06-10,10.75,10.54,10.75,10.40,17859,18744758.00,3.28,-1.13,-0.12,1.52
2020-06-11,10.54,10.84,11.06,10.46,35868,38826326.00,5.69,2.85,0.30,3.06
2020-06-12,10.51,10.64,10.77,10.45,23492,24946390.00,2.95,-1.85,-0.20,2.00
2020-06-15,10.52,10.66,10.91,10.51,24928,26864697.00,3.76,0.19,0.02,2.13
2020-06-16,10.71,10.81,10.88,10.66,25471,27401667.00,2.06,1.41,0.15,2.17
2020-06-17,10.95,10.75,10.98,10.58,28378,30423191.00,3.70,-0.56,-0.06,2.42
2020-06-18,10.67,10.80,10.83,10.67,19102,20580956.00,1.49,0.47,0.05,1.63
2020-06-19,10.78,10.68,10.85,10.66,20775,22258237.00,1.76,-1.11,-0.12,1.77
2020-06-22,10.68,10.71,10.84,10.66,21847,23525111.00,1.69,0.28,0.03,1.86
2020-06-23,10.76,10.98,11.03,10.55,49996,54305010.00,4.48,2.52,0.27,4.26
2020-06-24,11.10,10.90,11.10,10.81,32478,35319562.00,2.64,-0.73,-0.08,2.77
2020-06-29,10.85,11.24,11.34,10.56,62745,69661898.00,7.16,3.12,0.34,5.35
2020-06-30,11.31,11.20,11.48,11.11,55122,62068193.00,3.29,-0.36,-0.04,4.70
2020-07-01,11.41,11.03,11.42,10.89,41136,45579008.00,4.73,-1.52,-0.17,3.51
2020-07-02,11.04,11.71,12.01,11.00,79478,91881540.00,9.16,6.17,0.68,6.78
2020-07-03,11.59,11.61,11.94,11.46,56606,65981964.00,4.10,-0.85,-0.10,4.83
2020-07-06,11.61,12.16,12.25,11.56,72522,86523069.00,5.94,4.74,0.55,6.18
2020-07-07,12.16,12.12,12.36,11.97,60236,73478267.00,3.21,-0.33,-0.04,5.14
2020-07-08,12.00,12.20,12.33,11.96,49223,59805157.00,3.05,0.66,0.08,4.20
2020-07-09,12.28,12.43,12.55,12.11,64399,79394275.00,3.61,1.89,0.23,5.49
2020-07-10,12.38,12.37,12.82,12.24,53067,66402041.00,4.67,-0.48,-0.06,4.53
2020-07-13,12.39,12.69,12.72,12.26,50628,63769723.00,3.72,2.59,0.32,4.32
2020-07-14,13.22,13.28,13.48,12.90,122195,161000568.00,4.57,4.65,0.59,10.42
2020-07-15,13.20,12.46,13.21,12.39,76117,96769611.00,6.17,-6.17,-0.82,6.49
2020-07-16,12.34,11.78,12.60,11.73,45366,55082050.00,6.98,-5.46,-0.68,3.87
2020-07-17,11.79,11.89,11.98,11.60,28599,33753747.00,3.23,0.93,0.11,2.44
2020-07-20,12.20,13.08,13.08,11.95,64802,81590425.00,9.50,10.01,1.19,5.53
2020-07-21,13.19,13.23,13.52,12.97,81588,108185954.00,4.20,1.15,0.15,6.96
2020-07-22,13.26,13.84,14.14,13.10,92117,126098670.00,7.86,4.61,0.61,7.86
2020-07-23,13.59,13.49,13.98,13.33,54821,74458807.00,4.70,-2.53,-0.35,4.68
2020-07-24,13.57,12.72,13.65,12.59,57963,75799112.00,7.86,-5.71,-0.77,4.94
2020-07-27,12.75,13.25,13.95,12.75,69508,92567408.00,9.43,4.17,0.53,5.93
2020-07-28,13.48,13.16,13.49,13.01,40729,53836106.00,3.62,-0.68,-0.09,3.47
2020-07-29,13.11,14.40,14.44,13.06,69211,95384635.00,10.49,9.42,1.24,5.90
2020-07-30,14.20,14.51,14.99,14.15,86723,125538966.00,5.83,0.76,0.11,7.40
2020-07-31,14.50,14.44,14.57,14.20,51118,73643501.00,2.55,-0.48,-0.07,4.36
2020-08-03,14.53,14.99,15.20,14.35,88648,130631349.00,5.89,3.81,0.55,7.56
2020-08-04,14.90,16.05,16.49,14.82,150116,239159998.00,11.14,7.07,1.06,12.80
2020-08-05,15.73,17.66,17.66,15.73,110060,183986831.00,12.02,10.03,1.61,9.39
2020-08-06,18.08,19.02,19.43,16.88,192174,349849088.00,14.44,7.70,1.36,16.39
2020-08-07,18.37,19.62,20.35,17.70,169319,322354944.00,13.93,3.15,0.60,14.44
2020-08-10,19.80,21.58,21.58,19.36,134602,284758816.00,11.31,9.99,1.96,11.48
2020-08-11,22.66,23.74,23.74,22.62,51028,119967808.00,5.19,10.01,2.16,4.35
2020-08-12,24.50,23.75,25.98,21.37,285259,656009936.00,19.42,0.04,0.01,24.33
2020-08-13,22.01,21.38,22.68,21.38,81189,175023024.00,5.47,-9.98,-2.37,6.92
2020-08-14,19.50,19.24,20.28,19.24,132925,258419443.00,4.86,-10.01,-2.14,11.34
2020-08-17,18.96,19.14,19.50,18.35,108546,206271725.00,5.98,-0.52,-0.10,9.26
2020-08-18,19.00,19.30,20.28,19.00,118740,232734303.00,6.69,0.84,0.16,10.13
2020-08-19,19.22,18.24,19.66,18.00,117623,218747383.00,8.60,-5.49,-1.06,10.03
2020-08-20,17.91,18.34,18.83,17.91,73388,134286225.00,5.04,0.55,0.10,6.26
2020-08-21,18.40,17.86,18.53,17.53,70559,126959996.00,5.45,-2.62,-0.48,6.02
2020-08-24,17.78,17.89,18.26,17.37,61923,110644119.00,4.98,0.17,0.03,5.28
2020-08-25,18.00,17.85,18.20,17.61,56140,100722498.00,3.30,-0.22,-0.04,4.79
2020-08-26,17.80,17.17,18.00,16.93,55151,95899509.00,5.99,-3.81,-0.68,4.70
2020-08-27,17.35,18.23,18.51,16.91,75667,134955105.00,9.32,6.17,1.06,6.45
2020-08-28,18.10,17.72,18.20,17.29,51320,90295554.00,4.99,-2.80,-0.51,4.38
2020-08-31,18.20,17.55,18.20,17.46,38575,68624845.00,4.18,-0.96,-0.17,3.29
2020-09-01,17.19,17.28,17.61,16.98,38163,65632535.00,3.59,-1.54,-0.27,3.25
2020-09-02,17.30,17.23,17.51,16.82,38229,65561598.00,3.99,-0.29,-0.05,3.26
2020-09-03,17.45,18.95,18.95,17.06,125604,232282065.00,10.97,9.98,1.72,10.71
2020-09-04,18.68,18.67,18.99,18.20,113688,211637866.00,4.17,-1.48,-0.28,9.70
2020-09-07,18.77,17.69,18.98,17.38,87702,159284962.00,8.57,-5.25,-0.98,7.48
2020-09-08,17.70,16.89,17.95,16.54,63620,108974285.00,7.97,-4.52,-0.80,5.43
2020-09-09,16.89,15.99,16.89,15.92,48806,79712449.00,5.74,-5.33,-0.90,4.16
2020-09-10,16.13,15.30,16.55,15.29,42591,66808142.00,7.88,-4.32,-0.69,3.63
2020-09-11,15.39,15.98,16.17,15.35,40224,63576367.00,5.36,4.44,0.68,3.43
2020-09-14,15.98,15.54,16.12,15.11,52189,81146775.00,6.32,-2.75,-0.44,4.45
2020-09-15,15.53,15.61,15.68,15.32,24181,37442308.00,2.32,0.45,0.07,2.06
2020-09-16,15.80,15.31,15.80,15.05,28603,43659959.00,4.80,-1.92,-0.30,2.44
2020-09-17,15.23,15.24,15.50,14.88,27886,42217548.00,4.05,-0.46,-0.07,2.38
2020-09-18,15.24,15.37,15.41,14.88,21824,33158793.00,3.48,0.85,0.13,1.86
2020-09-21,15.39,16.09,16.42,15.15,56279,89328020.00,8.26,4.68,0.72,4.80
2020-09-22,15.84,16.99,17.39,15.38,70869,116107296.00,12.49,5.59,0.90,6.04
2020-09-23,17.84,17.43,18.05,16.40,74876,130082662.00,9.71,2.59,0.44,6.39
2020-09-24,17.15,16.99,17.65,16.85,46590,79653347.00,4.59,-2.52,-0.44,3.97
2020-09-25,17.11,17.06,17.43,16.38,40705,69047608.00,6.18,0.41,0.07,3.47
2020-09-28,16.86,16.75,17.07,16.47,25414,42603080.00,3.52,-1.82,-0.31,2.17
2020-09-29,16.68,16.68,17.33,16.65,22705,38498118.00,4.06,-0.42,-0.07,1.94
2020-09-30,16.38,16.11,16.84,16.09,30313,49523400.00,4.50,-3.42,-0.57,2.59
2020-10-09,16.30,17.00,17.28,16.30,35623,60171787.00,6.08,5.52,0.89,3.04
2020-10-12,17.13,17.92,17.97,17.10,44977,79024682.00,5.12,5.41,0.92,3.84
2020-10-13,17.93,18.35,18.48,17.61,51750,93606682.00,4.85,2.40,0.43,4.41
2020-10-14,18.36,19.50,19.55,17.79,105751,198798138.00,9.59,6.27,1.15,9.02
2020-10-15,18.01,17.55,18.98,17.55,98870,175609383.00,7.33,-10.00,-1.95,8.43
2020-10-16,17.02,16.44,17.05,16.10,55243,91463141.00,5.41,-6.32,-1.11,4.71
2020-10-19,16.75,16.15,16.82,16.07,26879,44003121.00,4.56,-1.76,-0.29,2.29
2020-10-20,16.18,16.43,16.50,16.09,17715,28968483.00,2.54,1.73,0.28,1.51
2020-10-21,16.40,16.09,16.53,15.82,25243,40676695.00,4.32,-2.07,-0.34,2.15
2020-10-22,16.09,15.70,16.13,15.64,30952,48767480.00,3.05,-2.42,-0.39,2.64
2020-10-23,15.60,15.25,15.75,15.12,32853,50535156.00,4.01,-2.87,-0.45,2.80
2020-10-26,15.39,16.78,16.78,15.39,58398,95388234.00,9.11,10.03,1.53,4.98
2020-10-27,17.38,17.49,18.17,16.91,144734,253522291.00,7.51,4.23,0.71,12.34
2020-10-28,17.83,17.60,18.11,16.68,103821,179931578.00,8.18,0.63,0.11,8.85
2020-10-29,17.18,17.90,18.36,17.15,103287,182860443.00,6.88,1.70,0.30,8.81
2020-10-30,17.88,17.21,18.11,17.10,73818,130014322.00,5.64,-3.85,-0.69,6.30
2020-11-02,17.58,17.33,17.62,17.00,47454,82002017.00,3.60,0.70,0.12,4.05
2020-11-03,17.41,17.16,17.58,17.06,51331,88538969.00,3.00,-0.98,-0.17,4.38
2020-11-04,17.35,18.04,18.30,16.95,87981,154605981.00,7.87,5.13,0.88,7.50
2020-11-05,18.08,17.96,18.47,17.70,97941,176661615.00,4.27,-0.44,-0.08,8.35
2020-11-06,18.00,17.02,18.00,16.86,94222,162747993.00,6.35,-5.23,-0.94,8.04
2020-11-09,16.82,17.19,17.52,16.76,76352,131941443.00,4.47,1.00,0.17,6.51
2020-11-10,17.41,16.33,17.45,16.20,75649,124725191.00,7.27,-5.00,-0.86,6.45
2020-11-11,16.14,16.02,16.42,15.91,30975,49776215.00,3.12,-1.90,-0.31,2.64
2020-11-12,16.20,16.20,16.42,15.81,27986,45101301.00,3.81,1.12,0.18,2.39
2020-11-13,16.06,16.24,16.28,15.93,18868,30449197.00,2.16,0.25,0.04,1.61
2020-11-16,16.24,15.92,16.37,15.83,25719,41004777.00,3.33,-1.97,-0.32,2.19
2020-11-17,15.96,15.42,15.96,15.30,39041,60448263.00,4.15,-3.14,-0.50,3.33
2020-11-18,15.43,15.64,15.84,15.33,26938,41988450.00,3.31,1.43,0.22,2.30
2020-11-19,15.64,15.79,15.85,15.35,33669,52513053.00,3.20,0.96,0.15,2.87
2020-11-20,15.70,15.63,15.90,15.52,21950,34376324.00,2.41,-1.01,-0.16,1.87
2020-11-23,15.66,15.38,15.66,15.19,42491,65058387.00,3.01,-1.60,-0.25,3.62
2020-11-24,15.38,15.39,15.56,15.32,23580,36433478.00,1.56,0.07,0.01,2.01
2020-11-25,15.39,15.30,15.52,15.25,19984,30711013.00,1.75,-0.58,-0.09,1.70
2020-11-26,15.38,14.61,15.39,14.33,51075,75294978.00,6.93,-4.51,-0.69,4.36
2020-11-27,14.69,14.34,14.73,14.20,35024,50403697.00,3.63,-1.85,-0.27,2.99
2020-11-30,14.35,14.16,14.52,14.06,34550,49444113.00,3.21,-1.26,-0.18,2.95
2020-12-01,14.25,14.39,14.59,14.13,31936,46014524.00,3.25,1.62,0.23,2.72
2020-12-02,14.68,14.32,14.68,14.24,26866,38616594.00,3.06,-0.49,-0.07,2.29
2020-12-03,14.38,14.30,14.50,14.15,26788,38382904.00,2.44,-0.14,-0.02,2.28
2020-12-04,14.49,14.47,14.54,14.26,25511,36833112.00,1.96,1.19,0.17,2.18
2020-12-07,14.50,14.28,14.63,14.25,22672,32562452.00,2.63,-1.31,-0.19,1.93
2020-12-08,14.23,14.16,14.35,14.13,18888,26863346.00,1.54,-0.84,-0.12,1.61
2020-12-09,14.25,13.75,14.27,13.66,25748,35954786.00,4.31,-2.90,-0.41,2.20
2020-12-10,13.85,13.81,13.97,13.60,21239,29354339.00,2.69,0.44,0.06,1.81
2020-12-11,13.81,13.41,13.89,13.29,26797,36118989.00,4.34,-2.90,-0.40,2.29
2020-12-14,13.24,13.59,13.76,13.15,24540,33199148.00,4.55,1.34,0.18,2.09
2020-12-15,13.60,13.50,13.72,13.40,16945,22901734.00,2.35,-0.66,-0.09,1.45
2020-12-16,13.54,13.32,13.65,13.27,19839,26602993.00,2.81,-1.33,-0.18,1.69
2020-12-17,13.03,13.41,13.54,12.96,23908,31646192.00,4.35,0.68,0.09,2.04
2020-12-18,13.42,13.25,13.60,13.22,17394,23245190.00,2.83,-1.19,-0.16,1.48
2020-12-21,13.11,13.42,13.55,13.11,23999,32014826.00,3.32,1.28,0.17,2.05
2020-12-22,13.35,13.52,13.89,13.29,36141,49103507.00,4.47,0.75,0.10,3.08
2020-12-23,13.52,13.07,13.60,12.81,45931,59986063.00,5.84,-3.33,-0.45,3.92
2020-12-24,12.99,12.39,12.99,12.39,38959,49147620.00,4.59,-5.20,-0.68,3.32
2020-12-25,12.34,12.41,12.75,12.16,22636,28239284.00,4.76,0.16,0.02,1.93
2020-12-28,12.48,12.07,12.56,12.00,24235,29560904.00,4.51,-2.74,-0.34,2.07
2020-12-29,12.07,12.35,12.68,12.06,32080,39709465.00,5.14,2.32,0.28,2.74
2020-12-30,12.45,12.32,12.45,12.25,15796,19499746.00,1.62,-0.24,-0.03,1.35
2020-12-31,12.32,12.59,12.84,12.28,31567,39686974.00,4.55,2.19,0.27,2.69
2021-01-04,12.60,12.98,13.03,12.60,33284,42764864.00,3.42,3.10,0.39,2.84
2021-01-05,12.93,13.55,13.59,12.84,53657,71565854.00,5.78,4.39,0.57,4.58
2021-01-06,13.49,12.83,13.49,12.76,50310,65721121.00,5.39,-5.31,-0.72,4.29
2021-01-07,12.85,12.24,13.02,12.15,37674,46828333.00,6.78,-4.60,-0.59,3.21
2021-01-08,12.20,12.27,12.57,11.80,27806,33992734.00,6.29,0.25,0.03,2.37
2021-01-11,12.01,12.38,12.58,12.01,29801,36476568.00,4.65,0.90,0.11,2.54
2021-01-12,12.17,12.19,12.45,12.06,25703,31365289.00,3.15,-1.53,-0.19,2.19
2021-01-13,12.10,11.71,12.28,11.53,43123,50697025.00,6.15,-3.94,-0.48,3.68
2021-01-14,11.71,11.94,12.23,11.55,31598,37498637.00,5.81,1.96,0.23,2.69
2021-01-15,12.05,12.28,12.41,11.85,30454,37095924.00,4.69,2.85,0.34,2.60
2021-01-18,13.00,12.78,13.06,12.55,52670,67394032.00,4.15,4.07,0.50,4.49
2021-01-19,12.66,12.51,12.95,12.48,31421,39935532.00,3.68,-2.11,-0.27,2.68
2021-01-20,12.43,12.56,12.75,12.39,19993,24979677.00,2.88,0.40,0.05,1.71
2021-01-21,12.46,12.65,12.74,12.33,24833,31173962.00,3.26,0.72,0.09,2.12
2021-01-22,12.65,12.23,12.71,12.17,27929,34388685.00,4.27,-3.32,-0.42,2.38
2021-01-25,11.93,11.78,12.20,11.53,29348,34717775.00,5.48,-3.68,-0.45,2.50
2021-01-26,11.68,11.97,12.00,11.53,22665,26898947.00,3.99,1.61,0.19,1.93
2021-01-27,12.37,12.26,12.37,11.84,24627,29828905.00,4.43,2.42,0.29,2.10
2021-01-28,12.00,11.86,12.48,11.84,24691,30022158.00,5.22,-3.26,-0.40,2.11
2021-01-29,11.89,11.26,12.04,11.19,31696,36648855.00,7.17,-5.06,-0.60,2.70
2021-02-01,11.35,11.29,11.55,11.13,17542,19844932.00,3.73,0.27,0.03,1.50
2021-02-02,11.32,11.40,11.52,11.10,20029,22730389.00,3.72,0.97,0.11,1.71
2021-02-03,11.41,11.27,11.54,11.11,22637,25594056.00,3.77,-1.14,-0.13,1.93
2021-02-04,11.27,11.32,11.40,10.82,29612,32813617.00,5.15,0.44,0.05,2.53
2021-02-05,11.35,11.67,12.45,11.26,48758,57448415.00,10.51,3.09,0.35,4.16
2021-02-08,11.76,11.31,11.89,11.08,40019,45387485.00,6.94,-3.08,-0.36,3.41
2021-02-09,11.44,11.20,11.46,11.08,25341,28346302.00,3.36,-0.97,-0.11,2.16
2021-02-10,11.20,11.12,11.27,11.10,17494,19519919.00,1.52,-0.71,-0.08,1.49
2021-02-18,11.27,11.39,11.48,11.17,24830,28267059.00,2.79,2.43,0.27,2.12
2021-02-19,11.39,11.90,11.98,11.31,32650,38273074.00,5.88,4.48,0.51,2.78
2021-02-22,11.93,11.99,12.33,11.90,45553,55282747.00,3.61,0.76,0.09,3.88
2021-02-23,12.02,11.83,12.06,11.70,27090,32086382.00,3.00,-1.33,-0.16,2.31
2021-02-24,11.80,12.23,12.36,11.71,41542,50397633.00,5.49,3.38,0.40,3.54
2021-02-25,12.23,12.34,12.48,12.09,42433,52075693.00,3.19,0.90,0.11,3.62
2021-02-26,12.16,12.17,12.42,12.01,29460,35754014.00,3.32,-1.38,-0.17,2.51
2021-03-01,12.35,12.15,12.35,12.05,24647,29856137.00,2.47,-0.16,-0.02,2.10
2021-03-02,12.21,11.89,12.21,11.83,23715,28430333.00,3.13,-2.14,-0.26,2.02
2021-03-03,11.90,11.56,12.04,11.31,86963,99757665.00,6.14,-2.78,-0.33,7.42
2021-03-04,11.43,11.41,11.55,11.35,31832,36402353.00,1.73,-1.30,-0.15,2.71
2021-03-05,11.49,11.56,11.58,11.33,30087,34628571.00,2.19,1.31,0.15,2.57
2021-03-08,11.60,11.45,11.78,11.43,31123,36189761.00,3.03,-0.95,-0.11,2.65
2021-03-09,11.42,11.05,11.42,10.90,31137,34660738.00,4.54,-3.49,-0.40,2.66
2021-03-10,11.02,10.73,11.19,10.73,27280,29739722.00,4.16,-2.90,-0.32,2.33
2021-03-11,10.73,10.94,11.01,10.45,23046,24794887.00,5.22,1.96,0.21,1.97
2021-03-12,10.90,10.85,10.95,10.74,12943,14028658.00,1.92,-0.82,-0.09,1.10
2021-03-15,10.86,10.68,10.86,10.60,15871,16960605.00,2.40,-1.57,-0.17,1.35
2021-03-16,10.72,10.94,11.00,10.65,18790,20427707.00,3.28,2.43,0.26,1.60
2021-03-17,10.99,10.98,10.99,10.84,14563,15910165.00,1.37,0.37,0.04,1.24
2021-03-18,10.94,10.93,11.01,10.88,13410,14681261.00,1.18,-0.46,-0.05,1.14
2021-03-19,10.85,11.09,11.15,10.70,20989,23155931.00,4.12,1.46,0.16,1.79
2021-03-22,11.10,11.21,11.25,11.05,16157,18046388.00,1.80,1.08,0.12,1.38
2021-03-23,11.35,11.00,11.35,10.93,20018,22178046.00,3.75,-1.87,-0.21,1.71
2021-03-24,11.00,11.02,11.18,10.90,13348,14765613.00,2.55,0.18,0.02,1.14
2021-03-25,11.00,11.09,11.24,11.00,15436,17153435.00,2.18,0.64,0.07,1.32
2021-03-26,11.11,11.16,11.19,11.02,13482,14987819.00,1.53,0.63,0.07,1.15
2021-03-29,11.18,11.00,11.27,10.99,15244,16941183.00,2.51,-1.43,-0.16,1.30
2021-03-30,11.05,10.83,11.05,10.80,15179,16488710.00,2.27,-1.55,-0.17,1.29
2021-03-31,10.83,11.08,11.11,10.80,14534,15938824.00,2.86,2.31,0.25,1.24
2021-04-01,10.86,10.95,11.09,10.86,10908,11956683.00,2.08,-1.17,-0.13,0.93
2021-04-02,11.06,11.19,11.29,10.91,20014,22263502.00,3.47,2.19,0.24,1.71
2021-04-06,11.25,11.28,11.32,11.10,16302,18332198.00,1.97,0.80,0.09,1.39
2021-04-07,11.29,11.30,11.32,11.21,11941,13447226.00,0.98,0.18,0.02,1.02
2021-04-08,11.27,11.11,11.30,11.07,16328,18277596.00,2.04,-1.68,-0.19,1.39
2021-04-09,11.09,11.19,11.22,11.06,10436,11646420.00,1.44,0.72,0.08,0.89
2021-04-12,11.19,10.93,11.20,10.85,13437,14855300.00,3.13,-2.32,-0.26,1.15
2021-04-13,11.00,10.91,11.02,10.85,9472,10359409.00,1.56,-0.18,-0.02,0.81
2021-04-14,10.96,11.05,11.07,10.85,11972,13129249.00,2.02,1.28,0.14,1.02
2021-04-15,10.91,10.64,10.96,10.64,25010,26904718.00,2.90,-3.71,-0.41,2.13
2021-04-16,10.70,10.77,10.81,10.62,18264,19589528.00,1.79,1.22,0.13,1.56
2021-04-19,10.80,11.19,11.20,10.80,27292,30221487.00,3.71,3.90,0.42,2.33
2021-04-20,11.27,11.05,11.27,11.01,17787,19777805.00,2.32,-1.25,-0.14,1.52
2021-04-21,11.00,10.89,11.07,10.86,13102,14335524.00,1.90,-1.45,-0.16,1.12
2021-04-22,10.90,10.91,11.00,10.82,9396,10247222.00,1.65,0.18,0.02,0.80
2021-04-23,10.98,10.59,10.98,10.56,23976,25592797.00,3.85,-2.93,-0.32,2.04
2021-04-26,10.63,10.54,10.68,10.48,13982,14781661.00,1.89,-0.47,-0.05,1.19
2021-04-27,10.48,10.28,10.59,10.18,16989,17602200.00,3.89,-2.47,-0.26,1.37
2021-04-28,10.28,9.92,10.28,9.85,24345,24347199.00,4.18,-3.50,-0.36,1.96
2021-04-29,9.90,10.05,10.06,9.81,13654,13587289.00,2.52,1.31,0.13,1.10
2021-04-30,10.00,9.84,10.01,9.64,20177,19740598.00,3.68,-2.09,-0.21,1.63
2021-05-06,9.79,9.79,10.00,9.71,8866,8726037.00,2.95,-0.51,-0.05,0.71
2021-05-07,9.79,9.80,9.87,9.74,8148,7984775.00,1.33,0.10,0.01,0.66
2021-05-10,9.80,9.69,9.80,9.62,10472,10158956.00,1.84,-1.12,-0.11,0.84
2021-05-11,9.66,9.79,9.79,9.65,7681,7479417.00,1.44,1.03,0.10,0.62
2021-05-12,9.80,9.88,9.89,9.71,8118,7959623.00,1.84,0.92,0.09,0.65
2021-05-13,9.94,9.75,9.97,9.73,12159,11976743.00,2.43,-1.32,-0.13,0.98
2021-05-14,9.77,9.84,9.86,9.75,9628,9447954.00,1.13,0.92,0.09,0.78
2021-05-17,9.84,9.68,9.85,9.66,13579,13184847.00,1.93,-1.63,-0.16,1.09
2021-05-18,9.68,9.60,9.68,9.38,15594,14824901.00,3.10,-0.83,-0.08,1.26
2021-05-19,9.59,9.51,9.59,9.49,7368,7013487.00,1.04,-0.94,-0.09,0.59
2021-05-20,9.53,9.40,9.55,9.32,12897,12100549.00,2.42,-1.16,-0.11,1.03
2021-05-21,9.43,9.49,9.56,9.34,11095,10516759.00,2.34,0.96,0.09,0.88
2021-05-24,9.56,9.58,9.60,9.49,7748,7398276.00,1.16,0.95,0.09,0.62
2021-05-25,9.58,9.62,9.64,9.42,12755,12177474.00,2.30,0.42,0.04,1.02
2021-05-26,9.60,9.66,9.74,9.57,12188,11796862.00,1.77,0.42,0.04,0.97
2021-05-27,9.63,9.88,9.92,9.63,18280,17976206.00,3.00,2.28,0.22,1.45
2021-05-28,9.80,9.82,10.07,9.79,15317,15172868.00,2.83,-0.61,-0.06,1.22
2021-05-31,9.79,9.76,9.86,9.69,14738,14379169.00,1.73,-0.61,-0.06,1.17
2021-06-01,9.72,9.91,9.92,9.68,15052,14833426.00,2.46,1.54,0.15,1.20
2021-06-02,9.90,9.74,9.90,9.73,13194,12912048.00,1.72,-1.72,-0.17,1.05
2021-06-03,9.73,10.20,10.44,9.73,64806,66336163.00,7.29,4.72,0.46,5.16
2021-06-04,10.18,11.22,11.22,10.15,55891,61911509.00,10.49,10.00,1.02,4.45
2021-06-07,11.66,12.34,12.34,10.91,168770,195041891.00,12.75,9.98,1.12,13.43
2021-06-08,12.50,13.57,13.57,12.10,202180,270280272.00,11.91,9.97,1.23,16.09
2021-06-09,13.47,14.43,14.85,12.50,298898,404780400.00,17.32,6.34,0.86,23.79
2021-06-10,14.82,14.92,15.76,14.20,262091,392122496.00,10.81,3.40,0.49,20.86
2021-06-11,13.72,13.46,14.50,13.45,183954,257266884.00,7.04,-9.79,-1.46,14.64
2021-06-15,13.39,12.97,13.39,12.45,157949,202610701.00,6.98,-3.64,-0.49,12.57
2021-06-16,12.94,12.39,13.36,12.16,113242,141926646.00,9.25,-4.47,-0.58,9.01
2021-06-17,12.25,12.59,12.59,12.10,87825,108578418.00,3.95,1.61,0.20,6.99
2021-06-18,12.36,12.58,12.95,12.22,99778,125887636.00,5.80,-0.08,-0.01,7.94
2021-06-21,12.50,12.91,12.96,12.40,85778,109506227.00,4.45,2.62,0.33,6.83
2021-06-22,12.93,12.75,13.08,12.08,95286,119380415.00,7.75,-1.24,-0.16,7.59
2021-06-23,12.60,12.47,12.86,12.41,69746,87855760.00,3.53,-2.20,-0.28,5.56
2021-06-24,12.35,12.63,13.45,12.30,103274,132951010.00,9.22,1.28,0.16,8.23
2021-06-25,12.53,12.15,12.82,12.09,77272,95144378.00,5.78,-3.80,-0.48,6.16
2021-06-28,12.17,12.29,12.40,12.03,56568,68858113.00,3.05,1.15,0.14,4.51
2021-06-29,12.35,12.71,12.75,11.93,94796,117045357.00,6.67,3.42,0.42,7.55
2021-06-30,12.73,12.53,13.10,12.32,76338,96271686.00,6.14,-1.42,-0.18,6.08
2021-07-01,12.26,11.80,12.53,11.80,59879,72354874.00,5.83,-5.83,-0.73,4.77
2021-07-02,11.75,11.91,11.97,11.73,28263,33522662.00,2.03,0.93,0.11,2.25
2021-07-05,11.95,12.24,12.25,11.90,35835,43230451.00,2.94,2.77,0.33,2.86
2021-07-06,12.08,11.91,12.26,11.82,27311,32788543.00,3.59,-2.70,-0.33,2.18
2021-07-07,11.93,12.23,12.36,11.85,40005,48637099.00,4.28,2.69,0.32,3.19
2021-07-08,12.23,12.40,12.77,12.10,62382,77888994.00,5.48,1.39,0.17,4.97
2021-07-09,12.40,12.44,12.53,12.19,33158,40993005.00,2.74,0.32,0.04,2.64
2021-07-12,12.18,12.60,12.68,11.88,56313,69603372.00,6.43,1.29,0.16,4.49
2021-07-13,12.68,12.18,12.95,12.12,76590,95768669.00,6.59,-3.33,-0.42,6.10
2021-07-14,12.15,12.30,12.49,12.00,49337,60443017.00,4.02,0.99,0.12,3.93
2021-07-15,12.36,11.81,12.36,11.79,43408,51900764.00,4.63,-3.98,-0.49,3.46
2021-07-16,11.76,11.45,11.95,11.39,49016,56817559.00,4.74,-3.05,-0.36,3.91
